1.1941
0.0000
0.0000
0.0133
0.0474
0.9709
0.0000
0.0000
0.0000
4.9974
0.1360
0.0000
0.0000
0.0000
0.0000
0.0000
0.1554
0.0000
0.0000
0.1859
0.0000
0.0000
1.5741
1.9190
2.5690
0.0000
0.0000
1.5190
0.0000
0.0000
0.0000
0.0000
0.3700
0.0000
0.0000
0.0000
0.0000
0.0000
1.1626
2.1942
0.0000
0.0000
0.0000
0.0000
0.0000
1.0437
0.0000
0.0000
0.0000
0.0000
0.0000
0.0000
0.0000
0.0000
0.0000
0.0000
0.0000
0.0000
0.0000
0.0000
0.0000
1.7457
0.0000
1.9911
0.0000
0.0000
0.0000
0.0000
1.9955
0.0000
0.0000
1.0056
0.0698
0.0000
0.0000
1.7770
0.0000
0.0000
0.0000
0.0000
0.0000
0.0000
1.5575
0.0000
0.0000
0.0000
1.0266
0.0000
2.0115
0.0000
0.9933
0.0000
0.0000
1.2202
0.0000
0.0000
0.0000
0.0000
2.2567
0.0000
0.0000
0.0000
0.0000
0.0000
0.0000
0.0000
0.7188
0.0000
1.3589
1.4960
0.0000
0.0000
0.0000
0.5722
0.0000
0.0000
0.6398
0.0000
0.0000
0.0000
0.1454
0.0000
2.6366
0.7295
0.0000
0.0000
0.1236
0.0000
1.7816
0.6402
0.0000
0.0000
0.0000
0.0000
5.1113
0.0000
0.0000
1.0259
0.0000
1.8202
3.8577
0.0000
0.0000
0.0966
2.9653
0.0000
0.9671
2.0565
2.7647
0.0000
0.0000
0.7509
0.0000
0.0000
0.0000
0.0000
0.0000
0.1371
0.0000
0.0000
1.8379
0.0000
0.0000
0.0000
0.0000
2.6270
0.0000
0.5076
0.0000
2.3568
0.0000
0.0647
0.0000
0.0000
0.5527
0.0000
0.0000
0.7529
0.0000
3.4672
4.2155
2.7095
0.0000
0.0000
0.0000
0.0000
0.1329
0.0000
0.2001
2.0871
0.0000
0.0000
0.2426
0.0000
1.6248
0.0000
0.0000
0.0000
1.5022
1.8287
0.0000
0.0000
1.7096
0.0000
0.0000
0.4021
0.0000
0.0000
0.0000
0.0000
0.0000
0.0000
0.0000
2.0064
0.0000
0.0000
0.0000
0.0000
0.0000
0.5703
0.0000
0.0000
0.0000
0.0000
1.5156
0.0000
0.0935
0.0576
0.0000
0.0000
0.0000
0.0000
0.0000
0.0000
2.6026
0.0000
1.1486
0.0776
2.9769
0.0000
0.0000
0.0000
0.0000
0.0000
0.0000
0.0000
0.0000
0.0000
0.0000
0.0000
0.0000
0.9812
0.0000
1.4362
0.0000
0.9890
0.0000
0.0000
1.4088
0.0000
0.0000
0.7322
0.0000
1.0155
0.0000
0.0000
0.6244
0.0000
0.0000
0.0000
0.0000
0.9076
0.0000
0.0000
1.1063
0.0000
0.0000
0.0000
2.6230
0.0000
4.0696
0.0000
0.0000
1.7333
0.0000
0.0000
0.1074
0.0000
0.0000
0.0000
0.0000
0.0000
0.0000
0.9920
2.3627
0.0000
0.0000
0.0000
0.0000
2.8684
0.0000
0.0000
0.0000
0.0000
0.0000
0.0000
0.4721
0.0000
0.0000
0.0000
0.0000
0.0000
0.0000
0.3070
1.0054
0.8259
0.0407
0.0000
0.0000
1.0416
2.6023
0.7419
0.0000
2.1733
0.0000
1.8785
0.0000
0.0000
0.0000
0.7373
0.0000
0.0000
0.0000
0.0000
0.0000
1.4305
1.8104
0.0000
0.0000
3.2560
0.0000
0.0000
0.0000
0.0000
0.3404
6.1035
0.0000
1.1307
0.0000
0.0000
0.0000
0.5370
0.0000
0.0000
4.1174
2.0564
0.0000
0.0000
1.5686
0.0000
0.0000
0.0000
0.0000
0.0000
0.0000
0.3713
0.0000
0.0000
0.0000
0.0000
0.0000
0.0000
0.0000
0.0000
0.0174
1.4317
0.0000
2.3415
0.0000
0.0000
2.6559
0.0000
1.5966
0.0000
0.0000
0.0000
0.2069
0.0000
0.0000
0.0000
4.5513
0.0000
0.0000
0.0000
0.0000
1.8964
0.3316
0.0000
0.0763
0.0985
0.0000
0.0000
0.0000
0.0000
0.0000
0.0000
0.0000
0.0000
0.7334
0.0000
0.0000
0.0000
0.0000
0.3047
2.1064
0.0000
0.0000
0.0000
0.7751
0.0000
0.0000
0.0000
1.5335
0.0000
0.0000
0.0000
0.0000
0.0000
0.0000
0.0000
0.0000
0.0000
0.0000
0.0000
0.0000
0.0000
1.3899
0.0000
0.0000
0.1460
0.6836
0.0000
0.0000
0.0000
2.1013
0.5472
0.0000
0.0000
0.6601
0.0000
0.0000
0.0000
0.1977
0.0000
0.0000
0.0000
0.0000
0.8022
0.0000
0.0000
0.8620
0.3361
2.4484
0.0000
1.1657
0.0000
0.0000
0.0000
0.0000
0.0000
0.0000
0.0000
1.0611
1.7826
0.0000
2.5338
1.9024
0.0000
1.2645
0.0000
0.6949
0.0000
0.0000
0.0000
0.5716
0.0000
0.9951
0.0000
0.0000
1.9618
0.0000
0.0000
0.0000
0.0000
0.8204
1.9563
0.0000
0.0000
0.4730
0.0000
0.0000
0.0000
2.1397
0.0000
0.0000
0.0000
1.1899
0.0000
0.0000
0.3039
1.0470
2.2740
0.0000
1.8919
0.0000
0.0000
0.0000
0.0000
3.3884
0.0000
0.0000
2.9928
0.0000
0.2912
0.0000
0.0000
1.9867
0.0000
0.0000
0.2835
1.6843
1.1688
0.0000
0.0000
0.9122
0.7712
0.0000
0.0000
2.1670
0.0000
0.0000
0.0000
0.0000
0.0000
0.0000
0.0000
0.0000
0.0000
1.5322
0.0000
0.0000
2.0022
0.0000
0.0000
0.0000
0.0000
0.0000
0.0000
0.0000
0.0000
1.5058
1.2864
0.0000
0.9022
0.0000
1.6790
0.0000
0.0000
0.0000
0.0000
0.0000
0.0000
0.0000
0.0000
0.0000
0.0000
0.0000
0.0000
0.0000
0.0000
0.0000
0.0000
0.0000
0.0000
0.0000
0.0000
0.0000
0.8276
0.2675
0.5864
0.0000
0.9819
0.0000
0.0000
1.0391
0.0000
0.0000
0.0000
2.7861
1.0173
0.0000
0.0178
0.0000
0.0000
0.0000
0.6609
0.4617
0.0000
0.7306
0.0000
0.1938
0.0000
0.0000
3.3806
0.0000
0.0000
0.7116
0.0000
0.0000
0.0000
4.2528
0.0000
0.0000
0.0000
0.0000
1.3065
0.0000
0.9358
0.0000
0.0000
0.0000
0.0000
0.0000
0.0000
0.0000
2.5911
0.0000
0.0000
0.0000
0.1075
0.2460
0.0000
0.0000
0.0000
1.8128
0.0000
0.0000
0.0000
0.0000
0.0000
0.0000
0.0000
0.0000
0.0000
0.0000
0.0000
0.0000
0.3018
0.0000
0.0000
0.0000
0.6282
1.1738
0.0000
0.0000
0.0000
1.2810
0.0000
0.0000
0.0000
0.0000
0.0000
0.0000
0.0000
0.0000
0.0000
0.0000
0.0000
0.0000
0.0000
0.1251
0.0000
0.0000
0.0000
0.0000
1.4250
0.0000
0.0000
0.7583
0.6139
1.3546
0.0000
1.2067
0.0000
0.0000
0.0000
0.0000
0.0000
0.7290
0.4464
0.7802
0.0000
2.5092
0.0000
0.0000
0.0000
0.0000
0.0000
0.6050
1.1706
0.0000
2.9775
0.0000
0.0299
0.0000
0.0000
0.0000
0.4207
0.0000
0.0000
0.0000
0.0000
0.0000
0.8009
0.5556
0.0000
2.9588
0.0000
0.0000
2.3116
0.0000
0.0000
1.2715
1.5802
0.0000
0.0000
0.0000
2.2531
1.0891
3.6676
1.9593
0.0000
0.0000
2.5697
0.0000
1.3423
0.0000
0.0000
0.8049
0.0000
0.4298
0.0000
0.0000
0.0000
0.9066
0.0000
3.1712
0.0000
0.0000
0.1589
0.1645
0.0000
2.6745
0.0000
0.0000
0.0000
0.0000
0.0000
0.0000
0.2430
0.6332
0.0000
0.0000
0.0000
2.1077
0.0000
0.0000
0.3405
0.6894
0.0000
1.3979
0.3851
0.0000
0.0000
0.0000
0.0104
0.0000
2.7328
0.0000
0.0000
0.0000
0.0000
1.3411
0.5783
0.0000
0.0000
0.0000
0.0000
0.7479
0.1585
0.0000
0.0000
3.4482
0.3831
0.0000
0.0000
0.0000
0.0000
0.0000
0.0000
0.0000
0.5003
0.0000
0.0000
0.0000
0.0000
0.6989
0.0000
0.0000
0.1090
0.0406
0.0000
0.0000
0.0000
0.8901
0.0000
0.0000
0.0000
0.0000
0.0000
1.2546
0.0000
0.0000
0.0000
0.0000
1.2531
0.7082
2.2866
0.0000
0.0000
0.0000
0.0000
0.0000
0.6632
0.0000
0.1408
0.2009
0.0000
0.1505
0.0000
0.0000
0.5157
0.0000
0.4850
0.0000
0.0000
0.0000
0.0000
0.0000
0.0000
0.0000
1.3903
0.0000
4.2880
0.0000
1.6763
1.5864
0.0000
0.0000
0.0000
0.0000
0.0000
1.5910
0.0000
1.1457
0.0000
0.0000
1.3874
1.0467
0.0000
0.0000
0.0000
0.0000
0.0000
0.0000
0.0000
0.6625
0.0000
0.0000
0.0000
0.0000
0.0000
1.1935
0.0000
0.0000
0.0000
0.0000
0.6077
1.6006
0.0000
0.0000
0.0692
0.0000
0.0000
0.0000
0.0000
0.0000
0.0000
0.1578
0.0000
0.0000
0.0000
2.8577
0.0000
0.0000
1.9222
0.0000
0.1275
0.0000
0.0000
0.0000
0.0000
0.0000
0.2669
0.0000
5.4158
0.6454
0.0000
2.2038
0.0000
0.0000
0.0000
0.0000
0.0000
0.0000
1.1955
0.0000
0.0000
0.0000
0.0000
1.3409
0.0000
0.0000
0.0000
0.0000
3.3546
0.0000
2.9157
0.0000
3.9082
0.0000
1.2820
0.8428
0.0000
0.0000
0.0000
0.1738
0.0000
0.0000
0.0000
0.0000
0.7593
0.0000
0.0000
0.0000
1.0609
0.0000
0.0000
4.2859
0.0000
2.0694
0.0000
0.0000
0.0000
0.0000
0.0000
0.0000
0.9377
1.5392
0.0000
0.0000
1.4367
0.0000
1.5717
3.8726
0.8371
0.0000
0.0000
0.0000
0.7201
1.0050
0.0000
0.0000
0.0000
0.0000
0.0000
0.0000
0.0000
1.4311
5.6653
0.0318
0.0000
0.0000
0.5692
0.0000
0.0000
0.0000
0.0000
0.0000
2.8904
0.0000
1.9483
0.0000
2.3808
0.0000
0.0000
0.6553
0.5981
0.9953
0.3239
0.0000
1.5370
0.0000
0.0000
0.0000
0.0000
2.9312
0.0000
0.0000
1.0535
0.0234
0.0000
2.7977
1.2545
2.1505
0.0000
0.7222
0.0000
1.3787
0.0000
0.0000
0.0000
0.0000
0.3280
0.0000
0.0000
1.4157
0.0000
0.0000
0.0000
2.1452
0.0000
0.0000
0.0000
0.0000
0.0000
0.0000
0.0000
0.0000
0.0000
1.6263
0.3247
1.8444
0.0000
0.0000
0.0000
0.0000
0.2310
0.0000
0.2187
2.2278
0.0000
0.0000
0.0000
0.0000
0.9387
2.9418
0.0000
0.0000
0.6324
0.0000
0.0000
0.0000
0.1382
0.0000
0.0000
0.0000
0.0000
0.0000
0.0000
0.0000
1.6333
0.0000
0.0000
1.2317
0.0000
0.0000
0.1999
0.0000
2.0858
0.0000
0.0000
0.0000
1.0244
0.5412
0.0000
0.0000
0.0000
0.0000
0.0000
0.0000
0.0000
2.4668
0.0792
0.3616
0.0000
3.1414
0.0000
0.0000
0.0000
0.0000
0.6359
0.0000
0.0000
1.1083
0.5033
0.0000
0.0000
0.0000
0.9971
0.0000
0.0175
0.0000
0.2332
0.0000
0.0000
0.0000
0.0000
0.0000
0.0000
0.0000
0.0000
0.0000
0.0000
1.2706
1.0386
2.5560
0.0000
0.0000
0.0000
0.0000
0.4004
0.0000
0.0000
0.0000
0.3324
1.2942
0.0000
0.0000
0.0552
0.0000
0.2967
0.0000
0.0000
0.0000
0.0000
4.2694
0.0000
0.2220
1.0388
2.1785
0.0000
0.0000
2.2834
1.3931
1.1321
0.0000
1.7181
0.0000
0.0000
0.0000
2.3950
0.8825
0.0000
0.0000
0.5131
0.0000
0.0000
0.1651
0.0000
3.4821
0.0000
0.0000
0.0000
0.0000
0.0000
0.0000
0.0000
0.0000
0.8635
2.2467
0.8894
0.0000
0.0000
0.0000
0.0000
1.9724
0.0000
0.0000
0.0000
2.7782
0.4406
2.0951
1.4929
0.7212
0.0000
0.0000
0.0000
0.0000
1.2409
0.0000
0.0000
0.0000
4.9898
0.0000
0.0000
0.0000
0.0000
0.0000
0.0000
0.0000
0.0000
0.5363
0.0000
0.0000
0.0000
3.8279
0.0000
0.0525
0.0000
0.0000
0.0000
0.0000
0.0000
0.5992
0.0000
0.0000
0.0000
1.0173
0.0862
0.0000
0.0000
2.8753
0.0000
1.8494
0.0000
0.0000
1.6442
0.0000
0.0000
0.0000
0.0000
0.0000
2.5385
0.2253
0.0000
0.0000
0.0000
0.0000
0.0000
0.0000
0.6503
1.8608
0.0000
0.3737
0.0000
0.0000
0.0000
0.0000
1.5825
0.0000
0.0175
0.0000
0.4011
0.0000
0.5140
2.3240
0.0000
0.0000
2.5052
0.0000
1.1942
1.7225
0.0000
0.0000
0.0000
0.0000
0.0000
0.1083
0.0000
0.0000
0.0000
1.8974
0.0000
0.0000
3.2299
0.0000
0.0000
0.0000
0.0000
0.0000
1.1169
1.3855
0.0000
2.7324
0.0000
0.0000
0.0000
0.0834
0.0000
0.0000
0.0000
0.0000
1.2438
0.0000
0.0000
0.0000
0.8296
0.0000
0.0000
0.0000
0.0000
0.0000
0.4075
0.0000
0.0000
0.0000
0.7983
0.0000
2.1889
0.0000
0.0000
0.0000
0.0000
0.0000
0.0000
0.0000
0.0000
0.0000
0.0000
0.0000
1.2343
0.0000
0.0000
0.5094
0.0000
0.8918
0.0000
0.0000
0.0000
0.0000
0.0000
0.0000
0.0000
0.0000
0.0000
0.0000
0.0000
2.2661
1.3086
0.0000
2.3035
0.0000
0.2650
0.0000
0.0000
0.0000
0.0000
0.0000
0.0000
0.0000
0.0000
0.0000
2.1735
0.0000
0.0000
0.0000
0.0000
0.0000
0.0000
2.2487
0.0000
0.8105
0.0000
0.0000
1.0443
0.0777
1.7352
2.9071
5.2563
0.0000
0.0000
0.0000
0.0000
0.2940
0.0000
2.0873
0.6382
0.0000
0.0000
0.0000
0.0000
0.0000
0.0000
0.0000
0.0000
0.0000
2.9164
0.0000
3.1644
0.0000
2.6517
0.0000
0.0000
0.0000
0.0000
0.1718
4.0761
0.0000
0.0000
1.1703
0.0000
0.0000
1.0762
0.0000
0.0000
0.0000
0.0000
0.0000
0.0000
0.0000
0.0000
0.0000
0.0000
0.0000
0.0000
0.4299
0.0000
0.0000
2.1267
0.0000
0.8885
0.0000
0.0000
0.0000
0.0000
0.0000
0.0000
0.0000
0.0000
3.4514
0.0000
1.0511
2.0373
0.0022
0.0000
0.0000
0.0000
0.0000
0.0000
0.0000
0.0000
0.0000
0.0000
0.3369
0.0000
0.0000
0.0000
0.0000
0.0000
0.0000
0.2967
0.0000
0.0000
0.0000
2.5609
4.6983
1.1162
0.0000
2.3466
0.0000
0.7587
0.0000
1.0904
0.0000
0.0000
2.1003
0.0000
0.0000
0.0000
0.0000
0.0000
1.3192
0.7171
0.0000
0.0000
0.0000
0.0000
0.0000
1.1801
0.0000
0.0000
2.2873
0.0000
1.6811
0.0000
2.2385
0.0000
0.0000
1.2465
4.0778
0.9127
0.0000
0.0000
0.0000
0.8821
0.0000
0.0000
1.0771
0.0000
0.0000
0.0000
0.0000
0.0000
0.0000
0.0000
0.0000
1.0025
0.6393
0.7011
0.0000
0.0000
0.0000
0.5732
0.0000
0.0000
0.0000
0.0574
0.0000
0.0000
0.4779
3.1266
0.0000
0.0000
0.0000
0.0000
1.2435
0.0000
0.0000
0.0000
0.0000
1.4301
0.0000
0.4332
0.0000
0.0000
0.0000
0.5405
1.4989
0.0000
0.0000
0.0000
0.0000
0.2566
0.0000
3.9084
0.6566
0.0000
0.0000
0.0000
0.0000
0.0000
0.0000
0.0000
0.0211
0.0000
1.2201
0.0000
0.0000
0.0000
0.7754
0.6771
0.0000
0.0000
2.9314
0.0000
0.0000
0.0000
0.0000
0.0000
0.0000
0.0845
0.0000
0.4955
0.0000
3.4419
0.0000
0.0000
0.0000
0.0000
0.0000
0.0000
0.0000
0.0000
0.0000
2.2782
0.0000
0.0000
0.0000
2.1306
1.2944
0.0000
0.3967
0.0000
0.0000
0.0000
0.0000
2.5171
0.0000
0.0000
0.0000
2.2123
1.9027
0.0000
1.1601
0.0000
0.5476
0.0000
0.0000
0.0000
0.0000
0.0000
0.0000
0.0000
0.0000
0.0000
2.4365
0.0000
1.2256
0.0829
1.8050
0.0000
0.5803
0.5104
0.0000
0.0000
0.0000
1.5163
1.9874
1.5615
3.1949
0.0000
0.0000
0.0000
0.0000
0.0000
1.1868
0.8481
0.0000
1.3581
0.0000
0.0000
0.5472
0.0000
0.0000
0.0000
0.8185
0.0000
0.0000
0.0660
0.0000
0.0486
0.0000
0.0000
0.0000
1.1737
0.0000
0.0000
0.0000
0.0000
0.0000
0.0000
0.0000
0.2394
0.0000
0.0000
0.0000
0.0000
0.0000
0.0000
0.0000
0.0000
0.0000
0.7032
0.0000
1.8314
0.0000
0.0000
0.0000
1.2086
0.0000
0.0000
0.0000
0.4744
2.0135
0.4514
1.9281
1.5754
0.0000
0.0000
0.0000
2.9106
0.0000
1.0099
0.0000
0.4736
0.7033
0.0000
0.0000
1.1642
0.0000
1.0404
0.0497
0.0000
0.0000
2.6934
0.0000
0.0394
0.2014
0.0000
0.0000
0.0000
0.0000
0.0000
0.0000
2.2226
0.0000
2.7672
3.9738
0.0000
0.0000
2.1665
0.3972
0.0000
0.0204
2.6005
1.3873
0.0000
0.0000
0.3528
1.9443
1.3589
1.2695
1.8900
0.0000
0.0000
1.4744
0.0000
0.0000
0.0000
0.0000
0.0000
1.2408
0.5568
2.1133
0.0000
0.0000
3.4514
0.0000
1.4337
0.0000
0.1036
0.2593
0.3178
0.0000
0.0000
0.0000
0.0000
0.0000
0.6034
1.4745
0.0000
2.1108
0.0000
0.1363
0.3713
0.0000
0.0000
0.0000
0.0000
0.0000
0.0000
0.0000
0.9352
1.0670
0.0000
0.0000
3.6695
0.0000
0.0000
0.0000
0.0000
0.0000
0.8554
0.0000
1.1906
0.0000
1.0612
0.0000
0.0000
0.0000
0.8612
0.0000
0.0943
0.6395
0.0000
3.2964
0.0000
4.2121
3.5591
1.3724
0.0000
0.0000
0.0000
0.0000
0.0000
0.0000
1.9121
0.0000
0.2929
0.0000
0.6046
0.0000
0.0000
0.1419
0.0000
0.0000
0.0000
0.0000
0.0000
1.3464
0.0000
2.6536
0.8630
0.0000
0.9369
0.0000
0.0000
0.0000
0.9171
0.0000
0.8914
0.0000
0.0000
0.0000
0.0000
0.0000
0.0000
0.0000
0.0000
0.0000
0.0000
0.0000
0.0000
0.0000
0.0000
0.2621
0.0000
1.0184
0.0000
0.0000
0.0000
3.1158
0.0000
0.0000
0.0000
0.8328
0.0000
0.0000
0.0000
0.5383
1.1606
0.0000
0.6963
0.0000
0.0000
0.0000
2.3510
0.0000
0.0000
0.0000
0.0000
0.9701
0.0000
0.8320
2.8905
0.0000
0.0000
0.0000
0.9652
0.0000
0.0000
0.0000
0.8564
0.0000
1.0626
0.0000
0.0000
0.0000
0.0000
0.0000
1.0741
0.0000
1.6280
2.0909
0.0000
0.0000
0.0000
4.3268
1.7525
1.3591
0.0000
0.0000
0.4741
0.0000
0.0000
0.9058
0.0000
2.1038
0.0000
0.2100
1.2882
0.0000
0.0000
0.0000
0.4108
0.0000
0.0000
0.0000
2.3665
0.0000
0.0000
1.8026
2.5720
0.0000
0.9526
0.0000
1.3167
0.0000
0.0000
0.0000
0.0000
2.7308
1.6227
0.0000
3.2551
2.7188
0.0000
0.0000
0.9866
2.0781
0.0000
1.1049
0.0000
0.0000
0.0000
0.0000
0.0000
0.0000
0.0000
0.5928
0.0000
0.0000
0.0000
0.8590
3.0606
0.0000
3.7156
0.0000
0.0000
0.0000
0.0000
2.2814
0.0000
0.0000
0.0000
1.5055
0.1491
0.0000
0.5885
0.0000
0.0000
0.0000
1.5213
1.0167
0.0000
0.0000
0.0000
0.0000
0.0000
3.1511
0.0000
0.0000
0.0000
0.0000
0.0000
4.0471
0.0000
0.0000
0.0000
0.0000
0.1004
0.0000
0.0000
0.0000
0.0000
0.0000
0.0000
0.0000
1.0195
0.0000
0.0000
0.7722
0.5811
0.0000
0.0313
0.0000
0.0000
0.0000
0.0000
1.0769
3.2971
0.0000
0.0000
0.0000
4.6104
0.0000
0.0000
0.0000
2.1100
0.0000
0.0000
0.0000
0.0000
0.0000
0.0000
0.0000
0.0000
0.0000
0.0000
0.9140
0.0000
0.6636
0.0000
0.0000
0.0000
0.0000
0.0000
1.5987
0.0000
0.0000
0.0000
0.0000
0.0000
0.0000
0.0000
0.0000
0.0000
0.0000
0.2910
0.0000
1.3993
0.0000
1.1274
0.0000
0.0000
0.0000
0.0000
0.0000
0.0000
0.0000
0.3938
0.0000
0.1539
0.0000
0.0000
2.6817
2.0827
0.0000
4.6643
1.2775
1.4831
0.0000
0.0000
0.0000
1.9305
0.0000
1.5745
0.0000
0.0688
0.0000
1.1328
0.0000
1.9098
0.0000
0.9203
0.0000
0.0000
0.0000
2.8276
0.0000
0.0000
2.8439
0.0000
0.0000
0.0000
0.0000
0.0000
0.0000
1.4903
0.0000
0.0000
0.0000
0.0000
0.6254
0.0000
0.0000
0.0000
0.0000
0.0000
0.0000
0.0000
0.0000
1.0252
0.0310
3.1066
1.5724
0.5326
0.0000
0.0000
0.3779
1.2779
0.0000
0.0000
0.0000
1.0857
2.6576
0.1896
0.0000
0.3587
0.1558
0.0000
0.2818
0.0000
0.0000
0.0000
0.0000
0.0000
0.0000
0.0000
0.0000
0.1629
0.0000
0.0000
1.3641
0.0000
0.0000
1.1064
0.0000
0.0000
0.4326
0.0000
1.4786
0.0000
2.4067
0.3616
0.0000
0.0000
0.2867
0.0000
0.0000
0.0000
0.0000
0.0000
0.0000
1.0381
0.0000
0.0000
0.0000
0.0000
0.0000
0.0000
0.0000
0.0000
0.0000
0.0000
0.7931
0.0000
1.9762
0.8200
0.0000
0.0000
2.9813
1.2057
0.0000
0.0000
1.4545
0.0000
0.0000
2.2482
0.0000
0.0000
0.0000
2.8518
0.9919
0.0000
0.0000
0.0000
0.0000
3.9575
0.0000
0.1688
0.0000
2.9841
1.6963
1.8231
0.9126
0.0000
2.9195
0.0000
0.0000
0.0000
0.0000
0.0000
0.0000
0.0000
0.9061
0.0000
1.6639
0.0000
0.0000
0.0000
0.0000
0.0000
1.4735
0.0000
0.0000
0.0000
0.0000
0.0000
0.0000
1.3222
0.0000
0.0000
1.7843
0.0000
0.0000
0.0112
0.0000
0.0000
0.2916
0.4984
1.9173
0.3230
0.0000
1.3970
0.0000
0.0000
0.0000
1.4519
0.1072
1.9251
0.3757
2.1130
0.0000
0.0000
0.0000
0.0000
0.0000
0.6745
0.9262
0.0000
0.0000
0.6520
0.0000
0.1529
0.0000
0.0000
0.0000
0.0000
0.0000
0.0818
2.5858
0.1175
0.0000
0.0000
2.4910
1.6294
0.0000
0.0000
0.0000
0.0000
0.0000
0.0000
0.0000
1.4198
0.0000
0.0000
0.3133
0.0000
2.7156
5.7886
0.0000
0.3713
0.4877
0.0000
0.0000
0.0000
0.0000
0.0000
0.0000
0.0000
0.0000
0.0000
0.0000
0.0000
0.0000
0.0000
0.0000
0.0000
0.0000
0.0000
0.6651
0.0000
0.0000
0.0000
0.0000
0.0000
3.7197
0.0000
0.0000
1.8603
0.0000
0.0000
0.2213
0.8897
0.0000
0.0000
2.7575
0.0000
0.0000
0.0000
1.8696
0.0000
0.0000
0.7597
0.0000
0.0000
0.6302
0.2492
0.5650
0.0000
0.0000
0.0000
2.2462
0.0000
0.0000
0.0000
0.0000
0.0000
0.0000
0.0000
1.2134
0.0000
0.0000
0.0000
1.3928
0.6232
1.0697
0.0000
0.0000
1.0461
0.0000
0.0000
0.0000
0.0000
0.0000
2.5998
0.0000
0.0000
0.0000
0.0000
0.0000
0.0000
0.0000
3.5022
0.0000
0.0000
0.7797
0.2598
0.0000
0.0000
0.0000
1.3824
0.0000
0.0000
0.0000
1.0215
0.0000
0.0000
0.0000
0.0000
1.2508
0.0000
0.0000
0.0000
0.0000
0.1297
0.0000
0.0000
0.0000
0.0000
0.0000
0.0000
0.0000
0.0000
0.0000
1.1025
0.0000
1.4040
0.0000
0.6977
0.5708
1.4893
0.0000
1.2185
0.0000
1.0642
1.8082
2.2269
0.0000
0.0000
0.0000
0.1447
0.0000
0.0000
3.8436
0.0000
0.0000
0.0000
0.0000
2.8664
0.1643
1.2596
0.0000
0.0000
0.0000
0.0000
0.0000
0.0000
0.9934
0.0000
0.0000
0.0000
0.0000
0.0000
0.1726
1.1830
0.0000
0.3596
0.4632
0.0000
0.0000
0.0000
0.0000
1.5411
0.0000
0.0000
0.0000
0.0000
0.4074
0.0000
0.0000
0.0000
1.4652
0.2395
2.2951
0.0000
0.0000
0.1010
0.0000
1.2933
0.7190
1.9838
0.0000
0.0000
0.0000
0.0000
0.0000
0.0000
0.3660
0.0000
0.0000
2.5292
0.0000
0.0000
0.0000
1.2567
0.0000
0.0000
0.0000
0.0000
0.0000
0.0000
0.0000
0.0000
0.0000
0.0000
0.0000
1.8575
0.0000
0.2310
1.0772
0.0000
0.0000
0.4814
0.0000
0.0000
0.0000
0.0000
0.0000
1.0755
0.0000
0.0000
0.0000
0.0000
0.0000
0.0000
0.3299
2.6651
0.0000
0.0000
0.0000
0.0000
0.0000
0.0439
0.0000
0.5325
0.1643
2.8015
0.0000
0.0000
1.2316
0.0000
0.9416
0.0000
0.0000
0.7527
0.0000
0.0000
0.5200
0.5162
1.6717
5.4051
0.0000
1.5813
2.1737
0.0000
0.0000
0.0000
3.1787
0.0000
2.0288
0.0000
0.0000
0.0000
0.0000
0.0000
0.7145
0.0000
0.0000
1.1423
0.0000
0.0000
0.0000
1.6182
0.1460
0.0000
0.0000
0.9839
0.0000
0.0000
1.2583
0.4086
0.9999
2.5546
0.0000
0.0000
0.0000
0.0000
0.0000
0.0000
3.8742
1.7631
0.7182
0.0000
0.0000
0.2843
2.4617
0.0000
0.0000
0.0000
0.0000
0.4987
2.3533
0.0000
0.0000
3.2126
0.0000
0.0000
0.0000
0.0000
0.9017
0.0000
0.4598
0.8736
0.0000
0.0000
0.0000
2.6033
0.0000
2.4778
0.9251
0.0000
0.0000
0.4315
0.0000
2.7385
0.0000
0.0000
0.0000
0.0000
0.0000
0.0000
0.0000
1.5970
0.6317
0.0000
0.3087
0.0000
0.0000
0.0000
2.3565
0.0000
0.0000
0.0000
1.8112
0.0000
0.2243
0.0000
0.0000
0.0000
0.0632
0.0000
0.0000
0.0000
0.0000
0.2451
0.0000
1.7345
0.0000
0.0000
0.0000
0.0000
0.0000
0.0000
0.0000
0.5768
0.0000
0.0000
0.3334
0.0868
0.0000
2.9168
0.1684
3.5461
0.0000
2.2564
0.0000
0.0000
1.9427
0.0000
1.8680
0.0000
0.0000
0.0000
0.0000
2.2953
0.0000
0.0000
1.7632
0.0000
0.0000
0.0000
1.3855
0.0000
0.0000
0.0000
0.1978
1.7969
0.0000
0.2601
0.0000
0.3750
2.0696
0.0000
1.8997
0.9599
0.0000
0.0000
1.8529
0.0000
0.0000
0.0000
1.5502
0.0000
1.3008
1.8457
0.0000
2.8304
0.0000
1.8304
0.4011
0.0000
0.0000
0.0000
0.7505
0.0000
0.0000
0.2958
0.0283
0.0874
0.0000
0.0000
0.0000
0.0000
0.2286
0.0000
0.0000
0.0000
0.0000
0.0000
1.0501
2.7174
0.0000
0.0000
0.0000
0.0000
0.0000
0.4047
0.0000
0.0214
3.0041
2.1846
0.9119
0.0000
0.0000
0.6431
0.0000
1.6275
0.0000
0.0000
0.0000
0.1562
0.0000
0.0000
0.0000
3.0691
2.3422
0.7503
0.0000
0.8582
2.4698
2.6840
0.0000
0.0000
0.0000
0.0000
0.0000
0.0000
0.0000
0.0000
0.5485
0.7205
0.0000
0.0000
0.0000
1.2308
0.0000
0.0000
0.5187
1.8061
0.0000
0.0000
0.0000
0.0000
0.0000
0.0000
5.7022
0.0946
0.0000
0.0000
0.3371
0.0000
0.0000
0.0000
1.7613
2.1008
0.0000
1.1902
5.4223
1.4057
0.0000
0.1154
0.0000
0.0000
0.0000
1.7458
0.6594
0.0121
0.0000
3.2762
0.8199
0.0000
0.0000
0.0000
0.0000
0.0000
0.0000
0.0000
0.3347
0.0000
0.6025
0.0000
0.0000
0.8607
1.4431
0.6932
0.0000
0.0000
0.0000
1.8399
0.0000
0.0000
0.0000
0.3223
3.2673
2.1891
0.3974
0.0000
0.0000
2.1581
0.0000
0.0000
2.0090
0.0000
0.0000
0.0000
0.0000
0.0000
0.0000
0.0000
0.0000
0.0000
0.0000
0.0000
0.0000
0.0000
0.0000
0.0000
0.4750
0.5780
0.0000
1.3680
0.0000
0.0000
2.3453
0.0000
0.0000
0.0000
0.0000
0.5582
0.0000
0.0000
2.8923
0.0000
0.6332
0.0000
0.6041
0.7111
1.7025
0.0000
0.0000
0.0000
1.7715
0.0000
0.0000
0.0000
0.0000
0.0000
0.0000
0.0000
0.0000
0.0000
0.0000
0.0000
0.0000
1.0786
0.0000
0.0000
2.9625
0.0000
0.0000
0.8664
1.1672
1.1085
0.0000
2.3010
0.9452
0.0000
4.1578
1.6802
1.6631
2.0259
2.7251
0.0000
0.8536
0.0000
0.0000
1.6857
0.0000
0.2296
0.0000
1.0494
0.0000
0.0000
0.0000
0.0000
3.0581
0.4009
0.0000
0.0000
2.7826
3.0704
0.0000
1.7617
4.1738
1.8515
0.0000
0.5135
0.0000
0.0000
0.3331
5.2415
0.0000
0.3926
0.0000
0.0000
0.1776
0.0000
0.0000
1.7414
0.0000
0.0000
3.2583
0.0000
0.8595
0.0000
0.0000
0.0000
0.0000
2.3190
0.0000
0.0000
0.0000
0.0000
0.0000
2.0894
0.0000
0.0000
1.2569
1.8672
1.0617
0.0000
1.8323
0.0000
0.0000
0.0000
0.0000
0.0000
0.0000
0.0000
0.0000
1.7644
0.3236
0.0000
0.0000
1.2951
0.0000
0.0000
0.0000
1.1623
0.0000
0.0000
0.0000
0.4278
0.0000
0.0000
0.0000
0.4252
0.0000
0.0000
2.3691
0.0000
0.0000
0.0000
0.0000
0.0000
0.0000
0.0000
4.1679
0.0000
0.0000
2.2534
0.0000
0.3965
1.4008
1.8005
1.2676
0.0000
1.8361
0.0000
0.0000
0.0000
0.0000
0.0000
0.0000
0.0000
0.0000
0.0000
0.0000
0.0000
0.0000
1.2281
0.8924
1.5991
0.0000
0.0000
0.8452
0.0000
2.1976
0.0000
0.0000
0.0000
2.1939
0.1074
0.0000
0.0000
3.9404
0.0000
0.0000
0.7380
1.1034
0.0000
0.0000
0.0000
0.9212
0.0000
0.0000
0.0000
0.0000
2.0650
0.0000
0.0000
0.0000
0.0000
0.0000
0.6532
0.0000
0.0000
0.0000
0.0000
0.0000
0.0000
0.0000
2.5976
0.2062
0.0000
0.0000
3.4604
0.0000
0.3403
0.0000
2.0809
0.0000
0.0000
0.0000
0.0000
0.0000
0.1801
0.0000
0.0000
0.7537
0.0000
0.0000
0.0000
0.0000
0.0000
0.0000
0.0000
0.0000
1.1615
0.6563
0.0000
0.0000
0.0000
0.0000
0.0000
1.0373
0.0000
0.0000
0.0000
0.0000
0.0000
1.4674
0.0000
0.0000
0.0108
0.0000
0.0514
0.0000
0.0000
1.0490
0.0000
0.0000
0.0000
0.0000
0.1320
0.1693
0.0000
0.7968
0.0000
0.0000
0.0000
0.2388
1.5678
0.0000
0.3563
0.0000
0.0000
0.0000
1.8287
0.0000
0.6443
0.0000
0.0000
0.0000
0.0000
0.7016
1.6946
0.8961
0.0000
0.0000
0.0000
0.0000
0.8120
0.0000
0.0000
0.0000
0.9757
0.0000
0.0000
0.0000
0.1523
0.0000
0.0000
0.0000
0.5200
0.4748
0.0000
0.0000
0.0000
1.5659
0.0000
0.0000
0.0000
0.0000
3.0085
0.4468
1.3149
0.0000
2.7900
0.4220
1.3542
0.0000
3.0674
0.0000
0.0000
0.0000
0.0000
0.1082
0.0000
1.1894
0.3515
0.0000
0.0000
0.0000
1.9791
0.0000
0.0000
0.1493
0.0000
0.0000
0.0000
0.0000
0.6117
0.0000
1.0525
0.0000
0.0000
0.0000
0.0875
0.0000
0.0000
3.8469
0.0000
0.0000
0.0000
0.0000
1.0959
0.0000
0.3912
0.0000
0.0000
0.0000
0.0000
2.5585
0.0000
0.0000
0.0000
0.0000
1.6768
0.0000
0.0000
0.0000
0.0000
0.0000
0.0000
0.0000
0.0000
0.6904
0.0000
0.0000
0.1019
0.0000
0.0000
0.0000
0.0000
0.0000
0.0000
0.0000
0.0000
0.0000
0.0000
0.0000
0.0000
0.0000
0.3468
0.4042
0.0000
0.0000
0.0000
0.3635
0.0000
0.0000
0.0000
0.0000
0.0000
0.0000
0.0000
0.9307
0.0000
0.0000
0.0000
0.0000
0.0000
1.3522
0.0000
0.0000
0.0000
1.8086
1.6870
0.0000
0.0000
0.2397
0.0000
0.9239
0.0000
0.0000
0.9475
0.0000
2.8484
0.0000
0.0000
0.0000
0.2839
0.0000
0.2799
0.0000
1.7012
0.9458
0.0000
0.0000
2.1526
0.0000
2.4854
0.0000
0.2662
0.0000
0.0000
0.0000
0.0000
2.1708
0.0000
0.0000
3.2883
0.0000
0.0000
0.0000
0.0000
2.1850
2.2243
0.0000
0.0000
0.0000
0.0000
0.0000
0.0000
1.5852
0.1947
0.0000
0.6326
0.0000
0.0000
0.0000
1.4501
2.4711
3.2527
0.0000
0.0000
0.0000
0.0000
0.0000
5.0406
0.0000
0.0000
0.0000
0.0000
2.9116
1.3308
0.0000
0.0000
0.3756
0.0000
0.0000
0.0456
0.0000
0.0000
2.6010
0.3273
0.0000
0.0000
0.0000
0.2027
0.0000
0.0401
0.0000
0.0000
0.0000
0.7457
1.0369
0.0000
0.0000
0.0000
0.0000
0.0000
0.0000
4.7032
0.0000
0.0000
0.0000
2.0697
0.9884
0.0000
0.0000
0.0000
0.0000
1.9161
0.0000
5.6738
0.0000
0.0000
0.0000
0.0000
0.0000
0.0000
0.0847
0.0000
0.3231
0.0000
0.8698
0.0000
0.0000
0.0000
0.0000
0.3043
5.9551
0.0000
0.0180
0.0000
0.1704
0.0000
0.0000
0.0000
0.0000
0.0000
0.0000
2.2504
0.0000
0.6859
1.3768
0.0000
0.0000
0.0000
0.0000
0.4870
0.9308
0.0000
0.0000
0.0070
0.0000
0.4572
0.0000
0.0000
0.0000
2.3131
0.0000
1.5419
0.0000
0.0000
0.0000
0.0000
0.3419
0.0000
0.0000
1.9749
0.6093
0.0000
0.0000
0.8510
0.0000
3.3502
0.0000
1.7257
0.0000
0.5440
0.0000
1.5651
0.5892
0.0000
0.0000
0.0000
1.4535
0.0126
0.8427
0.0000
0.0000
0.1829
0.0000
0.0000
0.0000
0.0000
0.0000
0.8201
2.1344
1.1246
1.0113
0.0000
0.0000
0.4060
0.0000
0.0000
0.3352
0.0000
0.0000
0.0000
0.9794
0.0000
0.0000
0.0000
1.1197
0.0000
0.0000
0.0000
0.0000
0.0000
1.5288
0.0267
0.0203
0.8174
0.0000
0.0000
2.9367
0.0000
0.0000
0.0000
0.0000
0.0000
0.0000
0.0000
0.0000
0.0000
0.4415
1.6353
0.0000
0.4090
1.3184
2.1918
0.0000
1.7055
0.0000
0.0000
0.0000
0.0000
0.1001
0.0000
0.0000
0.0000
0.3612
0.0000
0.0000
0.0000
0.0000
0.0000
0.0000
2.1243
0.0000
0.0000
0.0000
0.0000
0.0000
0.0000
0.0000
0.7234
3.2454
0.0000
0.5686
0.8809
1.2618
0.0000
0.0000
0.0000
0.0000
0.0000
0.0000
0.0000
0.0000
0.4649
0.0000
0.0000
0.0000
0.0000
0.0061
2.6045
0.0000
0.0000
2.7321
0.0000
0.3006
0.0000
0.0000
2.9865
0.0000
2.2188
0.1739
0.0000
0.0000
0.6413
0.7443
0.0000
0.0000
0.0000
0.0000
1.9431
1.0968
0.0736
0.0000
0.0000
0.0000
0.4371
2.2116
0.0000
0.0000
0.0000
0.3553
0.0000
1.5338
0.0000
0.0000
1.6788
0.0000
0.0000
0.0000
0.0000
0.0000
1.1080
0.5890
0.0000
0.0000
0.3614
3.0591
0.0000
3.3236
0.0000
0.0000
0.0000
0.0000
0.0000
0.0000
0.0000
0.0000
1.5693
0.0000
0.0000
1.7885
0.0000
0.3557
0.0000
0.0000
0.0000
3.1198
0.5745
1.1735
0.0000
0.6248
0.0000
0.0000
0.0000
0.0000
1.1306
0.0000
0.0000
0.0000
0.0000
0.0000
0.0000
0.2087
0.0000
0.0000
0.0000
0.0000
0.0000
0.0000
0.0000
0.0000
0.0000
0.8634
0.0000
0.2576
0.0000
0.9760
0.0000
1.4343
0.0000
0.0000
1.7360
0.0000
0.0000
0.0000
0.5909
0.0000
0.0000
0.0000
0.0000
2.1720
1.4528
2.3122
0.0000
0.0000
0.0000
0.0000
1.8188
0.0000
0.0000
0.0000
0.2309
0.8336
0.0000
0.0000
0.0000
0.2676
0.2416
0.0000
0.0000
0.0000
0.0000
0.0000
2.8641
0.0000
0.0000
5.3043
0.8428
0.0000
0.0000
0.0000
0.1904
0.0000
0.0000
0.0000
0.0000
0.0000
0.0000
1.7608
0.8229
0.7166
1.8952
0.1965
0.0000
0.0000
0.0000
0.1076
0.0000
0.0000
0.0000
0.5220
5.9004
0.0000
0.0000
0.6369
0.3928
0.0000
0.0000
0.0000
0.0000
0.0000
1.9268
0.0000
0.0000
0.0000
0.0000
0.0000
0.0000
0.5148
0.0000
0.0000
0.0880
0.0000
0.0000
0.5474
1.4108
0.0000
0.0000
0.0000
0.0000
0.0000
1.2391
0.2793
0.0000
0.2201
0.0000
0.1172
0.0000
0.0000
0.0000
1.9849
0.0000
0.0000
0.0000
0.0000
0.0000
0.0000
2.9331
0.5494
0.0000
0.0000
0.0000
4.5409
0.4029
0.0000
0.0000
0.0000
0.0000
2.5784
0.0000
0.0000
0.0000
1.3792
2.0802
0.0000
0.0000
0.0000
0.3127
0.0000
0.0000
0.0000
2.7929
1.0090
0.0000
0.0000
4.0166
0.0000
0.0972
0.0000
0.0000
0.0000
0.0000
6.0749
0.0000
0.1256
0.0000
0.0000
0.8227
0.0000
0.0000
0.2746
2.0256
0.0000
0.0000
0.0000
0.0000
0.4381
0.0000
0.0000
0.0000
0.0000
1.0958
1.6357
5.8042
0.0000
0.3694
0.4103
0.0000
3.8213
0.0000
1.5573
0.0000
1.7743
0.7222
0.0000
0.0000
2.3544
0.0000
0.0000
0.0000
0.6224
0.0000
0.0000
0.0000
0.0000
0.0000
0.0989
1.0855
0.0000
0.0000
0.0000
1.5513
0.8286
0.0000
0.0000
0.9720
0.0000
3.9674
0.1179
0.0000
0.2892
2.2133
0.0000
0.0000
0.4354
0.7949
3.6431
0.1389
1.3353
0.0000
1.9598
0.0000
0.0000
0.0000
0.0000
0.0000
0.0000
0.0000
1.0228
2.9744
1.8813
5.1619
0.2589
0.0000
3.0630
0.0000
0.0000
0.0000
0.0000
0.0000
2.4743
0.0000
0.0000
2.8426
0.0000
0.0000
0.0000
3.9091
0.7730
1.9600
0.5832
0.0000
0.0000
0.0000
0.6041
1.2732
1.4640
0.0000
0.0000
0.0000
2.7194
0.2769
0.9468
0.0000
0.0000
0.6944
0.0000
0.3001
0.0000
0.0000
0.0000
0.0000
0.0000
0.0000
0.6442
0.0000
0.8477
0.0000
0.0000
0.6890
1.5354
1.7805
3.8818
0.0000
1.2461
2.5455
0.0000
0.0000
0.0000
0.0000
0.0000
0.0000
1.7278
0.0000
0.0000
0.0000
0.0000
4.5625
1.1446
1.5946
0.2881
0.0000
1.3451
0.0000
0.1613
0.0000
0.7596
0.0000
0.5283
1.6029
0.0000
0.0000
0.0000
0.0000
0.0000
0.0000
0.0000
0.0000
1.5076
0.0000
0.0000
1.8088
0.0000
0.0000
0.0000
3.4211
0.0000
0.2209
0.0000
0.0000
0.3599
0.0000
0.0000
0.0000
3.3075
0.0000
0.7505
1.3010
0.3583
2.3349
0.4093
1.1351
0.0000
1.3044
1.5068
0.0000
0.0000
0.0000
0.0000
0.0000
1.1136
0.0000
0.0000
0.0000
0.1549
0.0000
0.0000
0.0000
0.0000
0.0000
0.6744
0.0000
0.7797
0.0000
1.1136
0.0000
0.5688
0.0000
5.2451
3.4663
2.3628
1.3877
0.0000
0.0000
0.3393
0.0000
0.0000
0.0916
0.5392
0.7861
0.0000
3.0365
0.0000
0.0000
4.8206
0.0000
2.6947
1.1220
0.0000
3.4084
0.0000
1.4300
0.0000
0.0000
1.4695
0.0000
0.8605
1.8356
0.0000
0.8843
0.0000
0.0000
0.0000
0.0000
0.0561
1.7367
0.0000
1.4424
0.0000
0.0000
0.2854
0.0000
