1.3153
0.0000
0.0000
0.0000
0.1952
0.0000
0.0000
0.4575
0.6826
4.1616
0.1392
0.0000
0.4986
0.0000
0.0000
0.0000
0.0000
0.0000
0.0000
0.1329
0.0000
0.0000
1.5033
0.6176
3.5854
0.1461
0.0000
1.8817
0.0000
0.0000
0.0000
0.0000
0.9092
0.0000
0.0000
0.0000
0.0000
0.0000
1.6579
1.8024
0.0000
0.0000
0.0000
0.0000
0.0000
1.7201
0.0000
0.0000
0.0000
0.0053
0.0000
0.0000
0.0000
0.2126
0.0000
0.0000
0.0000
0.0000
0.0000
0.0000
0.0000
0.9528
0.0000
3.1029
0.0000
0.0000
0.1194
0.8018
1.2632
0.0000
0.0000
2.5367
0.1266
0.0000
0.0000
2.1586
0.0000
0.0000
0.0000
0.0000
0.8271
0.0000
1.5838
0.0000
0.0000
0.0000
1.3649
0.0000
1.9630
0.0000
0.8337
0.0000
0.4418
1.3392
0.0000
0.0000
0.0000
0.0000
1.9663
0.0000
1.1370
0.0000
0.0000
0.0000
0.0000
0.0000
0.0900
0.0000
1.1595
1.7374
0.0000
0.0000
0.0000
0.7351
0.0000
0.0000
1.4261
0.0000
0.0000
0.0000
1.1213
0.0000
2.4319
1.4262
0.4698
0.0000
1.5799
0.0000
1.5588
1.0242
0.0000
0.0898
0.0000
0.0000
5.3514
0.0000
0.0845
1.0607
0.0000
1.8325
4.0390
0.0000
0.0000
0.3273
3.2357
0.0000
0.7214
1.7787
2.7714
0.0000
0.0000
1.0693
0.0000
0.3690
0.0000
0.0000
0.0000
0.0000
0.0000
0.3575
2.1857
0.0000
0.0000
0.0000
0.0000
2.4699
0.0000
0.1517
0.0000
2.7024
0.0000
0.0000
0.0000
0.0000
0.4457
0.0000
0.0000
0.5399
0.0000
4.1186
4.1452
3.2502
0.0000
0.0000
0.0000
0.0000
0.0000
0.0009
0.0000
2.1339
0.0000
0.0000
0.0000
0.0000
1.7014
0.0000
0.0000
0.9212
2.1840
1.7645
0.0000
0.0000
1.8700
0.0000
0.0000
1.6362
0.0000
0.0000
0.0000
0.0000
0.0000
0.0000
0.0000
1.9922
0.0000
0.0000
0.0000
0.0000
0.0000
0.5495
0.0000
0.0000
0.0000
0.0000
1.6632
0.0000
1.2128
1.2742
0.0000
0.0000
0.0000
0.0000
0.0000
0.0000
2.8949
0.0000
1.3092
0.4850
4.1615
0.0000
0.0000
0.0000
0.0000
0.0000
0.0000
0.0000
0.0000
0.0000
0.0000
0.0000
0.0000
0.0000
0.0000
1.1512
0.0000
0.5147
0.0000
0.0000
2.2149
0.0000
0.0000
0.9346
0.0000
1.1278
0.0000
0.0000
2.3277
0.0000
0.0000
0.0807
0.0000
1.0228
0.0000
0.0000
0.6297
0.0000
0.0000
0.0000
2.6441
0.0000
3.2975
0.6215
0.0000
1.2444
0.0000
0.0000
0.0000
0.0000
0.0000
0.0000
0.0000
0.0000
0.0000
0.6515
1.4163
0.0000
0.0000
0.0000
0.0000
3.2100
0.0000
0.0000
0.0000
0.0000
0.0050
0.0000
0.3248
0.0856
0.0000
0.0000
0.0000
0.5589
0.0000
0.2309
1.2254
0.0000
1.5829
0.0000
0.0000
0.6473
1.5395
0.8444
0.0000
1.0457
0.0000
2.5141
0.0000
0.0000
0.0000
0.7270
0.0000
0.2271
0.0000
0.0000
0.0000
1.1370
1.9471
0.0000
0.0000
2.5318
0.0000
0.0000
0.0000
0.0000
0.0000
6.5102
0.0000
0.8297
0.0000
0.0000
0.0000
1.5284
1.1735
0.0000
4.3553
2.6278
0.0000
0.0000
1.9531
0.0000
0.0000
0.0000
0.0000
0.0000
0.0000
0.8931
0.0000
0.0000
0.0000
0.0000
0.0000
0.0000
0.0000
0.0000
1.1043
0.9479
0.0000
2.8428
0.0000
0.0000
3.3256
0.4164
1.1469
0.0000
0.0000
0.0000
1.4301
0.0000
0.0000
0.0000
5.0306
0.0000
0.0000
0.0000
0.0000
0.6835
0.0000
0.1870
0.0000
0.2783
0.4238
0.3783
0.0000
0.0000
0.3853
0.0000
0.0000
0.0000
0.0000
0.0000
0.0000
0.0000
0.0000
0.5685
0.6098
0.0000
0.0000
0.0000
0.9027
0.0000
0.7053
0.0172
2.0163
0.0000
0.0000
0.0000
0.0000
0.0000
0.0000
0.0000
0.0000
0.0000
0.0000
0.0000
0.0000
0.0000
1.0923
0.0000
0.1450
0.6719
1.4377
0.0000
0.0000
0.0000
2.4120
0.0000
0.0000
0.0000
0.0893
0.0000
0.0000
0.0000
0.0000
0.0273
0.0000
0.3770
0.0000
1.4369
0.0000
0.0000
0.2969
0.0000
2.1517
0.0000
1.2342
0.0000
0.0000
0.0000
0.0000
0.0000
0.0000
0.0000
0.8725
0.6827
0.0000
1.8672
1.3779
0.0000
1.2171
0.0000
0.1716
0.0000
0.0000
0.0000
0.8825
0.0000
1.2419
0.0000
0.0000
1.0308
0.0000
0.0000
0.0000
0.0000
0.3671
2.7176
0.0000
0.0000
0.6373
0.0000
0.0000
0.0000
1.5152
0.0000
0.0000
0.0834
1.3413
0.0000
0.0000
0.0000
0.0443
1.8742
0.0000
1.7574
0.0000
0.0409
0.0000
0.0000
3.7992
0.0000
0.0000
3.9915
0.0000
0.7110
0.0000
0.0000
0.8736
0.0000
0.0000
0.0000
2.4616
1.6439
0.0000
0.0000
0.8694
1.3066
0.0000
0.0000
3.1789
0.0000
0.0000
0.0000
0.0000
0.0000
0.0000
0.0000
0.0000
0.0000
1.4165
0.0000
0.0000
0.4485
0.0000
0.0000
0.0000
0.0000
0.0000
0.0000
0.3590
0.0000
0.7227
1.4790
0.0000
2.0025
0.0000
1.6125
0.0000
0.0000
0.0000
0.0000
0.4407
0.0000
0.0000
0.0000
0.0000
0.0000
0.0000
0.0000
0.0000
0.2292
0.0000
0.0000
0.0000
0.0000
0.0000
0.0000
0.0000
1.5561
0.0000
0.1096
0.0000
0.4751
0.0000
0.0000
0.0000
0.0000
0.0000
0.0000
2.1139
0.0000
0.0000
0.0000
0.0000
0.0000
0.0000
1.0964
0.6660
0.0000
0.2745
0.0000
0.4601
0.0000
0.0000
3.7434
0.0000
0.0000
1.5509
0.0000
0.0000
0.5609
3.6636
0.0000
0.0000
0.0000
0.0000
1.2537
0.0000
0.9840
0.0000
0.0000
0.0000
0.0000
0.0000
0.1762
0.0000
3.3553
0.0000
0.7551
0.0000
0.0000
0.0000
0.0000
0.0000
0.0000
1.4308
0.0000
0.0000
0.0000
0.0000
0.0000
0.0000
0.1367
0.0000
0.0000
0.0000
0.0000
0.0000
0.9977
0.0000
0.0000
0.0000
0.0000
1.5407
0.0000
0.0000
0.0000
0.6418
0.0000
0.0269
0.0000
0.0000
0.0000
0.0000
0.0000
0.0000
0.2691
0.0000
0.0000
0.0000
0.0000
0.0000
1.1665
0.0000
0.0000
0.0000
2.0526
0.0000
0.6913
1.1893
0.9916
1.4959
0.0000
1.5518
0.0000
0.0000
0.0000
0.0000
0.0000
0.0000
0.1436
0.7182
0.0000
2.3973
0.0000
0.0000
0.0000
0.0000
0.0000
0.8524
0.0000
0.0000
3.4165
0.0000
0.1555
0.0000
0.0000
0.0000
0.0000
0.0000
0.0000
0.0000
0.0000
0.2194
1.4607
0.2809
0.0000
1.3092
0.0000
0.0000
2.5763
0.0000
0.0000
1.4010
1.1099
0.0000
0.0000
0.0000
2.9532
1.1405
4.6947
1.7171
0.0000
0.0000
2.3478
0.0000
1.0234
0.0000
0.0000
0.3495
0.0000
0.0000
0.4607
0.0000
0.0000
0.0000
0.0000
2.9918
0.0000
0.1912
0.0000
0.7869
0.0000
1.4699
0.0000
0.0000
0.2103
0.0000
0.0000
0.0000
0.6286
1.0645
0.0000
0.0000
0.0000
2.0423
0.0000
0.0000
0.0000
1.1253
0.8564
1.5254
0.6993
0.0000
0.0000
0.0000
0.0000
0.0000
2.9040
0.0000
0.0000
0.0000
0.0000
0.7097
1.1698
0.0000
0.0000
0.0000
0.0000
1.5046
0.1135
0.0000
0.0000
4.6468
0.0000
0.0000
0.0000
0.0000
0.0000
0.0000
0.0000
0.0000
0.0951
0.0000
0.0000
0.0000
0.0000
0.0000
0.0000
0.0000
0.9220
0.7500
0.0000
0.0000
0.0000
0.6610
0.0000
0.0000
0.0000
0.0000
0.0000
2.0029
0.0000
0.0000
0.0000
0.0000
0.0210
0.7229
1.5600
0.0000
0.0000
0.2252
0.0000
0.0000
0.7355
0.0000
0.0000
0.0091
0.0000
1.1568
0.0000
0.0000
0.0788
0.0000
2.0840
0.0000
0.0000
0.0000
0.0000
0.0000
0.0000
0.0233
0.5245
0.0000
5.5813
0.0000
2.8468
1.4449
0.0000
0.0000
0.5194
0.0000
0.0000
1.6191
0.3272
0.8384
0.0000
0.0090
1.7917
1.8675
0.0000
0.0000
0.0000
0.5259
0.0000
0.0000
0.0000
0.0091
0.0000
0.0000
0.0000
0.7981
0.0000
0.1927
0.0000
0.0000
0.0000
0.0000
0.0000
2.4535
0.0000
0.0000
0.0000
0.0000
0.0000
0.0000
0.0000
0.0000
0.0000
0.4999
0.0000
0.0000
0.0000
2.9115
0.0000
0.0000
1.7099
0.0000
0.4871
0.0000
0.0000
0.0000
0.1914
0.0000
0.0000
0.0000
5.9551
0.9164
0.0000
2.1265
0.0000
0.0000
0.4131
0.0000
0.0915
0.0000
0.4026
0.0000
0.0000
0.0000
0.0000
1.3536
0.0000
0.0000
0.0000
1.0840
2.6916
0.0000
3.3088
0.2503
4.6143
0.0000
1.2186
0.7145
0.0000
0.0000
0.0000
0.6975
0.6683
0.0000
0.0000
0.0000
0.8207
0.0000
0.0000
0.0000
0.5542
0.0000
0.5792
4.6281
0.0000
1.1338
0.0000
0.0049
0.0000
0.0000
0.0000
0.0000
1.2661
1.6878
0.0000
0.0000
0.8710
0.0000
1.0648
3.8070
1.1993
1.1972
0.0000
0.0000
0.2754
1.3515
0.0000
0.3266
0.0000
0.0000
0.0000
0.0000
0.0000
2.4923
5.7617
0.5326
1.0526
0.0000
0.8124
0.0000
1.1745
0.0000
0.0000
0.0000
3.5074
0.0000
1.7341
0.0000
3.3805
0.0000
0.0000
0.3405
1.2784
1.1656
0.5930
0.0000
0.5817
0.0000
0.0000
0.0836
0.0000
2.8019
0.0000
0.0000
1.4928
0.0000
0.0000
1.0674
1.0176
2.7426
0.0000
0.6427
0.0000
2.8513
0.0000
0.0000
0.0000
0.5522
0.0000
0.0000
0.0000
1.8375
0.0000
0.0000
0.0806
2.3261
0.0000
0.0000
0.0000
0.0000
0.0000
0.0000
0.0000
0.0000
0.0000
1.0739
1.2560
2.3888
0.0000
0.0000
0.2752
0.3308
0.9399
0.0000
0.5297
2.5676
0.0000
0.0000
0.0000
0.0000
0.4497
2.5702
0.0000
0.0000
0.4879
0.0000
0.0000
0.0000
0.0000
0.0000
0.0000
0.0000
0.0000
0.0000
0.0000
0.0000
0.4673
0.0000
0.0000
0.2680
0.0000
0.0000
0.5412
0.0000
0.9420
0.0000
0.0000
0.0000
1.5230
0.6386
0.0000
0.0000
0.0000
0.0000
0.0000
1.0669
0.0000
0.9209
0.0000
0.6292
0.0000
2.3624
0.0000
0.0000
0.0000
0.0000
0.0467
0.0000
0.0000
0.4029
1.2887
0.0000
0.0000
0.0000
1.1169
0.0000
1.0669
0.0000
0.7383
0.0000
0.0000
0.0000
0.0000
0.0000
0.0000
0.0000
0.0000
0.0000
0.0000
1.1969
0.4430
3.0340
0.0000
0.0000
0.0000
0.0000
0.0000
0.0000
0.0000
0.0000
0.9588
0.9046
0.0000
0.0000
0.0000
0.0000
0.0928
0.0000
0.0000
0.0000
0.0000
4.7743
0.0000
0.1217
1.6946
3.6348
0.0000
0.0000
2.2461
2.3697
1.4149
0.0000
0.8959
0.0000
0.0000
0.0000
2.1905
0.3010
0.0000
0.0000
0.4539
0.0000
0.0000
0.8923
0.0000
4.1565
0.0000
0.0000
0.0000
0.0000
0.0000
0.0000
0.0000
0.0000
0.4970
2.4962
0.7523
0.0000
0.0000
1.4947
0.0000
2.4589
0.0000
0.0000
0.0000
2.9595
1.5146
1.9671
1.2100
0.0000
0.0000
0.0000
0.0000
0.0000
1.6422
0.0000
0.0000
0.2895
3.5492
0.0000
0.0000
0.0000
0.0000
0.0000
0.4656
0.0000
0.0000
0.4390
0.0000
0.0000
0.0000
3.3794
0.0000
0.3941
0.0000
0.0000
0.0000
0.0000
0.0000
0.3737
0.0000
0.0000
0.0000
2.1064
0.0000
0.0000
0.0000
3.2685
0.0000
1.9757
0.0000
0.0000
2.2591
0.0000
0.0000
0.0000
0.0000
0.0000
2.6469
0.0000
0.0000
0.0000
0.0000
0.0000
0.0000
0.0000
0.9610
1.6952
0.0000
0.8196
0.2327
0.0000
0.0000
0.0000
0.8718
0.0000
0.0000
0.0000
0.0000
0.0000
0.2570
2.2377
0.0000
0.0000
1.0543
0.0000
0.9085
1.1531
0.1868
0.0000
0.0000
0.0000
0.0000
0.4804
0.0000
0.0000
0.0000
1.9098
0.0000
0.0000
2.8589
0.0000
0.0000
0.0000
0.0000
0.0000
0.3853
2.0451
0.0000
2.0989
0.0000
0.0000
0.0000
0.0000
0.0000
0.0000
0.0000
0.0000
0.7751
0.0000
0.0000
0.0000
0.1907
0.0000
0.0000
0.0000
0.0000
0.0000
0.2816
0.0000
0.0180
0.3334
2.1196
0.0000
0.7803
0.0000
0.0000
0.0000
0.0000
0.0000
0.0000
0.0000
0.0000
0.0000
0.0000
0.0000
0.5556
0.1053
0.0000
0.7265
0.0000
0.6188
0.0000
0.0000
0.0000
0.0000
0.0000
0.0000
0.0966
0.0000
0.0000
0.0000
0.0000
1.7113
0.6037
0.0000
2.2400
0.0000
0.0000
0.0000
0.0000
0.0000
0.0000
0.0000
0.0000
0.0000
0.0000
0.0462
2.1891
0.4686
0.0000
0.0000
0.0000
0.0000
0.6844
2.2754
0.0000
1.4772
0.0000
0.0000
0.7219
0.0000
1.7321
2.3631
5.3587
0.0000
0.0000
0.0000
0.0000
0.8140
0.0000
1.7575
2.0836
0.0000
0.0000
0.0000
0.0000
0.0000
0.1764
0.0000
0.0000
0.0000
2.1673
0.0000
2.6306
0.0000
2.5049
0.0000
0.0000
0.0000
0.0000
0.0000
4.4614
0.0000
0.0000
0.7616
0.0000
0.0000
1.2791
0.0000
0.0000
0.0000
0.0000
0.0000
0.0000
0.0000
0.0000
0.0000
0.0000
0.0000
0.0000
0.1901
1.7477
0.0000
2.0626
0.0000
0.5965
0.0000
0.0000
0.0000
0.0000
0.0000
0.0000
0.1719
0.0000
4.4314
0.0000
1.7769
1.6045
0.4880
0.0000
0.0000
0.0000
0.0000
0.0000
0.0000
0.0000
0.0000
0.0000
0.3708
0.0000
0.7801
0.0000
0.0000
0.0000
0.0000
0.3120
0.0000
0.0000
0.0000
3.2774
4.4411
1.0136
0.0000
1.3440
0.0000
0.2132
0.0000
0.9471
0.0000
0.0000
1.5964
0.3011
0.0000
0.0000
0.0000
0.0000
1.5228
1.9868
0.0000
0.0604
0.0000
0.0000
0.0000
1.1735
0.0000
0.0000
1.6537
0.0000
1.4707
0.0000
2.1005
0.0000
0.0000
0.6814
4.3759
2.1358
0.5386
0.0000
0.0000
0.3276
0.0000
0.0000
0.1315
0.0000
0.0000
0.0000
0.0000
0.0000
0.0000
0.0000
0.0000
1.3133
1.3882
0.2172
0.0000
0.0000
0.0000
2.1177
0.0000
0.0000
0.0000
0.0000
0.0000
0.0000
0.0004
3.5565
0.0000
0.0000
0.0000
0.0000
0.6936
0.0000
0.0000
0.3187
0.0000
1.7648
0.0000
0.0000
0.0000
0.0000
0.0000
0.4156
1.1347
0.0000
0.0000
0.0000
0.0000
0.4502
0.0000
4.6867
0.2287
0.0000
0.0000
0.0000
0.0000
0.0000
0.0000
0.2742
0.0000
0.0000
1.2476
0.0000
0.0000
0.0000
1.0909
0.9109
0.0000
0.0512
2.6789
0.0000
0.0000
0.0000
0.0000
0.0000
0.0000
0.0000
0.0000
1.5625
0.0000
2.5535
0.0000
0.0000
0.0538
0.0000
0.0000
0.0000
0.0000
0.0000
0.0000
1.7263
0.9281
0.0000
0.0000
1.7647
1.6040
0.0000
1.2645
0.0000
0.0000
0.0000
0.0000
3.0714
0.0000
0.0000
0.0000
2.8035
2.8422
0.0000
1.2939
0.0000
0.7057
0.0000
0.0000
0.0000
0.0000
0.0000
0.0000
0.0000
0.0000
0.0000
3.2631
0.0000
1.2445
0.0000
1.5967
1.1436
1.2179
0.0325
0.7016
0.0000
0.0000
1.7084
3.3589
1.9146
3.3468
0.0000
0.0000
0.0000
0.0000
0.0000
0.3807
1.9359
0.0000
0.8417
0.0000
0.0000
0.3520
0.0000
0.0000
0.0000
1.3580
0.9332
0.0000
0.2234
0.0000
0.0000
0.0000
0.0000
0.0000
0.9932
0.0000
0.0000
0.0000
0.0000
0.0000
0.0000
0.0000
0.0000
0.0000
0.0000
0.0000
0.0000
0.0000
0.0000
0.0000
0.0000
0.0000
0.3653
0.0000
2.4564
0.0000
0.0000
0.0000
1.8345
0.0000
0.0000
0.0000
1.0233
1.6087
0.0000
1.4344
3.4766
0.0000
0.0000
0.0000
2.5587
0.0000
0.6917
0.0000
1.1165
0.5581
0.0000
0.0000
0.2584
0.0000
0.0000
0.0000
0.0000
0.0000
2.7046
0.0000
0.0000
1.0273
0.0000
0.0000
0.0000
0.0000
0.0000
0.0000
2.0254
0.0000
3.7713
3.8469
0.0000
0.0000
1.4677
0.8319
0.0000
1.2475
2.5158
0.7173
0.0000
0.0000
0.6301
2.2359
2.8070
1.4388
2.0622
0.0000
0.0000
1.4381
0.0000
0.0000
0.0000
0.0000
0.0000
1.5284
1.5500
2.9388
0.0000
0.0000
3.4454
0.7834
1.5896
0.0000
0.0000
0.0000
0.6317
0.0000
0.0000
0.0000
0.0000
0.0000
0.6048
1.7451
0.0000
0.6226
0.0000
0.2901
0.5598
0.3243
0.0000
0.0000
0.0000
0.0000
0.1467
0.0000
0.2921
0.3796
0.0000
0.0000
3.9142
0.0000
0.0606
0.4499
0.0000
0.0000
0.0890
0.0000
0.7493
0.0000
0.4256
0.0000
0.0000
0.0000
0.5905
0.0000
0.6581
0.0000
0.0000
4.3936
0.0000
3.3520
4.6607
2.1532
0.0000
0.0000
0.0000
0.0000
0.0000
0.0000
2.1508
0.0000
0.0049
0.0000
0.0000
0.0000
0.0000
0.6328
0.0000
0.0000
0.0000
0.0000
0.0000
0.8735
0.0000
3.0257
1.2925
0.0000
0.8423
0.0000
0.0000
0.0000
0.8716
0.0000
0.7712
0.0000
0.0000
0.0000
0.0000
0.0000
0.0000
0.0000
0.0000
0.0000
0.0000
0.0000
0.9086
0.0000
0.0000
0.8817
0.0000
0.8539
0.0000
0.0000
0.0000
2.9864
0.0000
0.0000
0.0000
1.0151
0.0000
0.0000
0.0000
0.0000
1.7820
0.0000
0.0000
0.0000
0.0000
0.0000
2.6506
0.0000
0.0000
0.0000
0.0000
0.3556
0.0000
1.4702
2.3469
0.0000
0.0000
0.3335
0.8794
0.0000
0.0000
0.0000
0.0000
0.0000
0.6935
0.0000
0.0000
0.0000
0.0000
0.3365
1.2184
0.0000
1.0872
3.4621
0.0000
0.0000
0.0000
3.5413
0.5592
0.3488
0.0000
0.0000
0.0000
0.0000
0.0000
0.2700
0.0000
1.4083
0.0000
0.7153
0.0611
0.0000
0.0000
0.0000
0.0000
0.0000
0.0000
0.0000
3.2842
0.0000
0.0000
0.9313
3.5942
0.0000
0.0000
0.0000
0.6525
0.0000
0.0000
0.0000
0.0000
2.9063
1.9222
0.0000
3.3766
4.1419
0.0000
0.0000
0.8318
2.1295
0.4170
0.5671
0.0000
0.2152
0.0000
0.0000
0.0000
0.0000
0.0000
1.1076
0.0000
0.0000
0.0000
0.0097
2.6691
0.0000
3.6777
0.0000
0.0000
0.0000
0.0000
2.3286
0.0000
0.0000
0.0000
1.2157
0.0000
0.0281
0.0000
0.0000
0.0000
0.0000
1.9824
1.1518
0.0000
0.0000
0.0000
0.0000
0.0000
3.6624
0.4393
0.0341
0.0000
0.0000
0.7143
3.0474
0.0000
0.0739
0.0000
0.0000
0.0000
0.0000
0.0000
0.0000
0.0000
0.0000
0.0000
0.0000
0.6576
0.0000
0.0000
1.5110
0.7819
0.0000
0.0371
0.0000
0.0000
0.0000
0.5917
0.1603
3.2763
0.0000
0.0000
0.0000
3.9945
0.0000
0.0000
0.0000
1.4760
0.0000
0.0000
0.0000
0.0000
0.0000
0.0000
0.0000
0.0000
0.0000
0.0000
1.7788
0.0000
0.7318
0.0000
0.0000
0.0000
0.0000
0.0000
1.3553
0.0000
0.0000
0.0000
0.0000
0.0000
0.0000
0.0000
0.0000
0.0000
0.0000
0.0000
0.0000
1.4364
0.0000
0.7726
0.0000
0.1334
1.2372
0.0000
0.0000
0.0000
0.0000
0.9537
0.0000
0.4633
0.0000
0.0000
2.7502
2.4448
0.0000
4.5147
2.6738
1.6977
0.0000
0.0000
0.0000
1.5264
0.9114
1.1729
0.0000
0.0000
0.0000
1.3374
0.0000
1.8163
0.0000
1.3162
0.0000
0.0000
0.0000
4.3703
0.0000
0.0000
2.6168
0.0000
0.0000
0.0000
0.0000
0.0000
0.4679
1.8538
0.0000
0.0000
0.0000
0.2817
0.5511
0.0000
0.0000
0.0000
0.0000
0.0000
0.0000
0.0000
0.0000
0.9584
0.0918
3.1784
1.7424
0.0000
0.0000
0.0790
0.6770
0.9019
0.0000
0.3050
0.0000
0.3027
3.7164
1.3572
0.0000
0.0000
0.0000
0.0000
0.0000
0.0000
0.0000
0.0000
0.3472
0.0000
0.0000
0.0000
0.0000
0.0000
0.0000
0.0000
1.2958
0.0000
0.0000
0.8038
0.0000
0.0000
1.0727
0.0000
0.7197
0.0000
2.4295
0.2203
0.0000
0.0000
1.0609
0.0000
0.0000
0.0000
0.0000
0.0457
0.0000
2.1694
0.0000
0.0000
0.2108
0.2759
0.0000
0.0000
0.0000
0.0000
0.0336
0.0000
0.1090
0.1948
2.6048
0.0000
0.0000
0.0000
2.9016
1.2178
0.0000
0.0000
1.6015
0.0000
0.0000
1.0980
0.0000
0.0000
0.0000
3.0731
2.0123
0.0000
0.0000
0.0000
0.0976
3.8138
0.0000
0.8460
0.0000
2.4644
2.0029
2.1630
0.3843
0.0000
2.9243
0.0000
0.0000
0.0000
0.0802
0.0000
0.0000
0.0000
0.4024
0.0000
1.7498
0.0000
0.0000
0.0000
0.0000
0.0000
2.9275
0.0000
0.0000
0.0000
0.0000
0.0000
0.0000
0.3231
0.0000
0.0000
1.7394
0.0000
0.0000
0.0223
0.0000
0.0000
0.0000
0.8226
2.5141
0.5060
0.0000
1.6293
0.0000
0.0000
0.0000
0.5187
0.2760
1.0503
0.0000
2.9458
0.0000
0.4058
0.0000
0.0000
0.0000
1.0720
1.2002
0.0000
0.0000
0.0000
0.6857
0.0000
0.0000
0.0000
0.0000
0.0000
0.0000
0.0000
3.0738
0.0000
0.0000
0.0726
3.2271
1.1671
0.0000
0.0000
0.0000
0.0000
0.0000
0.0000
0.5838
1.9297
0.6710
0.0000
0.1699
0.0000
2.0039
5.7015
0.0000
0.6728
0.0000
0.0000
0.0000
0.0000
0.0000
0.0000
0.0000
0.0000
0.0000
0.1196
0.0000
0.0000
0.0000
0.0000
0.0000
0.5001
0.0000
0.0000
0.4110
0.3469
0.0000
0.0000
0.0000
0.0000
3.0895
0.0000
0.0000
1.6081
0.0000
0.0000
1.4141
0.4299
0.0000
0.0000
3.0948
0.0000
0.0000
0.0000
1.1102
0.0000
0.0000
0.6740
0.0000
0.0000
0.2459
0.3266
1.8202
0.1274
0.1400
0.0000
1.2731
0.0000
0.8482
0.4596
0.0000
0.0000
0.0000
0.0000
1.5827
0.2249
0.0000
0.0000
0.7942
0.3385
2.0950
0.0000
0.0000
0.7012
0.0787
0.0000
0.0000
0.0000
0.4771
2.4849
0.0000
0.0000
0.1177
0.0000
0.0000
0.0000
0.0000
3.0069
0.4732
0.3242
0.8397
0.0000
0.0000
0.0000
0.0000
1.2453
0.0000
0.0000
0.0000
0.6225
0.0000
0.0000
0.0000
0.0000
1.1288
0.0000
0.0000
0.0000
0.0000
0.1751
0.0000
0.0000
0.0000
0.0000
0.0000
0.0000
0.0000
0.0000
0.0000
1.0547
0.0000
1.4873
0.0000
0.2865
0.4668
1.3034
0.0000
0.2181
0.0000
1.1653
2.0388
2.0043
0.0000
0.0000
0.0000
0.0000
0.0000
0.0000
4.0071
0.2647
0.0000
0.0000
0.0000
2.9494
0.7839
0.0000
0.0000
0.0000
0.0000
0.0000
0.1841
0.0000
1.3835
0.5596
0.0000
0.0000
0.0000
0.0000
0.0000
0.8526
0.0000
0.8723
0.9227
0.0000
0.0000
0.0000
0.0000
1.7639
0.0000
0.0000
0.0000
0.0000
1.2821
0.0000
0.0000
0.0000
0.9870
0.0000
3.4266
0.0000
0.0000
0.1373
0.0000
1.3875
1.2078
2.3603
0.3292
0.0000
0.0000
0.0000
0.0000
0.0000
0.0722
0.0000
0.0000
2.1113
0.0000
0.0000
0.0000
1.5106
0.0000
0.0000
0.0000
0.0000
0.0000
0.0000
0.3982
0.0000
0.0000
0.0000
0.0000
2.9505
0.0000
0.4837
2.4463
0.0000
0.0000
0.2675
0.0000
0.0000
0.0000
0.0000
0.0000
2.3392
0.0000
0.0000
0.0000
0.1028
0.0000
0.0000
0.2999
3.7460
0.0000
0.0000
0.0000
0.0000
0.0000
0.4520
0.0000
0.0000
0.4756
3.3926
0.4289
0.0000
1.2163
0.0000
1.2077
0.0000
0.0000
2.0739
0.0000
0.0000
0.6619
0.5010
2.1516
5.7777
0.0000
2.1828
3.1892
0.0000
0.0000
0.0000
3.6823
0.0000
1.4447
0.0000
0.0000
0.0000
0.0000
0.0000
0.0000
0.0826
0.0000
1.2375
0.0000
0.0000
0.0000
1.2588
0.6984
0.0000
0.0000
1.0200
0.0000
0.0000
1.5834
1.0228
1.2692
2.3417
0.0000
0.0000
0.0000
0.0000
0.0000
0.0000
3.0163
1.9097
0.0000
0.0000
0.0000
0.0000
1.6344
0.0000
0.0000
0.0000
0.0000
0.0000
3.6884
0.0000
0.0000
3.4638
0.0000
0.0000
0.0000
0.0000
1.1849
0.0000
0.3531
1.6416
0.0000
0.1129
0.0000
3.1952
0.0000
2.0738
2.1478
0.0000
0.0000
0.6754
0.0000
2.6085
0.0000
0.1406
0.1363
0.0000
0.0000
0.0000
0.0000
1.1738
0.1538
0.0000
0.2356
0.0000
0.0000
0.4621
2.1372
0.0000
0.0000
0.0000
2.1276
0.0000
0.9831
0.0000
0.0000
0.0000
0.0000
0.0000
0.0000
0.0000
0.0000
0.7122
0.0000
1.4879
0.6798
0.0000
0.0000
0.0000
0.0000
0.0000
0.0000
0.0512
0.0000
0.0000
0.0000
0.0000
0.0000
2.7854
0.2420
4.9180
0.0000
1.7764
0.0000
0.0000
1.5619
0.0000
1.9972
0.0000
0.0000
0.0000
0.0000
1.8445
0.0000
0.0000
1.0809
0.0000
0.0000
0.0000
1.4496
0.0000
0.0000
0.0000
0.0000
0.6789
0.0000
0.3002
0.0000
0.0000
2.6084
0.0000
1.5096
0.0000
0.0000
0.0000
1.4105
0.0000
0.0000
0.0000
0.7935
0.0000
1.0183
1.0808
0.0000
3.8615
0.0000
2.1862
0.4458
0.0000
0.0000
0.0000
1.1140
0.2932
0.0000
0.0000
0.0000
0.3707
0.0000
0.0000
0.0000
0.0000
0.0000
0.0000
0.0000
0.0000
0.0000
0.0000
1.8564
2.9293
0.0000
0.0000
0.0000
0.0000
0.8126
0.0000
0.0000
1.4544
2.5019
2.0406
1.8754
0.0000
0.0000
0.8992
0.0000
2.1592
0.0000
0.0000
0.0000
0.5878
0.0000
0.0000
0.0000
1.8932
0.9686
0.7442
0.0000
1.6241
1.5265
2.6322
0.0000
0.0000
0.0000
0.0000
0.0000
0.0000
0.0000
0.0000
0.2902
0.0728
0.0000
0.0000
0.0000
1.5608
0.0000
0.0000
1.7390
1.7731
0.0000
0.0000
0.0000
0.0000
0.0000
0.0000
4.6287
0.5447
0.0000
0.0000
0.0000
0.0000
0.0000
0.0000
1.6319
2.0951
0.0000
1.8243
4.9222
1.2160
0.0000
0.0000
0.0000
0.0000
0.5922
1.1917
1.5812
0.0000
0.0000
2.5060
1.1086
0.3102
0.0000
0.0000
0.0000
0.0000
0.0000
0.0000
0.0000
0.0000
0.7730
0.0000
0.0000
1.9513
0.7978
1.2500
0.0000
0.0000
0.0000
1.3710
0.0000
0.0000
0.0000
0.0448
3.9490
1.8416
0.7967
0.0000
0.0000
0.9701
0.0000
0.0000
2.9541
0.0000
0.0202
0.0000
0.0000
0.0000
0.0000
0.0000
0.0000
0.0000
0.0000
0.0000
0.0000
0.0000
0.0000
0.0000
0.1344
0.8437
0.0000
1.7888
0.0000
0.0000
2.2345
0.0000
0.0000
0.0000
0.0000
0.2982
0.0000
0.0000
2.4937
0.0000
0.0000
0.0000
1.3211
0.2201
1.6631
0.0000
0.0000
0.0000
1.2312
0.0000
0.0000
0.0000
0.0000
0.0000
0.0000
0.0000
0.0000
0.0000
0.0000
0.0000
0.0000
0.0000
0.0000
0.0000
2.2784
0.0000
0.0000
0.8449
0.9459
0.0572
0.0000
1.6185
0.3019
0.0000
4.3074
1.9456
0.3472
2.6140
2.9034
0.0000
0.7874
0.0000
0.0000
0.1945
0.0000
0.0000
0.0000
1.1797
0.0000
0.0000
0.0000
0.0000
3.1796
1.2654
0.0000
0.0000
2.3844
3.1043
0.0000
2.1169
4.2738
0.8674
0.0000
0.6936
0.0000
0.0000
0.6698
5.2992
0.0000
0.0000
0.0000
0.0000
1.1239
0.0000
0.0000
2.1477
0.0000
0.0000
4.2170
0.0000
0.0000
0.0000
0.0000
0.0000
0.0000
2.2572
0.0000
0.0000
0.0000
0.0000
0.0000
2.2365
0.0000
0.0762
1.1199
1.2517
1.5769
0.0000
3.0679
0.0000
0.0000
0.1831
0.0000
0.0000
0.0000
0.0000
0.0000
1.9126
0.3711
0.0000
0.0000
0.4141
0.0000
0.4981
0.0000
1.5168
0.0000
0.0000
0.0000
0.9878
0.0000
0.0000
0.0000
0.6868
0.0000
0.0000
2.4655
0.0000
0.0000
0.0000
0.0000
0.0000
0.0000
0.0000
4.3117
0.0000
0.0000
3.1364
0.0000
0.0000
1.1843
1.4427
0.2900
0.0000
1.3504
0.0000
0.0000
0.0000
0.0000
0.0000
0.0000
0.0000
0.0000
0.0000
0.0000
0.0000
0.0000
1.5266
0.5093
2.3468
0.0000
0.0000
0.3276
0.0000
2.1877
0.0000
0.0000
0.0000
1.8630
0.9311
0.0000
0.0000
4.3723
0.0000
0.0000
0.7002
1.3968
0.0000
0.0000
0.0000
0.3935
0.0000
0.0000
0.0000
0.0000
2.1620
0.0000
0.0000
0.0000
0.0000
0.0000
0.0000
0.0000
0.0000
0.0000
0.0000
0.0000
0.0000
0.0000
2.7262
0.3505
0.1436
0.0000
2.6474
0.0000
0.1802
0.0000
0.6874
0.0000
0.0000
0.0000
0.0000
0.0000
0.0000
0.0000
0.0000
0.8179
0.0000
0.0000
0.0000
0.0000
0.0000
0.0000
0.0000
0.0000
1.1084
0.5647
0.1257
0.0000
0.0000
0.0000
0.0000
1.3137
0.0000
0.0000
0.0000
0.0000
0.0000
0.7228
0.0000
0.6461
0.0000
0.0000
0.7092
0.0000
0.0000
0.8045
0.0000
0.0000
0.0000
0.0000
0.0000
0.4834
0.0000
1.6186
0.0000
0.0000
0.0000
0.3859
1.8352
0.0000
0.9767
0.0000
0.0000
0.0000
3.0211
0.0000
0.6914
0.0000
0.0000
0.0000
0.0000
0.5548
0.6934
0.0102
0.0000
0.0000
0.0000
0.0000
0.2532
0.0000
0.0000
0.0000
1.0185
0.0000
0.0000
0.0000
0.2861
0.0000
0.0000
0.0000
1.2999
0.0000
0.0000
0.0000
0.0000
1.1637
0.0000
0.0000
0.0000
0.0000
2.1778
0.3252
1.9540
0.0000
2.7486
1.2852
1.5356
0.0000
3.3583
0.0000
0.0000
0.0000
0.0000
0.0000
0.2288
1.3710
0.0000
0.0000
0.0000
0.5277
0.9629
0.0000
0.0000
0.8903
0.2274
0.0000
0.0000
0.0000
0.2330
0.0000
1.2248
0.0000
0.0000
0.0000
0.3419
0.0000
0.0000
4.7068
0.0000
0.0000
0.0000
0.0000
0.5130
0.0000
0.0000
0.0000
0.0000
0.0000
0.0000
4.2309
0.0000
0.0000
0.0000
0.0000
0.0000
0.0000
0.0000
0.0000
0.0000
0.4266
0.0000
0.0000
0.0000
1.0887
0.0000
0.0000
0.5717
0.0000
0.0000
0.0000
0.0000
0.0000
0.0000
0.0000
0.0000
0.0000
0.0000
0.0000
0.0000
0.0000
0.5408
0.0000
0.0000
0.1606
0.0000
0.3525
0.0000
0.5106
0.0000
0.0000
0.0000
0.0000
0.0000
1.0875
0.0000
0.0000
0.0000
0.0000
0.0000
3.0964
0.0000
0.0000
0.1182
2.4076
1.2797
0.0000
0.0000
0.0000
0.0000
0.4706
0.0000
0.0000
1.0142
0.0000
2.7403
0.0000
0.0000
0.0000
0.0000
0.1911
0.3236
0.0000
1.6727
1.5671
0.0000
0.0000
2.0497
0.0000
1.9545
0.0000
0.0000
0.0000
0.0000
0.0000
0.0000
2.0597
0.0000
0.1477
4.2700
0.0000
0.0000
0.0000
0.0000
2.3208
1.5514
0.0000
0.0000
0.0000
0.0000
0.0000
0.0000
1.7939
0.0000
0.0000
0.5485
0.0000
0.1402
0.0000
1.9032
2.9872
3.1506
0.0000
0.0000
0.0000
0.0000
0.0000
4.7487
0.0000
0.5948
0.0000
0.0000
2.5049
1.0425
0.0000
0.0000
0.4931
0.0000
0.0000
0.7557
0.0000
0.0000
1.8565
0.0297
0.0000
0.0000
0.0000
0.4176
0.1079
0.0000
0.0000
0.0000
0.0000
0.9352
1.5117
0.0000
0.0000
0.0000
0.0000
0.0000
0.0000
4.3191
0.0000
0.0000
0.0000
2.7155
0.0000
0.0000
0.0371
0.0000
0.0000
3.0263
0.0000
5.7437
0.0000
0.0000
0.0000
0.0000
0.0000
0.0000
1.3766
0.5430
0.0000
0.0000
1.2876
0.0000
0.0000
0.0000
0.6569
1.7399
6.3943
0.0000
0.0000
0.0000
1.4419
0.0000
0.2228
0.0000
0.0000
0.0000
0.0000
2.3527
0.0000
0.0000
2.0020
0.0000
0.0000
0.0000
0.0000
0.1980
1.5872
0.3851
0.0000
0.0000
0.0000
0.0000
0.0000
0.5007
0.0000
2.5498
0.0000
2.6919
0.0000
0.0000
0.0000
0.0000
0.9095
0.0000
0.0000
3.0955
0.9316
0.0000
0.0000
0.8256
0.0000
4.1848
0.0000
0.6603
0.0000
0.4647
0.0000
1.1157
0.7608
0.0000
0.0000
0.0000
1.3246
0.1650
0.6064
0.0000
0.0000
0.6781
0.0000
0.0000
0.2458
0.0000
0.0000
0.5330
2.0428
0.7945
0.9506
0.0000
0.0000
1.0292
0.5862
0.0000
1.2403
0.0000
0.0000
0.0000
1.5332
0.0000
0.0000
0.0000
0.9602
0.0000
0.0000
0.0000
0.0000
0.3982
1.4778
1.3678
0.5121
1.2074
0.0000
0.0000
4.6239
0.0000
0.3153
0.0000
0.1957
0.0000
0.6657
0.0000
0.0000
0.0000
0.0000
1.5370
0.0000
0.0000
0.6055
3.0619
0.0000
1.5960
0.0000
0.0000
0.0000
0.0000
0.6378
0.0000
0.0000
0.0000
0.1773
0.0000
0.0000
0.0000
0.0000
0.0000
0.0000
1.6906
0.0000
0.0000
0.0000
0.1369
0.0000
0.0000
0.0000
1.4806
2.9026
0.0000
0.5603
2.0863
0.2659
0.0000
0.0000
0.0000
0.0000
0.0000
0.0000
0.0000
0.0000
0.8262
0.0000
0.0000
0.0000
0.0000
0.0000
3.5560
0.0000
0.0000
1.3299
0.0000
0.1746
0.0000
0.0000
2.4654
0.6577
0.6365
0.0000
0.0000
0.0903
0.4892
0.2248
0.0000
0.2829
0.0000
0.0000
0.7235
0.4936
0.1563
0.0000
0.0000
0.0000
1.0837
1.3774
0.0000
0.0000
0.0000
1.3163
0.0000
3.1180
0.0000
0.1862
1.2579
0.0000
0.0000
0.0000
0.0000
0.0000
1.3976
0.3686
0.0000
0.0000
0.6613
3.4472
0.0000
3.2724
0.0000
0.0000
0.0000
0.0000
0.0000
0.0000
0.0000
0.0000
1.0432
0.1116
0.0000
1.5758
0.0000
0.0000
0.0275
0.0000
0.0000
2.9853
1.5322
1.5262
0.0000
1.6497
0.0000
0.0000
0.0000
0.0000
1.4023
0.0000
0.0000
0.0000
0.0000
0.0000
0.0000
0.2626
0.0000
0.0000
0.0000
0.0000
0.0000
0.0000
0.0000
0.0000
0.0000
0.8485
0.0000
0.6914
0.0000
1.5998
0.0000
0.6552
0.0000
0.0000
2.2793
0.0000
0.0000
0.0000
2.0667
0.0000
0.0000
0.0000
0.0000
1.8081
2.4038
2.3927
0.0000
0.0000
0.0000
0.0000
1.0497
0.0000
0.0000
0.0000
1.3019
0.3108
0.0000
0.0000
0.0000
0.0000
0.5317
0.0000
0.0000
0.9212
0.0000
0.0000
3.3096
0.0000
0.0000
5.1952
1.9120
0.0000
0.3486
0.0000
0.1810
0.0000
0.0000
1.2632
0.0000
0.0000
0.0000
1.9897
0.0000
1.4220
2.3794
0.0000
0.0000
0.0000
0.0000
0.1041
0.0000
0.0000
0.0000
0.3651
6.1841
0.0000
0.0000
0.1068
0.8045
0.0548
0.0000
0.0000
0.0000
0.0000
1.0927
0.0000
0.5531
0.0000
0.8256
0.0000
0.0000
0.0000
0.0000
0.0000
0.6346
0.0000
0.0000
1.0630
1.9528
0.0000
0.0000
0.0000
0.0000
0.0000
2.4782
0.2898
0.0000
0.1377
0.0000
0.2355
0.0000
0.0000
0.0000
1.6991
0.0000
0.0000
0.0000
0.0000
0.0000
0.0000
3.3492
0.0000
0.0000
0.0000
0.0000
5.0388
0.1121
0.0000
0.0000
0.0000
0.0000
2.4858
0.0000
0.0000
0.0000
2.3141
0.5869
0.0000
0.0000
0.0000
0.0000
0.0000
0.0000
0.0000
3.2057
0.6488
0.0000
0.0000
4.9372
0.0000
0.0000
0.0000
0.0000
0.0000
0.0000
6.5069
0.0000
1.0798
0.0000
0.0000
1.2020
0.0000
0.0000
0.0000
2.9909
0.0000
0.0000
0.0000
0.0000
1.0379
0.0000
0.0000
0.0000
0.0000
1.9787
1.0548
6.5984
0.0000
1.5063
0.3643
0.0000
4.2595
0.0000
1.6012
0.0000
1.8855
0.5076
0.0000
0.0000
2.9134
0.0000
0.0000
0.0000
0.5002
0.0000
0.0000
0.0000
0.0000
0.0000
0.2547
1.8009
0.0000
0.0000
0.0000
1.1848
0.8832
0.0000
0.0000
0.8963
0.0000
3.9650
0.0000
0.0000
0.9062
2.8334
0.0000
0.0000
0.7840
1.0236
2.6368
0.0000
1.3418
0.0000
2.1997
0.0000
0.0000
0.0000
0.0000
1.4336
0.0000
0.0000
0.4564
2.8056
2.5326
4.5818
0.0000
0.0000
3.6069
0.0000
0.0000
0.0000
0.0000
0.0000
1.4609
0.0000
0.0000
2.2280
0.0000
0.0000
0.0000
4.0579
0.0000
2.4594
1.6069
0.0000
0.0000
0.0000
0.0000
1.7087
0.7006
0.0000
0.1653
0.0000
3.5848
0.0000
0.5875
0.0000
0.0000
0.7870
0.0000
0.0000
0.0000
0.0000
0.0000
0.0000
0.0000
0.0000
0.9457
0.0000
1.5154
0.0000
0.0000
0.0000
1.4021
0.7814
3.3455
0.0000
2.2140
3.2393
0.0000
0.0000
0.0000
0.0000
0.0000
0.0000
2.3314
0.0000
0.0000
0.0000
0.0000
2.9868
0.0966
1.1533
0.3212
0.0000
0.9709
0.0000
0.0000
0.0000
0.0558
0.0000
1.0094
2.6828
0.0000
0.0000
0.0000
0.0650
0.0000
0.0000
0.0000
0.0000
0.3492
0.3059
0.0000
0.9213
0.0000
0.0000
0.0000
3.1133
0.0000
0.4678
0.0000
0.0000
0.0000
0.0000
0.0000
0.0000
3.6181
0.0000
0.1794
2.0595
0.2749
2.7675
0.9635
0.0000
0.0000
1.1104
1.7276
0.0000
0.0000
0.0000
0.0000
0.4815
1.6488
0.0000
0.0000
0.0000
0.9251
0.0000
0.0000
0.0000
0.0000
0.0000
0.5472
0.0000
0.4964
0.0000
0.8656
0.0000
1.2414
0.3692
4.6597
2.1136
2.7440
1.4719
0.0000
0.0000
1.4804
0.0000
0.0000
0.1404
0.0591
0.2219
0.0000
3.1736
0.0000
0.0000
5.2674
0.0000
2.2899
0.6804
0.0000
3.8170
0.0000
1.4246
0.0000
0.0000
0.5576
0.0000
1.2059
0.8458
0.0000
0.9099
0.0000
0.0000
0.0000
0.0000
0.0000
0.4926
0.0000
0.7502
0.0000
0.0000
0.8846
0.0000
