0.0000
0.0000
0.0000
0.0000
2.0693
1.6976
0.0000
0.0000
1.1587
3.1048
0.0139
0.0000
0.0000
0.0000
0.0000
0.0000
0.0000
0.0000
0.0000
0.0000
0.0000
0.0000
3.3827
0.0000
0.1976
0.0000
0.0000
1.2958
0.0000
0.0000
0.0000
0.0000
0.0000
0.0000
0.1687
0.0000
0.0000
0.0000
2.5628
2.5744
0.0000
0.0000
0.0000
0.0000
0.0000
0.0000
0.0000
0.0000
0.0000
0.0000
0.0000
0.0000
0.0000
0.0000
0.0000
0.0000
0.0000
0.0901
0.0000
0.0000
0.0000
1.8262
0.0000
0.0000
0.0000
0.0000
0.0000
0.3263
0.5015
0.0000
0.0000
1.4627
0.0000
0.0000
0.0000
1.5047
0.0000
0.0000
0.0000
0.0000
0.0000
0.0000
0.0000
0.0000
0.0000
0.0000
0.0807
0.0000
0.4867
0.0000
2.7445
0.0000
0.0000
1.4406
0.0000
0.0000
0.0000
0.0000
4.0028
0.0000
0.1343
0.1625
0.3347
0.0000
0.0000
0.0000
0.0000
0.3018
0.8969
0.0000
0.0000
0.0000
0.0000
0.0000
0.0000
0.0000
0.0000
0.0000
0.0000
0.0000
1.4879
0.6884
2.9084
0.0000
0.0000
0.0000
0.0000
0.0000
0.2733
0.0470
0.0000
0.0000
0.0000
0.0000
5.9178
0.0000
0.0000
1.2114
0.0000
0.4550
3.7517
0.0000
1.2136
0.0000
2.2922
0.0000
0.0000
2.6933
2.8705
0.0000
0.0000
0.0000
0.0000
0.0943
0.0000
0.0000
0.0000
0.0000
0.8307
1.0946
1.2513
0.0000
0.0000
0.0000
0.0000
1.6720
0.0000
1.0084
0.0000
0.2386
0.0000
0.0000
0.0000
0.0000
0.0000
0.0000
0.0000
0.0983
0.0000
3.2462
4.3341
1.5047
0.0000
0.0000
0.0000
0.0000
1.6202
0.9134
0.0000
2.0514
0.0000
0.0000
0.0000
0.0000
1.3148
0.0000
0.2620
0.0000
0.0000
4.8146
0.0000
0.0000
0.0000
0.0000
0.0000
0.5458
0.0000
0.0000
0.0000
0.0000
0.0000
0.0000
0.0000
1.7210
0.8878
0.0000
0.0000
0.0000
0.0000
0.0459
0.0000
0.0000
0.0000
0.0000
1.3391
0.0000
0.0000
0.0000
0.0000
0.5869
0.0000
0.0000
0.0000
0.0000
1.2300
0.0000
0.4530
1.0808
2.7602
0.0000
0.0000
0.0000
0.0000
0.0000
0.0000
0.0000
0.0000
0.0000
0.0000
0.0000
0.0000
0.0000
0.0000
0.8590
0.0000
0.1830
0.0000
0.0000
0.0000
0.3713
0.0000
0.0000
0.0000
0.5379
0.0000
0.0000
0.6405
0.0000
0.0000
0.4894
1.5906
0.6627
0.0000
1.6060
0.0000
0.0000
0.0000
0.0000
1.5537
0.0000
3.6107
0.0000
0.3999
0.0000
0.0095
0.6808
1.0689
0.0000
0.0000
0.0000
0.0000
0.0000
0.0000
1.7702
1.7778
0.0000
0.0000
0.0000
0.0000
3.3967
0.0000
0.0000
0.0000
0.0000
0.0000
0.0000
0.5499
0.0000
0.0000
0.0000
0.0000
1.3624
0.0000
0.0000
1.1994
0.0000
0.0000
0.0000
0.0000
0.4126
1.3139
2.3967
0.0000
1.6352
0.0000
0.6227
0.0000
0.0000
0.0000
0.0721
0.0000
0.0000
0.0000
0.0000
0.5496
2.9916
2.2815
0.0000
0.0000
3.1522
0.0000
0.0000
0.0000
0.0000
0.1168
5.7066
0.0000
0.7254
0.0000
0.0000
0.0000
1.3674
1.5649
0.0000
3.7977
1.2965
0.0000
0.0000
0.0000
0.0000
0.0000
0.0000
0.0000
0.0000
0.0000
0.0000
0.0000
1.3119
0.0000
0.0000
0.0000
0.0000
0.0000
0.0000
0.0000
1.0552
0.0000
2.3491
0.0000
0.0000
1.6857
0.0000
0.8798
0.0000
0.0000
0.0000
0.1709
0.0000
0.0000
0.0000
2.7696
0.0000
0.0000
0.0000
0.0000
1.0970
0.0000
0.0000
0.4061
0.0000
0.0000
0.0000
0.0000
0.0000
0.0000
1.5703
0.0000
0.0000
0.6067
0.0000
0.0000
0.0000
0.0000
3.0574
2.1553
0.8369
0.0000
0.0000
0.0000
0.0000
0.0000
0.0000
2.0906
0.0000
0.0000
0.0000
0.0000
0.0000
0.0000
0.0000
0.0000
0.0000
0.0000
0.0000
0.0000
0.0000
0.1531
0.0000
0.0000
0.0000
1.5534
0.0000
1.1468
0.0000
2.6068
0.0000
0.0000
0.0000
0.0000
0.0000
0.0000
0.0000
0.8468
0.0000
0.0000
0.1643
0.0000
0.4328
0.0000
0.0000
0.0000
0.0000
2.4496
0.0000
0.7191
0.0000
0.0191
0.6561
0.0000
0.0000
0.0000
0.0000
0.9636
0.0000
0.0000
1.4347
0.7044
0.0000
1.9066
0.0000
0.9900
0.0000
0.0000
0.0073
1.1131
0.0000
0.0000
0.1219
0.0000
0.8208
0.0000
0.0000
0.0000
0.0000
2.1559
0.3749
0.0000
0.0000
0.0000
0.0000
0.0000
0.0000
0.0000
0.0000
0.0000
0.0000
0.6469
0.0000
0.0000
0.0000
0.0000
0.0000
0.0000
0.6930
0.0000
0.0000
0.0000
0.0000
6.6316
0.0000
0.0000
1.9155
0.0000
0.5487
0.0000
0.0000
2.1469
0.0000
0.0000
0.0000
2.5413
0.2415
0.0000
0.0000
0.0681
0.0000
0.0000
0.0000
0.0000
0.0000
0.0000
0.0000
0.0000
0.0000
0.0000
0.0000
0.0000
0.0000
3.5038
0.0000
0.0000
0.4544
0.0000
0.0000
0.0000
0.0000
0.0000
0.0000
0.2773
0.0000
0.2516
0.5020
0.0000
0.0000
0.0000
1.0148
0.0000
0.0000
0.0000
0.0000
0.0000
0.0000
0.0000
0.0000
0.0000
0.0000
0.0000
0.0000
0.0000
0.7942
0.0000
0.6231
0.0000
0.0000
0.0000
0.0000
0.0000
0.0000
1.8910
0.0000
0.0000
0.5753
0.0000
0.0000
0.0000
0.0000
0.0000
0.0000
3.6519
0.0000
0.0000
0.0000
0.0000
0.0622
0.0000
0.0000
0.0000
0.0000
0.5033
0.0000
0.0000
0.0000
0.0000
2.7304
0.0000
0.0000
2.1724
0.0000
0.0000
0.0000
4.8253
0.0000
0.0000
0.0000
0.0000
0.7818
0.0000
0.6246
0.0000
0.0000
0.0000
0.0000
0.0000
0.0000
0.3690
1.3145
0.0000
0.0000
0.0000
0.0000
0.0000
0.0000
0.0000
0.0000
1.1505
0.0000
0.0000
0.2377
0.0000
0.0000
0.0000
0.7712
0.0000
1.0501
0.0000
0.0000
0.0000
0.0000
0.0000
0.0000
0.0000
1.0879
2.1016
0.0000
0.0000
0.0000
0.0000
0.0000
0.0000
0.0000
0.0000
0.0000
0.0000
0.0000
0.0000
0.0000
0.0000
0.0000
0.0000
0.0000
0.0000
0.0000
0.0000
0.0000
0.0000
2.0798
0.0000
0.0000
0.0000
0.7954
0.0000
0.0000
0.9928
0.0000
0.0000
0.0000
0.0000
0.0000
0.0573
0.0000
0.2226
0.0000
0.9807
0.0000
0.0000
0.0000
0.0000
0.0000
0.4915
0.4215
0.0000
4.3178
0.0000
0.2456
0.0000
0.0000
0.0000
3.0760
0.0000
0.0000
0.1810
0.0000
0.0000
0.6441
0.0000
0.0000
4.0486
0.0000
0.0000
2.4780
0.0000
0.0000
0.0000
0.1550
0.0000
0.0000
0.0000
0.0000
0.0572
2.9763
1.7982
0.2689
0.0000
0.8726
0.0000
0.0000
0.0000
0.0000
2.7163
0.0000
0.0000
0.0000
0.0000
0.0000
0.0000
0.0000
0.4789
0.0000
0.0000
0.2497
0.8795
0.0000
2.7300
0.4666
0.0000
0.2220
0.0000
0.0000
0.0000
0.0000
0.0000
0.0000
0.0000
0.0000
0.0000
0.0000
0.0000
0.0000
0.0000
0.0000
0.4883
0.0000
0.0000
0.0000
0.0000
0.0000
0.0000
0.0000
0.0000
0.0000
0.0000
0.0000
0.0000
0.7336
0.0000
0.0000
0.0000
0.0000
0.7710
0.0000
0.0000
0.0000
3.6044
0.0000
0.0000
0.0000
0.0000
0.0000
0.0000
0.0000
0.0000
0.0000
0.0000
0.0000
0.0000
0.0000
0.7269
0.0000
0.0000
0.7333
0.0000
0.0000
0.0000
0.0000
0.2412
0.0000
0.0000
0.0000
0.0000
0.2618
1.3748
0.0000
0.0000
0.0000
0.0000
0.2583
0.0000
0.8299
0.0000
0.0000
0.0088
0.0000
0.0000
0.0000
0.0000
0.0000
2.6255
0.0000
1.4226
0.0000
0.1106
0.8149
0.0000
0.0000
0.0000
0.0000
0.0000
0.0000
0.0000
0.0000
0.1742
0.0685
0.0000
2.6913
0.0000
0.0000
1.4418
0.0000
0.0000
0.0000
0.0000
0.0000
0.0000
1.6403
0.0000
0.0000
0.8075
2.8399
2.6392
0.0000
0.0000
0.0000
0.0000
0.0000
0.0000
0.0000
0.0103
0.0000
0.0000
0.0000
2.2706
0.0000
1.0011
0.0000
0.0000
0.0000
0.0000
1.2864
1.9378
0.0000
0.0000
0.0000
0.0000
0.0000
0.0000
0.0000
0.2348
0.0000
0.0000
0.0000
0.0000
0.0000
3.1498
0.0000
0.0000
0.3095
0.0000
0.8202
0.0000
0.0000
0.0000
0.0000
0.0000
0.0000
0.0000
4.1103
1.4363
0.3592
0.7770
0.0000
0.0000
0.0000
0.0000
0.0000
0.0000
1.7525
0.0000
0.0000
0.0000
0.0000
0.6320
0.4555
0.0000
0.0000
0.0000
2.0018
0.0000
4.1796
0.0000
4.6452
0.0000
1.3370
0.0000
0.0000
0.0000
0.0000
1.0809
0.0000
0.0000
0.0000
0.0000
2.8365
0.0000
0.0000
0.0000
1.1785
0.0000
0.0000
4.9580
0.0000
2.7029
0.0000
1.2986
0.0000
0.0000
0.0000
0.0000
0.5635
1.0934
0.0000
0.0000
1.0314
0.0000
0.7746
2.3149
0.7120
0.6622
0.0000
0.0000
0.8428
1.3696
0.0000
0.0000
0.0000
0.0000
0.0000
0.0000
0.0000
0.0000
4.7182
0.0000
0.0000
0.0000
0.0000
0.0000
0.0000
0.0000
0.0000
0.0000
2.8965
0.0000
3.5249
0.0000
3.9769
0.0000
0.0000
0.0000
1.2747
1.1924
0.4291
0.0000
2.7465
0.0000
0.0000
0.0000
0.0000
4.9384
0.0000
0.0000
1.0351
0.0000
0.0000
2.1084
0.0000
0.6849
0.0000
1.6092
0.0000
1.1761
0.0000
0.0000
0.0000
0.0000
0.7110
0.0000
0.0000
1.5261
0.0000
0.8466
0.0000
2.0746
0.0000
0.0000
0.0000
0.0000
0.0000
0.0000
0.0000
0.0000
0.0000
1.1935
0.6947
1.9615
0.0000
0.0000
0.0000
0.0000
0.0000
0.0000
0.0000
0.0751
0.0000
0.0000
0.0000
0.0000
0.0000
0.9400
0.0000
0.0000
0.5850
0.0000
0.0000
0.0000
0.0000
0.0000
0.0000
0.0000
0.0000
0.0000
0.0000
0.0000
1.2595
0.0000
0.0000
1.8984
0.0000
0.0000
1.0379
0.0000
2.0316
0.0000
0.0000
0.0000
1.1228
0.2804
0.0000
0.0000
0.0000
0.0000
0.1045
1.9838
0.0000
0.0000
0.0000
0.0000
0.0000
2.5305
0.0000
0.0000
0.4670
0.9537
0.0000
0.0000
0.0000
0.3139
0.0000
0.0000
0.0000
0.0000
0.4909
0.0000
0.0000
0.0000
0.0000
0.0000
0.0000
0.0000
0.0000
0.0000
0.0000
0.0587
0.0000
0.0000
0.0000
2.4970
1.9510
0.3983
0.0000
0.0000
0.0000
0.0000
0.3373
0.0000
0.0000
0.0000
0.0000
0.9237
0.0000
0.0000
0.3296
0.0000
0.0000
0.0000
0.0000
0.0000
0.0000
3.3512
0.0000
0.4772
0.1406
3.3762
0.0000
0.0000
0.4778
1.7586
4.9011
0.0000
0.7950
0.0000
0.0000
0.0000
0.8915
1.2810
0.0000
0.0000
0.0000
0.0000
0.0000
0.0000
0.0000
1.8523
0.0000
0.0000
0.0000
0.0000
0.0000
0.2102
0.0000
0.0000
0.0000
1.1762
0.8525
0.0000
0.0000
0.0000
0.0000
0.0000
0.0000
0.0000
0.0000
1.1968
0.0000
2.5049
0.4925
0.2648
0.0000
0.0000
0.0000
0.0000
0.0000
0.0000
0.0000
0.0000
2.8567
0.0000
0.0000
0.0000
0.0000
0.7509
0.0000
0.0000
0.0000
1.5207
0.0000
0.0000
0.0000
0.9641
0.0000
0.0000
0.0000
0.0000
0.0000
0.0000
0.0000
0.5502
0.0000
0.0000
0.0000
1.1734
0.5365
0.0000
0.0000
2.3551
0.0000
1.9537
0.0000
0.0000
3.5198
0.0000
0.0000
0.0000
0.0000
0.0000
1.3376
0.0000
0.0000
0.0000
0.0000
0.0000
0.0000
0.0000
1.1917
3.3932
0.0000
0.4751
0.0000
0.0000
0.0000
0.0000
0.8152
0.0000
0.7338
0.0000
0.0000
0.0000
0.4524
3.4590
0.0000
0.0000
3.2382
0.0000
0.0000
2.1115
0.0000
0.0000
0.0000
0.0000
0.0000
0.0000
0.0000
0.0000
0.0000
1.4083
0.0000
0.0000
1.2770
0.0000
0.0000
0.0000
0.0000
0.0000
0.0000
1.6415
0.0000
0.0000
2.5927
0.0000
0.0000
0.0000
1.6200
0.0000
0.0000
0.0000
0.0000
0.0000
0.0000
0.0000
0.0000
0.0000
0.0000
0.0000
0.0000
0.8397
0.3686
0.0000
1.3679
0.0000
0.0000
0.0000
2.1621
0.0000
0.0000
0.6617
0.0000
0.0000
0.0000
0.0000
0.0000
0.0000
0.0000
0.0000
0.1105
0.0000
0.0000
0.0000
0.0000
0.0000
0.4426
0.0000
0.0000
0.0000
0.0000
0.0000
0.0000
0.0000
0.0000
0.0000
0.0000
0.6938
3.2309
0.0000
0.1910
0.0000
0.0000
0.0000
0.0000
0.0000
0.0000
0.0000
0.0000
0.0000
0.0000
0.0000
0.6274
0.0000
0.0000
0.0000
0.7594
0.0000
1.1021
1.4192
0.0000
0.0000
0.0000
0.0000
2.4321
0.3601
1.3425
2.2787
4.1950
0.0000
0.0000
0.0000
0.0000
0.0000
0.0000
0.0000
0.0000
0.0000
0.0000
1.3990
0.0000
0.0000
0.0000
0.0000
0.0000
0.0000
1.5262
0.1443
2.2283
0.0000
3.8843
0.0000
0.0000
0.0000
0.0000
0.0000
2.5767
0.0000
0.0000
1.8157
0.0000
0.0000
0.6709
0.0000
0.0000
0.0000
0.0000
0.0000
0.0000
0.0000
1.1620
0.0000
0.0000
0.0000
1.1064
0.0000
0.0000
0.0000
3.1145
0.0000
1.0780
0.0000
0.0000
0.1889
0.0000
0.9996
0.0000
0.0000
0.0000
0.6123
0.0000
0.2657
2.1820
0.0000
0.0000
0.0000
1.0155
0.0000
0.0000
0.0000
0.0000
0.0000
0.0000
0.0000
0.0000
0.0000
0.0000
0.0000
0.0000
0.0000
0.0000
0.0000
0.0000
0.0000
1.8981
3.4566
0.0000
0.0000
0.6085
0.0000
2.3982
0.0000
0.8777
0.0000
0.0000
1.0606
0.0000
0.0000
0.0000
0.0000
0.0000
1.4396
0.0000
0.0000
0.0000
0.0000
0.0000
0.0000
2.1691
0.0000
0.0000
5.0461
0.0000
0.0000
0.0000
0.6284
0.0000
0.0000
1.0479
5.3115
1.5941
0.0000
0.0000
0.0000
0.0000
0.0000
0.0000
0.0000
0.0000
0.0000
0.0000
0.0000
0.0000
0.0000
0.0000
0.0000
0.5073
0.0000
0.9123
0.0000
0.0000
0.0000
1.4929
0.0000
0.0000
0.0000
0.0000
0.0000
0.0000
0.9065
1.8611
0.0000
0.0000
0.0000
0.0000
3.5776
0.0000
1.2802
0.0000
0.0000
0.5810
0.0000
0.1591
0.0000
0.0000
0.5478
0.9706
0.2537
0.7241
0.0000
0.0000
0.0000
0.0000
0.0000
3.2921
0.0000
0.0000
0.0000
0.0000
0.0000
0.0000
0.0000
0.0000
0.0000
0.0000
0.2358
0.0000
0.0000
0.0000
1.4296
0.0000
0.0000
0.0000
1.6383
0.0000
0.0000
0.0000
0.0000
0.0000
0.0000
0.8063
0.0000
0.7539
0.0000
2.7011
0.0000
0.0000
0.0000
0.0000
0.0000
0.0000
0.0000
0.0000
0.0000
0.9328
0.0000
0.0000
0.0000
2.5317
0.0000
0.0000
2.1360
0.0000
0.0000
0.0000
0.0000
1.1225
0.0000
0.0000
0.0000
0.0000
0.3163
0.0000
0.0000
0.0000
0.0000
0.0000
0.0000
0.0000
0.0000
0.0000
0.0000
0.0000
0.0000
0.2367
2.3943
0.0000
1.3696
0.0000
2.0661
0.0000
0.0000
0.0000
0.0000
0.0000
0.0000
0.0770
1.8288
1.0855
4.2967
0.0000
0.0000
0.0000
0.0000
0.0000
0.0000
0.0000
0.0000
1.6211
0.0000
0.0000
0.0000
0.0000
0.0000
0.0000
1.5922
0.0000
0.0000
0.0000
0.0000
1.2088
0.0000
0.0000
0.0000
1.4236
0.0000
0.0000
1.5485
0.0000
0.0000
0.0000
0.0000
0.0000
0.0000
0.0000
0.0000
0.0000
0.0000
0.0000
0.0000
1.7731
0.0000
1.1450
0.0000
2.6890
0.0000
0.0000
0.0000
1.9738
0.0000
0.0000
0.0000
0.0000
1.2505
0.0000
2.0103
0.0933
0.0000
0.5710
0.9137
3.0643
0.0000
0.4840
0.1837
0.0000
0.0000
0.0000
0.0000
0.0000
0.0000
0.0055
0.2043
0.0000
0.0000
1.8510
0.0000
1.9385
0.0000
0.0000
0.0000
0.0000
0.0000
0.0000
0.0000
3.0229
0.0000
2.6359
3.6906
0.0000
0.0000
0.9256
0.0000
0.0000
0.0000
2.2520
0.5692
0.0000
0.4654
0.0000
2.4778
0.0000
0.0000
1.9551
0.0000
0.0000
0.2900
0.0000
0.0000
1.0017
0.0000
0.0000
0.7579
0.0000
0.2573
0.0000
0.0000
4.1506
0.0000
2.1676
0.0000
0.0000
0.0000
0.2248
0.0000
0.0000
0.0000
0.0000
0.0000
2.4020
1.9946
0.0000
3.6446
0.0000
0.0000
0.9425
0.2124
0.0000
0.0000
0.0000
1.1722
0.1993
0.0000
0.0000
1.4191
0.0000
0.0000
2.7628
0.0000
0.5308
0.0000
0.0000
0.0000
0.0000
0.0000
0.0000
0.0000
0.0000
0.0000
0.0000
0.0000
1.0132
0.2501
0.0000
0.0000
0.0000
0.8944
0.0000
2.8293
4.7286
1.9028
0.0000
0.0000
0.0000
0.0000
0.5225
0.0000
1.5674
0.0000
0.0000
0.6262
2.9920
0.0000
0.0000
0.3238
0.0000
0.0000
0.0000
0.0000
0.0000
1.1420
0.0000
2.8318
0.0000
0.0000
1.2722
0.0000
0.0000
0.0000
0.0000
0.0000
0.8030
0.0000
0.0000
0.0000
0.0000
0.0000
0.2641
0.6278
0.0000
0.0000
0.0000
0.0000
0.0000
0.0000
0.0299
0.0000
0.0000
0.0000
0.0000
0.0000
0.0000
2.7404
0.0000
0.0000
0.0000
1.8270
0.0000
0.0000
0.0000
0.0000
1.7029
0.0000
0.4260
0.6919
0.0000
0.0000
0.8520
0.0000
0.0000
0.0000
0.0000
0.0000
0.0000
1.1057
3.7854
0.0000
0.0000
0.0000
0.0000
0.0000
0.0000
0.0000
0.3600
0.0000
0.5145
0.0000
0.0000
0.0000
0.0000
0.0000
1.1581
0.0000
0.1689
1.6995
0.0000
0.0000
0.0000
2.2348
0.4917
0.2021
0.0000
0.0000
0.0000
0.0000
0.0000
0.3578
0.0000
1.5393
0.0000
0.4991
0.3964
0.0000
0.0000
0.0000
0.0000
0.0000
0.0000
0.0000
1.9158
0.0000
0.0000
1.3505
2.3424
0.5423
0.3407
0.0000
0.0000
0.0000
0.0000
0.0000
0.0000
4.3266
0.0000
0.0000
1.5951
0.7464
0.0000
0.0000
0.9919
1.6904
0.0000
1.7770
0.0000
0.0000
0.0000
0.0000
0.0000
0.0000
0.0000
0.0000
0.0000
0.0000
0.0000
2.4895
3.0777
0.0000
2.5591
1.9114
0.0000
0.0000
0.0000
3.6734
0.0000
0.0000
0.0000
2.3401
0.5775
0.0000
0.0000
2.6334
0.4971
0.0000
1.0699
1.5922
0.0000
0.0000
0.0000
0.0000
0.0000
2.1672
1.6588
0.0000
0.0000
0.0000
0.0858
2.8655
0.0000
0.0000
0.0000
0.0000
0.0000
0.0000
0.0000
0.0000
0.0000
0.0000
0.0000
0.0000
0.6387
0.0000
0.0000
0.5028
0.0946
0.0000
0.0000
0.8034
0.0000
0.0000
0.0000
0.0000
2.0196
0.0000
0.0000
0.0000
2.3153
0.0000
0.0000
0.0000
0.0000
0.0000
0.0000
0.0000
0.0000
0.0000
0.0000
0.0000
0.0000
0.7032
0.0000
1.3763
0.0000
0.0000
0.4748
0.0000
0.0000
0.0000
0.0000
1.5808
0.0000
0.0000
0.0000
0.0000
0.0000
0.0000
0.0000
0.0000
0.0000
0.0000
0.0000
0.0000
0.6478
0.0000
0.0000
0.0000
0.0000
0.2342
0.0000
0.0000
0.0000
0.0000
0.0000
0.0000
0.4506
0.0000
0.0000
1.8255
1.5267
0.0000
6.1629
0.0732
0.6953
0.2136
0.0000
0.0000
0.8819
0.0000
0.0000
0.0000
0.0000
0.0000
0.0000
0.0000
3.3061
1.5700
0.0000
0.0000
0.0000
0.0000
0.0000
0.0000
0.2399
2.5519
0.0000
0.0000
0.0000
0.0000
0.0000
0.0000
0.4466
0.0000
0.0000
0.0000
0.8932
0.0000
0.0000
0.0000
0.0000
0.0000
0.0000
0.0000
0.0000
0.0000
0.0000
0.3270
2.9649
2.6810
0.0000
0.0000
0.0000
0.0000
1.7442
0.0000
0.4903
0.0000
0.2100
0.7090
1.7567
0.0000
0.0000
0.0000
0.0000
0.2544
0.0000
0.0000
0.0000
0.0000
0.0000
0.0000
0.0000
0.0000
0.0000
0.0000
0.0000
1.0206
0.8813
0.0000
2.3243
0.0000
0.0000
0.0000
0.0000
0.0000
0.0000
0.3306
0.0000
0.0000
0.0000
0.0000
0.0000
0.0000
0.0000
0.0000
0.0000
0.7649
1.7751
0.4430
0.0000
0.0000
0.0000
0.0000
0.0000
0.0000
0.0000
0.0000
0.0000
0.0000
0.9642
5.1985
0.0000
0.0000
0.0000
5.8467
1.4476
0.0000
0.0000
2.5406
0.0000
0.0000
1.7770
0.0000
0.0000
0.0000
0.7350
1.6646
0.0000
0.0000
0.0000
0.0000
3.0731
0.0000
0.0000
0.0000
2.1230
0.0000
0.0000
2.0739
0.0000
2.2427
0.0000
0.0000
0.0000
0.0000
0.0000
0.0000
0.0000
1.4504
0.0000
1.0182
0.0000
0.0000
0.0000
0.2382
0.0000
1.2698
0.0000
0.0000
0.0000
0.0771
0.0000
0.1077
0.0000
0.0000
0.0000
1.7022
0.0000
0.0000
1.1634
0.0000
0.0000
0.0000
0.0000
1.5600
0.0000
0.0000
2.5669
0.0000
0.0000
0.3505
2.0173
0.0000
0.0000
0.0000
1.1751
0.0000
0.0000
0.0000
0.0000
0.0000
0.0168
0.0000
0.0000
0.0000
1.8578
0.0000
0.0000
0.0000
0.9206
0.0000
0.0000
1.1885
1.1318
3.8595
0.1733
0.0000
0.0000
1.3947
1.9491
0.0000
0.0000
0.0000
1.0166
0.0000
0.0000
0.0000
1.1425
0.0000
0.0000
0.0000
0.0000
3.0544
6.8231
0.0000
0.9885
0.0000
0.0000
0.0000
0.0000
0.0000
0.0000
0.0000
0.0000
0.0000
0.0000
0.0000
0.0000
0.0000
0.0000
0.0000
0.0000
0.0000
0.0000
1.3451
0.0000
0.0000
0.0000
2.0824
0.0000
1.0458
0.0000
0.0000
0.5634
0.0000
0.0000
0.1949
1.7897
0.0000
0.0000
3.6798
0.0000
0.7084
0.4960
2.0891
0.0000
0.0000
0.3587
0.0000
0.0000
0.0000
0.6972
0.0000
1.1185
0.0000
0.0000
4.2851
0.0000
0.0000
0.0000
1.1845
0.0553
0.0000
0.0000
1.5625
0.0000
0.0000
0.0000
0.0000
0.8061
0.0000
0.0000
0.0000
0.0113
0.0000
0.0000
0.0000
0.0000
0.0000
0.0000
0.0000
0.0000
0.0000
0.0000
0.0000
0.0000
0.0000
1.7398
0.0000
0.0000
0.3324
0.0000
0.0000
0.0000
0.0000
1.5845
0.0000
0.0620
0.0000
0.0916
0.0000
0.0000
0.0000
0.0000
0.6125
0.0000
0.0000
0.0000
0.0000
0.0000
0.0000
0.0000
0.0000
0.0000
0.0000
0.0000
0.0000
0.0000
0.0000
0.2299
0.0000
0.6500
0.0000
0.0000
0.0000
0.1393
0.0000
0.0000
0.0000
0.0000
1.6450
0.4164
0.0000
1.5585
0.0000
0.8184
0.0000
0.0000
4.0799
0.0000
0.0000
0.0000
0.0000
3.3341
0.8064
0.7045
0.0000
0.0000
0.0000
0.0000
1.3490
0.0000
0.0000
0.0000
0.0000
0.0000
0.0000
0.0000
1.0312
0.0000
0.0000
0.0000
0.2204
0.0000
0.0000
0.0000
0.0000
0.5674
0.0000
0.0000
0.0000
0.0000
1.2713
0.0000
0.0000
0.0000
1.2927
0.0000
0.5260
0.2438
0.0000
0.0000
0.0000
0.0000
1.1729
1.9791
0.0000
0.0000
0.0000
0.0000
0.0000
0.0000
0.9920
0.0000
0.0000
1.7996
0.3715
0.0000
0.0000
1.4745
0.0000
0.0000
0.0000
0.0000
0.0000
0.0000
0.7552
0.0000
0.0000
0.4374
0.0000
1.1689
0.0000
1.1860
0.0941
0.0000
0.0000
0.0000
0.5156
0.0000
0.0000
0.0000
0.0000
2.6094
0.0000
0.0000
0.0000
0.0000
0.0000
0.0000
1.3424
2.9235
0.0000
0.0000
0.0000
0.0000
0.0000
0.0000
0.0000
0.0000
0.0000
2.4423
0.1567
0.0000
0.2931
0.5842
2.0765
0.0000
0.0000
0.0000
0.0000
0.0000
0.0000
0.0000
0.2113
5.1037
0.0000
1.7783
3.1838
0.0000
0.0000
0.0000
2.6389
0.0000
1.1666
1.2513
0.8731
0.0000
0.0000
0.0000
0.0000
0.0000
0.0000
0.0000
0.0000
0.0000
0.0000
1.0347
0.0000
0.0000
0.0000
1.2033
0.0000
0.0000
0.0000
0.0000
0.0746
1.1862
0.0000
0.0000
0.0000
0.0000
0.0000
0.0000
3.1856
0.3021
3.3490
0.0000
0.0000
1.0304
2.4377
0.0000
0.3426
0.0000
0.0000
0.0000
1.3798
0.0000
0.0411
2.4273
0.0000
0.0000
0.0000
0.0721
0.0000
0.0000
0.0000
2.1227
0.0681
0.0000
0.0000
2.3272
0.0000
1.4177
0.0000
0.0000
0.0000
1.1649
0.0000
1.6264
0.0000
0.0000
0.7903
0.0000
0.0000
1.2562
0.0000
1.7416
1.7192
0.0000
0.0000
0.0000
0.0000
0.0000
1.0548
0.0000
0.0000
0.0000
2.3386
0.0000
0.0000
0.0000
0.3266
0.0000
0.0000
0.0000
0.0000
0.0000
0.0000
0.0000
0.0000
0.0000
0.2666
0.0000
0.0000
0.8936
0.0000
0.0000
0.0000
2.9252
0.0000
0.0000
0.7416
0.0000
0.2596
0.0000
1.1000
2.8211
0.0000
3.9331
0.0000
0.0000
0.6128
0.0000
0.4538
0.0000
0.3846
0.0000
0.0000
2.4035
0.0000
0.0000
1.4608
0.0000
0.0000
0.0000
0.1418
0.0000
0.0000
0.0000
0.0000
0.0000
0.0000
0.0000
0.0000
0.0000
1.9645
0.0000
1.5186
2.0085
0.0000
0.0000
1.4392
0.0000
0.0000
0.0000
0.2252
0.0000
1.2839
0.0000
0.0000
1.3914
0.0000
1.0708
0.0000
0.0000
0.0000
0.2042
0.0000
0.2419
0.0000
0.0000
1.3323
1.3562
0.0000
0.0000
0.0000
0.0000
0.0000
0.0000
0.0000
0.0000
0.0000
0.0000
0.1881
0.8237
0.0000
0.0000
0.0000
0.0000
0.0000
0.3745
0.0000
0.0000
3.0799
1.1592
0.4068
0.0000
0.0000
0.0000
0.0000
0.0000
0.3839
0.0000
0.0000
0.0000
0.0000
0.0000
0.5307
4.8013
3.3109
0.0000
0.0000
0.0000
1.1213
2.9071
0.0000
0.0000
0.0000
0.0000
0.0000
0.0000
0.0000
0.0000
0.0000
1.0425
0.0000
0.0000
0.0000
2.6360
0.0000
0.0000
0.4383
0.0000
0.0000
1.4920
0.0000
0.0000
0.0000
0.0000
3.5864
0.0000
0.0000
0.0000
0.0000
0.0000
0.0000
0.0000
3.1700
0.1062
0.0000
0.0000
4.4463
0.9605
0.0000
0.0000
0.0000
0.0000
0.0000
1.2448
1.1604
0.0000
0.0000
3.1524
0.0000
0.0000
0.0000
0.0000
1.2882
0.0000
0.0000
0.0000
0.8402
0.0000
1.3921
0.0000
0.0000
1.6142
0.0000
0.2279
0.0000
0.0000
0.0000
2.6562
0.0000
0.0000
0.0000
0.0000
3.3653
0.0890
1.0611
0.0000
0.0000
1.4748
0.0000
0.0000
1.8025
0.7508
0.0000
0.0000
0.0000
0.0000
0.0000
0.0000
0.0000
0.0000
0.0000
0.0000
0.0000
0.0000
0.0000
0.0000
0.0000
1.6410
0.0000
1.0936
0.0000
0.0000
0.6556
0.0000
0.0000
0.0669
0.0000
0.0000
0.0000
0.0000
0.4610
0.0000
0.0000
0.0000
0.0134
1.3414
1.7821
0.1099
0.1745
0.0000
3.0219
0.0000
0.0000
0.0000
0.0000
0.0000
0.0000
0.0000
0.0000
0.0000
0.0000
0.0000
0.0000
0.0000
0.0000
0.0000
2.1573
0.0000
0.0000
1.4701
1.3219
0.6235
0.0000
2.3031
1.6464
0.0000
5.1210
0.0000
1.2024
1.4449
1.9183
0.0000
0.0000
0.0000
0.0000
0.0000
0.0000
0.0000
0.0000
0.0000
0.0000
0.0000
0.0000
0.0000
3.0733
0.0000
0.3591
0.0000
3.3251
3.3536
0.0000
0.7240
5.8401
1.6710
0.0000
0.0000
0.0000
0.1763
0.0000
3.1633
0.0000
0.0000
0.0000
0.2658
0.0000
0.0000
0.0000
1.8532
0.0000
0.0000
2.3525
0.0000
1.1501
0.0000
1.0940
0.0000
0.0000
4.4721
0.0000
0.0000
0.0000
0.0000
0.0000
2.6378
0.0000
1.6719
0.9261
0.5138
3.8027
0.0000
1.0547
0.0000
0.0000
0.0000
0.0000
0.0000
0.0000
0.0000
0.9197
3.2400
0.9363
0.0000
0.0000
1.3691
0.0000
1.5251
0.0000
0.0000
0.0000
0.0000
0.0000
0.0000
0.0000
0.0000
0.0000
0.0000
0.0000
0.0000
1.8645
0.0000
0.2821
0.0000
0.0000
0.0000
0.0000
0.0000
4.8313
0.0000
0.0000
1.0656
0.0000
2.5402
0.5177
4.3460
0.4347
0.0000
2.8917
0.0000
0.0000
0.0000
0.8781
0.0000
0.0000
0.0000
0.0208
0.0000
0.0000
0.0000
0.0000
0.0000
0.8777
0.5655
0.0000
0.0000
0.9522
0.0000
1.0949
0.0000
0.0000
0.0000
2.8274
0.0000
0.0000
0.0000
4.4419
0.0000
1.6066
0.4652
0.0000
0.0000
0.0000
0.0000
0.8893
0.0000
0.0000
0.0000
0.0000
2.8908
0.0000
0.0000
0.0000
0.0000
0.0000
1.1226
0.0000
0.0000
0.0000
0.0000
0.0000
0.0000
0.0000
2.5259
0.0000
0.0000
0.0000
4.6246
0.0000
0.8638
0.0000
0.1752
0.0000
0.0000
0.0000
0.0000
0.0000
0.0613
0.0000
0.0000
0.4922
0.0000
0.0000
0.0000
0.0000
0.0000
0.0000
0.0000
0.0000
1.7234
0.5650
0.0000
0.0000
0.0000
0.0000
0.0000
0.0000
0.0000
0.0000
0.0000
0.0000
0.0000
0.3218
1.0077
0.0000
0.7169
0.0000
0.0000
0.0000
0.0000
0.4128
0.0000
0.0000
0.0000
0.0000
0.0530
1.3264
0.0000
0.0000
0.0000
0.0000
0.0000
1.5044
1.6616
0.0000
0.0000
0.0000
0.0000
0.0000
3.2603
0.0000
1.9186
0.0000
0.0000
0.0000
0.0000
0.0000
0.6436
1.1708
2.3221
0.0000
0.0000
0.0000
0.5416
0.0000
0.0000
0.0000
0.0000
0.0000
1.4916
0.0000
0.5085
1.1167
0.0000
0.0000
0.0000
0.1207
0.0000
0.0000
0.0000
1.9488
0.0000
0.0000
0.0000
0.0000
3.8412
0.5947
1.5334
0.0000
1.8647
0.0000
0.4386
0.0000
3.4695
0.5768
0.0000
0.0000
0.0000
0.8688
0.0000
0.0000
0.3236
0.0000
0.0000
0.0000
0.9879
0.0000
0.0000
0.2058
2.3120
0.0000
0.0000
0.0000
0.0000
0.0000
1.7253
2.6792
0.0000
0.0000
0.0000
0.0000
0.0000
0.0000
0.0000
0.0000
0.0000
1.3025
0.4218
0.0000
0.6458
0.0000
0.0000
0.1928
0.0000
3.0773
0.0000
0.5316
0.0000
0.0000
3.1820
0.0000
0.0000
0.0000
0.0000
0.0000
0.0000
0.0000
0.0000
0.0000
0.0000
1.6254
0.0989
0.0000
0.0000
1.5088
0.0000
0.0000
0.0000
0.0000
0.0000
0.5031
0.0000
0.0000
0.0000
0.0000
0.0000
0.1133
0.0000
0.0000
0.0000
0.0000
0.0000
0.0000
0.0000
0.1244
0.0000
0.0000
0.1481
2.2124
0.0000
0.0000
0.0000
0.0000
0.7281
0.0000
0.0000
0.0000
0.4167
0.0000
3.7611
0.0000
0.0000
0.0000
0.0000
0.0000
0.0000
0.0000
0.8274
0.0000
2.5566
0.0000
0.1362
0.0000
1.0627
0.4481
2.1417
0.0000
1.6888
0.6327
0.0000
0.0000
1.7482
0.0000
2.7788
0.0000
0.9432
0.0000
0.0000
0.0000
0.0000
0.8759
0.0000
1.7259
1.4330
0.0000
0.0000
0.0000
0.0000
1.4554
1.0176
0.0000
0.0000
0.0000
0.0000
0.0000
0.0000
2.5646
0.8983
0.0000
0.2716
0.0000
0.1884
0.0000
0.0000
1.7640
1.3858
0.0000
0.0000
0.9078
0.0000
0.0000
4.8572
0.1499
0.0000
0.0000
0.0000
2.9926
0.0986
0.0000
0.0000
0.0000
0.0000
0.0000
1.0507
0.0000
0.0000
4.0735
0.0000
0.0000
0.0000
0.0000
0.0000
0.0000
0.3626
0.0000
0.0000
0.0000
1.4587
0.2399
0.0000
0.0000
0.0000
0.4909
0.0000
0.2486
5.8144
0.0000
1.2046
0.0000
1.1884
0.6828
0.0000
0.0000
0.0000
0.0000
0.1410
0.0000
5.7169
0.0000
0.0000
0.0000
0.0000
0.0000
0.0000
0.2156
0.0000
0.0244
0.0000
0.0000
0.0000
0.0000
0.0000
0.0000
0.5655
4.3229
0.0000
0.0000
0.0000
0.0000
0.0000
0.0000
0.0000
0.0000
0.0000
0.3130
2.7587
0.0000
0.0000
1.5091
0.9832
0.0000
0.0000
0.0000
0.3335
0.0000
0.9897
0.0000
0.9007
0.0000
0.2897
0.0000
0.0000
0.0000
3.9239
0.0000
3.2065
0.0000
0.0000
0.0000
0.0000
0.7696
0.0000
0.0000
0.5874
2.1164
0.0000
0.0000
0.0000
0.0000
2.3677
0.0000
0.6640
0.2995
0.0000
0.0000
0.5444
0.0000
0.0000
0.0000
0.0000
1.0291
0.0000
0.4533
1.1738
0.0000
0.4223
0.0000
0.0000
0.0000
2.9446
0.0000
2.7431
0.9964
1.2608
1.3559
0.6429
0.0000
0.0000
0.0000
0.0000
0.0000
0.0000
0.0000
0.0000
0.0000
0.0000
0.0000
0.0000
1.3280
0.0000
0.0000
0.0000
0.0000
0.0000
0.0000
0.0000
0.0000
0.0000
0.0000
0.0000
5.8194
0.0000
0.0000
0.0000
0.0000
0.0000
0.0000
0.0000
0.0000
0.0000
0.0942
0.8307
0.0000
0.1347
2.7433
1.5727
0.0000
2.1217
0.0000
0.0000
0.0000
0.0000
0.4360
0.0000
0.0000
0.0000
0.2504
0.0000
0.0000
0.0000
0.0000
0.0000
0.0000
0.3190
0.0000
0.0000
0.0000
0.5513
0.0000
0.0000
0.0000
0.0000
3.6331
0.0000
1.3588
1.1454
0.0000
0.0000
0.5314
0.0000
0.0000
0.0000
0.0000
0.0000
0.0000
0.4962
0.0000
0.1282
0.0000
0.0000
0.0000
1.4077
1.1069
0.0000
2.0129
1.0016
0.0000
0.0000
0.0000
2.4938
0.0000
1.6561
0.5272
0.0000
0.0000
0.1410
1.7603
0.1685
0.0000
0.0000
0.0000
0.0000
0.0000
0.0000
0.0000
0.0000
0.0000
0.0105
1.2689
0.0000
0.0000
0.0000
0.0000
0.0000
1.3333
0.3412
0.6399
3.5242
0.0000
0.0000
0.0000
0.0000
0.0000
0.1718
0.4086
0.0000
0.0000
1.1389
3.1798
0.0000
4.5846
0.0000
0.0000
0.0000
0.0000
0.0000
0.0000
0.0000
0.0000
2.0802
0.0000
0.0000
2.8806
0.0000
0.0000
0.0000
0.0000
0.1990
3.8132
0.6606
0.0000
0.0000
0.0683
0.0000
0.0000
0.0310
0.0000
2.5413
0.0000
0.0000
0.0000
0.0000
0.0000
0.0000
0.4592
0.0000
0.0000
0.0000
0.0000
0.0000
0.0000
0.0000
0.0000
0.0000
1.7204
0.0000
1.9496
0.0000
0.8700
0.0000
1.9525
0.0000
0.0000
2.3169
0.0000
0.0000
0.0000
0.6142
0.0000
0.0000
0.0000
0.0000
4.3293
2.0366
1.0059
0.0000
0.0104
0.0000
0.0000
0.2826
0.0000
0.0000
0.0000
0.7504
0.0000
0.0000
0.0000
0.0000
0.0000
0.0000
0.0000
0.0000
0.0000
0.0000
0.0000
3.5876
0.0000
0.0000
3.8246
0.0000
0.0000
0.0000
0.0000
0.0000
0.0000
0.0000
0.0000
0.0000
0.0000
0.8302
1.5078
1.5294
0.3006
1.2611
0.2083
0.0000
0.0000
0.0000
0.7393
0.0000
0.0000
0.0000
0.0000
4.8742
0.0000
0.0000
0.0000
1.0079
0.0000
0.0000
0.0000
0.0000
0.0000
0.7031
0.0000
0.0000
0.0000
0.0000
0.2976
0.0000
0.0000
0.0000
0.0000
0.0000
0.0000
0.0000
0.3833
1.2373
0.0000
0.0000
0.0000
0.0000
0.0000
0.0000
0.0000
0.0000
0.0000
0.0000
0.0000
0.0000
0.0000
0.0000
2.6878
0.0000
0.0000
0.0000
0.0000
0.0000
0.0000
1.2170
0.3380
0.0000
0.0000
0.0000
3.3269
1.3681
1.0143
0.0000
0.0000
0.0000
2.7167
0.0000
0.0000
0.0000
2.5767
1.9541
0.0000
0.0000
0.0000
0.9644
0.0000
0.0000
0.0000
0.5272
0.0000
0.0000
1.9382
3.7398
0.0000
1.1951
0.0000
0.0000
0.0000
0.0000
5.3801
0.3390
0.0000
0.0000
0.0000
0.8894
0.0000
0.0000
1.1454
2.0784
0.0000
0.0000
0.0000
0.0000
0.0000
0.0000
0.9540
0.0000
0.0000
1.5629
0.0000
4.6541
0.0000
0.0000
1.8443
0.0000
4.1086
0.0000
0.8219
0.0000
0.0000
0.2684
0.0000
0.0000
0.6034
0.0000
0.0000
0.0000
0.9879
0.0000
0.0000
0.0000
0.0000
0.7278
0.0000
0.0000
0.0000
0.0000
0.0000
0.0000
1.5514
0.0000
0.8337
2.2096
0.0000
3.6207
0.0000
0.0000
1.1683
2.5731
0.0000
0.0000
1.1201
0.0000
5.6637
0.0000
0.2973
0.0000
1.3663
0.0000
0.0000
0.0000
0.0000
0.0000
0.0000
0.0000
0.8145
1.7921
1.5498
5.4699
0.0000
0.0000
2.2050
0.0000
0.0000
0.0000
0.0000
0.0000
1.8972
0.0000
0.0000
4.5499
0.0000
0.0000
0.0000
3.9837
0.0000
1.6329
0.0000
0.0000
0.0000
0.7157
1.3952
0.3246
1.2439
0.0000
0.0000
1.4109
0.8683
0.3267
0.5288
0.0000
0.0000
0.0000
0.0000
0.0000
0.0000
0.0000
0.0000
0.0000
0.0000
0.0000
0.6146
0.0000
1.1920
0.0000
0.0000
1.1669
0.5309
2.6300
4.3901
0.0000
0.9516
2.2017
0.0000
0.8089
0.0000
0.0000
0.0000
0.0000
1.3405
0.0000
0.0000
0.0000
0.0000
4.4873
0.1461
0.7541
0.5773
0.0000
1.6518
0.0000
0.5028
0.7638
1.3267
0.0000
0.7392
1.5877
0.0000
0.0000
0.0000
0.0000
0.0000
0.0000
0.0000
0.0000
0.6254
1.3501
0.0000
0.0964
0.0000
0.0000
0.0000
2.5669
0.0000
0.0000
0.0000
0.7629
0.0000
0.0000
0.0000
0.0000
3.1331
0.0000
0.0000
1.6519
0.0000
2.5210
0.0000
2.4637
0.0000
0.1205
0.7830
0.0000
0.0000
0.0000
0.0000
0.0000
3.1263
0.0000
0.0000
0.0000
0.0000
0.0000
0.0000
0.0000
0.0000
0.8543
1.0719
0.0000
0.0659
0.0000
0.0000
0.0000
0.1291
0.0000
3.0594
2.7730
1.4355
1.9667
0.0000
0.0000
0.0000
0.0000
0.0000
0.3973
0.0000
1.5063
0.0000
1.9011
0.5600
0.0000
6.8547
0.0000
2.7333
0.0000
0.0000
1.6857
0.0000
0.9987
0.0000
0.0000
0.6163
0.0150
1.4259
0.9468
0.0000
1.4967
0.0000
0.0000
0.0000
0.0000
0.0000
1.5393
0.0000
1.1367
0.0000
0.0000
0.4649
0.0000
