0.1598
0.0000
0.0000
0.0000
1.7822
0.0000
0.0000
0.0000
2.3140
2.5571
1.2996
0.0000
0.0000
0.0280
0.0000
0.0000
0.0000
0.0000
0.0000
0.0000
0.0000
0.0000
3.7863
0.0000
2.1197
0.0000
0.0000
0.0000
0.0000
0.0000
0.0000
0.0000
0.0000
0.0000
0.4066
0.0000
0.0000
0.0000
0.8400
2.4644
0.8095
0.0000
0.0000
0.0000
0.0000
0.8167
0.0000
0.0000
0.0000
0.0000
0.0000
0.1478
0.0000
0.0000
0.0000
0.0000
0.0000
0.0000
0.0000
0.0000
0.0000
2.7801
0.0000
0.0000
0.0000
0.0000
0.0000
0.0000
0.0000
0.0000
0.0000
1.5677
0.0000
0.0000
0.0000
2.0157
0.0000
0.0000
0.0000
0.0000
0.0000
0.0000
0.2341
0.0000
0.0000
0.0000
0.6167
0.0000
0.7553
0.0000
2.2440
0.0000
0.0000
1.9489
0.0000
0.0000
0.0000
0.0000
3.3844
0.0000
0.0000
0.0000
0.0000
0.0000
0.0000
0.0000
0.0000
0.0000
1.4004
0.0000
0.0000
0.0000
0.0000
0.0000
0.0000
0.0000
0.0000
0.0000
0.0000
0.0000
2.4150
0.0000
4.2351
0.0000
0.0000
0.0000
0.0000
0.0000
0.5742
0.9481
0.0000
0.0000
0.0000
0.0000
5.2006
0.0000
0.2537
1.0244
0.0000
1.2967
3.6585
0.0000
1.0391
0.0000
2.9425
0.0000
0.0000
1.4972
0.3884
0.0000
0.0000
0.0625
0.0578
0.5297
0.0000
0.0000
0.0000
0.1036
0.0000
0.2272
1.7253
0.0000
0.0000
0.0000
0.0000
1.1350
0.0000
0.0000
0.0000
1.5239
0.0000
0.0000
0.0000
0.0000
0.0000
0.0000
0.0000
0.7360
0.0000
5.1672
3.2253
2.1187
0.0000
0.0000
0.0000
0.0000
0.0000
0.0000
0.7727
1.6335
0.0000
0.0000
0.0000
0.0000
0.1972
0.7111
0.0000
0.0000
0.0328
3.6460
0.0000
0.0000
0.0000
0.0000
0.0000
0.0000
0.0000
0.0000
0.0000
0.0000
0.0000
0.0000
0.0000
1.1901
0.1556
0.0000
0.0000
0.0000
0.0000
0.1097
0.3513
0.0000
0.0000
0.0000
0.8289
0.0000
0.3494
0.0000
0.0000
0.0613
0.0000
0.0000
0.0000
0.0000
1.0008
0.0000
0.3506
0.6270
5.9371
0.0000
0.0000
0.0000
0.0000
0.0000
0.0000
0.0000
0.0000
0.0000
1.5169
0.0000
0.0000
0.0000
0.0000
0.6249
0.0000
0.0000
0.0000
0.3763
0.0000
0.0000
0.0000
0.0000
0.0000
0.3317
0.0000
0.0000
0.6966
0.0000
0.0000
0.2970
2.0538
0.0678
0.0000
0.5867
0.2663
0.0000
0.0000
0.0000
3.1150
0.0000
3.4179
0.0000
0.0000
0.1545
0.0000
0.0000
0.0000
0.0000
0.0000
0.0000
0.0000
0.0000
0.0000
1.4866
3.3608
0.0000
0.0000
0.0000
0.0000
4.3350
0.0000
0.0000
0.0000
0.0000
0.0000
0.0000
0.0000
0.0000
0.0000
0.0000
0.0000
0.9411
0.0000
0.0000
1.2579
0.0000
0.0000
0.0000
0.0000
1.2522
0.0000
1.3678
0.0000
1.8095
0.0000
2.5589
0.0000
0.0000
0.0000
0.0000
0.0000
0.0467
0.0000
0.0000
0.0000
3.5435
0.7694
0.0000
0.0000
3.2762
0.0000
0.0000
0.0000
0.0000
0.0000
6.7761
0.0000
0.5097
0.0000
0.0000
0.0000
0.2737
2.0965
0.0000
2.9571
2.8081
0.0000
0.0000
0.0000
0.0000
0.0000
0.0000
0.0000
0.0000
0.0000
0.0000
0.0000
0.0000
0.0000
0.0000
0.0000
0.0000
0.0000
0.0000
0.0000
0.6042
0.0000
2.1921
0.0000
0.0000
2.5130
0.0000
2.0196
0.0000
0.0000
0.0000
0.0000
0.0000
0.0000
0.0000
3.3464
0.0000
0.0000
0.0000
0.0000
0.3800
0.0000
0.0000
0.0272
1.0734
0.0000
0.0000
0.0000
0.0000
0.0000
2.0362
0.0000
0.0000
0.2530
0.5225
0.0000
0.0000
0.0000
1.0647
0.9505
0.0000
0.0000
0.0000
0.0000
0.0000
0.0000
0.0000
0.4752
0.0000
0.0000
0.0000
0.0849
0.0000
0.0000
0.0000
0.0000
0.0000
0.0000
0.0000
0.0000
0.0000
0.1428
0.0000
0.1082
0.0000
0.9269
0.0000
0.0000
0.0000
4.2621
0.0000
0.0000
0.2433
0.0000
0.0000
0.0000
0.0000
0.0000
0.0067
0.0000
0.7147
0.0000
0.0000
0.0000
0.0000
0.1664
0.0000
0.7425
0.0000
2.5620
0.0000
0.4612
0.9877
0.0000
0.0000
0.0000
0.0000
0.0000
0.4859
0.0000
1.5455
0.0000
0.0000
0.6262
0.0000
0.0000
0.0000
0.0000
1.6137
0.7071
0.0000
0.0000
0.0000
0.0000
0.1060
0.0000
0.0000
0.0000
0.0000
0.6684
0.0000
0.0000
0.0000
0.0000
0.0000
0.0000
0.0000
2.2556
0.0000
0.0000
0.0000
0.0000
0.0000
0.0000
0.0000
0.0846
0.0000
0.0000
1.7956
0.0000
0.1143
0.0000
0.0000
6.3900
0.0000
0.0000
1.5380
0.0000
0.9522
0.0000
0.0000
1.2312
0.0000
0.0000
0.1072
1.1797
0.9921
0.0000
0.0000
0.1724
0.0329
0.0000
0.0000
0.7568
0.0000
0.0000
0.0000
0.0000
0.0000
0.0000
0.0000
0.0000
0.2313
1.5400
0.0000
0.0000
0.0000
0.0000
0.0000
0.0000
0.0000
0.0000
0.0000
0.9506
0.7463
1.7347
0.8919
0.0000
0.0000
0.0000
0.0380
0.0000
0.0000
0.0000
0.0000
0.0000
0.0000
0.0000
0.0000
0.0000
0.0000
0.0000
0.0000
0.0000
1.0300
0.0000
0.0000
0.0000
0.0000
0.0000
0.0000
0.0000
1.5456
1.8960
0.0000
0.0000
0.0000
0.0000
0.0000
0.4116
0.0000
0.0000
0.0000
3.2994
0.0000
0.0000
0.0000
0.0000
0.3168
0.0000
0.0000
0.0000
0.0000
0.0000
0.0000
0.0000
0.0000
0.0000
4.4099
0.0000
0.1958
1.8409
0.0000
0.0000
0.0000
4.7067
0.0000
0.0000
0.0000
0.0000
0.6728
0.0000
0.0000
0.0000
0.0000
0.0000
0.0000
0.0000
0.0000
0.0000
0.6603
0.0000
0.0000
0.0000
0.0000
0.0000
0.0000
0.0000
0.0000
2.0212
0.0000
0.0000
0.0000
0.0000
0.0000
0.0000
0.0000
0.0000
0.0000
0.0000
0.0000
0.0000
0.0000
0.0000
0.0000
0.0000
2.5392
2.2276
0.0000
0.0000
0.0000
0.0000
0.0000
0.0000
0.0000
0.7427
0.0000
0.0000
0.0000
0.0000
0.0000
0.0000
0.0000
0.0000
0.0000
0.5465
0.3673
0.0000
0.0000
0.0000
1.5683
0.0000
0.0000
0.0000
0.7229
0.0000
0.0000
2.0754
0.0000
0.0000
0.0000
0.0000
0.0000
0.4541
0.0000
0.5979
0.0000
3.0631
0.0000
0.0000
0.0000
0.0000
0.0000
0.0000
0.0000
0.0000
4.5889
0.0000
0.0688
0.0000
0.0000
0.0000
1.6040
0.0000
0.0000
0.0000
0.0000
0.0000
1.6571
0.0000
0.0000
2.2115
0.0000
0.0000
2.1777
0.0000
0.0000
0.0000
1.1667
0.0000
0.0000
0.0000
1.5507
0.0000
0.9589
1.5546
0.0000
0.0000
2.2523
0.0000
0.0000
0.0000
0.0000
2.3664
0.0000
0.0000
0.0000
0.0000
0.0000
0.0000
0.0000
0.0000
0.0000
0.0000
0.0000
0.3707
0.0000
3.1225
1.1802
0.0000
0.0000
0.0000
0.0000
0.0000
0.0000
0.0000
0.0000
0.0000
0.0000
0.0000
0.0000
0.0000
0.0000
0.0000
0.7741
0.0000
0.8313
0.0000
0.0000
0.0000
0.0000
0.0000
0.0000
0.0000
0.0000
0.0000
0.0000
1.0302
0.8213
0.0000
0.0000
0.0000
0.0000
0.0000
0.0000
0.0000
0.0000
5.3710
0.0000
0.0000
0.0000
0.0000
0.0000
0.0000
0.0000
0.0000
0.0000
0.0000
0.0000
0.0000
0.0000
1.3515
0.0000
0.0000
3.3454
0.0000
0.0000
0.0000
0.0000
0.1707
0.0000
0.0000
0.0000
0.0000
0.0000
1.7956
0.0000
0.0000
0.0000
0.0000
0.0000
0.0000
2.7768
0.0000
0.0000
0.0000
0.0000
0.0000
0.0000
0.0000
0.0000
1.3282
0.0000
0.5704
0.0000
0.0000
0.1650
0.0000
0.0000
0.0000
0.0000
0.0000
0.0000
0.0000
0.0000
0.0000
0.0000
0.0000
3.1815
0.0000
1.8205
0.5456
0.0000
0.0000
0.0000
0.0000
0.0000
0.0000
0.8473
0.0000
0.0000
0.5805
1.4702
1.5467
0.0000
0.0000
0.0000
0.0000
0.0000
0.0000
0.0000
0.7377
0.0000
0.0000
0.0000
1.6971
0.0000
1.8100
0.0000
0.0000
0.0000
0.0000
1.6313
2.0057
0.0000
0.0000
0.0000
0.0000
0.0000
0.0000
0.0000
0.0000
0.0000
0.0000
0.0000
0.0000
0.0000
2.9551
0.0000
0.0000
0.0000
0.3366
0.0000
0.7281
0.0000
0.0000
0.0000
0.0000
0.0000
0.0000
5.1797
0.0000
0.0000
0.0469
0.0000
0.0000
0.0000
0.0000
0.0000
0.0000
0.0000
0.0000
0.0000
0.0000
0.0000
1.3814
0.0000
0.0000
0.0000
0.0000
2.9244
0.0000
3.1705
0.2695
5.6751
0.0000
1.3869
0.0000
0.0000
0.0000
0.0000
1.4820
0.0000
0.0000
0.0000
0.0000
3.3930
0.0000
0.0000
0.5835
0.1600
0.0000
0.0000
3.2557
0.0000
2.5544
0.0000
0.7369
0.0000
0.0000
0.0000
0.0000
1.2289
0.0000
0.0000
0.0000
0.8933
0.0000
0.4853
2.6732
0.3588
1.0090
0.0000
0.0000
0.0000
0.0000
0.0000
0.0000
0.0000
0.0000
0.0000
0.0000
0.0000
0.3684
7.3306
0.2866
0.0000
0.0000
0.0000
0.0000
0.0000
0.0000
0.0000
0.0000
3.1237
0.0000
2.9301
0.0000
3.4869
0.0000
0.0000
0.1315
0.5932
0.6187
0.1057
0.0000
1.9250
0.0000
0.0000
0.0974
0.0000
4.0662
0.0000
0.0000
1.0067
0.0000
0.0000
2.8193
0.5253
0.7843
0.0000
2.3469
0.0000
1.3956
0.0000
0.0000
0.0000
0.0000
0.0000
0.0000
0.0000
1.7105
0.0000
0.4486
0.0000
2.0118
0.0248
0.0000
0.0000
0.0000
0.0000
0.0000
0.0000
1.0228
0.0000
0.0000
0.0000
1.3726
0.0000
0.0000
0.0000
0.0000
0.0000
0.0000
0.0000
2.0883
0.0000
0.0000
0.0000
0.0000
0.0000
1.9982
0.0000
0.0000
0.3119
0.0000
0.0000
0.0000
0.0000
0.0000
0.3933
0.0000
0.0938
1.0697
0.0000
0.0000
0.0000
0.0000
0.0000
0.2667
0.0000
0.0000
0.3318
0.0000
0.4689
0.0000
0.0000
0.0000
0.4985
0.7703
0.0000
0.0000
0.0000
0.0000
0.4111
1.7282
0.0000
0.0279
0.0000
0.0000
0.0000
0.9905
0.0000
0.0000
0.0000
0.0000
0.0907
0.0000
0.0000
1.1449
0.0000
0.0000
0.0000
0.0000
0.0000
0.0000
0.0000
0.0000
0.0000
0.0000
0.0000
0.0000
0.0000
0.0000
0.0000
0.0000
0.0000
0.0000
0.0000
1.7290
0.9576
0.5939
0.0000
0.0000
0.0000
0.0000
0.0000
0.0000
0.0000
0.0000
0.4326
0.0000
0.0000
0.3068
0.0000
0.0000
0.0000
0.0000
0.0000
0.0000
0.0000
4.1248
0.5355
0.0000
0.0000
5.4198
0.0000
0.0000
0.0000
1.6299
4.4462
0.0000
1.7650
0.0000
0.0000
0.0000
1.6253
1.1108
0.0000
0.0000
0.0000
0.0000
0.0000
0.0000
0.0000
2.3500
0.0000
0.0000
0.0000
0.0000
0.0000
0.0000
0.0000
0.0000
0.0000
0.2945
0.3581
0.0000
0.0000
0.0000
0.0000
2.3267
0.0000
0.0000
0.0000
1.3717
0.0000
2.1292
0.0000
0.2181
0.0000
0.0000
0.0000
0.0000
0.0000
0.0000
0.0000
0.0000
2.2287
0.0000
0.0000
0.0000
0.0000
0.0000
0.0000
0.0000
0.0000
1.9304
0.0000
0.0000
0.0000
1.9982
0.0000
0.0000
0.0000
0.0000
0.0000
0.0000
0.0000
0.0851
0.0000
0.0000
0.0000
2.2841
0.1278
0.0000
0.0000
3.7512
0.0000
2.3747
0.0000
0.0000
4.3107
0.0000
0.0000
0.0000
0.0000
0.0000
0.0000
0.0000
0.0000
0.0000
0.0000
0.0000
0.0000
0.0000
1.6151
1.7121
0.0000
0.3266
0.0000
0.0000
0.0000
0.0000
0.0218
0.0000
0.0000
0.0000
0.0000
0.0000
0.1445
3.2434
0.0000
0.0000
2.4533
0.0000
0.7113
0.3764
0.0000
0.0000
0.0000
0.0000
0.0000
0.0000
0.0000
0.0000
0.0000
1.8587
0.0000
0.0000
1.1779
0.0000
0.0000
0.0000
0.0000
0.0000
0.0000
1.6158
0.0000
0.0000
1.2666
0.0000
0.0000
0.0000
1.3778
0.0000
0.0000
0.0000
0.1473
0.0000
0.0000
0.0000
0.0000
0.0000
0.0000
0.0000
0.0000
0.0000
1.0841
0.0000
1.4388
0.0000
0.7355
0.0000
2.2858
0.0000
0.0000
0.0000
0.0000
0.0000
0.0000
0.0000
0.0000
0.0000
0.0000
0.0000
0.4529
0.0000
0.0000
0.0000
0.0000
0.0000
1.1355
0.0000
0.0000
0.0000
0.0000
0.0000
0.0000
0.0000
0.0000
0.0000
0.0000
2.8303
2.1993
0.0000
0.8694
0.0000
0.0000
0.0000
0.0000
0.0000
0.0000
0.0000
0.0000
0.0000
0.0000
0.0000
1.8723
0.8219
0.0000
0.0000
0.2393
0.0000
0.1385
0.9527
0.0000
0.0575
0.0000
0.0000
2.2566
0.0000
0.7384
1.8852
4.6958
0.0000
0.3559
0.0000
0.0000
0.0000
0.0000
0.0396
0.6496
0.0000
0.0000
0.1892
0.0000
0.0000
0.0000
0.0000
0.0000
0.0000
0.8690
0.0000
3.7603
0.0000
4.2290
0.0000
0.0000
0.0000
0.0000
0.0000
2.7991
0.0000
0.0000
1.6134
0.0000
0.0000
0.0000
0.0000
0.0000
0.0000
0.0000
0.0000
0.0000
0.0000
0.7685
0.0000
0.0000
0.0000
0.6652
0.0000
0.0000
0.0000
2.9901
0.0000
0.0000
0.0000
0.0000
0.0000
0.0000
0.0000
0.0000
0.0000
0.0000
1.5332
0.0000
0.8940
3.0259
0.0000
0.0000
0.0000
1.2572
0.0000
0.0000
0.0000
0.0000
0.0000
0.0000
0.4975
0.0000
0.0087
0.0000
0.0000
0.0000
0.0000
0.0000
0.0000
0.0000
0.0000
3.2965
3.6000
0.9584
0.0000
0.6088
0.0000
1.5221
0.0000
1.6722
0.0000
0.0000
1.0594
0.0000
0.0000
0.0000
0.0000
0.0000
1.1414
0.0000
0.0000
0.0000
0.0000
0.0000
0.0000
1.2189
0.0000
0.0000
5.1994
0.0000
0.7505
0.0000
0.0000
0.0000
0.0000
0.0000
6.8426
1.1457
0.0000
0.0000
0.0000
0.0000
0.0000
0.0000
0.7776
0.0000
0.0000
0.0000
0.0000
0.0000
0.0000
0.0000
0.0000
0.0000
0.0000
0.5803
0.0000
0.0000
0.0000
2.0072
0.0000
0.0000
0.0000
0.0000
0.0000
0.0000
0.5487
2.6355
0.0000
0.0000
0.0000
0.0000
3.6756
0.0000
0.7066
0.0000
0.0000
1.6322
0.0000
0.0000
0.0000
0.0000
0.9687
0.9661
0.1683
1.6781
0.0000
0.0000
0.0000
0.0000
0.0000
3.9908
0.0000
0.0000
0.0000
0.0000
0.0000
0.0000
0.0000
0.0000
0.0000
0.0000
0.0000
0.0000
0.0000
0.0000
0.8007
0.0000
0.0000
0.0000
1.7199
0.0000
0.0000
0.0000
0.0000
0.6647
0.0000
0.0000
0.0000
0.9796
0.0763
2.3518
0.0000
0.0000
0.0000
0.0000
0.0000
0.0000
0.0000
0.0000
0.0000
0.3654
0.0000
0.0000
0.0000
2.0532
0.0000
0.0000
1.9577
0.0000
0.0000
0.0000
0.0000
0.0000
0.0000
0.0000
0.0000
2.1516
2.2256
0.0000
0.0000
0.0000
0.0857
0.0000
0.0000
0.0000
0.0000
0.0000
0.0000
0.0000
0.0000
0.0000
3.1937
0.0000
0.6230
0.0000
2.0594
0.0000
0.0000
0.0000
0.0000
0.0000
0.0000
0.0807
2.2182
1.4396
5.1721
0.0000
0.0000
0.0000
0.0000
0.0000
0.0000
0.0000
0.0000
0.6431
0.0000
0.0000
0.0000
0.0000
0.0000
0.0000
2.4740
0.0000
0.0000
0.0000
0.0000
0.0000
0.0000
0.0000
0.0000
1.1780
0.0000
0.0000
0.0000
0.0000
0.0000
0.0000
0.0000
0.0000
0.0000
0.0000
0.0000
0.0000
0.0000
0.0000
0.0000
0.3634
0.0000
1.5140
0.0000
2.1116
0.0000
0.0000
0.0000
3.0085
0.0000
0.0000
0.0000
0.6181
0.8428
0.6890
1.4103
1.8828
0.0000
0.0000
0.5349
2.8005
0.0000
0.0719
0.0000
0.0000
0.0000
0.0000
0.0000
0.0000
0.0000
0.0000
0.0000
0.0000
0.0000
1.6638
0.0000
0.5026
0.0130
0.0000
0.0000
0.0000
0.0000
0.0000
0.0000
2.8899
0.0000
1.9860
4.5546
0.0000
0.0000
1.3787
0.0000
0.0000
0.3575
2.2244
0.0000
0.0000
0.8362
0.0000
2.4255
0.0000
0.0000
1.5605
0.0000
0.0000
1.3665
0.0000
0.0000
0.0000
0.0000
0.0000
0.9401
1.2813
0.8797
0.0000
0.0000
4.5160
0.0000
1.0939
0.0000
0.0000
0.0000
0.0000
0.0000
0.0000
0.0000
0.0000
0.0000
1.3169
2.3549
0.0000
1.8882
0.0000
0.0000
0.7754
0.0000
0.0000
0.0000
0.0000
0.0572
0.5232
0.0000
0.0000
1.5473
0.0000
0.0000
2.5547
0.0000
1.8559
0.1190
0.0000
0.0000
0.0000
0.0000
0.0000
0.0000
0.0000
0.0000
0.0000
0.0000
1.3102
0.3632
0.0000
0.0000
0.0000
0.4672
0.0000
1.9522
4.9887
1.9654
0.0000
0.0000
0.0000
0.0000
0.5468
0.0000
0.0860
0.0000
0.0000
0.0000
0.9511
0.0000
0.0000
1.0920
0.0000
0.0000
0.0000
0.0000
0.0000
1.5707
0.0000
3.7506
0.0000
0.0000
0.9293
0.0000
0.0000
0.0000
0.0000
0.0000
0.0000
0.0000
0.0000
0.0000
0.0000
0.0000
0.0000
0.0000
0.0000
0.0000
0.0000
0.0000
0.0000
0.0000
0.0000
0.0000
0.0000
0.0000
0.0000
0.0000
0.0000
1.1206
0.0000
0.0000
0.0000
0.4140
0.0000
0.4264
0.0000
0.0000
1.3341
0.0000
0.0000
0.0000
0.0000
0.0000
1.6994
0.0000
0.0000
0.0000
0.0000
0.4946
0.0000
0.0000
2.3686
0.0000
0.0000
0.0177
0.0000
0.0000
0.0000
0.0000
0.5198
0.0000
0.0000
0.0000
0.0000
0.0000
0.0000
0.8994
0.8581
0.0000
0.0000
0.7828
0.0000
0.0000
0.0000
3.5253
1.6285
0.6491
0.0000
0.0000
0.0000
0.0000
0.0000
0.2927
0.9283
0.0625
0.0000
0.0000
0.0000
0.0000
0.0000
0.0000
0.0000
0.0000
0.0000
0.0000
3.5919
0.0000
0.0000
0.5089
2.6730
0.3886
0.5415
0.0000
0.0000
0.0000
0.0000
0.0000
0.0000
4.5083
0.0000
0.0000
1.7314
1.5557
0.0000
0.0000
1.4399
1.7003
0.0000
0.8169
0.0000
0.0000
0.0000
0.0000
0.0000
0.0000
0.0000
0.0000
0.0000
0.0000
0.0000
2.3138
2.1231
0.0000
0.7990
0.7664
0.0000
0.0000
0.0000
2.4413
0.0000
0.0000
0.0000
1.3049
1.4837
0.0000
0.0000
0.0000
0.0000
0.0000
0.7806
1.7090
0.0000
0.0000
0.0000
0.0000
0.0000
2.4868
0.6820
0.0000
0.0000
0.0000
0.5454
1.1475
0.0000
0.0000
0.0000
0.0000
0.0000
0.0000
0.0000
0.0000
0.0000
0.0904
0.0000
0.0000
0.0117
0.0000
0.0000
1.6383
0.9801
0.0000
0.0000
0.0000
0.0000
0.0000
0.5656
0.0000
0.3170
0.0000
0.0000
0.0000
2.3669
0.0000
0.0000
0.0000
0.0000
0.0000
0.0000
0.0000
0.0000
0.0000
0.0000
0.0000
0.0000
0.0728
0.0000
0.9147
0.0000
0.0000
0.0000
0.0000
0.0000
0.0000
0.0000
1.0531
0.0000
0.0000
0.0000
0.4193
0.0000
0.0000
0.0000
0.0000
0.0000
0.0000
0.0000
0.0000
2.9250
0.0000
0.0000
0.0000
0.0000
0.5793
0.0000
0.0000
0.0000
0.0000
1.2945
0.0000
1.0420
0.0000
0.0000
3.0305
1.2699
0.0000
4.3339
0.0000
1.6071
0.0000
0.0000
0.0000
0.3017
0.0000
0.0000
0.0000
0.0000
0.0000
0.0000
0.0000
4.6019
0.0000
0.6893
0.0000
0.0000
0.0000
0.0000
0.0000
0.0000
2.9526
0.0000
0.0000
0.0000
0.0000
0.0000
0.6001
0.5042
0.0000
0.0000
0.0000
0.6998
0.0000
0.0000
0.0000
0.0000
0.0000
0.0000
0.0000
0.0000
0.0000
0.0000
0.8457
1.8902
1.7573
0.0000
0.0000
0.0000
0.0000
0.4174
0.0000
1.1228
0.0000
1.0249
1.7506
1.4569
0.0000
0.0000
0.0000
0.0000
0.0000
0.0000
0.0000
0.0000
0.0000
0.0000
0.0000
0.0000
0.0000
0.0000
0.0000
0.0000
1.5479
0.0000
0.0000
3.1042
0.0000
0.0000
0.0000
0.0000
0.5598
0.0000
2.1819
0.0000
0.0000
0.0000
0.0000
0.0000
0.0000
0.0000
0.0000
0.0000
0.0260
1.2211
0.3376
0.0000
0.0000
0.0000
0.0000
0.0000
0.0000
0.0000
0.0000
0.0000
0.0000
0.0000
4.3198
0.0000
0.0000
0.0000
6.5885
0.5939
0.0000
0.0000
1.4007
0.0000
0.0000
1.7818
0.0000
0.0000
0.0000
1.0898
1.8609
0.0000
0.0000
0.0000
0.0000
3.2699
0.0000
0.0000
0.0000
0.6030
0.0000
0.0000
0.7837
0.0000
2.3587
0.0000
0.0000
0.0000
0.0400
0.0000
0.0000
0.0000
1.2883
0.0000
0.0000
0.0000
0.0000
0.0000
0.0000
0.0000
0.1082
0.0000
0.0000
0.0000
0.0000
0.0000
0.0232
0.4451
0.0000
0.0000
2.7343
0.0000
0.0000
2.5147
0.0000
0.0000
0.0000
0.2290
2.6857
0.0000
0.0000
2.7872
0.0000
0.0000
0.0000
1.8348
0.0000
0.0000
0.0000
2.5192
0.0000
1.2871
0.0000
0.0000
0.0000
0.1661
0.0000
0.0000
0.0000
1.2529
0.0000
0.0000
0.0000
0.0000
0.0000
0.8444
1.2339
0.3206
2.0982
0.0000
0.0000
0.0000
1.3235
0.6567
0.0000
0.0000
0.0000
0.0517
0.0000
0.0000
0.0000
1.8483
0.0000
0.0000
0.0000
0.0000
3.9796
7.9561
0.0000
1.1157
0.0000
0.0000
0.0000
0.0000
0.0000
0.0000
0.0000
0.0000
0.0000
0.0000
0.0000
0.0000
0.0000
0.0000
0.0000
0.0000
0.0000
0.0000
1.0719
0.0000
0.0000
0.0000
0.4853
0.0000
0.5367
0.0000
0.0000
0.0000
0.4317
0.0000
1.5139
1.0609
0.0000
0.0000
3.5380
0.0000
0.2462
0.0000
0.1918
0.0000
0.0000
0.0000
0.0000
0.0000
0.0000
0.5500
0.5302
0.0000
0.2393
0.0000
2.8101
0.0000
0.3056
0.0000
1.2208
1.2139
0.0000
0.0000
0.5352
0.0000
0.0000
0.0000
0.0000
0.8039
0.0000
0.0000
0.0000
0.0000
0.2430
0.0000
0.0000
0.0000
0.5573
0.0000
0.0000
0.0000
0.3004
0.0000
0.0000
0.0000
0.0000
2.5746
0.0000
0.0000
0.8144
0.0000
0.0000
0.0000
0.0000
1.4919
0.0000
0.0000
0.0000
0.0000
0.0000
0.0000
0.0000
0.0000
0.5620
0.0000
0.0000
0.0000
0.0000
0.0000
0.0000
0.0000
0.0000
0.1979
0.0000
0.0000
0.0000
0.0000
0.0000
0.0000
0.0000
0.3723
0.0000
0.0000
0.0000
0.7169
0.0000
0.7969
0.0000
0.0139
1.1378
0.0000
0.0000
1.1375
0.0000
0.0000
0.0000
0.0000
6.3361
1.5751
0.0000
0.0000
0.0000
4.6352
0.5957
0.0000
0.0000
0.0000
0.0000
0.0000
0.0000
0.0000
1.6041
0.0000
0.0000
0.0000
0.0000
0.0000
0.0000
0.0000
0.0000
0.0000
0.0000
0.0000
0.0000
0.0000
0.0000
0.7773
0.0000
0.0000
0.0000
0.0000
1.7771
0.0000
0.0000
0.0000
1.3726
0.0000
1.0076
0.0000
0.2070
0.0000
0.0000
0.0000
0.9796
0.6184
0.0000
0.0000
0.0851
0.0000
0.0000
0.0000
0.0000
0.0000
0.0000
1.8524
0.0000
0.0000
0.0000
0.7192
0.0000
0.0000
0.0000
0.0000
0.0000
0.0000
0.0000
0.0000
0.0000
0.0000
0.0000
0.7851
0.0000
0.4523
0.3741
0.0000
0.0000
0.0000
0.0000
0.0000
0.0000
0.0000
0.0000
0.7604
0.0000
0.0000
0.0000
0.0000
0.0000
0.0000
1.5405
3.2867
0.0000
0.0000
0.0000
0.0000
0.0000
0.0000
0.0000
0.0000
0.0000
4.6564
0.0000
0.0000
1.0856
0.0000
2.5482
0.0000
0.0000
1.6392
0.0000
0.0000
0.1861
0.0000
0.4710
5.0081
0.0000
2.1310
3.1078
0.0000
0.0000
0.0000
2.8075
0.0000
0.9290
0.8380
1.0458
0.0000
0.0000
0.0000
2.0321
0.4248
0.0000
0.0000
0.0000
0.0000
0.0000
0.0000
0.0000
0.0000
0.0000
1.3238
0.0000
0.0000
1.0247
0.0000
0.0000
0.8354
0.0000
0.0000
0.0000
0.0000
0.0000
0.0000
2.6457
0.1760
1.4088
0.0000
0.0000
0.0486
2.0483
0.0000
0.0000
0.0000
0.0000
0.0000
1.7799
0.0000
0.0000
2.3285
0.0000
0.0000
0.0000
0.0000
0.0000
0.0000
0.0000
2.9275
0.0000
0.0000
0.0000
3.0191
0.0000
0.5554
0.0000
0.0000
0.0000
3.3233
0.0000
0.6962
0.0000
0.0000
0.0000
0.0000
0.0000
0.7300
0.0000
0.8513
1.6594
0.0000
0.0000
0.0000
0.0000
0.0000
0.8833
0.0000
0.0000
0.0000
0.8282
0.0000
0.2411
0.0000
0.0000
0.0000
0.0000
0.0000
0.0000
0.0000
0.0000
0.0000
0.0000
0.0000
0.0000
0.0000
0.0000
0.0244
0.0000
0.0000
0.0000
1.1067
0.0000
0.0000
0.6558
0.0000
0.0000
0.1258
0.9940
4.6028
0.0000
2.4366
0.0000
0.0000
0.0000
0.0000
0.0000
0.0000
0.0268
0.0000
0.0000
1.8234
0.0000
0.0000
0.6620
0.0000
0.0000
0.0000
0.0000
0.0000
0.0000
0.0000
0.0000
0.0000
0.0000
0.0543
0.0000
0.0000
1.1222
0.0000
2.6235
0.5384
0.0000
0.0000
1.1011
0.0000
0.0000
0.0000
0.0000
0.0000
0.6138
0.0000
0.0000
1.7525
0.0000
0.0000
0.0000
0.0000
0.0000
0.2334
0.0000
0.4395
0.0000
0.0000
1.1185
0.1966
0.0000
0.0000
0.0000
0.0000
0.0000
0.0000
0.0000
0.0000
0.0000
0.0000
0.3756
2.5312
0.0000
0.0000
0.0000
0.8621
0.0000
0.0000
0.0565
1.0292
2.8328
1.9013
0.8022
0.0000
0.0000
0.0000
0.0000
0.2337
0.8036
0.0000
0.0000
0.0000
0.0000
0.0000
0.0000
3.9338
2.9105
0.0000
0.0000
0.0000
0.8066
4.2708
0.0000
0.0000
0.0000
0.0000
0.0000
0.0000
0.0000
0.0000
0.0398
0.0000
0.0000
0.0000
0.0000
1.1699
0.0000
0.0000
1.1799
0.0000
0.0000
0.0833
0.0000
0.0000
0.0000
0.0000
3.6045
0.2723
0.0000
0.0000
0.0000
0.0000
0.0000
0.0000
2.0052
0.0442
0.0000
0.0000
4.2621
0.1829
0.0000
0.0000
0.0000
0.0000
0.0000
1.9990
2.5681
0.0000
0.0000
3.6321
0.0000
0.0000
0.0000
0.0000
2.1396
0.0000
0.0000
0.0000
0.0036
0.0000
1.0206
0.0000
0.0000
3.5854
0.0000
0.1607
0.0000
0.0000
0.0000
2.4782
0.0000
0.0000
0.0000
1.5394
4.6684
0.1682
0.3641
0.0000
0.0000
0.0000
0.0000
0.0000
2.5014
0.0000
0.0000
0.0000
0.0000
0.0000
1.9417
0.0000
0.0000
0.0000
0.0000
0.0000
0.0000
0.0000
0.0000
0.0000
0.0000
1.0338
0.0000
1.4354
0.8824
0.0000
2.1270
0.0000
0.0000
0.4081
0.0000
0.0000
0.0000
0.0000
1.1320
0.0000
0.0000
0.0000
1.6090
1.7373
1.1956
0.0000
0.0000
0.0000
1.2933
0.0000
0.0000
0.0000
0.0000
0.0000
0.0000
0.0000
0.0000
0.0000
0.0000
0.0000
0.0000
0.0000
0.0000
0.0000
1.2733
0.0000
0.0000
1.2195
1.9327
0.0000
0.0000
3.2433
0.8544
0.1259
5.3963
0.0000
0.7723
2.5527
2.9081
0.0000
0.0023
0.0000
0.0000
0.0000
0.0000
0.0000
0.0000
0.0000
0.0000
0.0000
0.0000
0.0000
3.0365
0.0000
0.0000
0.0000
0.2717
2.1952
0.0000
0.0000
4.3823
0.5048
0.0000
0.7804
0.0000
0.0000
1.1569
2.9251
0.0000
0.0000
0.0000
0.0000
0.0000
0.0000
0.0000
1.3921
0.0000
0.0000
3.5892
0.0000
0.0000
0.0000
0.1676
0.0000
0.0000
1.6807
0.0000
0.0000
0.0000
0.0000
0.0000
2.8832
0.0000
1.0716
0.1937
0.0000
3.6489
0.0000
3.1181
0.0000
0.0000
1.0179
0.0000
0.0000
0.0000
0.0000
0.5199
4.2377
1.1551
0.0000
0.0000
0.4526
0.0000
0.0000
0.7407
0.0000
0.0000
0.0000
0.0000
0.4643
0.0000
0.0000
0.0000
0.0000
0.0000
0.0000
3.8414
0.0000
0.5368
0.0000
0.0000
0.0000
0.0000
0.0000
4.9780
0.0000
0.0000
0.6507
0.0000
2.7612
2.5719
4.1211
0.0000
0.0000
2.0342
0.0000
0.0000
0.0000
0.0348
0.0000
0.0000
0.0000
0.3593
0.0000
0.0000
0.0000
0.0000
0.0000
0.0000
0.0000
0.0000
0.0000
0.2275
0.0000
1.8125
0.2380
0.0000
0.0000
1.9049
0.0000
0.0000
0.0000
5.4705
0.0000
2.1076
0.6272
0.0000
0.0000
0.0000
0.0000
0.6398
0.0000
0.0000
0.0000
0.0000
2.8572
0.0000
0.0000
0.0000
0.0000
0.0000
0.9608
0.0000
0.0000
0.0000
0.0000
0.0000
0.0000
0.0000
2.6581
0.0000
0.0000
0.0000
2.6690
0.0000
0.6513
0.0000
0.7911
0.0000
0.0000
0.0000
0.0000
0.0000
1.9395
0.0000
0.0000
0.4777
0.0000
0.0000
0.0000
0.0000
0.0000
0.0000
0.0000
0.0000
1.0390
1.7228
0.0000
0.0000
0.0000
0.0000
0.0000
0.0000
0.0000
0.0000
0.0000
0.0000
0.0000
1.2614
0.0000
0.0000
0.0000
0.0000
0.0000
0.0000
0.0000
0.7037
0.0000
0.0000
0.0000
0.0000
0.0000
0.0000
0.0000
0.7777
0.0000
0.0000
0.0000
0.3949
0.0000
0.0000
0.0000
0.0000
0.0000
0.0000
4.1242
0.0000
0.3612
0.0000
0.4070
0.0000
0.0000
0.0000
0.0000
0.0780
1.1955
0.0000
0.0000
0.0000
0.0000
0.0000
0.0000
0.0000
0.0000
0.0000
0.0298
0.0000
0.1646
0.0000
0.0000
0.0000
0.1647
0.0190
0.0000
0.0000
0.0000
2.3417
0.0000
0.0000
0.0000
0.0000
4.5936
0.6433
0.4693
0.0000
2.3881
0.0000
0.9197
0.0000
2.6688
0.8309
0.0000
0.0000
0.0000
0.0000
0.0000
0.0000
0.0000
0.0000
0.0000
0.0000
0.9846
0.0000
0.0000
0.7286
3.6068
0.0000
0.0000
0.0000
0.0000
0.0000
1.1769
1.1318
0.0000
0.0000
0.0000
0.0000
0.0000
1.6205
0.0000
0.0000
0.0000
0.8433
0.0000
0.0000
1.1661
0.0000
0.0000
0.0000
0.0000
3.2036
0.0000
0.0000
0.0000
0.0000
1.3155
0.0000
0.0000
0.0000
0.0000
0.0000
0.0000
0.0000
0.0000
1.3044
0.0000
0.8356
0.4953
0.0000
0.0000
1.6448
0.0000
0.0000
0.0000
0.0000
0.0000
0.3909
0.0000
0.0000
0.0000
0.0000
0.0000
0.0000
0.0000
0.0000
0.0000
0.0000
0.0000
0.0000
0.0000
0.0000
0.0000
0.0000
0.0000
1.0758
0.0000
0.0000
0.0000
0.0000
0.1034
0.4149
0.0000
0.0000
0.2498
0.0000
3.0991
0.0000
0.0000
0.0000
0.0000
0.0000
0.0000
0.0000
0.2375
0.0000
4.7681
0.0000
0.4867
0.0000
0.1364
1.0171
2.1135
0.0000
1.8540
0.7647
0.0000
0.0000
2.0772
0.0000
2.8261
0.0000
0.9704
0.0000
0.0000
0.0000
0.0000
0.0000
0.0000
2.1121
3.7296
0.0000
0.0000
0.0000
0.0000
1.7648
0.0000
0.0000
0.0000
0.0000
0.0000
0.0000
0.0000
2.5535
0.0000
0.0000
0.3863
0.0000
0.2456
0.0000
0.0000
2.7269
1.0572
0.0000
0.0000
0.0000
0.0000
0.0000
5.7329
0.0000
0.2094
0.0000
0.0000
2.9645
0.0000
0.0000
0.0000
0.0000
0.0000
0.0000
0.0000
0.0000
0.0000
2.9440
0.0000
0.0000
0.0000
0.0000
0.0000
0.7235
0.9761
0.0000
0.0000
0.0000
3.0197
0.0764
0.0000
0.0000
0.0000
0.0000
0.0000
0.0000
5.9865
0.0000
1.2554
0.0000
1.2265
0.0000
0.0000
0.0000
0.0000
0.0000
2.0043
0.0000
6.3832
0.0000
0.0000
0.0000
0.0000
0.0000
0.0000
0.0000
0.0000
0.6044
0.0000
0.0000
0.0000
0.0000
0.0000
0.0000
0.8940
6.3172
0.0000
0.0000
0.0000
0.0000
0.0000
0.0000
0.0000
0.0000
0.0000
0.3076
2.4828
0.0000
0.8834
1.8766
0.0000
0.0000
0.0000
0.0000
1.0581
0.0735
2.4263
0.0000
0.0000
0.0000
0.0000
0.0000
0.0000
0.0000
2.7721
0.0000
4.5115
0.0000
0.0000
0.0000
0.0000
1.4995
0.0000
0.0000
0.0000
2.0000
0.0000
0.0000
0.0000
0.0000
2.8947
0.0000
2.3094
0.0000
0.2304
0.0000
0.0000
0.0000
0.0000
0.0000
0.0000
2.3070
0.0000
1.2597
0.0000
0.0000
0.6482
0.0000
0.0000
0.0000
1.6231
0.0000
1.0689
2.6195
1.3784
1.3829
0.0000
0.4920
0.0523
0.0000
0.0000
0.0000
0.0000
0.0000
0.0000
0.0000
0.0000
0.0000
0.0000
1.5626
0.0000
0.0000
0.0000
0.0000
0.0000
0.0000
0.7209
0.0566
0.0000
0.0000
0.0000
5.7140
0.0000
0.0000
0.0000
0.3712
0.0000
0.0000
0.0000
0.0000
0.0000
1.0026
0.0365
0.0000
0.0000
2.5598
0.6506
0.0000
0.7135
0.0000
0.0000
0.0000
0.0000
0.0000
0.0000
0.0000
0.0000
0.1266
0.0000
0.0000
0.0000
0.0000
0.0000
0.0000
1.9186
0.0000
0.0000
0.0000
1.3337
0.0000
0.0000
0.0000
0.1276
2.1735
0.0000
1.2305
0.0000
0.3008
0.0000
0.3885
0.0000
0.0000
0.0000
0.0000
0.0000
0.0000
0.0000
0.0000
0.0000
0.0000
0.0000
0.0000
2.2641
0.0000
0.0000
1.8035
0.8333
0.0000
0.0000
0.0000
3.0156
0.0000
1.8877
0.8262
0.0000
0.0000
0.5239
2.7757
0.0000
0.0000
0.0000
0.0000
0.0000
0.0000
0.0000
0.0000
0.0000
0.0000
0.0000
0.8848
0.0000
0.0000
0.0000
0.0000
0.0000
2.0829
0.7540
0.0000
3.5963
0.0000
0.0000
0.0000
0.0000
0.0000
0.0000
0.0000
0.0000
0.0000
0.4425
2.6231
0.0000
5.9163
0.0000
0.0000
0.0000
0.0000
0.0000
0.0000
0.0000
0.0000
2.0035
0.0000
0.0000
3.4805
0.0000
0.0000
0.0000
0.0000
0.0000
4.0210
0.0000
0.0000
0.0000
0.0000
0.0000
0.0000
0.0000
0.0000
3.2798
0.0000
0.0000
0.0000
0.0000
0.0000
0.0000
0.0000
0.0000
0.0000
0.0000
0.0000
0.0000
0.0000
0.0000
0.0000
0.0000
0.8262
0.0000
0.8671
0.0000
0.5831
0.5007
1.6956
0.0000
0.0000
2.5628
0.0000
0.0000
0.0000
1.4192
0.0000
0.0000
0.0000
0.0000
2.7723
0.4539
0.9202
0.0000
0.0000
0.0000
0.0000
0.0000
0.0000
0.0000
0.0000
2.5039
0.0000
0.0000
0.0000
0.0000
0.0000
0.0000
0.0000
0.0000
0.0000
0.0000
0.0000
3.5791
0.0000
0.0000
4.1283
1.8879
0.0000
0.0052
0.0000
0.0000
0.0000
0.0000
0.0000
0.0000
0.0000
0.5291
1.5626
0.9437
0.1921
0.8931
0.0000
0.0000
0.0000
0.0000
2.0045
0.0000
0.0000
0.0000
0.0000
4.9026
0.0000
0.0000
0.0000
1.0045
0.0000
0.0000
0.0000
0.0000
0.0000
0.0000
0.0000
0.0000
0.0000
0.0000
0.0000
0.0000
0.0000
0.0000
0.0000
0.0000
0.0000
0.0000
0.5045
2.4642
0.0000
0.0000
0.0000
0.0000
0.0000
0.0000
0.0000
0.0000
0.0000
0.0000
0.0000
0.0000
0.0000
0.0000
1.3737
0.0000
0.0000
0.0000
0.0000
0.0000
0.0000
0.6568
0.0000
0.0000
0.0000
0.0000
4.6333
1.0223
0.1444
0.0000
0.0000
0.0000
2.6891
0.0000
0.0000
0.0000
2.7171
1.4436
0.0000
0.0000
0.0000
0.0000
0.0000
0.0000
0.0000
0.6542
0.0000
0.0000
0.0000
3.8191
0.0000
0.8489
0.0000
0.0000
0.0000
0.0000
5.4289
0.0000
0.9447
0.0000
0.0000
0.0000
0.0000
0.0000
0.1940
1.7207
0.0000
0.0000
0.0000
0.0000
0.0000
0.0000
0.0000
0.0910
0.0077
1.1648
0.0000
5.0965
0.0000
0.0000
0.7314
0.0000
5.5410
0.0000
0.0000
0.0000
0.0000
0.3731
0.0000
0.0000
0.1460
0.0000
0.0000
0.0000
0.7242
0.0000
0.0000
0.0000
0.0000
0.0000
0.0000
0.0000
0.0000
0.0000
0.0000
0.9588
0.7057
0.0000
0.0000
1.6128
0.0000
4.6855
0.0000
0.0000
1.6102
4.1403
0.0000
0.0000
0.0000
0.9277
5.0104
1.2782
0.2972
0.0000
0.6525
0.0000
0.0000
0.0000
0.0000
0.0000
0.0000
0.0000
1.0031
0.5500
0.0000
4.1994
0.0000
0.0000
4.0340
0.0000
0.0000
0.0000
0.0000
0.0000
0.8316
0.0000
0.0000
4.8165
0.0000
0.0000
0.0000
4.6571
0.7524
0.8757
0.0000
0.0000
0.0000
1.8372
1.2513
1.1463
0.7316
0.0000
0.0000
0.0000
0.6270
0.9775
1.0087
0.0000
0.0000
0.0000
0.0000
0.0000
0.0000
0.0000
0.0000
0.0000
0.0000
0.0000
0.7626
0.0000
0.9200
0.0000
0.0000
0.0000
2.1931
1.1868
3.7261
0.0000
0.0000
1.2308
0.0000
0.0000
0.0000
0.0000
0.0000
0.0000
1.1088
0.0000
0.0000
0.0000
0.0000
3.6293
0.4672
0.3270
1.2695
0.0000
1.7820
0.0000
0.0000
0.0000
0.4691
0.0000
1.9390
3.4442
0.0000
0.0000
0.0000
0.0000
0.0000
0.0000
0.0000
0.0000
2.5623
0.1199
0.0000
0.9336
0.1001
0.0000
0.0000
1.9649
0.0000
0.0000
0.0000
1.6009
0.0000
0.0000
0.0000
0.0000
3.1698
0.0000
0.0000
1.8888
0.0000
1.2231
0.3877
2.7962
0.0000
0.0000
2.4199
0.0000
0.0000
0.0000
0.0000
0.0000
0.8380
0.0000
0.0000
0.0000
0.0000
0.0000
0.0000
0.0000
0.0000
1.1343
0.6366
0.0000
0.2158
0.0000
0.0000
0.0000
1.0699
0.0000
2.6122
3.2777
1.5329
2.6724
0.0000
0.0000
0.1918
0.0000
0.0000
0.0000
0.0000
0.3132
0.0000
2.6478
0.0000
0.0000
6.8628
0.0000
2.1124
0.4922
0.0000
1.7109
0.0000
0.0302
0.0000
0.0000
1.1376
0.0000
0.7679
2.2887
0.0000
1.5700
0.0000
0.0000
0.0000
0.0000
0.0000
3.7075
0.0000
0.0000
0.0000
0.0000
0.3375
0.0000
