0.0811
0.0000
0.0000
0.0000
0.0000
1.4576
0.0000
0.0000
0.0898
3.6505
0.0000
0.0000
0.0000
0.0000
0.0000
0.0000
0.0000
0.0000
0.0000
0.0000
0.0000
0.0000
2.7806
1.8131
3.6123
0.5857
0.0000
1.9606
0.0000
0.0000
0.0000
0.0000
0.4583
0.0000
0.2792
0.0000
0.0000
0.0000
2.0374
1.8630
0.0134
0.0000
0.0000
0.0000
0.0000
0.0000
0.0000
0.0000
0.0000
0.0000
0.0000
0.0000
0.0000
0.0000
0.0000
0.0000
0.0000
0.0000
0.0000
0.0000
0.0000
1.3454
0.0000
0.0000
0.0000
0.0000
0.0000
0.0000
0.2242
0.0000
0.0000
2.4942
0.0000
0.0000
0.0000
0.1128
0.0000
0.0000
0.0000
0.2008
0.0000
0.0000
0.5624
0.0000
0.0000
0.0000
0.5634
0.0000
0.0000
0.0000
0.0000
0.0000
0.5597
1.3547
0.0000
0.0000
0.0000
0.0000
2.5794
0.0000
0.0000
0.0345
0.0000
0.0000
0.0000
0.0000
2.0750
0.5717
2.4750
0.6137
0.0000
0.0000
0.0000
0.0246
0.0000
0.0000
0.6967
0.0000
0.0000
0.0000
0.5625
0.8258
4.0589
0.0808
0.0000
0.0000
0.0000
0.0000
0.0000
0.2077
0.0000
0.0000
0.3210
0.0000
4.8803
0.0000
0.0000
1.0017
0.0000
2.0196
4.1619
0.0000
0.2812
0.0000
3.4164
0.0000
0.0000
1.3424
2.4006
0.0000
0.5163
1.0130
0.0000
0.0000
0.0000
0.0000
0.0000
2.3509
0.0000
0.0000
1.7386
0.0000
0.0000
0.0000
0.0000
1.8742
0.0000
0.1017
0.0000
0.0426
0.0000
0.0000
0.0000
0.0000
0.0000
0.0000
0.0000
0.0000
0.0000
4.0297
4.0391
3.0856
0.0000
0.0000
0.0000
0.0000
0.2725
0.4884
0.1376
3.3995
0.0000
0.0000
0.0000
0.0000
0.2528
0.0000
0.0000
0.2883
2.4913
3.8049
0.0000
0.0000
0.2522
0.0000
0.0000
0.0000
0.0000
0.0000
0.0000
0.0000
0.0000
0.0000
0.0000
2.3348
0.0000
0.0000
0.0000
0.0000
0.0000
0.4212
0.0000
0.0000
0.0000
0.0000
0.2355
0.0000
0.0000
2.0234
0.2665
0.0000
0.0000
0.1848
0.0000
0.0000
0.9821
0.0000
0.2123
1.3373
4.1800
0.0000
0.0000
0.0000
0.0000
0.0000
0.0000
0.0000
0.0000
0.0000
0.7628
0.0000
0.0000
0.3412
0.0000
0.0000
0.0000
1.1139
0.0000
0.5147
0.0000
0.0000
0.0000
0.0000
0.0000
1.4624
0.0000
0.0000
0.0000
0.0000
0.0000
0.0000
1.3453
1.0550
0.0000
0.0000
0.0000
0.0000
0.0000
0.0000
1.2947
0.0000
4.7544
0.0000
0.0000
0.4192
0.0000
0.7479
0.0000
0.0000
0.0000
0.0000
0.0000
0.0000
0.0000
0.1247
1.6509
0.0000
0.0000
0.0000
0.0000
4.5430
0.0000
0.0000
0.0000
0.0000
0.0000
0.0000
0.2612
0.0000
0.0000
0.0000
0.0000
0.1909
0.0000
1.5708
0.8359
0.0000
0.0000
0.0000
0.0000
0.8134
2.8668
1.2209
0.0000
2.4394
0.0000
1.9823
0.0000
0.0000
0.3477
1.6129
0.0000
0.0000
0.0000
0.0000
0.0000
2.2976
2.8262
0.0000
0.0000
5.0168
0.0000
0.0000
0.0000
0.0000
0.0000
8.3194
0.0000
1.1556
0.0000
0.0000
0.0000
1.4941
0.0000
0.0000
2.8902
2.9661
0.0000
0.0000
0.0000
0.0000
0.0000
0.0000
0.0000
0.0000
0.0000
0.5116
1.0106
0.0000
0.0000
0.0000
0.0000
0.0000
0.0000
0.0000
0.4454
1.5817
0.0000
2.3034
0.0000
0.0000
3.0989
0.0000
3.8598
0.0000
0.0000
0.0000
0.3388
0.0000
0.0000
0.1903
7.0086
0.0000
0.0000
0.0000
0.0000
1.4155
0.5954
0.0000
0.0000
0.6682
0.0000
0.0000
0.0000
0.0000
0.0000
1.1294
0.0000
0.0000
0.0000
0.0000
0.0000
0.0000
0.0000
1.2017
1.6949
0.0000
0.0000
0.0000
1.5726
0.0000
0.0000
0.0000
1.2633
0.0000
1.7788
0.0000
0.0000
0.0000
0.0000
0.0000
0.0000
0.0000
0.0000
0.0000
0.0000
0.0000
0.3903
0.0000
0.3293
0.0000
1.0520
0.0000
0.0000
0.0000
1.9298
0.0000
0.0000
0.0203
0.2400
0.0000
0.0000
0.0000
0.4012
0.0000
0.0000
0.1339
0.0000
0.1376
0.0000
0.0000
0.3852
0.0000
0.9774
0.0000
0.0000
0.0000
0.0000
0.0000
0.0000
0.0000
0.0000
0.0000
1.4314
1.0234
0.0000
2.7778
1.4107
0.0000
1.4326
0.0000
0.0000
0.0000
0.0000
0.0000
0.9775
0.0000
0.0000
0.0000
0.0000
0.0000
0.0000
0.0000
0.0000
0.0000
0.1774
0.1811
0.0000
0.0000
0.0000
0.0000
0.0000
0.0000
1.4383
0.0000
0.0000
0.3602
0.8015
0.0000
0.0000
0.0000
0.0000
2.6239
0.0000
0.5315
0.0000
0.0000
0.0000
0.0000
5.8030
0.0000
0.0000
2.7123
0.0000
0.0000
0.0000
0.0000
3.3109
0.0000
0.0000
0.3719
2.6342
0.7245
0.0000
0.0000
0.1314
2.1256
0.0000
0.0000
2.9626
0.0000
0.0000
0.0000
0.0000
0.0000
0.0000
0.0000
0.0000
0.0797
1.4971
0.0000
0.0000
1.5114
0.0000
0.0000
0.0000
0.0000
0.0000
0.0000
0.0000
0.0000
2.5085
0.0000
0.0000
0.0000
0.0000
2.6150
0.0000
0.0000
0.0000
0.0000
0.0000
0.0000
0.0000
0.0000
0.0000
0.0000
0.0000
0.8397
0.0000
0.0000
0.0000
0.0000
0.0000
0.0000
0.0000
0.0000
0.0000
0.1853
1.6147
1.6414
0.0000
0.6520
0.0000
0.0000
0.0536
0.0000
0.0000
0.0000
3.4593
0.0000
0.0000
0.0000
0.0000
0.0000
0.0000
0.0000
1.0836
0.0000
0.2345
0.0000
0.0000
0.0000
0.0000
4.9629
0.0000
0.2172
0.2111
0.0000
0.0000
0.0000
4.9515
0.0000
0.0000
0.0000
0.0000
1.5139
0.0000
1.4231
0.0000
0.0000
0.0000
0.0000
0.0000
0.0000
0.0000
0.6775
0.0000
0.0000
0.0000
0.0000
0.0000
0.0000
0.0000
0.0000
1.0611
0.0000
0.0000
0.0000
0.0000
0.0000
0.0000
0.0000
0.0000
0.0522
0.0000
0.0000
0.0000
0.0000
0.0000
0.0000
0.0000
1.9104
1.1397
0.0000
0.0000
0.0000
0.0000
0.0000
0.9881
0.0000
0.0000
0.0000
0.0000
0.0000
0.0000
0.0000
0.0000
0.0000
0.0000
0.0000
0.0000
0.0000
0.0000
0.0000
0.0000
0.0000
0.0000
0.0000
0.0000
2.5625
0.0000
0.0000
1.6820
0.0000
0.0000
0.0000
0.0000
0.0000
0.0940
0.6050
0.0000
0.0000
1.4263
0.0000
0.0000
0.5181
0.0000
0.0000
0.0000
0.0000
0.0000
5.0664
0.0000
0.0000
0.0000
0.0000
0.0000
0.0000
0.0000
0.0000
0.0000
0.0000
0.0000
0.4039
0.1812
0.0000
2.7907
0.0000
0.0000
3.3950
0.0000
0.0000
0.7889
0.0000
0.0000
0.0000
0.0000
1.1011
0.0000
4.8733
1.4121
0.0000
0.0000
3.4576
0.0000
0.0000
0.3725
0.0000
0.8646
0.0000
0.0000
0.0000
0.0000
0.0000
0.0768
0.0000
1.2135
0.0000
0.0000
0.0000
0.4237
0.0000
2.6232
0.0000
0.0000
0.1478
0.0000
0.0000
0.0000
0.0000
0.0367
0.0000
0.0000
0.0000
0.0000
0.0000
0.0000
0.0000
1.4560
1.2198
0.2104
0.0000
0.0000
0.0000
0.0000
0.0000
0.0000
0.0000
0.0000
0.0000
0.0000
0.0000
0.0000
2.6110
0.0000
0.0000
0.0000
0.0000
1.0328
0.0000
0.0000
0.0000
1.9901
0.0000
0.0000
0.0000
0.0000
0.0000
0.0000
0.0000
0.0000
0.0000
0.0000
0.0000
0.0000
0.0000
1.4481
0.0000
0.0000
0.3030
1.1472
0.0000
0.0000
0.0000
0.3143
0.0000
0.0000
0.0000
0.0000
0.0000
0.0901
0.0000
0.0000
0.0000
0.0000
0.6311
0.0000
1.9445
0.0000
0.0000
1.1201
0.0000
0.0000
0.6653
0.0000
0.0000
0.5319
0.0000
1.2726
0.0000
0.0000
0.1908
0.0000
0.0000
0.0000
0.0000
0.0000
0.0000
0.0000
0.0000
0.4054
0.0000
0.0000
3.6784
0.0000
2.0646
0.0642
0.0000
0.0000
0.0000
0.0000
0.0000
2.6086
0.0000
0.3553
0.0000
0.0000
1.8131
2.3661
0.0000
0.0000
0.0000
0.0000
0.0000
0.0000
0.0000
2.1761
0.0000
0.0000
0.0000
1.2890
0.0000
0.3417
0.0000
0.0000
0.0000
0.0000
2.0668
2.1638
0.0000
0.0000
0.0000
0.0000
0.0000
0.0000
0.0000
0.0000
0.0000
0.0000
0.0000
0.0000
0.0000
1.8749
0.0000
0.0000
1.9854
0.0000
0.5439
0.0000
0.0000
0.0000
0.0000
0.0000
0.3231
0.0000
4.5205
1.7325
0.0000
1.1917
0.0000
0.0000
0.0000
0.0000
0.0346
0.0000
1.8201
0.0000
0.0000
0.0000
0.0000
0.1069
0.0000
0.0000
0.0406
0.0000
2.0245
0.0983
4.8034
1.2328
6.5194
0.6976
2.3447
0.0000
0.0000
0.0000
0.0000
1.4501
0.6127
0.6580
0.0000
0.0000
0.8802
1.1195
0.0000
0.0000
0.6932
0.0000
0.0000
2.3986
0.0000
1.5490
0.1808
0.0000
0.0000
0.0000
0.0000
0.0000
0.7465
0.1896
0.2620
0.0000
0.5759
0.0000
0.0000
2.6281
1.5810
0.0000
0.0000
0.0000
0.0000
0.5656
0.0000
0.0000
0.0000
0.0000
0.0000
0.0000
0.0000
0.0000
6.6289
0.0000
0.0000
0.0000
0.0184
0.0000
0.0000
0.0000
0.0000
0.0000
4.0852
0.0000
3.0800
0.0000
4.5004
0.0000
0.0000
0.3399
1.6096
0.4154
0.3961
0.0000
1.4571
0.0000
0.0000
0.0000
0.0000
4.4681
0.0000
0.0000
1.0508
0.1922
0.0222
1.2726
0.7646
0.7750
0.0000
3.3127
0.0000
2.1987
0.0000
0.4168
0.0000
0.0000
0.1152
0.0000
0.0000
2.2431
0.0000
0.4636
0.0000
2.2597
0.0000
0.0000
0.0000
0.0000
0.0000
0.0000
0.0000
0.0000
0.0000
0.0000
0.0000
2.2239
0.0000
0.0000
0.6534
0.0000
0.0000
0.0000
0.0000
0.0000
0.0000
0.0000
0.3307
0.0000
0.4052
1.6118
0.0000
0.0000
0.0000
0.0000
0.0000
0.0000
0.2686
0.0000
0.0101
0.0000
1.2888
0.0000
0.0000
0.0000
2.0226
0.0000
0.0000
1.6208
0.0000
0.0000
0.0000
0.0000
1.2077
0.0000
0.0000
0.0000
1.4756
0.0000
0.0000
0.0000
0.0000
0.0000
1.1965
0.0000
0.0000
2.1417
0.0000
0.0000
0.0000
1.6427
0.0000
0.0000
0.0000
0.0000
0.0000
0.0000
0.0000
0.0000
0.9235
0.7795
0.0000
0.0000
1.5463
0.0000
0.0000
0.0000
0.0000
0.0000
0.0000
0.0000
0.0000
0.0000
0.0000
0.6579
0.0000
0.0000
0.0654
1.1775
0.0000
1.8278
0.0000
0.0000
0.0000
0.0000
1.8540
0.0000
0.0000
0.0000
0.4567
1.0991
0.0000
0.0000
0.0000
0.0000
0.0000
0.0000
0.0000
0.0000
0.0000
2.5799
0.4409
0.0000
0.0000
3.7690
0.0000
0.0000
1.3355
2.9019
4.7765
0.0000
0.8948
0.0000
0.0000
0.0000
3.5778
0.0000
0.0000
0.0000
1.4237
0.0000
0.0000
0.0000
0.0000
3.6613
0.0000
0.0000
0.0000
0.2399
0.0000
0.0000
0.0000
0.0000
0.0000
2.9084
0.7223
0.0000
0.7235
0.2846
0.0000
2.0298
0.0000
0.0000
0.0000
2.7915
0.0553
2.1920
0.1076
0.2012
0.0000
0.0000
0.0000
0.0000
0.0000
0.0000
0.0000
0.0000
4.0233
0.0000
0.0000
0.0000
0.0000
0.0000
0.0000
0.0000
0.0000
0.0000
0.0000
0.0000
0.0000
2.7232
0.0000
0.0000
0.0000
0.0000
0.0000
0.0000
0.0883
0.0000
0.0000
0.0000
0.0000
1.7073
0.4705
0.0000
0.0000
3.7155
0.0000
1.0615
0.0000
0.4941
2.8378
0.0000
0.0000
0.0000
0.0000
0.0000
1.6093
0.0633
0.0000
0.0000
0.0000
0.0000
0.0000
0.0000
0.0000
3.1523
0.0000
0.0000
0.0000
0.0000
0.0000
0.0000
0.9261
0.0000
0.0000
0.0000
0.3451
0.0000
0.8455
2.6259
0.0000
0.0000
1.6469
0.0000
2.7277
2.6935
0.0000
0.0000
0.2423
0.0000
0.0000
0.0000
0.0000
0.0000
0.0000
1.8323
0.0000
0.0000
3.4826
0.0000
0.0000
0.0000
0.0000
0.0000
0.0000
2.6711
0.0000
0.4597
0.0000
0.0000
0.0000
0.0000
0.0000
1.3852
0.0000
0.0000
0.0000
0.0000
0.0000
0.0000
1.2142
0.0000
0.0000
0.0000
0.0000
0.0000
0.9042
0.0000
0.0000
0.0000
1.8293
0.0000
3.0607
0.0000
0.0000
0.0000
0.0000
0.0000
0.0000
0.0000
0.0000
0.0000
0.0000
0.0000
0.0047
0.0000
0.0000
0.0000
0.2994
0.0000
0.4831
0.0000
0.0000
0.0000
0.0000
0.0000
0.0000
0.0000
0.0000
0.0000
0.0000
2.0321
2.7824
0.0000
0.4405
0.0000
0.0000
0.0000
0.0000
0.0000
0.0000
0.0000
0.0000
0.0000
0.0000
0.3564
1.5719
0.3168
0.0000
0.0000
0.1484
0.0000
0.0000
0.6056
0.0000
0.2248
0.0000
0.0000
3.4420
0.2547
3.9020
2.3893
5.1846
0.0000
0.0000
0.0000
0.0000
0.3426
0.0000
0.0000
1.6044
0.0000
0.0000
0.0000
0.0000
0.3433
0.0000
0.0000
0.0000
0.0000
2.6375
0.0000
1.6532
0.0000
3.4480
0.0000
0.0000
0.7602
0.0000
0.3824
3.6316
0.0000
0.0000
2.4653
0.5475
0.0000
0.1950
0.0204
0.0000
0.0000
0.0000
0.0000
0.0000
0.0000
0.7840
0.0000
0.0000
0.0000
0.0000
0.0000
0.8961
0.0000
3.0362
0.0000
0.8048
0.0000
0.0000
0.0000
0.0000
0.0000
0.0000
0.0000
0.0000
1.6510
0.0000
0.8616
3.2918
0.0000
0.0000
0.0000
2.3296
0.0000
0.0000
0.0000
0.0000
0.0000
0.0000
0.4473
0.0000
0.1814
0.0000
0.0000
0.0164
0.0000
0.0000
0.0000
0.0000
0.0000
2.6274
3.1238
3.0640
0.0000
1.3265
0.0000
0.0000
0.0000
2.0377
0.0000
0.0000
0.5046
0.0000
0.0000
0.0000
0.0000
0.0000
2.0039
0.8628
0.0000
0.0000
0.0000
0.0000
0.0000
0.3315
0.0000
0.0000
3.0650
0.0000
1.3209
0.0000
2.0942
0.0000
0.0000
1.4277
3.1605
1.1490
0.0000
0.0000
0.0000
1.5266
0.0000
0.0000
1.8120
0.0000
0.0000
0.0000
0.0000
0.0000
0.0000
0.0000
0.0000
0.0000
0.0000
2.0925
0.0000
0.0000
0.0000
0.0000
0.0000
0.0000
0.0000
0.5857
0.0000
0.0000
1.6435
2.2381
0.0000
0.0000
0.0000
0.0000
2.0511
0.0000
0.8900
0.0000
0.0000
2.2502
0.0000
0.1680
0.0000
0.0000
0.0000
0.7938
1.7624
0.0000
0.0000
0.0000
0.0000
0.0000
0.0000
3.5803
0.4716
0.0000
0.0000
0.0662
0.0000
0.0000
0.0000
0.0000
0.9082
0.0000
1.5832
0.0000
0.0000
0.0000
0.7678
0.0000
0.0000
0.0000
2.7538
0.0000
0.0000
0.0000
0.0000
0.0000
0.0000
0.3643
0.0000
0.6394
0.0000
2.1711
0.0000
0.0000
0.0000
0.0000
0.0000
0.0000
0.0000
0.0000
0.0000
1.8310
0.0000
1.3710
0.0000
3.7276
1.0107
0.0000
2.7804
0.1870
0.0000
0.0000
0.0000
4.1327
0.0000
0.0000
0.0000
0.9646
2.5202
0.0000
0.2228
0.0000
0.3996
0.0000
0.0000
0.0000
0.0000
0.0000
0.0000
0.0000
0.0000
0.1672
3.2768
0.0000
0.5640
0.0000
2.4694
0.0000
0.0000
0.7350
0.0000
0.0000
0.0000
1.5432
1.9816
0.6975
4.9699
0.0000
0.0000
0.0000
0.0000
0.0000
0.0000
0.3526
0.6472
0.5219
0.0000
0.0000
1.0614
0.0000
0.0000
0.0000
2.3390
0.0000
0.0000
0.0000
0.0000
1.2318
0.0000
0.0000
0.0000
0.9316
0.0000
0.0000
0.0000
0.0000
0.0000
0.0000
0.0000
0.7255
0.0000
0.0000
0.0000
0.0000
0.0000
0.0000
0.0000
0.7972
0.0000
0.4583
0.0000
1.8778
0.0000
0.0000
0.0000
1.1807
0.0000
0.0000
0.0000
0.1943
0.2230
1.2922
2.6372
0.7553
0.0000
0.0000
0.0000
1.9089
0.0000
1.0137
0.0000
0.0000
0.4224
0.0000
0.0000
0.1828
0.0000
1.7031
0.0000
0.0000
0.0000
2.5058
0.0000
1.6898
0.3814
0.0000
0.0000
0.0000
0.0000
0.0000
0.0000
2.6930
0.0000
2.4331
4.6029
0.0000
0.0000
1.3312
0.0298
0.0000
0.0000
3.3486
0.0000
0.0000
0.0000
1.8881
0.9478
0.0000
1.2797
2.4768
0.0000
0.0000
2.2386
0.0000
0.0000
1.2168
0.0000
0.0000
1.8556
0.0000
2.6435
0.0000
0.0000
6.0671
0.0000
1.1008
0.0000
0.4447
0.4237
0.0000
0.0000
0.0000
0.0000
0.0000
0.0000
1.8677
2.4133
0.0000
2.7332
0.0000
0.0000
0.1435
0.0000
0.0000
0.0000
0.0000
1.8502
0.0000
0.0000
0.7676
1.8029
0.0000
0.2352
3.9190
0.0000
0.8668
0.3514
0.0000
0.6108
0.2395
0.0000
1.5229
0.0000
0.1180
0.0000
0.0000
0.0000
1.5978
0.0532
0.0000
0.7174
0.0000
3.3278
0.0000
3.1590
4.3764
2.1754
0.0000
0.0000
0.0000
0.0000
0.7750
0.0000
0.5316
0.0000
0.5708
0.0000
1.2442
0.0000
0.0000
0.1327
0.0000
0.0000
0.0000
0.0000
0.0000
1.4056
0.0000
1.6698
0.0000
0.0000
0.6974
0.0000
0.0000
0.0000
0.2205
0.0000
0.8394
0.0000
0.0000
0.0000
0.0000
0.0000
0.0000
0.3699
0.0000
0.0000
0.0000
0.0000
0.0000
0.0000
0.0000
0.0000
0.0000
0.0139
0.0000
0.0000
0.0000
1.9271
0.0000
0.0000
0.0000
0.1844
0.0000
0.0000
0.0000
0.0000
1.0858
0.0000
1.9954
0.0000
0.0000
0.0000
1.7241
0.0000
0.0000
0.0464
0.0000
2.1321
0.0000
1.0832
3.2306
0.0000
0.0000
0.0000
0.7222
0.0000
0.0000
0.0000
0.0000
0.0000
2.0527
0.0000
0.0000
0.3188
0.0000
0.0000
1.3206
0.0000
1.4099
2.3864
0.0000
0.0000
0.0000
4.0348
0.9760
1.0228
0.0000
0.0000
0.0000
0.0000
0.0000
0.0000
0.0000
1.9113
0.0000
0.0000
1.5654
0.0000
0.0000
0.0000
0.0000
0.0000
0.0000
0.0000
4.4923
0.0000
0.0000
1.2328
1.6830
0.0000
0.2973
0.0000
0.0000
0.0000
0.0000
0.0000
0.0000
3.7618
0.0000
0.0000
3.6263
0.3945
0.0000
0.0000
1.5056
1.4525
0.0000
1.0651
0.0000
0.3393
0.0000
0.0000
0.0000
0.0000
0.0000
0.0000
0.0000
0.0000
0.0000
2.1589
1.7447
0.0000
2.5895
0.0000
0.0000
0.0000
0.0000
1.1247
0.0000
0.0000
0.0000
2.3904
0.0000
0.0000
0.0000
1.3712
0.0000
0.0000
1.7547
0.9021
0.0000
0.0000
0.2288
0.0000
0.3536
2.1161
0.0000
0.4830
0.0000
0.0000
0.0000
4.2863
0.0000
0.0000
0.0000
0.0000
0.4708
0.0000
0.0000
0.0000
0.0000
0.0000
0.0000
0.0000
0.0000
0.0000
0.0000
0.1875
0.7527
0.0000
0.0000
0.0000
0.0000
0.0000
0.0000
0.1685
1.9293
0.0000
0.0000
0.0000
3.4069
0.0000
0.0000
0.0000
1.2766
0.0000
0.0000
0.0000
0.7385
0.0000
0.0000
0.0000
0.0000
0.0000
0.0000
3.0030
0.0000
0.0000
0.7754
0.0000
0.0000
0.0000
0.0000
2.0030
0.0000
0.0000
0.0000
0.0000
0.0000
0.0000
0.0000
0.0000
0.0000
0.0000
0.0000
0.0000
0.9302
0.0000
1.5878
0.0000
0.0000
0.0000
0.0000
0.0000
0.0000
0.0000
0.3875
0.0000
1.3284
0.0000
0.0000
1.4403
1.3957
0.0000
3.7883
1.8004
0.0000
0.0000
0.0000
0.0000
0.4775
0.0000
0.0000
0.0000
0.0000
0.0000
1.0579
0.0000
2.9138
0.0000
2.7963
0.0000
0.0000
0.0000
2.8308
0.0000
1.1300
2.5879
0.0000
0.0000
0.0000
0.0000
0.0000
1.2130
2.0490
0.0000
0.0000
0.0000
0.2982
0.0000
0.0000
0.0000
0.0000
0.0000
0.0000
0.0000
0.0000
0.0000
2.9313
0.0000
2.6838
0.6937
0.4128
0.0000
0.0292
1.5618
1.4003
0.0000
0.0000
0.0000
1.6100
2.7009
0.0000
0.0000
0.0000
0.0000
0.0000
0.0000
0.0000
0.0000
0.0000
0.0000
0.0000
0.0000
0.0000
0.0000
0.2884
0.0000
0.0000
1.5908
0.0000
0.0000
0.0000
0.0000
0.0000
1.3205
0.0000
1.4100
0.0000
1.6062
0.8250
0.0000
0.0000
0.7892
0.0000
0.0000
0.0000
0.0000
0.1654
0.2208
1.4705
0.0000
0.0000
0.1860
0.0000
0.0000
0.0000
0.0000
0.0000
0.0000
0.0000
0.0000
0.0000
2.9953
0.0000
0.0000
0.0000
5.8296
0.3045
0.0000
0.0000
1.3927
0.0000
0.0000
2.7878
0.0628
0.0000
0.6899
1.5854
1.4579
0.0000
0.2037
0.0908
0.0000
2.1816
0.0000
0.6075
0.0000
1.0372
0.9330
2.1328
1.1164
0.0000
2.2473
0.0000
0.0000
0.0000
0.0000
0.0000
0.0000
0.0000
0.0000
0.0000
1.7759
0.0000
0.0000
0.0000
0.0000
0.0000
0.6381
0.0000
0.0000
0.0000
0.8635
0.0000
0.0000
1.3827
0.0000
0.0000
1.7946
0.0000
0.0000
0.0000
0.0000
0.0000
0.0222
0.0000
2.7448
0.0000
0.0000
1.5274
0.0000
0.0000
0.0000
2.3996
0.0000
1.0940
0.8884
3.1495
0.0000
0.0000
0.0000
0.0000
0.0000
0.0000
0.0000
0.0000
0.0000
0.9343
0.0000
0.0000
0.0000
0.0000
0.0000
0.7853
1.0083
0.2916
0.8097
0.5592
0.0000
0.0000
4.0986
0.5936
0.0000
0.0000
0.0000
0.0000
0.0000
0.0000
0.6420
2.1749
0.0000
0.0000
0.0000
0.0000
3.9198
4.4882
0.0000
0.5459
0.0000
0.0000
0.0000
0.0000
0.0000
0.0000
0.0000
0.0000
0.0000
0.0000
0.0000
0.0000
0.0000
0.0000
0.0000
0.0000
0.0000
0.0000
0.0000
0.0000
0.0000
0.0000
0.0000
0.0000
3.9683
0.0000
0.0000
1.3264
0.5860
0.0000
1.4535
0.7374
0.0000
0.0000
3.6582
0.0000
0.0000
0.0000
1.5776
0.0000
0.0000
0.0000
0.0000
0.0000
0.0000
0.0000
1.0572
0.1717
0.6297
0.0000
2.4562
0.0000
0.2863
0.0000
2.0173
0.0000
0.0000
0.0000
0.0449
0.0000
0.0000
0.0000
1.4073
0.5070
0.0000
0.0000
0.0000
0.1088
0.0000
0.0000
0.0000
0.0000
0.8410
2.4957
0.0000
0.0000
0.4803
0.0000
0.0046
0.0000
0.0000
1.4435
0.0000
0.0000
0.1915
0.0000
0.3671
0.0000
0.0000
1.4469
0.0000
0.0000
0.0000
0.0000
0.7989
0.0000
0.0000
0.0000
1.2513
0.0000
0.0000
0.0000
0.0000
0.0000
0.0000
0.0000
0.0000
0.0000
0.0000
0.0000
0.0000
0.0000
0.0000
0.9998
0.0000
0.2885
0.0000
0.0000
1.0132
3.3458
0.0000
0.0000
0.0000
1.0807
1.1275
0.0000
0.0000
0.0000
0.0000
0.3627
0.0000
0.0000
4.0899
1.4690
0.0000
0.0000
0.0000
4.3111
0.0000
0.4289
0.0000
0.0000
0.0000
0.0000
1.0304
0.0000
1.1807
0.0000
0.4944
0.0000
0.0000
0.5513
0.8250
0.3818
0.0000
0.4961
0.1819
0.0000
0.7308
0.0000
0.0000
2.2153
0.0000
0.0000
0.0000
0.0000
1.1016
0.0000
0.0000
0.0000
0.0000
0.0000
3.0118
0.3893
0.0000
0.0000
0.0000
0.5701
0.0000
2.9535
0.0000
0.0000
0.0000
0.0000
0.0000
0.0000
0.6694
0.0000
0.0000
2.8487
0.0000
0.0000
0.0000
0.0000
0.0000
0.0000
0.0000
0.0000
0.0000
0.0000
0.2884
0.0000
0.0000
0.0000
0.0000
1.6097
0.0000
0.0000
0.0000
0.0000
0.0000
0.4363
0.0000
0.0000
0.0000
0.0000
0.0000
1.3431
0.0000
0.0000
0.0000
0.0000
0.0000
0.0000
0.6406
2.4744
0.0000
0.0000
0.0000
0.0000
0.0000
0.0000
0.0000
0.0000
0.0000
4.5549
1.7412
0.0000
0.2601
0.0000
2.4381
0.0000
0.0000
1.7803
0.0000
0.0000
0.0000
1.2234
1.5796
6.1778
0.0000
0.2521
0.9732
0.0000
0.0000
0.0000
3.1881
0.0000
1.4917
1.2538
0.0000
0.0000
0.0000
0.0000
1.0277
0.0409
0.0000
0.7436
0.0000
0.0000
0.0000
0.6225
0.2386
0.0000
0.0000
0.9234
0.0000
0.0000
1.5918
0.0000
0.8562
0.7836
0.0000
0.0000
0.0000
0.0000
0.0000
0.0000
3.1418
0.0000
2.2554
0.0000
0.0000
0.2630
3.8388
0.0000
0.6422
0.0000
0.0000
0.0246
2.8934
0.0000
0.0000
1.3513
0.0000
0.0000
0.0000
0.0000
0.0000
0.0000
0.0000
1.6881
0.0000
0.0000
0.0000
1.6627
0.0000
0.7012
0.0000
0.0000
0.0000
1.1292
0.0000
2.5563
0.0000
0.0000
1.4259
0.0000
0.0000
0.0000
0.0000
1.4351
0.0000
0.0000
0.0000
0.0000
0.0000
0.0000
4.3845
0.0000
0.0000
0.0000
2.9284
0.0000
0.0319
0.0000
0.0000
0.0000
0.0000
0.0000
0.0000
0.0000
0.0000
0.0000
0.0000
0.3221
0.0000
0.0000
0.0000
0.0000
0.0000
0.0000
0.0000
0.0000
0.0000
0.0000
0.0000
0.3979
0.0000
2.5016
0.3868
3.8568
0.0000
2.4604
0.0000
0.0000
1.6677
0.0000
0.0122
0.0000
0.0000
0.0000
0.0000
3.1336
0.0000
0.0000
1.4409
0.0000
0.0000
0.0000
1.8218
0.0000
0.0000
0.0000
0.0000
1.5721
0.0000
2.2915
0.0000
0.0000
1.8887
0.0000
2.9755
2.4490
0.0000
0.0000
0.9132
0.0000
0.0000
0.0000
2.1263
0.0000
0.0000
0.8136
0.0000
3.2093
0.0000
2.6710
0.4125
0.0000
0.0000
0.0000
0.0000
0.0000
0.0000
0.0000
0.2973
0.4322
0.0000
0.0000
0.0000
0.0000
0.0000
0.0000
0.0000
0.0000
0.0000
0.0000
2.3272
1.3567
0.0000
0.0000
0.0000
0.0000
0.0000
1.1519
0.0000
0.0000
2.1571
2.4582
2.6914
0.0000
0.0000
0.0415
0.0000
0.0000
0.0000
0.0000
0.0000
0.0000
0.0000
0.0000
0.0000
3.3270
3.3946
0.0000
0.0000
0.4060
2.3205
3.6554
0.0000
0.0000
0.0000
0.0000
0.0000
0.0614
0.0000
0.0000
0.0000
0.0000
0.0000
0.7283
0.0000
2.0386
0.0000
0.0000
0.0000
0.8499
0.0000
0.0000
0.0000
0.0000
0.0000
0.0000
4.6067
0.0000
0.0000
0.0000
0.0000
0.0000
0.0000
0.4707
3.0274
1.5080
0.0000
0.0000
3.7657
0.0000
0.0000
0.0000
0.0000
0.0000
0.2551
1.4324
0.1581
0.0000
0.0000
3.7154
0.0000
0.0000
0.0000
0.4236
0.0424
0.0000
0.0000
0.0000
0.4182
0.0000
0.4137
0.0000
0.0000
1.2614
0.0000
1.1231
0.0000
0.0000
0.0000
2.9669
0.0137
0.0000
0.0000
0.0000
3.5653
0.0235
0.0000
0.2520
0.0000
1.9708
0.0000
0.0917
2.1123
0.0000
0.0000
0.0000
0.0000
0.0000
0.0000
0.0000
0.6645
0.0000
0.0000
0.0000
0.0000
0.0000
0.0000
0.0000
0.0000
0.1992
0.0000
1.4914
0.0000
0.0000
3.6169
0.0000
0.0000
0.0000
0.0000
0.0000
0.0000
0.0000
1.1574
0.0000
0.0000
0.0000
1.1217
0.8779
2.0951
0.0000
0.0000
0.0000
0.2002
0.0000
0.0000
0.0000
0.0000
0.0000
0.0000
0.0000
0.0000
0.0000
0.0000
0.9900
0.0000
1.2812
0.0000
0.0000
0.8454
0.0000
0.0000
1.2383
0.0000
0.0390
0.0000
1.3563
1.5458
0.0000
5.8490
0.3069
0.8572
1.8858
2.1319
0.0000
1.9226
0.0000
0.0000
1.1172
0.0000
0.2126
0.0000
0.0954
0.0000
0.0000
0.0000
0.0000
2.5458
0.0000
0.8582
0.0000
2.6093
2.7987
0.0000
2.1376
7.1751
2.4169
0.0000
0.5113
0.0000
0.0000
0.0000
3.7576
0.0000
0.0000
0.1836
0.8184
0.0000
0.0000
0.0000
0.1718
0.0000
0.0000
2.6743
0.0000
1.6000
0.0000
0.0000
0.4094
0.0000
2.2238
0.0000
0.0000
0.6515
0.0000
0.0000
3.9931
0.0000
0.0906
1.4032
1.2411
2.3929
0.0000
2.1076
0.0000
0.0000
0.9986
0.0000
0.0000
0.0000
0.0000
0.0000
1.2213
1.0667
0.0000
0.0000
1.7870
0.0000
0.0000
0.0000
1.6058
0.0000
0.0000
0.0000
0.0000
0.0000
0.0000
0.0000
1.2165
0.0000
0.0000
0.3511
0.0000
0.0000
0.0000
0.3486
0.0000
0.4176
0.0000
4.4071
0.0000
0.0000
1.3836
0.0000
0.8578
2.1697
2.8829
2.1311
0.0000
3.4461
0.0000
0.0000
0.0000
0.2883
0.0000
1.0409
0.0000
0.0000
0.0000
0.0000
0.0000
0.0000
0.0000
0.0000
1.3451
0.0000
0.0000
0.0338
0.0000
2.7314
0.0000
0.0000
0.0000
2.3825
0.0000
0.0000
0.0000
5.4176
0.0000
0.7683
1.9946
0.9516
0.0000
0.0000
0.0000
1.3668
0.0000
0.0000
0.0000
0.0000
2.8577
0.0000
0.0000
0.0000
0.0000
0.0000
0.0000
0.0000
0.0260
0.0000
0.0000
0.0000
0.0000
0.0000
1.1404
0.0000
0.0000
0.0000
5.3500
0.0000
0.0000
0.0000
0.0000
0.0000
0.0000
0.0000
0.0000
0.0000
0.0000
0.0000
0.0000
0.3830
0.0000
0.0000
0.0000
0.0000
0.0000
0.0000
0.0000
0.0000
0.5115
0.0000
0.0000
0.0000
0.0000
0.0000
0.0000
0.9906
0.0000
0.0000
0.0000
0.0000
0.0000
2.3992
0.0000
0.0000
0.9468
0.0000
0.0000
0.5191
0.0000
1.1723
0.0000
0.0000
0.0000
0.0000
0.0000
2.0258
0.0000
0.0000
0.0000
0.0000
0.0000
0.0000
0.4591
0.0000
1.3397
0.0000
0.0000
0.0000
2.6979
0.0000
0.3418
0.0000
0.0000
0.0000
0.0000
0.0000
0.3989
1.2693
0.0000
0.0000
0.0000
0.0000
1.1728
0.0000
0.0000
0.0000
0.0000
0.0000
0.5667
0.0000
0.5850
1.4055
0.0000
0.0000
0.0000
0.0000
0.0000
0.0000
0.0000
0.8266
0.0000
0.0000
0.0000
0.0000
4.6193
0.0000
1.5868
0.4069
3.0348
0.0000
1.0357
0.0000
3.1732
0.7688
0.0000
0.0000
0.0714
1.2681
0.0572
0.1313
1.0951
0.0000
0.0000
0.0000
0.5810
0.0000
0.0000
0.0000
0.9304
0.0000
0.0000
0.0000
0.0000
0.0000
1.9516
0.9073
0.0000
0.0000
0.0000
0.0000
0.0000
2.9194
0.0000
0.0000
0.0000
1.1529
1.0079
0.0000
0.9896
0.0000
0.0000
0.0000
0.0000
3.4928
0.0000
0.0000
0.0000
0.0000
1.5840
0.0000
0.0000
0.0000
0.0000
0.0000
0.0000
0.0000
0.0000
0.8378
0.0000
0.0510
0.8307
0.0000
0.0000
2.3672
0.0000
0.0000
0.0000
0.0000
0.0000
0.0000
0.0000
1.3497
0.0000
0.0000
1.2674
0.2518
0.0000
0.0000
0.0000
0.0000
0.0000
0.0000
0.0000
0.0000
0.0000
0.0000
0.0521
3.1421
0.0000
0.0000
0.0000
0.0000
0.3094
1.3183
0.0000
0.0000
0.1233
2.4608
0.2960
0.0000
0.0000
0.2326
0.3535
1.3438
0.0000
0.0000
0.0187
0.0000
3.3972
0.0000
0.0000
0.0000
0.0000
0.0000
0.6137
0.0000
0.8197
1.4296
0.0000
0.0000
4.3052
0.0000
1.7248
0.0000
1.4347
0.0000
0.0000
0.0000
0.0000
1.4826
0.0000
1.7334
1.6744
0.0760
0.5936
0.0000
0.0000
0.0000
2.5295
0.0000
0.0000
0.0000
0.0000
0.0000
0.0000
2.9276
0.0793
0.0000
0.0000
0.0000
0.0000
0.3140
0.7787
1.4072
1.6130
0.0000
0.0000
0.0000
0.0000
0.0000
5.0037
0.5677
0.0550
0.0000
0.0000
3.1228
3.1327
0.0000
0.0000
0.0000
0.0000
0.0000
0.0000
0.0000
0.0000
2.3077
0.0000
0.0000
0.0000
0.0000
0.9729
0.5332
0.0000
0.0000
0.0000
0.0000
0.4458
1.4912
0.0000
0.0000
0.0000
0.0759
0.0000
0.0000
5.2564
0.0000
0.0000
0.0000
4.8474
0.0562
0.0000
0.0000
0.0000
0.0000
1.1954
0.0000
6.6554
0.0000
0.0000
0.0000
0.0000
0.0000
0.0000
0.0000
0.0000
0.5502
0.0000
0.0000
0.0000
0.0000
0.0000
0.0000
0.5607
4.2418
0.0000
0.0000
0.0000
0.0000
0.0000
0.0000
0.0000
0.0000
0.0000
0.0000
1.5365
0.0000
1.3025
3.2811
0.0000
0.0000
0.0000
0.0000
0.5994
0.0000
0.1304
0.0000
0.3488
0.0000
0.0000
0.0000
0.0000
0.0000
1.3867
0.0000
1.3580
0.0000
0.0000
0.0000
0.0000
0.0000
0.0000
0.0000
1.9830
2.0074
0.0000
0.0000
0.0000
0.0000
3.5865
0.0000
0.4799
0.0000
0.0000
0.0000
1.5041
0.0000
0.0000
0.0000
0.0000
1.9033
0.0000
1.1396
0.0000
0.0000
1.4151
0.0000
0.0000
0.0000
2.3925
0.0000
1.2781
2.4284
0.0000
0.7634
1.9083
0.9231
0.0000
0.3898
0.0000
0.1943
0.0000
0.0000
0.0000
0.6583
0.0000
0.0000
0.0000
0.5231
0.0000
0.0000
0.0000
0.0000
0.0000
0.9650
0.0000
0.0000
0.0000
0.0000
0.0000
4.2341
0.0000
0.0174
0.0000
0.0000
0.0000
1.0248
0.0000
0.0000
0.0000
0.9118
1.4469
0.0000
0.2510
1.5291
2.1244
0.0000
1.8723
0.0000
0.0000
0.0000
0.0000
0.4621
0.0000
0.0000
0.0000
2.0572
0.0000
0.0000
0.0000
0.0000
0.0000
0.0000
2.2977
0.0000
0.0000
0.0000
0.0000
0.0000
0.0000
0.0000
0.0000
1.9904
0.0000
0.0424
0.0000
0.2646
0.0000
0.3750
0.0000
0.0000
0.0000
0.0000
0.0000
0.0000
0.1899
0.0000
0.0000
0.0000
0.0000
0.0000
0.5976
0.0000
0.0000
4.2568
0.0000
0.0000
0.0000
0.0000
1.8070
0.0000
1.1868
1.7358
0.0000
0.0984
1.4828
1.6162
0.0000
0.0000
0.0000
0.0000
0.0000
1.2525
0.0000
0.0000
0.0000
0.0000
0.0000
0.7490
0.0000
0.0000
0.0000
0.0699
0.0000
0.0000
0.0000
0.1478
2.2768
0.0000
0.0000
0.0000
0.0000
0.0000
0.0000
0.0000
0.0000
0.0000
0.0000
2.9856
0.0000
4.8274
0.0000
0.0000
0.0000
0.0000
0.0000
0.0000
0.0000
0.0000
1.8527
0.0000
0.0000
1.3396
0.0000
0.0000
0.0000
0.0000
0.2897
4.1043
0.2975
0.0000
0.0000
1.0057
0.0000
0.0000
0.0000
0.0000
1.5845
0.0000
0.0000
0.0000
0.0000
0.0000
0.0000
0.5376
0.0000
0.0000
0.0000
0.0000
0.0000
0.0000
0.0000
0.0000
0.0000
0.0000
0.0000
0.1737
0.0000
1.1571
0.0000
0.0000
0.0000
0.0000
1.0671
0.0000
0.0000
0.0000
0.0000
0.0000
0.0000
0.0000
0.0000
6.0736
0.0000
0.4251
0.0000
0.0000
0.0000
0.0000
2.3504
0.0000
0.0000
0.0000
0.7484
0.0000
0.0000
0.0000
0.0000
0.0000
0.0000
0.0000
0.0000
0.0396
0.0000
0.0000
3.1880
0.0000
0.0000
4.8381
1.2938
0.0000
0.0000
0.0000
0.0000
0.0000
0.0000
0.1838
0.0000
0.0000
0.0000
2.6948
0.3698
0.4710
2.6391
0.7016
0.2428
0.0000
0.0000
1.4490
0.0000
0.0000
0.0000
0.5558
5.9956
0.0000
0.0000
0.2747
1.7231
0.0000
0.0000
0.0000
0.0000
0.3605
0.9584
0.0000
0.0000
0.0000
0.0000
0.8038
0.0000
0.0786
0.0000
0.0000
0.0000
0.0000
0.0000
1.4398
0.1642
0.0000
0.0000
0.0000
0.0000
0.3876
0.9754
0.0000
0.0000
0.8041
0.0000
1.1595
0.0000
0.0000
0.0000
3.1432
0.0000
0.0000
0.0000
0.0000
0.0000
0.0000
1.8979
0.0000
0.0000
0.0000
0.0000
5.9360
0.0000
0.0000
0.1691
0.0000
0.0000
1.6349
0.0000
0.0000
0.0000
2.1589
1.9588
0.0000
0.0000
0.0000
0.1363
0.0000
0.0000
0.0000
2.9345
0.4903
0.0000
0.1695
4.4839
0.0000
0.0000
0.0000
0.0000
0.0000
0.0000
6.3577
0.0000
0.0000
0.0000
0.0000
0.0000
0.0000
0.0000
0.5807
0.5346
0.0000
0.0000
0.0000
0.0000
0.0000
0.0000
0.0000
0.0904
0.7921
1.5419
0.9807
5.4511
0.0000
0.2998
0.5672
0.0000
4.0683
0.0000
1.2074
0.0000
1.7412
1.8995
0.0000
0.0000
1.9485
0.0000
0.0000
0.0000
1.3436
0.0000
0.0000
0.0000
0.0000
0.5301
0.0000
4.6096
0.0000
0.0000
0.0000
1.4704
0.0000
0.0000
0.0000
1.1977
0.1538
4.9682
0.0000
0.0000
0.2396
1.7912
0.0000
0.0000
2.4299
0.0000
2.1086
0.1976
2.1189
0.0000
3.0625
0.0000
0.0000
0.0000
0.0000
0.0000
0.0000
0.0000
0.8631
2.3286
0.5779
5.2860
1.9804
0.0000
3.0170
0.0000
0.0000
0.0000
0.0000
0.0000
3.5565
0.0000
0.0000
4.5928
0.0000
0.0000
0.0000
4.5223
0.9522
3.2549
0.1389
0.0000
0.0000
0.3301
0.0420
1.0994
1.0094
0.0000
0.0000
0.0000
1.9918
0.0000
0.0255
0.0000
0.0000
0.0000
0.0000
0.0000
0.0000
0.0000
0.0000
0.0000
0.0000
0.0000
0.1391
0.0000
1.3646
0.0000
0.0000
0.4016
2.3935
3.1834
1.0684
0.0000
2.9829
0.7940
0.0000
0.0000
0.0000
0.0000
0.0000
0.0000
1.7592
0.0000
0.0000
0.0000
0.0000
5.9115
0.0000
2.0934
0.9438
0.0000
0.9520
0.7184
1.3975
0.0000
0.3761
0.0000
0.7108
2.3454
0.0000
0.0000
0.0000
0.0000
0.0000
0.0000
0.0000
0.0000
0.3764
0.0000
0.0000
2.3369
0.0000
0.0000
0.0000
4.1366
0.0000
0.0000
0.0000
2.4463
0.0000
0.0000
0.0000
0.0000
2.5368
0.0000
0.0000
1.9453
0.1331
3.1721
0.6449
0.2320
0.0000
0.0000
2.3789
0.0000
0.0000
0.0000
0.0000
0.0000
1.6224
0.0000
0.0574
0.0000
0.0091
0.0000
0.0000
0.0000
0.0000
0.9378
0.1637
0.0000
0.4222
0.0000
1.4107
0.0000
0.0000
0.0000
7.0427
4.5560
1.5946
0.0000
0.0000
0.0000
1.8339
0.0000
0.0000
0.5313
0.5118
1.2068
0.0000
2.7415
0.0000
0.0000
6.9987
0.0000
2.5796
1.7494
0.0000
0.9371
0.0000
0.6143
0.0000
0.0000
1.9017
0.0000
0.0000
2.5550
0.0124
0.0000
0.0000
0.0000
0.6647
0.0000
0.0000
1.4238
0.0000
0.7732
0.0000
0.0000
0.8011
0.0000
