0.0417
0.0000
0.0000
0.0000
2.2327
0.0000
0.3047
0.0000
1.7146
2.7336
2.0749
0.0000
0.0000
0.3226
0.0000
0.4500
0.0000
0.0000
0.0000
0.0000
0.0000
0.0000
2.7535
0.2866
2.4535
0.0000
0.0000
0.3068
0.0000
0.0000
0.0000
0.0000
0.0000
0.0000
0.4852
0.0000
0.0000
0.0000
1.3131
2.7674
0.0000
0.0000
0.0000
0.0000
0.0000
0.8703
0.0000
0.0000
0.0000
0.0000
0.0000
1.1771
0.0000
0.0000
0.0000
0.0000
0.0000
0.0000
0.0000
0.0000
0.0000
1.9175
0.0000
0.0000
0.0000
0.0000
0.0000
0.1567
0.0975
0.0000
0.0000
2.1441
0.0000
0.0000
0.0000
1.5868
0.0000
0.0000
0.0000
0.0000
0.0000
0.0000
1.1061
0.0000
0.0000
0.0000
0.6752
0.0000
0.6166
0.0000
0.7862
0.0000
0.0000
1.7210
0.0000
0.0000
0.0000
0.0000
2.7558
0.0000
0.0000
0.0000
0.0000
0.0000
0.0000
0.0000
0.0143
0.0000
1.8090
0.0000
0.0000
0.0000
0.0000
0.3152
0.0000
0.0000
0.2078
0.0000
0.0000
0.0000
1.6991
0.0000
4.3994
0.0000
0.0000
0.0000
0.1040
0.5771
0.3575
0.8733
0.0000
0.0000
0.0000
0.0000
4.3140
0.0000
0.0121
0.7772
0.7625
1.3748
2.9185
0.0000
1.2469
0.0000
2.1917
0.0000
0.0202
1.4913
0.3799
0.0000
0.0000
0.4985
0.0000
1.4852
0.0000
0.0000
0.0000
0.9453
0.0000
0.9577
1.2396
0.0000
0.0000
0.0000
0.0000
1.7587
0.0000
0.0000
0.0000
0.7487
0.0000
0.0000
0.0000
0.0000
0.0000
0.0000
0.0000
0.3738
0.0000
3.9166
3.1879
1.6243
0.0000
0.0000
0.0000
0.0000
0.1467
0.0000
0.9102
0.9842
0.0000
0.0000
0.0000
0.0000
0.0000
0.1113
0.0000
0.0000
1.3415
2.1423
0.0000
0.0000
0.0000
0.0000
0.0000
0.0000
0.0000
0.0000
0.0000
0.0000
0.0000
0.0000
0.0000
2.0618
0.6662
0.0000
0.0000
0.0000
0.0000
0.6413
1.0301
0.0000
0.0000
0.0000
1.7257
0.0000
0.0000
0.5085
0.0000
0.0000
0.0000
0.0000
0.0000
0.0000
0.0000
0.0000
1.0639
0.9488
5.3733
0.0000
0.0000
0.0000
0.0000
0.0000
0.0000
0.0000
0.0000
0.0000
2.5046
0.0000
0.0000
0.0000
0.0000
0.0000
0.0000
0.0000
0.0000
0.3786
0.1880
0.0000
0.0000
0.0000
0.0000
0.3072
0.0000
0.0000
0.0232
0.0000
0.0000
0.0000
2.2228
0.0000
0.0000
0.0000
0.2782
0.0000
0.0000
0.0000
1.9306
0.0000
3.7146
0.0000
0.0000
0.5059
0.1561
0.7522
0.0000
0.3493
0.0000
0.0000
0.0000
0.0000
0.0000
1.5270
3.4027
0.0000
0.0000
0.0000
0.0000
3.2201
0.0000
0.0000
0.0000
0.0000
0.0000
0.0000
0.0000
0.0000
0.0000
0.0000
0.0000
0.4833
0.0000
0.0000
1.0995
0.0000
0.0000
0.0000
0.0000
0.9994
0.0000
1.3534
0.0000
1.6428
0.0000
1.5348
0.0000
0.0000
0.0000
0.0000
0.0000
0.8656
0.0000
0.0000
0.2896
3.2104
0.6072
0.0000
0.0000
3.3606
0.0000
0.0000
0.0000
0.0000
0.1015
5.5776
0.0000
0.8235
0.0000
0.0000
0.0000
1.3688
2.8396
0.0000
3.1407
1.1675
0.0000
0.0000
0.0000
0.0000
0.0000
0.0000
0.0000
0.0000
0.0000
0.0000
0.0000
0.0543
0.0000
0.0000
0.0000
0.0000
0.0000
0.0000
0.0000
0.4469
0.0000
2.4840
0.0000
0.0000
2.1950
0.4989
1.2800
0.0000
0.0000
0.0000
0.0960
0.0000
0.0000
0.0000
3.6936
0.0000
0.0000
0.0000
0.0000
0.6174
0.0000
0.0000
0.1385
0.8975
0.2914
0.0000
0.0000
0.0000
0.0000
1.3844
0.0000
0.0000
0.1508
0.8361
0.0000
0.0000
0.0000
1.0510
1.2362
0.0000
0.0000
0.0000
0.9437
0.0000
0.0000
0.0000
0.0094
0.0000
0.0000
0.0000
0.0000
0.0000
0.0000
0.0000
0.0000
0.0000
0.0000
0.0000
0.0000
0.0000
0.5517
0.0000
0.0000
0.0000
1.0157
0.0000
0.0275
0.0000
3.2458
0.0000
0.0000
2.3347
0.0000
0.2539
0.0000
0.0000
0.0000
0.0716
0.0000
0.0000
0.0000
0.0000
0.0000
0.0000
0.6653
0.0000
1.2425
0.0000
1.6520
0.0000
0.6596
0.9328
0.0000
0.0000
0.0000
0.0000
0.0000
1.7067
0.0000
1.4434
0.0000
0.0000
1.3321
0.0000
0.0000
0.0000
0.4274
0.1716
0.5614
0.0000
0.0000
0.0000
0.0000
0.3430
0.0000
0.0000
0.9597
0.0000
0.8563
0.0000
0.0000
0.0000
0.0000
0.0000
0.0000
0.0000
2.2442
0.0000
0.0000
0.0000
0.0000
0.0000
0.0000
0.0000
0.0911
0.2039
0.0000
1.9032
0.0000
0.0000
0.0000
0.0649
5.6353
0.0000
0.0000
1.2421
0.0000
0.2048
0.0000
0.0000
2.0226
0.0000
0.0000
0.8173
1.0904
0.8331
0.0000
0.0000
0.5104
0.4152
0.0000
0.0000
0.7352
0.0000
0.0000
0.0000
0.0000
0.0000
0.0000
0.0000
0.0000
0.9282
1.2574
0.0000
0.0000
0.0000
0.0000
0.0000
0.0000
0.0000
0.0000
0.0000
0.4352
1.1601
2.0171
0.1241
0.0000
0.0000
0.0000
0.1779
0.0000
0.0000
0.0000
0.0000
0.0000
0.0000
0.0000
0.0000
0.0000
0.0000
0.0000
0.0000
0.0000
2.1346
0.0000
0.0000
0.0000
0.0000
0.0000
0.0000
0.0000
1.3365
2.7114
0.0000
0.0000
0.1128
0.0000
0.0309
0.4248
0.0000
0.0000
0.0000
2.0237
0.3777
0.0000
1.0678
0.0000
0.6757
0.0000
0.0000
0.0000
0.0000
0.3730
0.0000
0.0000
0.0000
0.0000
4.8104
0.0000
0.0000
1.4313
0.0000
0.0000
0.0000
4.3223
0.0000
0.0000
0.0000
0.0000
0.1029
0.0000
0.0231
0.0000
0.0000
0.0000
0.0000
0.0000
0.0000
0.0000
0.2791
0.0000
0.0000
0.0000
0.0000
0.0000
0.7130
0.0000
0.0000
3.1839
0.0000
0.0000
0.2804
0.0000
0.0000
0.0000
0.0000
0.3678
0.0000
0.0000
0.0000
0.0000
0.2746
0.0000
0.0000
0.0000
1.4805
0.7954
0.0000
0.0000
0.0000
0.0000
0.0000
0.0000
0.0000
0.4566
0.0000
0.0000
0.0000
0.0000
0.0000
0.0000
0.0000
0.0000
0.0000
0.2425
0.1453
0.0000
0.0000
0.0000
1.6909
0.0000
0.0000
0.0000
0.4385
0.0000
0.0000
1.7265
0.0000
0.8882
0.0000
0.0000
0.0000
0.3266
0.0000
0.1742
0.0000
2.1617
0.0000
0.0000
0.0000
0.0000
0.0000
0.1933
0.0000
0.0000
3.9892
0.0000
0.0000
0.0000
0.0000
0.0000
0.7354
0.0000
0.0000
0.0000
0.0000
0.0000
0.5840
0.0000
0.0000
1.7260
0.0000
0.0000
0.5062
0.0000
0.0000
0.0000
1.0382
0.0000
0.0000
0.0000
1.1816
0.0000
1.0938
1.6974
0.0000
0.0000
1.4968
0.0000
0.0000
0.0000
0.0000
1.8987
0.0000
0.0000
0.0000
0.0000
0.0000
0.0000
0.0000
0.0000
0.0000
0.0000
0.2788
0.0000
0.9845
4.4611
0.0869
0.0000
0.0000
0.0000
0.0000
0.0000
0.0000
0.0000
0.0000
0.0000
0.0000
0.0000
0.0000
0.0000
0.0000
0.0000
1.0779
0.0000
0.2578
0.0000
0.0000
0.0000
0.0000
0.0000
0.1138
0.0000
0.0000
0.0000
0.0000
1.7647
1.6358
0.0000
0.0000
0.0000
0.0000
0.9163
0.0000
0.0000
0.1961
5.0823
0.0000
0.0000
0.0825
0.0000
0.0000
1.1155
0.0000
0.0000
0.0000
0.0000
0.0000
0.0000
0.0000
1.5032
0.0000
0.0000
3.9155
0.4039
0.0000
0.0000
0.0000
0.0000
0.0000
0.0000
0.0000
0.0000
0.0000
0.5255
0.0000
0.0000
0.0000
0.0000
0.0000
0.0428
2.2894
0.0000
0.0000
0.0000
0.0000
0.0000
0.0000
0.0000
0.0214
0.0000
0.0000
0.2261
0.0000
0.0000
0.4176
0.0000
0.0000
0.0000
0.0000
0.0000
0.0000
0.0000
0.0000
0.0000
0.0000
0.0000
2.5764
0.0000
1.6497
0.7645
0.0000
0.0000
0.0000
0.0000
0.0000
0.0000
1.2570
0.0000
0.0000
0.8607
1.2851
0.8303
0.0000
0.0000
0.0000
0.0000
0.0000
0.0000
0.0000
0.6535
0.0000
0.0000
0.0000
1.0557
0.0000
1.0120
0.0000
0.0000
0.0000
0.0000
1.6304
2.1797
0.0000
0.0000
0.0000
0.0000
0.0000
0.0000
0.0000
0.0000
0.0000
0.0000
0.0000
0.0000
0.0000
2.6564
0.0000
0.0000
0.0000
1.1681
0.0000
0.3713
0.0000
0.0000
0.0000
0.0000
0.0000
0.0000
4.5677
0.0000
0.0000
0.0000
0.0000
0.0000
0.0000
0.0000
0.0000
0.0000
0.1664
0.0000
0.0000
0.0000
0.0000
0.8885
0.0000
0.0000
0.0000
0.0000
2.5332
0.0000
2.6803
0.9159
3.8018
0.0000
1.1913
0.0000
0.0000
0.0000
0.0000
0.9211
0.0000
0.0000
0.0000
0.0000
4.1960
0.0000
0.3423
0.6906
0.0000
0.0000
0.2863
2.0038
0.0000
2.3888
0.0000
0.4132
0.0000
0.0000
0.0000
0.0000
1.7174
0.2010
0.0000
0.0000
1.2078
0.0000
0.5435
1.7531
0.5022
1.0135
0.0000
0.0000
0.0000
0.0000
0.0000
0.0000
0.0000
0.0000
0.0000
0.0000
0.0000
1.2914
5.4129
0.0429
0.0000
0.0000
0.0000
0.0000
0.0000
0.0000
0.0000
0.0000
2.1008
0.0000
3.0154
0.0000
3.3852
0.0000
0.0000
0.5578
1.2946
1.1726
0.0000
0.0000
2.3477
0.0000
0.0000
0.2717
0.0000
2.9446
0.0000
0.0000
0.9634
0.0000
0.0000
3.0117
0.3753
0.6089
0.0000
1.9674
0.0000
1.4604
0.0000
0.0000
0.0000
0.0000
0.0000
0.0000
0.0000
2.0209
0.0000
0.0000
0.0000
1.7016
0.1281
0.0000
0.0000
0.0000
0.0000
0.0000
0.0000
0.7191
0.0000
0.0000
0.4955
1.4341
0.0000
0.0000
0.0000
0.0000
0.0000
0.0000
0.0000
1.3316
0.0000
0.0000
0.0000
0.0000
0.0000
1.2670
0.5585
0.0000
0.9298
0.0000
0.0000
0.0000
0.0000
0.0000
0.6263
0.0000
0.0000
0.5856
0.0000
0.0000
0.0000
0.0000
0.0000
1.0078
0.0000
0.0000
0.9993
0.0000
0.9080
0.0000
0.0000
0.0000
0.3121
0.4912
0.0000
0.0000
0.0000
0.0000
1.2906
1.1434
0.0000
0.1116
0.0000
0.0000
0.0000
0.0000
0.0000
0.0000
0.0000
0.0000
0.1392
0.0000
0.0000
1.4100
0.0959
0.0000
0.0000
0.0000
0.0000
0.3184
0.0000
0.0000
0.0000
0.0000
0.0000
0.0000
0.0000
0.0000
0.0000
0.0000
0.0000
0.0000
0.0000
1.9661
0.9441
0.9272
0.0000
0.0000
0.0000
0.0000
0.0000
0.0000
0.0000
0.0000
0.5584
0.0000
0.0000
1.2118
0.0000
0.0000
0.0000
0.0000
0.0000
0.0000
0.0000
2.7517
0.8928
0.4318
0.0000
4.3745
0.0000
0.0000
0.0000
1.2582
2.9897
0.0000
1.9282
0.0000
0.0000
0.0000
1.5527
0.2810
0.0000
0.0185
0.0000
0.0000
0.0000
0.0000
0.0000
2.3820
0.0000
0.0000
0.0000
0.0000
0.0000
0.7148
0.0000
0.0000
0.2665
0.2870
0.2358
0.0000
0.0000
0.0000
0.0000
2.0295
0.0000
0.0000
0.0000
1.3499
0.0000
1.4403
0.0576
0.4177
0.0000
0.0000
0.0000
0.0000
0.0000
0.0000
0.0000
0.0000
2.1345
0.0000
0.0000
0.0000
0.0000
0.0000
0.0000
0.0000
0.0000
1.4753
0.0000
0.0000
0.0000
1.9634
0.0000
0.0000
0.0000
0.0000
0.0000
0.0000
0.0000
0.9653
0.0000
0.0000
0.2260
1.8848
1.0769
0.0000
0.0000
2.6700
0.0000
2.1743
0.0000
0.0000
3.4376
0.0000
0.0000
0.0000
0.0000
0.0000
0.3491
0.0000
0.0000
0.0000
0.0000
0.0000
0.0000
0.0000
0.7256
1.0134
0.0000
0.6718
0.0000
0.0000
0.0000
0.0000
0.0903
0.0000
0.0000
0.0000
0.0000
0.0000
0.4192
2.7759
0.0000
0.0000
2.4468
0.0000
1.1578
0.5686
0.0000
0.0000
0.0000
0.0000
0.0000
0.0000
0.0000
0.0767
0.0000
1.4146
0.0000
0.0000
1.1870
0.0000
0.0000
0.0000
0.0000
0.5054
0.0000
1.3190
0.0000
0.0000
0.4902
0.0000
0.0000
0.0000
0.9592
0.0000
0.0000
0.0000
0.5421
0.0000
0.0000
0.0000
0.0000
0.0000
0.0000
0.0000
0.0000
0.4974
1.2721
0.0000
0.5620
0.0000
2.1129
0.0000
2.2100
0.0000
0.0000
0.0000
0.0000
0.0000
0.0000
0.0000
0.0000
0.0000
0.0000
0.2038
0.1598
0.0000
0.0000
0.0000
0.0000
0.0000
0.9384
0.0000
0.0000
0.0000
0.0000
0.0000
0.0000
0.0000
0.0000
0.0000
0.0000
3.6678
2.4712
0.0000
0.3779
0.0000
0.0000
0.0000
0.0000
0.0000
0.0000
0.0000
0.0000
0.0000
0.0000
0.0000
2.0126
0.2779
0.0000
0.0000
0.0000
0.0000
0.0000
1.1949
0.0000
0.2675
0.0000
0.0000
1.5115
0.0000
0.7485
1.2797
3.5586
0.0000
0.0509
0.0000
0.0000
0.0000
0.0000
0.0000
1.2509
0.0000
0.0000
0.0851
0.0000
0.0000
0.0000
0.0000
0.0000
0.0000
1.1657
0.0000
3.6051
0.0000
2.8660
0.0000
0.0000
0.0000
0.0000
0.0000
2.0276
0.0000
0.0000
2.7587
0.0000
0.0000
0.0000
0.0000
0.0000
0.0000
0.0000
0.0000
0.0000
0.0000
0.4328
0.0000
0.0000
0.0000
1.4516
0.0000
0.0000
0.0000
3.2714
0.0000
0.0000
0.0000
0.0000
0.0000
0.0000
0.0000
0.0000
0.0000
0.0000
2.0389
0.0000
0.6316
2.8488
0.0000
0.0000
0.0000
0.9396
0.0000
0.0000
0.0000
0.0000
0.0000
0.0000
0.6198
0.0000
0.4820
0.0000
0.0000
0.0000
0.0000
0.0000
0.0000
0.0000
0.0000
2.8198
2.9718
0.4071
0.0000
0.4671
0.0000
1.6315
0.0000
1.6682
0.0000
0.0000
0.9751
0.0848
0.0000
0.0000
0.0000
0.0000
1.1219
0.1743
0.0000
0.2704
0.0000
0.0000
0.0000
0.8468
0.0000
0.0000
4.7955
0.0000
0.6109
0.0000
0.0000
0.0000
0.0000
0.0000
5.9733
1.4721
0.0000
0.0000
0.0000
0.0000
0.0000
0.0000
0.7084
0.0000
0.0000
0.0000
0.0000
0.0000
0.0000
0.0000
0.0000
0.7496
0.0000
0.2993
0.0000
0.0000
0.0000
1.8445
0.0000
0.0000
0.0000
0.0000
0.0000
0.0000
0.2395
1.5696
0.0000
0.0000
0.0000
0.0000
2.9398
0.0000
1.1192
0.0000
0.0000
0.9167
0.0000
0.0000
0.0000
0.0000
1.1331
0.3820
0.3327
0.8680
0.0000
0.0000
0.0000
0.0000
0.0000
3.1930
0.0000
0.0000
0.0000
0.0000
0.0000
0.0000
0.0000
0.0000
0.0000
0.0000
0.0000
0.0000
0.0000
0.0000
0.8255
0.0000
0.0000
0.0000
1.9359
0.0000
0.0000
0.0000
0.0000
1.2635
0.0000
0.0283
0.0000
0.8841
0.0000
1.9502
0.0000
0.0000
0.0000
0.0000
0.0000
0.0000
0.0000
0.0000
0.0000
0.5057
0.0000
0.0000
0.0000
1.0232
0.0000
0.0000
1.7124
0.0000
0.0000
0.0000
0.0000
0.0000
0.0000
0.0000
0.0000
2.4959
1.6552
0.0000
0.0000
0.0000
0.0100
0.0000
0.0000
0.0000
0.0000
0.0000
0.0000
0.0000
0.0000
0.4041
3.1932
0.0000
0.7116
0.0000
1.2208
0.7989
0.0000
0.0000
0.0000
0.0000
0.0000
0.2495
1.5149
0.2775
4.1211
0.0000
0.0000
0.0000
0.0000
0.2890
0.0000
0.0000
0.0000
1.2838
0.0000
0.0000
0.0000
0.0000
0.0000
0.0000
2.2888
0.0000
0.0000
0.0000
0.0000
0.0000
0.0000
0.0000
0.0000
0.4847
0.0000
0.0000
0.1224
0.0000
0.0000
0.0000
0.0000
0.0000
0.0000
0.0000
0.0000
0.0000
0.0000
0.0000
0.0000
0.5786
0.0000
1.0510
0.0000
1.9363
0.0000
0.0000
0.0000
2.2694
0.0000
0.0000
0.0000
0.8141
0.4842
0.3270
2.1480
2.2662
0.0000
0.0000
0.0194
2.1757
0.0000
0.0831
0.0000
0.0000
0.0000
0.0000
0.0000
0.0000
0.0000
0.0000
0.0000
0.0000
0.0000
1.1777
0.0000
0.0445
0.0000
0.0000
0.0000
0.0000
0.0211
0.0000
0.0000
2.5224
0.0000
1.0435
2.8211
0.0000
0.0000
1.1522
0.0000
0.0000
0.1827
2.0466
0.0000
0.0000
0.4811
0.0000
2.1407
0.0000
0.0000
0.8158
0.0000
0.0000
1.3921
0.0000
0.0000
0.0000
0.0000
0.0000
0.4074
0.7224
1.4192
0.0000
0.0000
2.6747
0.0000
1.4862
0.0000
0.0000
0.0000
0.0000
0.0000
0.0000
0.0000
0.0000
0.0000
1.1908
1.8526
0.0000
1.0559
0.0000
0.1535
0.0000
0.0000
0.0000
0.0000
0.0000
0.0000
0.6245
0.0000
0.0000
0.7956
0.0000
0.0000
2.0776
0.0000
0.9644
0.0000
0.0000
0.0000
0.0000
0.0000
0.1298
0.0000
0.0000
0.0000
0.0000
0.0000
1.8617
0.7709
0.0000
0.0450
0.0000
0.0000
0.0000
1.9099
4.3503
2.0176
0.0000
0.0000
0.0000
0.0000
0.9914
0.0000
0.0000
0.0000
0.0000
0.0000
0.3884
0.0000
0.0000
0.4412
0.0000
0.0000
0.0000
0.0000
0.0000
1.7949
0.0000
2.3261
0.0000
0.0000
1.4290
0.0000
0.0000
0.0000
0.0000
0.0000
0.0000
0.0000
0.0000
0.0000
0.0000
0.0000
0.0000
0.0000
0.0000
0.0000
0.0000
0.0000
0.0000
0.0000
0.4673
0.0000
0.0000
0.0000
0.0000
0.0000
0.0000
0.5156
0.0000
0.0000
0.0000
0.6892
0.0000
0.0000
0.0000
0.0000
1.6091
0.0000
0.0000
0.0000
0.0000
0.0000
1.0044
0.0000
0.1890
0.0000
0.0000
0.2098
0.0000
0.0000
0.7620
0.0000
0.0000
0.6959
0.2492
0.0000
0.0000
0.0000
0.9689
0.0000
0.0000
0.0000
0.0000
0.0000
0.0000
0.9625
1.0836
0.0000
0.2500
0.0000
0.0000
0.0000
0.0000
2.7882
1.4010
0.0000
0.0000
0.0000
0.0000
0.0000
0.0000
0.0000
1.1324
0.4032
0.0000
0.0000
0.0000
0.0000
0.0000
0.0000
0.1480
0.0000
0.0000
0.0000
2.1845
0.0000
0.0000
0.1618
1.5843
0.0000
0.8252
0.0000
0.0000
0.0000
0.2078
0.0000
0.0000
4.2578
0.0000
0.0000
1.4848
1.6072
0.0000
0.0000
1.4686
1.4190
0.2853
0.5237
0.0000
0.0000
0.0000
0.0000
0.0000
0.0000
0.0000
0.0000
0.0000
0.0000
0.0000
2.6164
2.6453
0.0000
0.5383
0.9882
0.0000
0.0000
0.0000
0.9917
0.0000
0.0000
0.0000
0.9019
1.4299
0.0000
0.0000
0.0000
0.0000
0.0000
0.4829
1.5403
0.0000
0.0000
0.0000
0.0000
0.0000
1.6285
0.3468
0.0000
0.0000
0.0000
0.4827
0.7490
0.0000
0.0000
0.0000
0.0000
0.0000
0.0000
0.0000
0.0000
0.0000
0.0000
0.0000
0.0000
0.7748
0.0000
0.0000
2.1170
0.8018
0.0000
0.0000
0.0000
0.0000
0.0000
0.3442
0.0000
0.1867
0.0000
0.0000
0.0000
2.0851
0.0000
0.0000
0.0000
0.0000
0.0000
0.0000
0.0000
0.0000
0.0000
0.0000
0.0000
0.0000
0.2241
0.0000
0.3968
0.0000
0.0000
0.0000
0.0000
0.0000
0.0000
0.0000
0.7579
0.0000
0.0000
0.0000
0.5964
0.0000
0.0000
0.0000
0.0000
0.0000
0.0000
0.0000
0.0000
2.3458
0.0000
1.5834
0.0000
0.0000
0.1946
0.0000
0.0000
0.0000
0.0000
1.5003
0.0000
0.6692
0.0000
0.0000
2.9715
1.2640
0.0000
3.1860
0.0000
2.8453
0.0000
0.0000
0.0000
0.0000
0.0000
0.0000
0.0000
0.0000
0.0000
0.0000
0.0000
3.8129
0.5000
0.6881
0.0000
0.0000
0.0000
0.0000
0.0000
0.0000
2.1017
0.0000
0.9609
0.0000
0.0000
0.0000
0.0000
0.3056
0.0000
0.0000
0.0000
0.0622
0.0000
0.0000
0.0000
0.0000
0.0000
0.0000
0.0000
0.0000
0.0000
0.0000
1.3647
1.8949
1.6854
0.0000
0.0000
0.0000
0.0000
0.0000
0.0000
0.8607
0.0000
1.0854
2.0003
1.3174
0.0000
0.6871
0.0000
0.0000
0.0000
0.0000
0.0000
0.0000
0.0000
0.0000
0.0000
0.0000
0.0000
0.0000
0.0000
0.0000
1.0387
0.0000
0.0000
2.6552
0.0000
0.0000
0.0221
0.0000
0.8622
0.0000
1.3393
0.4415
0.0000
0.0000
0.0000
0.2346
0.0000
0.0000
0.0000
0.0000
0.0000
0.2906
0.5418
0.0000
0.0000
0.0000
0.0000
0.0000
0.0000
0.0614
0.0000
0.0000
0.0000
0.0000
3.5979
0.6624
0.0000
0.0000
5.4867
1.1321
0.0000
0.0000
1.5079
0.0000
0.0000
1.8357
0.0000
0.0000
0.0000
0.7849
1.1780
0.0000
0.0000
0.0000
0.0000
3.0064
0.0000
0.0000
0.0000
0.0000
0.0000
0.0000
0.0000
0.0000
1.1549
0.0000
0.0000
0.0000
0.0000
0.0000
0.0000
0.0000
1.5251
0.0000
0.1373
0.0000
0.0000
0.5897
0.0154
0.0000
0.0000
0.0000
0.0000
0.0000
0.0000
0.0000
0.2359
0.1091
0.0000
0.0000
2.3227
0.0000
0.0000
1.6982
0.0000
0.0000
0.0000
0.0000
1.9176
0.0000
0.0000
2.8326
0.0000
0.0000
0.0000
2.5678
0.0000
0.0000
0.0000
2.5186
0.0000
0.6185
0.0000
0.0000
0.0000
0.1719
0.0000
0.0000
0.0000
0.6461
0.0000
0.0000
0.0000
0.0000
0.0000
0.9398
1.6585
0.8435
2.2559
0.0000
0.0000
0.0000
1.4424
0.6126
0.0000
0.0000
0.0000
0.0000
0.0000
0.0000
0.0000
2.0425
0.0000
0.0000
0.0000
0.0000
3.0698
5.5495
0.0000
1.4414
0.0000
0.0000
0.0000
0.0000
0.0000
0.0000
0.0000
0.0000
0.0000
0.0000
0.0000
0.0000
0.0000
0.0000
0.0000
1.1638
0.0000
0.0000
0.5063
0.2160
0.0000
0.0000
1.3807
0.0000
0.0000
0.0000
0.0000
0.3182
0.6647
0.0000
2.0845
1.0320
0.0000
0.0000
3.0958
0.0000
0.1423
0.0000
0.0000
0.0000
0.0000
0.0000
0.0000
0.0000
0.0000
1.1440
0.1775
0.0000
0.0000
0.0000
2.8422
0.0000
0.0518
0.0000
1.7822
1.5073
0.3415
0.0000
0.2279
0.0000
0.0000
0.0000
0.0000
0.6492
0.0000
0.0321
0.0000
0.4629
0.0000
0.0000
0.0000
0.0000
0.9221
0.0000
0.0000
0.0000
0.0000
0.0000
0.0000
0.0000
0.0000
2.9579
0.0000
0.0000
1.2325
0.0000
0.0000
0.0000
0.0000
1.7040
0.0000
0.0000
0.0000
0.0000
0.0000
0.0000
0.0000
0.0000
1.2238
0.0000
0.0000
0.0000
0.0000
0.0000
0.0000
0.0000
0.0000
0.7809
0.0000
0.0000
0.0000
0.0000
0.0000
0.0000
0.0000
0.0000
0.0000
0.0000
0.0000
0.3644
0.8160
0.0108
0.0000
0.5191
0.0137
0.0000
0.0000
0.5218
0.0000
0.0000
0.0000
0.0000
4.8147
0.9902
0.0000
0.0000
0.0000
3.9664
1.1921
0.0000
0.0000
0.0000
0.0000
0.0000
0.8171
0.0000
2.1375
0.7820
0.0000
0.2810
0.0000
0.0000
0.3349
0.0000
0.0000
0.0000
0.0000
0.0000
0.0000
0.0000
0.0000
1.6853
0.0000
0.0000
0.0000
0.0000
1.2320
0.0000
0.0000
0.0000
0.2353
0.0000
1.3451
0.0000
1.0288
0.5016
0.0000
0.0000
1.0535
0.0000
0.0000
0.0000
0.0000
0.0000
0.0000
0.0000
0.4162
0.0000
0.0000
1.5793
0.0000
0.0000
0.0000
1.0842
0.0000
0.0000
0.0000
0.0000
0.0000
0.0000
0.0000
0.0000
0.0000
0.0000
0.0000
0.1290
0.1346
1.1633
0.6145
0.0000
0.0000
0.0000
0.0000
0.0000
0.0000
0.0000
0.0000
0.6338
0.0000
0.0000
0.0000
0.0000
0.0000
0.0000
1.5749
3.0153
0.0000
0.0000
0.0000
0.0000
0.0000
0.0000
0.0000
0.0000
0.0000
4.1112
0.0000
0.0000
0.1771
0.0000
2.1591
0.0000
0.0000
1.5805
0.0000
0.0000
0.0000
0.0000
0.0000
4.3107
0.0000
2.0957
2.1801
0.0000
0.0000
0.0000
3.0130
0.6004
0.1248
0.1098
0.7671
0.0000
0.0000
0.0000
2.5359
1.1442
0.0000
0.0000
0.0000
0.0000
0.0000
0.0000
0.0000
0.0000
0.0000
1.4731
0.0000
0.0000
1.5778
0.0000
0.0000
0.6463
0.0000
0.0000
0.0000
0.0000
0.0000
0.0000
2.4543
0.0000
1.4310
0.0000
0.0000
0.2978
2.8066
0.0000
0.0742
0.0000
0.0000
0.0000
1.2481
0.0000
0.0000
1.3319
0.0000
0.0000
0.0000
0.0000
0.0000
0.0000
0.0753
1.8694
0.0000
0.0000
0.0000
2.1378
0.0000
0.4505
0.0000
0.0000
0.0000
3.2157
0.0000
0.0000
0.0000
0.0000
0.0000
0.0000
0.0000
0.6897
0.0000
1.4594
2.2342
0.0000
0.0000
0.0000
0.0000
0.0000
0.3837
0.0000
0.0000
0.1499
0.8002
0.0000
0.2858
0.0000
0.0000
0.0000
0.0000
0.0000
0.0000
0.0000
0.0000
0.0000
0.0000
0.0000
0.0000
0.0000
0.0000
0.2566
0.0000
0.0000
0.0000
1.0656
0.0000
0.0000
0.9621
0.0000
0.0000
0.0000
0.5043
3.5575
0.0000
2.3888
0.0000
0.0000
0.0000
0.0000
0.0000
0.0000
0.0000
0.0000
0.0000
1.3125
0.0000
0.0000
0.4669
0.0000
0.0000
0.0000
0.0000
0.0000
0.0000
0.0000
0.8836
0.0000
0.0000
0.4645
0.0000
0.0000
1.3670
0.0000
2.2347
0.9406
0.0000
0.0000
0.4753
0.0000
0.0000
0.0000
0.0000
0.0000
0.0000
0.0000
0.0000
1.1164
0.0000
0.1571
0.0000
0.0000
0.0807
0.2278
0.0000
0.0000
0.0000
0.0000
1.9469
0.2242
0.0000
0.0000
0.0000
0.0000
0.0000
0.0000
0.0000
0.0000
0.0000
0.0000
1.6127
1.6626
0.0000
0.0000
0.0000
1.2321
0.0000
0.7639
0.0000
0.9615
2.5728
1.7204
2.0447
0.0000
0.0000
0.0000
0.0000
0.2285
0.3754
0.0000
0.0000
0.0000
0.0000
0.0000
0.0000
3.7548
2.9684
0.0000
0.0000
0.0000
0.1318
3.5427
0.0000
0.0000
0.0000
0.0000
0.0000
0.0000
0.0000
0.0000
0.0000
0.0000
0.0000
0.0000
0.0000
0.9091
0.0000
0.0000
1.1335
0.0000
0.0000
0.0000
0.0000
0.0000
0.0000
0.0000
3.3890
0.6980
0.0000
0.0000
0.0000
0.0000
0.0000
0.0000
2.0340
0.0022
0.4547
0.0000
2.9855
0.1761
0.0000
0.0000
0.0000
0.0000
0.0000
1.9982
0.8596
0.0000
0.0000
3.0539
0.0000
0.0000
0.0000
0.0000
1.4457
0.0000
0.0000
0.0000
0.5428
0.0000
0.3565
0.0000
0.0000
3.2126
0.0000
0.1140
0.0000
0.0000
0.0000
2.0498
0.0000
0.0000
0.0000
1.6061
3.1778
0.0000
0.1964
0.0000
0.0000
0.0000
0.0000
0.1232
1.5437
0.0000
0.0000
0.0000
0.0000
0.0000
1.1952
0.0000
0.0000
0.0000
0.0000
0.0000
0.0000
0.0000
0.0000
0.0000
0.0000
1.6639
0.0000
1.0188
0.7728
0.0000
2.6430
0.0000
0.0000
0.0712
0.0000
0.1276
0.0000
0.0000
0.6863
0.0000
0.0000
0.0000
2.0271
2.0199
1.8684
0.0000
0.0000
0.0000
0.4281
0.0000
0.0000
0.0000
0.0000
0.0000
0.0000
0.0000
0.0000
0.0000
0.0000
0.0000
0.0000
0.0000
0.0000
0.0000
0.8402
0.0000
0.0000
0.5802
1.1629
0.0000
0.0000
2.5163
0.0000
0.0000
5.2299
0.0000
0.4687
2.4971
2.2112
0.0000
0.5918
0.0000
0.0000
0.0000
0.0000
0.0000
0.0000
0.0000
0.0000
0.0000
0.0000
0.0000
2.2413
0.0000
0.0000
0.0000
0.0000
1.7389
0.0000
0.3043
4.0442
0.0000
0.0000
0.4215
0.0000
0.0000
0.6080
3.8702
0.0000
0.0000
0.0000
0.0000
0.0000
0.0000
0.0000
0.8432
0.0000
0.0000
2.6175
0.0000
0.0000
0.0000
0.0000
0.0000
0.0000
0.9887
0.0000
0.0000
0.0000
0.0000
0.0000
3.4360
0.0000
1.2637
0.3040
0.0000
3.3982
0.0000
2.3976
0.0000
0.0000
0.9502
0.0000
0.0000
0.0000
0.0000
0.1115
2.7092
1.2967
0.0000
0.0000
0.1750
0.0000
0.0089
0.1700
0.0000
0.0000
0.0000
0.0000
0.4758
0.0000
0.0000
0.0000
0.5403
0.0000
0.0000
3.2181
0.0000
1.4806
0.0000
0.0000
0.0000
0.0000
0.0000
5.0104
0.0000
0.0000
0.8014
0.0000
3.4107
1.6993
3.7552
0.0000
0.0000
1.7707
0.0000
0.0000
0.0000
0.0000
0.0000
0.0000
0.0000
0.2823
0.0000
0.0000
0.0000
0.0000
0.0000
0.0000
0.0000
0.0000
0.0000
0.0000
0.0000
0.9374
0.3277
0.0000
0.0000
1.5107
0.0000
0.0000
0.0000
4.3218
0.0000
1.4440
0.5312
0.0000
0.0000
0.0000
0.0000
0.2053
0.0000
0.0000
0.0000
0.0000
2.1684
0.0000
0.0000
0.0000
0.0000
0.0000
0.4875
0.0000
0.0000
0.0000
0.0000
0.0000
0.0000
0.0000
2.0738
0.0000
0.0000
0.0000
2.4091
0.0000
0.7437
0.0000
0.4942
0.0000
0.0000
0.0000
0.0000
0.0000
1.4440
0.0000
0.0000
0.0000
0.0000
0.0000
0.0000
0.0000
0.0000
0.0000
0.0000
0.0000
0.0857
1.3019
0.0000
0.0000
0.0000
0.0000
0.0000
0.0000
0.0000
0.0000
0.0000
0.0000
0.0000
0.7506
0.0000
0.0000
0.0091
0.0000
0.0000
0.0000
0.0000
1.0149
0.0000
0.0000
0.0000
0.0000
0.0000
0.0000
0.0000
0.0000
0.0000
0.0000
0.0000
0.3420
0.0000
0.0000
0.0000
0.0000
0.0000
0.0000
3.7819
0.0000
0.5639
0.0000
0.0000
0.0000
0.0000
0.0000
0.0000
0.0000
0.0100
0.0000
0.0000
0.0000
0.1742
0.0000
0.0000
0.0000
0.3098
0.0000
0.1908
0.0000
0.4951
0.0000
0.0000
0.0000
0.9003
0.2099
0.0000
0.0000
0.0000
1.9094
0.0000
0.0000
0.0000
0.0000
3.2447
0.9404
0.5740
0.0000
2.6346
0.0000
2.1538
0.0000
2.1263
0.4485
0.0000
0.0000
0.0000
0.2963
0.0000
0.8383
0.0000
0.0000
0.0000
0.0000
1.5184
0.0000
0.0000
0.4078
2.3299
0.0000
0.0000
0.0000
0.0000
0.0000
1.3839
1.0074
0.0000
0.0000
0.0000
0.0000
0.0000
1.9737
0.0000
0.0000
0.0000
0.5477
0.0000
0.0000
2.1994
0.0000
0.0000
0.0000
0.0000
2.2872
0.0000
0.0553
0.0000
0.0000
1.8217
0.0000
0.0000
0.0000
0.0000
0.0000
0.0000
0.0000
0.0000
0.8479
0.0000
0.6206
0.1963
0.0000
0.0000
1.9075
0.0000
0.0000
0.0000
0.0000
0.0000
0.5638
0.0000
0.0000
0.0000
0.0000
0.0000
0.0000
0.0000
0.0000
0.0000
0.0000
0.0000
0.0000
0.1856
0.0000
0.0000
0.0000
0.0000
0.7785
0.0000
0.0000
0.0000
0.0000
0.0000
0.1930
0.1216
0.0000
0.3596
0.0000
2.7187
0.0000
0.0000
0.0000
0.0000
0.0000
0.0000
0.0000
1.1756
0.0000
4.4871
0.0000
0.5333
0.0000
0.0000
1.2506
1.9462
0.0000
2.9794
0.0000
0.0000
0.0000
2.0288
0.0000
2.4351
0.0000
1.0523
0.0000
0.0000
0.0000
0.0000
0.2628
0.0000
2.2659
2.6810
0.0480
0.0000
0.0000
0.0000
1.8314
0.0000
0.0000
0.0000
0.0000
0.0000
0.0000
0.0000
2.1343
0.0000
0.0000
0.9935
0.0000
0.4965
0.0000
0.0000
1.7595
1.0521
0.0000
0.0000
0.0000
0.0000
0.0000
4.9741
0.0000
0.0000
0.0000
0.0000
1.7067
0.0000
0.0000
0.0000
0.0000
0.0000
0.0000
0.0000
0.0000
0.0000
2.4105
0.0000
0.0000
0.0000
0.0000
0.0000
0.9892
0.9232
0.0000
0.0000
0.0000
2.4784
0.5347
0.0000
0.0000
0.0000
0.5710
0.0000
0.0000
5.2900
0.0000
0.1150
0.0000
1.1882
0.0000
0.0000
0.0000
0.0000
0.0000
2.2752
0.0000
5.3426
0.0000
0.0000
0.0000
0.0000
0.0000
0.0000
0.3757
0.0000
0.0419
0.0000
0.2300
0.0000
0.0000
0.0000
0.0000
0.9415
5.1776
0.0000
0.0000
0.0000
0.0000
0.0000
0.0000
0.0000
0.0000
0.0000
0.9080
1.4102
0.0000
0.6763
0.4289
0.0000
0.0000
0.0000
0.0000
1.7417
0.5312
1.6303
0.0000
0.0000
0.0000
0.0000
0.0000
0.0000
0.0000
1.3301
0.0000
5.1110
0.0000
0.0000
0.0000
0.0000
1.1295
0.0000
0.0000
0.0000
1.5175
0.0000
0.0000
0.0000
0.0000
2.2683
0.0000
1.8146
0.0472
0.0000
0.0000
0.0000
0.0000
0.0000
0.0000
0.0000
1.7727
0.0000
1.1090
0.0000
0.0000
0.4515
0.0000
0.0000
0.0000
1.2262
0.0000
1.1027
2.1051
1.6275
0.5520
0.0000
0.6085
0.0000
0.0000
0.0000
0.0000
0.0000
0.0000
0.0000
0.1766
0.0000
0.0000
0.0000
1.3756
0.0000
0.0000
0.0000
0.0000
0.0000
0.0000
0.2573
0.1404
0.0000
0.0000
0.0000
4.3219
0.0000
0.2176
0.0000
0.6533
0.0000
0.0000
0.0000
0.0000
0.0000
0.0000
1.8153
0.0000
0.0000
2.2520
0.3351
0.0000
0.2624
0.0000
0.0000
0.0000
0.0000
0.0000
0.0000
0.0000
0.0000
0.1058
0.0000
0.0000
0.0000
0.0000
0.0000
0.0000
1.3726
0.0000
0.0000
0.0000
0.8499
0.0000
0.0000
0.0000
0.2519
2.1291
0.0000
1.3812
0.0000
0.0000
0.0000
0.6750
0.0000
0.0000
0.0000
0.0000
0.0000
0.0000
0.0000
0.0000
0.0000
0.0000
0.0000
0.0000
1.6087
0.1487
0.0000
1.3903
0.5068
0.0000
0.0000
0.0000
2.6556
0.0000
0.9802
0.8157
0.0000
0.0000
0.6324
2.8998
0.0026
0.0000
0.0000
0.0000
0.0000
0.0000
0.0000
0.0000
0.2346
0.0000
0.0000
0.8910
0.0000
0.0000
0.0000
0.0000
0.0000
1.8044
0.0316
0.0000
2.6914
0.0000
0.0000
0.0000
0.0000
0.0000
0.0000
0.0000
0.0000
0.0000
0.0000
2.2566
0.0000
4.4292
0.0000
0.0000
0.0000
0.0000
0.0000
0.0000
0.0000
0.0000
1.5296
0.0000
0.0000
2.7816
0.0000
0.0000
0.0000
0.0000
0.1713
2.6864
0.2004
0.0000
0.0000
0.0000
0.0000
0.0000
0.0000
0.0000
2.7619
0.0000
0.0000
0.0000
0.0000
0.0000
0.0000
0.0000
0.0000
0.0000
0.0000
0.0000
0.0000
0.0000
0.0000
0.0000
0.0000
1.2904
0.0000
0.1101
0.0000
0.0000
0.0000
1.3522
0.0000
0.0000
2.0017
0.5877
0.0000
0.0000
1.1393
0.0000
0.0000
0.0000
0.0000
2.9976
0.0000
0.8900
0.0000
0.0000
0.0000
0.0000
0.0000
0.0000
0.0000
0.0000
2.1650
0.0000
0.0000
0.0000
0.0000
0.0000
0.4812
0.0000
0.0000
0.0000
0.0000
0.0000
2.3585
0.0000
0.0000
2.7814
2.4168
0.0000
0.8929
0.0000
0.0000
0.0000
0.0000
0.4502
0.0000
0.0000
1.1758
0.6719
0.6743
1.3659
0.9501
0.0000
0.8078
0.0000
0.0000
2.1202
0.0000
0.0000
0.0000
0.0000
3.6370
0.0000
0.0000
0.4351
0.2981
0.0000
0.0000
0.1231
0.0000
0.0000
0.0000
0.0000
0.0000
0.0000
0.0000
0.0000
0.0000
0.0000
0.0000
0.0000
0.0000
0.0000
0.0000
0.9926
2.5895
0.0000
0.0000
0.0000
0.0000
0.0000
0.0000
0.0000
0.0000
0.0000
0.0000
0.0000
0.0000
0.0000
0.0000
0.3866
0.0000
0.0000
0.0000
0.0000
0.0000
0.0000
0.8098
0.0000
0.0000
0.0000
0.0000
4.5623
0.7618
0.0000
0.0000
0.0000
0.0000
2.5540
0.0000
0.0000
0.0000
2.4174
1.9440
0.0000
0.0000
0.0000
0.0000
0.0000
0.0000
0.0000
0.0093
0.0255
0.0000
0.0000
2.4651
0.0000
0.8014
0.0000
0.0000
0.0000
0.0000
4.4927
0.0000
0.0000
0.0000
0.0000
0.0000
0.0000
0.0000
0.4486
1.8203
0.0000
0.0000
0.0000
0.0000
0.0000
0.0000
0.0000
0.0000
0.6183
0.8674
0.1380
4.9069
0.0000
0.0000
0.6531
0.0000
4.5556
0.0000
0.0000
0.0000
0.0000
0.5346
0.0000
0.0000
0.2632
0.0000
0.0000
0.0000
0.2026
0.0000
0.0000
0.0000
0.0000
0.0000
0.0000
0.0000
0.0000
0.0000
0.0000
1.6865
1.3287
0.0000
0.0000
1.2680
0.1158
3.8342
0.0000
0.0000
1.8431
3.5537
0.0000
0.0000
0.0000
0.9489
3.5147
0.4881
0.0000
0.0000
1.0207
0.1223
0.0000
0.0000
0.0000
0.0000
0.0000
0.0000
1.7611
0.2900
0.0000
3.0748
0.0000
0.0000
3.7366
0.0000
0.0000
0.0000
0.0000
0.0000
0.7512
0.0000
0.0000
3.4417
0.0000
0.0000
0.0000
5.1114
1.3881
0.0000
0.0502
0.0000
0.0000
1.9306
0.3749
1.4129
1.6736
0.0000
0.0000
0.0000
0.5005
1.4700
0.4473
0.0000
0.0000
0.0000
0.0000
0.0000
0.0000
0.0000
0.0000
0.0000
0.0000
0.0000
0.1151
0.0000
1.1753
0.0000
0.0000
0.0000
1.8920
1.3056
1.9920
0.0000
0.5150
0.7446
0.0000
0.4777
0.0000
0.0000
0.0000
0.0000
0.1756
0.0000
0.0000
0.0000
0.0000
3.4746
0.5689
0.0000
1.6064
0.0000
1.0498
0.0000
0.0000
0.0000
0.3552
0.0000
1.8163
3.2450
0.0222
0.0000
0.0000
0.0475
0.0000
0.0000
0.0000
0.0000
1.9641
0.6859
0.0000
0.0000
0.7046
0.0000
0.0000
1.3700
0.0000
0.0000
0.0000
2.3662
0.0127
0.0000
0.0000
0.0000
1.0611
0.0000
0.0000
0.6672
0.0000
0.5810
0.7170
2.9876
0.0000
0.6492
2.6121
0.0000
0.0000
0.0000
0.0000
0.0000
1.3774
0.0000
0.0000
0.0000
0.0000
0.0000
0.0000
0.2802
0.0000
1.1867
0.9187
0.0000
0.0000
0.0000
0.0000
0.0000
0.9114
0.0000
3.1736
2.6511
0.2870
2.2317
0.0000
0.0000
0.5115
0.0000
0.0000
0.0000
0.0000
0.1840
0.0000
0.8906
1.0416
0.0000
5.1333
0.0000
1.0034
0.0000
0.0000
1.0439
0.0000
0.6984
0.0000
0.0000
1.8171
0.0000
0.4642
1.9423
0.0000
1.5042
0.0000
0.0000
0.0000
0.0000
0.0000
2.9594
0.0000
0.0000
0.0000
0.0000
0.2416
0.0000
