0.0000
0.0000
0.0000
0.0000
2.4746
0.0000
0.0000
0.0000
0.0000
2.1766
1.7546
0.0000
2.0086
0.8767
0.0000
1.9289
0.0000
0.0000
0.0000
0.0000
0.0000
0.0000
2.5861
0.0000
1.5047
0.0000
0.0000
0.0137
0.0000
0.0000
0.0000
0.0000
0.0000
0.0000
3.0105
0.0000
0.0000
0.0000
0.4904
2.3792
0.0000
0.0000
0.0000
0.0000
0.0000
0.0000
0.0000
0.0000
0.0000
0.0000
0.0000
0.6099
0.0000
0.0000
0.0000
0.0000
0.0000
0.0000
0.0000
0.0000
0.0000
1.0210
0.0000
0.1309
0.0000
0.0000
0.0000
0.0000
0.7398
0.0000
0.0000
3.1990
0.0000
0.0000
0.0000
0.0000
0.0000
0.0000
0.0000
0.0000
0.0000
0.0000
0.0000
0.0000
0.0000
0.6557
2.2500
1.1705
2.0024
0.0000
0.0000
0.0000
0.0000
2.3113
0.0000
0.0000
0.0000
0.0000
2.6357
0.0000
0.0000
0.0000
0.5214
0.0000
0.0000
0.0000
0.0000
0.0000
0.8956
3.2912
0.0000
0.0000
0.0000
0.0000
0.0000
0.0000
0.0000
0.0000
0.0000
0.0000
3.8185
0.2779
2.3053
0.0000
0.0000
0.0000
0.7159
0.0000
0.0000
0.2649
0.0000
0.0000
0.0000
0.0000
2.8090
0.0000
0.0000
0.5059
0.0000
2.9914
1.7891
0.0000
1.2853
0.0000
2.2801
0.0000
0.0000
2.4679
0.0000
0.0000
0.0000
2.1280
0.0000
0.1447
0.0000
0.0000
0.0000
0.3092
0.0000
0.0000
1.9662
0.0000
0.0693
0.0000
0.0000
3.3017
0.0000
0.0000
0.0000
0.9606
0.0000
0.0000
0.0000
0.0000
0.0000
0.0000
0.0000
0.0000
0.0000
5.0962
3.4644
3.0087
0.0000
0.0000
0.0000
0.0000
0.0000
0.2800
0.0000
0.0000
0.0000
0.0000
0.0000
0.0000
1.3664
0.0000
0.0000
0.0000
2.0626
1.5598
0.0000
0.0000
0.0000
0.0000
0.0000
0.0000
0.0000
0.0000
0.0000
0.0000
0.0000
0.0000
0.0000
0.0000
0.0000
0.0000
0.0000
0.0000
0.0000
0.0000
0.0000
0.0000
0.0000
0.0000
0.2101
0.0000
0.4067
0.6627
0.0000
0.0000
0.0000
0.0000
0.0000
0.0000
2.6560
0.0000
0.0000
0.5762
3.6433
0.0000
0.0000
0.0000
0.0000
0.0000
0.0000
0.0000
0.0000
0.0000
0.0000
0.0000
0.0000
0.0000
0.0000
0.0000
0.0000
0.7281
0.0000
0.0000
0.0000
0.0000
0.0000
0.0543
0.0000
0.0000
0.0000
0.0000
0.0000
0.0000
0.0000
0.3076
4.9891
0.0000
0.0000
2.3437
0.8575
0.0000
0.0000
0.0000
0.0000
0.0000
2.3894
0.0000
0.0000
0.0000
0.0000
2.4947
0.0000
0.0000
0.0000
0.0000
0.0000
0.0000
0.0000
0.0000
1.5617
0.0000
0.0000
0.0000
0.0000
1.9351
0.0000
0.0000
0.0000
0.0000
0.3761
0.0000
0.0000
0.0000
0.0000
0.3242
0.0000
0.0000
0.0000
0.0000
2.4839
0.0000
0.0000
0.0000
0.0000
0.0000
0.0000
1.9418
0.0000
2.5981
0.0000
0.0000
0.0000
0.0000
0.0000
3.2455
0.0000
0.0000
0.0000
0.0000
0.0000
1.3021
1.4362
0.0000
0.0000
3.9274
0.0000
0.0000
0.0000
0.0000
0.0000
3.8499
0.0000
0.0000
0.0000
0.0000
0.0000
4.0180
0.7311
0.0000
3.7514
2.4992
0.0000
0.0000
0.1517
0.0000
0.0000
0.0000
0.0000
0.0000
0.0000
0.0000
0.0000
0.0000
0.0000
0.0000
0.0000
0.4519
0.0000
0.0000
0.0000
1.2254
0.0000
3.0143
0.0000
0.0000
1.6674
0.0000
0.0000
0.0000
0.0000
0.0000
0.0227
0.0000
0.0753
0.0000
4.3331
0.0000
0.0000
0.0000
0.0000
0.0000
0.0000
0.0000
0.0000
0.3411
0.0000
0.0000
0.0000
0.0000
0.0000
0.6938
0.0000
0.0000
0.9497
0.0000
0.0000
0.0000
0.0000
4.2758
0.0000
0.0000
0.0000
0.0000
0.0000
0.0000
0.0000
0.0000
0.1854
0.0000
0.0000
0.0000
0.0000
0.0000
0.0000
0.0000
0.0000
0.0000
0.0000
0.0000
0.0000
0.0000
0.0000
0.0000
0.0000
0.0000
2.5328
0.0000
0.0000
0.0000
3.5902
0.0000
0.0000
1.2603
2.3765
0.0000
0.0000
0.0000
0.0000
0.0000
0.0000
0.0000
0.0000
0.8102
0.0000
0.0000
0.0343
0.0000
0.0000
0.0000
0.0000
0.0000
0.0000
2.4091
0.0000
0.0000
0.0000
0.9395
0.0000
1.3351
0.0000
0.3539
0.4279
0.0000
0.9761
0.0000
0.0000
0.0000
0.0000
0.2439
2.2536
0.0000
0.0000
0.5635
0.0000
2.1883
0.0000
0.0000
0.0000
0.0000
0.0000
0.0000
0.0000
0.0000
0.0000
0.0000
0.0000
0.0000
0.0000
0.0000
0.3818
0.0000
0.0000
0.0000
0.0000
1.7410
0.0000
0.0226
0.0000
0.0129
0.0000
0.0000
0.0000
0.0000
6.6779
0.0000
0.1764
2.3702
0.0000
0.0000
0.0000
0.0000
0.0000
0.0000
0.0000
0.0000
0.9124
0.5423
1.1232
0.0000
1.5603
0.9091
0.0000
0.0000
1.9285
0.0000
0.0000
0.0000
0.0000
0.0000
0.0000
0.0000
0.0000
0.4509
0.0000
0.0000
0.0000
0.0000
0.0000
0.0000
0.0000
0.0000
0.0000
0.0000
0.0000
0.0000
1.0201
0.0000
0.0000
0.0000
0.0000
1.3593
0.0000
0.0000
0.0000
0.0000
0.0000
0.0000
0.0000
0.0000
0.0000
0.0000
0.0000
0.0000
0.0000
0.7250
0.0000
0.0000
0.0000
0.0000
0.0000
0.0000
0.0000
0.2840
1.7962
0.0000
0.0000
0.0000
0.0000
0.0000
0.0000
0.0000
0.0000
0.0000
5.4412
0.0000
0.0000
1.1296
0.0000
0.6972
0.0000
0.0000
0.8536
0.0000
0.0000
0.0000
0.0000
0.0000
0.0000
2.0351
0.0000
0.0000
0.0000
0.0000
0.0000
0.0000
3.4901
0.0000
0.5765
0.0000
0.0000
0.5374
0.0000
0.0000
0.0000
0.0000
0.0000
0.0000
0.0000
0.8802
2.1304
3.0414
0.0000
0.0000
0.0000
0.0000
0.0000
0.0000
0.0000
0.0000
1.2713
0.0000
0.0000
0.6015
0.0000
0.0000
0.0000
1.4447
0.2827
0.0000
0.0000
0.0000
0.0000
0.0000
0.0000
0.0000
0.0000
1.4981
0.1991
0.0000
0.0000
0.0000
0.0000
0.0000
0.0000
0.0000
0.0000
0.0000
0.0000
0.0000
0.0000
0.0000
0.0000
0.0000
0.0000
0.0000
0.0000
0.8276
0.0000
0.0000
0.0000
2.5068
0.0000
0.0000
0.0000
1.0709
0.0000
0.0000
2.3484
0.0000
1.0468
0.0000
0.0000
0.0000
0.0000
0.0000
0.0000
0.0000
0.8674
1.8809
0.0000
0.0000
0.0000
0.0000
1.8765
0.0000
0.0000
7.1829
0.0000
0.0000
0.0000
0.0000
0.0000
0.0000
0.0000
0.0000
0.0000
0.0000
2.2331
0.0000
0.0000
0.0000
0.4949
0.0000
0.0000
0.0000
0.0000
0.0000
0.0000
1.7555
0.0000
0.0000
0.0000
0.0000
0.0000
3.1153
0.7222
0.1363
0.0000
0.0000
0.0000
0.0000
0.0000
0.0000
0.2050
0.0000
0.0000
0.0000
0.0000
0.0000
0.0000
0.0000
0.0000
0.0000
0.0000
0.0000
0.1364
0.0000
3.1308
0.0000
0.0000
1.9707
0.0000
0.2042
0.0000
0.0000
0.0000
0.0000
0.0000
0.0000
0.0000
0.0000
0.0000
0.0000
1.1485
1.3710
0.0000
0.2981
0.0000
0.0000
0.0000
0.0000
0.0000
0.0000
0.0000
0.0000
0.0000
0.0000
0.0000
0.6700
0.0000
0.0000
0.0000
0.0000
0.0000
0.0000
0.0000
0.0000
4.2263
0.0000
0.0000
0.0000
0.0000
0.0000
0.0000
0.0000
0.1202
0.2075
0.0000
0.0000
0.0000
0.0000
0.3481
0.0000
0.5305
1.9732
0.0370
0.0000
0.0000
0.0000
0.0000
0.0000
0.0000
0.0000
0.0000
0.0000
0.0000
0.0000
0.0000
0.0000
0.0000
0.0000
0.0000
1.3656
0.0000
0.0000
0.1313
0.0000
0.0000
0.0000
0.0000
0.0000
0.0000
0.0000
0.0000
0.0000
0.0000
0.0000
0.0000
0.0000
0.0000
0.3429
0.0000
0.0000
0.0000
0.0000
0.1408
0.0000
0.0000
3.6512
0.0000
0.4142
0.0000
0.0000
0.0000
0.0000
0.0000
0.0000
0.0000
1.3526
0.0000
0.0000
0.0210
0.4072
0.6248
0.0000
0.0000
0.0000
0.0000
0.0000
0.0000
0.0000
0.0000
0.0000
0.0000
0.0000
1.7931
0.0000
0.0000
0.0000
0.0000
0.0000
0.0000
1.0768
2.6353
0.0000
0.0000
0.0000
0.0000
0.0000
0.0000
0.0000
0.0000
0.0000
0.0000
2.2448
0.0000
0.0000
3.5728
0.0000
0.0000
0.0000
0.0000
0.0000
0.0000
0.0000
0.0000
0.0000
2.1696
0.0000
0.0000
6.1570
1.0278
0.0000
0.0000
0.0000
0.0000
0.0000
0.0000
0.0000
0.0000
1.4156
0.0000
0.0000
0.0000
0.0000
0.0000
0.0000
0.0000
0.0000
0.0000
0.8542
0.0000
1.7090
0.0000
5.7034
0.3456
0.0000
0.0000
0.0000
0.0000
0.0000
2.1318
0.0000
0.0000
0.0000
0.0000
2.2482
0.0000
0.0000
0.0000
0.0000
0.0000
1.9101
2.3346
0.0000
0.9595
0.0000
2.2693
0.0000
0.0000
0.0000
1.6260
0.7219
1.2387
0.0000
0.0000
0.7082
0.0000
1.5114
1.7081
0.3874
2.0388
0.0000
0.0000
0.0000
0.0000
0.0000
0.0000
0.0000
0.0000
0.0000
0.0000
0.0000
0.0000
5.4869
0.2729
0.0000
0.0000
0.1609
0.0000
0.3949
0.0000
0.0000
0.0000
2.5786
0.0000
3.7219
0.0000
4.0187
0.0000
0.0000
0.0000
1.2515
0.1113
0.8505
0.0000
1.0565
0.0000
0.0000
0.0000
0.4946
1.2570
0.0000
0.0000
0.0000
0.6066
0.0000
1.0319
0.0000
1.1724
0.0000
0.0000
0.0000
2.0851
0.0000
0.0000
0.0000
0.0000
0.0000
0.0000
0.0000
3.7353
0.0000
0.0000
0.0000
0.0000
0.0000
0.0000
0.0000
0.0000
0.0000
0.0000
0.0000
0.0000
0.0000
3.1862
0.6488
0.3470
0.0000
1.9433
1.8490
0.0059
0.0000
0.0000
0.0000
1.8948
0.0000
0.0000
0.0000
0.0000
0.0000
4.2202
0.0000
0.0000
1.9875
0.0000
0.0000
0.0000
0.0000
0.0000
1.3371
0.0000
0.9749
0.0000
0.0000
0.0000
1.5184
0.0000
0.0000
0.0000
0.0000
0.0000
0.0000
0.0000
0.9073
0.0000
0.0000
0.0000
0.0000
0.0000
0.0000
0.0000
0.0000
0.0000
0.0000
0.0000
1.8141
0.0000
0.0000
0.0000
0.0000
1.9679
0.0000
0.0000
0.0000
0.0000
0.0000
0.0000
0.0000
0.0000
0.0000
0.0000
0.0000
0.0000
0.0000
0.0000
0.0000
0.0000
0.0000
0.0000
0.0000
0.0000
0.0000
0.0000
0.0000
0.0000
0.0000
0.0000
0.0000
3.4665
0.0000
4.2456
0.0000
0.0000
0.0000
0.0000
0.0000
0.0000
0.0000
0.0000
0.7139
0.0000
0.0000
0.6450
0.0000
0.0000
0.0000
0.0000
0.0000
0.0000
0.0000
0.3952
0.0000
0.0000
0.0000
4.6281
0.0000
0.0000
0.9940
3.0787
4.7557
0.0000
0.0000
0.0000
0.0000
0.0000
0.9235
0.0000
0.0000
0.0000
0.0000
0.0000
0.0000
0.0000
0.0000
2.9915
0.0000
0.0000
0.0000
0.0000
0.0000
0.0000
0.0000
0.0000
0.0000
2.3019
0.2580
0.0000
0.0000
0.9561
0.0000
0.0000
0.0000
0.0000
0.0000
1.8887
0.0000
2.9704
0.0000
0.0000
0.0000
0.0000
0.0000
0.0000
0.0000
0.0000
0.0000
0.0000
4.1466
0.0000
0.1080
0.0000
0.0000
0.0000
0.0000
0.0000
0.0000
0.9973
0.0000
0.0000
0.0000
0.7997
0.0000
0.0000
0.0000
0.0000
0.0000
0.0000
0.0000
0.0000
0.2358
0.0000
0.0000
1.7562
0.0000
0.0000
0.0000
3.8848
0.0000
1.3932
0.0000
0.0000
2.7347
0.0000
0.0000
0.0000
0.0000
0.0000
0.2822
0.0000
0.0000
0.0000
0.0000
0.0000
0.0000
0.0000
0.0000
3.7151
0.0000
0.0000
0.0000
0.8079
0.0000
0.0000
0.0000
0.0000
0.0000
0.0000
0.0000
0.0000
0.0000
2.5755
0.0000
0.0000
1.6774
0.0000
0.0000
2.8047
0.0000
0.0000
0.0000
0.0000
0.0000
0.0000
0.0000
1.1582
0.0000
1.9087
0.0000
0.0000
0.0000
0.0000
0.0000
0.0000
0.0000
0.0000
0.0000
0.4174
0.0000
0.0000
0.0000
0.0000
0.0000
0.2956
0.0000
0.0000
0.0000
0.0000
0.0000
0.6302
0.7012
0.0000
0.0000
0.0000
0.0000
0.0000
0.0000
0.0000
2.8229
0.0000
0.0000
0.0000
2.8174
0.0000
0.7970
0.0000
0.0000
0.0000
0.0000
0.0000
0.0000
0.0000
0.0000
0.0000
0.0000
0.0000
0.8695
0.0000
0.7228
0.0000
0.0000
0.0000
0.0000
0.0000
0.0000
0.0000
0.0000
0.0000
0.0000
0.0000
0.0000
0.0000
0.0000
3.7686
4.0877
0.0000
1.0556
0.0000
0.0000
0.0000
0.0000
0.0000
0.0000
0.0000
0.0000
0.0000
0.0000
0.0000
0.0000
0.0418
0.0000
0.0000
0.0000
0.0000
0.0000
2.4824
0.0000
0.4864
0.0000
0.0000
0.7653
0.0000
1.5974
1.5489
3.4420
0.0000
0.6889
0.0000
0.0000
0.0000
0.0000
0.0000
1.3397
0.0000
0.0000
0.0000
0.0000
0.0000
0.0000
0.0000
0.0000
0.0000
0.0000
0.0000
0.0000
0.0000
1.1185
0.0000
0.0000
0.0000
0.0000
0.0000
0.9432
0.0000
0.0000
3.8734
1.2524
0.0000
0.0986
0.0000
0.0000
0.0000
0.0000
0.0000
0.0000
0.0000
0.0000
0.0000
0.0000
0.0000
0.4880
0.0000
1.8769
0.0000
5.5317
0.0000
0.4752
0.0000
0.0000
0.0000
0.0000
0.0000
0.0000
0.0000
0.0000
0.7881
0.0000
2.3193
1.2301
0.0000
0.0000
0.0000
0.0000
0.0000
0.0000
0.0000
0.0000
0.0000
0.1425
0.0000
0.0000
2.3924
0.0000
0.0000
0.0000
0.0000
0.0000
0.0000
0.0000
0.0000
1.2646
2.0753
0.0000
0.0000
0.0000
0.0000
2.3381
0.0000
0.0000
0.0000
0.0000
0.0000
0.0000
0.0000
0.0000
0.0000
0.0000
2.1906
0.8568
0.0000
0.0000
0.0000
0.0000
0.0000
0.0000
0.0000
0.0000
3.6524
0.0000
0.0000
0.0000
0.0000
0.0000
0.0000
3.2612
4.5775
0.7579
0.0000
0.0000
0.0000
0.0000
0.0000
0.0000
0.0000
0.0000
0.0000
0.0000
0.0000
0.0000
0.0000
0.0000
0.0000
1.4705
0.0000
0.3059
0.0000
0.0000
0.0000
2.1794
0.0000
0.0000
0.0000
0.3674
0.0000
0.0000
0.0000
1.1623
0.0000
0.0000
0.0000
0.0000
1.9203
0.0000
0.8702
0.0000
0.2679
1.8550
0.0000
0.5507
0.0000
0.0000
0.0000
0.3194
0.8580
0.0000
0.0000
0.0000
0.0000
0.0000
0.0000
5.8993
0.0000
0.0000
0.0000
0.0000
0.0000
0.0000
0.0000
0.0000
0.0000
0.0000
0.6440
0.0000
0.0000
0.0000
0.0000
0.6093
0.0000
0.0000
4.3587
0.0000
0.0000
0.0000
0.0000
2.2666
0.0000
0.0000
0.0010
1.2270
0.0000
0.0000
0.0000
0.0000
0.0000
0.0000
0.0000
0.0000
0.0000
0.0000
0.0000
0.0000
0.0000
0.0000
0.0000
3.0235
0.0000
0.9695
4.5596
0.0000
0.0000
0.0000
0.0000
0.6419
0.0000
0.0000
0.0000
1.2590
1.9503
0.0000
0.0000
0.0000
0.0000
0.0000
0.0000
0.0000
0.0000
0.0000
0.0000
0.0000
0.0000
0.0512
2.2602
0.0000
0.0000
0.0000
0.0000
0.5711
0.0000
0.0000
0.0000
0.0000
0.0000
0.0000
0.4839
1.1522
1.0657
0.0000
0.0000
0.0000
0.0000
0.0000
0.4403
0.4540
0.0000
0.0000
0.0000
0.0000
0.0000
0.0000
0.7539
0.0000
0.5755
0.0000
0.0000
0.0000
0.0000
0.0000
0.0000
0.0000
0.0000
0.0000
0.0000
0.0000
0.0000
0.0000
0.0000
0.0000
0.0000
0.0000
0.0000
0.0000
0.0000
0.0000
0.0000
0.0000
0.0000
0.0000
0.0000
0.4855
0.0000
3.1045
0.0000
0.0000
0.0000
1.8972
0.0000
0.0000
0.0000
0.7460
0.0000
1.2287
3.1041
3.4210
0.0000
0.0000
0.0000
2.4493
0.0000
0.0000
0.0000
0.0000
0.0000
0.0000
0.0000
0.0000
0.0000
0.0000
0.0000
0.0000
0.7685
1.5191
0.0000
2.7194
0.0000
0.0000
0.0000
0.0000
0.0000
0.0000
0.0000
3.0448
0.0000
0.8504
1.0710
0.0000
0.0000
1.0944
1.2626
0.0000
0.0000
1.7084
0.0000
0.0000
0.0000
2.7638
1.4750
0.9233
0.0000
1.4900
0.0000
0.0000
0.9154
0.0000
0.0000
0.0000
0.0000
0.0000
0.0000
0.0000
1.7411
0.0000
0.0000
4.2766
0.0000
3.7244
0.0000
0.0000
0.0000
0.0000
0.0000
0.0000
0.0000
0.0000
0.0000
0.8592
1.3783
0.0000
1.6087
0.0000
0.0000
0.0000
0.0000
0.0000
0.0000
0.0000
1.0499
2.5754
0.0000
0.0000
0.4825
0.0000
0.0000
2.4744
0.0000
1.0040
0.0000
0.0000
0.0000
0.0000
0.0000
0.0000
0.0000
0.0000
0.0000
0.0000
0.0000
2.4177
0.0000
0.0000
0.0000
0.0000
1.8219
0.0000
2.4518
3.8183
0.0000
0.0000
0.0000
0.0000
0.0000
0.0000
0.0000
1.2206
0.0000
0.0680
0.0000
0.0000
0.0000
0.0000
0.0000
0.0000
0.0000
0.0000
0.0000
0.0000
0.4490
0.0000
1.1790
0.0000
0.0000
1.5064
0.0000
0.0000
0.0000
0.0000
0.2080
0.0000
0.0000
0.0000
0.0000
0.0000
0.2241
0.0000
0.0000
0.0000
0.0000
0.0000
0.0000
0.0000
0.0000
0.0000
0.0000
0.0000
0.7130
0.0000
1.5225
0.0000
2.2952
0.0000
0.0000
0.0000
1.5181
0.0000
0.0000
0.0000
0.0000
1.2052
0.0000
1.5653
0.0000
0.0000
0.0000
2.2539
0.0000
0.0000
0.0000
0.0000
0.4604
0.0000
0.0000
0.1348
0.0000
0.0000
0.0000
0.3577
0.0000
0.0000
0.0000
0.0000
0.0000
1.2868
0.0000
0.0000
0.0000
0.0000
0.6921
4.0344
0.0000
2.7286
1.4073
0.0000
0.0000
0.0000
3.3288
1.8840
0.0000
0.0000
0.0000
0.0000
0.0000
0.0000
0.0000
0.0000
0.0000
0.0000
0.0000
0.0000
0.0000
0.0000
0.0000
0.0000
0.0000
0.0000
0.0000
1.4370
0.0000
0.0000
1.0646
1.2837
0.0000
0.0000
0.0000
0.0000
0.0000
0.0000
0.0000
0.0000
3.4572
0.0000
0.0000
1.7937
1.0837
0.0000
0.0000
0.9336
0.0000
0.0000
0.0000
0.0000
1.3368
0.0000
0.0000
0.0000
0.0000
0.0000
0.0000
0.0000
0.0000
0.0000
0.8068
2.3436
0.0000
3.2449
0.0000
0.0000
0.0000
0.0000
0.2728
0.0000
0.0000
0.0000
1.1559
0.8719
0.0000
0.0000
0.0000
0.0000
0.0000
0.0000
0.9425
0.0000
0.0000
0.2396
0.0000
0.1923
0.8899
0.0224
0.0000
0.0000
0.0000
0.0000
0.2004
0.0000
0.0000
0.0000
0.0000
0.0000
0.0000
0.0000
0.0000
0.0000
0.0000
0.0000
0.0000
0.2081
0.0000
0.0000
0.3263
0.1586
0.0000
2.4033
0.0000
0.0000
0.0000
0.0000
0.0000
0.2920
0.0000
0.0000
0.0000
2.7908
0.0000
0.0000
0.0000
0.0000
0.0000
0.0000
0.0000
0.0000
0.0000
0.0000
0.0000
0.0000
0.0000
0.0000
1.9132
0.0000
2.0642
0.0000
0.0000
0.0000
0.0000
0.0000
2.6978
0.0000
0.0000
0.0000
0.0000
0.0000
0.0000
0.0000
0.0000
0.0000
0.0000
0.0000
0.0000
0.5319
0.0000
2.3403
0.0000
0.0000
0.0000
0.0000
0.0000
0.0000
0.0000
1.6719
0.0000
0.8346
0.0000
0.0000
0.0000
3.6667
0.0000
3.1443
0.0000
2.6142
0.0000
0.0000
0.0000
0.0000
0.0000
0.0000
0.0000
0.0000
0.0000
2.8066
0.0000
5.4079
0.0000
0.0000
0.0000
0.0000
0.0000
2.0089
0.0000
0.0000
1.6433
0.0000
0.0000
0.0000
0.0000
0.0000
0.0000
0.8147
0.0000
0.0000
0.0000
0.0557
0.0000
0.0000
0.0000
0.0000
0.0000
0.0000
0.0000
0.0000
0.0000
0.0000
0.0000
1.6033
3.1917
0.3126
0.0000
0.1002
0.8166
0.0000
0.0000
0.0000
0.0000
0.3805
1.0030
1.2324
0.0000
0.0000
0.0000
0.0000
0.0773
0.0000
0.0000
0.0000
0.0000
0.0000
0.0000
0.0000
0.0000
0.0000
0.0000
0.0000
2.9423
0.0000
0.0000
0.0240
0.0000
0.0000
1.7139
0.0000
0.0000
0.0000
0.4928
0.1221
0.0000
0.0000
0.0000
0.0000
0.0000
0.0000
0.1090
0.0000
0.0000
2.5802
0.0000
0.0000
0.2514
0.0000
0.0000
0.0000
0.0000
0.0000
0.0000
0.0000
0.0000
0.0000
0.5297
0.0000
0.0000
0.0000
4.3896
0.0000
0.0000
0.0000
1.7860
0.0000
0.0000
0.0000
0.0000
0.0000
0.0000
3.0453
1.5056
0.0000
0.0000
0.0000
0.0000
2.0884
0.0000
0.0000
0.0000
0.0000
0.0000
0.0000
0.4684
0.0000
0.0305
0.0000
0.0000
0.0000
0.0000
0.0000
0.0000
0.0000
2.4206
0.0000
0.0000
0.0000
0.0000
0.0000
0.0000
0.0000
0.8752
0.0000
0.0000
0.0000
0.4213
0.0000
0.0000
0.0000
0.0000
0.0000
0.8088
0.0000
0.0000
1.8952
0.0000
0.0000
1.1766
0.0000
3.4956
0.0000
0.0000
0.6858
0.0000
0.0000
0.0000
0.0000
0.0000
0.0000
0.0000
0.2835
0.0000
0.0000
0.0000
0.0000
0.0000
1.5333
0.0000
0.0000
0.0000
0.0000
0.0000
0.0000
0.0000
0.0000
0.0000
0.0000
0.0000
1.5760
1.5090
0.0000
0.0000
0.0000
0.5793
0.0000
0.0000
0.0000
0.0000
0.0000
0.0000
0.0000
0.0000
1.5617
1.7976
0.0000
0.0000
0.0000
2.5591
4.8577
0.0000
0.3960
0.0000
0.0000
0.0000
0.0000
0.1490
0.0000
0.0000
0.0000
0.0000
0.0000
0.0000
0.0000
0.0000
0.0000
0.0000
0.0000
0.0000
0.0000
0.0000
1.3615
0.0000
0.0000
1.6774
0.0000
0.0000
0.0000
0.0000
0.0000
0.0000
0.0000
2.8420
0.0000
0.0000
0.0000
0.2866
0.0000
0.2922
0.0000
2.2347
0.0000
0.0000
0.8577
0.0000
0.0000
0.0000
1.4598
0.0000
0.1121
0.3432
0.0000
4.4808
0.0000
0.0000
0.0000
0.5594
0.0000
0.0000
0.0000
0.0000
0.0000
0.0000
0.0000
0.0545
0.0000
0.0000
0.0000
0.0000
0.7458
0.0000
0.0000
0.0000
0.0000
0.0000
0.6786
0.0000
0.0000
0.0000
0.0000
0.0000
0.0000
0.0000
4.5299
0.0000
0.0101
0.5993
0.0000
0.0000
0.0000
0.0000
0.1256
0.0000
0.0000
0.0000
0.0000
0.0738
0.0000
0.0000
0.0000
0.5494
0.0000
0.0000
0.0000
0.0000
0.0000
0.0000
0.0000
0.0000
0.0000
0.0000
0.0000
0.0000
0.0000
0.0000
1.1870
0.0000
0.3768
0.0000
0.0000
0.0000
0.0000
1.3580
0.0000
0.0000
0.7252
0.5953
0.0000
0.0000
0.0000
0.0000
0.0000
0.0000
0.0000
3.2663
0.9153
0.0000
0.0000
0.0000
0.6759
0.4465
0.0000
0.0000
0.0000
0.0000
0.0000
0.3428
0.0000
1.4627
0.0000
0.0000
0.0042
0.0000
0.0000
0.0000
0.0000
0.0000
0.0900
0.9171
0.0000
0.0000
0.0000
0.0000
0.9193
0.0000
0.0000
0.0000
0.0000
1.1730
0.0000
0.0000
0.0000
1.7001
0.0000
0.0000
0.0000
0.0000
0.0000
0.0000
0.8696
1.5898
0.2501
0.0000
0.0000
0.0000
0.0000
0.0000
0.0000
0.0000
0.0000
0.0000
0.0000
0.0000
0.0000
0.0000
1.3340
0.0000
0.0000
0.0000
0.0000
0.0000
0.0000
0.0000
0.0000
0.0000
0.0404
0.0000
0.0000
0.0000
1.5611
0.0000
0.0000
0.0000
0.0000
0.0245
0.0000
0.0000
0.0000
0.0000
2.6463
0.0000
0.0000
0.0000
0.0000
0.0000
0.0000
0.0000
1.8402
0.0000
0.0000
0.0000
0.0000
0.0000
0.0000
0.0000
0.0000
0.0000
3.2377
0.0000
0.0000
0.0000
0.0000
5.1734
0.0000
0.0000
1.1386
0.0000
0.0000
0.0000
0.0000
0.0545
5.0123
0.0000
7.5953
0.3296
0.0000
0.0000
0.0000
2.4234
0.0000
3.1561
0.0000
0.0000
0.0000
0.0000
0.0000
3.1105
0.0000
0.0000
0.0000
0.0000
0.0000
0.0000
0.8135
0.2160
0.0000
0.0000
1.9338
0.0000
0.0000
0.7496
0.0000
0.0000
0.0000
0.0000
0.0000
0.0000
0.0000
0.0000
0.0000
2.8559
1.1602
2.1286
0.0000
0.0009
0.1079
3.8256
0.0000
0.0000
0.0000
0.0000
0.0000
0.1218
0.0000
0.0000
0.9888
0.0000
0.0000
0.0000
0.0000
0.6358
0.0000
0.0000
3.3958
0.0000
0.0000
0.0000
0.0000
0.0000
0.3943
0.5581
0.0000
0.0000
1.0297
0.0000
1.0675
0.0000
0.0000
3.7693
0.0000
0.0000
0.0000
0.0000
1.7837
2.5653
0.0000
0.0000
0.0000
0.0000
0.0000
0.0000
0.0000
0.0000
0.0000
1.5370
0.0000
0.0000
0.0000
0.0000
0.0000
0.0847
2.0834
0.0000
0.0000
0.0000
0.0000
0.0000
0.0000
0.0000
0.0000
0.0000
0.0000
0.5884
0.0000
0.0000
0.0000
0.0000
0.0000
0.0000
0.4923
0.5811
0.0000
1.6417
0.0130
0.0000
3.0476
0.0000
0.0000
0.0000
0.0000
0.4294
0.0000
0.0000
0.0000
0.0000
1.9876
0.0000
0.0000
0.6399
0.0000
0.0000
0.0000
1.2192
0.0000
0.0000
0.0000
0.0000
0.0000
0.7542
0.0000
0.0000
0.0000
0.2241
0.0000
0.0000
0.0000
0.0000
0.0000
0.0000
0.0000
0.0000
0.0000
0.0000
0.0000
1.8780
0.0000
0.0000
1.7882
0.0000
0.7481
0.0000
0.0000
0.5554
2.1051
0.0000
0.9529
0.0000
0.0000
2.2795
0.0000
0.0000
0.0000
0.0000
0.0000
0.0000
0.0000
0.0000
0.0000
0.0000
0.0000
0.0235
0.0000
0.0000
0.0000
0.0000
0.4522
0.0000
0.0000
0.0000
0.0000
2.5461
0.1497
1.1689
0.0000
0.0000
0.0000
0.0000
0.3634
1.5037
0.0000
0.0000
0.0000
0.0000
0.0000
0.0000
3.3370
0.8187
0.0000
0.0000
0.0000
0.2430
1.0444
0.0000
0.0000
0.0000
0.0000
0.0000
0.0000
0.0000
0.0000
0.0000
0.0000
0.0000
1.3109
0.0000
1.7239
0.0000
0.0000
2.8262
0.0000
0.0000
0.0000
0.0000
0.0000
0.0000
0.0000
6.8149
0.8221
0.0000
0.0000
0.0000
0.0000
0.0000
0.0000
2.3902
0.0000
0.0000
0.6645
4.4178
2.2965
0.0000
0.0000
0.0000
0.0000
0.0000
0.0000
1.4367
0.0000
0.0000
6.6658
0.0000
0.0000
0.0000
0.0000
0.0000
0.0000
0.0000
0.0000
1.5969
0.0000
3.0414
0.0000
0.0000
0.0000
0.1008
0.2532
0.0000
0.0000
0.0000
1.0309
0.0000
0.1587
0.0000
0.0387
2.4057
0.0000
0.0000
0.0000
0.0000
0.0000
0.0000
0.1148
1.8030
0.0000
0.0000
1.0724
0.0000
0.0000
0.0000
0.0000
0.0000
0.0000
0.0000
0.0000
0.0000
0.0000
0.0000
0.0000
0.0000
0.6478
0.0000
0.5992
0.0000
0.0000
1.7403
0.0000
0.0000
0.0000
0.0000
0.1194
0.0000
0.6491
0.0000
0.0000
0.0000
0.0000
1.4481
0.2298
2.4893
0.0000
0.2177
0.0000
0.0000
0.0000
0.0000
0.0000
0.0000
0.0000
0.0000
0.0000
0.0000
0.0000
0.0000
0.0000
0.0000
0.0000
0.0000
0.0000
0.0000
0.0000
0.0000
0.3805
0.8196
0.0000
0.0000
0.0000
0.0000
0.0000
2.4330
0.0000
0.9411
0.4605
1.0364
0.0000
0.0000
0.0000
0.0000
0.0000
0.0000
0.0000
0.0000
0.0000
0.0000
0.0000
0.0000
0.0000
3.2787
0.0000
0.4784
0.0000
1.9320
1.3167
0.0000
0.4593
6.2755
0.0000
0.0000
0.0000
0.0000
0.0000
0.0000
4.5381
0.0000
0.0000
0.0000
0.0000
0.9400
0.0000
0.0000
0.0000
0.0000
0.0000
2.8923
0.0000
0.0000
0.0000
1.1855
0.0000
0.0000
0.8003
0.0000
0.0000
0.1298
0.0000
0.0000
3.0759
0.0000
0.0000
0.0000
0.0000
2.2300
0.0000
0.0000
0.0000
0.0000
1.5033
0.0000
0.0000
0.0000
0.0000
0.0000
0.0000
0.1984
0.0000
0.0000
0.0000
0.0000
0.0000
0.0000
0.0000
0.0000
0.0000
0.0000
0.0000
0.0000
0.0000
0.0000
3.2816
0.0000
0.0000
4.0304
0.0000
0.0000
0.0000
0.0000
0.0000
0.0000
0.0000
3.4738
0.0000
0.0000
0.3452
0.0000
0.6718
0.0000
1.3021
0.0000
0.0000
0.8350
0.0000
0.0000
0.0000
0.0000
0.0000
0.0686
0.0000
0.0000
0.0000
0.0000
0.0000
0.0000
0.4804
0.7621
0.0000
0.0000
0.8899
0.0000
0.0000
0.5347
0.0000
0.0000
0.0000
2.9890
0.0000
0.0000
0.0000
4.7718
0.0000
0.2976
0.0000
0.0000
0.0000
0.0000
0.0000
0.0000
0.0000
0.0000
0.0000
0.0000
1.9154
0.0000
0.0000
0.0000
0.0000
0.0000
0.0000
0.0000
0.0000
0.0000
0.0000
0.0000
0.0000
0.0000
3.1737
0.0000
0.0000
0.0000
6.1510
0.0000
1.7511
0.0000
0.0000
0.0000
0.0000
0.0000
0.0000
0.0000
0.0000
0.0000
0.0000
0.0000
0.0000
0.0000
0.0000
0.0000
0.0000
0.0000
0.0000
0.0000
0.0000
0.0000
0.3668
0.0000
0.0000
0.0000
0.0000
0.0342
0.0000
0.0000
0.0000
0.0000
0.0000
0.0000
0.0000
0.0000
0.0000
0.0000
2.3377
0.0000
0.0000
0.0000
0.5364
0.0000
0.0000
0.0000
0.0000
1.5738
0.0000
2.0148
0.0000
0.0000
0.0000
0.9107
2.0890
0.0000
0.0000
0.0000
0.0000
0.0000
3.4381
0.0000
2.0458
0.0000
0.0000
0.0000
0.0000
0.0000
0.0000
1.1282
0.3979
0.0000
0.0000
0.0000
0.0000
0.0000
0.0000
0.0000
0.0000
0.0000
0.0000
0.0000
0.4047
0.0000
0.0000
0.0000
0.2076
0.0000
0.0000
0.0000
0.0000
0.0000
0.0000
0.0000
0.0000
0.0000
1.8248
0.0000
0.8904
0.0000
0.0000
0.0000
1.1065
0.0000
2.4878
0.9059
0.0000
0.0000
0.0000
0.0000
0.0581
0.0000
0.0000
0.0000
0.0000
0.0000
0.0000
0.0000
0.0000
0.0000
0.0000
0.0000
0.0000
0.0000
0.0000
0.0000
3.3436
0.0000
0.0000
0.0000
0.0000
0.0000
0.0000
2.1891
0.0000
0.0000
0.0000
0.0000
0.0000
0.0000
1.5798
0.0000
0.0000
0.0000
0.0000
3.1312
0.0000
0.0000
0.0000
0.0000
0.5323
0.0000
0.0000
0.0000
0.0000
0.0000
0.0000
0.0000
0.0000
1.4110
0.0000
0.0000
0.0000
0.0000
0.0000
4.8066
0.0000
0.0000
0.0000
0.0000
0.0000
0.0000
0.0000
0.0000
0.0000
0.0000
0.0000
0.0000
0.0000
0.0000
0.0000
0.0000
0.0000
0.3775
0.0000
0.0000
0.0000
0.0000
0.0000
2.6087
0.0000
0.0000
0.0000
0.0000
0.6887
0.9802
0.0000
0.0000
0.0000
1.8519
2.4142
0.0000
0.0000
0.0000
0.0000
0.0000
0.0000
0.0000
0.9824
0.0000
1.3738
0.0000
0.0000
0.0000
0.0000
0.0000
1.1969
0.0000
0.5704
2.2581
0.0000
0.0000
0.0000
0.0000
0.6164
0.0000
3.1671
0.0000
0.0000
0.0000
0.0000
0.0000
0.0000
0.0230
2.4710
0.0000
0.0000
0.1914
0.0000
2.3746
0.0000
0.0000
0.0000
0.0000
0.0000
0.0000
0.0000
4.3942
0.9140
0.0000
0.0000
0.0000
0.0000
0.0000
0.0000
1.7232
0.0000
0.0000
0.0000
0.0000
0.0000
0.0000
3.3414
0.0000
0.0000
0.0000
0.0000
3.1696
0.0000
0.0000
0.0000
0.0000
0.0000
0.0000
0.0000
0.0000
0.0000
3.3632
0.0000
0.0000
0.0000
0.0000
0.0067
0.0000
1.4788
0.0000
0.0000
0.0000
0.1667
0.0000
0.0000
0.0000
0.0000
0.0000
0.0000
0.0000
4.6899
0.0000
0.5567
0.0000
0.0000
0.0000
0.0000
0.0000
0.0000
0.0000
0.8880
0.0000
4.9293
0.0000
0.0000
0.0000
0.0000
0.0000
0.0000
0.0000
0.8131
0.0000
0.0000
0.0000
0.0000
0.0000
0.0000
0.3247
3.9955
3.4127
0.0000
0.0000
0.0000
0.0000
0.0000
0.0000
0.0000
0.0000
0.0000
0.0000
2.6106
0.0000
1.4499
0.0000
0.5408
0.0000
0.0000
0.0000
0.0000
0.0617
2.1021
0.0000
0.0000
0.0000
0.0000
0.0000
0.0000
0.0000
3.2107
0.0000
1.9630
0.0000
0.0000
0.0000
0.0000
0.0000
0.0000
0.0000
0.3776
0.9377
0.0000
0.0000
0.0000
0.0000
3.1065
0.0000
0.0586
0.0000
0.0000
0.0000
0.0000
0.0000
0.0000
0.0000
0.0000
3.1067
0.0000
0.0000
0.0000
0.0000
0.0000
0.0000
0.0000
0.0000
0.1294
0.0000
0.0000
0.0000
0.5262
1.2354
0.0000
0.0000
1.4171
0.0000
0.0000
1.2208
0.0000
0.0000
0.0000
0.0000
0.0000
0.0000
0.0000
0.0000
0.0000
0.0000
0.0000
0.0000
0.0000
0.0000
2.7991
0.0000
0.0000
0.0000
0.0000
3.3932
0.0000
0.0000
0.0000
0.0000
0.0000
0.0000
0.0000
0.0000
0.0000
0.0000
1.5342
0.0000
0.0000
0.0000
2.3383
0.0000
0.0000
0.0000
0.0000
0.0000
0.0000
0.0000
0.0000
0.0000
0.0000
0.0000
0.0000
0.0000
0.0000
0.0000
0.0000
0.0000
0.0000
0.0000
0.0000
0.0000
0.0000
0.0000
0.0000
0.0000
0.0000
2.9530
0.0000
0.0000
1.0005
0.0000
0.0000
0.0000
0.0000
0.0000
0.0000
0.3440
0.0000
0.0000
0.0000
0.0000
0.3168
0.0000
0.0000
0.0000
3.4920
1.1633
0.5121
1.9781
0.0000
0.0000
0.0000
0.0000
4.8706
0.0000
0.0000
0.0000
0.0000
0.0000
1.3602
0.8336
0.0000
0.0000
0.0000
0.0819
0.0000
0.0000
0.0000
0.0000
0.3844
0.0000
0.0000
1.3554
0.0000
0.0000
0.0000
0.0000
0.0000
0.6465
0.0000
0.0000
0.0000
0.0000
0.0000
0.0000
0.0000
0.0000
0.0000
0.0000
0.0000
0.0000
0.2652
4.8439
0.0000
3.4805
0.0000
0.0000
0.0000
0.0000
0.0000
0.0000
0.0000
0.0000
0.0000
1.2892
0.0000
0.0000
0.0000
0.0000
0.0000
0.0000
0.9101
2.5542
0.2919
0.0000
0.0000
0.3599
0.0000
0.0000
0.0000
0.0000
1.8696
0.0000
0.0000
0.0000
0.0000
0.0000
0.0000
0.2994
0.0000
0.0000
0.0000
0.0000
0.0000
0.0000
0.0000
0.0000
0.0000
0.0000
0.0000
0.9000
0.0000
0.0000
0.0000
4.1011
0.0000
0.0000
0.6886
0.0000
0.0000
0.0000
1.8818
0.0000
0.0000
0.0000
0.0000
2.8617
3.1373
0.1051
0.0000
0.0000
0.0000
0.0000
0.0000
0.0000
0.0000
0.0000
0.0000
0.0000
0.0000
0.0000
0.0000
0.0000
0.3288
0.0000
0.0000
0.0000
0.0000
0.0000
3.2276
0.0000
0.0000
4.1546
2.0472
0.0000
0.0000
0.0000
0.0000
0.0000
0.0000
0.0000
0.0000
0.0000
0.0000
0.9935
0.0000
2.7448
1.8551
0.0000
3.0182
0.0000
0.0000
0.0000
0.0000
0.0000
0.0000
0.0000
2.5842
0.0000
0.0000
0.0000
0.0000
0.0000
0.0000
0.0000
0.0000
0.0000
0.0998
0.0000
0.0000
0.0000
0.0000
3.6307
1.3324
0.0000
0.0000
0.0000
0.0000
0.0000
0.0000
0.0000
1.9034
0.0000
0.0000
0.0000
0.0000
0.0000
0.0000
0.0000
0.0000
0.0000
0.0000
0.0000
0.0000
0.0000
0.0000
0.6579
0.0000
0.0000
0.0000
0.0000
0.0000
0.0000
0.0000
0.0669
0.0000
0.0000
0.0000
3.7624
0.6355
0.0000
0.0000
0.0000
0.5119
1.0422
0.0000
0.0000
0.0000
4.1495
1.5532
0.0000
0.0000
0.0000
0.0000
0.0000
0.0000
0.0000
1.4170
0.0000
0.0000
0.0000
3.0925
0.0000
0.0000
0.0000
0.0000
0.0000
0.0000
2.6892
0.0000
0.0000
0.0000
0.0000
0.8466
0.0000
0.6353
0.0000
0.7072
0.0000
0.0000
0.0000
0.0000
0.0000
0.0000
0.0000
0.0000
0.0000
2.7574
0.0000
4.2765
0.0000
0.0000
0.5422
0.0000
0.9203
0.0000
1.2929
0.0000
0.0000
3.4157
0.0000
0.0000
0.0000
0.0000
0.0000
0.0000
0.2113
0.0000
0.0000
0.0000
0.0000
0.0000
0.0000
0.0000
0.0000
0.0000
0.0000
1.5307
0.0000
0.0000
0.0000
0.0000
0.0000
3.5579
0.2781
0.0000
1.8320
2.7263
0.0000
0.0000
3.7427
0.0000
3.9851
0.0000
2.0254
0.0000
1.6146
0.0000
0.0000
0.0000
0.0000
0.0000
0.0000
0.0000
0.0000
0.1391
1.0211
3.0648
0.0000
0.0000
2.0865
0.0000
0.0000
0.0000
0.0000
0.0000
0.7104
0.0000
0.0000
2.6680
0.0000
0.0000
0.0000
2.5639
0.6776
0.0093
0.0729
0.0000
0.0000
0.0000
0.0000
2.0516
0.0433
0.0000
0.0000
1.1158
0.0000
0.7235
0.0168
0.0000
0.0000
0.0000
0.0000
0.0000
0.0000
0.0000
0.0000
0.0000
0.0000
0.0000
0.0000
0.0000
0.6492
0.0000
0.0000
0.5008
0.0000
0.0000
0.5924
0.0000
0.1178
0.7480
0.0000
0.0000
0.0000
0.0000
0.0000
0.0000
0.0000
0.0000
0.0000
0.0000
0.0000
2.1774
1.0050
0.2028
0.0000
0.0000
0.0000
0.6559
0.0764
0.7664
0.0000
0.0000
4.2054
0.8818
2.2750
0.0000
0.0000
0.8767
0.0000
0.0000
0.0000
0.0000
0.0000
0.0000
0.0000
0.0000
0.0000
0.0000
0.0000
4.4085
0.0000
0.0000
0.0000
0.0000
0.0000
0.0000
0.0000
0.0000
1.5825
0.0000
0.0000
2.0835
0.4641
4.3956
0.0000
0.0000
0.0000
2.0243
2.1584
0.0000
0.0000
0.0000
0.0000
0.0000
0.0000
0.0000
0.0722
0.0000
0.0000
0.0000
0.0000
0.0000
0.0000
0.0000
0.0000
0.0000
0.0000
0.0000
0.0000
0.0000
1.2338
0.0000
3.9848
1.4330
0.0000
0.3158
0.0000
0.0000
1.9655
0.0000
0.0000
0.0000
0.0000
0.8084
0.0000
2.6677
0.7477
0.0000
6.6064
0.0000
1.3135
0.0000
0.0000
1.7319
0.2288
0.5127
0.0000
0.0000
0.0000
0.0000
1.3575
0.0000
0.7847
0.0000
0.0000
0.0000
0.0000
0.0000
0.0000
0.0000
0.0000
0.0000
0.0000
0.0000
0.0000
0.0000
