0.0000
0.0000
0.0000
0.0000
0.4603
0.0000
0.0000
0.0000
0.0000
3.1006
1.2827
0.0000
0.8921
0.3754
0.0000
0.0000
0.0000
0.0000
0.0000
0.0000
0.0000
0.0000
1.8094
0.6698
3.6604
0.0000
0.0000
1.1693
0.0000
0.0000
0.0000
0.0000
0.0000
0.0000
1.2447
0.0000
0.0000
0.0000
0.0000
1.9135
0.0000
0.0000
0.0000
0.0000
0.0000
0.0863
0.0000
0.0000
0.0000
0.6611
0.0000
0.0000
0.0000
0.0000
0.0000
0.0000
0.0000
0.0000
0.0000
0.0000
0.0000
1.8176
0.0000
2.6797
0.0000
0.2161
0.0000
0.0000
1.2618
0.0000
0.0000
3.5576
0.6106
0.0000
0.0000
1.7666
0.0000
0.0000
0.0000
0.0000
1.2412
0.0000
0.4731
0.0966
0.0000
2.3760
1.2839
1.2954
0.9321
0.0000
0.0000
0.0000
0.0000
1.8638
0.0000
0.0000
0.0000
0.0000
2.0295
0.0000
0.0680
0.0000
0.0000
0.0000
0.3279
0.0000
0.9652
0.0000
0.1205
1.3060
0.0000
0.0000
0.0000
0.2343
0.0000
0.0000
1.2873
0.0000
0.0000
0.0000
2.9435
0.0000
2.5437
0.0000
0.1989
0.0000
1.1014
1.7692
0.0000
0.8094
0.0000
0.0000
0.0000
0.0000
3.5086
0.0000
0.0000
0.5482
0.0000
3.0718
0.7785
0.0000
1.7203
0.0000
1.7551
0.0000
0.1665
1.5309
1.3881
0.0000
0.0000
2.0513
0.0000
0.2919
0.0000
0.0000
0.0125
0.9832
0.0000
0.0000
0.0000
0.0000
1.5496
0.0000
0.0000
5.0491
0.0000
0.0000
0.0000
3.6452
0.0000
0.0000
0.0000
0.0186
0.0000
0.0000
0.0000
1.1120
0.0000
4.9919
3.7860
2.3018
0.0000
0.0000
0.0000
0.0000
0.4466
0.0000
0.0000
0.6943
0.0000
0.0000
0.0000
0.0000
1.3030
0.0000
0.0000
0.6934
3.9316
1.5719
0.0000
0.0000
0.0000
0.0000
0.0000
0.0000
0.0000
0.0000
0.0000
0.0000
0.0000
0.0000
0.0000
0.0000
0.0000
0.0000
0.0000
0.0000
0.0000
0.0000
0.0000
0.0000
0.0000
0.0000
0.0000
0.0000
0.0469
1.0266
0.0000
0.0000
0.0000
0.0000
0.0000
0.0000
2.3437
0.0000
0.0000
1.3505
3.0887
0.0000
0.0000
0.0000
0.0000
0.0000
0.0000
0.3283
0.0000
0.0000
1.0398
0.0000
0.0000
0.5293
0.0000
0.0000
0.0000
1.0810
0.0000
0.0000
1.2023
0.0000
0.0000
0.3557
0.0000
0.0000
0.0000
0.0000
0.1370
0.0000
0.0000
2.0023
2.4086
0.0000
0.0000
0.0549
2.1406
0.0000
0.0000
0.0000
1.1883
0.0000
2.1665
0.0000
0.5330
0.0000
0.0000
1.3051
0.0000
0.0000
0.0000
0.0000
0.0000
0.0000
0.0000
0.0000
3.7446
0.0000
0.0000
0.0000
0.0000
2.2562
0.0000
0.0000
0.0000
0.0000
0.2131
0.0000
0.0000
0.0000
0.0000
0.3305
0.0000
0.0000
0.0000
0.0000
2.8711
0.0000
0.0000
0.0000
0.0000
0.7563
0.3603
0.7981
0.0000
0.7773
0.0000
0.6415
0.0000
0.0000
0.0000
2.0572
0.0000
0.2355
0.0000
0.0000
0.0000
1.5782
0.5986
0.0000
0.0000
4.8970
0.0000
0.0000
0.0000
0.0000
0.0000
5.1922
0.0000
0.0000
0.0000
0.0000
0.0000
2.1050
0.8326
0.0000
2.4723
1.7382
0.0000
0.0000
0.2586
0.0000
0.0000
0.0000
0.0000
0.0000
0.0000
0.3298
0.0000
0.0000
0.0000
0.0000
0.0000
0.0000
0.0000
0.0000
0.0000
0.8709
0.0000
3.1132
0.0000
0.0000
3.3868
0.0000
0.0000
0.0000
0.0000
0.0000
0.0000
0.0000
0.0000
0.0000
2.0701
0.0000
0.0000
0.0000
0.0000
2.3537
0.0000
0.0000
0.0000
0.0000
0.0000
0.0000
0.0000
0.0000
0.0000
0.0000
0.0000
0.0000
2.3940
0.0000
0.0000
0.0000
0.0000
2.9933
0.1563
0.0000
0.0000
0.0000
0.0000
0.0000
0.0000
0.0000
0.7998
0.0000
0.0000
0.0000
0.0000
0.0000
0.0000
0.0000
0.0000
0.0000
0.0000
0.0000
0.0000
0.0000
0.0000
0.0000
1.2232
0.0000
1.7377
1.8093
0.0000
0.0000
4.7944
0.8185
0.0000
1.3260
2.0786
0.3858
0.0000
0.0000
0.0000
0.0000
0.0000
0.0000
0.0000
0.6580
0.0000
0.0000
0.6876
0.0000
1.7804
0.0000
0.0000
0.0000
0.3802
0.8096
0.0000
0.0000
0.0000
0.0000
0.0000
1.8469
0.0000
1.2364
0.3669
0.0000
0.4105
0.0000
0.0000
0.0000
0.0000
1.2198
0.4237
0.0000
0.0000
0.2042
0.0000
2.1720
0.0000
0.0000
0.0000
0.0000
0.0000
0.0000
0.0000
0.0000
0.0000
0.0000
0.0000
0.0000
1.1191
0.0000
0.0000
0.0241
0.0000
0.0000
0.0000
0.0000
0.0000
1.2613
0.0000
0.8535
0.0000
0.0000
0.0000
0.0000
7.7220
0.0000
0.0099
2.3124
0.0000
0.0708
0.0000
0.0000
0.0000
0.0000
0.0000
0.0000
0.4768
1.7743
0.0000
0.0000
1.2006
2.1816
0.0000
0.0000
2.8624
0.0000
0.0000
0.0000
0.0000
0.0000
0.0000
0.0000
0.0000
0.4291
0.0000
0.0000
0.0000
0.0000
0.0000
0.0000
0.0000
0.0000
0.0000
0.0000
0.0000
0.0000
0.9283
0.4914
0.0000
0.0000
0.0000
0.5285
0.0000
0.0000
0.0000
0.0000
0.0000
0.0000
0.0000
0.0000
0.0000
0.0000
0.0000
0.0388
0.0000
2.1858
0.0000
0.0000
0.0000
0.0000
0.0000
0.0000
0.0000
0.0000
1.9258
0.0000
0.0000
0.0000
0.0000
0.0000
0.0000
0.0000
0.0000
0.0000
0.1519
1.2697
0.0000
0.9727
0.0000
1.2020
0.0000
0.0000
0.3073
0.0000
0.0000
0.0000
0.0000
0.0000
0.0000
3.1648
0.0000
0.0000
0.3255
0.0000
0.0000
0.0000
3.1836
0.0000
0.9848
0.0000
0.0000
2.5468
0.0000
0.0000
0.0000
0.0000
0.0000
0.0000
0.0000
0.0629
1.2749
3.9612
0.0000
0.0000
0.0000
0.0000
0.0000
0.0000
0.0000
0.0000
1.7758
0.0000
0.0000
0.2591
0.0000
0.0000
0.0000
0.0000
1.9212
0.0000
0.0000
0.0000
0.0000
0.0000
0.0000
0.0000
0.0000
0.1955
0.0000
0.0000
0.0000
0.0000
0.3385
0.0000
0.0000
0.0000
0.0000
0.0000
0.0000
0.0000
0.0000
0.0000
0.0000
0.0000
0.0000
0.0000
0.0000
1.3330
0.0000
0.0000
0.0000
1.5563
0.0000
0.0000
0.0335
2.1521
0.0000
0.0000
4.0242
0.0000
0.0000
0.0000
0.0000
0.0000
0.0000
0.1911
0.0000
0.0000
1.3405
0.1965
0.0000
0.0000
0.0000
0.0000
0.0000
0.0000
0.0000
5.6386
0.0000
0.0000
0.0000
0.0000
0.0000
0.0000
0.0000
0.0000
0.0000
0.0000
0.6833
1.1170
0.0000
0.0000
0.8581
0.0000
0.0000
0.6895
0.0000
0.0000
0.0000
0.0096
0.0000
0.0000
0.0000
1.5022
0.0000
1.6072
1.4489
0.0000
0.0000
0.0000
0.0000
0.0000
0.0000
0.0000
0.5102
0.0000
0.0000
0.2578
0.0000
0.0000
0.0000
0.0000
0.0000
0.0000
0.0000
0.0000
1.6521
0.3011
4.9667
0.0000
0.0000
0.6064
0.0000
0.3172
0.0000
0.0000
0.7479
0.0000
0.0000
0.0000
0.0000
0.0000
0.0000
0.0000
1.5362
1.9183
0.2057
0.5870
0.0000
0.0000
0.0000
0.5993
0.0000
1.3834
0.0000
0.0000
0.0000
0.0000
1.5924
0.0000
0.0000
0.0000
0.0000
0.0000
0.0000
0.0000
0.0000
1.9440
3.6783
0.0000
0.0000
0.0000
0.0000
0.0000
0.0000
0.0000
0.1010
0.0000
0.0000
0.3911
0.0000
0.0000
3.0974
0.0000
0.3018
1.0600
0.9755
0.0000
0.0000
0.0000
0.0000
0.0000
0.0000
0.0000
0.0000
0.0000
0.4571
0.0000
0.0000
0.0000
0.0000
0.0000
0.0000
0.0000
0.0000
0.0000
0.0000
0.0000
0.0000
0.0000
0.0000
0.0000
0.0000
0.0000
0.4471
0.0000
0.0000
0.0000
0.0000
0.0000
0.0000
0.0000
0.0000
0.0000
0.0000
0.2092
0.1111
0.9840
0.0000
2.8479
0.0000
0.1684
0.0000
0.0000
0.0000
0.0000
0.0000
0.0000
0.0000
0.7448
0.8040
0.0000
1.5236
0.5394
0.0000
0.0000
0.0000
0.0000
0.0000
0.0000
0.0000
0.0000
0.0000
0.0000
0.0000
0.0000
0.8314
0.0000
0.1338
0.0000
0.0000
0.0000
0.0000
1.6407
1.9035
0.0000
0.0000
0.0000
0.0000
0.0000
0.0000
0.0000
0.0000
0.0000
0.8158
2.5626
0.0000
0.0000
1.9446
0.0000
0.0000
0.0000
0.0000
0.4811
0.0000
0.0000
0.0000
0.0000
2.0277
0.0000
0.0000
5.9074
0.0000
0.0000
0.0000
0.0000
0.0000
0.0000
0.0000
0.0000
0.0000
1.2011
0.0000
0.0000
0.0000
0.0000
0.0000
0.0000
0.0000
0.0000
2.1853
1.3259
0.0000
1.0485
0.0000
3.6512
0.0000
0.2432
0.0000
0.0000
0.0000
0.0000
0.3743
0.0000
0.0000
0.0000
0.0000
2.7101
0.0000
0.0000
0.0000
0.0000
0.0000
1.1538
2.1992
0.0000
0.3879
0.0000
1.2940
0.0000
0.0000
0.0000
1.1414
0.0000
0.0000
0.0000
0.0000
2.4404
0.0000
1.5889
2.4422
1.2900
2.8324
0.0000
0.0000
0.0000
0.8674
0.0000
0.0000
0.0000
0.0000
0.0000
0.0000
0.0000
0.0000
4.8611
0.1961
0.0000
0.0000
0.6605
0.0000
1.5864
0.0000
0.0000
0.0000
1.7384
0.0000
2.4526
0.0000
3.3875
0.0000
0.0000
0.9568
1.6286
0.3429
0.0000
0.0000
0.8253
0.0000
0.0000
0.0000
0.0000
1.8909
0.0000
0.0000
0.4615
0.0000
0.5368
2.6435
0.0000
0.2022
0.0000
0.4414
0.0000
3.0926
0.0000
0.0000
0.0000
0.0000
0.0000
0.0000
0.0000
4.3898
0.0000
0.0000
0.0000
0.0000
0.0000
0.0000
0.0000
0.0000
0.0000
0.0000
0.0000
0.0000
0.0000
4.8457
0.0000
1.5532
0.0000
2.0199
0.0000
0.0000
0.0000
0.0000
0.0000
2.2627
0.0000
0.0000
0.0000
0.0000
0.0000
3.9927
0.0000
0.0000
2.2342
0.0000
0.0000
0.0000
0.0000
0.0000
0.0000
0.0000
1.0567
0.0000
0.0000
0.0000
0.0000
0.0000
0.0000
0.1632
0.0000
0.0000
0.0489
0.0000
1.4041
0.0000
0.0000
0.0000
0.0000
0.0000
0.0000
0.0000
0.0000
0.0000
0.0000
0.0000
0.0000
0.4801
0.0000
0.0000
0.0000
1.5960
0.0000
0.0000
0.0000
0.0000
0.0000
0.0000
0.0000
0.9182
0.0000
0.0000
0.0000
0.0000
0.0000
0.0000
0.0000
0.0000
0.0000
0.0000
0.0000
0.0000
0.0000
0.0000
0.0000
0.0000
0.0000
0.0000
0.4645
3.0360
0.0000
4.8029
0.0000
0.0000
0.0000
0.0000
0.0000
0.8780
0.0000
0.0000
1.5290
0.0000
0.0000
0.2301
0.0000
0.0000
0.0000
0.0000
0.0000
0.0000
0.0000
1.5677
0.0000
0.0000
0.0000
4.4264
0.0000
0.0000
0.0000
2.0937
2.0234
0.0000
0.0000
0.0000
0.0000
0.0000
0.9518
0.0000
0.0000
0.0000
0.0000
0.0000
0.1274
2.9781
0.0000
2.6029
0.0000
0.0000
0.0000
0.0000
0.0000
0.0000
0.0000
0.0000
0.0000
1.4132
0.0000
0.0000
0.0000
0.0000
0.0000
0.0000
0.0000
0.0000
0.0000
1.8144
0.5243
2.1380
0.0000
0.0875
0.0000
0.0000
0.0000
0.0000
0.0000
0.0000
0.0000
0.0000
4.6050
0.0000
0.0000
0.0000
0.0000
0.0000
0.0000
0.0000
0.0000
2.1672
0.0000
0.0000
0.0000
0.1901
0.0000
0.0000
0.0000
0.0000
0.0000
0.0000
0.0000
0.0000
1.0903
0.0000
0.0000
2.1253
0.0000
0.0000
0.0000
3.2917
0.0000
2.2012
0.0000
0.7218
1.1137
0.0000
0.0000
0.0000
0.0000
0.0000
1.4021
0.0000
0.0000
0.0000
0.0000
0.0000
0.0000
0.0000
0.0000
1.7879
0.0000
0.2652
0.1971
0.0000
0.0000
0.0000
0.8439
0.0000
0.0000
0.0000
0.0000
0.0000
0.0000
1.1107
0.0000
0.0000
0.5859
0.0000
1.6255
0.1704
0.0000
0.0000
0.6488
0.0000
0.0000
0.4555
0.0000
0.0958
0.0000
2.0153
0.0000
0.0000
0.5473
0.0000
0.0000
0.0000
0.0000
0.0000
0.0000
1.5127
0.0000
0.0000
0.0000
0.0000
0.0000
0.2467
0.0000
0.0000
0.0000
0.0000
0.0000
0.8732
0.0000
0.0000
0.0000
0.0000
0.0000
0.0000
0.0000
0.0000
0.8392
0.0000
0.0000
0.0000
3.9387
0.0000
0.0000
0.0000
0.0000
0.0000
0.0000
0.0000
0.0000
0.0000
0.2048
0.0000
0.0000
0.0000
1.6374
0.0000
0.0974
0.0000
0.0000
0.0000
0.4947
0.0000
0.0000
0.0000
0.0000
0.0000
0.0000
0.0000
0.0000
0.0000
0.0000
5.1782
1.4567
0.0000
0.8831
0.0000
0.0000
0.0000
0.0000
0.0000
0.0000
0.1154
0.0000
0.0000
0.0000
0.5040
2.0383
0.3386
0.0000
0.0000
0.0000
0.0000
0.0000
1.3200
0.0000
2.5481
0.0000
0.0000
0.4070
0.0000
1.2508
0.8394
3.0460
0.0000
0.0000
0.0000
0.0000
1.5538
0.0000
0.6392
0.0078
0.0000
0.0000
0.0000
0.0291
0.0000
0.0000
0.0000
0.0000
0.0000
1.6169
0.0000
1.2567
0.0000
0.0000
0.0000
0.0000
0.0000
0.0000
0.0000
0.1687
0.0000
0.0000
4.4522
0.6009
0.0000
0.0000
0.0000
0.0000
0.0000
0.0000
0.0000
0.0000
0.0000
0.0000
0.0000
0.0000
0.0000
0.5615
0.0000
0.0000
0.0000
5.2834
0.0000
0.0000
0.0000
0.0000
0.0000
0.0000
0.0000
0.0000
0.0000
0.0000
3.4657
0.0000
2.5859
3.9574
0.0000
0.0000
0.0000
0.0000
0.0000
0.0000
0.0000
0.0000
0.0000
0.0000
0.2109
0.0000
0.3953
0.0000
0.2462
0.0000
0.0000
0.0000
0.0000
0.0000
0.0000
0.2372
4.0617
0.8160
0.0000
0.0308
0.0000
0.0000
0.0000
0.7074
0.0000
0.0000
0.0000
0.0000
0.0000
0.0000
0.0000
0.0000
1.6194
1.0828
0.0000
0.1067
0.0000
0.0000
0.0000
0.0229
0.0000
0.0000
4.5020
0.5124
0.3336
0.0000
0.4701
0.0000
0.0000
1.9570
4.5865
0.0000
0.0000
0.0000
0.0000
0.1348
0.0000
0.0000
0.0000
0.0000
0.0000
0.0000
0.0000
0.0000
0.0000
0.0000
0.0000
1.4456
0.0000
0.7295
0.0000
0.0000
0.0000
0.9302
0.0000
0.0000
0.0000
1.1321
0.0000
0.0000
0.0000
2.1213
0.0000
0.0000
0.0000
0.0000
0.6826
0.0000
0.0000
0.6502
0.9636
3.8913
0.0000
0.0000
0.0000
0.0000
0.0000
0.7698
0.0000
0.0000
0.0000
0.0000
0.0000
0.0000
0.0000
6.7752
0.0000
0.0000
0.0000
0.0000
0.0000
0.0000
0.0000
0.0000
0.0000
0.0000
0.3437
0.0000
0.0000
0.0000
0.0000
0.6274
0.0000
0.0000
3.1151
0.0000
0.0000
0.0000
0.0000
2.2061
0.0000
0.0942
0.0000
1.0587
0.0000
1.7195
0.0000
0.0000
0.0000
0.0000
0.0000
0.0000
0.0000
0.0000
0.0000
0.0000
0.0000
0.0000
0.0000
0.0000
0.0000
1.0599
2.1832
0.0754
0.0000
0.0000
0.0000
0.0000
0.0000
0.0000
0.0000
4.4568
1.0622
0.0000
0.2646
0.0000
0.0000
0.0000
0.0000
0.0000
0.0000
0.0000
0.2217
0.0000
0.0000
0.0000
2.4839
0.0000
0.0000
0.4231
0.0000
0.6672
0.0000
0.0000
0.0000
0.0000
0.0000
0.2039
1.4268
0.0000
2.3464
0.0000
0.0000
0.0000
0.0000
0.0000
0.0000
0.9022
0.0000
0.0000
0.0000
0.0000
0.1659
0.0000
0.1585
0.0000
0.0000
0.2026
0.0000
0.0000
0.0000
0.0000
0.0000
0.0000
0.0000
0.0000
0.0000
0.0000
0.0000
0.0000
0.0000
0.0000
0.0000
0.0000
0.0000
0.0000
0.0000
0.0000
0.0000
0.0000
0.0000
1.3347
0.0000
0.0000
0.0000
0.7514
0.0000
0.0690
0.0000
3.5184
0.0000
0.0000
0.0000
1.9168
0.0000
0.8711
2.5524
4.1574
0.0000
0.0000
0.0000
1.4840
0.0000
0.0877
0.0000
0.2167
0.0000
0.0000
0.0000
0.5948
0.0000
0.0000
0.0000
0.0000
0.0000
0.2498
0.0000
1.9314
0.0000
0.0964
0.0000
0.0000
0.0000
0.0000
0.0000
2.6337
0.0000
0.3035
2.7827
0.0000
0.0000
2.4204
0.0000
0.0000
0.9336
0.6765
0.5024
0.0000
0.0000
0.0000
2.5593
1.3206
0.3322
0.2517
0.0000
0.0428
0.0657
0.0000
0.0000
0.0000
0.0000
0.0000
0.1217
0.0000
4.2161
0.0000
0.0000
2.2385
0.0000
2.4891
0.0000
0.0000
0.0000
0.0000
0.0000
0.0000
0.0000
0.0000
0.0000
0.0000
1.2305
0.0000
0.4516
0.0000
0.3161
0.0000
0.0000
0.0000
0.0000
0.0000
0.0000
2.2955
0.0000
0.0000
0.3933
0.0000
0.0608
3.3169
0.0000
1.3488
0.0000
0.0000
0.3073
0.0000
0.0000
0.0000
0.0000
0.0000
0.0000
0.0000
0.0000
2.3297
0.0000
0.0000
0.0000
0.0000
2.7959
0.0000
3.7553
2.8376
0.0000
0.0000
0.0000
0.0000
0.0000
0.0000
0.0000
0.5352
0.0000
0.6193
0.0000
0.0000
0.0000
0.0000
0.0000
0.0000
0.0000
0.0000
0.0000
0.0000
2.1815
0.0000
2.1151
0.5493
0.0000
1.5255
0.0000
0.0000
0.0000
0.0000
0.0000
0.0000
0.0000
0.0000
0.0000
0.0000
0.0000
0.0000
0.0000
0.0000
0.0000
0.0000
0.0000
0.0000
0.0000
0.0000
0.0000
0.0000
0.9339
0.0000
0.3207
0.0000
1.3593
0.0000
0.0000
0.0000
0.0190
0.0000
0.0000
0.0000
0.0000
2.3387
0.0000
0.2355
0.0000
0.0000
0.0000
3.1164
0.0000
0.0000
0.0000
0.0000
0.0000
0.0000
0.0000
0.1182
0.0000
0.0000
0.0000
0.8344
0.0000
0.0000
0.0000
0.5313
0.0000
0.5628
0.0000
0.0000
0.0000
0.0000
1.2709
1.5752
0.0000
0.7961
0.0000
0.0000
0.8446
0.0000
4.4981
2.0650
0.0000
0.0000
0.0000
0.0000
0.0000
0.0000
0.4528
0.0000
0.0000
0.0000
0.0000
0.0000
0.0000
0.0000
0.0000
0.0000
0.0000
0.0000
0.0000
1.1670
0.0000
0.0000
1.6524
3.4412
0.0000
0.0000
0.0000
0.0000
0.0000
0.7318
0.0000
0.0000
2.3586
0.6240
0.0000
0.9905
2.4816
0.0000
0.0000
1.0991
0.3096
0.0000
0.0000
0.0000
2.7797
0.0000
0.0000
0.0000
0.0000
0.0000
0.7492
0.0000
0.0000
0.0000
0.0000
4.1730
0.0000
2.7876
1.0351
0.0000
0.0000
0.0000
0.2698
0.0000
0.0000
0.0000
0.2333
0.8482
0.0000
0.0000
0.0000
0.0000
0.0000
0.0000
1.7585
0.0000
0.0000
0.9058
0.0000
1.0367
2.0170
0.0000
0.0000
0.0000
0.0000
0.7038
0.0000
0.0000
0.0000
0.0000
0.0000
0.0000
0.0000
0.0000
0.0000
0.0000
0.0000
0.0000
0.0000
0.0000
0.0000
0.0000
0.0000
0.9926
0.0000
2.3174
0.0000
0.0000
0.0000
0.0000
0.0000
1.3107
0.0000
0.0000
0.0000
3.3453
0.0000
0.0000
0.0000
0.0000
0.0000
0.0000
0.0000
0.0000
0.0000
0.0000
0.0000
0.0000
0.0000
0.0000
2.5955
0.0000
1.2661
0.0000
0.0000
0.0000
0.0000
0.0000
2.0158
0.0000
0.0000
0.0000
0.0000
0.0000
0.0000
0.0000
0.0000
0.0000
0.0000
0.0000
0.0000
1.0890
0.0000
2.2689
0.0000
0.0000
1.4795
0.0000
0.0000
0.0000
0.0000
2.6075
0.0000
0.6490
0.0000
0.0000
1.2600
4.4192
0.0000
3.6596
0.0000
1.6295
0.0000
0.0000
0.0000
0.0000
0.0000
0.0000
0.0000
0.0000
0.0000
3.2391
0.0000
3.0678
0.0000
0.0000
0.0000
0.0000
0.0000
2.6798
0.0000
0.8866
0.0000
0.0000
0.4052
0.0000
0.0000
0.0000
0.0000
1.3956
0.0000
0.0000
0.0000
0.8120
0.0000
0.0000
0.0000
0.0000
0.0000
0.0000
0.0000
0.0000
0.0000
0.0000
0.3084
0.2016
1.0358
0.0000
0.3904
1.8623
0.0000
0.0000
0.0000
0.0000
0.0000
1.1159
1.5109
1.1529
0.0000
0.0000
0.0000
0.0000
0.0000
0.0000
0.0000
0.0000
0.0000
0.0000
0.0000
0.0000
0.0000
0.0000
0.0000
0.0000
4.2728
0.0000
0.0000
0.7257
0.0000
0.0000
0.7641
0.0000
0.7057
0.0000
0.0000
0.0000
0.0000
0.0000
0.0000
0.3947
0.0000
0.0000
0.0000
0.0000
0.0000
0.5482
0.0000
0.0000
0.5275
0.0000
0.0000
0.0000
0.0000
0.0000
0.0000
0.0000
0.0000
0.0000
0.3368
0.0000
0.0000
0.0000
3.0936
0.0000
0.0000
0.0000
0.7918
0.0000
0.0000
0.0128
0.0000
0.0000
0.0000
2.3118
0.6625
0.0000
0.0000
0.0000
0.0000
3.5727
0.0000
0.0000
0.0000
1.1101
0.0151
0.1722
0.7204
0.0000
1.3739
0.0000
0.0000
0.0000
0.0000
0.0000
0.0000
0.0000
2.4650
0.0000
0.0000
0.0000
0.0000
0.0000
0.0000
0.0000
0.0000
0.0000
0.0000
0.0000
0.0000
0.0000
0.0000
0.0000
0.0000
0.0000
2.2207
0.0000
0.0000
2.2369
0.0000
0.0000
0.4638
0.0930
2.4881
0.0000
0.0000
1.0259
0.0000
0.0000
0.0000
0.0000
0.0000
0.0000
0.1737
0.1772
0.0000
0.0000
0.0000
0.0000
0.0000
3.0574
0.0000
0.0000
0.0000
0.0000
0.0000
1.1006
0.0000
0.0000
0.0000
0.0000
0.3841
0.0000
1.6607
0.0000
0.0000
0.0000
1.1779
0.0000
0.0000
0.0000
0.0000
0.0000
0.0000
0.0000
0.0000
0.3220
0.4807
0.0000
0.0000
0.0000
3.3274
5.4108
0.0000
0.0000
0.0000
0.0000
0.0000
0.0000
0.0000
0.0000
0.0000
0.0000
0.0000
0.0000
0.0000
0.0000
0.0000
0.2727
0.0000
0.0430
0.0000
0.0000
0.0000
0.3786
0.0000
0.0000
0.0000
0.0000
0.0000
0.0000
0.0000
1.7426
0.0000
0.0000
3.2015
0.0000
0.0000
0.0000
2.3983
0.0000
0.0000
0.0000
2.1117
0.0000
0.0000
0.5840
0.0000
0.0000
0.0000
1.2957
0.0000
0.0000
0.0000
0.0000
4.3057
0.0000
0.0000
0.0000
0.9905
0.0000
0.0000
0.0000
0.0000
0.0000
0.0000
0.0000
0.0000
0.0381
0.7273
0.0000
0.0000
0.7821
0.0000
0.0000
0.0000
0.0000
0.0000
0.5925
0.0000
0.0000
0.0000
0.0000
0.0000
0.0000
0.0000
6.1618
0.0000
0.0000
2.3682
0.0000
0.0000
0.0000
0.0000
1.0911
0.0000
0.0000
0.0000
0.0000
0.0000
0.0000
0.0000
0.0000
1.4964
0.0000
0.0000
0.0000
0.0000
0.0000
0.0000
0.0000
0.0000
0.0000
0.0000
0.0000
0.0000
0.0000
0.0000
0.8264
0.0000
0.0000
0.0000
0.0000
0.0000
0.0000
0.3734
0.0000
0.0000
1.3146
0.8672
0.3331
0.0000
0.0000
0.0000
0.0000
0.0000
0.0000
4.4267
1.7303
0.0000
0.0000
0.0000
2.0498
1.7177
0.0000
0.0000
0.0401
0.0000
0.0000
0.0000
0.0000
0.9299
0.0000
0.0000
0.0000
0.0000
0.0000
0.0000
0.0000
0.0000
0.5809
1.3849
0.0000
0.0000
0.0000
0.2368
1.4537
0.0000
0.0000
0.6116
0.0000
2.0614
0.0000
0.0000
0.0000
2.1966
0.0000
1.5180
0.2998
0.1522
1.8425
0.0000
0.0000
1.7936
0.0000
0.0000
0.0000
0.2348
0.0000
0.0000
0.0000
0.0000
0.0000
0.0000
0.2158
0.0000
0.0000
0.0000
2.4278
0.0000
0.0000
0.0000
0.0000
0.0000
0.0000
0.0000
0.0000
0.0000
0.0000
0.0000
0.0000
0.7413
2.2683
1.2022
0.0000
0.0000
0.0000
0.0000
0.0000
0.0000
0.0000
0.0000
2.3749
0.0000
0.0000
0.0000
0.0000
0.0000
0.0000
0.0000
3.6396
0.0000
0.0000
0.0000
0.0000
0.0000
0.0000
0.0000
0.0000
0.0000
4.8430
0.0000
0.0000
0.3094
0.0000
5.0532
0.0000
0.0000
3.6383
0.0000
0.0000
0.4209
0.0000
0.1993
3.5785
0.0000
5.4158
0.3042
0.0000
0.0000
0.0000
0.7613
0.0000
2.9820
0.0000
0.0000
0.0000
0.0000
0.0000
3.2649
0.0000
0.0000
0.0000
0.0000
0.0000
0.0000
1.0410
0.0000
0.0000
0.0000
1.5041
0.0000
0.0000
1.8371
0.0000
0.0000
0.0000
0.0000
0.0000
0.0000
0.0000
0.0000
0.0000
2.0628
0.0000
4.3598
0.0000
0.7681
1.5314
1.6737
0.0000
0.0000
0.0000
0.0000
0.0000
0.0767
0.0000
0.0000
2.7026
0.0000
0.0000
0.0000
0.0000
0.0000
0.1287
0.0000
1.9273
0.0000
0.0000
0.0000
0.8833
0.0000
1.0403
1.7029
0.0000
0.0000
0.8629
0.0000
0.6309
0.0000
0.0000
1.0579
0.0000
0.0000
0.0000
0.0000
0.3434
2.6448
0.0000
0.1355
0.0000
0.0000
0.0000
0.0000
0.0000
0.0000
0.0000
0.8728
0.0000
0.0000
0.0000
0.0000
0.0000
0.0000
1.8277
0.0000
0.0000
0.0000
0.0000
0.0000
0.0000
0.0000
0.0000
0.0000
0.0000
0.1407
0.0000
0.0000
0.4409
0.0000
0.0000
0.0000
1.1703
0.0000
0.0000
3.1139
0.0000
0.0000
1.7847
0.0000
0.0000
0.0000
0.0000
0.0000
0.0000
0.0000
0.0000
0.0000
3.0296
0.0000
0.0000
0.0000
0.0000
0.0000
0.0000
0.5284
0.0000
0.0000
0.0000
0.0000
0.0000
0.5931
0.0000
0.0000
0.0000
0.6522
0.0000
1.7541
0.4608
0.0000
0.0000
0.0000
0.0000
1.2932
0.0000
0.0000
0.0000
1.3686
0.0000
0.0000
2.3053
0.0000
0.0000
0.0000
0.0000
1.1620
1.1004
0.0000
0.1486
0.0000
0.0000
3.4932
0.0000
0.0000
0.0000
0.0000
0.0000
0.0000
0.0000
0.0000
0.0000
0.0000
0.0000
0.4510
0.3977
0.0000
0.0000
0.0000
0.4478
0.0000
0.0000
0.0000
0.0000
1.1077
0.8169
0.4600
0.0000
0.0000
0.0000
0.0000
1.9936
2.6815
0.0000
0.0000
0.0000
0.0000
0.0000
0.0000
2.5576
0.0000
0.0000
0.0000
0.0000
0.0000
3.1977
0.0000
0.0000
0.0000
0.0000
0.0000
0.6395
0.0000
0.0000
0.5652
0.0000
0.0000
0.9160
0.0000
1.2235
0.0000
0.0000
1.8986
0.0000
0.0000
0.0000
0.0000
0.0000
0.0000
0.0000
2.9151
0.0000
0.0000
0.0000
1.5454
0.0000
0.0000
0.0000
1.3770
0.0000
0.0000
0.0000
4.4533
0.0000
0.0000
0.0000
0.0000
0.0000
0.0000
0.0000
0.0000
0.0000
0.0000
5.5975
1.0871
0.0000
0.0000
0.0000
0.0000
0.0000
0.0000
0.0000
0.3627
0.0000
0.0000
0.0000
0.0000
0.0000
0.8510
0.0000
0.0000
0.0000
0.0000
0.9193
0.0000
0.0000
0.0000
0.8765
0.2233
0.0000
0.0000
0.0000
0.0000
0.0000
0.0000
0.0000
2.1897
0.0000
0.0000
0.0000
0.0000
0.0000
0.2225
0.0000
0.0000
0.0000
0.0000
0.0000
0.0000
0.0000
0.0000
0.0000
0.0000
2.3499
0.0000
0.1500
0.0000
0.0000
2.0142
0.0000
0.0000
0.0000
0.0000
0.0000
0.0000
0.0000
0.0000
0.0000
0.0000
0.0000
2.0847
0.1124
1.3772
0.0000
0.0000
0.0000
0.0000
0.0000
0.0000
0.0000
0.0000
0.0000
0.0000
0.0000
0.0000
0.0000
0.0000
0.0000
0.0000
0.0000
0.0000
0.0000
0.0000
0.0000
0.0000
0.1094
0.3582
0.0000
0.0000
0.9023
0.0000
0.0000
4.0784
0.1791
1.1450
0.0000
0.6095
0.0000
0.0000
0.1381
0.0000
0.0000
0.0000
0.0000
0.0000
0.0000
0.0000
0.0000
0.0000
0.0000
2.4689
0.0000
1.5564
0.0000
0.3275
0.9496
0.0000
0.0459
2.5011
0.0000
0.0000
0.4072
0.0000
0.0000
0.0000
5.0959
0.0000
0.0000
0.0000
0.0000
0.8160
0.0000
0.0000
0.0000
0.0000
0.0000
3.0775
0.0000
0.0000
0.0000
0.9922
0.0000
0.0000
0.9237
0.0000
0.0000
0.0000
0.0000
0.1790
3.2018
0.0000
0.0000
0.0000
0.0000
0.2258
0.0000
0.0000
0.0000
0.0000
3.9343
0.0000
0.0000
0.0000
0.0000
0.0000
0.5497
0.4228
0.0000
0.0000
0.0000
0.0000
0.0000
0.0000
0.0000
0.0000
0.0000
0.0000
1.4067
0.0000
0.0000
0.0000
0.4742
0.0000
0.0000
3.7167
0.0000
0.0000
0.0000
0.0000
0.0000
0.0000
0.0000
2.8234
0.0000
0.0000
0.0951
0.0000
0.0000
0.0000
1.3042
0.0000
0.0000
0.0000
0.0000
0.0000
0.0000
0.3523
0.0000
0.0000
0.0000
0.0000
0.0000
0.0000
0.0000
0.0000
0.7924
0.0000
0.0000
0.0000
0.0000
0.0000
0.0000
0.8715
0.3638
0.0000
0.0000
0.4459
0.0000
0.0000
0.0000
6.0004
0.0000
0.3455
1.4876
0.7301
0.0000
0.0000
0.0000
0.0000
0.0000
0.0000
0.4256
0.0000
1.8951
0.0000
0.0000
0.0000
0.0000
0.0000
0.0000
0.0000
0.0000
0.0000
0.0000
0.0000
0.0000
0.0000
2.8335
0.0000
0.0000
0.0000
3.0939
0.0000
2.5353
0.0000
1.1065
0.0000
0.0000
0.0000
0.0000
0.0000
0.0000
0.0000
0.0000
0.0000
0.0000
0.0000
0.0000
0.0000
0.0000
0.0000
0.0000
0.0000
0.0000
0.0000
1.1515
0.0000
0.0000
0.0000
0.0000
1.3567
0.0000
0.0000
0.0000
0.0000
0.0000
1.6278
0.0000
1.1597
0.0000
0.0000
2.1991
0.0000
0.0000
1.5774
0.0000
0.0000
0.0000
0.0000
0.0000
0.5640
0.0000
0.0000
0.0000
0.0000
0.0000
0.5991
2.5154
0.0000
0.0000
0.0000
0.0000
0.0000
2.6401
0.0000
0.4113
0.0000
0.0000
0.0000
0.0000
0.0000
0.0000
2.3202
0.0000
0.0000
0.0000
0.0000
0.0000
0.0000
0.0000
0.0000
0.0000
0.0000
0.1223
0.0000
0.4888
0.0000
0.0000
0.0000
1.5143
0.0000
0.0000
0.0000
1.1263
0.2948
0.0000
0.0000
0.0000
0.0000
2.1237
0.0000
0.7688
0.0000
0.0000
0.0000
0.0000
0.0000
1.8548
0.9843
0.0000
0.0000
0.0000
0.0000
0.6956
0.0000
0.0000
0.0000
0.0000
0.0000
2.4614
0.0000
0.0000
0.0000
0.0000
0.0000
0.0000
0.0000
0.0000
0.0000
1.5202
0.0000
0.0000
0.0000
0.0000
0.0000
0.0000
4.7917
0.0000
0.0000
0.0000
0.0000
0.0000
0.0000
0.0000
0.0000
0.0000
0.0000
0.0000
3.0681
0.0000
0.0000
0.0000
0.0000
0.0000
0.0000
0.0000
0.0000
0.0000
0.0000
0.0000
0.0000
0.0000
2.7444
0.0000
0.0000
0.0000
0.0000
0.0000
1.4083
0.0000
0.0000
0.0000
0.0000
0.0000
0.0000
0.0000
0.0000
0.0000
0.0000
0.0000
0.0000
1.6967
0.0000
0.0000
0.0000
0.0000
0.4985
0.5149
0.0000
0.6939
0.0000
0.0000
2.2766
0.0000
0.0000
0.0000
0.0000
2.0906
1.7373
0.0000
0.0000
0.6090
1.6124
1.3628
0.0000
0.0000
0.0000
0.0000
0.0000
0.0000
0.0000
1.1434
0.0000
3.6249
0.0000
0.0000
0.0000
0.0000
0.0000
0.7551
0.0000
4.2125
2.4369
0.0000
0.0000
0.3623
0.0000
0.3094
0.0000
2.4568
0.0000
0.8582
0.0000
0.0000
0.9535
0.0000
0.0000
2.3990
0.0000
0.0000
0.0000
0.0000
2.8678
0.0000
0.0000
0.0000
0.0000
0.0000
0.0000
0.0000
3.0230
0.3545
0.0000
0.0000
0.0000
0.0000
0.0000
0.6549
0.0000
2.0897
0.0000
0.0000
0.0000
0.0000
0.0000
6.2179
0.0000
0.2785
0.0000
0.0000
2.8572
0.0000
0.0000
0.0000
0.0000
0.0000
0.0000
0.0000
0.0000
0.0000
3.8757
0.0000
0.0000
0.0000
0.0000
0.0000
0.7495
2.3456
0.0000
0.0000
0.0000
1.1375
0.0000
0.0000
0.0000
0.0000
0.0000
0.0000
0.0000
4.3531
0.3534
0.0000
0.0000
0.0585
0.6070
0.0000
0.0000
0.0000
0.0000
1.2954
0.0000
3.0743
0.0000
0.0000
0.0000
0.0000
0.0000
0.0000
0.0000
0.0000
0.6707
0.0000
0.0000
0.0000
0.0000
0.0000
0.0000
2.7812
5.6997
0.0000
0.0000
0.0000
0.0000
0.0000
0.0000
0.0000
0.0000
0.0000
0.0000
0.3081
0.0000
0.4842
0.0000
0.0000
0.0000
0.0000
0.0000
0.0000
0.8410
2.2109
0.0000
0.0000
0.0000
0.0000
0.0000
1.1745
0.0000
2.7629
0.0000
1.4834
0.0000
0.0000
0.0000
0.0000
0.1200
0.0000
0.0000
0.4269
0.4958
0.0000
0.0000
0.0000
0.0000
5.0479
0.0000
2.0031
0.0000
0.0000
0.0000
0.6938
0.0000
0.0000
0.0000
0.0000
0.9580
0.0000
0.0000
0.0000
0.0000
0.0000
0.0000
0.0000
0.0000
0.0000
0.0000
0.3776
1.5515
1.2831
0.9756
0.0000
0.0000
0.0000
0.0000
0.0000
0.1522
0.0000
0.0000
0.0000
0.0000
0.0000
0.0000
0.0000
0.4710
0.0000
0.0000
0.0000
0.0000
0.0000
1.6343
1.7941
0.0000
0.0000
0.0000
0.0000
3.8813
0.0000
1.6742
0.0000
0.0000
0.8154
0.0000
0.0000
0.0000
0.0000
0.0000
2.9721
0.0000
0.0000
0.7876
2.2861
0.0000
0.0000
0.0000
0.0000
0.0000
0.0000
0.0000
0.0000
0.0000
0.0000
0.1357
0.0000
0.0000
0.0000
0.0000
0.0000
0.0000
1.6978
0.0000
0.0000
0.0000
0.0000
0.0000
0.0000
0.0000
0.8205
3.6134
0.0000
0.3112
1.2436
0.4962
0.0000
0.0000
0.0000
0.0000
0.0000
0.0000
0.0000
0.0000
0.0000
0.0000
1.0118
0.8169
0.0000
0.0000
3.3953
0.6471
0.0000
0.7514
0.1891
0.0000
0.0000
0.0000
4.3901
0.2424
1.3937
0.0000
0.0000
0.0000
1.7546
1.6384
0.0000
0.0000
0.0000
1.1973
0.0000
0.0000
0.0000
0.0000
0.0000
0.0000
0.0000
2.9877
0.0000
0.0000
0.0000
0.0000
0.0000
2.9282
0.0000
0.0000
0.0000
0.0000
0.0000
0.0000
0.0000
0.0000
0.0000
0.0000
0.0000
0.0000
0.8880
4.2040
0.0000
3.2440
0.0733
0.0000
0.0000
0.0000
0.0000
0.0000
0.0000
0.0000
0.0000
0.0000
0.0000
0.2289
0.0000
0.0000
0.0000
0.0000
0.7666
1.8730
0.0000
0.0000
0.0000
0.0000
0.0000
0.0000
0.0164
0.0000
1.5692
0.0000
0.0000
0.0000
0.0000
0.0000
0.0000
1.1266
0.0000
0.0000
0.0000
0.0000
0.0000
0.0000
0.0000
0.0000
0.0000
0.0000
0.0000
0.0000
0.0000
0.2677
0.0000
2.4762
0.0000
0.0000
2.0339
0.0000
0.0000
0.0000
2.9334
0.0000
0.0000
0.0000
0.0000
0.6209
1.6869
1.8952
0.0000
0.0000
0.0000
0.0000
0.0000
0.0000
0.0000
0.0000
1.6256
0.0000
0.0000
0.0000
0.0000
0.0000
1.7869
0.0000
0.0000
0.0000
0.0000
0.0000
2.4583
0.0000
0.0000
4.2729
1.2050
0.0000
2.0255
0.0000
0.0000
0.0000
0.0000
0.0000
0.0000
0.0000
1.2378
2.7369
0.0000
2.1641
0.4164
0.0000
3.1325
0.0000
0.0000
0.0000
0.0000
0.0000
0.0000
0.0000
3.0920
0.0000
0.0000
0.0000
0.0000
0.0000
0.0000
0.0000
0.0000
0.0000
0.0000
0.0000
0.0000
0.0000
0.0000
0.3642
1.8362
0.0000
0.0000
0.0000
0.0000
0.0000
0.0000
0.0000
5.2057
0.0000
0.0000
0.0000
0.0000
0.0000
0.5599
0.0000
0.0000
0.2611
0.0000
0.0000
0.0000
0.0000
0.0000
0.3800
0.0000
0.0000
0.0000
0.0000
0.0000
0.0000
0.5993
0.0000
0.0000
0.0000
0.0000
2.7667
0.0679
0.0000
0.0000
0.0000
0.0000
4.1195
0.0000
0.0000
0.0000
3.5961
1.3996
0.0000
0.0000
0.0000
0.0000
0.0000
0.0000
0.0000
3.1371
0.0000
0.0000
0.0000
3.4298
0.0000
0.4359
0.0000
0.0000
0.0000
0.0000
2.3961
0.0000
0.0000
0.0000
0.0000
3.4016
0.0000
0.0000
0.0000
1.0022
0.0000
0.0000
0.0000
0.0000
0.0000
0.0000
0.0000
0.0000
0.0000
1.1846
0.0000
5.9872
0.0000
0.0000
1.9080
0.0000
1.7031
0.0000
1.3931
0.0000
0.0000
3.4941
0.0000
0.0000
0.0000
0.0000
0.0000
0.0000
1.7575
0.0000
0.0000
0.0000
0.0000
0.0000
0.0000
0.0440
0.0000
0.0000
0.0000
2.8427
1.0013
0.0000
0.0000
0.0000
0.0000
3.2175
0.0000
0.0000
2.7006
2.7475
0.0000
0.0000
0.0873
0.0000
5.0440
0.0000
2.2494
0.0000
2.7394
0.0000
0.0000
0.0000
0.0000
0.0000
0.0000
0.0000
0.0000
0.4203
0.9575
1.2672
0.0000
0.0000
2.7379
0.0000
0.0000
0.0000
0.0000
0.0000
1.0557
0.0000
0.0000
0.9422
0.0000
0.0000
0.0000
3.0935
3.3386
0.0000
0.1974
0.0000
0.0000
1.5954
0.0000
1.5119
0.0000
0.0000
0.0000
0.0000
0.2622
0.2335
0.6792
0.0000
0.0000
0.0000
0.0000
0.0000
0.0000
0.0000
0.0000
0.0000
0.0000
0.0000
0.0000
0.0000
0.7449
0.0000
0.0000
0.0000
1.4330
0.4195
1.2690
0.0000
0.4962
0.7378
0.0000
0.0000
0.0000
0.0000
0.0000
0.0000
0.0000
0.0000
0.0000
0.0000
0.0000
0.8637
2.4740
0.8096
0.0000
0.0000
0.0738
0.0000
0.0000
0.0000
0.0000
0.0000
1.2086
0.3727
2.4957
0.0000
0.0000
0.0000
0.0000
0.0000
0.0000
0.0000
0.4480
1.3537
0.0000
0.0000
0.0135
0.0000
0.0000
4.0310
0.0000
0.0000
0.0000
0.0000
1.1416
0.0000
0.0000
0.0000
0.8852
0.0000
0.0000
0.6445
0.0000
1.3948
0.0000
0.0000
0.0000
2.6962
3.1911
0.0000
0.0000
0.0000
0.0000
0.0000
0.0000
0.0000
0.0000
0.0000
0.2907
0.0000
0.0000
0.0000
0.0000
0.0000
0.0000
0.0000
0.0000
0.0000
0.0000
0.0000
0.5819
0.0000
4.7182
0.0000
0.3676
0.0000
0.0000
0.0000
2.9951
0.0000
0.0000
0.0000
1.1832
0.0238
0.0000
2.0667
0.4214
0.0000
5.6781
0.5626
1.2668
0.0000
0.0000
2.1591
0.0000
0.0000
0.0000
0.0000
0.0000
0.0000
1.6834
2.1579
0.8706
0.1115
0.0000
0.0000
0.0000
0.0000
0.0000
1.7584
0.0000
0.0101
0.0000
0.0000
0.1592
0.0000
