0.0000
0.0000
0.0000
0.0000
1.6028
0.5911
0.0000
0.0000
0.0000
1.5983
1.3419
0.0000
0.0000
0.0000
0.0000
0.0000
0.0000
0.0000
0.0000
0.0000
0.0000
0.0000
3.1453
0.2409
0.0000
0.0599
0.0000
4.1189
0.0000
0.0000
0.0000
0.0000
1.1442
0.0000
3.4584
0.0000
0.0000
0.0000
0.0000
2.6383
0.0000
0.8941
0.0000
0.0000
0.0000
0.7394
0.0000
0.0000
0.1260
0.0000
0.0000
0.0000
0.0000
0.0000
0.0000
0.0000
0.3026
0.5453
0.0000
0.0000
0.0000
2.0511
0.0000
1.1371
0.0000
1.0108
0.0000
0.0000
0.0000
0.0000
0.0000
3.2609
0.0000
0.0000
0.0000
0.6968
0.0000
0.0000
0.0000
0.0000
3.5738
0.0000
0.0000
0.0000
0.0000
0.0000
0.4219
0.5173
0.5664
0.0000
0.8566
0.0000
0.0000
2.8285
0.0000
0.0000
0.0000
0.0000
2.5375
0.0000
1.5629
0.0000
0.0000
0.0000
0.0000
0.0000
0.0000
0.6336
0.6909
3.1976
0.0000
0.0000
1.0191
0.0000
0.0000
0.0000
1.0420
0.0000
0.0000
0.0000
2.6127
0.7934
2.3771
0.0000
0.0000
0.0000
0.0301
0.0000
0.0000
1.2532
0.0000
0.0000
0.0000
0.0000
3.4191
0.0000
1.3851
2.1081
0.0000
3.5569
3.8604
0.0000
1.6886
0.1762
0.7348
0.0000
0.0000
1.3229
1.2373
0.0000
0.7070
0.0876
0.1335
0.0000
0.0000
0.0000
0.0000
1.9419
0.0000
0.0000
2.4331
0.0000
0.0000
0.0000
0.0000
0.8339
0.0000
0.0000
0.0000
2.6921
0.0000
0.0000
0.0000
0.0000
0.3467
0.0000
0.0000
0.6918
0.0000
4.7640
1.8576
2.3588
0.0000
0.0000
0.0000
0.0000
1.0685
0.0000
0.0000
1.4755
0.0000
0.0000
0.0000
0.0000
0.5424
0.0000
0.0000
0.1564
3.0182
4.0470
0.0000
0.0000
0.0000
0.0000
0.0000
0.0000
0.0000
0.0000
0.0000
0.0000
0.0000
0.0000
0.0000
0.0000
0.0000
0.0000
0.0000
0.0000
0.0000
0.0000
0.0000
0.0000
0.0000
0.0000
0.7658
0.0000
0.1403
0.5806
0.0000
0.0000
0.0000
0.0000
0.0000
0.0000
1.8981
0.0000
0.2182
0.0000
1.5825
0.0000
0.0000
0.0000
0.0000
0.0000
0.0000
0.0000
0.0000
0.0000
0.0000
0.0000
0.0000
0.0000
0.0000
0.2842
0.0000
1.3779
0.0000
0.0000
0.0000
0.0000
0.0000
1.2790
0.0000
0.0000
0.0000
0.0000
2.8396
0.8983
0.0000
0.7902
3.1065
0.0000
0.0000
1.6376
0.0000
0.0000
0.5517
0.0000
0.7261
0.0000
0.9629
0.0341
2.6158
0.0000
0.0000
0.7504
0.0000
0.0000
0.0000
0.0000
0.0000
0.0000
0.0000
0.5528
3.0638
0.0000
0.6530
0.0000
0.0000
3.8388
0.0000
0.0000
0.0000
0.0000
1.3908
0.0000
0.0000
0.0000
0.0000
0.0000
0.0000
0.0000
0.0000
0.8006
0.0041
0.0000
0.0000
0.0000
0.0000
1.4728
0.1301
1.0561
0.0000
0.0000
0.0000
0.1800
0.0000
0.0000
0.0000
2.0572
0.0000
0.0000
0.0000
0.0140
0.0000
3.0239
2.3002
0.0000
0.0000
6.1683
0.0000
0.0000
0.0000
0.0000
0.0000
4.9009
0.0000
0.0000
0.0000
0.0000
0.0000
3.0475
0.0000
0.0000
2.1559
1.6413
0.0003
0.0000
0.5031
0.0000
0.0000
0.0000
0.0000
0.0000
0.0000
0.3478
0.0000
0.0581
0.7797
0.0000
0.0000
0.0000
0.0000
0.0000
0.0000
0.1380
0.0000
3.4511
0.0000
0.0000
3.5026
0.0000
0.0000
0.0000
0.0000
0.0000
1.3209
0.0000
0.0000
0.0000
1.3876
0.0000
0.0000
0.0000
0.0000
0.1585
0.0000
0.0000
0.0000
0.4277
0.0000
0.8580
0.0000
0.0000
0.0000
0.6777
0.0000
0.0000
3.4307
0.0000
0.0000
0.0000
0.0000
5.3269
0.3289
0.0000
0.0000
1.0666
0.0000
0.0000
0.0000
0.0000
1.4335
0.0000
0.0000
0.0000
0.6158
0.4733
0.0000
0.0000
0.0000
0.0000
0.0000
0.0000
0.0000
0.0000
0.7215
0.0000
0.5732
0.0000
2.1632
1.2956
0.1935
0.0000
4.3503
1.7491
0.0000
0.0000
0.3989
0.0000
0.0000
0.0000
0.0000
0.6229
0.0000
0.0611
0.0000
0.6928
0.0000
0.0000
0.9841
0.0000
0.5316
0.0000
0.9765
0.2505
0.0000
0.4984
0.0000
0.0000
0.0000
2.0710
0.0000
0.0000
0.0000
0.0000
1.7106
0.0000
0.0000
0.0000
0.0000
0.0000
0.0000
1.3255
0.6403
0.0000
0.0000
1.2524
0.0000
1.3421
0.0000
0.0000
0.0000
0.0000
0.1631
0.0000
0.0000
0.0000
0.0000
0.0000
0.0000
0.0000
0.9029
0.0000
1.2768
0.0000
0.0000
0.0000
0.0000
1.6689
0.0000
0.3935
0.0000
0.4291
0.0000
0.8151
0.0000
0.0000
5.8034
0.0000
0.0000
2.7137
0.0000
0.0000
0.0000
0.0000
0.3684
0.2799
0.0000
0.0000
0.4558
0.0831
2.2218
0.0000
0.2758
1.0588
0.0000
0.0000
0.0000
0.0000
0.0000
0.0000
0.0000
0.0000
0.0000
0.0000
0.0000
0.0000
0.5235
0.0000
0.0000
1.1980
0.0000
0.0000
0.0000
0.0000
0.0000
0.0000
0.0000
0.0000
1.5836
0.9382
0.0000
0.0000
0.2508
1.9777
0.0000
0.0000
0.0000
0.0000
0.0000
0.0000
0.0000
0.0000
0.0000
0.0000
0.0000
0.9784
0.0000
0.0782
0.0000
0.0000
0.0000
0.0000
0.0000
0.0000
0.0000
1.3584
0.0000
0.0000
0.0000
0.0000
0.0000
0.0000
0.0000
0.0000
0.0000
0.0000
2.4958
0.0000
0.0000
1.5018
0.0000
0.0000
0.0000
0.0000
2.6855
0.0000
0.1437
0.0000
0.0000
0.0000
0.0000
2.6038
0.0000
0.0000
0.1213
0.0000
0.3529
0.0000
2.6363
0.0000
0.1277
0.0000
0.0000
1.2255
0.0000
0.0000
0.0000
0.0000
0.0000
0.0000
0.0000
0.0000
1.8842
3.8413
0.0000
0.0889
0.0000
0.0000
0.0000
0.0000
0.0000
0.0000
0.0000
0.0000
0.0000
0.0000
2.1604
0.0000
0.0000
0.0000
3.0881
0.0000
0.0000
0.0000
0.8659
0.3477
0.0000
0.0000
0.0000
0.6287
1.9924
0.0000
0.0000
0.0000
0.9485
0.0000
0.0000
0.0000
0.0000
0.0000
0.0000
0.0000
0.0000
0.0000
0.0000
0.0000
0.0000
0.0000
0.0000
0.8063
0.0000
0.0000
0.0000
0.9072
0.0000
0.0000
0.0000
1.8739
0.0000
0.0000
1.4672
0.0000
0.0000
0.0000
0.0000
0.0000
0.4772
0.0000
1.4897
0.0000
0.0000
1.7620
0.0000
0.5289
0.0000
0.0000
0.0116
0.1413
0.0000
3.3267
0.0000
0.0000
0.0000
0.0000
0.0000
0.0000
0.0000
0.0000
0.0000
0.0000
2.4104
0.0000
0.0000
0.0000
0.5420
0.0000
0.8760
0.3282
0.0000
0.0000
0.0000
0.8518
0.0000
0.0000
0.0000
0.0238
0.0000
3.1915
1.3130
0.0000
0.0000
1.0292
0.0000
0.0000
0.0000
0.0000
0.3272
0.0000
0.0000
0.0000
0.0000
0.0000
0.0000
0.0000
0.0000
0.0000
0.0000
0.0000
3.2751
0.0000
1.2828
1.0430
0.0000
2.2646
0.0000
0.0000
0.0000
0.0000
0.0000
0.3019
0.0000
0.0000
0.0000
0.0000
0.0000
0.0000
1.7817
0.0000
0.0000
0.0000
0.0000
0.0000
0.0000
0.0000
0.0000
0.0000
0.0000
0.0000
0.0000
0.0000
0.0000
0.0000
0.2455
0.0000
0.0000
0.0000
0.0000
0.0000
0.0000
0.0000
2.9596
0.0000
0.0000
0.0000
0.0000
0.0000
0.0000
0.0000
1.0649
0.0000
0.0000
0.0989
0.0000
0.0000
1.7879
0.0000
0.0633
0.2460
0.0000
0.0000
1.0082
0.0000
0.0000
0.0000
0.0000
0.0000
0.0000
0.0000
0.7364
0.0000
0.0000
0.0000
0.0000
0.0000
0.0000
0.0000
0.0000
0.0000
0.0000
0.0000
0.0000
0.0000
0.0000
0.0000
0.0000
0.0000
0.4217
0.0000
0.0000
1.0926
0.0000
0.0000
0.0000
0.0000
0.0000
0.0000
0.0000
0.0000
0.7425
0.0000
0.0000
1.0396
0.2072
0.0000
0.0000
0.0000
0.0000
0.0000
0.0000
0.0000
1.1956
0.9774
0.0000
0.0000
0.0000
2.4211
0.6209
0.0000
0.0000
0.0000
0.0000
0.0000
0.0000
0.0000
0.0000
0.0000
0.0000
0.0000
1.5534
0.0000
0.1517
0.0000
0.0000
0.0000
0.0000
1.1257
0.0000
0.0000
0.0000
0.0000
0.0000
0.0000
0.0000
0.0000
0.0000
0.0000
0.0000
1.2088
0.0000
0.0000
3.1060
0.0000
0.0000
0.0000
0.0000
0.0000
0.0000
0.0000
0.0000
0.4317
1.8791
0.0000
0.0000
2.5573
1.1972
0.0000
0.0000
0.0000
0.0000
0.0000
0.0000
0.0000
0.0000
0.0000
0.0000
0.0000
0.0000
0.0000
0.0315
0.0000
0.0000
0.0000
1.2867
1.1221
0.0000
1.3393
0.0000
4.0051
0.0000
0.0513
0.0000
0.0000
0.0000
0.0000
1.5729
0.0000
0.0000
0.0000
0.0000
1.5175
0.0000
0.0000
0.0000
0.0000
0.0000
0.0000
3.1824
0.0000
1.0870
0.0000
0.6558
0.0000
0.0000
0.0000
1.5489
0.0000
0.0000
0.0000
0.0000
0.1376
0.0000
0.8648
1.3932
0.0000
4.7148
0.0000
0.0000
0.0000
1.3090
0.0000
0.0000
0.0000
0.0000
0.0000
0.0000
0.0000
0.0000
3.8725
0.0000
0.0000
0.0000
0.0000
0.0000
0.0000
0.0000
0.0000
0.0000
3.5477
0.0000
0.8652
0.0000
1.8463
0.0000
0.0000
0.0000
2.6312
0.0000
1.8095
0.0000
0.3352
0.0000
0.0000
0.0000
0.0000
1.9016
0.0000
0.0000
0.0000
0.0000
0.0000
1.5294
0.0000
1.9025
0.0000
1.1818
0.0000
2.1513
0.0000
0.0000
1.4420
0.0000
0.0000
0.0000
0.0000
2.4800
0.0000
0.0000
0.0000
0.0000
0.0000
0.0000
0.0000
0.0000
0.0000
0.0000
0.0000
0.0000
0.0000
4.1026
0.0000
0.6706
0.0000
0.4743
0.9827
0.0000
0.3955
0.0000
0.0000
0.8727
0.0000
0.0000
0.0000
0.0000
0.0000
0.7897
0.0000
0.0000
0.0000
0.0000
0.0000
0.0000
0.0000
0.0000
0.0000
0.0000
0.2819
0.0000
0.0000
0.4995
0.9513
0.0000
0.0000
0.0598
0.0000
0.0000
0.0000
0.0000
0.0000
0.0000
0.0000
0.0000
2.0797
0.0000
0.0000
0.0000
0.0000
0.0000
0.0000
0.0000
0.9037
0.0000
0.0000
0.0652
0.0000
1.8177
0.0000
0.0000
0.0000
0.0000
0.0608
0.0000
0.0000
0.0000
0.0000
0.0000
0.0000
0.0000
0.0000
0.0000
0.0000
0.0000
0.2471
0.0000
0.0000
0.0000
0.0000
0.0000
0.0000
1.0360
0.0000
0.0000
0.0000
2.1167
1.2190
1.8928
0.0000
0.0000
0.0000
0.0000
0.1464
0.4661
0.0000
0.0000
0.0000
0.0000
0.0000
0.0000
0.2020
0.0000
0.0000
0.0000
0.0000
0.0000
0.0000
1.7997
0.0000
0.0000
0.0782
2.3412
0.0000
0.0000
0.4102
2.3733
2.4440
0.0000
0.0000
0.0000
0.0000
0.0000
1.9980
0.0000
0.0000
0.0000
0.0000
0.0000
0.3843
1.5856
0.0000
0.8641
0.0000
0.0000
0.0000
0.9847
0.0000
0.0000
0.0000
0.0000
0.0000
1.7646
2.1669
0.0000
0.0000
1.7290
0.0000
0.0000
0.0000
0.0000
0.0000
2.7627
0.0000
2.7664
0.0000
0.0000
0.0000
0.0000
0.2891
0.0000
0.0000
0.0000
0.0000
0.0000
2.4594
0.0000
0.0000
0.0000
0.0000
0.1971
0.0000
0.0000
0.0000
1.3286
0.0000
0.0000
0.0000
0.8818
0.0000
0.0000
0.0000
0.0000
0.0000
0.0000
0.2510
0.0022
0.0000
0.0000
0.1232
1.9076
1.0850
0.0000
0.0000
2.4589
0.0000
0.6968
0.0000
0.0000
3.3647
0.0000
0.0000
0.0000
0.0000
0.0000
2.1681
0.0000
0.0000
0.0000
0.0000
0.0000
0.0000
0.0000
1.3892
2.8778
0.0000
0.0000
0.0000
1.8446
0.0000
0.0000
0.4391
0.0000
0.0000
0.1731
0.0000
0.0000
0.0000
2.1130
0.0000
0.0000
0.0812
0.0000
0.2581
2.9198
0.0000
0.0000
0.0000
0.0000
0.0000
0.0000
0.0000
0.0000
0.0000
1.9031
0.0000
0.0000
0.6066
0.0000
0.0000
0.0000
0.0000
0.0000
0.0000
0.0000
0.0000
0.0000
0.0000
0.0000
0.0000
0.0000
0.0000
0.0000
0.5703
0.0000
0.0000
0.5042
0.5968
0.0000
0.7710
0.0000
0.0000
0.0000
0.0000
0.0000
0.0000
0.0000
0.8988
0.0000
0.6259
0.0000
0.0820
0.0000
0.0000
0.0000
0.0000
0.0000
0.0000
0.0000
0.0000
0.0000
0.0000
0.0000
0.0000
0.0000
0.0000
0.0000
0.0000
0.0000
0.0270
0.0000
1.4403
0.0000
0.0000
0.1232
0.0000
0.0000
0.0000
0.0000
0.0000
1.2889
2.6916
0.0000
0.6939
0.0000
0.0000
0.0000
0.0000
0.0000
0.0000
0.0000
0.0000
0.0000
0.0000
0.9738
2.2646
1.8174
0.0000
0.0000
0.4578
0.0000
0.0515
1.0377
0.0000
3.1815
0.0000
0.0000
0.9001
0.1544
2.3335
1.2320
2.9261
1.6052
0.0473
0.0000
0.0000
0.0000
0.0000
0.0000
0.7723
0.0000
0.0000
1.3008
0.0000
0.0000
0.0000
0.0000
0.0000
0.0000
1.5677
0.3752
0.0000
0.0000
1.4526
0.0000
0.0000
0.0000
0.0000
0.0000
2.8103
0.0000
0.0000
2.1572
0.5581
0.0000
0.0000
0.0000
0.0000
0.0000
0.0000
0.0000
0.0000
0.0000
0.0000
0.0000
0.0000
0.1151
0.0000
0.0000
0.9461
0.0000
2.7877
0.0000
0.6861
0.0000
0.0000
0.0000
0.0000
0.0000
0.0000
0.0000
0.0000
0.9216
0.0000
4.1097
2.5758
0.0000
0.0000
0.0000
0.0000
0.0000
0.0000
0.0000
0.0000
0.0000
0.0000
1.2968
0.0000
2.0617
0.0000
1.1196
0.0000
0.0000
0.0000
0.0751
0.0000
0.0000
1.8681
4.0201
2.3219
0.0000
0.0000
0.0000
0.0000
0.0000
0.0000
0.0000
0.2636
0.0000
0.0000
0.0000
0.0000
0.0000
0.0000
0.0000
1.4024
0.0000
0.2899
0.0000
0.0000
0.0000
0.0000
0.0000
0.0000
4.2036
0.7927
0.0000
0.0000
0.5498
0.0000
0.0000
1.0189
1.5586
1.3210
0.0000
0.0000
0.0000
0.1131
0.0000
0.0000
0.0000
0.0000
0.0000
0.2185
0.0000
0.0000
0.0000
0.0000
0.0000
0.5891
0.0000
0.0000
0.0000
0.0000
0.0000
0.0000
0.0000
0.0000
0.0000
0.0000
0.0000
0.0000
0.0000
2.0268
0.0000
0.0000
0.0000
0.0000
2.4819
0.0000
0.3906
0.0000
0.0000
1.7091
0.0000
1.0502
0.0000
0.0000
0.1590
0.8533
0.5072
1.5821
0.0000
0.0000
0.0000
0.0000
0.0000
5.0570
0.0000
0.0000
0.0000
0.0000
0.0000
0.0000
0.0000
0.0000
0.0000
0.0000
1.5906
0.0000
0.0000
0.0000
0.3529
0.0000
0.3149
0.0000
1.7963
0.0000
0.0000
0.0000
0.0000
2.2822
0.0000
0.0000
0.5821
0.4894
0.0000
1.7086
0.0000
0.0000
0.3166
0.0000
0.0000
0.0000
0.0000
0.0000
0.0000
2.0558
0.0000
0.0000
0.0000
0.7923
1.0618
1.3893
4.1624
0.6989
0.0000
0.0000
0.0000
0.0000
0.0000
0.0000
0.0000
2.0696
1.1042
0.0000
0.0000
0.0000
0.0000
0.0000
0.0000
0.0000
0.0000
0.0000
0.0000
0.0000
0.0000
0.0000
1.7627
0.0000
2.2655
0.0000
0.0000
0.0000
0.0000
1.0618
0.1425
0.0000
0.9573
0.8969
2.4095
1.5491
2.0019
0.0000
0.0000
0.0000
0.0000
0.0000
0.0000
0.0000
0.0000
0.0000
0.0000
0.0000
0.0000
0.0000
1.2346
0.0000
1.8397
0.0000
0.0000
0.0000
0.0000
0.0000
0.0000
0.0000
0.0000
0.0233
0.0000
0.0000
1.8870
0.0000
0.0000
0.0000
0.0000
0.0000
0.0000
0.0000
0.0000
0.0000
0.1950
0.0000
0.0000
0.7274
0.0000
1.3592
0.0000
0.2367
0.0000
1.0613
0.0000
3.3613
0.0000
0.0000
0.0000
0.0000
0.0000
0.5415
2.8842
1.0978
0.0000
0.6060
0.4188
2.0655
0.0000
2.8437
0.0000
0.0000
0.9785
0.0000
0.0000
0.0000
0.0000
0.0000
0.0000
0.0000
2.2593
1.3167
0.0000
2.0777
0.0000
0.0000
0.0000
0.0000
0.0000
0.0000
0.0000
4.7963
0.0000
0.5068
2.5098
0.0000
0.0000
1.6555
0.0000
0.0000
0.0424
2.2599
0.0000
0.0000
0.7501
0.0000
0.7206
1.5312
0.0000
3.6063
0.0000
0.1156
0.9032
0.0000
0.0000
0.3517
0.0000
0.0000
0.1838
0.3197
1.9579
0.0000
0.0000
2.0886
0.0000
3.4366
0.0000
0.0000
0.0000
0.0000
0.0000
0.0000
0.0000
1.3991
0.0000
0.0000
0.5174
0.0000
3.7562
0.0000
0.0000
0.0000
0.0000
0.0000
0.0000
0.0000
0.0000
0.8132
0.0000
0.0000
1.3600
0.0000
0.0000
3.0727
0.0000
0.0000
0.0000
0.0000
0.0000
0.0000
0.0000
0.0000
0.0000
0.0000
0.0000
0.0000
0.0000
1.2954
0.1939
0.0000
0.0000
0.0000
1.2053
0.0000
3.5073
1.3758
0.3096
0.0000
0.0000
0.0000
0.0000
0.0000
0.0000
0.9882
0.0000
0.2392
0.0235
0.0000
0.0000
0.0000
0.9644
0.0000
0.0000
0.0000
0.0000
0.0000
0.7036
0.0000
1.8741
0.0000
0.0000
0.1044
0.0000
0.0000
0.1686
0.0000
0.9120
0.0000
0.0000
0.0000
0.0000
0.0000
0.0000
0.0000
0.0000
0.0000
0.0000
0.0000
0.0000
1.6592
0.0000
0.0000
0.0000
0.0000
1.1056
0.0000
1.5947
0.0000
0.3960
0.0000
0.0000
0.0000
0.0000
0.0000
0.0000
0.0000
0.0000
2.7692
0.0000
0.0000
0.0000
0.0000
0.0000
1.0967
0.0000
0.0000
0.0000
0.0000
0.0000
0.0000
0.0000
0.3957
0.0000
0.2148
0.0000
0.0000
0.0000
0.0000
0.2880
0.0000
0.0000
0.1911
0.0000
0.0000
1.0059
0.3040
1.2862
1.4459
0.0000
0.0000
0.8280
0.0000
0.2908
0.0000
4.6396
0.0000
0.4322
0.0000
0.0000
0.0000
0.0000
0.0000
0.2877
0.0000
0.2578
0.0000
0.0000
2.0164
0.0000
0.0000
0.0000
0.0000
0.0000
0.0000
0.0000
1.4819
0.0000
0.0000
2.5658
3.0230
0.9048
0.0000
0.7708
0.0000
0.0000
1.0106
0.0000
0.0000
2.8074
0.0000
0.0000
2.1942
1.9793
0.0000
0.0000
0.3662
0.0000
0.0000
0.5928
0.0000
1.2652
0.0000
0.0000
0.0000
0.0000
1.6854
0.2636
0.1262
0.0000
0.0000
0.0000
2.9339
0.0000
0.3548
3.2130
0.0000
0.0000
0.0000
1.2252
0.0000
0.0000
0.0000
3.1294
1.3499
0.0000
0.0000
0.0000
0.0000
0.0000
0.7499
0.2909
0.0000
0.0000
0.8654
0.0000
1.3252
0.7981
0.9722
0.0089
0.0000
0.0000
0.0000
2.0562
0.0000
0.0000
0.0000
0.0000
0.0000
0.0000
0.0000
0.0000
0.0000
0.0000
0.0000
0.0000
0.0000
0.0000
0.0000
0.0000
2.2648
0.0000
0.0666
0.1312
0.0000
0.0000
0.0000
0.0000
2.5448
0.0000
0.0000
0.0024
0.6725
0.0000
0.0000
1.9019
0.3756
0.0000
0.0000
0.0000
0.0000
0.0000
0.0000
0.0000
0.0000
0.0000
0.0000
3.9825
0.0000
0.5893
0.0000
0.0000
0.0000
0.0000
0.0000
1.2638
0.0000
0.0000
0.0000
0.0000
0.0000
0.0000
0.0000
0.0000
0.0000
0.0000
0.0000
0.0000
0.4764
0.0000
0.4531
0.4703
0.0000
1.3750
0.0000
0.0000
0.0000
0.0000
0.0000
0.0000
0.0000
0.0000
0.0000
0.2064
2.4069
0.0000
3.0438
0.0000
0.9043
1.0759
0.0000
0.0000
0.0000
0.0000
0.0000
0.0000
0.0000
0.0000
1.6365
0.0000
3.3763
0.0000
0.0066
0.0000
0.0000
0.0000
2.3738
0.0000
0.0000
2.1378
0.0000
0.8924
0.0000
0.0000
0.0000
0.0000
1.5038
0.0000
0.0000
0.0000
0.0000
0.0000
0.0000
0.0000
0.0000
0.1040
0.0000
0.0000
0.0000
0.0000
0.0000
0.0000
1.5156
1.7946
1.9924
1.2187
0.4831
0.0000
0.2363
0.0000
0.0000
0.0000
0.0000
0.0000
2.8126
0.0000
0.0000
0.0000
0.4896
0.0000
0.0000
0.0000
0.0000
0.0000
0.0000
0.0000
0.0000
0.0000
0.0000
0.0000
0.0000
3.7974
0.2957
0.0000
0.3287
0.0000
0.0000
0.0000
0.0000
0.0000
0.0000
0.0548
0.6089
0.0000
0.0000
1.0911
0.2477
0.0000
0.0000
0.0000
0.0000
0.0000
0.0000
0.0000
0.0000
0.0000
0.0000
0.0000
0.0000
0.0000
0.0000
0.0000
0.0000
0.0000
0.3619
2.2899
0.0000
0.0000
0.0803
1.2899
0.0000
0.0000
0.0000
2.3417
0.0000
0.0000
0.3640
0.0000
0.0000
0.0000
0.4527
1.6448
0.0000
0.0000
0.3084
0.0000
2.3666
0.0000
0.0000
0.0000
0.3261
0.0000
1.6256
2.8586
0.0000
1.1255
0.0000
0.0000
0.0404
0.0929
0.0000
0.0000
0.0000
0.8170
0.0000
0.0000
0.0000
0.0000
0.0000
0.0000
0.0000
0.0000
0.0000
0.0000
0.0000
0.6724
0.0000
0.0000
0.0000
0.0000
0.0000
0.0000
0.0000
0.0000
2.4076
0.0000
0.0000
0.3349
1.6748
1.5198
0.5636
0.0000
1.1945
0.0000
0.0000
0.0000
0.0000
0.0000
0.0000
0.0965
0.2470
0.0000
0.1164
0.0000
0.0000
0.0000
1.9066
0.0000
0.0736
0.0000
0.0000
0.0000
1.0799
0.0000
0.3870
0.0000
0.0000
0.1069
1.5998
0.5727
0.0000
0.0000
0.0000
1.2993
0.0000
0.0000
0.4910
2.0093
0.0000
0.0000
0.0000
0.0615
1.4732
0.0000
0.0000
0.0000
0.0000
1.4951
6.3192
0.0000
0.0000
0.0384
0.0000
0.0000
0.0000
0.0000
0.0000
0.0000
0.0000
0.0000
0.0000
0.0000
0.0000
0.0000
0.0000
0.0000
0.0000
0.0000
0.0000
0.0000
0.0000
0.0000
0.0666
0.1041
0.0000
0.8713
0.0000
0.0000
0.0000
0.0000
0.0000
1.8924
0.0000
0.0000
0.0000
2.6364
0.0000
2.2549
0.0000
1.2756
0.0000
0.0000
0.8773
0.0000
0.0000
0.0000
0.0000
0.0000
0.0000
0.1526
0.0000
3.2969
0.0000
0.0000
0.0000
2.5969
0.0000
0.0000
0.0000
0.6009
0.0000
0.0000
0.0000
1.2350
0.0000
0.0000
0.7025
0.0000
0.0000
0.2751
0.0000
0.0000
0.0000
0.0000
0.5241
0.0000
0.0000
0.0000
0.0000
0.0138
0.0000
0.0000
3.8901
0.0000
0.0000
2.1804
0.0000
0.0000
0.0000
0.0000
0.0000
0.0000
0.0000
0.0000
0.0000
2.2040
1.8200
0.0000
1.9375
0.0000
0.0000
0.0000
0.0000
0.0000
0.0000
0.0000
0.0000
0.9922
0.0000
0.0000
0.0000
0.0000
0.0000
0.2924
2.6721
0.0000
0.9078
0.0000
0.0000
0.0000
0.4047
0.0000
0.0000
0.0000
2.0532
0.0000
0.0000
0.0000
0.0000
0.0000
0.9981
0.0000
0.0000
5.2772
0.6334
0.0000
0.6535
0.0000
1.6596
0.6864
0.5192
0.0000
0.0000
0.0000
0.0000
0.0000
0.0000
0.0000
0.0000
0.0000
0.0000
0.0000
0.0000
0.0000
0.0000
0.0000
0.2440
0.9151
0.0000
0.0000
0.0000
0.0000
2.2522
0.0000
0.0000
0.0000
0.0000
2.1532
0.0000
0.0000
0.0000
2.7852
0.0000
0.0000
0.0000
0.0000
1.7677
0.8899
0.5942
1.2388
0.0000
0.0000
0.0000
0.0000
0.0000
0.0000
0.0000
0.0000
0.0000
0.3327
0.0000
0.0000
0.0000
0.0000
0.0000
0.0000
0.0000
0.0000
0.0000
0.0000
0.3414
0.0000
0.0000
0.0000
0.0000
0.0000
1.1038
0.0000
0.0000
0.0000
0.0000
0.0000
0.0000
1.1994
0.0000
0.0000
0.0000
0.0000
1.7340
0.0000
0.4453
0.7909
0.0000
0.0000
0.0000
0.1662
1.8849
0.0000
0.0000
0.0000
0.0000
0.0000
0.0000
0.0000
0.0000
0.5019
2.7995
0.0000
0.0000
1.4496
0.0000
4.0633
0.0000
0.0000
0.0000
0.0000
0.0000
0.0000
0.3522
1.4896
1.9066
0.0000
4.8734
0.2453
0.0000
0.0000
0.0000
0.0058
0.0000
3.0320
0.0000
0.4179
0.0000
0.0000
0.0000
1.9802
0.0000
0.0000
1.5369
0.0000
0.0000
0.0000
2.6818
0.0000
0.0000
0.0000
2.4324
0.0000
0.0000
0.0000
0.0000
0.9957
0.7242
0.0000
0.0000
0.0000
0.0000
0.0000
0.0000
2.2169
0.0000
5.2205
0.0000
1.3865
3.6366
2.0600
0.0000
0.0000
0.0000
0.0000
0.0000
0.0000
0.0000
2.8590
2.0092
0.0000
0.0000
0.0000
0.0000
0.4666
0.0000
0.0000
4.7385
0.0000
0.0000
0.0000
0.0000
0.0317
1.6173
2.6208
0.0000
0.0000
0.0000
0.0000
0.9008
0.0000
0.0000
2.7551
0.0000
1.7673
0.2151
0.0000
0.0000
2.7865
0.0000
0.0000
0.0000
0.0000
0.0000
0.9923
0.0000
0.0000
0.0000
2.9755
0.0000
0.1607
0.0000
0.2634
0.0000
0.0000
0.1234
0.0000
0.0000
0.0000
0.0251
0.0000
0.0000
0.0000
0.0000
0.0000
0.3288
0.2718
0.0000
0.0000
0.6278
0.0000
0.0000
0.0000
2.6285
0.0540
0.0000
1.2195
0.0000
0.0000
0.9156
0.0000
0.0000
0.0000
0.0000
0.0736
0.0000
0.0000
0.0000
0.0000
4.3270
0.0000
0.0000
1.0699
0.0000
0.0000
0.0000
1.0427
0.0000
0.0000
0.0000
0.0000
0.6114
0.5932
0.0000
0.0000
0.8145
1.9051
0.0000
2.3581
2.1995
0.0000
0.0000
0.9628
0.0000
0.0000
0.0000
2.3178
0.0000
1.5411
0.0000
0.0000
1.4493
0.0000
0.0000
0.0000
0.0000
0.0000
0.2261
0.3884
0.7816
0.0000
0.0000
2.6642
0.0000
0.5813
0.0000
0.0000
0.0000
0.2305
0.0000
0.1124
0.0000
1.1363
0.0000
0.0000
0.3637
0.0000
0.0000
0.0000
0.0000
0.0000
0.0000
0.9729
0.4776
2.5814
0.0000
0.4509
0.0000
0.0000
0.0000
0.0000
0.0000
1.2831
0.0000
0.0000
0.0000
0.0000
0.0000
0.0000
3.2052
3.0247
0.0000
0.0000
0.0000
0.1973
3.1024
0.0000
0.0000
0.0000
0.0000
0.0000
0.0000
0.0000
0.0000
0.0000
0.0000
0.0000
1.5121
0.0000
2.0848
0.0000
0.0000
1.2801
0.0000
0.0000
2.8189
0.0000
0.0000
0.0000
0.0000
1.9541
0.0000
0.0000
0.0000
1.2726
0.0000
0.3547
1.2099
1.4754
0.0000
0.0000
2.6551
2.3013
0.0000
0.0000
0.0000
0.0000
0.0000
0.1118
0.0000
1.5689
0.0000
0.0000
5.2759
0.0000
0.9970
0.0000
0.0430
0.0000
0.0000
0.0000
0.0000
0.0000
0.0000
2.2528
0.0000
0.0000
0.0529
0.6795
1.9810
0.0000
1.0378
0.0000
0.6533
0.0000
0.1372
0.0000
0.0000
0.0000
0.0000
0.0000
0.0000
0.0000
0.0000
0.0000
0.0000
1.3355
0.0000
0.0000
0.0000
0.0000
0.0000
0.0000
0.0000
0.8466
0.0000
0.0000
0.0000
0.0000
0.0000
0.0000
0.0000
0.0000
1.1908
0.0000
1.5071
0.0000
0.0000
1.5659
0.0000
0.0000
0.0000
0.0000
0.0000
0.0000
0.0000
0.0000
0.0000
0.0000
0.0000
1.4068
0.2292
0.0000
0.0000
0.1634
0.0000
1.6057
0.0000
0.0000
0.0000
0.0000
0.0000
0.0469
0.0000
0.0000
0.0000
0.0000
0.0000
0.0000
0.0000
0.0000
0.0000
0.0000
0.0000
0.0000
0.0000
0.0000
1.3635
0.0000
0.4798
1.5636
0.0000
3.5068
0.0000
1.7168
0.1997
1.7307
0.0000
0.7963
0.0000
0.0000
0.9299
0.7762
0.0000
0.0000
0.0000
0.0000
0.0000
0.0000
0.0000
2.3296
0.0000
1.8388
0.0000
2.6203
2.0650
0.0000
1.4161
3.6381
0.6716
0.0000
0.0000
0.0000
0.0122
0.0000
3.1728
0.0000
0.0000
0.0000
0.0000
0.9208
0.0000
0.0000
0.2371
0.0000
0.2396
2.4269
0.0000
0.1620
0.0000
0.7763
0.0000
0.0000
2.1476
0.0000
0.0000
0.0000
0.0000
0.0000
2.2130
0.0000
0.5924
0.0000
0.0000
0.4656
0.0000
0.0000
0.0000
0.0000
1.1325
0.0162
0.0000
0.0000
0.0000
0.0000
1.9988
0.0650
0.0000
0.0000
0.0862
0.0000
2.1407
0.0000
0.0000
0.0000
0.0000
0.0000
0.0000
0.0000
0.0000
0.0000
1.9965
0.0000
0.0000
0.6402
0.0000
0.0000
0.3274
0.6653
0.0000
0.0000
0.0000
3.3846
0.0000
0.0000
0.0000
0.0000
0.0000
1.4654
0.8671
0.7724
0.0000
0.0718
0.0000
0.0000
0.0000
0.0000
0.0000
0.0000
0.0000
0.0000
0.0000
0.2679
0.0000
0.0000
0.1472
0.0000
0.0246
0.0000
0.0000
0.0000
0.0000
0.8300
0.0000
0.0000
0.0000
1.1192
0.5080
0.0000
0.0000
4.9324
0.0000
0.9530
1.0209
0.5335
0.0000
0.0000
0.0000
0.0000
0.0000
0.0000
0.0000
0.0000
0.7657
0.0000
0.0000
0.0000
0.0000
0.0000
0.0000
0.0000
0.0000
0.0000
0.0000
0.0000
0.0000
0.0000
2.3978
0.0000
0.0000
0.0000
3.8380
0.0000
1.4563
0.0000
0.0000
0.0000
0.0000
0.0000
0.0000
0.0000
0.0000
0.0000
0.0000
1.3204
0.0000
0.0000
0.0000
0.0000
0.0000
0.0000
0.0000
0.0000
0.0000
0.0000
0.0000
0.0000
0.0000
0.0000
0.0000
0.5348
0.0000
0.0000
0.0000
0.0000
0.0000
1.5731
0.0000
0.2333
1.9349
0.0000
0.4865
0.0000
0.0000
0.0000
0.0000
0.0000
0.0000
0.0000
0.0000
3.4843
0.0000
0.3388
0.0000
0.0000
0.0000
0.5591
1.8479
0.0000
0.0000
0.0000
0.7286
0.0000
3.2207
0.0000
2.4383
0.0000
0.0000
0.0000
0.0000
0.3888
0.0434
3.4001
0.0000
0.0000
0.0000
0.0000
0.0000
0.1869
0.0000
0.0000
0.0000
0.0000
0.0000
0.0000
0.0000
0.5623
1.5106
0.0000
1.6896
0.0000
0.5693
0.5652
0.0000
0.0000
0.4350
0.0000
0.0000
0.0000
0.6570
0.0000
2.5818
0.0000
0.0000
0.0000
0.0000
0.0000
2.0955
0.4425
0.0000
0.0000
0.0000
0.0000
0.2281
0.0000
0.0000
0.0000
0.0000
0.0000
1.3083
0.0000
0.0000
0.0000
0.4569
0.0000
0.0000
0.0000
0.0000
0.0000
1.3573
0.0000
0.0000
0.0000
0.0000
0.0000
0.0000
1.6358
0.0000
0.0000
0.0000
0.5102
0.8241
0.0000
0.1546
0.0000
0.0000
0.0000
0.0000
2.7770
0.0000
0.0000
0.0000
0.0000
0.9540
0.0000
0.0000
0.0000
0.0000
0.0000
0.0000
0.0000
0.0000
0.2700
0.0000
1.5032
0.8317
0.0000
0.0000
4.8752
0.0000
0.0000
0.0000
0.0000
0.0000
0.0000
0.0000
1.2809
0.0000
0.0000
0.0000
0.4076
1.1597
0.1289
0.0000
0.0000
0.0000
0.0000
0.0000
0.0000
1.4323
0.0000
0.2694
2.6946
0.0000
0.0000
0.0000
0.0000
1.5123
0.9948
0.0000
0.0000
0.9427
1.8294
2.2044
0.0000
0.0000
0.0000
0.0000
0.0000
0.0000
0.0000
1.6722
0.7130
0.0000
0.0000
0.1481
0.0000
2.2379
0.0000
1.2811
0.0000
0.0000
2.4192
0.0000
0.0000
1.0381
0.9090
0.0000
0.0000
2.1754
0.0000
0.0000
0.0000
0.0000
0.4846
0.0000
1.1038
2.4108
0.0000
0.0000
0.9648
0.0000
1.1661
1.5472
0.0000
0.0000
0.0000
0.0000
0.0000
0.5384
2.8641
0.1753
0.0000
0.0000
0.0000
0.0000
0.0000
0.0000
1.2885
0.0000
0.2279
0.0000
0.0000
0.0000
0.0000
5.3943
0.0000
0.0000
0.0000
0.2329
3.3540
0.9024
0.0000
0.0000
0.0000
0.0000
0.0000
2.7040
0.0000
0.0000
3.7384
0.0000
0.0000
0.0000
0.0000
1.5234
0.3555
0.0000
0.0000
0.0000
0.0000
1.7603
0.2741
0.0000
0.0000
0.0000
0.0000
0.0000
0.0000
4.1340
0.3066
0.2714
0.0972
0.3529
1.7038
0.0000
0.0000
0.0000
0.0000
0.0000
0.0000
3.7033
0.0000
0.0000
0.0000
0.0000
0.0000
0.0000
0.0000
1.5837
0.0000
0.0000
0.2361
0.0000
0.0000
0.0000
0.0000
2.2764
4.8621
0.0000
0.0000
0.0000
0.0000
0.5174
0.0000
0.0000
0.7062
0.0000
0.0000
1.7125
0.0000
2.1722
3.2141
0.4913
0.0000
0.0000
0.0000
0.0000
2.5855
1.8293
0.0000
0.0000
0.0000
0.0000
0.0000
0.0000
0.0000
4.3676
0.0000
0.1098
0.0000
0.0000
0.0000
0.0000
0.9639
0.0000
0.0000
1.2108
1.6462
0.0000
0.0000
0.0000
0.0000
3.8205
0.0000
0.2795
0.0000
0.0000
0.0000
0.0749
0.0000
0.0000
0.0000
0.0000
1.4707
0.0000
0.0000
0.2607
0.0000
0.0000
0.0000
0.0000
0.0000
0.2013
0.0000
2.0580
2.4154
0.4749
0.0000
0.0000
0.0000
0.9490
0.0000
0.0000
0.0000
0.0000
0.3603
0.0000
1.0747
0.0000
0.0000
0.0000
1.0106
0.0000
0.0000
0.0000
0.0000
0.0000
0.0000
1.3507
1.0545
0.0000
0.0000
0.0000
5.5812
0.0000
0.0000
0.0000
0.0000
0.0000
0.8837
0.0000
0.0000
0.0000
0.0000
0.0000
0.0000
0.0000
0.8178
1.6489
0.0000
0.1258
0.0000
0.0000
0.0000
0.0000
1.5233
0.0000
0.0000
0.0000
0.9289
0.0000
0.0000
0.0000
0.0000
0.0000
0.0000
2.1703
0.0000
0.0000
0.0000
0.0000
0.0000
0.2620
0.0000
0.0000
3.4462
0.0000
1.7334
4.2942
2.2285
0.0000
0.0000
0.0628
0.0000
1.4660
0.0000
0.0000
0.0000
0.0000
0.0000
0.2944
1.6772
0.0000
0.0000
1.7699
0.0000
0.0000
2.5180
0.0000
0.0000
0.0000
0.0000
2.5585
0.0000
0.3030
0.0000
0.0000
0.0000
0.7305
2.9670
0.0000
0.0000
0.0000
0.7217
0.0000
0.0000
0.6016
0.0000
0.0000
0.0000
0.4707
2.2726
0.0000
0.0000
0.0000
0.9016
0.0000
1.6689
0.0000
0.0000
1.1145
0.0000
0.0000
0.0000
0.0000
0.0000
1.1774
0.0000
0.0000
0.0000
0.0000
1.2553
0.0000
4.4448
0.0000
0.0000
0.0000
0.0000
0.0000
0.0000
0.0000
0.0000
0.0000
1.3214
0.0000
1.7091
0.0000
0.0000
0.0000
0.0000
0.0000
3.0615
0.0000
0.0000
0.0000
0.0000
0.0000
0.0000
0.0000
0.0000
2.7872
0.0000
0.0000
0.0000
0.0000
0.0000
0.7473
1.4233
0.0000
0.0000
0.0000
0.0000
0.0000
0.0000
0.0000
0.0000
1.6099
0.2208
0.0000
1.7556
0.0000
0.6862
0.0000
2.5347
0.0000
0.0000
0.0000
0.0000
0.0000
0.0000
1.0473
0.0000
0.0000
0.0000
0.0000
2.5958
0.0000
2.0370
0.0000
0.0000
0.0000
0.0000
1.8704
0.0000
0.0000
0.0000
1.2466
0.5858
0.0000
0.0000
0.0000
0.0000
0.0000
0.0000
0.0000
0.0000
0.0000
0.0000
5.2424
0.0000
0.0000
4.5736
0.0000
0.0000
0.0000
0.0000
0.0000
0.0000
0.0000
1.1337
0.0000
0.0000
1.4792
0.3708
0.2307
0.7273
0.0000
0.0000
0.8520
0.0000
0.0000
1.0029
0.0000
0.0000
0.0000
0.6529
3.6537
0.0000
0.0000
0.0000
0.2219
0.0000
0.0000
0.5505
0.0000
0.0000
0.3143
0.0000
0.0000
0.0000
0.0000
1.5683
0.2753
0.0000
0.0000
0.0000
0.0000
0.0000
0.0000
0.0000
1.8663
0.0000
0.0000
1.4973
0.0000
0.0000
0.1895
0.0000
0.0000
0.0000
0.0000
0.0000
0.0000
0.0000
0.0000
1.4604
0.0000
0.0000
0.0000
0.0000
0.0000
0.0000
1.9910
1.2191
0.0000
0.0000
0.0000
2.1601
0.5962
0.4856
0.0000
0.0000
1.4816
1.9452
0.0000
0.0000
0.0000
3.8143
0.8587
0.0000
0.0000
0.0000
0.0000
0.0000
0.0000
0.0000
1.5414
0.0000
0.0000
0.7795
4.8283
0.0000
1.0807
0.0000
0.0000
0.0000
0.0000
3.2106
0.0000
0.0000
0.0000
0.0000
2.2993
0.0000
0.3507
0.9143
0.6841
0.0000
0.0000
0.0000
0.1845
0.0000
0.0000
0.0000
0.0000
0.0000
3.6026
0.0000
1.0249
0.0000
0.8147
2.2065
0.0000
2.1773
0.0000
1.7055
0.0000
0.2503
0.5606
0.0000
0.0000
0.0000
0.0000
0.0000
0.0000
1.7252
0.0000
0.0000
0.0000
0.0000
0.0000
0.0000
0.3016
0.0000
0.0000
0.0000
2.1092
1.6395
0.0000
0.0000
0.0000
0.0000
2.3066
0.0000
0.0000
1.3158
3.2511
0.0000
0.0000
0.0000
0.0000
4.9904
0.9329
0.7709
0.0000
1.4909
0.0000
0.0000
0.0000
0.0000
0.0000
0.0000
0.0000
1.0686
4.0308
1.6372
2.4569
0.8551
0.0000
1.2425
0.0000
0.0000
0.0000
0.0000
0.0000
1.9629
0.0000
0.0000
2.1106
0.0000
0.0000
0.0000
3.3477
0.0000
0.6665
0.0000
0.0000
0.0000
0.0000
0.0000
0.5200
0.0000
0.0000
0.0000
1.2418
0.6372
0.2812
0.0000
0.0000
0.7349
0.0000
0.0000
0.0000
1.0502
0.0000
0.0000
0.0000
0.0000
0.0130
0.0000
0.6837
0.7520
0.0000
0.0000
0.0000
2.1924
1.9136
0.0000
0.0000
0.2583
1.8372
0.0000
0.4585
0.0000
0.0000
0.0774
0.0000
1.0952
0.0000
0.0000
0.0000
0.0000
2.8272
0.0000
0.6383
1.0505
0.0000
0.0000
0.7742
0.5268
0.0000
0.3899
0.0000
0.4919
0.7664
0.4634
0.0000
0.5663
1.8714
0.0000
0.0000
0.0000
0.1369
0.2664
1.4690
0.0000
0.0000
0.0000
0.0000
0.0000
4.4168
0.0000
0.0000
0.0000
0.4376
0.3681
0.0000
0.0000
0.0000
1.0463
0.0000
0.5868
1.2813
0.0000
4.2132
0.0000
0.0000
0.0000
0.4553
1.8821
0.0687
0.0000
0.0000
0.0000
0.0000
0.0000
0.0000
0.0000
0.0000
0.2561
0.0000
0.0000
0.0000
0.0000
0.0000
0.5886
0.0000
1.1648
0.0000
0.0000
0.0000
1.9036
0.0000
3.7346
1.0921
0.8613
0.5782
0.0000
0.0000
1.3649
0.0000
0.0000
0.0000
0.0000
1.7458
0.0000
5.2643
0.0000
0.0000
3.9532
1.5280
1.6185
0.4123
0.0000
1.2736
0.1138
0.0000
0.0000
0.0000
0.0000
0.0000
0.0000
0.0000
0.5837
0.6637
0.0000
0.0000
0.2197
0.0000
0.0000
0.3102
0.0000
0.0000
0.0000
0.0000
0.0000
0.0000
