0.0000
0.0000
0.0000
0.0000
1.3905
0.3026
0.0000
0.0000
0.0000
1.1513
1.0387
0.0000
0.0000
0.7531
0.0000
0.0000
0.0000
0.0000
0.0000
0.0000
0.0000
0.0000
2.5282
0.0000
0.5840
0.0000
0.0000
1.2055
0.0000
0.0000
0.0000
0.0000
0.4035
0.0000
2.4446
0.0000
0.0000
0.0000
1.7376
2.3267
0.0000
0.6649
0.0000
0.0000
0.0000
0.0000
0.0000
0.0000
0.0000
0.0000
0.0000
0.0000
0.0000
0.0000
0.0000
0.0000
0.0000
0.0000
0.0000
0.0000
0.0000
1.1158
0.0000
0.0000
0.0000
0.0000
0.0000
0.4415
0.7802
0.0000
0.0000
1.8351
0.0000
0.0000
0.0000
1.0133
0.0000
0.0000
0.0000
0.0000
0.0000
0.0000
0.0000
0.0000
0.0000
0.0000
0.0982
1.6678
2.1505
0.0000
1.1225
0.0000
0.0000
1.8945
0.0000
0.0000
0.0000
0.0000
3.6198
0.0000
0.6795
0.0000
0.6925
0.0000
0.0000
0.0000
0.0000
0.0000
0.4600
1.6244
0.0000
0.0000
0.0000
0.0000
0.0000
0.0000
0.0000
0.0000
0.0000
0.0000
2.7759
0.0000
2.7867
0.0000
0.0000
0.0000
0.0000
0.6587
0.0000
0.9382
0.0000
0.0000
0.4934
0.0000
3.0650
0.6078
0.0000
2.7435
0.0000
2.3406
2.2052
0.0000
1.7141
0.0000
3.3848
0.0000
0.0000
1.4179
1.2514
0.0000
0.0000
0.6843
0.0000
0.0000
0.0000
0.0000
0.0000
0.1745
0.5373
0.0000
1.7808
0.0000
0.0000
0.0000
0.0000
2.0607
0.0000
0.0780
0.0000
0.0000
0.0000
0.0000
0.0000
0.0000
0.0000
0.0000
0.0000
0.0000
0.0000
3.8486
3.3235
1.7427
0.0000
0.0000
0.0000
0.0000
1.1012
0.0000
0.0000
1.7174
0.0000
0.0000
0.0000
0.0000
0.8397
0.0000
0.0000
0.0000
2.9506
4.2810
0.0000
0.0000
0.0000
0.0000
0.0000
0.0000
0.0000
0.0000
0.0000
0.0000
0.0000
0.0000
0.0000
1.2758
0.1259
0.0000
0.0000
0.0000
0.0000
0.0000
0.0000
0.0000
0.0000
0.0000
0.0000
0.0000
0.0000
0.5481
0.0000
0.0000
0.0000
0.0000
0.0000
0.0000
1.1114
0.0000
0.0000
0.2548
3.9939
0.0000
0.0000
0.0000
0.0000
0.0000
0.0000
0.0000
0.0000
0.0000
0.0000
0.0000
0.0000
0.0166
0.0000
0.4065
0.0000
2.0345
0.0000
0.0000
0.0000
0.0000
0.0000
0.0000
0.0000
0.0000
0.0000
0.0000
0.5144
0.0224
0.0000
0.0000
2.2790
0.8949
0.0000
1.4345
0.0000
0.0000
0.0000
0.0000
0.4769
0.0000
3.2933
0.0000
0.0000
0.0000
0.0000
0.0000
0.0000
0.0000
0.0000
0.0000
0.0000
0.0000
0.0000
2.7474
2.7194
0.0000
0.0000
0.0000
0.0000
4.0765
0.0000
0.0000
0.0000
0.0000
0.5830
0.0000
1.4988
0.0000
0.0000
0.0000
0.0000
0.6722
0.0000
0.2927
0.3508
0.0000
0.0000
0.0000
0.0000
0.6703
0.0000
2.9990
0.0000
1.3513
0.0000
0.9180
0.0000
0.0000
0.0000
1.8449
0.0000
0.0000
0.0000
0.0000
0.0000
3.6796
1.9869
0.0000
0.0000
3.5682
0.0000
0.0000
0.0000
0.0000
0.0000
5.2587
0.0000
0.0000
0.0000
0.0000
0.0000
2.6821
0.0000
0.0000
2.7728
3.3445
0.0000
0.0000
0.0000
0.0000
0.0000
0.0000
0.0000
0.0000
0.0000
0.0000
0.0000
0.0000
0.4560
0.0000
0.0000
0.0000
0.0000
0.0000
0.0000
0.5408
0.0000
2.1663
0.0000
0.0000
2.5886
0.0000
0.0000
0.0000
0.0000
0.0000
0.0117
0.0000
0.0000
0.0000
3.7247
0.0000
0.0000
0.0000
0.0000
0.0000
0.0000
0.0000
0.0000
0.0000
0.0000
0.0000
0.0000
0.0000
0.0000
0.8449
0.0000
0.0000
1.5768
0.0000
0.0000
0.0000
0.0000
3.7702
2.0200
1.3569
0.0000
0.0000
0.0000
0.0000
0.0000
0.0000
1.5030
0.0000
0.0000
0.0000
1.0642
0.0000
0.0000
0.0000
0.0000
0.0000
0.0000
0.0000
0.0000
0.0000
0.0000
0.0000
1.3367
0.0000
0.4243
0.0000
0.5097
0.0000
3.6034
0.0000
0.0000
0.0000
0.7779
0.0556
0.0000
0.0000
0.0000
0.0000
0.0000
0.0000
0.0000
0.2575
0.0000
0.0000
0.0412
0.0000
1.8703
0.0000
0.4263
0.0000
0.0000
0.4022
0.0000
0.0000
0.0000
1.0703
0.0000
0.0000
0.0000
0.7761
0.0000
0.0000
1.1256
0.0000
0.0000
0.0000
0.0000
0.1322
0.6447
0.0000
0.0000
0.0623
0.0000
1.4388
0.0000
0.0000
0.0000
0.0000
0.2878
0.0000
0.0000
0.0000
0.1217
0.0000
0.0000
0.0000
0.0000
0.0000
0.0000
0.9944
0.0000
0.0000
0.0000
0.4113
0.1157
1.3843
0.0000
1.0738
0.0000
0.0000
0.0000
0.0000
3.9667
0.0000
0.4503
2.3845
0.0000
0.0000
0.3406
0.0000
0.6064
0.0000
0.0000
0.0000
2.4927
1.3050
0.2835
0.0000
1.2036
1.2461
0.0000
0.0000
0.0000
0.0000
0.0000
0.0000
0.0000
0.0000
0.0000
0.0000
0.0000
0.2957
0.7758
0.0000
0.0000
1.0190
0.0000
0.0000
0.0000
0.0000
0.0000
0.0000
0.0000
0.0000
1.6964
0.0000
0.0000
0.0000
0.0000
0.0000
0.0000
0.0000
0.0000
0.0000
0.0000
0.0000
0.0000
0.0000
0.0000
0.0000
0.0000
0.2060
0.0000
0.6865
0.0000
0.0000
0.0000
0.0000
0.0000
0.0000
0.0000
0.2515
1.7723
0.0000
0.0000
0.0869
0.0000
0.0000
0.0000
0.0000
0.0000
0.0000
3.2225
0.0000
0.0000
0.4544
0.0000
0.0000
0.0000
0.0000
0.6702
0.0000
0.0000
0.0000
0.0000
0.0000
0.0000
1.8957
0.0000
0.0000
1.6337
0.0000
0.0000
0.0000
4.3027
0.0000
0.0000
0.0000
0.0000
1.8969
0.0000
0.0000
0.0000
0.0000
0.0000
0.0000
0.0000
0.0000
3.7226
2.1725
0.0000
0.0000
0.0000
0.0000
0.0000
0.0000
0.0000
0.0000
0.4254
0.0000
0.0000
0.4741
1.5701
0.0000
0.0000
0.5243
0.0000
0.0000
0.0000
0.0000
0.0486
0.0000
0.0000
0.0000
0.0000
1.8415
1.3103
0.0000
0.0000
0.0000
0.0000
0.0000
0.0000
0.0000
0.0000
0.0000
0.0000
0.0000
0.0000
0.0000
0.0000
0.0000
0.0000
0.0000
0.0000
0.0000
0.0000
0.0000
0.0000
2.5544
0.0000
0.0000
0.0000
1.9522
0.0000
0.0000
0.9624
0.0000
0.0000
0.0000
0.0000
0.0000
0.0000
0.0000
1.0337
0.0000
0.2675
0.0000
0.7876
0.8332
0.0000
0.0000
0.0435
0.0000
0.0000
6.6935
0.0000
1.6128
0.0000
0.0000
0.0000
0.2503
0.0000
0.0000
0.0000
0.0000
1.8073
0.4560
0.0000
0.0000
2.4816
0.0000
0.2209
1.5334
0.0000
0.0000
0.0000
0.7073
0.0000
0.0000
0.0000
0.2259
0.0000
1.8216
0.9465
0.0000
0.0000
0.0000
0.0000
0.0000
0.0000
0.1229
2.4781
0.0000
0.0000
0.0000
0.0000
0.0000
0.0000
0.0000
0.0000
0.0000
0.0000
0.0000
2.4750
0.0000
1.6104
0.0000
0.0000
1.4597
0.0000
0.0000
0.0000
0.0000
0.0000
0.0000
0.0000
0.0000
0.0000
0.0000
0.0000
0.0000
1.1127
0.0000
0.4276
0.0000
0.0000
0.0000
0.0000
0.0000
0.0000
0.0000
0.0000
0.0000
0.0000
0.0000
0.0000
1.3518
0.0000
0.0000
0.0000
0.0000
0.1225
0.0000
0.0000
0.0000
3.1400
0.0000
0.0000
0.0000
0.0000
0.0000
0.0000
0.0000
0.0000
0.0000
0.0000
0.0000
0.0000
0.0000
1.3819
0.0000
0.0000
0.4944
0.0000
0.0000
0.0000
0.0000
0.0000
0.0000
0.0000
0.0000
0.0000
0.0000
1.2601
0.0000
0.0000
0.0000
0.0000
0.3838
0.0000
1.4848
0.0000
0.0000
0.0000
0.0000
0.0000
0.0000
0.0000
0.0000
0.0000
0.0000
0.8731
0.0000
0.0000
1.3945
0.0000
0.0000
0.0000
0.0000
0.0000
0.0000
0.0000
0.0000
1.4730
0.0000
0.0000
3.1029
0.0000
0.0000
0.0000
0.0000
0.0000
0.0000
0.0000
0.0000
0.8082
0.0096
0.0000
0.0000
0.6610
2.2788
1.0087
0.0000
0.0000
0.0000
0.0060
0.0000
0.0000
0.0000
0.0000
0.0000
0.0000
0.0000
1.5899
0.0000
0.0000
0.0000
0.0000
0.0000
0.0000
1.0163
1.7545
0.0000
0.0000
0.0000
0.0000
0.0000
0.0000
0.0000
0.0000
0.0000
0.0000
1.3233
0.0000
0.0000
3.1708
0.0000
0.0000
0.0000
0.0000
1.0909
0.0232
0.0000
0.0000
0.0000
1.4283
0.0874
0.0000
3.3739
0.8527
0.0000
0.0033
0.0000
0.0000
0.0000
0.0000
0.0000
0.0000
1.7508
0.0000
0.0000
0.0000
0.0000
0.0000
0.0000
0.0000
0.0000
0.0000
0.0000
0.0000
3.1785
0.0000
5.4422
0.1846
0.6553
0.0000
0.0000
0.0000
0.0000
2.6478
0.0000
0.0777
0.0000
0.0000
3.8925
0.0899
0.0000
0.0000
0.5302
0.0000
0.0000
3.7549
0.0000
0.9564
0.0000
0.5645
0.0000
0.0000
0.0000
0.4109
0.0000
0.2481
0.0000
0.0000
0.0294
0.0000
1.0980
2.1060
0.5932
1.9260
0.0000
0.0000
0.0000
0.7326
0.0000
0.0000
0.0000
0.0000
0.1123
0.0000
0.0000
0.0000
4.1891
0.0000
0.0000
0.0000
0.3408
0.0000
0.0000
0.0000
0.0000
0.0000
4.4771
0.0000
2.4912
0.0000
2.8839
0.0000
0.0000
0.6767
1.6617
0.0000
2.2848
0.0000
1.2948
0.0000
0.0000
0.0000
0.0000
3.8598
0.0000
0.0000
1.1398
0.1141
0.9525
1.6740
0.0000
1.0614
0.0000
2.6836
0.0000
1.1658
0.0000
0.0000
0.0000
0.0000
0.0000
0.0000
0.0000
2.2973
0.0000
0.0000
0.0000
0.0054
0.0000
0.0000
0.0000
0.0000
0.0000
0.0000
0.0000
0.6038
0.0000
2.7584
1.8739
0.7562
0.0000
0.2739
0.0189
0.0747
0.0000
0.0000
0.0000
0.7991
0.0000
0.0000
0.0000
0.0000
0.0000
1.6830
0.0000
0.0000
0.0000
0.0000
0.0000
0.0000
0.0000
0.0000
1.5239
0.0000
0.9811
0.0000
0.0000
0.0000
1.5069
0.0000
0.0000
0.7633
0.0000
0.0000
0.0000
0.0000
0.1705
0.0000
0.0000
0.0000
0.2982
0.0000
0.0000
0.0000
0.0000
0.0000
1.1701
1.3133
0.0000
0.5289
0.0000
0.0000
0.0000
0.9829
0.0000
0.0000
0.0000
0.0000
0.0000
0.0000
0.0000
0.0000
0.0000
0.0000
0.0000
0.0000
0.4990
0.0000
0.0000
0.0000
0.0000
0.0000
0.0000
0.0000
0.0000
0.0000
0.0000
0.0000
0.0000
0.0000
0.0000
2.3918
1.1289
1.1535
0.0000
0.0000
0.0000
0.0000
0.3936
0.0829
0.0000
0.0000
0.9689
1.5900
0.0000
0.0000
0.0000
0.0000
0.0000
0.0000
0.0000
0.0000
0.0000
1.7123
0.0000
0.0000
0.0000
3.5547
0.0000
0.0000
0.4036
2.3814
5.2772
0.0000
0.0000
0.0000
0.0000
0.0000
1.0161
0.0000
0.0000
0.0000
0.0000
0.0000
0.0000
0.0000
0.0000
3.0838
0.0000
0.0000
0.0000
0.3445
0.0000
0.3690
0.0000
0.0000
0.0000
1.9127
1.6617
0.0000
0.0000
0.0000
0.0000
0.0000
0.0000
0.0000
0.0000
1.3918
0.4298
2.7640
0.0000
0.0000
0.0000
0.0000
0.0000
0.0000
0.0000
0.0000
0.0000
0.0000
2.6977
0.0000
0.0000
0.0000
0.0000
1.2263
0.0000
0.0000
0.0000
1.6640
0.0000
0.0000
0.0000
1.0415
0.0000
0.0000
0.0000
0.0000
0.0000
0.0000
0.0000
0.0000
0.0000
0.0000
0.0429
0.0000
0.4562
0.0000
0.0000
2.9070
0.0000
1.4950
0.0000
0.0000
1.7371
0.0000
0.0000
0.0000
0.0000
0.0000
1.4155
0.0000
0.0000
0.0000
0.0000
0.0000
0.0000
0.0000
0.8345
3.1371
0.0000
0.5353
0.0000
0.0000
0.0000
0.0000
1.0336
0.0000
0.5677
0.0000
0.0000
0.0000
0.3628
2.3536
0.0000
0.0000
1.7914
0.0000
2.0880
1.3964
0.0000
0.0000
0.0000
0.0000
0.0000
0.0000
0.0000
1.2125
0.0000
1.3785
0.0000
0.0000
1.3140
0.0000
0.0000
0.0000
0.0000
0.0000
0.0000
0.0000
0.0000
0.0000
0.0000
0.0000
0.0000
0.0000
0.0000
0.0000
0.0000
0.0000
0.0000
0.0000
0.2448
0.0000
0.3646
0.0000
0.0000
0.0000
0.0000
0.0000
1.0167
0.0000
1.9278
0.0000
1.0283
0.0000
0.9779
0.0000
0.0000
0.0000
0.0000
0.0000
0.0000
0.0000
0.0000
0.0000
0.0000
0.0000
0.6636
0.0000
0.0000
0.0000
0.0000
0.0000
1.2384
0.0000
1.0745
0.0000
0.0000
0.0000
0.0000
0.0000
0.0000
0.0000
0.0000
2.3406
2.6341
0.0000
0.7751
0.0000
0.0000
0.0000
0.0000
0.0000
0.0000
0.5611
0.0000
0.0000
0.0000
1.1021
1.5281
0.3301
0.0000
0.0000
0.8497
0.0000
1.0610
0.6945
0.0000
0.0300
0.0000
0.0000
0.5453
0.0000
1.7431
1.0832
3.2789
0.0000
0.1920
0.0000
0.0000
0.3890
0.0000
0.0000
1.5522
0.0000
0.0000
0.6386
0.0000
0.1454
0.0000
0.0000
0.0000
0.0000
0.8689
0.4762
0.7320
0.0000
2.1300
0.0000
0.0000
0.0000
1.1481
0.0000
0.0000
0.0000
0.0000
3.2773
1.5331
0.0000
0.0000
0.0000
0.0000
0.0000
0.0000
0.0000
0.0000
0.0000
0.0000
0.0000
0.0000
0.0000
0.1173
0.0000
0.0000
0.0000
3.8118
0.0000
0.5834
0.0000
0.0000
0.0000
0.0000
0.5087
0.0000
0.0000
0.0000
0.3993
0.0000
2.5252
2.2426
0.0000
0.0000
0.0000
1.0261
0.0000
0.0000
0.0000
0.0000
0.0000
0.0000
0.3650
0.0000
0.5982
0.0000
0.0000
0.0000
0.0000
0.0000
0.0000
0.0000
0.0000
1.4706
2.4697
1.3659
0.0000
1.4944
0.0000
0.1562
0.0000
0.8614
0.0000
0.0000
0.0000
0.0000
0.0000
0.0000
0.0000
0.0000
2.8566
0.4158
0.0000
0.0000
0.0000
0.0000
0.0000
1.5897
0.0000
0.0000
4.4292
0.0000
0.0000
0.0000
0.0000
0.0000
0.0000
1.4909
4.8944
1.8326
0.0000
0.0000
0.0000
0.0000
0.0000
0.0000
0.1516
0.0000
0.0000
0.0000
0.0000
0.0000
0.0000
0.0000
0.0000
0.7636
0.0000
2.1208
0.0000
0.0000
0.0000
0.0000
0.0000
0.0000
0.0000
0.0000
0.0000
0.0000
1.1738
1.5524
0.0000
0.0000
0.0000
0.0000
3.2807
0.0000
0.7282
0.0000
0.0000
1.0626
0.0000
0.5397
0.0000
0.0000
0.0000
0.9777
0.0000
2.3061
0.0000
0.0000
0.0000
0.1003
0.0000
4.7177
0.0015
0.0000
0.0000
0.0000
0.0000
0.0000
0.0000
0.0000
0.2529
0.0000
0.2942
0.0000
0.0000
0.3446
0.3378
0.0000
0.0000
0.0000
1.5243
0.0000
0.0000
0.0000
0.0000
1.7955
0.0000
0.8600
0.0000
1.5598
0.0000
1.2241
0.0000
0.0000
0.0000
0.0000
0.0000
0.0000
0.0000
0.0000
0.0000
1.6869
0.0000
0.0000
0.0000
2.4251
0.3341
0.0000
5.1062
1.0143
0.0000
0.0000
0.0000
0.0000
0.0000
0.0000
0.0000
0.7038
1.1329
0.0000
0.2281
0.0000
0.9881
0.1776
0.0000
0.0000
0.0000
0.0000
0.0000
0.0000
0.0000
0.0000
2.6961
0.0000
0.0592
0.0000
0.0000
0.0000
0.0000
0.0000
0.2947
0.8580
0.0000
1.4419
2.5232
0.0000
3.2436
0.0000
0.0000
0.0000
0.0000
1.0748
0.0000
1.1220
0.0000
0.0000
0.0000
0.0000
0.0000
0.0000
0.2822
0.0000
2.4513
0.0000
0.0000
0.0000
0.0000
0.2337
0.0000
0.0000
0.0000
0.0000
0.0000
0.0000
0.6700
0.0000
0.0000
0.0000
0.0000
0.0000
0.0000
0.0000
0.0000
0.0000
0.0000
0.0000
0.0000
0.4947
0.0000
1.0954
0.0000
2.3504
0.0000
0.6897
0.0000
1.9307
0.0000
0.0000
0.0000
0.0000
0.0000
0.8700
2.8967
0.0818
0.0000
0.0000
1.3345
2.7750
0.0000
1.4098
0.0000
0.0000
0.0000
0.0000
0.0000
0.0000
0.0000
0.7627
0.0000
0.0000
1.8761
2.0587
0.1365
3.1414
0.1194
0.0000
0.0000
0.0000
0.0000
0.0000
0.0000
3.9522
0.0000
1.1573
3.4959
0.0000
0.0000
0.0000
1.0734
0.0000
0.0000
2.3292
0.0000
0.0000
1.2522
0.4918
0.4952
0.6478
0.0000
4.1002
0.1341
0.0870
1.3107
0.0000
0.0000
1.2054
0.0000
0.0000
0.7947
0.0000
1.8230
0.0000
0.0000
4.4358
0.0000
2.8658
0.0000
0.0000
0.0000
0.0000
0.0000
0.0000
0.0000
0.0000
0.0000
1.4147
1.4887
0.0000
4.0969
0.0000
0.0000
0.0000
0.0000
0.0000
0.0000
0.0000
1.3358
1.1707
0.0000
0.0000
1.8934
0.0000
0.8852
2.3550
0.0000
0.6491
0.0000
0.0000
0.0000
0.0000
0.0000
0.0000
0.0000
0.0000
0.0000
0.0000
0.0000
0.8891
0.0000
0.0000
0.0000
0.0000
2.7916
0.0000
3.0323
2.7852
1.3310
0.0000
0.0000
0.0000
0.0000
0.0000
0.0000
1.6066
0.0000
0.0000
0.0674
1.1079
0.0000
0.0000
0.5603
0.0000
0.0000
0.0000
0.0000
0.0000
1.6273
0.0000
2.7954
0.0000
0.0000
1.3943
0.0000
0.0000
0.0000
0.0000
0.4642
0.0000
0.0000
0.0000
0.0000
0.0000
0.0000
0.0000
0.0000
0.0000
0.0000
0.0000
0.0000
0.6049
0.2433
0.0000
0.0000
0.0000
0.8386
0.0000
1.2399
0.0000
1.5021
0.0000
0.0000
0.0000
0.3701
0.0000
0.0000
0.0000
0.0000
2.7303
0.0000
2.7968
0.0000
0.0000
0.0000
0.7045
0.0000
0.0000
0.0000
0.0000
0.0000
0.0000
0.0000
2.2457
0.0000
0.0000
0.0000
0.0000
0.0000
0.0000
0.0000
0.0000
0.0000
1.2021
0.0000
0.0000
0.0000
0.0000
0.5405
1.4984
0.0000
0.6572
2.3923
0.0000
0.4025
0.0000
3.5357
0.0000
1.2582
0.0000
0.0000
0.0000
0.0000
0.0000
0.0000
0.4774
1.3986
0.0000
0.0000
0.8126
0.0000
0.0000
0.0000
0.0000
0.0000
0.0000
0.0000
1.0460
0.0000
0.0000
0.9493
2.6231
1.3867
0.0000
0.0000
0.0000
0.0000
0.1384
0.0000
0.0000
2.6426
0.0000
0.0000
2.4466
2.8968
0.0000
0.0000
1.6140
1.3585
0.0000
1.4773
0.0000
1.0951
0.0000
0.0000
0.0000
0.0000
0.0000
0.7050
0.0000
0.0000
0.0000
2.3672
3.0479
0.0000
1.1958
1.5290
0.0000
0.0000
0.0000
3.8761
0.0000
0.0000
0.0000
0.8093
1.4522
0.0000
0.0000
1.2713
0.0000
0.0000
1.0388
0.1824
0.0000
0.0000
0.5028
0.0000
1.2152
2.2796
0.4857
0.0000
0.0000
0.0000
0.0000
3.5455
0.0000
0.0000
0.0000
0.0000
0.0000
0.0000
0.0000
0.0000
0.0000
0.0000
0.0000
0.0000
0.4195
0.0000
0.0000
0.3364
0.6591
0.0000
0.0546
0.4760
0.0000
0.0000
0.0000
0.0000
1.4811
0.0000
0.0000
0.0000
2.8100
0.0000
0.0000
0.0000
0.0000
0.0000
0.0000
0.0000
0.0000
0.0000
0.0000
0.0000
0.0000
0.3850
0.0000
2.6844
0.3060
0.0000
0.0000
0.0000
0.0000
0.0000
0.0000
1.7556
0.0000
0.0000
0.0000
0.0000
0.0000
0.0000
0.0000
0.0000
0.0000
0.0000
0.0000
0.0000
0.0660
0.0000
0.0372
0.0000
0.0000
1.9955
0.0000
0.0000
0.0000
0.0000
0.0990
0.0000
0.5355
0.0000
0.0000
0.0000
1.5563
0.0000
4.7918
0.0000
0.0000
0.0000
0.0000
0.0000
0.0000
0.0000
0.4530
0.0000
0.0000
0.0000
0.6425
0.0000
3.4880
0.0000
0.2318
0.0000
0.0000
0.0000
2.1306
0.0000
0.2062
2.6691
0.0000
0.0000
0.0000
0.0000
0.0000
0.0000
0.8849
0.0000
0.0000
0.0000
1.7948
0.0000
0.0000
0.0000
0.0000
0.0000
0.0000
0.0000
0.0000
0.0000
0.0000
0.0000
2.2793
1.6432
0.1729
0.5284
0.0000
0.0000
0.0000
0.0000
0.0000
0.0000
0.2665
0.0000
0.7857
0.0000
0.0000
0.0000
0.0000
0.0000
0.0000
0.0000
0.0000
0.0000
0.0000
0.0000
0.0000
0.0000
0.0000
0.0000
0.0000
3.1375
0.5332
0.0000
0.0000
0.0000
0.0000
1.3388
0.0000
0.0000
0.0000
0.0000
0.4723
0.0000
0.0000
0.0065
0.0000
0.0000
0.0000
0.0000
0.0000
0.0000
0.3485
0.0000
0.0000
0.0000
0.0000
0.0000
0.0000
0.0000
0.0000
0.0000
0.0000
0.0000
0.4460
3.4231
0.0000
0.0000
0.0000
4.4332
0.0000
0.0000
0.0000
2.0343
0.0000
0.0000
1.8649
0.0000
0.0000
0.0000
2.6739
1.8215
0.0000
0.0000
0.0000
0.0000
0.8968
0.0000
0.0000
0.0000
1.3523
0.0000
1.0822
2.0231
0.0000
2.3115
0.0000
0.0000
0.3283
0.0000
0.0000
0.0000
0.0000
2.2876
0.0000
0.0000
0.0000
0.0000
0.0000
0.1728
0.0000
0.0000
0.0000
0.0000
0.0000
0.7739
0.0000
0.0000
0.0000
0.0000
0.0000
1.3577
0.0000
0.0000
0.9123
0.0000
0.0000
0.3241
0.0249
1.3387
0.0000
0.0000
1.5465
0.0000
0.0000
0.0000
1.1055
0.0000
0.0000
0.0000
1.3688
0.0000
0.9164
0.0000
0.0000
0.0000
1.8586
0.0000
0.0000
0.0000
0.4750
0.0000
0.0000
0.0000
0.0000
0.0000
0.0000
2.0223
1.1945
2.2773
0.6558
0.0000
0.0000
1.8076
0.1184
0.0000
0.0000
0.0000
0.0000
0.0000
0.0000
0.0000
0.9185
0.0000
0.0000
0.0000
0.0000
2.8259
5.9206
0.0000
0.0000
0.0000
0.0000
0.0000
0.0000
0.0000
0.0000
0.0000
0.0000
0.0000
0.0000
0.0000
0.0000
0.0000
0.0314
0.0000
0.0000
0.0000
0.0000
0.0000
0.0000
0.0000
0.2110
1.7377
0.0000
0.8419
0.1433
0.0000
0.3233
0.0000
0.0000
0.2983
0.3753
0.0000
0.0000
2.5320
0.0000
0.5531
0.0000
2.7418
0.0000
0.0000
0.0000
0.0000
0.0000
0.0000
0.0252
0.0000
0.0000
0.0000
0.0000
3.4067
0.0000
0.0000
0.0000
2.1370
0.0000
0.0000
0.0000
1.4035
0.0000
0.0000
0.0000
0.0000
0.0000
0.1546
0.7529
0.0000
0.1758
0.0000
0.0000
0.0000
0.0000
0.0000
0.0000
0.0000
0.0000
0.0000
0.0000
0.2327
0.0000
0.1983
2.3246
0.0000
0.0000
0.0000
0.0000
0.0000
0.0000
0.0000
1.1658
0.0000
0.0000
0.0000
0.0000
0.0000
0.0000
0.0000
0.0000
0.0000
0.0000
0.0000
0.0000
0.0000
0.0000
0.0000
0.0000
0.0000
0.0000
0.0000
0.0000
0.0000
0.0000
0.0000
1.5234
0.0000
0.6108
0.0000
0.0000
0.0000
0.0000
0.0000
0.0000
0.0000
1.6961
0.8069
0.0000
0.0000
0.4683
0.0000
0.0000
0.0000
0.0000
5.4799
0.3867
0.0000
0.4637
0.0000
1.5394
0.6430
0.7183
0.0000
0.0000
0.0000
0.0000
2.0492
0.0000
0.0000
0.0000
0.0000
0.0000
0.0000
0.0000
0.0000
0.0000
0.0000
0.4503
0.0000
0.0000
0.0000
0.0000
0.0000
0.8711
0.0000
0.0000
0.4343
0.0000
1.9768
0.0000
0.0000
0.0000
1.1976
0.0000
0.7669
1.2905
0.0000
0.4532
0.0000
0.2838
1.9847
0.0000
0.0000
0.0000
0.1516
0.0000
0.0000
0.0000
0.0000
0.0000
0.0000
0.8864
0.0000
0.0000
0.0000
0.3348
0.2980
0.0000
0.0000
0.0000
0.0000
0.0000
0.0000
0.0000
0.0000
0.0000
0.0000
0.4364
0.0000
1.4190
0.0000
0.0000
0.0000
0.0000
1.2432
0.0000
0.0000
0.0000
0.0000
2.7092
0.0000
0.0000
0.0000
0.0000
0.0000
0.0000
1.2430
1.5295
0.0000
0.0000
0.0000
0.0000
0.0000
0.0000
0.0000
0.0000
0.0000
4.3153
0.0000
0.0000
0.0000
0.0000
2.2756
0.0000
0.0000
0.6227
0.0000
0.0000
0.0000
0.0000
1.5458
3.0111
0.0000
4.3755
1.9973
0.0000
0.0000
0.0000
1.1098
0.0000
1.0675
0.4107
0.3909
0.0000
0.0000
0.0000
1.3151
0.0000
0.0000
0.7201
0.0000
0.0000
0.0000
1.1108
0.0000
0.0000
0.0000
2.0555
0.0000
0.0000
0.4745
0.0000
0.0000
0.5246
0.0000
0.0000
0.0000
0.0000
0.0000
0.0000
3.1205
0.0000
4.5243
0.0000
0.8131
1.9373
3.3322
0.0000
0.0000
0.0000
0.0000
0.0000
1.2751
0.0000
0.0203
3.2431
0.0000
0.0000
0.0000
0.0000
0.6067
0.0000
0.0000
4.0864
0.0000
0.0000
0.0000
1.1104
0.0000
1.6388
1.5016
0.0000
0.0000
1.9382
0.0000
0.5549
0.0000
0.0000
2.4109
0.0000
0.5568
0.4230
0.0000
0.1505
1.1416
0.0000
0.0000
0.0000
0.0000
0.0000
2.6767
0.0000
0.0000
0.0000
1.7622
0.0000
0.0000
0.0000
0.0000
0.0000
0.0000
0.0000
0.0000
0.0000
0.0000
0.0000
0.0000
0.0000
0.0000
0.0000
0.0000
0.1919
0.7650
0.0000
0.0000
1.0418
0.0000
0.0000
0.0000
0.7162
0.0000
0.0000
3.6718
0.8645
0.0000
2.5249
0.0000
0.0000
0.0000
0.0000
0.5818
0.0000
0.0000
0.0000
0.0000
3.1067
0.0000
0.0000
0.5552
0.0000
0.0000
0.0000
1.2885
0.0000
0.0000
0.0000
0.0000
0.6617
0.0000
0.0000
0.0000
0.0000
1.9365
0.0000
0.0000
2.6819
0.0000
0.0000
0.1450
0.0000
0.0000
0.0000
0.0000
0.0000
1.6438
0.0000
0.0000
2.7590
0.0000
2.1587
0.0000
0.0000
0.9159
0.0000
0.0000
0.6505
0.0000
0.0000
2.6019
0.0000
0.0000
0.0000
0.0000
0.0000
0.0000
0.0000
0.0000
0.0000
0.0000
0.0000
0.4703
0.5015
0.0000
0.0000
0.0000
1.2946
0.0000
0.0000
1.8279
0.3304
1.8013
1.3849
1.2481
0.0000
0.0000
0.0000
0.0000
0.0000
0.4591
0.0000
0.0000
0.0000
0.0000
0.0000
0.0000
2.7547
2.3951
0.0000
0.0000
0.0000
0.7874
2.7089
0.0000
0.0000
0.0000
0.0000
0.0000
0.0000
0.0000
0.0000
0.5281
0.4000
0.0000
0.0000
0.0000
2.0644
0.0000
0.0000
1.3750
0.0000
0.0000
0.0000
0.0000
0.0000
0.0000
0.0000
3.1130
0.0000
0.0000
0.0000
0.6623
0.0000
0.0000
0.0000
4.3110
0.1742
0.5250
0.9860
3.3566
0.0000
0.0000
0.0000
0.0000
0.0000
0.0000
0.0000
0.6573
0.0000
0.0000
5.6965
0.0000
0.3507
0.0000
0.0000
0.0000
0.0000
0.0000
0.0000
1.4571
0.0000
2.5980
0.0000
0.0000
0.1644
0.0000
0.9253
0.0000
0.0000
0.0000
1.8858
0.0000
0.0000
0.0000
0.0000
2.5064
0.0000
0.0000
0.0000
0.0000
2.2512
0.0000
1.0036
1.1642
0.5239
0.0000
0.0000
0.0000
0.0000
0.2284
0.0000
0.8806
0.0000
0.0000
0.0000
0.0000
0.0000
0.0000
0.0000
0.0000
2.1066
0.0000
0.8037
0.0000
0.0000
0.7426
0.0000
0.0000
0.0044
0.0000
0.0000
0.0000
0.0000
0.3605
0.0000
0.0000
0.0000
0.5686
1.5125
1.3466
0.0000
0.0000
0.0000
1.8605
0.0000
0.0000
0.0000
0.0000
0.0000
0.0000
0.0000
0.0000
0.0000
0.0000
0.0000
0.0000
0.0000
0.0000
0.0000
0.0000
0.0000
0.0000
1.0691
0.2581
1.8786
0.0000
0.0000
1.9993
0.0000
5.2919
0.2582
1.4512
0.0000
1.7716
0.0000
0.9407
0.0000
0.0000
0.3307
1.3974
0.0000
0.0000
0.0000
0.0000
0.0000
0.0000
0.0000
4.0431
0.0000
0.4537
0.0000
1.9356
2.8519
0.0000
1.0625
4.3080
0.4796
0.0000
0.0000
0.0000
0.0000
0.0000
2.7340
0.0000
0.0000
0.0000
0.1397
0.4483
0.0000
0.0000
0.5454
0.0000
0.0000
1.5566
0.0000
0.0000
0.0000
0.9520
0.0000
0.0000
1.1991
0.0000
0.0000
0.0000
0.0000
0.0000
2.3034
0.0000
0.0000
0.3104
0.0000
1.4072
0.0000
0.0000
0.0000
0.0000
0.5361
0.0000
0.0000
0.0000
0.0000
0.0000
0.0000
1.2632
0.0000
0.0000
2.1865
0.0000
1.7762
0.0000
0.0000
0.0000
0.0000
0.0000
0.4455
0.0000
0.0000
0.0000
1.9855
0.0000
0.0000
2.1134
0.0000
0.0000
0.0000
0.0000
0.0000
0.0000
0.0000
3.7419
0.0000
0.0000
1.0177
0.0000
2.4975
1.5935
0.8705
2.5732
0.0000
2.0543
0.0000
0.0000
0.0000
0.9430
0.0000
0.0000
0.0000
0.0000
0.0000
0.0000
0.0000
0.0000
0.6055
0.4191
0.0774
0.0000
0.0000
0.0008
0.0000
2.0573
0.0361
0.0000
0.0000
1.0474
0.0000
0.0000
0.0000
6.4724
0.0000
0.9802
0.9243
0.0215
0.0000
0.0000
0.0000
0.0000
0.0000
0.0000
0.0000
0.0000
2.6465
0.0000
0.0000
0.0000
0.0000
0.0000
0.0000
0.0000
0.0000
0.0000
0.0000
0.0000
0.0000
0.0000
2.6137
0.0000
0.0000
0.0000
4.5509
0.0000
2.1825
0.0000
0.0000
0.0000
0.0000
0.0000
0.0000
0.0000
0.0000
0.0000
0.0000
1.0322
0.0000
0.0000
0.0000
0.0000
0.0000
0.0000
0.0000
0.0000
0.0000
0.0000
0.0000
0.0000
0.0000
0.0000
0.0000
0.0000
0.0000
0.0000
0.0000
0.0000
0.0000
1.1098
0.0000
0.0000
1.6221
0.0000
0.0000
0.0000
0.0000
1.0209
0.0000
0.0000
0.0000
0.0000
0.0000
2.7546
0.0000
0.0000
0.0000
0.0000
0.0000
2.2006
2.1084
0.0000
0.0000
0.0000
0.0000
0.0000
3.2796
0.0000
2.2830
0.0000
0.0000
0.0000
0.0000
0.0000
0.2780
2.5662
1.4194
0.0000
0.0000
0.0000
0.0000
0.0000
0.0000
0.0000
0.0000
0.0000
1.0289
0.0000
0.6318
0.0000
0.0233
0.0000
0.0000
0.0000
0.0000
0.0000
0.0000
0.3509
0.0000
0.0000
0.0000
0.0000
3.5008
0.0000
2.4954
0.0000
0.5083
0.0000
0.0000
0.0000
3.6309
0.0000
0.0000
0.0000
0.0000
0.0832
0.0000
0.0000
0.0981
0.0000
0.0000
0.0000
0.9279
0.0000
0.0000
0.0000
0.0000
0.0000
0.0000
0.0000
0.0000
0.0000
2.3285
0.5106
0.0000
0.0000
0.0000
0.0000
0.0000
0.4122
0.0000
0.0000
0.0000
1.9281
0.0890
0.0000
0.4108
0.0000
0.0000
0.0000
0.0000
2.7982
0.0000
0.0663
0.0000
0.0000
0.8314
0.0000
0.0000
0.0000
0.0000
0.0000
0.0000
0.0000
0.0000
1.2562
0.0000
0.9221
1.1244
0.0000
0.0000
4.8222
0.0000
0.0000
0.0000
0.0000
0.0000
0.0000
0.0000
2.0453
0.0000
0.0000
0.0000
0.2254
0.0000
0.0000
0.0000
0.0000
0.0000
0.0000
0.0000
0.0000
0.0000
0.0000
1.1008
2.5024
0.0000
0.0000
0.0000
0.0000
2.6708
1.2965
0.0000
0.0000
0.0000
1.2933
2.0772
0.0000
0.0000
0.0000
0.0000
0.0000
0.0000
0.0000
2.7348
0.0000
3.6369
0.0000
0.0000
0.0000
1.1009
0.0000
0.5008
0.0000
1.3622
2.0439
0.0000
0.0000
1.0808
0.2963
0.5563
0.0000
1.4385
0.0000
0.0000
0.0000
0.0000
0.7496
0.0000
0.6314
2.0640
0.2505
0.0000
0.0000
0.0000
0.5755
2.0185
0.0000
0.0000
0.0000
0.0000
0.0000
0.0000
2.0080
0.9103
0.0000
0.0000
0.0000
0.0000
0.0000
0.0000
3.1489
0.7798
0.0000
0.0000
0.0000
0.0000
0.0000
3.4706
0.0000
0.0000
0.0000
0.0000
3.8430
0.4128
0.0000
0.0000
0.0000
0.0000
0.0000
1.7441
0.0000
0.0000
3.9997
0.0000
0.0000
0.0000
0.0000
0.5863
0.0000
0.3367
0.0000
0.0000
0.0000
1.6320
0.4790
0.0000
0.0000
0.0000
0.0000
0.0000
0.0000
5.5222
0.0000
1.2033
0.0000
0.3908
0.2484
0.0000
0.0000
0.0000
0.0000
0.1370
0.0000
4.9629
0.0000
0.0000
0.0000
0.0000
0.0000
0.0000
0.0000
0.4693
0.5660
0.0000
0.4436
0.0000
0.0000
0.0000
0.0000
0.5839
4.1216
0.0000
0.0000
0.0000
0.0000
0.0000
0.0000
0.0000
0.0000
0.0000
0.8971
2.2810
0.0000
0.6732
2.7384
1.3465
0.0000
0.0000
0.0000
0.0000
1.1972
1.2855
0.0000
0.0000
0.0000
0.0000
0.0000
0.0000
0.0000
4.8540
0.0000
2.4716
0.0000
0.0000
0.0000
0.0000
0.0000
0.0000
0.0000
1.2027
2.4679
0.0000
0.0000
0.0000
0.0000
2.6576
0.0000
0.0000
0.0000
0.5065
0.0000
1.1622
0.0000
0.0000
0.0000
0.0000
2.6525
0.0000
0.0000
0.0000
0.0000
0.4157
0.0000
0.0000
0.0000
1.1049
0.0000
1.9819
1.6642
1.3769
0.9455
0.0000
0.0000
0.8319
0.0000
0.0000
0.4508
0.0000
0.0000
0.0000
0.0000
0.0000
0.0000
0.0000
0.9284
0.0000
0.0000
0.0000
0.0000
0.0000
0.0000
0.7263
0.2023
0.0000
0.0000
0.0000
5.9002
0.0000
0.0000
0.0000
1.6441
0.0000
0.0000
0.0000
0.0000
0.0000
0.0000
0.5337
0.0000
0.0000
1.4740
1.3889
0.0000
2.3189
0.0000
0.0000
0.0000
0.0000
0.7428
0.0000
0.0000
0.0000
0.6453
0.0000
0.0000
0.0000
0.0000
0.0000
0.0000
1.0649
0.0000
0.0000
0.0000
0.0000
0.0000
0.0000
0.0000
0.0000
3.0190
0.0000
0.0000
0.6714
0.0000
0.3449
0.0000
0.0000
0.0000
0.0000
0.0125
0.0000
0.0000
0.9639
0.0000
0.5039
0.0000
0.0000
0.0000
2.5229
0.3793
0.0000
2.8501
0.0000
0.0000
0.0000
0.0000
2.6863
0.0000
0.7806
0.2141
0.0000
0.0000
2.3998
2.9233
0.6554
0.0000
0.0000
0.2326
0.0000
0.0000
0.0000
0.0000
0.0000
0.0000
0.0000
1.4585
0.0000
0.0000
0.0000
0.3055
0.0000
0.0000
0.0000
0.0000
2.4284
0.0000
0.0000
0.0000
0.0000
0.0000
0.0000
0.0000
0.0000
0.0000
2.9585
3.5061
0.0000
3.5976
0.0000
0.0000
0.0000
0.0000
0.0000
0.0000
0.0000
0.0000
0.6695
1.3488
0.0000
2.1456
0.0000
0.0226
0.0000
0.0000
1.7991
2.2389
0.2182
0.0000
0.0000
0.0000
0.0000
0.0000
0.0000
0.0000
2.2027
0.0000
0.0000
0.0000
0.0000
0.0000
0.0000
0.0000
0.0000
0.0000
0.0000
0.0000
0.0000
0.0000
0.0000
0.0000
0.0000
0.0000
0.0000
1.0081
0.0000
0.8969
0.0000
2.6746
0.0000
0.0000
0.5891
0.0000
0.0000
0.0000
0.5584
0.0000
0.0000
0.0000
0.0000
3.7956
1.5810
1.0329
0.0000
0.0000
0.0000
0.0000
0.6761
0.0000
0.0000
0.0000
0.9223
0.0000
0.0000
0.0000
0.0000
0.0000
0.0000
0.0000
0.0000
0.0000
0.0000
0.0000
4.1950
0.0000
0.0000
2.9863
0.0000
0.0000
0.0000
0.0000
0.0000
0.0000
0.0000
0.9626
0.0000
0.0000
0.0000
1.8649
1.1757
1.4934
1.1095
0.0000
1.5221
0.0000
0.0000
1.4728
0.0000
0.0000
0.0000
0.0000
3.0020
0.0000
0.0000
0.0000
0.0000
0.0000
0.0000
0.0000
0.0000
0.0000
1.2251
0.0000
0.0000
0.0000
0.0000
1.9861
0.3254
0.0000
0.0000
0.0000
0.0000
0.0000
0.0000
1.0001
1.2290
0.0000
0.0000
0.0000
0.0000
0.0000
0.2041
0.0000
0.0000
0.0000
0.0000
0.0000
0.0000
0.0000
0.0000
3.2836
0.0000
0.0000
0.0000
0.0000
0.0000
0.0000
0.6540
0.0000
0.0000
0.0000
0.0000
2.3526
2.1577
0.0000
0.0000
0.0000
0.0000
2.7824
0.0000
0.0000
0.0000
4.1500
2.4279
0.0000
0.0000
0.0000
0.0000
0.0000
0.0000
0.0000
2.2603
0.0023
0.0000
1.2234
4.1262
0.0000
0.4991
0.0000
0.0000
0.0000
0.0000
3.8443
0.0000
0.0000
0.0000
0.0000
0.4380
0.0000
0.3063
1.1430
0.0399
0.0000
0.0000
0.0000
0.0000
0.0000
0.0000
0.0000
0.0000
0.0000
2.0804
0.0000
3.8905
0.0000
0.4756
2.0031
0.0000
2.9409
0.0000
1.2013
0.0000
0.0000
0.8733
0.0000
0.0000
0.2396
0.1947
0.0000
0.0000
1.4469
0.0000
0.0000
0.0000
0.0000
0.0000
0.0000
0.8861
0.0000
0.0000
0.0000
0.1842
0.9834
0.0000
0.0000
1.3481
0.0000
3.1420
0.4183
0.0000
1.7554
2.3531
0.0000
0.0000
1.2252
0.0000
5.0089
0.2675
0.8321
0.0000
2.6667
0.0000
0.0000
0.0000
0.0000
0.0000
0.0000
0.0000
0.4328
1.4533
0.4973
2.9762
0.4714
0.0000
2.3292
0.0000
0.0000
0.0000
0.0000
0.0000
2.0350
0.0000
0.0000
2.2229
0.0000
0.0000
0.0000
3.8869
1.6786
0.9052
0.0000
0.0000
0.0000
0.9512
1.3696
0.0000
0.3926
0.0000
0.0000
1.5823
1.2172
1.3248
0.0000
0.0000
0.1181
0.0000
0.0000
0.0000
0.0000
0.0000
0.0000
0.0000
0.0000
0.0000
0.0000
0.0000
0.0000
0.0000
0.0000
0.5787
1.9591
3.1985
1.2196
0.0000
1.1531
0.0000
0.0000
0.6661
0.0000
0.0000
0.0000
0.0000
0.0000
0.0000
0.0000
0.0000
0.0000
4.1924
0.0000
0.0000
0.6871
0.0000
1.1057
1.1330
0.0000
0.0000
0.0000
0.0000
1.8876
1.9556
1.0192
0.0000
0.0000
0.0000
0.0000
0.0000
0.0000
0.0000
1.7673
1.2200
0.0000
0.1277
0.0000
0.0000
0.0000
4.8701
0.0000
0.4340
0.0000
1.8856
0.8130
0.0000
0.0000
0.2805
3.5205
0.0000
0.0000
2.8047
0.0268
4.1369
0.0000
0.1083
0.0000
0.6591
1.8442
0.0000
0.0000
0.0000
0.0000
0.0000
0.0000
0.0000
0.0000
0.0000
0.0000
0.0000
0.0000
0.0000
0.0000
0.0000
0.0000
0.0000
0.0000
0.3242
0.0000
0.0000
0.3175
0.0000
5.1052
2.2690
0.7932
0.4543
0.0000
0.0000
1.4295
0.0000
0.0000
0.0000
0.0000
2.1378
0.0000
2.6290
0.4441
0.0000
5.7551
0.5214
1.4983
0.1537
0.0000
1.1573
0.0000
0.0000
0.0000
0.0000
0.0000
0.0000
0.3358
0.9877
0.0000
0.4725
0.0000
0.0000
0.0000
0.0000
0.0000
2.3481
0.0000
0.8264
0.0000
0.0000
0.0000
0.0000
