0.4283
0.0000
0.0000
0.0000
1.7740
0.6684
0.0000
0.0000
0.0000
1.7684
2.2271
0.0000
1.6477
0.0000
0.0000
0.5064
0.0000
0.0000
0.0000
0.0000
0.0000
0.0000
2.6900
0.7985
0.4066
0.1044
0.0000
2.4094
0.0000
0.0000
0.0000
0.0000
0.9734
0.0000
2.7623
0.0000
0.0000
0.5009
0.0000
1.9745
0.0000
0.1165
0.0000
0.0000
0.0000
0.8240
0.0000
0.0000
0.0000
0.0000
0.0000
0.0000
0.0000
0.0000
0.0000
0.0000
0.3674
0.0000
0.0000
0.0000
0.0000
1.3448
0.0000
2.5641
0.0000
0.0000
0.0000
0.0000
0.0572
0.0000
0.0000
3.9381
0.0000
0.0000
0.0000
0.0707
0.0000
0.0000
0.0000
0.0000
1.2743
0.0000
0.0000
0.0000
0.0000
0.2526
1.2805
0.8577
2.3407
0.0000
0.7816
0.0000
0.0000
2.5142
0.0000
0.0000
0.0000
0.0000
2.1492
0.0000
1.1172
0.0000
0.0039
0.0000
0.0000
0.0000
0.0000
0.0000
0.2764
2.2876
0.0000
0.0000
0.0000
0.0000
0.0000
0.0000
0.6551
0.0000
0.0000
0.0000
2.1721
1.2203
2.3557
0.0000
1.2033
0.0000
1.8152
0.0000
0.0000
2.4871
0.0000
0.0000
0.0000
0.0000
3.0356
0.0000
0.7766
2.6631
0.0000
4.0106
2.6112
0.0000
1.9777
0.0609
2.8491
0.0000
0.0000
1.1922
1.8333
0.0000
0.0000
1.2310
0.6945
0.0000
0.0000
0.0000
0.0000
0.9488
0.0000
0.0000
0.9756
0.0000
0.7806
0.0000
0.0000
1.4076
0.0000
0.0000
0.0000
3.3619
0.0000
0.0000
0.0000
0.1733
0.0000
0.0000
0.0000
0.0000
0.0000
4.4986
2.1685
2.2953
0.0000
0.0000
0.0000
0.0000
0.5867
0.7495
1.1571
0.6779
0.0000
0.0000
0.0000
0.0000
0.6410
0.0000
0.0000
0.2353
4.4002
3.1045
0.0000
0.0000
0.0000
0.0000
0.0000
0.0000
0.0000
0.0000
0.0000
0.0000
0.0000
0.0000
0.0000
0.0000
0.1482
0.0000
0.0000
0.0000
0.0000
0.0000
0.0000
0.0000
0.0000
0.0000
1.2906
0.0000
1.0594
0.8745
0.0000
0.0000
0.0000
0.0000
0.0000
0.0000
3.0421
0.0000
0.0000
0.0000
2.1807
0.0000
0.0000
0.0000
0.0000
0.0000
0.0000
0.0000
0.0000
0.0000
0.0000
0.0000
0.0000
0.1901
0.0000
0.1558
0.0000
2.3702
0.0000
0.0000
0.0000
0.0000
0.0000
0.0442
0.0000
0.0000
0.0000
0.0000
1.8259
0.0000
0.0000
1.0034
3.6468
0.0000
0.0000
1.5635
0.0000
0.0000
1.3690
0.0000
0.0000
0.0000
1.5708
0.0000
0.8892
0.0000
0.0000
0.0801
0.0000
0.0000
0.0000
0.0000
0.0000
0.0000
0.0000
0.0000
1.8444
0.0000
0.0000
0.0000
0.0000
4.0248
0.0000
0.0000
0.0000
0.0000
0.3111
0.0000
0.0000
0.0000
0.0000
0.0000
0.0000
1.1166
0.0000
0.8503
1.1236
0.0000
0.0000
0.0000
0.0000
0.0010
0.0000
2.3514
0.0000
1.0620
0.0000
0.8571
0.0000
0.0000
0.0000
1.0756
0.0000
0.0000
0.0000
0.0000
0.0535
3.6769
1.0117
0.0000
0.0000
4.1093
0.0000
0.0000
0.0000
0.0000
0.0000
3.8566
0.0000
0.0000
0.0000
0.0000
0.0000
4.0148
1.4504
0.0000
2.0042
1.7117
0.1376
0.0000
2.1962
0.0000
0.0000
0.0000
0.0000
0.0000
0.0000
0.0000
0.0000
0.0000
0.0784
0.0000
0.0000
0.0000
0.0000
0.0000
0.1221
0.1416
0.0000
1.7673
0.0000
0.0000
3.4585
0.0000
0.0000
0.0000
0.0000
0.0000
0.1441
0.0000
0.0000
0.0000
3.0627
0.0000
0.0000
0.0000
0.0000
0.0000
0.0000
0.0000
0.0000
0.7987
0.0000
0.0000
0.0000
0.0000
0.0000
1.7884
0.0000
0.0000
2.7765
0.0000
0.0000
0.0000
0.0000
5.0435
0.0000
0.0000
0.0000
1.2730
0.0000
0.0000
0.0000
0.0000
0.5867
0.0000
0.0000
0.0000
0.0689
1.6714
0.0000
0.0000
0.0000
0.0000
0.0000
0.0000
0.0000
0.0000
0.0000
0.0000
1.7309
0.0000
1.6137
0.9363
0.0000
0.0000
4.1131
0.9895
0.0000
0.8364
1.3525
1.2718
0.0000
0.0000
0.0000
0.7697
0.0000
0.0000
0.0000
0.9015
0.0000
0.0000
0.8033
0.0000
0.6783
0.0000
0.4594
0.0000
0.0000
0.8233
0.0000
0.0000
0.0000
1.9753
0.0000
0.0000
0.0000
0.0000
1.4043
0.0000
0.0000
0.0000
0.0000
0.0000
0.0000
0.2867
1.4137
0.3035
0.0000
2.1185
0.0000
0.5912
0.0000
0.0000
0.0000
0.0000
0.4774
0.0000
0.0000
0.0000
0.0000
0.0000
0.0000
0.0000
1.5960
0.0000
1.1596
0.0000
0.0000
0.0000
0.0000
2.3720
0.0000
0.1173
0.0000
0.2930
0.0000
0.0790
0.0000
0.0000
6.3654
0.0000
1.0331
3.0666
0.0000
0.3293
0.0000
0.0000
0.0000
1.2239
0.0000
0.0000
0.5603
0.2858
0.6691
0.0000
1.6703
2.1015
0.0000
0.0000
0.0000
0.0000
0.0000
0.0000
0.0000
0.0000
0.0000
0.0000
0.0000
1.1744
0.3906
0.0000
0.0000
0.0000
0.0000
0.0000
0.0000
0.0000
0.0000
0.0000
0.0000
0.0000
1.2376
2.1600
0.0000
0.0000
0.0000
1.6325
0.0000
0.0000
0.0000
0.0000
0.0000
0.0000
0.0000
0.0000
0.0000
0.0000
0.0000
0.8146
0.2659
1.2117
0.0000
0.0000
0.0000
0.0000
0.0000
0.0000
0.0000
0.0000
1.6525
0.0000
0.0000
0.0000
0.0000
0.0000
0.0000
0.0000
0.0000
0.0000
1.8764
1.2779
0.0000
1.4756
0.0000
0.7305
0.0000
0.3468
3.5003
0.0000
0.0000
0.0000
0.0000
0.0000
0.3898
2.7091
0.0000
0.3386
0.0000
0.0000
0.1031
0.0000
2.3764
0.0000
0.9876
0.0000
0.0000
2.2903
0.0000
0.0178
0.0000
0.0000
0.0000
0.0000
0.0000
0.0000
2.4493
4.2371
0.0000
0.0333
0.0000
0.0000
0.0000
0.0000
0.0000
0.0000
0.0000
0.0000
0.0000
0.0000
1.5035
0.0000
0.0000
1.3488
1.6704
0.0000
0.0000
0.0000
1.1640
0.0000
0.0000
0.0000
0.0000
0.8281
1.7803
0.0000
0.0000
0.0000
0.4155
0.0000
0.0000
0.0000
0.0000
0.0000
0.0000
0.0000
0.0000
0.0000
0.0000
0.0000
0.0000
0.0000
0.0000
1.8489
0.0000
0.0000
0.0000
1.9514
0.0000
0.0000
0.0000
1.8111
0.6200
0.0000
2.1861
0.0000
0.0000
0.0000
0.0000
0.0000
0.6866
0.0000
0.6796
0.0000
0.0000
0.9387
0.0000
1.1062
0.0000
0.0000
0.2549
0.0241
0.0000
4.1731
0.0655
0.0000
0.0000
0.0000
0.0000
0.0000
0.0000
0.0000
0.0000
0.0000
2.5345
0.0085
0.0000
0.0000
1.2242
0.0000
0.0000
0.0000
0.0000
0.0000
0.0000
0.4699
0.0000
0.0000
0.0000
1.0705
0.0000
3.0468
1.9277
0.1129
0.0000
1.3409
0.0000
0.0000
0.0000
0.0000
1.4394
0.0000
0.0000
0.0000
0.0000
0.0000
0.0000
0.0000
0.0000
0.0000
0.0000
0.0000
2.8039
0.0000
2.1458
0.0000
0.0000
2.7562
0.0000
0.2971
0.0000
0.0000
0.9755
0.0000
0.0000
0.0000
0.0000
0.0000
0.0000
0.0000
1.8376
0.0000
0.3829
0.0000
0.0000
0.0000
0.0000
0.0000
0.0000
0.4366
0.0000
0.0000
0.0000
0.0000
0.1074
0.8907
0.0000
0.0000
0.0000
0.0000
0.0848
0.0000
0.0000
0.0000
3.3526
0.0000
0.0000
0.0000
0.0000
0.0000
0.0000
0.0000
0.6667
0.0000
0.0000
0.0429
0.0000
0.0000
2.3590
0.0000
1.6873
3.0347
0.7729
0.0000
0.5587
0.0000
0.0000
0.0000
0.0000
0.0000
0.0000
0.0000
0.4151
0.0000
0.0000
0.0000
0.0000
0.0000
0.0000
0.0000
0.0000
0.0000
0.0000
0.0000
0.0000
0.0000
0.0000
0.0000
0.0000
0.0000
0.6627
0.0000
0.0000
0.0000
0.0000
0.0000
0.0000
0.0000
0.0000
0.0000
0.0000
0.0000
0.9653
0.0000
0.0000
0.7698
0.1793
0.0000
0.4753
0.0000
0.0000
0.0000
0.1305
0.0000
2.6949
1.3534
0.0000
0.0000
0.1611
1.3074
0.0000
0.0000
0.0000
0.0000
0.5500
0.0000
0.0000
0.0000
0.0000
0.0000
0.0000
0.0000
0.6171
0.0000
0.0000
0.0000
0.0000
0.0000
0.0000
1.2366
1.5945
0.0000
0.0000
0.0000
0.0000
0.0000
0.0000
0.0000
0.0000
0.0000
0.0000
0.8979
0.0000
0.0000
4.0943
0.0000
0.0000
0.0000
0.0000
0.6381
0.0000
0.0000
0.0000
0.3055
1.7820
0.0000
0.0000
4.4451
1.3019
0.0000
0.0000
0.0000
0.0000
0.0000
0.0000
0.0000
0.0000
0.0925
0.0000
0.0000
0.0000
0.0000
0.0000
0.0000
0.0000
0.0000
0.3193
0.7251
0.0000
0.4020
0.0000
3.2892
0.1957
1.0897
0.0000
0.0000
0.0000
0.0000
1.1871
0.0000
0.0000
0.0000
0.0000
2.2598
0.4024
0.0000
0.0000
0.0000
0.0000
0.2959
1.8434
0.0000
0.9675
0.0000
0.9558
0.0000
0.0000
0.0000
2.0572
0.0000
0.0000
0.0000
0.0000
1.6807
0.0000
0.4471
1.3187
0.0000
4.7425
0.0000
0.0000
0.0000
0.3410
0.0000
0.0000
0.0000
0.0000
0.0000
0.0000
0.0000
0.0000
4.1077
0.0000
0.0000
0.0000
0.0897
0.0000
0.2401
0.0000
0.0000
0.0000
1.9756
0.0000
1.8834
0.0000
1.8981
0.0000
0.0000
0.0217
1.7010
0.0000
1.2210
0.0000
0.3865
0.0000
0.0000
0.0000
0.0000
2.6591
0.0000
0.0000
0.2223
0.0000
0.0000
1.3244
0.0000
1.4567
0.0000
1.0413
0.0000
1.9464
0.0000
0.0000
0.7195
0.0000
0.0000
0.0000
0.0000
3.5669
0.0000
0.0000
0.0000
0.0000
0.0000
0.0000
0.0000
0.0000
0.0000
0.0000
0.0000
0.0000
0.0000
2.4361
0.0000
0.7053
0.0000
1.6882
1.1909
0.3369
0.0000
0.0000
0.0000
1.0624
0.0000
0.0000
0.0000
0.0000
0.0000
3.5667
0.0000
0.0000
1.1284
0.0000
0.0000
0.0000
0.0000
0.0000
1.2431
0.0000
1.7660
0.0000
0.0000
1.7550
1.6283
0.0000
0.0000
0.0000
0.0000
0.0000
0.0000
0.0000
1.2415
0.0000
0.0000
0.0000
0.5630
0.7338
0.0000
0.0000
0.0000
0.0000
1.0360
0.4094
0.7967
0.4616
0.0000
0.0000
0.0000
1.8529
0.0000
0.0000
0.0000
0.0000
0.0000
0.0000
0.0000
0.0000
0.0000
0.0000
0.0000
0.0000
0.6541
0.0000
0.0000
0.0000
0.0000
0.0000
0.0000
0.0000
0.0000
0.0000
0.0000
0.6594
0.0000
0.0000
0.0000
2.5058
0.9662
1.4185
0.0000
0.0000
0.0000
0.0000
0.1578
0.2430
0.0000
0.0000
0.1870
0.2609
0.0000
0.0000
0.0000
0.0000
0.0000
0.0000
0.0000
0.0000
0.0000
0.8408
0.0000
0.0000
0.0000
3.6839
0.0000
0.0000
1.5197
3.4803
2.8744
0.0000
0.0000
0.0000
0.0000
0.0000
2.0598
0.0000
0.0000
0.0000
0.0000
0.0000
0.0000
0.5287
0.0000
2.1525
0.0000
0.0000
0.0000
0.0000
0.0000
0.0000
0.1016
0.0000
0.0000
2.3231
0.0000
0.0000
0.0000
2.1530
0.0000
0.0000
0.0000
0.0000
0.0000
2.8339
0.0000
3.1367
0.5054
0.0000
0.0000
0.0000
0.0000
0.0000
0.0000
0.0000
0.0000
0.0000
3.5704
0.0000
0.0000
0.0000
0.0000
0.6457
0.0000
0.0000
0.0000
1.1693
0.0000
0.0000
0.0000
1.6219
0.0000
0.0000
0.0000
0.0000
0.0000
0.0000
0.0000
0.3009
0.8623
0.0000
0.0000
1.8684
0.5742
0.0000
0.2011
2.0075
0.0000
1.5811
0.0000
0.0000
2.8179
0.0000
0.0000
0.0000
0.0000
0.0000
1.3824
0.0000
0.0831
0.0000
0.0000
0.0000
0.0000
0.0000
0.0807
3.0179
0.0000
0.3641
0.0371
1.4621
0.0000
0.0000
0.7112
0.0000
0.0000
0.0000
0.0000
0.0000
0.0000
1.5078
0.0000
0.0000
0.6270
0.0000
0.4109
1.9870
0.0000
0.0000
0.0000
0.0000
0.0000
0.0000
0.0000
1.0984
0.0000
3.0291
0.3801
0.0000
0.0000
0.0000
0.0000
0.0000
0.0000
0.5929
0.0000
0.0045
0.0000
0.0000
0.3886
0.0000
0.0000
0.0615
0.0000
0.0000
0.0443
0.0000
0.0000
0.0887
0.8006
0.0000
0.0455
0.0000
0.0000
0.0000
0.0000
0.0000
1.2364
0.4332
2.1315
0.0000
3.4873
0.0000
0.2495
0.0000
0.0000
0.0000
0.0000
0.0000
0.0000
0.1327
0.0000
0.0000
0.0000
0.0000
0.8339
0.0000
0.0000
0.4290
0.0000
0.0000
0.0000
0.0000
0.5800
0.0000
0.0000
0.0000
0.0000
0.0000
0.0000
0.0749
0.0000
3.2259
2.9253
0.0000
1.6233
0.0000
0.0000
0.0000
0.0000
0.0000
0.0000
0.3297
0.0000
0.0000
0.0000
0.9474
2.4622
1.5623
0.0000
0.0000
0.0000
0.0000
0.0000
1.7098
0.0000
2.4118
0.0000
0.4922
0.0373
0.0000
1.7478
0.0000
2.7408
0.6372
0.2589
0.0000
0.0000
0.7315
0.0000
0.0000
1.0536
0.0000
0.0000
0.0000
0.0000
0.0000
0.0000
0.0000
0.0000
0.0000
1.8115
0.0000
0.0713
0.0000
1.3574
0.0000
0.0000
0.0000
0.0000
0.0000
0.3504
0.0000
0.0000
2.2788
0.0000
0.0000
0.2432
0.0000
1.4755
0.0000
0.0000
0.0000
0.0000
0.0000
0.0000
0.0000
0.0000
0.0000
0.0000
0.0000
1.2533
0.0000
3.4468
0.0000
0.0492
0.0000
0.0000
0.0000
0.0000
0.0000
0.0000
0.0000
0.0000
0.6297
0.0000
3.2464
2.0844
0.0000
0.0000
0.0000
0.0000
0.0000
0.0000
0.0000
0.0000
0.0000
0.0000
0.6641
0.0000
2.2209
0.0000
0.6119
0.0000
0.0000
0.0000
0.0000
0.0000
0.0000
1.7899
3.8330
2.5132
0.0000
0.2069
0.0000
0.4250
0.0000
0.7376
0.0000
0.2873
0.0000
0.0000
0.0000
0.0000
0.0000
0.0000
1.4884
1.4288
0.0000
0.2989
0.0000
0.0000
0.0000
0.3564
0.0000
0.0000
4.3218
0.6309
0.3728
0.0000
0.5747
0.0000
0.0000
1.9617
3.1401
0.3365
0.0000
0.0000
0.0000
0.0000
0.0000
0.0000
0.0000
0.4776
0.0000
0.0000
0.0000
0.0000
0.0000
0.0000
0.0000
1.5101
0.0000
0.5052
0.0000
0.0000
0.0000
1.5237
0.0000
0.0000
0.0000
0.0515
0.0000
0.0000
0.0000
0.7810
0.0000
0.0000
0.0000
0.0000
1.9582
0.0000
1.0731
0.6787
0.3998
1.5364
0.0000
0.8406
0.0000
0.0000
0.0000
0.1304
0.0000
0.4036
0.0000
0.0000
0.0000
0.0000
0.0000
5.6378
0.0000
0.0000
0.0000
0.0000
0.0000
0.0000
0.0000
0.2584
0.0000
0.0000
0.8598
0.0000
0.0000
0.3310
0.1580
0.0000
0.2455
0.0000
1.8978
0.0000
0.0000
0.0000
0.0000
2.4962
0.0000
0.4307
0.0000
1.6279
0.0000
0.4724
0.0000
0.0000
0.2415
0.0000
0.0000
0.0000
0.6654
0.0000
0.0000
0.9548
0.0000
0.0000
0.0000
1.8597
0.0000
1.8726
3.1974
0.9998
0.0000
0.0000
0.0000
1.0559
0.0000
0.0000
0.0000
1.7404
1.3532
0.0000
0.0000
0.0000
0.0000
0.0000
0.0000
0.0000
0.0000
0.0000
0.0000
0.0000
0.0000
0.0000
0.9437
0.0000
1.1162
0.0000
0.0000
0.4478
0.0000
0.0000
0.0000
0.0000
0.3471
1.3672
1.8211
1.0766
2.2981
0.0000
0.0000
0.0000
0.0000
0.0000
0.0000
0.0000
0.0000
0.0000
0.0000
0.0000
0.3735
0.0000
1.4883
0.0000
1.2191
0.0000
0.0000
0.0000
0.0000
0.7273
0.0000
0.0000
0.0000
0.5951
0.0000
0.0000
1.9749
0.0000
0.0000
0.0000
0.0000
0.0000
0.0000
0.0000
0.0000
0.0000
0.0000
0.0000
0.0000
0.0000
0.0000
0.3546
0.0000
1.2591
0.0000
0.7080
0.0000
2.5947
0.0000
0.0000
0.0000
0.0000
0.0000
0.9499
2.3017
2.5068
0.0140
0.0000
0.0000
2.7278
0.0000
1.9037
0.0000
0.0000
0.0000
0.0000
0.0000
0.0000
0.0000
0.0000
0.0000
0.0000
2.0982
0.5178
0.0000
1.9980
0.0000
0.0000
0.0000
0.0000
0.0000
0.0000
0.0000
4.1658
0.0000
0.0181
2.3993
0.0000
0.0000
1.7019
0.7884
0.0000
0.0000
2.2839
0.9119
0.0000
0.0000
0.9867
2.1701
3.3507
0.0000
1.6373
0.0000
0.0000
0.5161
0.0000
0.0000
0.0000
0.0000
0.0000
0.0000
0.0000
1.9949
0.0000
0.0000
2.0705
0.0000
4.0029
0.0000
0.0000
0.0000
0.0000
0.0000
0.0000
0.0000
0.9839
0.0000
0.0000
1.6977
0.0000
2.8654
0.0000
0.0000
0.0000
0.0000
0.0000
0.0000
0.0000
1.1825
0.8103
0.0000
0.0000
1.4806
0.0000
0.2354
2.3611
0.0000
0.0000
0.0000
0.0000
0.0000
0.0000
0.0000
0.0000
0.0000
0.0000
0.0000
0.0000
0.0000
1.3288
0.0000
0.0000
0.0000
0.0000
2.1129
0.0000
2.3947
2.9408
0.0000
0.0000
0.0000
0.0000
0.0000
0.0000
0.0000
2.4413
0.0000
0.7233
0.0000
0.0000
0.0000
0.0000
0.0245
0.0000
0.0000
0.0000
0.0000
0.0000
1.2357
0.0000
1.7568
0.0000
0.0000
0.6613
0.0000
0.0000
0.0000
0.0000
0.0000
0.0000
0.0000
0.0000
0.0000
0.9340
0.0000
0.2116
0.0000
0.0000
0.0000
0.0000
0.0000
0.0000
0.8256
0.0000
0.0000
0.0000
1.4184
0.0000
1.9308
0.0000
1.4492
0.0000
0.0000
0.0000
0.5353
0.0000
0.0000
0.0000
0.0000
3.0145
0.0000
1.0674
0.0000
0.0000
0.0000
1.3220
0.0000
0.0000
0.0000
0.0000
0.0000
0.0000
0.8787
0.0000
0.0000
0.2725
0.0000
0.9496
0.0000
0.0000
0.0000
0.5093
0.0000
1.5322
0.0000
0.0000
0.0000
0.0000
1.6595
1.7740
0.0000
0.5703
0.6340
0.0000
0.9738
0.0000
3.5201
0.0000
0.5332
0.0000
0.0000
0.0000
0.0000
0.0000
0.4887
0.0000
0.0000
0.0000
0.0078
1.2457
0.0000
0.0000
0.0000
0.0000
0.0000
0.0000
0.0000
0.3479
0.0000
0.0000
1.6285
2.9676
0.7821
0.0000
0.5832
0.0000
0.0000
0.0000
0.0000
0.0000
2.7614
0.2556
0.0000
1.9597
3.1012
0.0000
0.0000
0.0000
0.8748
0.1394
0.0000
0.0000
1.6390
0.0000
0.0000
0.0000
0.0000
0.8984
0.1890
0.0000
0.0000
0.0000
0.0000
3.1667
0.0000
1.7031
1.3312
0.0000
0.0000
0.0000
0.5733
0.0000
0.0000
0.0000
1.2139
1.9685
0.0000
0.0000
0.0000
0.1347
0.0000
0.0000
2.0020
0.0000
0.0000
0.0635
0.0000
1.5325
2.5875
0.7507
0.0000
0.0000
0.0000
0.0000
1.0720
0.0000
0.0000
0.0000
0.0000
0.2124
0.0000
0.0000
0.0000
0.0000
0.0000
0.0000
0.0000
0.0000
0.0000
0.0000
0.0000
1.9283
0.0000
1.1749
0.0000
0.0000
0.0000
0.0000
0.0000
0.8410
0.0000
0.0000
0.0000
2.0215
0.0000
0.0000
0.0000
0.0000
0.0000
0.0000
0.0000
0.0000
0.0000
0.0000
0.0000
0.0000
0.0000
0.0000
2.5443
0.0000
1.3764
0.0000
0.0000
0.0000
0.0000
0.0000
2.2035
0.0000
0.0000
0.2467
0.0000
0.0000
0.0000
0.0000
0.0000
0.0000
0.0000
0.3419
0.0000
0.2598
0.0000
1.3368
0.0000
0.7379
1.1455
0.0000
0.0000
0.0000
0.0000
0.8218
0.0000
0.0000
0.0000
0.0000
1.1751
3.6159
0.0000
2.5483
0.0000
1.5050
0.1710
0.0000
0.0000
0.0000
0.0000
0.0263
0.0000
0.0000
0.0000
2.1234
0.3990
3.4884
0.0000
0.0000
0.0000
0.0000
0.0000
2.6930
0.0000
0.0000
1.6941
0.0000
0.9088
0.0000
0.0000
0.0000
0.0000
2.2361
0.0000
0.0000
0.0000
0.4139
0.0000
0.0000
0.0000
0.0000
0.0000
0.0000
0.0000
0.0000
0.0000
0.0000
1.2821
0.8780
1.1710
2.0934
1.9865
0.3535
0.0000
0.0000
0.0000
0.0000
0.0000
0.5556
0.0000
1.8261
0.0000
0.0000
0.0000
0.9309
0.0755
0.0000
0.0000
0.0000
0.0000
0.0000
0.0000
0.0000
0.0000
0.0000
0.0000
0.0000
4.2115
0.0000
0.0000
0.0000
0.0000
0.0000
0.8226
0.0000
0.0000
0.0000
0.1216
1.8041
0.0000
0.0000
0.5428
1.1659
0.0000
0.0000
0.0000
0.0000
0.0000
2.5842
0.0000
0.0000
0.0000
0.0000
0.0000
0.0000
0.0000
0.0000
0.0000
0.0000
0.0000
0.0000
2.3617
0.0000
0.0000
0.0000
3.1340
0.0000
0.0000
0.0000
1.5350
0.0000
0.0000
0.0000
0.0000
0.0000
0.0000
1.8138
1.9066
0.0000
0.0000
0.0000
0.0000
2.3401
0.0000
0.0000
0.0000
0.8485
0.0000
0.1597
1.0407
0.0000
0.2521
0.0000
0.0000
0.3879
0.0000
0.0000
0.0000
0.0000
1.6552
0.0000
0.0000
0.0000
0.0000
0.0000
0.0000
0.0000
0.6225
0.0000
0.0000
0.0000
0.0000
0.0000
0.0000
0.0000
0.0000
0.0000
0.1350
0.0000
0.0000
3.3507
0.0000
0.0000
1.0519
0.5845
2.1201
0.0000
0.0000
0.7621
0.0000
0.4677
0.0000
0.0000
0.0000
0.0000
0.0000
0.8691
0.0000
0.0000
0.0000
0.0000
0.0000
2.2569
0.0000
1.0296
0.0000
0.0000
0.0000
0.3515
0.0000
0.4388
0.0000
0.0000
0.8012
1.7787
1.2259
0.0905
0.0000
0.0000
0.0000
0.6545
0.0000
0.4486
0.1687
0.0000
0.0000
0.0000
0.2674
2.1955
1.2561
0.0000
0.3230
0.0000
2.8317
5.1664
0.0000
0.0000
0.0000
0.0000
0.0000
0.0000
0.0000
0.0000
0.0000
0.0000
0.0000
0.0000
0.0000
0.0000
0.0000
0.0000
0.0000
0.0000
0.0000
0.0000
0.0000
0.5269
0.0000
0.0959
0.9811
0.0000
0.0000
0.0000
0.0000
0.0000
0.0000
0.0000
2.3083
0.0000
0.2926
0.0000
2.4038
0.0000
1.2916
0.0000
1.4751
0.0000
0.0000
0.2617
0.0000
0.0000
0.0000
0.0000
0.0000
0.0007
0.1229
0.0000
3.4442
0.0000
0.0000
0.0000
1.5500
0.0000
0.0000
0.0000
0.2918
0.0000
0.0000
0.0000
0.3388
0.4021
0.6579
0.2525
0.0000
0.3433
0.5375
0.0000
0.0000
0.0000
0.0000
1.6451
0.0000
0.0000
0.0000
0.0000
0.0000
0.1201
0.0000
4.8303
0.0000
0.4332
1.3958
0.0000
0.0000
0.0000
0.0000
0.0000
0.0000
0.0000
0.0000
0.0000
0.7599
0.0000
0.0000
0.0000
0.0610
0.0000
0.0000
0.0000
0.0000
0.0000
0.0000
0.0000
1.0936
0.0000
0.0000
0.0000
0.0000
0.0000
0.0000
2.2908
0.0000
0.5272
0.0000
0.0000
0.0000
0.0000
0.0000
0.0000
0.0000
0.0000
0.0000
0.0000
0.0000
0.0000
0.0000
0.4382
0.0000
0.0000
4.9173
0.8104
0.0000
0.3195
0.0000
1.8447
1.0952
0.1208
0.0000
0.8580
0.0000
0.0000
0.7641
0.0000
1.9346
0.0000
0.0000
0.0635
0.0000
0.0000
0.0000
0.0000
0.0000
1.4579
1.2607
0.0000
0.0000
0.0000
0.8260
0.6752
0.0000
0.0000
1.1048
0.0000
1.1968
0.0000
0.0000
0.0000
2.1396
0.0000
0.4364
0.0000
0.1724
0.0988
1.0903
0.8378
2.4258
0.0000
0.6309
0.0000
0.0416
0.0000
0.0000
0.1703
0.0000
0.0000
0.3900
0.0000
0.0000
0.0000
0.0000
1.3109
0.0000
0.0000
0.0000
0.0000
0.0000
0.0000
0.2725
0.0000
0.0000
0.2272
0.0000
0.7202
0.0000
0.2289
0.0000
0.0000
0.0000
0.0000
1.6195
0.0000
0.0000
0.0000
0.0000
2.1290
0.0000
0.0000
0.0000
0.0000
0.0000
0.0000
0.7109
2.6383
0.0000
0.0000
0.0000
0.0000
0.0000
0.0000
0.0000
0.0000
0.0000
2.2864
0.0000
0.0000
1.3450
0.0000
3.8683
0.2153
0.0000
0.7199
0.0000
0.0000
0.0000
0.0000
1.1925
2.9395
0.0000
4.8573
1.2212
0.0000
0.0000
0.0000
1.1758
0.0000
3.0788
0.0000
0.0000
0.0000
0.0000
0.0000
2.5790
0.0000
0.0000
0.6193
0.0000
0.0000
0.0000
2.1735
0.1212
0.0000
0.0000
2.8547
0.0000
0.0000
0.3407
0.3476
0.2138
0.3913
0.0000
0.0000
0.0000
0.0000
0.0000
0.0000
1.8537
0.9448
4.0013
0.0000
1.8744
2.2007
0.4649
0.0000
0.0000
0.0000
0.0000
0.0000
0.0000
0.0000
1.3575
2.7743
0.0000
0.0000
0.0000
0.0000
0.6686
0.0000
0.0000
3.6536
0.0000
0.0000
0.0000
0.4183
0.0497
0.9922
1.5110
0.0000
0.0000
0.1123
0.0000
0.2187
0.0000
0.0000
3.4864
0.0739
0.6407
0.1033
0.0000
0.6306
2.6558
0.0000
0.0000
0.0000
0.0000
0.0000
0.2877
0.0000
0.0000
0.0000
2.0982
0.0000
0.3636
0.0000
0.0000
0.0000
0.0000
1.1521
0.0000
0.0000
0.0000
0.0000
0.0000
0.0000
0.0000
0.0000
0.0000
0.6510
0.4149
0.0000
0.0000
0.9568
0.0000
0.0000
0.0000
0.9115
0.2993
0.0000
0.6737
0.4819
0.0000
1.9257
0.0000
0.0000
0.0000
0.0000
1.4735
0.0000
0.0000
0.0000
0.0000
3.3353
0.0000
0.0000
1.0918
0.0000
0.0000
0.0000
1.0236
0.0000
0.0000
0.0000
0.0000
0.3886
1.1425
0.0000
0.0000
0.7378
0.6677
0.0000
1.4815
0.9053
0.0000
0.0000
0.3807
0.0000
0.0000
0.0000
0.6224
0.0000
1.8547
0.0000
0.0000
1.5414
0.0000
0.0000
0.0000
0.0000
0.0000
1.9172
0.0000
0.3397
0.0000
0.0000
2.1637
0.0000
0.6815
0.0000
0.1063
0.0000
0.1947
0.0000
0.0000
0.0000
0.0000
0.0000
0.0661
0.4296
0.0000
0.0000
0.0000
0.0347
0.2527
0.0000
1.4003
1.0265
2.4856
0.1916
0.5325
0.0000
0.0000
0.0000
0.0000
1.9158
1.1482
0.0000
0.0000
0.0000
0.0000
0.0000
0.0000
3.2502
1.9766
0.0000
0.0000
0.0000
0.0000
2.1995
0.0000
0.0000
0.0000
0.0000
0.0000
0.0000
0.0000
0.0000
0.0000
0.0000
0.0000
0.9113
0.0000
1.4670
0.0000
0.0000
1.3052
0.0000
0.0000
1.3439
0.0000
0.0000
0.0000
0.0000
3.6409
0.3261
0.0000
0.0000
0.6180
0.0000
0.0000
0.0000
1.7768
0.0000
0.9081
1.6900
2.7429
0.0000
0.0000
0.0000
0.0000
0.0000
0.0000
0.0000
2.1462
0.0000
0.0000
5.1687
0.0000
0.1064
0.0000
0.0000
0.5960
0.0000
0.0000
0.0000
0.1372
0.0000
1.9944
0.0000
0.0000
0.0000
0.0000
0.5589
0.0000
0.0000
0.0000
0.8059
0.0000
0.3103
0.0000
0.0000
1.5583
0.0000
0.0000
0.0000
0.0000
0.0000
0.0000
0.6218
1.6246
0.0000
0.0000
0.1165
0.0000
0.0000
0.5178
0.0000
0.1888
0.0000
0.0000
0.0000
0.0000
0.0000
0.0000
0.0000
0.0000
1.9653
0.0000
0.8125
0.0000
0.0000
1.3954
0.0000
0.0000
0.0000
0.0000
0.0000
0.0000
0.0000
0.0000
0.0000
0.0000
0.0000
1.7630
1.0784
1.1932
0.0000
0.0000
0.0000
1.3111
0.0000
0.0000
0.0000
0.0000
0.0000
0.0000
0.0000
0.0000
0.0000
0.0000
0.0000
0.0000
0.0000
0.0000
0.0000
0.4490
0.0000
0.0000
0.1799
0.1813
0.0000
0.0000
1.2747
0.5056
0.0000
3.3158
0.0000
1.4623
0.1767
2.0091
0.0000
0.0308
0.0000
0.0000
1.6746
0.4934
0.0000
0.0000
0.0000
0.0000
0.0000
0.0000
0.0000
1.8702
0.0000
1.0257
0.0000
2.4699
1.0736
0.0000
1.1786
4.5112
0.7322
0.0000
0.1618
0.0000
0.0000
0.0000
3.5886
0.0000
0.0000
0.0000
0.0000
1.3895
0.0000
0.0000
1.6907
0.0000
0.1502
1.8562
0.0000
0.0000
0.0000
0.8630
0.0000
0.0000
1.4345
0.0000
0.0000
0.0000
0.0000
0.6354
1.5434
0.6988
0.1622
0.8328
0.0000
1.1686
0.0000
0.0000
0.0000
0.0000
1.1474
0.0000
0.0000
0.0000
0.0000
0.0000
1.5341
1.2053
0.0000
0.0000
0.0000
0.0000
1.7841
0.0000
0.0000
0.0000
0.0000
0.0000
0.5076
0.0000
0.0000
0.0000
2.2248
0.0000
0.0000
3.1339
0.0000
0.0000
0.1942
0.0000
0.0000
0.0000
0.0000
2.4884
0.0000
0.0000
0.0000
0.0000
0.8123
1.3356
0.8422
0.0000
0.0000
0.3280
0.0000
0.0000
0.0000
0.1376
0.0000
0.4152
0.0000
0.0000
0.0000
0.4386
0.0000
0.0000
1.4488
0.3280
0.0000
0.0000
0.4931
0.0000
0.0000
0.0000
0.0148
0.0000
0.0000
2.0335
0.4529
0.0000
0.0000
4.6069
0.0000
0.6519
0.0119
0.4491
0.0000
0.0000
0.0000
0.0000
0.0000
0.0000
0.0000
0.0000
1.1465
0.0000
0.0000
0.0000
0.0000
0.0000
0.0000
0.0000
0.0000
0.0000
0.0000
0.0000
0.0000
0.0000
2.7655
0.0000
0.0000
0.0000
3.8116
0.0000
0.7944
0.0000
0.4487
0.0000
0.0000
0.0000
0.0000
0.0000
0.4691
0.0000
0.0000
1.9116
0.0677
0.0000
0.0000
0.0000
0.0000
0.0000
0.1010
0.0000
0.0000
0.0000
0.0000
0.0000
0.0000
0.0000
0.0000
0.3014
0.0000
0.0000
0.0000
0.0000
0.0000
1.8213
0.0000
0.0000
0.9626
0.0000
0.8475
0.0000
0.0000
0.4227
0.3651
0.0000
0.0000
0.0000
0.0000
2.5283
0.0000
0.6948
0.0000
0.0000
0.0000
0.3862
2.6090
0.0000
0.3393
0.0000
0.0000
0.0000
3.2482
0.0000
1.9957
0.0000
0.0000
0.0000
0.0000
0.0000
0.1540
2.5180
0.0000
0.0000
0.0000
0.0000
0.0000
0.0000
0.0000
0.0000
0.0000
0.0000
0.0000
0.0000
0.0000
0.0000
0.6838
0.0000
1.5339
0.0000
0.0000
0.0000
0.0000
0.2450
0.3924
0.0000
0.0000
0.0000
1.3127
0.0000
1.9018
0.1909
0.0000
0.0000
0.0000
0.0000
1.9628
0.0000
0.0000
0.0000
0.0000
0.0000
0.3272
0.0000
0.0000
0.0000
0.8981
0.0000
1.3167
0.0000
0.0000
0.0000
0.0000
0.0000
0.0000
0.0000
0.0000
0.0000
2.5384
0.0000
0.4375
0.0000
0.0000
0.0000
0.0000
2.2516
0.0000
0.0000
0.0000
0.0000
0.7958
0.0000
0.0000
0.0000
0.0000
0.0000
0.0000
2.0036
0.0000
0.0534
0.0000
0.0000
0.6281
0.0000
0.0000
0.0000
0.0000
0.0000
0.0000
0.0000
0.0000
0.1934
0.0000
0.1542
0.1648
0.0000
0.0000
3.7618
0.0000
0.0000
0.0000
0.0000
0.0000
0.0000
0.0000
1.5522
0.0000
0.0000
0.0000
0.0000
0.6769
0.0000
0.0000
0.0000
0.0000
0.7966
0.0000
0.0000
0.4608
0.0000
0.7820
2.2892
0.0000
0.0000
0.0000
0.0000
0.4652
0.0000
0.0000
0.0000
1.4264
0.6158
1.4797
0.0000
0.0000
0.0000
0.0000
0.0000
0.0000
0.0000
1.2980
0.0000
0.9506
0.0000
0.0000
0.0000
1.4355
0.0000
2.1286
0.0000
0.5024
1.8613
0.0000
0.0000
0.1689
0.5585
0.8581
0.0000
0.7638
0.0000
0.0000
0.0000
0.0000
1.1277
0.0000
0.6398
2.9058
0.0000
0.0000
1.2037
0.0000
2.8335
0.6120
0.0000
0.0000
0.0000
0.0000
0.0000
0.2973
3.2081
1.3558
0.0000
0.0000
0.0000
0.0000
0.0000
1.1874
1.3047
1.3399
0.0000
0.1163
0.0000
0.0000
0.0000
4.6580
0.0000
0.0000
0.0000
0.0000
1.9175
0.0000
0.0000
0.0000
0.0000
0.0000
0.0000
2.0451
0.0000
0.0000
4.4544
0.0000
0.0000
0.0000
0.0000
0.6862
1.2399
1.5919
0.0000
0.0000
0.0000
1.5708
0.1917
0.0000
0.0000
0.0000
0.0100
0.0000
0.0000
4.7404
0.0000
0.9238
0.0000
0.0456
0.8724
0.0000
0.0000
0.0000
0.0000
0.1006
0.0000
3.6084
0.0000
0.0000
0.0000
0.0000
0.0000
0.0000
0.0000
2.2157
0.0000
0.0000
0.0000
0.0000
0.0000
0.0000
0.0000
3.4052
4.7407
0.0000
0.0000
0.0000
0.0000
0.0000
0.0000
0.0000
0.3800
0.0000
0.0000
2.0910
0.0000
1.8110
1.2635
1.5300
0.0000
0.0000
0.0000
0.0000
2.3185
3.4667
0.0000
0.0000
0.0000
0.0000
0.0000
0.0165
0.0000
3.4052
0.0000
1.2055
0.0000
0.0000
0.0000
0.0000
0.6917
0.0000
0.0000
1.2537
1.7226
0.0000
0.0000
0.0000
0.0000
2.1935
0.0000
0.0367
0.0000
0.0000
0.0000
0.0000
0.0000
0.0000
0.0000
0.0000
2.4244
0.0000
0.0000
0.2677
0.0000
0.0000
0.0000
0.0000
0.0000
0.2068
0.0000
1.1643
2.0117
1.0176
0.9406
0.0000
0.0000
1.1973
0.0000
0.0000
0.1800
0.0000
0.5197
0.0000
0.1829
0.0000
0.0000
0.0000
0.0000
0.0000
0.0000
0.0000
0.0000
0.0000
0.0000
2.8222
0.6070
0.0000
0.0000
0.0000
3.8179
0.0000
0.0000
0.0000
0.0000
0.0000
1.6864
0.0000
0.0000
0.0000
0.0000
0.3485
0.0000
0.0000
1.1696
1.8300
0.0000
0.0000
0.0000
0.0000
0.0000
0.0000
0.6220
0.0000
0.0000
0.0000
0.7287
0.0000
0.0000
0.0000
0.0000
0.0000
0.0000
2.0257
0.0000
0.0000
0.0000
0.0000
0.0000
0.0000
0.0000
0.0477
4.4621
0.0000
0.6648
3.6798
0.2896
0.0000
0.0000
0.1186
0.0000
0.0000
0.0000
0.0000
0.0000
0.0000
0.0000
0.0279
1.3023
0.0000
0.0000
3.1510
0.0000
0.9826
0.8428
0.0000
0.0000
0.0000
0.1280
2.7703
0.0000
0.9019
0.0000
0.0000
0.0000
0.9804
2.6717
0.0000
0.0000
0.0000
0.6652
0.0000
0.0000
0.0000
0.0000
0.0000
0.0000
1.2133
0.9904
0.0000
0.0000
0.0000
0.3027
0.0000
2.2790
0.0000
0.0000
1.1489
0.0000
0.0000
0.0000
0.0000
0.0000
0.9188
0.0000
0.0000
0.0000
0.0000
3.1033
0.0000
2.6882
0.0000
0.0000
0.0000
0.0000
0.0000
0.0000
0.0000
0.0000
0.0000
1.0963
0.0000
0.8828
0.0000
0.0000
0.0000
0.0000
1.5276
1.8628
0.8243
0.0000
0.0000
0.0000
0.0000
0.0000
0.0000
0.0000
2.2172
0.0000
0.0000
0.0000
0.0000
0.0000
0.0000
0.3609
0.0000
0.0000
0.0000
0.0000
0.0000
0.0000
0.0000
0.0372
0.0000
0.0000
0.0000
1.6369
0.1902
0.8831
0.0000
3.6769
0.0000
0.0000
1.7195
0.0000
0.0000
0.0000
1.1779
0.0000
0.0000
0.0000
0.0000
2.2139
1.0073
1.9345
0.0000
0.0000
0.0000
0.0000
1.0356
0.0000
0.0000
0.0000
0.3632
0.5017
0.0000
0.0000
0.0000
0.0000
0.5022
0.0000
0.0000
0.0000
0.0000
0.0000
3.9628
0.0000
0.0000
4.0330
0.6061
0.0000
0.0000
0.0000
0.0000
0.0000
0.0000
1.2905
0.0000
0.0000
1.3445
1.2979
0.5930
1.3689
0.5135
0.0000
2.2461
0.0000
0.0000
0.4059
0.0000
0.0000
0.0000
0.2733
3.7465
0.0000
0.0000
0.0000
0.0000
0.0000
0.0000
0.3391
0.0000
0.0000
0.1005
0.0000
0.0000
0.0000
0.0000
0.9878
0.0000
0.0000
0.0000
0.0000
0.0000
0.0000
0.0000
0.0000
1.8236
0.0000
0.0000
0.3525
0.0000
0.0000
0.7953
0.0000
0.0000
0.4214
0.0000
0.0000
0.0000
0.0000
0.0000
1.5863
0.0000
0.0000
0.0000
0.0000
0.0000
0.0000
0.8783
0.0000
0.0000
0.0000
0.0000
3.5855
0.6714
0.0000
0.0000
0.0000
1.5695
1.8069
0.0000
0.0000
0.0000
3.3151
0.0000
0.0000
0.0000
0.0000
0.0000
0.0000
0.0000
0.0000
2.4876
0.0000
0.0000
0.0000
4.4565
0.0000
0.7011
0.0000
0.0000
0.0000
0.0000
3.4117
0.0000
0.0000
0.0000
0.0000
1.8212
0.0000
0.4548
0.1056
1.9338
0.0000
0.0000
0.0000
0.6542
0.0000
0.0000
0.0000
0.0000
0.0000
2.8560
0.0000
3.8784
0.0000
0.0000
1.2184
0.0000
2.4470
0.0000
0.7463
0.0000
0.0000
2.1208
0.0000
0.0000
0.0000
0.2197
0.0000
0.0000
0.6889
0.0000
0.0000
0.0000
0.0000
0.0000
0.0000
0.5566
0.0000
0.0000
0.0000
2.4546
0.8477
0.0000
0.0000
0.0000
0.0000
2.4248
0.0495
0.0000
1.6810
3.0063
0.0000
0.0000
1.0476
0.0000
5.0243
1.3078
0.5954
0.0000
2.7630
0.0000
0.0000
0.0000
0.0000
0.0000
0.0000
0.0000
0.0992
1.5575
2.6575
1.8228
0.6623
0.0000
1.5405
0.0000
0.0000
0.0000
0.0216
0.0000
0.6779
0.0000
0.0000
1.5711
0.0000
0.0000
0.0000
3.5673
0.4979
0.0000
0.6819
0.0000
0.0000
0.3071
1.1964
0.7761
0.0000
0.0000
0.0000
0.5608
0.6626
0.2788
0.0340
0.0000
0.0000
0.0000
0.0000
0.0000
0.3322
0.0000
0.0000
0.0000
0.1382
0.0000
0.0000
1.5974
0.6295
0.0000
0.0000
0.3070
1.1962
1.1117
0.3752
0.0000
0.4349
1.6588
0.0000
0.5367
0.0000
0.0000
0.0000
0.0000
0.5591
0.0000
0.0000
0.0000
0.0000
2.2660
0.8003
0.2689
1.1764
0.0000
0.4688
1.2879
0.0000
0.0000
0.0000
0.0000
2.3080
0.5649
1.4900
0.0000
0.0000
1.8234
0.0000
0.0000
0.0000
0.0858
0.5898
0.0942
0.0000
0.0000
0.0000
0.0000
0.0000
4.1714
0.0000
1.0661
0.0000
0.9915
1.4905
0.0000
0.0000
0.0000
1.5264
0.0000
0.8977
0.0000
0.5101
3.7862
0.1149
0.0000
0.0000
2.4855
1.9215
0.0000
0.0000
0.0000
0.0000
0.0000
0.0000
0.0000
0.3915
0.0000
0.1686
0.0000
0.0000
0.0000
0.0000
0.0000
0.0000
0.0000
0.3871
0.5842
0.0000
0.0000
1.1159
0.0000
2.9439
1.3583
0.4050
0.0000
0.0000
0.0000
1.7519
0.0000
0.0000
0.0000
0.4230
1.5167
0.0000
3.0460
0.7882
0.0000
4.3883
1.9185
0.4328
0.9918
0.0000
2.3327
0.0000
0.0000
0.0000
0.0000
0.0000
0.0000
0.6605
0.3298
0.3387
0.5150
0.0000
0.0000
0.0000
0.0000
0.0000
0.0000
0.0000
0.0000
0.0000
0.0000
0.0000
0.0000
