0.1897
0.0000
0.0000
0.0000
4.2486
0.9876
0.0000
0.0000
0.0000
2.8960
1.8964
0.0000
0.4714
0.1010
0.0000
0.7275
0.0000
0.0000
0.0000
0.0000
0.0000
0.5214
1.8158
0.0000
1.5285
0.0000
0.0000
1.5901
0.0000
0.0000
0.0000
0.0000
0.0000
0.0000
1.8373
0.0000
0.0000
0.0000
0.2357
2.5102
0.0000
0.0000
0.0000
0.0000
0.1224
1.4801
0.0000
0.0000
0.0000
0.7021
0.0000
0.0000
0.0000
0.0000
0.0000
0.0000
0.0000
0.0000
0.0000
0.0000
0.0000
2.5634
0.0000
1.0695
0.0000
0.0000
0.0000
0.0000
1.8807
0.0000
0.0000
2.2430
0.0000
0.0000
0.0000
0.7655
0.0000
0.0000
0.0000
0.0000
0.0000
0.0000
0.8855
0.0000
0.0000
0.0000
0.4525
0.0000
2.2634
0.0000
0.6199
0.0000
0.0000
1.8402
0.0000
0.0000
0.0000
0.0000
1.8114
0.0000
1.8396
0.0000
0.0000
0.0000
0.0000
0.0000
0.0000
0.0000
0.9131
1.7422
0.0000
0.0000
0.0000
0.0000
0.0000
0.0000
0.0000
0.0000
0.0000
0.0000
2.3378
0.8725
2.6214
0.0000
0.1022
0.0000
0.6324
0.0000
0.5271
1.9061
0.0000
0.0000
0.0000
0.0000
3.9190
0.0000
0.0000
4.5815
0.0000
2.0907
3.2150
0.0000
1.1543
0.2383
3.1206
0.0000
0.1542
0.9471
0.3195
0.0000
0.0000
1.6605
0.7249
0.0000
0.0000
0.0000
0.0000
2.1819
1.0090
0.0000
0.8265
0.0000
0.0000
0.0000
0.0000
1.6728
0.0000
0.0000
0.0000
2.0223
0.0000
0.0000
0.0000
0.0000
0.6867
0.0000
0.0000
1.3457
0.0000
5.9163
4.2868
2.4451
0.0000
0.0000
0.0000
0.0000
0.6639
0.4908
0.0000
0.7337
0.0000
0.0000
0.0000
0.0000
1.1802
0.3875
0.0000
0.5791
1.7283
2.3911
0.0000
0.0000
0.0000
0.0000
0.0000
1.3046
0.0000
0.0000
0.0000
0.0000
0.0000
0.0000
0.0000
0.1399
0.4765
0.0000
0.0000
0.0000
0.0000
0.0000
0.0000
0.0000
0.0000
0.0000
0.5716
0.0000
0.8094
0.0000
0.0000
0.0000
0.0000
0.0000
0.0000
0.0000
2.2349
0.0000
0.0000
0.0000
1.7673
0.0000
0.0000
0.0000
0.0000
0.0000
0.0000
0.0000
0.0000
0.0000
0.0000
0.0000
0.0000
0.0000
0.0000
1.6147
0.0000
1.3328
0.0000
0.0000
0.0000
0.0000
0.0000
0.0000
0.0000
0.0000
0.0000
0.0000
1.2985
0.0000
0.0000
0.6291
2.3268
0.0000
0.0000
0.4551
0.0000
0.0000
0.4255
0.0000
1.3922
0.0000
4.0581
0.0000
1.6398
0.0000
0.0000
0.3947
0.0000
0.0000
0.0000
0.0000
0.0000
0.0000
0.0000
1.8979
3.6167
0.0000
0.0000
0.0000
0.0000
5.7051
0.0000
0.0000
0.0000
0.0000
0.0036
0.0000
0.3405
0.0000
0.0000
0.0000
0.0000
0.4085
0.0000
0.0000
1.4417
0.0000
0.0000
0.0000
0.0000
0.4354
0.0000
2.3159
0.9625
0.8525
0.0000
1.3390
0.0000
0.0000
0.0000
0.4043
0.0000
0.6970
0.0000
0.0000
0.8893
2.9357
2.6939
0.0000
0.0000
4.2035
0.1043
0.0000
0.0000
0.0000
0.0000
6.8263
0.0000
0.0000
0.0000
0.0000
0.0000
2.7282
1.9860
0.0000
4.4270
1.7946
0.0000
0.0000
0.7586
0.0000
0.0000
0.0000
0.0000
0.0000
0.0000
0.0000
0.0000
0.0000
0.0000
0.0000
0.0000
0.0000
0.0000
0.0000
0.0000
1.8228
0.0000
3.1363
0.0000
0.0000
4.0549
0.0000
0.0000
0.0000
0.0000
0.0000
0.8990
0.0000
0.0000
0.0000
2.1382
0.0000
0.0000
0.0000
0.0000
2.0576
0.0000
0.0000
0.0000
0.0000
0.0000
0.3580
0.0000
0.0000
0.0000
0.2119
0.0000
0.0000
2.1065
0.0000
0.0000
0.0000
0.0000
4.9271
0.0000
0.3929
0.0000
0.0000
0.0000
0.0000
0.0000
0.0000
1.5047
0.0000
0.0000
0.0000
0.0000
0.0000
0.0000
0.0000
0.0000
0.0000
0.0000
0.0000
0.0000
0.0000
0.0000
0.0000
1.0137
0.0000
1.8978
0.0000
0.0000
0.0000
4.5902
0.8265
0.0000
0.0000
0.9765
0.0000
0.0000
0.0000
0.0000
0.0000
0.0000
0.9685
0.0000
1.3916
0.0000
0.0000
0.2994
0.0000
1.5229
0.0000
0.8261
0.0000
0.0000
1.1242
0.0000
0.0000
0.0000
0.0000
0.0000
0.2965
0.0000
0.0000
2.8940
0.0000
2.4643
0.0000
0.0000
0.2292
1.0780
0.0000
1.3482
0.0000
0.0000
0.8070
0.0000
3.5347
0.0000
0.0000
0.0137
0.0000
0.7388
0.0000
0.0000
0.0000
0.0000
0.0000
0.0000
0.0000
1.0463
0.0000
0.9441
0.2488
0.0000
0.0000
0.0000
0.8417
0.0000
0.7841
0.0000
1.3495
0.0000
1.5532
0.0000
0.0000
4.6679
0.0000
1.0212
2.7953
0.0000
0.0000
0.0000
0.0000
0.5208
0.0000
0.0000
0.0000
2.0208
1.3872
0.0000
0.0000
0.9790
1.6355
0.0000
0.0000
0.5716
0.0000
0.0000
0.0000
0.0000
0.0000
0.0000
0.0000
0.0000
1.1008
2.0293
0.0000
0.0000
2.0355
0.0000
0.0000
0.0000
0.0000
0.0000
0.0000
0.0000
0.0000
1.1626
0.6288
0.0000
0.0000
0.0000
0.6881
0.0000
0.0000
0.0000
0.0000
0.0000
0.0000
0.0000
0.0000
0.0000
0.0000
0.0000
0.0665
0.0000
0.3049
0.0000
0.0000
0.0000
0.0000
0.0000
0.0000
0.0000
2.3902
0.8001
0.0000
0.0000
0.0000
0.0000
0.0000
0.0000
0.0000
0.0000
0.0000
2.0186
0.0000
0.0000
0.4159
0.0000
0.0000
0.0000
0.0000
1.3862
0.0000
0.0723
0.0000
0.0000
0.0000
0.2801
2.8900
0.0000
0.0000
1.3055
0.0000
0.0000
0.0000
2.8676
0.0000
0.5399
0.0000
0.0000
1.9906
0.0000
0.0000
0.0000
0.0000
0.0000
0.0000
0.0000
0.0000
0.1284
3.7086
0.0000
0.0000
0.0000
0.0000
0.5130
0.0000
0.0000
0.0000
1.1152
0.0000
0.0000
0.0000
0.0000
0.0000
0.0000
1.8696
0.0000
0.0000
0.0000
0.0000
0.0000
0.0000
0.0000
0.0000
0.0000
0.0000
1.3826
0.0000
0.0000
0.0000
0.0000
0.0000
0.0000
0.0000
0.0000
0.0000
0.0000
0.0000
0.0000
0.0000
0.0000
0.0000
0.0000
0.0000
0.0000
1.0940
0.0000
0.0000
0.0000
1.6784
0.0000
0.0545
0.0000
2.8737
0.0000
0.0000
0.5810
0.0000
0.0000
0.0000
0.0000
0.0000
0.0000
0.0000
0.5539
0.0000
2.1642
0.2227
0.0000
1.2216
0.0000
0.0000
0.9808
0.0000
0.0000
4.1555
0.5744
0.0000
0.0000
0.0000
0.0000
0.0000
0.0000
0.0000
0.0000
0.0000
2.0968
0.1460
0.0000
0.0000
1.3570
0.0000
0.0000
0.0000
0.0000
0.0000
0.0000
0.6955
0.0000
0.0000
0.0000
1.5882
1.4848
3.1467
0.4868
0.0000
0.0000
0.2664
0.0000
0.0000
0.0000
0.0000
0.5487
0.0000
0.0000
0.0000
0.0000
0.0000
0.0000
0.0000
0.0000
0.0000
0.0000
0.0000
1.1402
0.0000
2.9430
0.0000
0.0000
0.6985
0.0000
0.5843
0.0000
0.0000
0.4277
0.0000
0.0000
0.0000
0.0000
0.0000
0.0000
0.0000
0.3791
1.5777
0.9785
0.0000
0.0000
0.0000
0.0000
0.0000
0.0000
2.1481
0.0000
0.0000
0.0000
0.0000
0.1076
0.0000
0.0000
0.0000
0.0000
0.0000
1.2108
0.0000
0.0000
0.5960
4.6733
0.0000
0.0000
0.0000
0.0000
0.0000
0.0000
0.0000
0.0000
0.0000
0.0000
0.0000
0.0000
0.0000
2.4061
0.0000
0.5119
2.7652
0.0000
0.0000
0.0000
0.0000
0.0000
0.0000
0.0000
0.0000
0.0000
0.0000
0.2562
0.0000
0.0000
0.0000
0.0000
1.6931
0.2519
0.9156
0.0000
0.0000
0.3773
0.0000
0.0000
0.0548
0.0000
0.0000
0.0000
0.0000
1.8734
0.0000
0.0000
1.0286
0.0000
2.1674
0.0000
0.0000
0.0000
0.0000
0.0000
0.0000
0.6648
0.0000
0.0000
2.7436
0.0000
1.3992
0.0000
0.0000
0.0000
0.0000
0.0000
0.0000
1.6238
1.8936
0.0000
0.0000
0.9246
1.5002
1.0434
0.0000
0.0000
0.0000
0.2810
0.0000
0.0778
0.0000
0.6236
0.0000
0.0000
0.0000
0.3098
0.0000
0.7986
0.0000
0.0000
0.0000
0.0000
0.1800
1.1620
0.0000
0.0000
0.0000
0.0000
0.0000
0.0000
0.0000
0.0000
0.0000
0.0000
0.2842
0.0000
0.0000
1.7430
0.0000
0.0000
0.0000
0.0000
0.1862
0.2822
0.0000
0.0000
0.0000
0.0000
0.1962
0.0000
5.6024
0.2126
0.0000
0.0000
0.0000
0.0000
0.0000
0.0000
0.0000
0.0000
1.7366
0.0000
0.0000
0.0000
0.0000
0.6236
0.0000
0.0000
0.0000
0.4895
0.9338
0.0000
1.8255
0.0000
3.7795
0.0000
0.0000
0.0000
0.0000
0.0000
0.0000
0.9325
0.0000
0.0941
0.0000
0.0000
2.7006
0.0000
0.0000
0.0000
0.0000
0.0000
0.2242
4.4781
0.0000
1.9186
0.0000
1.2168
0.0000
0.0000
0.0000
1.0740
0.0000
2.6120
0.0000
0.9405
1.8359
0.0000
0.9769
3.3815
0.9923
2.9528
0.0000
0.0000
0.0000
0.3603
0.0000
0.0000
0.0000
0.0000
0.0000
0.0000
0.0000
0.1519
4.4166
0.0000
0.0000
0.0000
0.8381
0.0000
0.0000
0.0000
0.0000
0.0000
3.3657
0.0000
2.6764
0.0000
2.9125
0.0000
0.0000
0.1768
1.7424
1.3966
2.6515
0.0000
1.1086
0.0000
0.0000
0.0000
0.0000
1.5679
0.0000
0.0000
0.5759
0.0000
0.0000
1.8695
0.0000
3.3664
0.0000
1.0076
0.0000
3.3294
0.0000
0.0000
0.0000
0.0000
0.0000
0.0000
0.0000
3.2009
0.0000
0.0000
0.0000
0.6466
0.0000
0.0000
0.0000
0.0000
0.0000
0.0000
0.0000
1.1978
0.0000
1.9578
0.4917
0.7885
0.0000
0.0608
1.4265
1.1215
0.0442
0.0000
0.0000
1.5528
0.0000
0.0000
0.0000
0.0000
0.0000
3.5485
0.0000
0.0000
0.9122
0.0000
0.0000
0.0000
0.0000
0.0000
0.0000
0.0000
0.4871
0.0000
0.0000
0.0000
0.4341
0.0000
0.0000
0.0000
0.0000
0.0000
0.0255
0.0000
0.6751
0.0000
0.0000
0.0000
2.1007
1.0430
0.0000
0.0000
0.0000
0.0000
0.0000
1.6753
0.0000
1.1321
0.0000
1.5053
0.0000
1.5129
0.0000
0.0000
0.0000
0.0000
0.3304
0.9596
0.0000
0.0000
0.0000
0.0000
0.0000
0.0000
0.0000
0.0000
0.0000
0.0000
0.6016
0.0000
0.0000
0.0000
0.0000
0.0000
0.0000
0.0152
0.0000
0.0000
0.0000
1.9549
0.6176
1.8108
0.0000
0.0000
0.0000
0.0000
0.5149
0.3624
0.0000
0.0000
0.7436
0.0000
0.0000
0.0000
0.0000
0.0000
0.0000
0.0000
0.0000
0.0000
0.0000
3.4529
0.0000
1.0652
0.0000
3.4585
0.0000
0.0000
1.5684
2.0190
5.3735
0.0000
0.0000
0.0000
0.0000
0.0000
2.3284
0.0000
0.0000
0.0000
0.0000
0.0000
0.0000
0.5319
0.0000
2.6221
0.0000
0.0000
0.0000
0.0000
0.0000
0.0000
0.0000
0.0000
0.2712
3.4562
0.0000
0.0000
0.0000
0.0000
0.0000
0.0770
0.0000
0.3142
0.0000
1.8068
0.9562
1.7704
0.0161
0.0000
0.0000
0.0000
0.0000
0.0000
0.0000
0.0000
0.0000
0.0000
2.3617
0.0000
0.2264
0.0000
0.0000
0.0000
0.0000
0.0000
0.0000
1.8720
0.0000
0.0000
0.0000
1.5935
0.0000
0.0000
0.0000
0.0000
0.0000
0.0000
0.0000
0.0000
0.0000
0.0000
0.0000
2.3849
0.0000
0.0000
0.0000
2.3539
0.0000
1.3346
0.0000
0.0000
2.7465
0.0000
0.0000
0.0000
0.0000
0.0000
2.8777
0.0000
0.0000
0.0000
0.0000
0.0000
0.0000
0.0000
0.0000
2.6921
0.0000
0.8795
0.0000
0.2904
0.0000
0.0000
0.8387
0.0000
0.7024
0.0000
0.0000
0.0000
0.0000
1.9457
0.0000
0.0000
1.3517
0.0000
1.7092
2.6489
0.0000
0.0000
0.0000
0.0000
0.0000
0.0000
0.0000
1.4684
0.0000
4.5522
0.0000
0.0000
1.6184
0.0000
0.0000
0.0000
0.0000
0.3777
0.0000
1.6336
0.0000
0.0000
0.7682
0.0000
0.0000
0.0000
0.0000
0.0000
0.0000
0.0000
0.0000
0.0000
0.3525
0.0000
0.0395
0.0000
0.0000
0.0000
0.0000
0.0000
0.8129
0.0000
0.0000
0.0000
0.8954
0.0000
0.6674
0.0000
0.0000
0.0000
0.0000
0.0000
0.0000
0.0000
0.0000
0.0000
0.0000
0.0000
1.0944
0.0000
0.0840
0.5956
0.0000
0.0000
0.0000
0.0000
0.0000
0.0000
0.0000
0.0000
0.0000
0.0000
0.0000
0.0000
0.0000
3.0059
0.7567
0.0000
0.6983
0.0000
0.8786
0.0000
0.0000
0.0000
0.0000
0.0000
0.0000
0.0000
0.0000
0.5146
2.9593
0.4415
0.0000
0.0000
0.0954
0.0000
0.0000
2.4694
0.0000
0.8557
0.0000
0.0000
0.8068
0.0000
0.6868
1.7111
3.6935
0.0000
0.0000
0.0000
0.0000
0.7067
0.0000
0.0000
0.4382
0.0000
0.0000
0.0000
0.0000
0.0000
0.0000
0.0000
0.0000
0.0000
2.3265
0.0000
0.8024
0.0000
2.0266
0.0000
0.0000
0.0000
0.0000
0.0000
1.8640
0.0000
0.0000
2.8264
0.5679
0.0000
0.8493
0.0000
0.0000
0.0000
0.0000
0.0000
0.0000
0.0000
0.0000
0.0000
0.0000
0.0000
0.0000
0.0000
1.0574
0.0000
3.0770
0.0000
0.1102
0.0000
0.0000
0.0000
0.0000
1.0091
0.0000
0.0000
0.0000
3.1325
0.0000
2.5377
0.0000
0.0000
0.0000
0.0000
0.2180
0.0000
0.0000
0.0000
0.0000
0.0000
0.0000
0.4307
0.0000
0.9927
0.0000
0.0000
0.0000
0.0000
0.0000
0.0000
0.0000
0.0000
0.7077
3.6187
0.5974
0.0000
1.2862
0.0000
0.3239
0.0000
1.8399
0.0000
0.0000
0.0000
0.0000
0.0000
0.0000
0.0000
0.0000
2.8470
1.2054
0.0000
0.0000
0.0000
0.0000
0.0000
0.5000
0.0000
0.0000
3.8699
0.0000
0.8012
0.0000
0.3644
0.0000
0.0000
1.5873
4.6545
1.9473
0.0000
0.0000
0.0000
0.0000
0.0000
0.0000
0.0000
0.0000
0.0000
0.0000
0.0000
0.0000
0.0000
0.0000
0.0000
1.4110
0.0000
0.2806
0.0000
0.0000
0.0000
1.5585
0.0000
0.0000
0.0000
0.0000
0.0000
0.0000
0.1610
2.9081
0.0000
0.0000
0.0000
0.0000
2.8208
0.0000
0.6369
0.0000
0.0000
2.2791
0.0000
1.5164
0.0000
0.0000
0.0000
0.0000
0.0000
0.6087
0.0000
0.0000
0.0000
0.0000
0.0000
6.3011
0.0000
0.0000
0.0000
0.0000
0.0000
0.0000
0.0000
0.3373
0.1274
0.0000
1.4670
0.0000
0.0000
0.0000
0.0000
1.0616
0.0000
0.0000
2.4725
0.0000
0.0000
0.0000
0.0000
1.1312
0.0000
0.5745
0.0000
0.7489
0.0000
1.8496
0.0000
0.0000
0.0000
0.0000
0.0000
0.0000
0.0000
0.0000
0.0000
1.6465
0.0000
0.0000
0.0000
0.8399
2.1141
0.0407
2.8129
0.2016
0.0000
0.0000
0.0000
0.0000
0.0000
0.0000
0.0000
1.6249
1.7087
0.0000
0.0000
0.0000
0.0000
0.0000
0.0000
0.0000
0.0000
0.0000
0.0000
0.0000
0.0000
0.0000
3.9102
0.0000
1.0620
0.0000
0.0000
0.8004
0.0000
0.2350
0.0000
0.0000
0.0000
0.8499
3.9558
2.3170
4.9001
0.0000
0.0000
0.0000
0.0000
0.0000
0.0000
0.0933
0.0000
0.0000
0.0000
0.0000
0.6907
0.0000
0.0000
0.0000
2.0442
0.0000
0.0000
0.0000
0.0000
0.0000
0.0000
0.0000
0.0000
1.6452
0.0000
0.0000
0.2366
0.0000
0.0000
0.0000
0.0000
0.0000
0.0000
0.0000
0.0000
0.0000
0.0000
0.0000
0.0000
0.0562
0.0000
0.1535
0.2997
1.8004
0.0000
1.0463
0.0000
2.5349
0.0000
0.0000
0.0000
0.0405
0.0000
0.6720
2.3840
3.0118
1.2299
0.4926
0.7298
3.2566
0.0000
1.6986
0.0000
0.0000
0.0000
0.0000
0.0000
0.0000
0.0000
0.0000
0.0000
0.0000
1.0024
0.9829
0.0000
2.1135
0.0000
0.0000
0.0000
0.0000
0.0000
0.0000
0.0000
5.0910
0.0000
2.2168
4.5231
0.0000
0.0000
1.2786
0.0000
0.0000
0.8808
2.0140
0.9752
0.0000
0.6039
0.1760
0.8621
1.1261
0.0000
3.7946
0.0000
0.0000
2.2503
0.0000
0.0000
0.1247
0.0000
0.0000
2.1824
0.0600
2.9081
0.0000
0.0000
4.1656
0.0000
2.4629
0.0000
0.0000
0.0000
0.0000
0.0000
0.0000
0.0000
0.0000
0.0000
0.7612
1.2659
0.0000
2.7936
0.0000
0.0000
0.0000
0.0000
0.0000
0.0000
0.0000
0.0000
1.1677
0.0000
0.0000
2.5467
0.0000
0.0000
3.9175
0.0000
0.3842
0.0000
0.0000
0.8003
0.0000
0.0000
0.0000
0.0000
0.0000
0.0000
0.0000
0.0000
1.6949
0.0000
0.0000
0.0000
0.0000
2.3310
0.0000
3.3130
3.2945
0.6505
0.0000
0.0000
0.0000
0.0000
0.0000
0.0000
1.2810
0.0000
0.0520
0.0000
0.0000
0.0000
0.0000
0.5221
0.0000
0.0000
0.0000
0.0000
0.0000
1.4915
0.0000
2.1352
0.0000
0.0000
0.8059
0.0000
0.0000
0.0000
0.0000
0.0000
0.4761
0.0000
0.0000
0.0000
0.0000
0.0679
0.0000
0.0557
0.0000
0.0000
0.0000
0.0000
0.0000
0.7380
0.0000
0.0000
0.0000
1.5020
0.0000
0.1520
0.0000
2.7101
0.0000
0.0000
0.0000
1.4804
0.0000
1.0920
0.0000
0.0000
3.1358
0.0000
1.7524
0.0000
0.0000
0.0000
1.7626
0.0000
0.0000
0.0000
0.0000
0.0000
0.0000
0.0123
0.9338
0.0000
0.0000
0.0000
0.3796
0.0000
0.0000
0.0000
0.0000
0.0000
0.0000
0.0000
0.0000
0.1011
0.0000
1.3666
1.6763
0.0000
0.0000
1.9702
0.0000
0.9872
0.0000
2.4889
0.1394
0.0601
0.0000
0.0000
0.0000
0.0000
0.0000
0.3196
0.5421
0.0000
0.0000
0.3152
0.2943
0.0000
0.0000
0.0000
0.0000
0.0000
0.0000
0.0000
1.0813
0.0000
0.0000
2.9121
1.6621
0.1393
0.0000
0.2149
0.0000
0.0000
0.0000
0.0000
0.0000
1.9887
0.0000
0.0000
1.7558
3.0308
0.0000
0.0000
0.0000
0.0000
0.7903
0.0473
0.0000
1.1464
0.0000
0.0000
0.0000
0.0000
0.0000
1.6480
0.0000
0.0000
0.0000
2.2413
3.0122
0.0000
2.4834
1.5514
0.0000
0.0000
0.0000
3.4024
0.0000
0.0000
0.0000
0.5318
0.8193
0.0000
0.0000
0.0000
0.2507
0.0000
0.9392
1.5644
0.0000
0.0000
0.0000
0.0000
0.0000
1.3805
0.6931
0.0000
0.0000
0.0000
0.0000
2.0352
0.0000
0.0000
0.0000
0.0000
0.0000
0.0000
0.0000
0.0000
0.0000
0.5225
0.0000
0.0000
0.2997
0.0000
0.0000
1.7133
2.8897
0.0000
0.0000
0.8167
0.0000
0.0000
0.0000
0.0000
0.1866
0.0000
0.0000
0.0000
3.5927
0.0000
0.0000
0.1081
0.0000
0.0000
0.0000
0.0000
0.0000
0.0000
0.0000
0.0000
0.0000
0.0000
0.0000
2.8678
0.0000
2.2542
0.0000
0.0000
0.0000
0.0000
0.0000
1.4376
0.0000
0.0000
0.0000
0.0000
0.0000
0.0000
0.0000
0.0000
0.0000
0.0000
0.3960
0.0000
0.0000
0.0000
1.6613
0.0000
0.5806
3.4644
0.0000
0.0000
0.0000
0.0000
1.0538
0.0000
1.0002
0.0000
0.0000
2.3725
2.4615
0.0000
3.3370
0.0626
1.5950
0.2749
0.0000
0.0000
0.0759
0.1901
0.0000
0.0000
0.0000
0.0000
0.8629
0.0000
3.0521
0.0000
0.0000
0.0000
0.0000
0.0000
3.0141
0.0000
0.0000
2.7981
0.3302
0.5904
0.0000
0.0000
0.0000
0.0000
1.2299
0.0000
0.0000
0.0000
0.8713
0.0000
0.0000
0.0000
0.0000
0.0000
0.0000
0.0000
0.0000
0.0943
0.0000
0.6806
1.7025
0.0000
0.0857
0.0000
0.6228
1.5307
0.1029
0.0000
0.0000
0.0000
0.0000
0.0000
1.3782
0.0000
0.0000
0.0000
0.0000
0.0000
0.0000
0.0000
0.0000
0.0000
0.0000
0.0000
0.0000
0.0000
0.0000
0.0000
0.0000
2.1114
0.0000
0.0000
0.0000
0.0000
0.0000
0.8427
0.0000
0.0000
0.0000
0.4465
0.7688
0.0000
0.0000
1.8023
0.0000
0.0000
0.0000
0.0000
0.0000
0.0000
0.5767
0.0000
0.0000
0.0000
0.0000
0.0000
0.0000
0.0000
0.0000
0.0000
0.0000
0.3195
0.0000
3.7115
0.0000
0.0000
0.0000
1.8273
1.1259
0.0000
0.0000
3.4782
0.0000
0.0000
0.8450
0.0000
0.0000
0.0000
1.3904
1.6512
0.0000
0.0000
0.0000
0.0000
3.6433
0.0000
0.0816
0.0000
0.2356
0.0000
2.6576
0.2428
0.0000
1.5151
0.0000
0.0000
0.0000
0.0000
0.0000
0.0000
0.0000
2.1530
0.0000
0.0000
0.0000
0.0000
0.0000
0.0000
0.0000
0.6833
0.0000
0.0000
0.0000
0.6086
0.0000
0.0000
0.0000
0.0000
0.0000
0.0000
0.0000
0.0000
2.0770
0.0000
0.0000
0.9113
0.0000
1.9622
0.0000
0.0000
2.7796
0.0000
0.2711
0.0000
0.6398
0.0000
0.0000
0.0000
1.1228
0.0000
0.4669
0.0000
0.0000
0.0000
1.7785
1.1553
0.0000
0.0000
2.1632
0.0000
0.3162
0.0000
0.6547
0.0000
1.1335
0.8712
0.5449
3.7336
0.1140
0.0000
1.1769
3.8663
0.9674
0.0000
0.0000
0.5326
0.0000
0.0000
0.0000
0.0000
1.8345
1.0408
0.0000
0.4152
0.0000
2.6079
7.2278
0.0000
0.7845
0.0000
0.0000
0.0000
0.0000
0.0000
0.0000
0.0000
0.0000
0.0000
0.0000
0.0000
0.0000
0.0000
0.0000
0.0000
0.0000
0.0000
0.0077
0.0000
0.9230
0.0000
0.0000
0.8548
0.0000
2.5569
0.0000
0.0000
0.0000
0.0000
0.0000
0.6102
0.9280
0.0000
0.0000
2.3269
0.0000
1.4554
0.0000
1.0313
0.0000
0.0000
0.0000
0.0000
0.0000
0.0000
0.0000
0.0000
0.0000
0.0000
0.0000
4.2269
0.0000
0.0000
0.0000
1.4582
0.0000
0.0000
0.0000
0.1197
0.0000
0.0000
0.0000
0.0000
0.0000
0.0000
0.0000
0.0000
0.0000
0.1081
0.0000
0.0000
0.0000
0.0000
0.0000
0.0000
0.0000
0.0000
0.0000
0.1135
0.0000
0.0000
4.3528
0.0000
0.0000
0.0771
0.0000
0.0000
0.0000
0.0000
0.0000
0.0000
0.0000
0.0000
0.0000
0.5600
0.0000
0.0000
0.2958
0.9137
0.0000
0.0000
0.0000
0.0000
0.0000
0.0000
0.0000
0.5721
0.0000
0.0000
0.0000
0.0000
0.0000
0.0000
2.9569
0.0000
0.7016
0.0000
0.0000
0.0000
0.0000
0.0000
0.0000
0.0000
1.2615
2.1143
1.0790
0.0000
0.1816
0.0000
0.8568
0.0000
0.0000
5.1506
0.8480
0.0000
0.0155
0.0000
1.6166
1.0606
0.0000
0.0000
0.0000
0.0000
0.0000
1.4081
0.0000
1.4152
0.0000
0.0000
0.0000
0.0000
0.0000
0.0000
0.0000
0.0000
0.5485
0.5708
0.0000
0.0000
0.0000
0.0000
1.7754
0.0000
0.0000
0.6664
0.0000
1.1953
0.0000
0.0000
0.0000
0.8629
0.0000
1.4578
0.9701
0.7019
1.4454
0.0000
1.1485
2.2638
0.1257
0.9990
0.0000
0.0000
0.0000
0.0000
0.6475
0.3349
0.0000
0.0000
3.0483
0.4534
0.0000
0.0000
1.5647
0.0000
0.0000
0.0000
0.0000
0.0000
0.0000
0.0000
0.0000
0.0000
0.0000
0.0000
1.0265
0.3612
1.9680
0.0000
0.0000
0.0000
0.0000
0.7526
0.0000
0.0000
0.0000
0.0000
2.2040
0.0000
0.0000
0.0000
0.0000
0.0000
0.0000
1.1078
3.9749
0.0000
0.0000
0.0000
0.0000
0.0000
0.4466
0.0000
0.0000
0.0000
5.1555
0.0000
0.0000
0.0000
0.0000
4.3213
0.0000
0.0000
2.4843
0.0000
0.0000
0.0000
0.0000
0.4821
4.0825
0.0000
3.6704
2.0973
0.0000
0.0000
0.0000
0.7015
0.0000
3.2058
0.0000
0.0000
0.0000
0.0000
0.0000
1.7688
0.0000
0.0000
0.0742
0.0000
0.0000
0.0000
1.6325
0.0000
0.0000
0.0000
0.9808
0.0000
0.0000
1.1576
0.0000
1.6392
1.6923
0.0000
0.0000
0.0000
0.0000
0.0000
0.0000
1.8687
0.7806
1.5989
0.0000
1.5326
0.8232
2.8445
0.0000
0.0000
0.0000
0.0000
0.0000
1.8593
0.0000
1.6570
4.1362
0.0000
0.0000
0.0000
0.0000
0.0000
0.0000
0.3253
3.7469
0.0000
0.0000
0.0000
1.9049
0.0000
1.1093
1.4007
0.0000
0.0000
0.0000
0.0000
0.1129
0.0000
0.0000
1.0690
0.0000
0.1027
1.2537
0.0000
0.1008
2.4550
0.0000
0.0000
0.0000
0.0000
0.0000
0.7277
0.0000
0.0000
0.0000
3.8321
0.0000
0.0000
0.0000
0.0000
0.0000
0.0000
0.2982
0.0000
0.0000
0.0000
0.6486
0.0000
0.0000
0.0000
0.0000
0.0000
0.0000
0.0000
0.0000
0.0000
1.2475
0.0000
0.0000
0.0000
0.0000
0.0000
0.0000
1.3955
2.2923
0.0000
2.0884
0.0000
0.0000
1.0141
0.0000
1.6273
0.0000
0.0000
0.0000
0.0000
2.8932
0.0000
0.0000
1.5392
0.0000
0.0000
0.0000
0.0000
0.0000
0.0000
0.0000
0.0000
0.0000
0.0000
0.3339
0.0000
0.0000
1.6795
0.0000
2.2820
0.9731
0.0000
0.0000
0.5850
0.0000
0.0000
0.0000
0.0000
0.0000
1.7196
0.0000
0.0000
3.1658
0.9567
0.9303
0.0000
0.0000
0.0000
0.0000
0.5189
0.3181
0.0000
0.0000
2.3139
0.0000
0.0000
0.0000
0.0895
0.0000
1.4149
0.0000
0.0000
0.0000
0.3042
0.0000
0.0822
1.1637
0.0000
0.0000
0.0000
0.0000
0.0000
0.0000
0.3733
1.9710
3.4352
2.0486
0.7789
0.0000
0.0000
0.0000
0.0000
0.6884
1.4773
0.0000
0.0000
0.0000
0.0000
0.0000
0.0000
3.8586
0.7756
0.0000
0.0000
0.0000
0.0000
3.8369
0.0000
0.0000
0.0000
0.0000
0.0000
0.0000
0.0000
0.0000
0.0000
0.0000
0.0000
0.8345
0.0000
0.4730
0.0000
0.0000
1.6505
0.2598
0.0000
0.0000
0.0000
0.0000
0.0000
0.0000
4.5782
0.0000
0.0000
0.0000
1.5861
0.0000
0.0000
0.4811
2.1294
1.0861
0.0000
0.9971
3.5187
0.0000
0.0000
0.0000
0.0000
0.0000
0.3625
0.0000
0.9466
0.0000
0.0000
3.2560
0.0000
0.8636
0.0000
0.0000
0.0000
0.0000
0.0000
0.0000
1.4680
0.0000
2.6814
0.0000
0.0000
1.5991
0.7640
0.8106
0.0000
0.0000
0.0000
0.4087
0.0000
0.0000
0.0000
0.0000
2.1313
0.0000
0.0000
0.0000
0.0000
0.6406
0.0000
1.4956
1.8199
0.4662
0.6424
0.0000
0.0000
0.0000
0.4526
0.0000
0.0653
0.0000
0.0000
0.0000
0.0000
0.0000
0.0000
0.0000
0.0000
2.1356
0.0000
2.2581
0.1442
0.0000
1.3000
0.0000
0.0000
0.3660
0.0000
0.0843
0.0000
0.0000
0.0000
0.0000
0.0000
0.0000
1.0050
2.3532
1.7073
0.0000
0.0646
0.0000
1.8100
0.0000
0.0000
0.0000
0.0000
0.0000
0.0000
0.0000
0.0000
0.0000
0.0000
0.0000
0.0000
0.0000
0.0000
0.0000
0.8821
0.0000
0.0000
2.1838
0.4495
1.7302
0.0000
0.0000
0.5499
0.0000
4.3806
0.2957
0.7099
1.2584
2.0338
0.0000
2.7242
0.0000
0.0000
0.0000
0.5804
0.0000
0.0000
0.0000
0.0000
0.0000
0.0000
0.0000
2.8418
0.0000
0.0813
0.0000
2.8313
1.6293
0.0000
0.6600
6.2929
1.0617
0.0000
2.0351
0.0000
0.0000
0.0000
5.6804
0.0000
0.0000
0.0000
0.0000
1.2264
0.0000
0.0000
2.6852
0.0000
0.0000
2.1393
0.0000
0.0000
0.0000
0.9675
0.0000
0.0000
1.8193
0.0000
0.0000
0.0000
0.0000
0.0000
1.1874
0.0000
0.3264
0.3249
0.0000
1.2366
0.0000
0.2635
0.0000
0.0000
1.3260
0.0000
0.0000
0.0000
0.0000
0.0000
3.0092
1.6249
0.0000
0.0000
0.0000
0.0000
0.0000
0.0000
0.0000
0.0000
0.0000
1.2132
0.5959
0.0000
0.0000
0.0000
0.7956
0.0000
0.0000
3.0898
0.0000
0.0000
0.0000
0.0000
0.0000
0.0000
0.0000
3.7269
0.0000
0.0000
2.1017
0.0000
1.4154
0.9677
0.8871
0.3624
0.0000
1.9744
0.0000
0.0000
0.0000
0.0000
0.0000
0.0112
0.0000
0.0000
0.0000
0.0000
0.0000
0.0000
1.4284
0.7988
0.7480
0.0000
0.0723
0.9093
0.0000
1.0036
0.2476
0.0000
0.0000
0.4709
0.2406
0.0000
0.0000
4.2163
0.0000
1.2226
1.4120
0.3749
0.0000
0.0000
0.0000
0.0000
0.0000
0.0000
0.0000
0.0000
1.3506
0.0000
0.0000
0.0000
0.0000
0.0000
0.0000
0.0000
0.0000
0.0000
0.0000
0.0000
0.0000
0.0000
1.7147
0.0000
0.0000
0.0000
4.8956
0.0000
0.7152
0.0000
0.0000
0.0000
0.0000
0.0000
0.0000
0.0000
0.4278
0.0000
0.0000
0.9537
0.0000
0.0000
0.0000
0.0000
0.0000
0.0000
0.0000
0.0000
0.3306
0.0000
0.2524
0.0000
0.0000
0.0000
0.0000
1.4400
0.0000
0.0000
0.6769
0.0000
0.0000
1.6205
0.0000
0.0000
0.8490
0.0000
0.0000
0.0000
0.0000
0.2538
2.0371
0.0000
0.0000
0.0000
0.0000
0.8726
0.0000
1.5427
0.0000
0.0000
0.0000
0.3932
2.4162
0.0000
0.0000
0.0000
0.0000
0.0000
2.3329
0.0000
2.1849
0.0000
0.0000
0.0000
0.0000
0.0000
0.1577
2.1340
0.0000
0.0000
0.0000
0.0000
0.2061
0.3750
0.0000
0.0000
0.0000
0.0000
0.5737
0.0000
0.0000
0.0000
0.6763
0.0000
0.9642
0.0000
0.0000
0.0000
0.0000
0.7321
0.0000
0.0000
0.0000
0.0000
3.5457
0.0000
2.0297
0.0000
0.0000
0.0000
0.0000
0.0000
2.6639
0.4814
0.0000
0.0000
0.0000
0.0000
0.0000
0.6465
0.0000
0.0000
0.0000
0.0000
0.8530
0.0000
0.0000
0.0000
0.0000
0.0000
0.0000
0.0000
0.0000
0.0000
1.4145
0.5603
0.2447
0.0000
0.0000
0.0000
0.0000
1.3866
0.0000
0.0000
0.0000
0.0000
0.0000
0.0000
0.3511
0.0000
0.0000
0.0000
0.0000
1.8280
0.0000
0.0000
0.0000
0.0000
0.1048
0.0000
0.0000
0.0000
0.0000
0.0000
0.0000
0.0000
0.0000
0.4415
0.0000
0.8757
1.5735
0.0000
0.0000
1.7244
0.0000
0.0000
0.0000
0.0000
0.0000
0.0000
0.0000
0.3458
0.0000
0.0000
0.0000
0.0000
0.1587
0.0000
0.0000
0.0000
0.0000
0.0000
0.0000
0.0000
0.0000
0.4662
0.0000
2.6847
0.0000
0.0000
0.0000
0.0000
0.7777
1.5045
0.0000
0.0000
1.4270
0.0000
2.7268
0.0000
0.0000
0.0000
0.0000
0.0000
0.0000
0.0000
0.2266
0.0000
2.5695
0.0000
0.0000
0.0000
3.1043
0.1233
1.3480
0.0000
2.2287
0.6887
0.0000
0.0000
1.2123
0.0000
1.3198
0.0000
1.9155
0.0000
0.0000
0.0000
0.0000
0.0316
0.0000
0.4107
4.1252
0.0000
0.0000
2.3527
0.0000
0.5847
1.3788
0.0126
0.0000
0.0000
0.0000
0.0000
0.0000
2.9498
1.1314
0.0000
0.2013
0.0000
0.0000
0.0000
0.1918
3.4481
1.5198
0.0000
0.0000
0.0000
0.0000
0.0000
4.1151
0.0000
0.0000
0.0000
0.0000
2.7176
0.5572
0.0000
0.0000
0.0000
0.0000
0.0000
1.5052
0.0000
0.0000
3.6525
0.0000
0.0000
0.0000
0.0000
0.0000
0.0648
0.7677
0.0000
0.0000
0.0000
2.2704
0.8893
0.0000
0.0000
0.0000
0.0000
0.4531
0.0000
3.8554
0.0000
0.0000
0.0000
1.0132
0.0000
0.0000
0.0000
0.0000
0.0000
0.8897
0.0000
5.1534
0.0000
0.0000
0.0000
0.0000
0.0000
0.0000
0.0304
1.4291
0.0000
0.0000
0.8763
0.0000
0.0000
0.0000
0.0000
2.3931
5.4778
0.0000
0.0000
0.0000
0.0000
0.0000
0.0000
0.0000
0.0000
0.0000
0.0000
1.9772
0.0000
1.2040
1.2359
3.1747
0.0000
0.0000
0.0000
0.0000
2.2530
1.8222
0.0000
0.1393
0.0000
0.0000
0.0000
0.5457
0.0000
3.4222
0.0000
1.5803
0.0000
0.0000
0.0000
0.0000
1.1606
0.0000
0.0000
2.3757
1.2968
0.0000
0.0000
0.0699
0.0000
3.3490
0.0000
0.2850
0.0000
0.0000
0.0000
0.5224
0.0000
0.0000
0.0000
0.0000
0.4891
0.0000
1.5281
0.0000
0.0000
0.2677
0.0000
0.0000
0.0000
0.5928
0.0000
1.3472
2.4586
1.8703
0.4138
0.0000
0.5400
0.6501
0.0000
0.0000
0.2710
0.0000
0.0000
0.0000
0.5167
0.0000
0.0000
0.0000
1.7803
0.0000
0.0000
0.0000
0.0000
0.0000
0.0000
1.0095
1.2913
0.0000
0.0000
0.0000
3.7344
0.0000
0.0000
0.0000
0.5421
0.0000
0.0000
0.0000
0.0000
0.0000
0.0000
2.1708
0.0000
0.0000
0.0000
1.4267
0.0000
0.8399
0.0000
0.0000
0.0000
0.0000
0.0000
0.0000
0.0000
0.0000
0.9689
0.0000
0.0000
0.0000
0.0697
0.0000
0.0000
2.3713
0.0000
0.0000
0.0000
0.0000
0.0000
0.0000
0.0000
0.1822
5.7112
0.0000
0.2594
1.6872
1.3351
0.0000
0.0000
0.0000
0.0000
0.0000
0.0000
0.0000
0.0000
1.8076
0.0000
0.0000
0.0000
0.0000
0.0000
1.5065
0.0000
0.0000
0.7882
0.0000
0.0000
0.0000
0.0000
4.3234
0.0000
0.7856
0.0000
0.0000
0.0000
2.0779
1.3233
0.0000
0.0000
0.0000
0.0000
0.0000
0.0000
0.0000
0.0000
0.1135
0.0000
0.0000
0.0000
0.0000
0.0000
0.0000
1.2959
0.0000
1.8226
0.0000
0.0000
2.2427
0.0000
0.0000
0.0000
0.0000
0.2662
0.6666
0.0000
0.0000
0.0000
1.6818
3.9796
0.0000
3.2062
0.0000
0.0000
0.0000
0.0000
0.1605
0.0000
0.0000
0.0000
0.0000
0.2500
0.0000
2.1044
0.0000
0.0000
0.0000
0.0000
0.8479
1.3557
0.0473
0.5395
0.0000
0.3579
0.0000
0.0000
0.0000
0.0000
2.4492
0.0000
0.0000
0.0000
0.0000
0.0000
0.0000
0.5231
0.0000
0.0000
0.0000
0.0000
0.0000
0.0000
0.0000
0.0000
0.0000
0.0129
0.0000
2.0723
0.0000
0.0000
0.0000
1.4393
0.0000
0.0000
0.9797
0.0000
0.0000
0.0000
2.5993
0.0000
0.0000
0.0000
0.0000
1.9978
3.0958
1.6102
0.0000
0.0000
0.0000
0.0000
1.5310
0.0000
0.0000
0.0000
0.1138
0.0000
0.0000
0.0000
0.0000
0.0000
1.2036
0.0000
0.0000
0.0000
0.0000
0.0000
2.6981
0.0000
0.0000
5.0506
0.6392
0.0000
0.7159
0.0000
0.0000
0.0000
0.0000
0.1117
0.0000
0.0000
1.8853
1.2211
1.7679
2.4586
2.0262
0.0000
1.5844
0.0000
0.0000
0.0000
0.0000
0.0000
0.0000
0.0000
1.8036
0.0000
0.7947
0.0041
0.0000
0.0000
0.0000
0.0000
0.0000
0.0000
0.0000
0.0000
0.0000
0.0000
0.0000
0.4468
0.0000
0.0000
0.0000
0.0000
0.0000
0.0000
0.0000
0.0000
0.9572
0.0000
0.0000
0.0000
0.0000
0.0000
2.2968
0.0000
0.0000
0.0000
0.0000
0.0000
0.0000
0.0000
0.0000
0.5765
0.3739
0.0000
0.0000
0.0000
0.0000
0.0000
1.8793
1.2987
0.0000
0.0000
0.0000
5.0700
1.8627
0.3404
0.0000
0.0000
0.7990
1.8145
0.0000
0.0000
0.4733
4.3692
0.7594
0.0000
0.0000
0.0000
0.0000
0.0000
0.0000
0.0000
2.2503
0.0000
0.0000
0.0000
4.9126
0.0000
1.1125
0.0000
0.0000
0.0000
0.0000
3.4486
0.0000
0.4627
0.0000
0.0000
1.2594
0.0000
0.0000
0.0000
1.5705
0.0000
0.0000
0.0000
0.0000
0.0000
0.0000
0.0000
0.0000
0.0000
1.2811
0.0000
3.2390
0.0000
1.1178
0.3263
0.0000
2.5126
0.0000
0.0692
0.0000
0.0000
0.0000
0.0000
0.0000
0.1596
0.5156
0.0000
0.0000
2.2324
0.0000
0.0000
0.0000
0.0000
0.1699
0.0000
1.0075
0.0000
0.0000
0.0000
1.4428
1.8046
0.0000
0.0000
0.6686
0.0000
2.5897
0.0000
0.0000
3.7218
2.5839
0.0000
0.0000
1.3164
0.0000
5.2034
1.7694
0.8223
0.0000
2.9136
0.0000
0.0000
0.0000
0.0000
0.3055
0.0000
0.0000
0.4851
1.8088
1.6723
1.8227
0.1182
0.0000
3.3921
0.0000
0.0000
0.0000
0.0000
0.0000
1.7864
0.0000
0.0000
0.5055
0.0000
0.0000
0.0000
2.5514
1.3476
0.8838
0.3733
0.0000
0.0000
0.0000
1.0373
0.9968
0.0000
0.0000
0.0000
0.0363
2.1236
0.6687
0.0531
0.0000
0.0000
0.0000
0.0000
0.0000
0.0000
0.0000
0.0000
0.0000
0.0000
0.0000
0.0000
0.1534
0.0000
0.0000
0.0000
0.0875
2.2741
2.1255
1.8641
0.0000
1.6154
0.8334
0.0000
0.3981
0.0000
0.0000
0.0000
0.0000
1.7339
0.0000
0.0000
0.0000
0.0000
1.1752
0.1052
0.2214
0.8817
0.0000
0.5372
0.6535
0.5187
0.0000
1.0256
0.0000
2.7770
1.5411
0.4722
0.0000
0.0000
0.4370
0.0000
0.0000
0.0000
0.0000
1.2084
2.5220
0.0000
0.0000
0.0000
0.0000
0.0000
3.8053
0.0733
0.1536
0.0000
0.0000
1.2781
0.0000
0.0000
0.0000
0.7350
0.0000
1.1109
0.8798
0.0000
4.4668
0.0000
0.0000
0.0000
2.6488
2.0740
0.0000
0.0000
0.0000
0.0000
0.0000
0.2965
0.0000
0.0000
0.0000
0.0000
0.0000
0.0000
0.0000
0.0000
0.0000
1.2323
0.0000
1.0581
0.0000
0.0000
0.0000
1.8441
0.0000
3.2012
1.5771
2.1119
1.1224
0.0000
0.0000
0.0000
0.0000
0.0000
0.0000
0.2929
1.6129
0.8561
3.7390
0.0000
0.0000
5.6024
0.5599
1.2732
0.5515
0.0000
3.3383
0.0000
0.0000
0.0000
0.0000
0.0000
0.0000
1.0645
0.0000
0.0000
0.0000
0.0000
0.0000
0.0000
0.0000
0.0000
0.4919
0.0000
0.7903
0.0000
0.0000
0.1890
0.0000
