0.0000
0.0000
0.0000
0.0000
2.8446
0.8687
0.0000
0.0000
0.3136
2.7549
1.4146
0.0000
1.2507
0.0000
0.0000
0.0000
0.0000
0.0000
0.0000
0.0000
0.0000
0.0000
2.3670
0.1651
2.3667
0.0000
0.0000
0.0000
0.0000
0.0000
0.0000
0.0000
1.3791
0.0000
0.8640
0.0000
0.0000
0.0000
1.2621
2.5103
0.0000
0.0000
0.0000
0.0000
0.0000
0.8225
0.0000
0.0000
0.0000
0.9683
0.0000
0.0000
0.0000
0.0000
0.0000
0.0000
0.0000
0.0000
0.0000
0.0000
0.0000
1.6377
0.0000
2.3355
0.0000
0.0000
0.0000
0.0000
2.1859
0.0000
0.0000
3.0682
0.0000
0.0000
0.0000
1.0069
0.0000
0.0000
0.0000
0.0000
0.0000
0.0000
0.4970
0.0000
0.0000
0.0000
1.4983
1.8898
0.0000
0.0000
0.3673
0.0000
0.0000
3.0503
0.0000
0.0000
0.0000
0.0000
2.5558
0.0000
1.2900
0.0000
0.0000
0.0000
0.0000
0.0000
0.0000
0.0000
1.0432
0.1891
0.0000
0.0000
0.0000
0.0000
0.0000
0.0000
0.4461
0.0000
0.0000
0.0000
1.7280
0.3579
4.8471
0.0000
0.6651
0.0000
0.0000
0.0000
0.4686
1.6646
0.0000
0.0000
0.0000
0.0000
2.8641
0.0000
0.0366
3.8432
0.0000
1.1155
3.6523
0.0000
0.3188
0.0000
1.8525
0.0000
0.0000
2.8128
1.8279
0.0000
0.0000
0.9109
2.1992
0.1588
0.0000
0.0000
0.0000
0.4365
0.0369
0.0000
0.0000
0.0000
1.2874
0.0000
0.0000
2.3928
0.0000
0.7203
0.0000
2.6901
0.0000
0.2173
0.0000
0.0000
0.0000
0.0000
0.0000
0.0000
0.0000
6.1869
3.9763
2.9892
0.0000
0.0000
0.0000
0.0000
1.4748
2.0670
0.0047
1.0826
0.0000
0.0000
0.0000
0.0000
1.4124
0.0000
0.0000
0.0000
2.6707
1.6266
0.0000
0.5043
0.0000
0.0000
0.0000
0.0000
0.0000
0.0000
0.0000
0.0000
0.0000
0.0000
0.0000
2.4117
0.6478
0.0000
0.0000
0.0000
0.9685
0.5535
0.4700
0.0000
0.0000
0.0000
1.6104
0.0000
0.0000
0.6765
0.0000
0.0000
0.0000
0.0000
0.0000
0.0000
1.2540
0.0000
0.3855
0.4012
1.9764
0.0000
0.0000
0.0000
0.0000
0.0000
0.0000
0.0000
0.0000
0.0000
0.0000
0.0000
0.0000
0.0000
0.0000
0.5658
0.0000
1.2047
0.0000
0.0000
0.6554
0.5426
0.0000
0.6156
0.0000
0.0000
0.0000
0.0000
2.9699
0.0181
0.0000
0.6522
1.4843
0.0000
0.4965
0.0000
0.0000
0.0000
0.0000
0.0000
2.9263
0.0000
1.9660
0.0958
1.3170
0.0000
0.6513
0.0000
0.0000
0.0721
0.0000
0.0000
0.0000
0.0000
0.0000
0.0714
2.5057
0.0000
0.0000
0.0000
0.0000
2.7918
0.0000
0.0000
0.0000
0.0000
0.0000
0.0000
0.0000
0.0000
0.0000
0.0000
0.0000
0.0838
0.0000
0.0000
0.7736
0.0000
0.0000
0.0000
0.0000
0.8341
0.3823
1.7863
0.2888
0.1765
0.0000
1.2739
0.0000
0.0000
0.0000
1.0901
0.0000
0.8901
0.0000
0.0000
0.7304
2.1358
2.3445
0.0000
0.0000
4.0316
0.0000
0.0000
0.0000
0.0674
0.0000
4.3229
0.0000
0.4503
0.0000
0.0000
0.0000
2.2604
3.7492
0.0000
3.5134
0.0000
0.0000
0.0000
0.8117
0.0000
0.0000
0.0000
0.0000
0.0000
0.0000
0.0000
0.0000
0.0000
0.0000
0.3439
0.0000
0.0000
0.0000
0.0000
0.0000
0.0000
0.0000
2.4806
0.0000
0.0000
4.0404
0.0000
0.3551
0.0000
0.0000
0.0000
1.1101
0.0000
0.0000
0.0000
0.5461
0.0000
0.0000
0.0000
0.0000
0.2620
0.0000
0.0000
0.8517
0.4291
0.0000
0.0000
0.0000
0.0000
0.0000
0.5676
0.0000
0.0000
1.8601
0.0000
0.0000
0.0000
0.0000
3.2788
2.3694
0.1632
0.0000
0.0000
0.7727
0.0000
0.5858
0.0000
0.0000
0.0000
0.0000
0.0000
0.0000
0.4695
0.0000
0.0000
0.0000
0.0000
0.0000
0.0000
0.0000
0.1519
0.0000
0.0000
0.1886
0.0000
1.8180
0.2333
0.1725
0.0000
3.8403
0.6779
0.0000
0.0000
0.0000
0.0000
0.0000
0.0000
0.7209
0.4780
0.0000
0.3357
0.0000
0.0337
0.0000
0.0000
0.0000
0.0000
1.8174
0.0000
0.0000
0.0000
0.0000
0.1987
0.0176
0.1460
0.0000
0.6028
0.0000
1.9591
0.0000
0.0000
1.3922
0.0000
1.2262
0.0000
2.4363
0.3538
0.6829
0.0000
0.1897
0.0000
0.0000
0.2345
0.0000
1.6644
0.0000
0.0000
0.0000
0.0000
1.8570
0.0000
0.0000
0.0000
0.0000
0.0000
0.0000
0.0000
1.9312
0.0000
0.0000
0.0000
0.0000
0.0000
0.0000
1.9910
0.0000
0.0000
0.0000
3.6167
0.0000
0.0367
0.0000
0.0000
5.6333
0.0000
0.0000
2.3419
0.0000
0.0617
0.0000
0.0000
1.4482
0.0000
0.0000
0.7184
2.3521
2.6638
0.0000
0.0000
0.5830
0.6247
0.0000
0.0000
1.2666
0.0000
0.0000
0.0000
0.0000
0.0000
1.0248
0.0000
0.0000
0.0000
1.0267
0.0000
0.0000
0.0000
0.0000
0.0000
0.0000
0.0000
0.0000
0.0000
0.0000
0.0000
1.9149
1.9824
0.0000
0.0000
0.0000
0.5646
0.0000
0.0000
0.0000
0.0000
0.0000
0.0000
0.0000
0.0000
0.0000
0.0000
0.0000
0.7053
0.0000
2.4885
0.0000
0.0000
0.0000
0.0000
0.0000
0.0000
0.0000
0.3671
1.4556
0.0000
0.0000
0.0000
0.0000
0.0000
0.0000
0.0000
0.0000
0.0000
2.5272
0.1121
0.0000
2.0205
0.0000
0.0000
0.0000
0.8666
2.5355
0.0000
0.9621
1.0052
0.0000
0.0000
0.0000
3.7404
0.0000
0.7955
0.7300
0.0000
0.0000
0.0000
3.3160
0.0000
1.3002
0.0000
0.0000
3.0403
0.0000
1.8208
0.0000
0.0000
0.0000
0.5507
0.0000
0.0000
0.6042
2.1950
0.0000
0.0000
0.0000
0.0000
0.1909
0.0000
0.0000
0.0000
1.3947
0.0000
0.0000
0.0000
0.0000
0.0000
0.0000
0.1724
0.0000
0.0000
0.0000
0.0000
0.0000
0.0000
0.0000
0.0000
0.4583
0.4929
2.3400
0.0000
0.0000
0.0000
0.6349
0.0000
0.0000
0.0000
0.0000
0.0000
0.0000
0.0000
0.0000
0.0000
0.0000
0.0000
0.0000
0.0000
0.0000
0.2436
0.0000
0.0000
0.0000
2.0375
0.0000
1.1409
0.0000
1.9213
0.0000
0.0000
0.0000
0.0000
0.0000
0.0000
0.0000
0.0000
0.6547
0.0000
0.5260
0.0000
1.1767
1.1386
0.0000
0.3781
0.0000
0.0000
0.0000
1.2993
0.0000
2.3335
1.6781
0.0000
0.0000
0.0000
0.0000
0.4186
0.0000
0.0000
0.0000
0.0000
1.1818
1.5983
0.0000
0.0000
1.9049
0.0000
0.0000
0.0000
0.0000
0.4709
0.0000
0.2246
0.0000
0.0000
0.0000
2.0650
0.0000
4.8210
2.1044
0.0000
0.0000
0.6656
0.0000
0.0000
0.0000
0.0000
1.7577
0.0000
0.0000
0.0000
0.0000
0.0000
0.0000
0.0000
0.0000
0.0000
0.0000
0.0000
0.0000
0.0000
3.0620
0.0000
0.0000
1.2832
0.0000
0.0000
0.0000
0.0000
0.3641
0.0000
0.0000
0.0000
0.4506
0.0000
0.0000
0.0000
0.0000
0.4310
0.0000
0.1690
0.0000
0.5680
0.0000
0.0000
0.0000
2.4816
0.0000
0.0000
0.0209
0.0000
1.7278
0.2538
0.0000
0.2671
0.0000
0.0000
2.4816
0.0000
0.0000
0.0000
4.1022
0.0264
0.0000
0.0000
0.0000
0.0000
0.0000
0.0000
0.6279
0.8186
0.0000
0.0000
0.0000
0.0000
1.3715
0.0000
0.6793
2.0630
0.0000
0.0000
0.9734
0.0000
0.0796
0.0000
0.0000
0.0000
0.0000
0.0000
0.0000
0.0000
0.0000
0.0000
0.0000
0.4491
0.2122
0.0000
0.0000
0.0000
0.0000
0.0000
0.0000
1.7448
0.0000
0.0000
0.0000
0.0000
1.5581
0.0000
0.0000
1.3741
0.0000
0.0000
0.0000
0.0000
0.0000
0.0000
0.0000
0.0000
0.0000
0.4524
0.0000
1.2104
0.0000
0.1443
0.3442
0.0000
0.0000
0.0000
0.0000
0.0000
2.0350
0.0000
1.2798
0.0000
1.8297
2.3478
0.0354
0.0000
0.0000
0.0000
0.0000
0.0000
0.0000
0.0000
1.2320
0.0000
0.0000
0.1782
1.8211
0.0000
1.0431
0.0000
0.0000
0.0000
0.0000
0.0000
1.4471
0.0000
0.0000
0.0000
0.0000
0.0000
0.0000
0.0000
0.0000
0.0000
0.0000
0.0125
0.0000
0.0000
2.9025
0.0000
0.0000
0.3639
0.0000
0.0000
0.0000
0.0000
0.0000
0.0000
0.0000
0.0000
0.0000
5.6122
0.0000
0.1526
0.0000
0.0000
0.0000
0.0000
0.0000
0.0000
0.0000
0.0000
0.0000
0.0000
0.0000
0.0000
0.0225
0.0000
0.0000
0.0000
0.0000
2.0767
0.0000
2.1403
1.4309
2.7120
0.9282
1.1148
0.2365
0.2820
0.0000
0.0000
0.9935
0.0000
0.0000
0.0000
0.0000
0.9610
0.8289
0.0000
0.0000
0.0000
0.0000
0.0000
2.9726
0.0000
3.8292
0.0000
0.1304
0.0000
0.0000
0.0000
0.0000
0.0000
3.2444
0.0000
0.0000
1.0676
0.0000
1.0926
2.3935
0.4898
4.6827
0.0000
0.0000
0.0000
1.9343
0.0000
0.0000
0.0000
0.0000
0.0000
0.0000
0.0000
0.0000
4.5631
0.0000
0.0000
0.0000
0.5112
1.0291
0.8460
0.0000
0.0000
0.0000
1.5404
0.0000
4.5548
0.8994
3.8752
0.0000
0.0000
0.0000
3.1543
2.8543
1.1740
0.0000
2.8671
0.0000
0.0000
0.0000
0.0000
1.8642
0.0000
0.0000
0.4936
0.0000
0.0000
2.5842
0.0000
0.0887
0.0000
0.0000
0.0000
1.8124
0.0000
0.0000
0.0000
0.0000
0.0000
0.0000
0.0000
1.2115
0.0000
0.0000
0.0000
0.2934
0.0000
0.0000
0.0000
0.0000
0.0000
0.0000
0.0000
0.0000
0.0000
2.7037
0.0000
1.9387
0.0000
0.0000
0.8231
0.0757
0.0000
0.0000
0.0000
1.4152
0.0000
0.0000
0.0000
0.0000
0.0000
3.3932
0.5519
0.0000
1.1069
0.0000
0.0000
0.0000
0.0000
0.0000
0.0000
0.0000
0.0000
0.0000
0.0000
1.6911
0.0000
0.0000
0.0000
0.0000
0.0000
0.0000
1.1687
0.0000
2.9500
0.0000
0.0000
0.0000
0.0000
2.3797
0.0000
0.0000
0.0000
0.0000
0.0000
0.2997
0.1709
1.4529
0.0000
0.2699
0.0000
3.7877
0.0000
0.0000
0.0000
0.0000
1.7022
0.0000
0.0000
0.4373
0.1739
0.0000
0.0000
0.0000
0.0000
0.0000
0.0000
0.0000
0.0000
0.0000
0.0000
0.0000
0.0000
0.0000
0.0000
2.1216
0.0000
0.0000
0.4776
2.6878
0.3317
0.8991
0.0000
0.0000
0.0000
0.0000
1.6225
0.1258
0.0000
0.0000
0.0000
0.0000
0.0000
0.0000
0.0531
0.0000
0.0000
0.0000
0.0000
0.0000
0.0000
2.2389
0.0652
0.0000
0.0000
3.8440
0.0000
0.0000
2.5707
3.0147
3.0486
0.0000
2.3211
0.0000
0.0000
0.0000
2.9622
0.0000
0.0000
0.0000
0.2131
0.0000
0.0000
0.0000
0.0000
2.4438
0.0000
0.0000
0.0000
0.0806
0.0000
0.0000
0.0000
0.0000
0.0000
2.9935
1.4469
0.0000
0.0000
1.9191
0.0000
1.5011
0.0000
0.0000
0.0000
1.6806
1.2677
3.1201
0.8402
1.2996
0.0000
0.0000
0.0000
0.0000
0.0000
0.0000
0.0000
0.0000
3.6800
0.0000
0.0000
0.0000
0.0000
0.0000
0.3486
0.0000
0.0000
1.6986
0.0000
0.0000
0.0000
0.0000
0.0000
0.0000
0.0000
0.0000
0.0000
0.0000
0.0000
0.8930
0.0000
0.0000
0.0000
2.4043
0.0000
0.0000
0.0081
2.8981
0.0000
2.8685
0.0000
0.0000
1.9138
0.0000
0.0000
0.0000
0.0000
0.0000
1.0114
0.0000
0.0000
0.0000
0.0000
0.0000
0.0000
0.0000
0.0000
2.2083
0.0000
0.9382
0.0000
0.0000
0.0000
0.0000
0.5528
0.0000
0.0000
0.0000
0.0000
0.0000
0.0000
1.7942
0.0000
0.0000
1.8827
0.0000
0.2718
2.5811
0.0000
0.0000
0.0000
0.0000
0.0000
0.5986
0.0000
0.7436
0.0000
3.5733
0.0951
0.0000
2.1054
0.0000
0.0000
0.0000
0.0000
3.1177
0.0000
0.5494
0.0000
0.0000
1.9468
0.0000
0.0000
0.0000
0.6561
0.0000
0.1972
0.0000
0.0000
0.0940
1.4647
0.0000
1.0329
0.0000
0.0000
0.0000
0.0000
0.0000
1.0155
0.0000
0.9726
0.0000
1.3449
0.0000
0.0020
0.0000
0.0000
0.0000
0.0000
0.0000
0.0000
0.0000
0.0000
0.0000
0.0000
0.0000
1.5036
0.0000
0.0000
0.0000
0.5029
0.3417
0.0000
0.0000
0.0000
0.0000
0.0000
0.0000
0.0000
0.0000
0.0000
0.0000
0.0000
3.1525
1.1458
0.0000
0.2074
0.0000
0.6662
0.0000
0.0000
0.0000
0.0000
0.0000
0.0000
0.0000
0.0000
0.0000
3.1638
0.0000
0.0000
0.0000
0.3264
0.0000
0.0000
1.7905
0.0000
1.1235
0.0000
0.0000
0.2958
0.8499
0.0000
0.4920
3.0595
0.2763
1.4896
0.0000
0.0000
0.0000
0.0000
0.0000
0.0000
0.0000
0.0000
0.0000
0.0000
0.0000
0.0000
0.0000
0.0000
0.0000
1.8828
0.6009
1.0873
0.0000
2.4641
0.0000
0.0000
0.0000
0.0000
0.0000
2.8433
0.0000
0.0000
2.0636
0.8675
0.0000
0.0000
0.0000
0.1405
0.2471
0.0000
1.6967
0.0000
0.0000
0.0000
0.0000
0.0000
0.0000
0.0000
0.0000
2.4855
0.0000
2.0679
0.0000
1.5570
0.0000
0.0000
0.0000
0.0000
0.0000
0.0000
0.0000
0.0000
3.7161
0.0000
2.9913
2.1856
0.0000
0.0000
0.0000
0.5388
0.0000
0.0000
0.0000
0.0000
0.0000
0.0000
0.0000
0.0000
0.0000
0.0000
0.0000
0.0000
0.0000
0.0000
0.6561
0.0000
0.0000
2.0658
5.0980
0.0942
0.0000
2.1319
0.0000
0.9202
0.0000
1.0683
0.0000
0.0000
0.2966
0.0000
0.0000
0.0000
0.0000
0.0000
2.3201
1.1020
0.0000
0.5700
0.0000
0.0000
0.0000
0.7970
0.0000
0.0000
4.6234
0.1327
0.5101
0.0000
1.0202
0.0000
0.0000
0.1895
4.1286
0.0000
0.0000
0.0000
0.0000
0.7409
0.0000
0.0000
0.0000
0.0000
0.0000
0.0000
0.0000
0.0000
0.0000
0.0000
0.0000
2.0097
0.0000
0.3069
0.0000
0.0000
0.0000
0.2472
0.0000
0.0000
0.0000
0.3360
0.0000
0.0000
0.0244
1.6078
0.4431
0.0921
0.0000
0.0000
0.5459
0.0000
0.2495
0.0000
0.0000
1.5693
0.0000
1.9822
0.0000
0.0000
0.0000
0.0000
0.4080
0.2162
0.0000
0.0000
0.0000
0.0000
0.0000
5.0451
0.0000
0.0000
0.0000
0.0000
0.0000
0.0000
0.0000
0.9569
0.0000
0.0000
1.8399
0.0000
0.0000
0.1749
2.2096
0.0000
0.9673
0.0000
2.9482
0.0000
0.0000
0.0000
0.0000
0.0000
0.0000
0.0000
0.0000
0.6554
0.0000
1.6631
0.0000
0.0000
0.0000
0.0000
0.0000
0.0000
0.0000
0.0000
0.0000
1.7575
0.0000
0.0000
0.0000
0.0000
1.5231
0.0390
0.8195
0.3244
0.0000
0.0000
0.0000
2.6135
0.0000
0.0000
0.0000
1.9502
2.4467
0.0000
0.0000
0.1094
0.0000
0.0000
0.0000
0.0000
0.0000
0.0000
0.0000
0.0000
0.0000
0.0000
1.8857
0.0000
1.3023
0.0000
0.5613
0.0016
0.0000
0.9336
0.0000
0.4789
0.0000
0.0000
0.4834
2.8047
6.1104
0.0000
0.0000
0.0000
0.0000
0.3630
0.1949
0.0000
0.0000
0.0691
0.0000
0.0000
0.8223
0.0000
0.2040
0.0000
0.0000
0.0000
0.0000
0.0000
0.0000
0.0000
0.0000
0.0000
0.2297
1.4967
0.0000
0.0000
0.0000
0.0000
0.0000
0.0000
0.4694
0.0000
0.0000
0.0000
0.0000
0.0000
0.0000
0.0000
0.0000
1.0859
0.0000
1.0814
0.0000
1.8057
0.0000
1.0636
0.0000
3.7775
0.0000
0.0000
0.0000
2.3711
1.5474
0.0000
1.1790
2.8670
0.0000
0.6800
0.1971
2.7918
0.0000
0.0000
0.0000
0.0000
0.3212
0.0000
0.0000
0.0000
0.0000
0.0000
0.0000
0.0000
0.7610
0.5861
0.0000
0.7001
1.2652
0.0000
0.0000
0.0000
0.0000
0.0000
0.0000
4.3466
0.0000
0.0000
4.5076
0.0000
0.0000
2.1354
0.0000
0.0000
0.0000
2.0270
2.3798
0.0000
0.0000
0.0000
3.4176
0.7526
0.0000
2.3158
0.0000
0.0000
0.0000
0.0000
0.0000
0.0000
0.0000
0.0000
1.9274
0.0000
0.4066
0.0000
0.0000
2.2251
0.0000
3.3633
0.0000
0.0000
0.0000
0.7714
0.0000
0.0000
0.0000
0.0000
0.1757
0.0000
2.1122
0.0000
1.0829
0.0000
1.4207
0.0000
0.0000
0.0000
0.0000
0.0000
0.0000
0.0000
0.0000
0.0000
0.0967
0.0000
0.0000
4.7977
0.0000
0.0633
0.0000
0.0000
0.0000
0.0000
0.0000
0.7670
0.0000
0.0000
0.0000
0.7217
0.0000
3.6920
0.0000
0.0000
0.0000
0.0000
2.4863
0.0000
1.7044
1.4605
2.0859
0.0000
0.0000
0.0000
0.0000
0.3880
0.0000
1.9658
0.0000
0.1074
0.0000
0.0000
0.0000
0.0000
0.0000
0.0000
0.0000
0.0000
0.0000
0.0000
0.6182
0.0000
1.9423
0.0000
0.0000
0.1340
0.0000
0.0000
0.0000
0.0000
1.0407
0.0000
0.0000
0.0000
0.0000
0.3179
0.0000
0.1844
0.0000
0.0000
0.0000
0.0000
0.0000
0.0000
0.6601
0.0000
0.0000
0.0000
2.8703
0.0000
0.1121
0.0000
1.8198
0.0000
0.0000
0.0000
0.9126
1.4372
0.0000
0.0000
0.0000
3.7307
0.0000
0.0000
0.0000
0.0000
0.0000
2.0085
0.0000
0.0000
0.0000
0.0000
0.8816
0.0000
1.7153
1.0087
0.0000
0.0000
0.0000
0.5916
0.0000
0.0000
0.0000
0.7575
0.0000
1.2642
0.0000
0.0000
0.2741
0.5596
1.7850
1.4904
0.0000
0.1628
0.0000
0.0000
0.7302
0.0000
2.0727
3.2905
0.0000
0.0000
0.0000
0.0000
0.0000
0.0000
2.4021
0.0000
0.6463
0.0000
0.0000
0.7250
0.0000
0.0000
0.0000
0.0000
0.0000
0.0000
0.0000
1.3055
0.0000
0.0000
3.2507
2.2037
0.0000
0.0000
0.0000
0.0000
0.0000
0.0000
0.0000
0.0000
2.9935
0.0000
0.0000
1.9098
2.8501
0.0000
0.0000
0.0000
1.1803
1.1353
0.0000
0.0000
1.1086
0.0000
0.0000
0.0000
0.0000
0.0000
0.8033
0.0000
0.0000
0.0000
1.6140
3.8041
0.0000
3.1392
0.0000
0.0000
0.0000
0.0000
3.0214
0.0000
0.0000
0.0000
3.7579
2.4322
0.0000
0.0000
0.0000
0.5810
0.0000
0.9964
0.8888
0.0000
1.3370
0.0000
0.0000
0.0000
2.1533
0.2193
0.0000
0.0000
0.0000
0.0448
2.0909
0.0000
0.0000
0.0000
0.0000
0.0000
0.0000
0.0000
0.0000
0.0000
0.0000
0.0000
0.0000
1.4035
0.0000
0.0000
0.0000
1.7195
0.0000
0.4610
0.4953
0.0000
0.0000
1.0410
0.0000
1.3404
0.0000
0.0000
0.0000
4.0753
0.0000
0.0000
0.0000
0.0000
0.0000
0.0000
0.0000
0.0000
0.0000
0.0000
0.0000
0.0000
0.0708
0.0000
0.6611
0.0000
0.2420
0.0000
0.0000
0.0000
0.0000
0.0000
1.2105
0.0000
0.0000
0.4278
0.0000
0.0000
0.0000
0.0000
0.0000
0.0000
0.0000
0.0000
0.0000
0.0000
0.0000
0.3931
0.0000
0.2497
1.7714
0.0000
0.0000
0.0000
0.0000
1.5979
0.2590
0.5544
0.0000
0.0000
2.7174
2.8321
0.0000
3.8716
0.0000
0.5019
0.0000
0.0000
0.0000
0.5162
0.0000
0.0000
0.0000
0.0000
0.0000
1.2577
0.0000
3.7236
0.0000
0.0000
0.0000
0.0000
0.0000
2.1677
0.0000
0.9403
0.4620
0.0000
1.6124
0.0000
0.0000
0.0000
0.0000
0.5268
0.0000
0.0000
0.0000
1.3126
0.0000
0.0000
0.0000
0.0000
0.1862
0.0000
0.0000
0.0000
0.3586
0.0000
0.6558
2.7999
2.4197
0.5268
0.1215
0.0000
0.0000
0.0000
0.0000
0.0000
0.0000
1.1193
1.1148
1.7179
0.0000
0.0000
0.0000
0.0000
0.3703
0.0000
0.0000
0.0000
0.0000
0.0000
0.0000
0.0000
0.0000
0.0000
0.0000
0.0000
2.6622
0.6493
0.0000
0.2003
0.0000
0.0000
0.0000
0.0000
0.0000
0.0000
2.1877
0.0000
0.0000
0.0000
1.0003
0.0000
0.0000
0.0000
0.0000
0.0000
0.4782
1.8847
0.4481
0.0000
0.0000
0.0000
0.0000
0.0000
0.0000
0.0000
0.0000
0.0000
0.2812
0.0000
3.3870
0.0000
0.0000
0.0000
2.9485
0.4478
0.0000
0.0000
3.6566
0.0000
0.0000
1.2058
0.0000
0.0000
0.0000
2.4281
1.5296
0.0000
0.1015
0.0000
0.0000
3.8498
0.0000
1.5663
0.0000
1.0260
0.0000
0.2922
2.1415
0.0000
2.9967
0.0000
0.0000
0.0104
0.0000
0.0000
0.0000
0.0000
0.5969
0.0000
0.4474
0.0000
0.0000
0.0000
0.0000
0.0000
1.7030
0.0000
0.0000
0.0000
0.0000
0.0000
0.5118
0.6416
0.0000
0.0000
1.3884
0.0000
0.0000
0.6406
0.0000
0.0000
0.0000
0.2757
2.6231
0.0000
0.0000
1.8540
0.0000
0.5398
0.0000
0.0300
0.0000
0.0000
1.7517
1.6148
0.0000
0.0000
0.0000
0.0000
0.0000
1.6691
0.0000
0.0000
0.0000
0.2952
0.0000
0.5705
0.0000
0.1586
0.0000
0.6306
0.0000
1.3326
2.5100
0.0389
0.0000
0.4319
0.5462
1.5977
0.0000
0.0000
0.0000
0.0000
0.0000
0.0000
0.0000
2.9901
1.9448
0.0000
0.1414
0.0000
5.2295
6.0805
0.0000
0.0000
0.0000
0.0000
0.0000
0.0000
0.0000
0.0000
0.0000
0.0000
0.0000
0.0928
0.0000
0.0000
0.0000
0.0000
0.0000
0.7283
0.0000
0.0000
0.0000
1.3579
0.0000
0.0000
0.5889
0.0000
1.4696
0.0000
0.0000
1.7929
0.0000
0.0000
0.8428
2.5361
0.8974
0.0000
2.2162
0.0000
2.8824
0.0000
2.2625
0.0000
0.0000
1.2514
0.0000
0.0000
0.0000
0.7918
0.0000
0.0000
0.0000
0.0000
2.4768
0.0000
0.0000
0.0000
0.1444
0.0000
0.0000
0.0000
0.1074
0.0000
0.0000
0.0000
1.0236
0.0000
0.0000
0.0000
0.0000
0.0000
0.3193
0.0000
0.0000
0.0000
0.0000
1.0545
0.0000
0.0000
0.0000
0.0000
0.1196
0.0000
0.0000
3.6114
0.0000
0.0000
2.4794
0.2848
0.0000
0.0000
0.0000
0.9549
0.0000
0.0000
0.0000
0.0866
1.0114
0.0000
0.0000
0.0000
0.0000
0.0000
0.0000
0.0000
0.0000
0.0000
0.0000
0.0000
0.3975
0.0000
0.0000
0.0000
0.0000
0.0000
0.0000
3.0138
0.0000
1.0147
0.0000
0.0000
0.6926
0.1923
0.0000
0.0000
0.0000
1.2017
0.0000
0.0000
0.0000
0.0000
0.0000
0.9933
0.0000
0.0000
5.4998
0.0000
0.0000
0.3484
0.0000
0.9781
1.6901
0.2888
0.0000
0.0000
0.0000
0.0000
0.0693
0.0000
2.0598
0.0000
0.0000
0.3870
0.0000
0.0000
0.0000
0.0000
0.0000
1.5618
0.0000
0.0000
0.0000
0.1597
0.0000
1.9651
0.0000
0.0000
2.1529
0.0000
2.0249
0.0000
0.0000
0.0000
1.8870
0.0000
3.2223
0.0000
1.8622
1.7651
0.6264
0.0000
2.9561
0.0000
0.0000
0.0000
0.0000
0.0000
0.0000
0.1104
1.8684
0.0000
0.7510
0.5344
0.0000
0.0000
0.0000
0.3209
0.0000
0.0000
0.0000
0.0000
0.0000
0.0000
1.6207
0.0000
0.0000
0.0000
0.0000
1.8841
0.0000
1.1616
0.1010
0.0000
0.0000
0.0000
0.8423
0.0000
0.0000
0.0000
0.0000
2.2734
0.0000
1.0826
0.0000
0.0000
0.0000
0.0000
0.0000
2.8921
0.0000
0.0000
0.0000
0.0000
0.7897
0.3727
0.0000
0.0000
0.0000
2.4236
0.0000
0.0000
0.0642
0.0000
3.2064
0.0000
0.0000
1.7312
0.0000
0.0000
0.0000
0.0000
0.0000
4.8358
0.0000
3.5467
4.6187
0.0000
0.0000
0.0000
2.6465
0.0000
1.4983
0.0000
0.0000
0.0000
0.0000
0.0000
2.6638
0.0000
0.0000
1.3181
0.0000
0.0000
0.0000
2.0715
0.0000
0.0000
0.0000
1.8048
0.0000
0.0000
0.2346
2.2698
0.9346
1.8594
0.0000
0.0000
0.0000
0.0000
0.0000
0.0000
3.1512
2.1695
0.9297
0.6808
0.0000
1.2167
1.4428
0.0000
0.0000
0.0000
0.0000
0.0000
1.9148
0.0000
1.6750
2.3730
0.0000
0.0000
0.0000
0.0000
0.3403
0.7623
0.6304
0.3836
0.0000
2.1331
0.0000
2.7395
0.0000
0.7842
0.0000
0.0000
0.0000
2.1986
0.0000
1.1744
0.0000
0.0000
1.2523
0.0000
0.0194
1.3471
0.4776
1.0925
2.0519
0.0000
0.4945
0.0000
0.0000
0.0000
0.7906
0.0000
0.0000
0.7861
4.1962
0.9034
1.1406
0.0000
0.0000
0.0000
0.0000
0.8430
0.0000
0.0000
0.0000
0.0000
0.0000
0.0000
0.4592
0.0000
0.0000
1.9051
0.0000
0.0000
0.0000
1.8974
0.0000
0.0000
0.3728
0.0000
1.7700
0.8046
0.1565
2.0015
0.0000
0.8638
0.0000
0.0000
0.7510
0.0000
0.0000
0.0000
0.0753
0.0000
0.0000
3.0608
0.0000
0.0000
0.6161
0.0000
0.0000
0.0000
0.0000
0.0000
0.0000
0.0000
0.0000
0.0000
0.0000
0.0000
0.0000
1.2871
1.4233
0.0000
2.8653
0.0637
0.0000
0.0000
0.0000
0.0000
0.0682
0.0000
0.0000
0.0000
0.4980
0.0000
0.0000
2.7565
0.0000
0.1651
0.0000
0.0000
0.7046
0.0000
1.1517
0.0000
0.0000
0.0000
1.5635
0.0000
1.0996
0.0000
1.7190
0.0000
0.2429
0.0000
0.0000
0.0000
0.0000
0.0000
0.0000
2.2865
0.0000
0.0000
0.0000
0.0000
0.0000
0.9394
0.0000
0.5724
2.5562
2.7954
1.3076
0.0000
0.0000
0.0000
0.0000
2.0947
0.1541
0.0000
0.0000
0.0000
0.0000
0.0000
0.0000
3.6063
1.6679
1.0959
0.0000
0.0000
0.0000
4.1417
0.0000
0.0000
0.0000
0.0000
0.0000
0.0000
0.0000
0.0000
0.3423
0.0000
0.0000
0.0000
0.0000
0.0000
0.0000
0.0000
1.8864
0.0000
0.0000
0.0000
0.0000
0.0000
0.0000
0.0000
5.8479
0.4388
0.0000
0.0000
0.7689
0.0000
0.0000
0.8264
1.7228
0.0000
0.0000
0.6324
3.1965
0.3382
0.0000
0.0000
0.0000
0.0000
0.5957
1.2836
1.4421
0.0000
0.0000
4.0487
0.3094
0.0000
0.0000
0.0000
0.7919
0.0000
0.0000
0.0000
0.6246
0.0000
0.0000
0.0000
0.0000
0.5722
0.0000
0.0000
0.0000
0.0000
0.0000
0.9013
0.0000
0.0000
0.0000
0.0000
1.0859
0.5976
0.5006
0.0000
0.0000
1.7642
0.0000
0.4747
1.3635
0.0000
0.3616
0.0000
0.0000
0.0000
0.0000
0.0000
0.0000
0.0000
0.0000
0.0000
0.0000
0.0000
0.0000
0.0000
0.0000
1.7894
0.0000
2.3329
0.0000
0.0000
2.0341
0.0000
0.0000
0.0000
0.0000
0.4615
0.0000
0.0000
0.0000
0.0000
0.0000
0.0000
1.8794
1.7359
0.4425
0.0039
0.0000
0.0000
1.2153
0.0000
0.0000
0.0000
0.0000
0.0000
0.0000
0.0000
0.0000
0.0000
0.0000
0.0000
0.0000
0.0000
0.0000
0.0000
0.0000
0.0000
0.0000
1.0513
1.4604
0.0000
0.0000
2.5434
1.3102
0.0000
3.9185
0.0000
1.9261
0.5980
2.2396
0.0000
1.6382
0.0000
0.0000
0.0267
0.0000
0.0000
0.0000
1.3274
0.0000
0.0000
0.0000
0.0000
1.9565
0.0000
0.9707
0.0000
2.4897
0.8929
0.0000
0.0000
5.6079
1.5324
0.0000
1.1708
0.0000
0.0000
0.2589
4.4710
0.0000
0.0000
0.0000
0.4556
0.0000
0.0000
0.0000
3.2208
0.0000
0.0000
1.0033
0.0000
0.0581
0.0000
0.0370
0.0000
0.0000
2.0740
0.0000
0.0000
0.0000
0.0000
0.0000
1.6998
0.0000
2.0063
0.0000
0.0153
0.3969
0.0000
1.1344
0.0000
0.0000
2.5415
0.0000
0.0000
0.0000
0.0000
0.3935
2.3435
0.0940
0.0000
0.0000
0.0000
0.0000
1.2441
0.9955
1.0681
0.0000
0.0000
0.0000
0.0000
0.0000
0.0000
0.0000
0.0000
0.0000
0.0000
2.6738
0.0000
0.0000
1.4513
0.0000
0.0000
0.0000
0.0000
4.6279
0.0000
0.0000
2.2269
0.0000
1.3042
0.0000
0.0840
0.0000
0.0000
2.7114
0.0000
0.0000
0.0000
0.0000
0.0000
0.4563
0.0000
0.0000
0.0000
0.5000
0.0000
0.0000
2.4112
0.5070
0.7639
0.0000
0.8180
0.0000
0.0000
0.1238
2.0453
0.0000
0.0000
0.0000
2.3087
0.0000
0.0000
2.2061
0.0000
0.5273
1.6066
1.0233
0.0000
0.0000
0.0000
0.0000
0.0000
0.0000
0.0000
0.0000
1.0856
0.0000
0.0000
0.0000
0.0000
0.0000
0.6484
0.0000
0.0000
0.0000
0.0000
0.0000
0.0000
0.2516
0.9832
0.0000
0.0000
0.0000
3.8778
0.0000
0.9658
0.0000
0.0000
0.0000
0.0000
0.0000
0.0000
0.0000
0.8013
0.0000
0.0000
1.4986
0.0000
0.0000
0.0000
0.0000
0.0000
0.0000
0.0000
0.0000
0.6866
0.0000
0.0000
0.0000
0.0000
0.0000
0.0000
1.0131
0.0327
0.0000
0.0000
0.0000
0.0000
0.8722
0.0000
0.0000
0.2271
0.0000
0.0000
0.0000
0.0000
0.3010
0.7658
0.0000
0.0000
0.0000
0.0000
0.0000
0.0000
0.2408
0.0000
0.0000
0.0000
0.9548
2.9970
0.0000
0.0000
0.3135
0.0000
0.0000
1.5764
0.0000
0.0000
0.0000
0.0000
0.0000
0.0000
0.0000
0.0000
1.3290
0.0000
0.0000
0.0000
0.0000
1.8524
0.0000
0.0000
0.0000
0.1097
0.0000
0.0000
0.0000
1.5023
1.1969
0.3718
0.0000
0.0000
0.0000
0.0000
0.0000
0.0000
2.0250
0.0000
0.0000
0.0000
0.0000
4.0719
0.7715
1.2227
0.0000
0.0000
0.0000
0.8737
0.0000
2.7610
0.0000
0.0000
0.0000
0.0000
0.0000
1.2107
0.3036
0.0000
0.0000
0.0000
0.0000
0.9520
0.0000
0.0000
0.0000
0.0000
0.0000
0.0000
0.0000
0.0000
0.0000
0.0128
0.6034
0.0000
0.2016
0.0000
0.0000
0.8766
0.0000
0.0000
0.0000
0.0000
1.1414
0.0000
0.0000
0.0000
0.0000
0.0000
0.0000
0.0000
1.8980
0.0000
0.9895
0.0000
0.0000
3.3123
0.0000
0.0000
0.0000
0.0000
0.0000
0.0000
0.0000
0.0000
0.0000
0.0000
0.0000
0.0000
0.0000
0.0000
1.5735
0.0000
0.0000
0.0000
0.0000
0.0000
0.0000
0.0000
0.7686
0.0000
0.0000
0.0000
0.0000
0.0000
0.0000
0.0000
0.0000
0.0000
0.0000
0.0000
0.0000
0.0000
0.0000
0.0000
0.6200
0.0000
0.0000
0.0000
0.0000
0.0000
0.6169
0.0000
0.0000
1.0073
0.8400
3.8719
0.0000
0.0000
0.0000
0.0000
0.0000
0.0000
0.0000
0.4308
1.0273
2.8188
0.0000
0.0000
0.0000
1.6740
0.0000
3.6562
0.0000
2.2868
0.0000
0.0000
0.0000
1.5836
0.0000
1.5883
0.0000
0.0000
0.0000
0.0000
0.0000
0.0000
0.5488
0.0000
0.0000
3.4886
0.0000
0.0000
0.0000
0.0000
3.7215
0.0049
0.0768
0.0000
0.0000
0.0000
0.0000
0.0000
1.6606
1.6348
0.0000
0.0000
0.0000
0.4662
0.0000
0.4421
1.0055
2.6490
0.0000
0.0000
0.0000
0.1415
0.5166
4.5139
0.0000
0.0000
0.0000
0.0000
3.5280
0.0000
0.0000
0.0000
0.0000
0.0000
0.0000
2.3420
0.0000
0.0000
3.0267
0.0000
0.0000
0.0000
0.0000
0.9659
0.4286
0.0603
0.0000
0.0000
0.0000
0.6953
0.6967
0.0000
0.0000
0.0000
0.6666
0.0000
0.0000
4.7810
0.0000
0.0000
0.0000
0.0000
1.6834
0.0000
0.0000
0.0000
0.0000
0.0000
0.0000
5.3848
0.0000
0.0000
0.0000
0.0000
0.0000
0.0000
1.7211
0.9366
0.0000
0.0000
0.8456
0.0000
0.0000
0.0000
0.0000
2.5352
3.9665
0.0000
0.0000
0.0000
0.0000
0.0000
0.0000
0.0000
0.0000
0.0000
0.5368
0.0000
0.0000
0.2433
0.4628
1.5197
0.0000
0.0000
0.0000
0.0000
1.7938
1.7938
0.0000
1.2311
0.0000
0.0000
0.0000
0.0259
0.0000
3.2302
0.0000
2.4084
0.0000
0.0000
0.0000
0.0000
2.3563
0.0000
0.0000
1.2544
0.3845
0.0000
0.0000
0.0000
0.0000
1.3932
0.0000
1.6563
0.0000
0.0000
0.0000
0.0000
0.0000
0.0000
0.0000
0.0000
0.8234
0.0000
1.1029
0.9557
0.0000
0.9355
0.0000
0.0000
0.0000
1.3820
0.0000
1.4394
3.2110
0.2012
1.4431
0.0000
0.0000
0.3506
0.0000
0.0000
0.0000
0.0000
0.0000
0.7649
0.4239
0.0000
0.0000
0.0000
0.8310
0.0000
0.0000
0.0000
0.0000
0.7364
0.2813
1.2248
1.0416
0.3540
0.0000
0.0000
3.5898
0.0000
0.9847
0.0000
0.0000
0.1101
1.3872
0.0000
0.0000
0.0000
0.0000
1.6736
0.0000
0.0000
1.0898
2.0152
0.0000
2.0126
0.0000
0.0000
0.0000
0.0000
0.6795
0.0000
0.0000
0.0000
2.9072
0.0000
0.0000
0.0000
0.0000
0.0000
0.8479
2.2389
0.0000
0.0000
0.0000
0.0000
0.0000
0.0000
0.0000
2.0714
2.9953
0.0000
0.0000
2.1901
0.0000
0.0000
0.2451
0.0000
0.0000
0.0000
0.0000
0.0000
0.0000
0.3708
0.0000
0.0000
0.0000
0.0000
0.0000
2.4418
0.0143
0.0000
2.9911
0.1362
0.0000
0.0000
0.0000
2.8326
0.2408
0.0000
0.0000
0.0000
0.0000
0.0000
3.6030
0.0000
0.0000
1.2149
0.0000
0.9233
0.0000
1.7883
0.0000
0.0000
0.0000
0.0958
0.0000
0.0000
0.0000
0.0000
0.0000
0.0000
4.2023
0.5618
0.0000
1.5954
0.0000
0.0000
0.0000
0.0000
0.0000
2.4376
0.0000
0.0000
0.0000
0.2105
5.6926
0.0000
3.8991
0.0000
0.0000
0.0000
0.0000
0.0000
0.8976
0.0000
0.0000
0.0000
0.1772
0.0000
3.5501
0.0000
0.0000
0.0000
0.0000
0.3920
2.0285
1.2749
1.4938
0.0000
0.0000
0.0000
0.0000
1.2228
1.3360
0.0000
0.0000
0.0000
0.0000
0.0000
0.0000
0.0000
0.0000
0.0000
0.0000
0.0000
0.0000
0.0000
0.0000
0.0000
0.8541
0.9953
0.3017
0.0000
0.4844
0.0000
0.9584
0.0000
2.4948
0.0000
0.0000
2.2614
1.2919
0.0000
0.0000
1.5525
0.0000
0.0000
0.0000
0.0000
2.4318
1.0878
0.1833
0.0000
0.0000
0.0000
0.0000
0.9328
0.0000
0.0000
0.0000
0.3621
0.0000
0.0000
0.0000
0.0000
0.0000
0.5465
0.0000
0.0000
0.3570
0.0000
0.0000
5.4100
0.0000
0.0000
4.2859
0.0000
0.0000
0.0000
0.0000
1.6214
0.0000
0.0000
1.8358
0.0000
0.0000
1.7939
0.4319
2.2271
2.7374
1.4670
0.0000
0.2442
0.0000
0.0000
0.0000
0.0000
0.0000
0.0000
1.1071
5.1921
0.0000
0.2421
0.0541
0.0000
0.0000
0.0000
0.0949
0.0000
0.0000
0.7714
0.0000
0.0000
0.0000
0.0000
0.0813
0.0000
0.0000
0.0000
0.0000
0.0000
0.0000
0.0000
0.0000
0.8655
0.0000
0.0000
0.0000
0.0000
0.0000
0.0000
0.0000
0.0000
0.0000
0.0000
0.0000
0.0000
0.0000
0.0000
0.0000
1.2335
0.0000
0.0000
0.0000
1.0265
0.0000
2.2884
2.4213
0.0000
0.0000
0.0000
5.1830
0.0565
0.0000
0.0000
0.0000
1.2648
0.0000
0.0000
0.0000
0.5423
3.8504
0.8361
0.0000
0.0000
0.0000
0.0000
0.0000
0.0000
0.0000
2.4324
0.0000
0.0000
0.0000
4.4270
0.0000
1.2617
0.0000
0.0000
0.0000
0.0000
4.9999
0.0000
0.0000
0.0000
0.3225
3.2521
0.0000
0.0000
0.4304
1.9549
0.0000
0.0000
0.0000
0.0000
0.0000
0.0000
0.0000
0.0000
0.0000
2.6887
0.0000
4.0424
0.0000
0.0000
1.6683
0.0000
2.7284
0.0000
1.3176
0.0000
1.7536
0.0000
0.0000
0.0000
0.0000
0.1531
0.0000
0.0000
0.8432
0.0000
0.0000
0.0000
0.0000
0.0000
0.0000
0.0000
0.0000
0.0000
0.0000
1.1951
1.5707
0.0000
0.4172
0.0000
0.0000
3.0775
0.0000
0.0000
2.8962
1.7311
0.0000
0.0000
1.6575
0.5094
5.9282
0.5200
0.4657
0.0000
3.4855
0.0000
0.0000
0.0000
0.0000
0.0000
0.0000
0.0000
2.1250
1.8508
1.5521
2.4937
0.0000
0.0000
3.8871
0.0000
0.0000
0.0000
0.0000
0.0000
1.4172
0.0000
0.0000
2.5342
0.0000
0.0000
0.0000
4.3456
0.0000
1.7372
0.6088
0.0000
0.0000
0.0000
1.7971
2.0731
0.9983
0.0000
0.0000
0.0000
2.4672
1.2706
0.0000
0.0000
0.0000
0.0000
0.0000
0.3222
0.0000
0.0000
0.0000
0.0000
0.0000
0.0000
0.0000
0.2353
1.8960
0.0000
0.0000
0.8988
2.5648
1.7890
2.5267
0.0000
0.5581
1.8735
0.0000
0.2950
0.0000
0.0000
0.0000
0.0000
1.0013
0.0000
0.0000
0.0000
0.0000
2.0652
0.9367
0.0000
1.6058
0.0827
1.3208
0.0000
0.3481
0.0000
0.6301
0.0000
1.9675
0.7034
0.5790
0.2448
0.0000
2.3420
0.0000
0.0000
0.0000
0.0000
0.4781
1.2122
0.0000
0.0000
2.1506
0.0000
0.0000
5.0713
0.0000
0.3012
0.0000
0.0000
0.8818
0.0000
0.0000
0.0000
1.6074
0.0000
0.4018
2.2156
0.0000
3.4580
0.1313
0.6359
0.0000
0.0000
1.2741
0.0000
0.0000
0.0000
0.0000
0.0000
1.8779
0.0000
0.0000
0.1066
0.3049
0.0000
0.0000
0.0000
0.0000
0.0009
0.0000
0.0000
0.3684
0.0000
0.0000
0.0000
3.8920
0.0000
1.6878
2.3569
2.3695
0.0000
0.0000
0.0000
0.0000
0.0000
0.0000
0.0000
0.0000
0.7093
0.0000
4.1175
0.0000
0.0000
3.6076
0.4345
0.5589
2.3492
0.0000
2.0000
0.0000
0.0000
0.0000
0.0000
0.1560
0.0000
1.0842
1.6263
0.0662
0.0000
0.0000
0.0000
0.3683
0.0000
0.0000
0.0000
0.0000
0.9032
0.0000
0.0000
1.3222
0.0000
