0.0000
0.0000
0.0000
0.0000
2.6476
2.3332
0.0000
0.1872
0.0186
2.3250
0.9405
0.0000
1.9837
0.0000
0.0000
0.0000
0.0000
0.0000
0.0000
0.0246
0.0000
0.0000
2.3128
0.0000
1.7421
0.0000
0.0000
0.0739
0.0000
0.0000
0.0000
0.0000
0.7204
0.0000
1.6137
0.0000
0.0000
0.0000
2.8034
2.0055
0.0000
0.0000
0.0000
0.0000
0.0000
0.4791
0.0000
0.0000
0.0000
0.0000
0.0000
0.0000
0.0000
0.0000
0.0000
0.0000
0.0000
0.0000
0.0000
0.0000
0.0000
1.7246
0.0000
1.4692
0.0000
0.0000
0.0000
0.1978
1.8816
0.0000
0.0000
1.6102
0.0000
0.0000
0.0000
1.0057
0.0000
0.0000
0.0000
0.0000
0.0000
0.0000
0.7797
0.0000
0.0000
0.0000
1.0928
1.3122
0.9074
0.0000
1.3966
0.0000
0.7801
1.9166
0.0000
0.0000
0.0000
0.0000
2.4906
0.0000
1.3558
0.0000
0.0544
0.0000
0.0000
0.0000
0.0000
0.0000
1.2275
0.5777
0.0000
0.0000
0.0000
0.0000
0.0000
0.0000
0.0000
0.0000
0.0000
0.0000
2.1458
0.0000
3.7105
0.0000
0.0000
0.0000
0.0000
0.0000
0.8457
1.6956
0.0000
0.0000
0.0000
0.0000
3.4318
0.0000
0.0000
5.2197
0.0000
1.0034
3.9396
0.0000
1.3040
0.5634
1.6122
0.0000
0.0000
2.0491
1.3951
0.0000
0.0000
0.8354
1.7070
0.0000
0.0000
0.0000
0.0000
0.4659
0.1257
0.2374
0.5484
0.0000
1.1783
0.0000
0.0000
0.8588
0.0000
0.7578
0.0000
2.9673
0.0000
0.6440
0.0000
0.0000
0.0000
0.0000
0.0000
0.3267
0.0000
6.5693
3.6002
2.5135
0.0000
0.0000
0.0000
0.0000
1.7173
1.7292
0.0000
1.3876
0.0000
0.0000
0.0000
0.0000
1.7161
0.4821
0.0000
0.0000
2.5167
2.8578
0.0000
0.0000
0.0000
0.0000
0.0000
0.0000
0.0000
0.0000
0.0000
0.0000
0.0000
0.0000
0.0000
2.2541
2.0979
0.0000
0.0000
0.0000
0.7968
0.0000
0.0000
0.0000
0.0000
0.0000
1.9550
0.0000
0.1405
0.4413
0.0000
0.2937
0.0000
0.0000
0.0000
0.0233
1.2461
0.0000
0.6998
0.4087
1.3560
0.0000
0.0000
0.0000
0.0000
0.0000
0.0000
0.0000
0.0000
0.0000
0.0000
0.0000
0.0000
0.0000
0.0000
1.0656
0.0000
1.7111
0.0000
0.0000
0.2022
0.0000
0.0000
0.1101
0.0000
0.1235
0.0000
0.0000
2.8515
0.5281
0.0000
0.0000
0.7528
0.2849
0.6284
0.1191
0.0000
0.0000
0.0000
0.0000
2.0288
0.0000
2.6236
0.4161
1.4740
0.0000
0.6629
0.0000
0.0000
0.0000
0.0000
0.0000
0.0000
0.0000
0.0000
0.2638
3.0015
0.0000
0.0000
0.0000
0.0000
3.4453
0.0000
0.0000
0.0000
0.0000
0.0000
0.0000
0.3344
0.0000
0.0000
0.0000
0.0000
0.7622
0.0000
0.6008
0.6481
0.0000
0.0000
0.0000
0.0000
0.7512
0.7645
2.4942
1.4633
0.0000
0.0000
2.2499
0.0000
0.0000
0.0000
0.8569
0.0000
0.0000
0.0000
0.0000
0.6309
2.3025
1.8288
0.0000
0.0000
3.4680
0.0000
0.0000
0.0000
0.0869
0.0000
4.5875
0.0000
0.0401
0.0000
0.0000
0.0000
2.2023
3.7169
0.0000
3.4403
0.0000
0.0000
0.0000
0.8316
0.0000
0.0000
0.0000
0.0000
0.0000
0.0000
0.0000
0.0000
0.0000
0.0000
0.0000
0.0000
0.0000
0.0000
0.0093
0.0000
0.0000
0.0000
1.6713
0.0000
0.0000
3.8450
0.0000
0.6386
0.0000
0.0000
0.0000
1.5693
0.0000
0.0000
0.0000
1.2897
0.0000
0.0000
0.0000
0.0000
0.3402
0.0000
0.0000
0.3805
0.2212
0.0000
0.0000
0.0000
0.0000
0.0000
2.2558
0.0000
0.0000
0.9859
0.0000
0.0000
0.0000
0.0000
3.8762
1.4499
0.4542
0.0000
0.0000
1.0691
0.0000
0.8224
0.0000
0.1014
0.0000
0.0000
0.0000
0.3577
0.2548
0.0000
0.0000
0.0000
0.0000
0.0000
0.0000
0.0000
0.7972
0.0000
0.0000
0.4487
0.0000
1.4443
0.0000
0.4611
0.0000
4.4219
1.1747
0.0000
0.0000
0.0000
0.0000
0.0000
0.0000
0.0000
0.4388
0.0000
1.2170
0.0000
0.6588
0.0000
0.0000
0.0000
0.1166
1.5000
0.0000
0.0000
0.0000
0.0000
0.0000
0.4017
0.1011
0.0000
0.2864
0.0000
0.2933
0.0000
0.0000
2.1484
0.0000
0.8687
0.0000
1.9961
0.0000
1.2028
0.0000
0.7755
0.0000
0.0000
0.0000
0.0000
1.1937
0.0000
0.0000
0.0000
0.0000
1.7459
0.0000
0.0000
0.0000
0.0000
0.0000
0.0000
0.0000
1.2183
0.0000
0.0000
0.0000
0.0000
0.0000
0.0000
1.0940
0.0000
1.0387
0.0000
1.7302
0.0000
0.3344
0.0000
0.0000
5.1198
0.0000
0.0000
2.7518
0.0000
0.6047
0.0000
0.0000
1.4525
0.0000
0.0000
0.2550
2.7233
1.5907
0.5484
0.0000
0.0000
0.5746
0.0000
0.0000
0.7282
0.0000
0.0000
0.0000
0.0000
0.0000
0.3307
0.0000
0.0000
0.2730
1.1027
0.0000
0.0000
0.6263
0.0000
0.0000
0.0000
0.0000
0.0000
0.0000
0.0000
0.0000
1.3310
1.4467
0.0000
0.0000
0.0000
0.0829
0.0000
0.0000
0.0000
0.0000
0.0000
0.0000
0.0000
0.0000
0.0000
0.0000
0.0000
0.5409
0.0000
1.6269
0.0000
0.0000
0.0000
0.0000
0.0000
0.0000
0.0000
0.6431
1.1338
0.0000
0.0000
0.0000
0.0000
0.0000
0.0000
0.0000
0.0000
0.0000
2.8005
0.0000
0.0000
1.2143
0.0000
0.0000
0.0000
0.5738
1.9856
0.0000
0.3391
0.7630
0.0000
0.0000
0.0000
3.9505
0.0000
1.4309
0.3738
0.0000
0.0000
0.0000
3.1422
0.0000
1.4296
0.0000
0.0000
2.8440
0.0000
2.1923
0.0000
0.0000
0.0000
0.0000
0.0000
0.0000
0.2812
2.5801
0.0000
0.0000
0.0000
0.0000
0.0000
0.2006
0.0000
0.0000
0.3426
0.0000
0.0000
0.0000
0.0000
0.0000
0.0000
0.3529
0.0000
0.9180
0.0000
0.0000
0.0000
0.6911
0.0000
0.0000
0.0000
1.4458
2.6606
0.0000
0.0000
0.0000
0.1592
0.0000
0.0000
0.0000
0.0000
0.0000
0.0000
0.0000
0.0000
0.0000
0.0000
0.0000
0.0000
0.0000
0.0000
0.0000
0.0000
0.0000
0.0000
2.1732
0.0000
1.9109
0.0000
2.4537
0.0000
0.0000
0.0000
0.0000
0.0000
0.0000
0.0000
0.0000
0.0000
0.0000
1.6059
0.0000
0.0000
1.6288
0.0000
0.1822
0.0000
0.0000
0.0000
1.1588
0.0000
2.9655
1.9740
0.0000
0.0000
0.0000
0.0000
0.6024
0.0000
0.0000
0.0000
0.0000
0.9360
0.7339
0.0000
0.0000
1.8496
0.0000
0.0000
0.0247
0.0000
0.0000
0.0000
0.9432
0.0000
0.0000
0.0000
1.2643
0.1685
5.4075
1.2070
0.0000
0.0000
0.6011
0.0000
0.0000
0.0000
0.0000
1.8894
0.0000
0.0000
0.0000
0.0000
0.0000
0.0000
0.0000
0.0000
0.0000
0.0000
0.0000
0.0000
0.0000
3.0365
0.2616
0.0000
1.1982
0.0000
0.0000
0.0000
0.0000
0.0000
0.0000
0.0000
0.0000
0.0000
0.0000
0.0000
0.0000
0.0000
0.1666
0.4928
0.0000
0.0000
0.0000
0.0000
0.0000
0.0000
2.7328
0.0000
0.0000
0.0000
0.0000
0.8505
0.2166
0.0000
0.1859
0.0000
0.0000
2.4955
0.0000
0.0000
0.0000
3.9344
0.4303
0.0000
0.0000
0.0000
0.0000
0.0000
0.0000
0.7380
1.6723
0.0000
0.0000
0.0000
0.0000
0.8790
0.0000
0.0000
2.0339
0.0000
0.0000
0.4420
0.0000
0.0000
0.0000
0.0000
0.0000
0.0000
0.0000
0.0000
0.0000
0.0000
0.0000
0.0000
0.9523
0.6777
0.3616
0.0000
0.0000
0.0000
0.0000
0.0000
0.3969
0.0000
0.0000
0.0000
0.0000
1.4965
0.0000
0.0000
0.7104
0.0000
0.0000
0.0000
0.0000
0.0000
0.0000
0.0000
0.0000
0.6753
0.0000
0.0000
1.5637
0.0000
0.0000
0.3177
0.0000
0.0000
0.0000
0.0000
0.0000
2.7956
0.0000
0.6361
0.0000
0.9957
2.8425
0.1581
0.0000
0.0000
0.0000
0.0000
0.0000
0.2872
0.0000
1.3880
0.0000
0.0300
0.0000
1.2294
0.0000
1.3833
0.0000
0.0000
0.0000
0.0000
0.0447
2.2250
0.0000
0.0244
0.0000
0.0000
0.0000
0.0000
0.0000
0.0000
0.0000
0.0000
0.0000
0.0000
0.0000
2.8417
0.0000
0.0000
0.8797
0.0000
0.0000
0.0000
0.0000
0.0000
0.0000
0.0000
0.0000
0.0000
4.3091
0.9589
0.4800
0.0000
0.0000
0.0000
0.0000
0.3806
0.0000
0.0000
0.5497
0.0000
0.0000
0.0000
0.0000
1.1259
0.0000
0.0000
0.0000
0.0000
1.7884
0.0000
2.2295
0.0000
3.7231
0.3238
1.2795
0.0000
0.0000
0.0000
0.0000
1.7083
0.0000
0.3869
0.0000
0.0000
0.8303
1.2574
0.0000
0.0000
0.0000
0.0000
0.0000
3.0552
0.0000
3.6930
0.0000
0.1241
0.3782
0.0000
0.0000
0.0000
0.0000
3.1723
0.0000
0.0000
1.0764
0.0000
0.6146
2.6617
0.8927
4.2915
0.0000
0.0000
0.0000
0.9130
0.0000
0.0000
0.0000
0.0000
0.0000
0.0000
0.0000
1.1553
4.2993
0.0000
0.0000
0.0000
0.6323
1.0720
0.8726
0.0000
0.0000
0.0000
2.1809
0.0000
3.0151
0.0135
3.4253
0.0000
0.0000
0.0000
3.0223
1.6632
1.7294
0.0000
3.0930
0.0000
0.0000
0.0000
0.0000
1.6679
0.0000
0.0000
0.0335
0.0000
0.0000
1.9789
0.0000
0.4764
0.0000
0.0082
0.0000
1.6606
0.0000
0.0000
0.0752
0.0000
0.0000
0.0000
0.0000
0.9918
0.0000
0.0000
0.0000
0.4623
0.0000
0.0000
0.0000
0.0000
0.0000
0.0000
0.0000
0.0000
0.0000
1.1557
0.0000
2.4299
0.0000
0.0000
1.6032
0.4280
0.4692
0.0000
0.0000
1.0325
0.0000
0.0000
0.3099
0.0000
0.0000
2.6348
0.4456
0.0000
0.6835
0.0000
0.0000
0.0000
0.0000
0.0000
0.0000
0.0000
0.0000
0.0000
0.0000
2.0382
1.1536
0.0000
0.0000
0.0000
0.0000
0.0000
2.2156
0.0000
1.9559
0.0000
0.0000
0.0000
0.0000
1.6241
0.0000
0.0000
0.0000
0.0000
0.0000
1.0993
0.0000
1.6879
0.0000
0.9156
0.0000
2.8737
0.0000
0.0000
0.0000
0.4323
1.8317
0.0000
0.0000
0.0000
0.0000
0.0000
0.0000
0.0000
0.5275
0.0000
0.0000
0.0000
0.0000
0.0000
0.0000
0.0000
0.0000
0.0000
0.0000
0.8866
0.0000
0.0000
0.0632
2.6088
0.8533
0.2309
0.0000
0.0000
0.1949
0.0000
1.1457
0.0000
0.0000
0.0000
0.0000
0.5083
0.0000
0.0000
0.0000
0.0000
0.0000
0.0000
0.0000
0.0000
0.0000
2.3327
0.0000
0.0641
0.0000
3.2798
0.0000
0.0000
2.8194
2.5808
3.3061
0.0000
1.7407
0.0000
0.0000
0.0000
2.5614
0.0000
0.0000
0.0000
0.1089
0.0000
0.0000
0.0000
0.0000
1.6395
0.0000
0.0000
0.0000
0.1796
0.0000
0.0000
0.0000
0.0000
0.0000
3.1568
1.6468
0.0000
0.0000
2.1462
0.0000
0.5316
0.0000
0.0000
0.0000
2.0832
1.3066
3.2148
0.8925
0.1282
0.0000
0.0000
0.0000
0.0000
0.0000
0.1314
0.0000
0.0000
4.0196
0.0000
0.0000
0.0000
0.0000
0.0000
0.0000
0.0000
0.0000
0.9040
0.0000
0.0000
0.0000
0.0000
0.0000
0.0000
0.0000
0.0000
0.0000
0.0000
0.0000
0.6089
0.0000
0.0000
0.0000
2.5799
0.1351
0.0000
0.7083
2.4924
0.0000
1.4434
0.0000
0.0000
2.5812
0.0000
0.0000
0.0000
0.0000
0.0000
1.3548
0.0000
0.0000
0.0000
0.0000
0.0000
0.0000
0.0000
0.0000
3.2014
0.0000
0.6487
0.0000
0.0000
0.0000
0.0000
0.9390
0.0000
0.4936
0.0000
0.2195
0.0000
0.0000
2.3180
0.0000
0.0000
1.1603
0.0000
0.7062
2.9781
0.0000
0.0000
0.0000
0.0000
0.0000
0.0000
0.0000
0.5256
0.0000
3.1867
0.3765
0.0000
2.5938
0.0000
0.0000
0.0000
0.0000
2.3020
0.0000
0.4479
0.0000
0.0000
2.0039
0.0000
0.0000
0.0000
1.1162
0.0000
0.8082
0.0000
0.0000
0.0000
1.0967
0.0000
0.2875
0.0000
0.0000
0.0000
0.0000
0.0000
0.9826
0.0000
0.8998
0.0000
1.3191
0.0000
0.3787
0.0000
0.0000
0.0000
0.0000
0.0000
0.0000
0.0000
0.0000
0.0000
0.0000
0.0000
1.1476
0.0000
0.0000
0.0000
0.1361
0.0009
0.0000
0.0000
0.0000
0.0000
0.0000
0.0384
0.0000
0.2448
0.0000
0.0000
0.0000
2.3733
1.7304
0.0000
0.0000
0.0000
0.5221
0.0000
0.0000
0.0000
0.0000
0.0000
0.0000
0.0000
0.0000
0.0000
2.9680
0.0000
0.0000
0.0000
0.5770
0.0000
0.0000
1.7540
0.0000
0.4985
0.0000
0.1551
0.5317
0.7754
0.0000
0.0000
3.8622
1.3657
1.5400
0.0000
0.0000
0.0000
0.0000
0.0806
0.0000
0.0000
0.0000
0.0000
0.0000
0.0000
0.1890
0.0000
0.0000
0.0000
1.0222
1.1245
1.0940
0.0000
2.3671
0.0000
0.0000
0.3816
0.0000
0.0000
4.2611
0.0000
0.0000
0.6778
0.0000
0.0000
0.2786
0.0000
0.1151
0.0000
0.0000
1.6327
0.0000
0.0000
0.0000
0.0000
0.0000
0.0000
0.0000
0.1216
3.2937
0.0000
2.5736
0.0000
1.1095
0.0000
0.0000
0.0000
0.0000
0.0000
0.0000
0.0000
0.0000
2.4984
0.0000
3.4228
1.7580
0.0000
0.0000
0.0000
0.6500
0.0000
0.0000
0.0000
0.0000
0.0000
0.0000
0.0000
0.0000
0.0000
0.0000
0.0000
0.0000
0.0000
0.0000
0.7425
0.0000
0.0000
2.0866
4.6017
0.9440
0.0000
0.7532
0.0000
1.8949
0.0000
0.8791
0.0000
0.0000
1.2196
0.0000
0.0000
0.0000
0.0000
0.0000
2.4208
0.5808
0.0000
0.4444
0.0000
0.0000
0.0000
0.0000
0.0000
0.0000
3.5627
0.2607
0.8190
0.0000
1.2861
0.0000
0.0000
0.4804
3.1312
0.0493
0.0000
0.0000
0.0000
0.5860
0.0000
0.0000
0.0000
0.0000
0.0000
0.0000
0.0000
0.0000
0.0000
0.0000
0.0000
1.5441
0.5339
0.3148
0.0000
0.0000
0.0000
0.8430
0.0000
0.0000
0.0000
0.8605
0.0000
0.0000
0.4880
2.9177
0.3616
0.2034
0.0000
0.0000
1.3869
0.0000
0.5888
0.7764
0.0000
0.3752
0.0000
1.7323
0.0000
0.0000
0.0000
0.0000
1.0073
2.4248
0.0000
0.0000
0.0000
0.0000
0.0000
4.6554
0.0000
0.0000
0.0000
0.0000
0.0000
0.0000
0.0000
0.8600
0.0000
0.0000
1.4297
0.0000
0.0000
0.0000
1.7835
0.1536
0.9421
0.0000
2.9945
0.0000
0.0000
0.0000
0.0000
0.0919
0.0000
0.0000
0.0000
0.6977
0.0000
1.9492
0.0000
0.0000
0.0000
0.0000
0.0000
0.0000
0.0000
0.0000
0.2925
0.9163
0.0000
0.0000
0.0000
1.1478
1.1299
0.5417
1.4556
0.5367
0.0000
0.0000
0.0000
2.2105
0.0000
0.0000
0.0000
0.5743
2.4991
0.0000
0.0000
0.0000
0.0000
0.0000
0.0000
0.0000
0.0000
0.0000
0.0000
0.0000
0.0000
0.6942
2.8692
0.0000
0.9128
0.0000
0.2815
0.1172
0.0000
0.4616
0.0000
0.0000
0.0000
0.0000
1.7843
2.8253
5.6507
0.0000
0.0000
0.0000
0.0000
0.1922
0.0000
0.0793
0.0000
1.1276
0.0000
0.0000
1.4905
0.0000
0.0000
0.0000
1.1308
0.0000
0.0000
0.0000
0.0000
0.0000
0.0000
0.0000
0.0000
1.8878
0.0000
0.0000
0.0000
0.0000
0.0000
0.0000
0.4246
0.0000
0.0000
0.0000
0.0000
0.0000
0.0000
0.0000
0.0000
0.3901
0.0000
1.0282
0.0000
1.8333
0.0000
0.8891
0.0000
2.8813
0.0000
0.0000
0.0000
0.8402
1.3794
0.3068
0.9326
2.1718
0.8298
0.0000
0.5975
2.0256
0.0000
0.0000
0.0000
0.0000
0.0000
0.0000
0.0000
0.0000
0.0000
0.5358
0.0007
0.0000
1.0226
1.8726
0.0000
1.8428
1.9756
0.0000
0.0000
0.0000
0.0000
0.0000
0.0000
4.8491
0.0000
0.6749
3.7138
0.0000
0.0000
0.3071
0.1557
0.0000
0.3276
2.0261
2.1120
0.0000
0.0000
0.0000
3.3796
1.0907
0.0000
2.5752
0.0000
0.0000
0.7131
0.0000
0.0000
0.0000
0.0000
0.0000
1.7271
0.0000
0.6965
0.0000
0.0000
3.3548
0.0000
4.2012
0.0000
0.0000
0.0000
1.4991
0.0000
0.0000
0.0000
0.0000
0.0000
1.0582
2.0861
0.0000
1.7036
0.0000
0.7776
0.0000
0.0000
0.0000
0.0000
0.0000
0.0000
0.0000
0.0000
0.0000
2.1540
0.0000
0.0000
4.3685
0.0000
0.0000
0.0000
0.0000
0.0000
0.0000
0.0000
0.0000
0.0000
0.0000
0.0000
0.8761
0.0000
2.7000
0.0000
0.0000
0.0000
0.0000
2.3321
0.0000
2.2795
2.0274
1.4512
0.0000
0.0000
0.0000
0.0000
0.0862
0.0000
1.8345
0.0000
0.0000
0.0000
0.0000
0.0000
0.0000
0.0000
0.0000
0.0000
0.0000
0.0000
0.0000
1.2916
0.0000
1.2224
0.0000
0.0000
0.6254
0.0000
0.0000
0.0000
0.0000
0.9832
0.0000
0.0000
0.0000
0.0000
0.7681
0.0000
0.4801
0.0000
0.0000
0.0000
0.0000
0.0000
0.0000
0.1565
0.0000
0.0000
0.0000
2.9348
0.0000
0.4656
0.0000
2.4470
0.0000
0.0000
0.0000
0.5464
1.0910
0.0000
0.0000
0.0000
3.0817
0.0000
0.5442
0.0000
0.0000
0.0000
1.5359
0.0000
0.0000
0.0000
0.0000
0.3389
0.2809
1.8627
1.1139
0.0000
0.0000
0.0000
0.0000
0.0000
0.0000
0.0000
0.0671
0.0000
0.9461
0.0000
0.0000
0.6159
0.4340
1.5519
2.1206
0.0000
0.1292
0.0000
0.0000
0.4556
0.0000
2.9265
2.4280
0.0000
0.0000
0.0000
0.0000
0.0000
0.0000
1.6917
0.0000
0.4725
0.0000
0.0000
0.5999
0.0000
0.0000
0.0000
0.0000
0.0000
0.0000
0.0000
1.8756
0.0000
0.0000
2.9215
2.7991
0.8229
0.0000
0.0000
0.0000
0.0000
0.0000
0.0000
0.0000
2.9778
0.0000
0.0000
3.0349
2.0606
0.0000
0.0000
0.0000
1.3476
0.9497
0.0000
0.0000
0.6434
0.0000
0.0000
0.0000
0.0000
0.0000
0.7257
0.0000
0.0000
0.0000
2.2240
3.0445
0.0000
3.1679
0.0000
0.0000
0.0000
0.0000
3.5633
0.0000
0.0000
0.0000
3.9017
2.8827
0.0000
0.0000
0.3466
0.0000
0.0000
0.9453
0.6950
0.0000
0.4516
0.0000
0.0000
0.2273
2.0538
0.3927
0.0000
0.0000
0.0000
0.0000
2.9300
0.0000
0.0000
0.0000
0.0000
0.0000
0.0000
0.0000
0.0000
0.0000
0.0000
0.0000
0.0000
1.1206
0.0000
0.0000
0.6349
2.5159
0.0000
0.0000
0.1727
0.0000
0.0000
1.4049
0.0000
1.1290
0.0000
0.0000
0.0000
2.8232
0.0000
0.0000
0.0000
0.0000
0.0000
0.0000
0.0000
0.0000
0.0000
0.0000
0.0000
0.0000
0.0000
0.0000
1.3699
0.0000
0.0000
0.0000
0.0000
0.0000
0.0000
0.0000
1.2082
0.0000
0.0000
0.5066
0.0000
0.0000
0.0000
0.0000
0.0000
0.0000
0.0000
0.6486
0.0000
0.0000
0.0000
0.4166
0.0000
0.1507
2.3593
0.0000
0.0000
0.0000
0.0000
0.7205
0.0000
0.0000
0.0000
0.0000
2.1059
1.8504
0.0000
2.6303
0.0000
0.5846
0.0000
0.0000
0.0000
0.0237
0.0000
0.0000
0.0000
0.0173
0.1015
0.1577
0.0000
3.3955
0.0000
0.0000
0.0000
0.0000
0.0000
1.8824
0.0000
1.0712
0.8775
0.0000
1.3811
0.0000
0.0000
0.2039
0.0000
0.4876
0.0000
0.0000
0.0000
0.9955
0.0000
0.0000
0.0000
0.0000
0.0000
0.0000
0.0000
0.0000
0.0842
0.1578
0.6741
3.0494
2.3056
0.0000
0.8769
0.0000
0.0000
0.0000
0.0000
0.0000
0.0000
0.8297
0.8829
1.2355
0.0000
0.0000
0.0000
0.0000
0.0000
0.0000
0.0000
0.0000
0.0000
0.0000
0.0000
0.0000
0.0000
0.0000
0.0000
0.0000
3.0260
1.2715
0.0000
0.4407
0.0000
0.0000
0.5121
0.0000
0.0000
0.0000
2.6218
0.0341
0.0000
0.0000
1.1538
0.0000
0.0000
0.0000
0.0000
0.0000
0.1261
1.8281
0.3961
0.0000
0.0000
0.2835
0.0000
0.0000
0.0000
0.0000
0.0000
0.0000
0.0000
0.7412
3.2380
0.1396
0.0000
0.0000
2.6561
0.0000
0.0000
0.0000
2.7500
0.0000
0.0000
1.2956
0.0000
0.0000
0.0000
2.0771
1.3377
0.0000
0.0000
0.0000
0.0000
3.5156
0.0000
0.8679
0.0000
0.9035
0.0000
1.9636
2.3692
0.0000
3.0122
0.0000
0.0000
0.9213
0.0000
0.0000
0.0000
0.0000
1.6531
0.0000
0.6693
0.0000
0.0000
0.0000
0.0000
0.0000
1.5270
0.0000
0.0000
0.0000
0.0000
0.0000
0.4299
0.6077
0.0000
0.0000
1.0764
0.0000
0.0000
1.5975
0.0000
0.0000
0.0000
0.7506
2.7071
0.0000
0.0000
1.1906
0.0000
0.0000
0.2588
2.0780
0.0000
0.0000
1.3587
1.4222
0.0000
0.1053
0.0000
0.0000
0.0000
1.3506
0.0000
0.0000
0.0000
1.0075
0.0000
0.5992
0.0000
0.5967
0.0000
0.0000
0.0000
1.1517
2.1040
0.6595
0.0000
1.2103
1.6113
1.8427
0.0000
0.0000
0.0000
0.0000
0.0000
0.0000
0.0000
2.4557
2.2902
0.0000
0.5878
0.0000
4.4022
6.1180
0.0000
0.0000
0.0000
0.0000
0.0000
0.0000
0.0000
0.0000
0.0000
0.0000
0.0000
0.1237
0.0000
0.0000
0.0000
0.0000
0.0000
0.4303
0.0000
0.0000
0.0000
0.4637
0.0000
0.0000
2.1155
0.0000
1.6061
0.0000
0.0000
0.9303
0.0000
0.0000
0.2694
2.8618
0.0000
0.0000
2.8342
0.0000
2.5987
0.0000
2.3834
0.0000
0.0000
1.1559
0.0000
0.0000
0.0000
0.0460
0.0000
0.0000
0.0000
0.0000
2.1215
0.0000
0.0000
0.0000
0.5147
0.0000
0.0000
0.0000
0.4429
0.0000
0.0000
0.0000
0.0000
0.0270
0.0000
0.2763
0.0000
0.0000
0.0000
0.0000
0.0000
0.0000
0.0000
0.2383
0.0000
0.0000
0.0000
0.0000
0.4927
0.0000
0.0000
3.0048
0.0000
0.0000
1.1542
0.8801
0.0000
0.0000
0.0000
0.0000
0.0000
0.0000
0.0000
0.2663
0.3616
0.0000
0.0000
0.0000
0.0000
0.0000
0.0000
0.0000
0.0000
0.0000
0.0000
0.0000
1.0604
0.0000
0.0000
0.0000
0.0000
0.0000
0.0000
3.7656
0.0000
0.6613
0.0000
0.0000
0.0000
0.0000
0.0000
0.0000
0.0000
0.7119
0.7633
0.1540
0.0000
0.0000
0.0000
2.2216
0.0000
0.0000
5.7857
0.0000
0.0000
0.4293
0.0000
1.1599
1.4919
0.3065
0.0286
0.0000
0.0000
0.0000
0.0056
0.0000
2.3196
0.0000
0.0000
0.4087
0.0000
0.0000
0.0000
0.0000
0.0000
0.9880
0.0000
0.0000
0.0000
0.0000
0.0000
0.9862
0.0000
0.0000
2.3986
0.0000
2.2126
0.0000
0.0000
0.0000
2.1289
0.0000
2.6450
0.0000
1.2984
1.9905
0.0000
0.0000
1.8040
0.0000
0.0000
0.0000
0.0000
0.0000
0.0000
0.0000
1.1714
0.0000
0.7573
0.1075
0.0000
0.0000
0.0000
0.0000
0.0000
0.0000
0.0000
0.0000
0.0254
0.0000
1.2635
0.0000
0.0000
0.2729
0.0000
1.8431
0.0000
0.0000
0.0000
0.0000
0.0000
0.0000
1.0995
0.0000
0.0000
0.0000
0.0000
2.7263
0.0000
1.3458
0.0000
0.0000
0.0000
0.0000
0.7330
2.5570
0.0000
0.0000
0.0000
0.0000
0.5686
0.0000
0.0000
0.0000
0.2308
2.6514
0.0000
0.0000
0.5760
0.0000
3.2611
0.0000
0.0000
0.7278
0.0000
0.0000
0.0000
0.0000
0.0000
4.6209
0.0000
3.3834
2.8806
0.0000
0.0000
0.0000
2.3979
0.0000
1.0340
0.0000
0.0000
0.0000
0.0000
0.0000
1.8443
0.2523
0.0000
0.3522
0.0000
0.0000
0.0000
2.2883
0.0000
0.0000
0.0000
0.8432
0.0000
0.0000
0.0000
2.1556
1.2860
3.0522
0.0000
0.0000
0.0000
0.0000
0.0000
0.0000
2.8066
3.2063
0.7134
0.7948
0.0000
1.8727
1.9188
0.0000
0.0000
0.0000
0.0000
0.0000
2.2350
0.0000
1.8783
3.5142
0.0000
0.0000
0.0000
0.0000
0.0000
0.8275
0.0000
0.4198
0.0000
1.4599
0.0000
2.8735
0.0000
0.4658
0.0000
0.0000
0.0000
1.2681
0.0000
1.9754
0.0000
0.0000
1.8645
0.0000
0.0000
0.9434
0.0000
1.3307
3.2919
0.0000
0.0000
0.0000
0.0000
0.0000
1.2537
0.0000
0.0000
0.0000
4.0216
0.9307
0.5119
0.0000
0.0000
0.0000
0.0000
0.4816
0.0000
0.0000
0.0000
0.0000
0.0000
0.0000
0.9460
0.0000
0.0000
1.7805
0.0000
0.0000
0.0000
2.1334
0.0000
0.0000
0.0000
0.0000
1.6468
1.1170
0.1898
1.7668
0.0000
1.0955
0.0000
0.0000
0.7308
0.0000
0.3815
0.0000
1.1972
0.0000
0.0000
3.3847
0.0000
0.0000
0.0603
0.0000
0.0000
0.0000
0.0000
0.0000
0.0000
0.0000
0.0000
0.4610
0.0000
0.0000
0.0000
0.6750
1.9438
0.0000
2.5131
0.6380
0.0000
0.0000
1.1781
0.0000
0.0000
0.0000
0.5534
0.0000
0.4968
0.0000
0.0000
2.7807
0.0000
0.2107
0.0000
0.0000
0.0000
0.0000
1.0060
0.0000
0.0000
0.0000
0.6131
1.0015
0.6897
0.0000
1.5229
0.0000
0.8394
0.0000
0.0000
0.0000
1.3618
0.0000
0.0000
2.4881
0.0000
0.0000
0.0000
0.0000
0.0000
0.7681
0.0000
0.4521
2.5310
2.8487
1.8912
0.0000
0.0000
0.0000
0.0000
0.6363
0.0000
0.0000
0.0000
0.0000
0.0000
0.0000
0.0000
3.2073
2.9397
1.5167
0.0000
0.0000
0.2799
3.9321
0.0000
0.0000
0.0000
0.0000
0.0000
0.0000
0.0000
0.0000
0.0000
0.0000
0.0000
0.0000
0.0000
0.3125
0.0000
0.0000
1.1388
0.0000
0.0000
0.0000
0.0000
0.0000
0.0000
0.0000
6.1048
0.8952
0.0000
0.0000
1.0009
0.0000
0.0000
1.5100
2.6844
0.6595
0.0000
1.4146
2.5820
0.2075
0.0000
0.0000
0.0000
0.0000
0.0179
0.3805
2.4650
0.0000
0.0000
3.4271
0.0000
0.0648
0.0000
0.0864
2.2028
0.0000
0.0000
0.0000
0.4336
0.0000
0.0529
0.0000
0.0000
1.1797
0.0000
0.3435
0.0000
0.0000
0.0000
0.4138
0.0000
0.0000
0.0000
0.0000
1.3377
0.0000
0.5084
0.0000
0.0000
2.5320
0.0000
1.3071
2.0376
0.0000
0.0000
0.0000
0.0000
0.0000
0.5830
0.0000
0.0000
0.0000
0.0000
0.0000
0.0000
0.0000
0.0000
0.0000
0.0000
2.2745
0.0000
2.4743
0.0944
0.0000
0.8278
0.0000
0.0000
0.0000
0.0000
0.1258
0.0000
0.0000
0.0000
0.0000
0.0000
0.0000
1.0142
2.7079
1.0420
0.0000
0.7638
0.0000
2.0744
0.0000
0.0000
0.0000
0.0000
0.0000
0.0000
0.0000
0.0000
0.0000
0.0000
0.0000
0.0000
0.4757
0.0000
0.0000
0.0000
0.0000
0.0000
1.7249
1.0386
0.8797
0.0000
1.6506
1.5153
0.0000
4.7100
0.0000
1.7144
2.0131
2.4905
0.0000
1.5150
0.0000
0.0000
0.8597
0.0000
0.0000
0.0000
0.2594
0.0000
0.0000
0.0000
0.0000
2.1065
0.0000
1.1980
0.0000
3.1989
1.2201
0.0000
0.1797
5.2632
3.2523
0.0000
1.0528
0.0000
0.0000
0.0000
4.2471
0.0000
0.0000
0.0000
0.6502
0.0000
0.0000
0.0000
2.5264
0.0000
0.0000
1.5261
0.0000
0.9308
0.0000
0.1028
0.0000
0.0000
2.8657
0.0000
0.0000
0.0000
0.0000
0.0000
1.8796
0.0000
1.8179
0.6966
0.7493
0.4001
0.0000
1.0093
0.0000
0.0000
1.6662
0.0000
0.0000
0.0000
0.0000
0.2126
3.3452
0.7238
0.0000
0.0000
0.0000
0.0000
1.4324
0.9800
1.3427
0.0000
0.0000
0.0000
0.0000
0.0000
0.0000
0.0000
0.0953
0.0000
0.0000
2.8148
0.0000
0.0000
1.2851
0.0000
0.0000
0.0000
0.0000
4.1786
0.0000
0.0000
1.9871
0.0000
1.2341
1.7929
0.7340
0.0000
0.0000
2.4877
0.0000
0.0000
0.0000
0.0000
0.0000
0.3090
0.0000
0.0000
0.0000
0.3502
0.0000
0.0000
1.6001
0.5624
0.8397
0.0000
0.5058
0.0000
0.0000
0.0000
0.5817
0.0000
0.0000
0.1046
2.1216
0.0000
0.0000
2.4572
0.0000
0.8568
1.0326
0.3301
0.0000
0.0000
0.0000
0.0000
0.0000
0.0000
0.0000
0.0776
1.7238
0.0000
0.0000
0.0000
0.0000
0.0000
0.0000
0.0000
0.0000
0.0000
0.0000
0.0000
0.0000
0.3384
1.7958
0.0000
0.0000
0.0000
4.0928
0.0000
0.1782
0.0000
0.0000
0.0000
0.0000
0.0000
0.0000
0.0000
0.0000
0.0000
0.0000
2.1267
0.0000
0.0000
0.0000
0.0000
0.0000
0.0000
0.0000
0.0000
0.2843
0.0000
0.0000
0.0000
0.0000
0.0000
0.0000
1.2342
0.0000
0.0000
0.0000
0.0000
0.0000
0.0000
0.0000
0.0000
0.2382
0.0000
0.9287
0.0000
0.0000
0.0000
1.5366
0.0000
0.0000
0.0000
0.0000
0.3384
0.0000
0.1041
0.0000
0.0000
0.0000
0.9483
2.9516
0.0000
0.0098
0.3355
0.0000
0.0000
1.7308
0.0000
0.1288
0.0000
0.0000
0.0000
0.0000
0.0000
0.0000
2.4739
0.0000
0.0000
0.0000
0.0000
1.6210
0.0000
0.0000
0.0000
0.1382
0.0000
0.0000
0.0000
1.0462
1.2712
0.7139
0.0000
0.0000
0.0000
0.0000
0.0000
0.0000
1.4155
0.0000
0.0000
0.0000
0.0000
4.1863
0.7845
0.0862
0.0000
0.0000
0.0000
1.5509
0.0000
2.7171
0.0000
0.0000
0.0000
0.0000
0.0000
1.0339
0.6599
0.0000
0.0000
0.0000
0.0000
1.4625
0.0000
0.0000
0.0000
0.0000
0.0000
0.0000
0.0000
0.0000
0.0000
0.6110
1.4657
0.1722
0.0000
0.0000
0.0000
0.9898
0.0000
0.0000
0.0000
0.0000
1.8877
0.0000
0.0000
0.2361
0.0000
0.0000
0.0000
0.0000
0.0000
0.0000
0.7613
0.0000
0.0000
2.5534
0.0000
0.0000
0.0000
0.0000
0.0000
0.0000
0.0000
0.0000
0.0000
0.0000
0.0000
0.4786
0.0000
0.0000
1.8683
0.0000
0.0000
0.0000
0.0000
0.0000
0.0000
0.0000
0.8283
0.0000
0.0000
0.0000
0.0000
0.0000
0.0000
0.0000
0.0000
0.0000
0.0000
0.0000
0.0000
0.0000
0.0000
0.0000
1.4745
0.0000
0.0000
0.0000
0.0000
0.0000
1.3944
0.0000
0.0000
1.8588
0.8406
3.7936
0.0000
0.0000
0.0000
0.0000
0.0000
0.0000
0.0000
0.0000
0.1695
3.2524
0.0000
0.2942
0.0000
2.6780
0.0287
4.3019
0.0000
2.2111
0.0000
0.0000
0.0000
1.8344
0.0000
2.6750
0.0000
0.0000
0.0000
0.0000
0.0000
0.0000
0.6453
0.0000
0.0000
3.0003
0.0000
0.0000
0.0000
0.0000
3.1239
1.0336
0.1153
0.0000
0.0000
0.0000
0.0000
0.0000
2.1009
1.8506
0.0000
0.0000
0.0000
0.5338
0.0000
0.4722
3.1289
2.5183
0.0000
0.0000
0.0000
0.9899
0.8389
3.7137
0.0000
0.0000
0.0000
0.0000
4.4630
0.0000
0.0000
0.0000
0.0000
0.0000
0.0000
2.1497
0.0000
0.0000
4.1189
0.0000
0.0000
0.0000
0.0000
0.7166
0.5244
0.0000
0.0000
0.0000
0.0000
0.7995
1.3862
0.0000
0.0000
0.0000
0.0187
0.0000
0.0000
4.5914
0.0000
0.0000
0.0000
0.0000
1.1580
0.0000
0.0000
0.0000
0.0000
0.0000
0.0000
5.8942
0.0000
0.0000
0.0000
0.0000
0.0000
0.0000
2.0462
0.5732
0.0000
0.0000
0.2612
0.0000
0.0000
0.0000
0.0000
1.5213
3.8709
0.0000
0.0000
0.0000
0.0000
0.0000
0.0000
0.0000
0.0000
0.0000
0.3780
0.5917
0.0000
0.7087
0.8658
3.0059
0.0000
0.0000
0.0000
0.0000
1.3194
1.9415
0.0000
1.2942
0.0000
0.0000
0.0000
0.0000
0.0000
3.2583
0.0000
2.4727
0.0000
0.0000
0.0000
0.0000
2.5254
0.0000
0.0000
1.4241
1.0562
0.0000
0.0000
0.0000
0.0000
0.8177
0.0000
1.3698
0.0000
0.0000
0.0000
0.0000
0.0000
0.0000
0.0000
0.0000
0.4545
0.0000
1.2928
1.5614
0.0000
0.6925
0.0000
0.0000
0.0000
1.5499
0.0000
1.3699
3.4492
0.2572
1.2105
0.0000
0.0000
0.7966
0.0000
0.0000
0.0000
0.0000
0.0000
0.0000
0.0186
0.0000
0.0000
0.0000
0.2445
0.0000
0.0000
0.0000
0.0000
0.0000
0.0000
0.9904
1.1707
0.2728
0.0000
0.0000
4.8112
0.0000
0.0000
0.0000
0.0000
0.1970
2.4553
0.0000
0.0000
0.0000
0.0000
0.6779
0.0000
0.2473
0.5563
2.2377
0.0000
2.0243
0.0000
0.0000
0.0000
0.0000
0.5748
0.0000
0.0000
0.0000
3.3149
0.0000
0.0000
0.0000
0.0000
0.0000
0.0000
2.0935
0.0000
0.0000
0.0000
0.0000
0.0000
0.0000
0.1419
1.7369
3.4076
0.0000
0.0000
1.7045
0.0000
0.0000
0.0000
0.0000
0.0000
0.0000
0.0000
0.0000
0.0000
0.6161
0.0000
0.0000
0.0000
0.0000
0.0000
1.4830
1.0758
0.0000
2.1881
0.1026
0.0000
0.0000
0.0000
3.4340
0.2432
0.0048
0.0000
0.0000
0.0000
0.0000
2.8028
0.0000
0.0000
0.2189
0.0000
0.3146
0.0000
0.9887
0.0000
0.0000
0.0000
0.8006
0.0000
0.0000
0.0000
0.0000
0.3817
0.0000
3.0020
1.1966
0.0000
1.8787
0.0000
0.0000
0.0000
0.0000
0.5564
2.1746
0.0000
0.0000
0.0000
0.3164
4.9829
0.0000
2.9591
0.0000
0.0000
0.0000
0.0000
0.0000
0.0000
0.0000
0.0000
0.0000
0.2118
0.0000
3.5359
0.0000
0.0000
0.0000
0.0000
0.0000
2.6348
0.6459
1.0128
0.0000
0.0000
0.0000
0.0930
0.8941
1.1649
1.0471
0.0000
0.0000
0.0000
0.0000
0.0000
0.0000
0.0000
0.0000
0.0000
0.0000
0.0000
0.0000
0.0000
0.0000
0.7468
0.0000
0.4278
0.0000
2.0877
0.0000
0.7444
0.0000
2.6590
0.0000
0.0000
1.8568
1.3368
0.0000
0.0000
1.5716
0.0000
0.0000
0.0000
0.0000
2.6351
0.9920
0.2785
0.0000
0.0000
0.0000
0.0000
1.5091
0.0000
0.0000
0.0000
0.0000
0.6169
0.0000
0.0000
0.0000
0.0000
0.6072
0.0000
0.0000
0.2142
0.0000
0.0000
4.5704
0.0000
0.0000
4.4858
0.0000
0.0000
0.0000
0.0000
1.6125
0.0000
0.0000
1.5293
0.0000
0.0000
2.3117
0.9748
2.0772
1.6941
1.1310
0.0000
0.0000
0.0000
0.0000
0.9564
0.0000
0.0000
0.0000
0.0000
5.1081
0.0000
0.0000
0.4695
0.0000
0.0000
0.0000
0.0775
0.0000
0.0000
1.9892
0.0000
0.0000
0.0000
0.0000
1.2377
0.0000
0.0000
0.0000
0.0000
0.0000
0.0000
0.0000
0.0000
0.0000
0.0000
0.0000
0.0000
0.0000
0.0000
0.1722
0.0000
0.0000
0.0000
0.0000
0.0000
0.0000
0.0000
0.0000
0.3188
1.1697
0.0000
0.0000
0.0000
0.4275
0.0000
1.2845
1.6299
0.0000
0.0000
0.0000
4.4295
0.8456
0.6694
0.0000
0.0000
1.6431
0.0000
0.0000
0.0000
0.8520
3.2358
1.1581
0.0000
0.0000
0.0000
0.0000
0.0000
0.0000
0.0000
3.1152
0.0000
0.0000
0.6826
4.5596
0.7994
1.6476
0.0000
0.0000
0.0000
0.0000
4.7988
0.0000
0.0000
0.0000
0.0000
2.0118
0.0000
0.0000
1.2459
1.7276
0.0000
0.0000
0.3080
0.0000
0.0000
0.0000
0.0000
0.0000
0.0000
2.6154
0.0000
4.3223
0.0000
0.7026
1.2131
0.0000
2.0418
0.0000
1.5369
0.0000
0.9338
0.0000
0.0000
0.0000
0.0000
0.3526
0.0000
0.0000
0.6445
0.0000
0.0000
0.0000
0.0000
0.0000
0.0000
0.0000
0.0000
0.0000
0.0000
0.0493
1.3558
0.0000
0.4743
0.0000
0.0000
3.1536
1.1313
0.0000
2.6425
2.3447
0.0000
0.0000
1.5792
0.3326
6.4091
0.8229
1.0370
0.0000
2.3795
0.0000
0.0000
0.0000
0.0000
0.0000
0.0000
0.0000
1.5265
2.1102
1.8216
4.1474
0.0000
0.0000
3.2680
0.0000
0.0000
0.0000
0.0000
0.0000
1.7784
0.0000
0.0000
4.0883
0.0000
0.0000
0.0000
4.1261
0.0000
1.6429
0.6840
0.0000
0.0000
0.0000
2.4357
2.8526
1.6668
0.0000
0.0000
1.0936
2.2643
1.6074
0.0000
0.0000
0.0000
0.0000
0.0000
0.1524
0.0000
0.0000
0.0000
0.0000
0.0000
0.0000
0.0000
0.3780
2.2194
0.0000
0.0000
0.0000
1.6537
2.9715
1.4702
0.0000
1.0559
2.2558
0.0000
0.7917
0.0000
0.0000
0.0000
0.0000
2.2319
0.0000
0.0000
0.0000
0.0000
2.6340
0.0000
0.0000
1.5039
0.0000
1.3503
0.6960
1.4256
0.0000
0.1540
0.0000
3.7361
0.6429
0.5175
0.0000
0.0000
2.2942
0.0000
0.0000
0.0000
0.0000
1.2834
0.8538
0.0000
0.0000
0.6389
0.0000
0.0000
5.0098
0.0000
0.2362
0.0000
0.0000
1.0286
0.0000
0.0000
0.0000
2.4339
0.0000
0.1012
1.5313
0.0000
3.0213
0.4013
1.4343
0.0000
0.0000
0.9622
0.0000
0.0000
0.0000
0.0000
0.0000
2.3368
0.0000
0.0000
0.0000
0.0000
0.0000
0.0000
0.0000
0.0000
0.0000
0.0000
0.0000
0.4001
0.0000
0.0000
0.0000
3.4631
0.0000
1.3091
1.9796
2.0541
1.3260
0.0000
0.0000
0.0000
0.0000
0.0000
0.0000
0.0000
0.7107
0.0000
4.9809
0.0000
0.0000
3.1208
0.1179
1.6267
1.6852
0.0000
2.1798
0.0000
0.0000
0.0000
0.0000
0.0000
0.0000
0.3036
0.5880
0.6591
0.0000
0.0000
0.0000
0.5568
0.0000
0.0000
0.0000
0.0000
1.3432
0.0000
0.0000
1.0327
0.0000
