0.0000
0.0000
0.0000
0.0000
1.2939
0.0000
0.0000
0.0000
0.0000
2.7741
0.8459
0.0000
0.3079
0.0000
0.0000
0.0000
0.0000
0.0000
0.0000
0.0000
0.0000
0.0000
2.1857
0.0000
1.7488
1.5967
0.0000
2.3390
0.0000
0.0000
0.0000
0.0000
0.8242
0.0047
2.1897
0.0000
0.0000
0.0000
1.2564
1.2879
0.0000
0.0000
0.0000
0.0000
0.0000
1.2355
0.0000
0.0000
0.0000
0.0000
0.0000
0.0000
0.0000
0.0000
0.0000
0.0000
0.9256
0.0064
0.0000
0.0000
0.0000
2.3665
0.0000
1.4861
0.0000
0.0000
0.0000
0.0000
0.0635
0.0000
0.0000
3.1870
0.0000
0.0000
0.0000
0.7726
0.0000
0.0000
0.0000
0.0000
0.3177
0.0000
0.0000
0.0000
0.0000
0.0000
0.9531
0.3816
5.4368
0.0000
1.0252
0.0000
0.0000
2.0043
0.0000
0.0000
0.0000
0.0000
3.0288
0.0000
0.8275
0.0000
1.1146
0.0000
0.1508
0.0000
0.0000
0.0000
0.0000
3.0391
0.4067
0.0000
0.0000
0.2312
0.0000
0.0000
0.0000
0.0000
0.0000
0.0000
2.4413
1.4540
0.2412
1.2621
1.4240
0.0000
1.6000
0.0000
0.0000
1.1150
0.0000
0.0000
0.0000
0.0000
3.6254
0.0000
0.8115
3.2779
0.0000
4.7049
1.2266
0.0000
2.2621
2.1547
4.4810
0.0000
0.1203
1.7627
0.0473
0.0000
0.0000
1.3041
0.1301
0.0000
0.0000
0.0000
0.0000
0.9473
0.8923
0.0000
1.3544
0.0000
0.0000
0.0000
0.0000
1.5440
0.0000
0.0000
0.0000
2.1376
0.0000
0.0000
0.0000
0.0000
0.0209
0.0000
0.0000
0.3013
0.0000
6.6909
0.4679
2.4799
0.0000
0.0000
0.0000
0.0000
0.0000
0.0000
0.0000
0.8582
0.8563
0.0000
0.0000
0.0659
0.5544
0.0000
0.0000
1.4120
1.2594
3.7034
0.0000
0.0000
0.0000
0.0000
0.0000
0.0000
0.0000
0.0000
0.0000
0.0000
0.0000
0.0000
0.0000
0.0000
0.0000
0.0000
0.0000
0.0000
0.4898
0.0000
0.0000
0.0000
0.0000
0.0000
0.0238
0.0000
0.0000
0.0000
0.0000
0.0000
0.0000
0.0000
0.0000
0.0000
2.0611
0.0000
0.2812
0.0000
2.0478
0.0000
0.0000
0.0000
0.0000
0.0000
0.0000
0.1706
0.0000
0.0000
0.0000
0.0000
0.0000
0.0000
0.0000
0.9692
0.0000
0.9871
0.0000
0.0000
0.5427
0.0000
0.0000
0.2539
0.0000
0.0000
0.0000
0.0000
1.7761
0.0000
0.0000
0.0000
2.7008
0.0000
0.0000
4.2199
0.0000
0.0000
0.0000
0.0000
1.8427
0.0000
1.7458
1.4146
0.0947
0.0000
0.0000
0.1009
0.0000
0.0000
0.0000
0.0000
0.0000
0.0000
0.0000
0.1471
2.6831
0.0000
0.0000
0.4146
0.0000
2.4660
0.0000
0.0000
0.0000
0.7218
1.3125
0.0000
0.0000
0.0000
0.0000
0.0000
0.0000
1.1858
0.0000
0.0000
0.1126
0.0000
0.0000
0.0000
0.0000
0.8125
0.0000
2.2787
0.2513
0.0000
0.0000
3.4522
0.0000
0.0000
0.0000
1.6027
0.0000
0.0000
0.0000
0.0000
0.0000
1.6477
1.8755
0.0000
0.0000
2.7254
0.0000
0.0000
0.0000
0.0000
0.0000
5.5051
0.0000
0.0000
0.0000
0.0000
0.0000
4.0228
0.0000
0.0000
2.5009
2.8152
1.9239
0.0000
0.2607
0.0000
0.0000
0.0000
0.0000
0.0000
0.0000
0.0000
0.0000
0.4923
0.0000
0.0000
0.0000
0.2250
0.0000
0.0000
1.3917
0.3961
0.0000
2.7003
0.0000
0.0000
3.5730
0.0000
0.0000
0.0000
0.0000
0.0000
0.3022
0.0000
0.0000
0.0000
1.9324
0.0000
0.0000
0.0000
0.0000
1.3321
0.0000
0.6459
0.0000
0.0000
0.0000
0.0359
0.0000
0.0578
0.0000
0.0000
0.0000
0.0000
3.8827
0.0000
0.0000
0.0000
0.0000
6.0370
0.0000
0.0000
0.0000
0.0000
0.0000
0.0000
0.0000
0.0000
0.8496
0.0000
0.0000
0.0000
0.0000
0.4612
0.0000
0.0000
0.0000
0.0000
0.0000
0.0000
0.0000
0.0000
0.0000
0.0000
2.1698
0.0000
3.2896
0.0000
0.0000
0.0000
3.9538
0.0666
0.0000
0.3587
1.4279
1.0349
0.0000
0.0000
0.0000
0.0000
0.0000
0.7123
0.0000
2.9316
0.0000
0.0000
0.5870
0.0000
0.0000
0.0000
1.5013
0.0363
0.0000
0.1097
0.0000
0.0000
0.0000
0.3733
0.0000
1.0535
0.0000
0.0000
2.0130
0.0000
0.5188
0.0000
0.0000
0.0000
1.0233
1.5186
0.1625
0.0194
0.0000
2.2802
0.0000
4.6205
0.0000
0.0000
0.0000
0.0000
0.3439
1.0444
0.0000
0.0000
1.0447
0.0000
0.0000
0.0000
1.8496
0.0000
0.7202
0.0000
0.0000
0.0000
0.0000
2.8782
0.0000
1.0318
0.0000
0.7471
0.0000
1.1258
0.0000
0.0000
6.1509
0.0000
2.5502
3.7414
0.0000
0.0000
0.0000
0.0000
0.1463
0.0000
0.0000
0.0000
2.9071
0.4726
0.6399
0.0000
2.1349
0.6309
0.0000
0.0000
2.0023
0.0000
0.0000
0.0000
0.0000
0.0000
0.0000
0.0000
0.0000
0.0000
0.0000
0.0000
0.0000
1.0930
0.0000
0.0000
0.0000
0.0000
0.0000
0.0000
0.0000
0.0000
0.5169
0.7807
0.0000
0.7616
0.0000
0.6684
0.0000
0.0000
0.0000
0.0000
0.0000
0.0000
0.0000
0.0000
0.0000
0.0000
0.0000
0.0000
0.0000
0.0000
0.0000
0.0000
0.0000
0.0000
0.0000
0.0000
0.0000
2.9726
1.7579
0.0000
0.0000
0.1464
0.0000
0.0000
0.0000
0.0000
0.0000
0.0000
3.2211
0.0000
0.2405
0.9080
0.0000
0.0000
0.0000
0.0000
0.8847
0.0000
0.0000
0.0000
0.0000
0.0000
0.0000
3.1849
0.0000
0.0000
1.2895
0.0000
0.0000
0.0000
2.5780
0.0000
0.1833
0.0000
0.0000
1.4491
0.0000
0.0000
0.0000
0.0000
0.0000
0.0000
0.0000
0.4673
2.5967
1.4756
0.0000
0.0000
0.0000
0.0000
0.0000
0.0000
0.0000
0.0000
0.0000
0.0000
0.0000
0.0000
1.8367
0.0000
0.0000
0.1115
2.5174
0.0000
0.0000
0.0000
0.0000
0.0000
0.0000
0.0000
0.0000
1.1505
1.5662
0.0000
0.0000
0.0000
1.5807
0.0000
0.0000
0.0000
1.3278
0.0000
0.0000
0.0000
0.0000
0.2814
0.0000
0.0000
0.0000
0.0000
0.0000
0.1454
0.0000
0.0000
0.0000
1.3947
0.0000
0.3578
0.0000
1.0683
0.7869
0.0000
1.8697
0.0000
0.0000
0.0000
0.0000
0.0000
0.0000
0.0000
2.4175
0.0000
2.0710
0.5738
0.0000
0.0716
0.0000
0.0000
0.0391
0.8740
0.0000
4.4692
0.4213
0.0000
0.0000
0.0000
0.0000
0.0000
0.0000
0.0000
0.0000
0.0000
3.7728
0.7680
0.0000
0.0000
0.0000
0.0000
0.0000
0.0000
0.0000
0.0000
0.0000
3.1426
0.1602
0.0000
0.0000
0.4850
0.0000
4.1076
0.1306
0.4234
0.0000
0.0000
0.0000
0.0000
0.0000
0.0000
1.1464
0.0000
0.0000
0.0000
0.0000
0.0000
0.0000
0.0000
0.3432
0.0000
0.0000
0.0000
0.7197
0.0000
0.5738
0.0000
0.0000
0.7468
0.0000
1.2447
0.0000
0.0000
0.9046
0.0000
0.0000
0.0000
0.0000
0.0000
0.0000
0.0000
0.0000
1.1792
0.1243
0.0000
0.0000
0.0000
0.0000
0.0000
1.0821
0.7190
0.0000
0.0000
0.0000
0.0000
0.0000
0.0000
0.0000
0.0000
0.0000
0.0000
0.0000
0.0000
0.0000
0.0000
4.7692
0.0000
0.0000
0.0000
0.0000
0.0000
0.0000
0.0000
0.0000
0.0000
0.0000
0.0000
0.0000
0.0000
0.9873
0.0000
0.0000
3.3878
1.5651
0.0000
0.0000
0.0000
0.0000
0.0000
0.0000
0.0000
0.0000
0.0000
0.9791
0.1413
0.0000
0.0000
0.0000
0.0000
0.0000
0.0000
0.0000
0.0000
0.0000
0.0000
0.0000
1.8350
0.0000
0.0000
0.0000
0.0000
0.2760
0.0000
0.0000
0.0000
0.0000
2.1503
0.0000
0.0000
0.0000
0.0000
0.0000
0.0000
1.4400
0.4350
0.0000
3.1266
0.0000
1.0881
0.0000
0.0000
0.0000
0.0000
0.0000
0.0000
1.4465
0.0000
0.0000
0.0000
0.0000
1.4687
0.0000
0.0000
0.0000
0.0000
0.0000
0.0000
0.0000
0.0000
0.5303
0.0000
0.0000
0.0000
1.3070
0.0000
0.5998
0.0000
0.0000
0.0000
0.0000
1.7302
0.5715
0.0000
0.0000
0.0000
0.0000
0.0000
0.0000
0.0000
0.0000
0.0000
0.0000
1.1233
0.0000
0.0000
2.7357
0.0000
0.0000
0.7636
0.0000
0.1838
0.0000
0.0000
0.0000
0.0000
0.9016
0.0000
0.0000
2.5244
1.8276
0.0000
0.0000
0.0000
0.0000
0.0000
0.0000
0.0000
0.0000
0.1322
0.0000
0.0000
0.0000
0.0000
0.0000
0.0000
0.0000
0.0000
0.7741
1.7668
0.0000
0.0000
0.0000
5.1409
0.0000
0.0000
0.0000
0.0000
0.0000
0.0000
1.4617
0.0000
0.0000
0.0000
0.0000
0.0000
0.0000
0.0000
0.0000
0.0000
0.0000
1.3645
2.5113
0.0000
0.7176
0.0000
0.0000
0.0000
0.0000
0.0000
0.9391
0.0000
1.1940
0.0000
0.0000
0.0000
0.0000
2.5750
3.7168
0.0997
2.0066
0.0000
0.0000
0.0000
0.0000
0.0000
0.0000
0.0000
0.0000
0.0000
0.0000
0.0000
0.8031
3.1419
0.0000
0.1850
0.0000
0.0000
0.0000
1.7420
0.0000
0.0000
0.0000
1.7851
0.0000
0.4555
0.0000
2.2606
0.0000
0.0000
0.9988
0.7885
0.0000
2.8344
0.0000
0.0000
0.0000
0.0000
0.0000
0.1563
0.9132
0.0000
0.0000
0.2320
0.0000
0.0000
0.3843
0.2568
2.4497
0.0000
0.0000
0.0000
3.3688
0.0000
0.0000
1.0418
0.6627
0.0000
0.0000
0.0000
2.4418
0.0000
0.0000
0.0000
0.0000
0.0000
0.0000
0.0000
0.0000
0.0000
0.0000
0.0000
0.0000
0.0000
5.5199
0.9370
1.2939
0.0000
1.6428
1.4247
2.0360
1.2376
0.0000
0.0000
1.2934
0.0000
0.0000
0.1810
0.0000
0.0000
2.0878
0.0000
0.0000
0.0000
0.0000
0.0000
0.0000
0.0000
0.0000
0.5684
0.0000
1.6791
0.0000
0.0000
0.6264
3.2530
0.0000
0.0000
0.5330
0.0000
0.0000
0.0000
0.0000
0.0000
0.0000
0.0000
0.0000
1.1626
0.6245
0.0000
0.0000
0.0000
0.0000
0.0000
0.0039
0.0000
0.0000
0.0000
0.7704
0.0000
0.0000
0.0000
0.0000
0.0000
0.0000
0.0000
0.0000
0.0000
1.4618
0.0000
0.0000
0.0000
0.0000
0.0000
0.0000
0.0000
0.0000
0.0000
0.0000
0.0000
0.0000
0.0000
0.0000
0.0000
0.4145
0.0000
0.0000
0.0000
2.1191
0.2390
2.4420
0.0000
0.0000
0.0000
0.0000
0.3206
0.0458
0.0000
0.0000
0.4782
0.0000
0.0000
0.0000
0.0000
0.0000
0.0000
0.0000
0.0000
0.0000
0.0000
2.8170
0.0000
0.0000
0.0308
4.7908
0.0000
0.0000
1.9372
2.9282
2.2096
0.0000
0.0000
0.0000
0.0000
0.0000
2.7262
0.0000
0.0000
0.0000
0.0000
0.0000
0.0000
1.6782
0.0000
3.4642
0.0000
0.0000
0.0000
0.2931
0.0000
0.0000
0.0000
0.0000
0.0000
3.0134
0.2120
0.0000
0.0000
0.0000
0.0000
0.0000
0.2099
0.4912
0.0000
3.1983
0.6476
0.6515
0.0000
0.2740
0.0000
0.0000
0.0000
0.0000
0.0000
0.0000
0.0000
0.0000
3.6841
0.0000
0.0000
0.0000
0.0000
0.0000
0.0000
0.0000
0.0000
0.0000
0.0000
0.0000
0.0000
0.5743
0.0000
0.0000
0.0000
0.0000
0.0000
0.0000
0.0000
0.5911
0.0000
0.0000
0.0000
2.0637
0.0000
0.0000
0.0000
2.8297
0.0000
0.6590
0.0000
0.0000
2.9408
0.0000
0.0000
0.0000
0.0000
0.0000
2.0245
0.0000
0.0000
0.0000
0.0000
0.0000
0.0000
0.4900
2.1233
2.6662
0.0000
0.0000
0.3744
0.8465
0.0000
0.0000
0.2357
0.0000
0.0000
0.0000
0.0000
0.0000
0.1673
1.0597
0.0000
0.0000
0.0000
0.0000
0.0231
1.5885
0.0000
0.0000
0.0000
0.0000
0.0000
0.0000
0.0000
0.4087
0.0000
1.7173
0.0000
0.0000
0.1771
0.0000
0.0000
0.0000
0.0000
0.0000
0.0000
0.2238
0.0000
0.4902
1.6690
0.0000
0.0000
0.0000
1.6762
0.0000
0.0000
0.0000
0.0000
0.3228
0.0000
0.0000
0.0000
0.0000
0.0000
0.0000
0.0000
0.0000
1.2834
0.0000
0.0000
0.0000
0.8051
0.0000
0.0000
0.0000
0.0000
0.0000
0.0000
0.0000
0.0000
0.0000
0.0000
0.0000
0.0000
0.0000
0.0000
0.0000
0.2009
0.4217
0.0000
0.0000
0.0000
0.0000
0.0000
0.0000
0.0000
0.2660
0.0000
0.0000
0.0000
0.0000
0.0000
0.9675
2.1782
0.0000
1.3225
0.0000
0.0000
0.0000
0.0000
0.0000
0.0000
0.3484
0.0000
0.0000
0.0000
0.8862
1.1456
1.1673
0.0000
0.0000
0.3931
0.0000
0.0000
6.0860
0.0000
2.1523
0.0000
0.0000
0.0000
0.0000
1.2679
2.3324
2.9304
0.0000
0.0000
0.0000
0.0000
0.0000
0.0000
0.0000
1.1063
0.0000
0.0000
0.0000
0.0000
0.0000
0.0000
0.0000
0.0000
0.0000
1.1230
0.0000
0.8062
0.0000
0.7801
0.0000
0.0000
0.0000
1.6638
0.0000
2.6027
0.0000
0.0000
0.2913
1.0078
0.0000
2.5176
0.0000
0.0000
0.0000
0.0000
0.0000
0.0000
0.0000
0.0000
0.0000
0.0000
0.0000
0.0000
0.0000
2.2505
0.0000
3.3734
0.0000
0.0000
0.0000
0.0000
0.0000
0.0000
0.0000
0.0000
0.0000
0.0000
1.5910
0.0000
4.1516
0.2734
0.0000
0.0000
0.0000
0.1721
0.0000
0.0000
0.0000
0.0000
0.0000
0.0000
0.0000
0.0000
1.0663
0.0000
0.0000
0.0000
0.0000
0.0000
0.0000
0.0000
0.0000
1.2011
4.6015
0.2899
0.0000
1.0609
0.0000
0.0000
0.0000
0.0000
0.0000
0.0000
0.0000
0.0000
0.0000
0.0000
0.0000
0.0000
1.9795
0.9809
0.0000
0.0000
0.0000
0.0000
0.0000
0.7335
0.0000
0.0000
3.7353
0.0000
0.0000
0.0000
0.4705
0.0000
0.0000
2.6356
3.0016
1.4956
0.6280
0.0000
0.0000
0.0000
0.0000
0.0000
0.0000
0.0000
0.0000
0.0000
0.0000
0.0000
0.0000
0.0000
0.0000
0.9285
0.3785
0.0000
0.0000
0.0000
0.0000
0.0000
0.0000
0.0000
0.0000
0.0000
0.0000
0.0000
0.0000
3.3645
0.0000
0.0000
0.0000
0.0000
1.3416
0.0000
0.0000
1.3629
0.0000
2.0494
0.0000
1.4884
0.0000
0.0000
0.2492
0.3057
0.0000
2.2514
0.0000
0.0000
0.0000
0.0000
0.0000
3.8161
0.2496
0.0000
0.0000
0.0000
0.0000
0.0000
0.0000
0.0851
0.0000
0.0000
0.2367
0.0000
0.0000
0.1220
0.3025
0.0000
0.4881
0.0000
2.7405
0.0000
0.0000
0.0000
0.0000
1.7946
0.0000
0.0000
0.0000
1.6733
0.0000
3.5990
0.0000
0.0000
0.0000
0.0000
0.0000
0.0000
0.0000
0.0000
0.0000
0.8081
0.0000
0.0000
0.0000
0.8744
0.4025
0.7084
2.9954
0.0000
0.0000
0.0000
0.0000
0.6797
0.0000
0.0000
0.0000
1.3067
1.9371
0.0000
0.0000
0.0000
0.0000
0.0000
0.0000
0.0000
0.0000
0.0000
0.0000
0.0000
0.0000
0.0000
1.9527
0.0000
2.6598
0.0000
0.0000
0.6760
0.0000
0.1569
0.5417
0.0000
0.0000
0.0000
2.7895
2.8430
1.6203
0.0000
0.0000
0.0000
0.0000
0.0000
0.0000
2.2175
0.0000
0.0000
0.0000
0.0000
0.0000
0.0000
1.1194
0.0000
2.1619
0.0000
0.0000
0.3583
0.0000
0.0000
0.0000
0.0000
0.0000
1.2911
0.0000
0.0000
1.9154
0.0000
0.0000
0.0000
0.0000
0.0000
0.0000
0.0000
0.0000
0.0000
0.0000
0.0000
0.0000
0.0000
0.0000
0.0000
1.4334
1.3897
0.0000
0.0000
0.0000
4.1312
0.0000
0.0000
0.0000
0.0000
0.0000
1.1973
1.3601
3.4150
0.2222
0.1455
0.0000
2.3501
0.0000
1.3880
0.3231
0.0000
0.0000
0.0000
0.0000
0.0000
0.0000
0.0000
0.0000
0.0000
1.5861
0.1816
0.0000
1.5415
0.1257
0.0000
0.0000
0.0000
0.0000
0.0000
0.0000
3.6233
0.0000
0.6099
3.1480
0.0000
0.0000
0.0000
1.4127
0.0000
1.5346
1.7903
1.4236
0.0000
1.7859
0.0000
0.0000
3.2020
0.0000
2.9997
1.5553
0.0000
1.0912
0.0000
0.0000
0.0855
0.0000
0.0000
0.6460
1.5610
2.2140
0.0000
0.4550
3.7149
0.0000
2.8970
0.0000
0.0000
0.0000
0.0000
0.0000
0.0000
0.0000
0.6804
0.0000
0.6527
1.0129
0.0000
3.1219
0.0000
0.0276
0.0000
0.0000
0.0000
0.0000
0.0000
1.5405
1.4798
0.0000
0.0000
0.7614
0.0000
0.0000
3.8600
0.0000
0.0000
0.0000
0.0000
1.6519
0.0000
0.0000
0.0000
0.0000
0.0000
0.0000
0.0000
0.0000
2.5158
0.0000
0.0000
0.0000
0.0000
3.4689
0.0000
4.4156
1.7273
1.0217
0.6371
0.0000
0.0000
0.0000
0.0000
0.0000
2.6719
0.0000
0.2637
0.0000
0.0000
0.0000
0.0000
1.1633
0.0000
0.0000
0.0000
0.0000
0.0000
0.2441
1.0255
0.1433
0.0000
0.0000
1.0509
0.0000
0.0000
0.0000
0.0000
0.0000
0.0000
0.0000
0.0000
0.0000
1.0554
0.0534
1.4835
0.0000
0.0000
0.0000
0.0000
0.0000
1.5625
0.0000
0.0000
0.0000
0.0000
0.4382
0.0000
0.9522
0.0000
2.6415
0.0000
0.0000
0.0000
0.6386
0.1629
0.0000
0.0000
0.0000
0.7276
0.0000
0.0000
0.0000
0.0000
0.0000
1.2008
0.0000
0.0000
0.0000
0.0000
0.0000
0.0000
0.0000
1.8223
0.0000
0.0000
0.0000
0.9920
0.0000
0.0000
0.0000
0.0000
0.0000
0.2252
0.0000
0.0000
0.2885
0.0000
1.5007
0.8059
0.0000
0.0000
3.5724
0.0000
0.2726
0.0000
3.9363
0.6356
0.0000
0.1969
0.0000
0.0000
0.0000
0.0000
0.0000
0.0000
0.6040
0.0000
0.9263
0.0000
0.0000
0.0000
0.0000
0.0000
0.0000
0.0000
0.0000
1.7171
0.0000
0.0000
0.6316
3.8182
1.5692
0.0000
0.0000
0.0000
0.0000
1.2940
0.0000
0.0000
2.7227
0.0000
0.0000
2.3423
2.1997
0.0000
0.0000
0.3254
0.2575
0.0000
0.0000
0.0000
1.1406
0.0000
0.0000
0.0000
0.0000
0.6841
0.7442
0.0000
0.0000
0.0000
0.3091
1.7315
0.0000
0.7561
0.0000
0.0000
0.0000
0.0000
0.9465
0.0000
0.0000
0.0000
0.8274
2.0454
0.0000
0.0000
0.0000
0.0000
0.0000
0.4512
0.0000
0.0000
0.0000
0.0000
0.0452
1.5471
2.3580
0.4177
0.0000
0.0000
0.0000
0.3265
2.3138
0.0000
0.0000
0.0000
0.0000
0.6837
0.0000
0.0000
0.0000
0.0000
0.0000
0.0000
0.0000
0.3533
0.0000
0.0000
0.3192
2.7815
0.0000
0.0000
0.0000
0.0000
0.0000
0.3839
0.0000
1.8010
0.0000
0.0000
0.0000
1.4150
0.0000
0.0000
0.0000
0.0157
0.0000
0.0000
0.0000
0.0000
0.0000
0.0000
0.0000
0.0000
0.0000
0.0000
4.6991
0.0283
1.5184
0.0000
0.0000
0.0000
0.0000
0.0000
2.0826
0.0000
0.0000
0.0000
0.0000
0.0000
0.0000
0.0000
0.0000
0.0000
0.0000
0.2167
0.0000
0.0281
0.0000
0.0000
0.0000
0.0000
3.5139
0.0000
0.0000
0.0000
0.0000
1.2274
0.0000
0.5848
0.0000
0.0000
0.0000
4.6769
0.0000
0.9980
0.0000
2.3765
0.0882
0.0000
0.0000
0.0000
0.0000
0.0000
0.0000
0.0000
0.0000
0.7266
0.0000
3.7901
0.0000
0.0000
0.0000
0.0000
0.0000
1.6768
0.0000
0.0000
2.6135
0.0000
0.0222
0.0000
0.0000
0.0000
0.0000
1.9299
0.0000
0.0000
0.0000
0.0000
0.0000
0.0000
0.0000
0.0000
0.7841
0.0000
0.0000
0.0000
0.0000
0.0000
1.5815
3.0194
1.1766
0.4512
0.0000
0.3641
2.0377
0.0736
0.0000
0.0000
0.0000
0.2246
1.4432
2.7298
0.0000
0.0000
0.0000
0.0000
0.0000
0.0000
0.0000
0.0000
0.0000
0.0000
0.0000
0.0000
0.0000
0.0000
0.0000
0.0000
0.7513
0.0000
0.0000
0.0000
0.0000
0.0000
0.0000
0.0000
0.0000
0.0000
0.0000
1.1891
0.0000
0.0000
1.1248
0.2053
0.0000
0.0000
0.0000
0.0000
0.0000
1.6064
0.0000
0.0000
0.0000
0.0000
0.0000
0.0000
0.0000
0.0000
0.0000
0.0000
0.0000
1.1389
1.7251
0.0000
0.0000
0.0000
1.9976
0.0000
0.0000
0.0000
2.6208
0.0000
0.0000
0.7598
0.0000
0.0000
0.0000
1.6432
1.3686
0.0000
0.0000
0.0000
0.0000
2.8536
0.0000
0.0000
0.0000
0.0000
0.0000
1.7790
0.6440
0.0000
0.7771
0.0000
0.0000
0.4692
0.0000
0.0000
0.0000
0.0000
2.2062
0.0000
0.0000
0.0000
0.0000
0.0000
0.0000
0.0000
1.3727
0.0000
0.0000
0.0000
0.0000
0.0000
0.0000
0.0000
0.0000
0.0000
0.0000
0.0000
0.0000
0.9823
0.0000
0.0000
0.6951
0.2293
2.3318
0.0000
0.0000
0.4839
0.0000
0.3099
0.0000
0.0000
0.0000
0.0000
0.0000
1.1287
0.0000
0.4711
0.0000
0.0000
0.0000
1.9180
0.0000
0.0000
0.0000
0.0000
0.0000
0.7611
0.0000
0.0000
0.0000
0.0000
0.0000
0.0000
2.2706
0.0000
0.0000
0.0000
3.2242
0.0000
0.0000
1.1663
0.0000
0.0000
0.0000
0.0000
0.0000
2.4179
1.8579
0.0000
0.0000
0.0000
2.1211
7.6089
0.0000
0.0000
2.2000
0.0000
0.0000
0.0000
0.0000
0.0000
0.0000
0.0000
0.0000
0.0000
0.0000
0.0000
0.0000
0.0000
0.0000
0.0000
0.0000
0.0000
0.0000
0.0000
0.0000
0.0000
0.0000
0.0000
2.1802
0.0000
0.0000
0.0000
0.0000
0.0000
1.2862
0.5756
0.6771
0.0000
2.0322
0.0000
0.0000
0.0000
0.9021
0.0000
0.0000
1.1538
0.0000
0.0000
0.0000
0.0000
0.0000
0.5023
0.0000
0.0000
2.3072
0.0000
0.0000
0.0000
0.0000
0.3524
0.0000
0.0000
0.0000
0.0000
0.0000
0.0000
2.3068
0.7294
0.0000
0.0000
0.0000
0.0000
0.0000
0.0000
0.0000
0.0000
0.0000
0.0000
0.0000
0.0000
0.0000
0.0000
0.0000
0.0000
0.0000
3.3859
0.0000
1.3114
2.2065
0.0000
0.0000
0.0000
0.0000
0.0000
0.0000
0.6983
0.0000
0.0000
0.0000
0.0000
0.0000
0.7790
0.1122
0.0000
0.0000
0.0000
0.0000
0.0000
0.0359
0.0000
2.4274
0.0000
0.0000
0.0000
0.0000
0.0000
0.0000
1.2451
0.0000
0.9441
0.0000
0.0000
0.0000
0.0000
0.2202
0.0000
0.1781
2.3705
1.2994
0.0000
0.0000
0.0000
0.0000
0.0000
0.0000
0.0000
3.6596
0.3869
0.0000
0.0000
0.0000
2.6327
1.1024
0.3564
0.0000
0.1314
0.0000
0.0000
0.0000
0.0000
0.0000
0.0000
0.0000
0.0000
0.0000
0.0000
0.0000
0.0000
0.0000
0.7381
1.3338
0.0000
0.0000
0.1035
0.0000
1.0523
0.0000
0.0000
0.9218
0.0000
2.6831
0.0000
0.0000
0.0000
0.4669
0.0000
0.1345
0.0000
0.0000
1.4212
0.0000
0.0000
2.9466
0.0742
1.3010
0.0000
0.0000
0.0000
0.0000
0.0000
0.0000
0.0000
0.0000
0.0000
1.0525
0.0000
0.0000
1.8833
0.7782
0.0000
0.2423
0.0000
0.0000
1.2351
0.0000
0.0000
0.0000
0.0000
0.0000
1.3242
0.0000
0.3685
0.0000
0.0000
0.0000
0.0000
0.0000
0.0000
0.0000
0.0000
0.0000
3.0750
0.0000
0.0000
0.0000
0.0000
0.4136
0.0000
0.0625
3.8908
0.0000
0.0000
0.0000
0.0000
0.0000
0.0000
0.0000
0.0000
0.0000
3.1595
0.0000
0.0000
0.2822
0.0000
1.8775
0.4108
0.0000
1.8574
0.0000
0.0000
0.2574
0.0389
0.6407
0.9389
0.0000
4.7406
1.3254
0.0000
0.0000
0.0000
1.6475
0.0000
2.3425
0.0000
0.0000
0.0000
0.0000
0.0000
0.6681
0.0000
0.0000
2.4964
0.0000
0.0000
0.0000
2.0110
0.2750
0.0000
0.0000
2.8731
0.0000
0.0000
0.0048
0.0000
0.1133
0.5204
0.0000
0.0000
0.0000
0.0000
0.0000
0.0000
0.9078
2.7844
3.3752
0.0000
1.5523
2.2067
0.5873
0.0000
0.0000
0.0000
0.0000
0.0000
3.3924
0.0000
0.0000
2.1779
0.0000
0.0000
0.0000
0.0000
0.1456
0.2246
0.0064
2.7333
0.0000
0.0000
0.0000
1.2711
0.1186
2.2397
2.3073
0.0000
0.0000
1.3767
0.0000
0.7429
0.0000
0.0000
1.3955
0.0000
0.5177
0.0000
0.0000
0.1430
0.9068
0.0000
0.0000
0.0000
0.0000
0.0000
0.0000
0.0000
0.0000
0.1373
2.0911
0.0000
0.3182
0.0000
0.0000
0.0000
0.0000
1.2674
0.0000
0.0000
0.0000
0.0000
0.0000
0.0000
0.0000
0.0000
0.0000
0.0000
0.0000
0.0000
0.0000
1.5820
0.0000
0.0000
0.0000
0.1669
0.0000
0.0000
1.2465
0.3247
0.0000
0.0000
0.0000
0.0000
0.0000
0.0000
0.6313
0.0000
0.9489
0.0000
0.0000
4.2779
0.0000
0.0000
1.8363
0.0000
0.0000
0.0000
0.5940
0.0000
0.7573
0.0000
0.0000
0.0000
0.7161
0.0000
0.0000
0.0000
0.8008
0.0000
2.0905
0.5960
0.0000
0.0000
0.0000
0.4822
0.0000
0.0000
0.4356
0.0000
2.2299
0.1275
0.0000
2.0719
0.4603
0.0000
0.0000
0.0000
0.1087
0.0000
2.9285
0.6586
0.0000
0.0000
3.3777
0.0000
0.0000
0.0000
0.0000
0.0000
0.0000
0.0000
0.0000
0.0000
1.7059
0.0000
0.1847
0.0000
0.0000
0.0000
0.0000
0.0000
0.0000
0.0000
0.0000
0.4087
3.8917
1.0912
0.1466
0.0000
0.0000
0.0000
0.0000
1.6298
1.8151
0.0000
0.0000
0.0000
0.0000
0.0000
0.0000
2.7568
1.9918
0.0000
0.0000
0.0000
0.0000
3.3882
0.0000
0.0000
0.0000
0.0000
0.0000
0.0000
0.0000
0.0000
0.0000
0.0000
0.0000
0.2420
0.0000
0.8402
0.0000
0.0000
1.4250
0.0000
0.0000
0.4291
0.0000
0.0000
0.0000
0.0000
4.9844
1.3535
0.0000
0.0000
0.7176
0.0000
0.0000
0.0000
2.6158
0.0000
0.0000
2.6310
4.1373
0.0000
0.0000
0.0000
0.0000
0.0000
0.0000
0.0000
0.0000
0.0000
0.0000
4.2281
0.3997
3.2858
0.0000
0.0000
0.0000
0.0000
0.0000
0.0000
0.0000
0.0000
2.1470
0.0000
0.0000
0.0000
0.0000
0.2530
0.0000
0.0000
0.0000
0.0000
0.0000
0.0000
0.0000
0.0000
2.8252
1.2841
0.0000
0.1962
0.0000
0.0559
0.0000
1.3309
1.6934
0.0000
0.0000
0.1030
0.0000
0.0000
0.0000
0.0000
0.0000
0.0000
0.0000
0.0000
0.0000
0.0000
0.0000
0.0000
0.0000
1.7669
0.0000
2.5479
0.0000
0.0000
0.0000
0.0000
0.0000
0.0000
0.0000
0.1821
0.0000
0.0000
0.0000
0.6371
0.0000
0.0000
1.8115
0.0000
1.1346
0.0000
0.4508
0.0000
3.0133
0.0000
0.0000
0.0000
0.0000
0.0000
0.0000
0.0000
0.0000
0.0000
0.0000
0.0000
0.0000
0.0000
0.0000
0.0000
0.0000
0.0000
0.0000
1.1434
0.0000
0.0000
0.0000
0.8760
0.7285
0.0000
2.3366
0.0000
1.7833
2.8586
1.4873
0.0000
1.5300
0.0000
0.0000
0.0000
0.3375
0.0000
0.0000
0.0000
0.0000
0.0000
0.0000
0.0000
1.1875
0.0000
0.6130
0.0000
3.3839
0.7950
0.0000
0.1008
3.5474
1.7747
0.0000
0.0000
0.0000
0.0000
0.0000
4.6426
0.0000
0.0000
0.0000
0.0000
3.7465
0.0000
0.0000
0.5175
0.0000
0.0000
3.8808
0.0000
0.0000
0.0000
0.9045
0.0000
0.0000
2.3308
0.0000
0.0000
0.0000
0.0000
0.0000
0.7998
0.2524
0.0000
0.0000
0.0000
0.0000
0.0000
0.0000
0.0000
0.0000
0.4518
0.0000
0.0000
0.0000
0.0000
0.0000
1.7181
0.0000
0.0000
0.0000
0.0000
0.0000
0.2998
0.4004
0.0000
0.0000
0.0000
0.0000
0.0000
0.0000
0.0000
0.0000
4.2738
0.0000
0.0000
1.5744
0.0000
0.0000
0.0000
0.6168
0.0000
0.0000
0.0000
3.3542
0.0000
0.0000
1.9978
0.0000
0.0000
0.5904
0.0000
0.0000
0.0000
0.6392
0.0000
0.0000
0.0000
0.0000
0.0000
1.3745
0.0000
0.0000
0.0000
0.0000
0.0000
0.0000
2.5123
0.5079
0.6517
0.0000
0.5244
0.0000
0.0000
0.0000
0.2339
0.0000
0.0000
1.2727
0.7253
0.0000
0.0000
5.8664
0.0000
1.0264
0.5517
1.5444
0.0000
0.0000
0.0000
0.0000
0.0000
0.0000
0.0000
0.0000
0.0000
0.0000
0.0000
0.0000
0.0000
0.0000
0.0000
0.0000
0.0000
0.0000
0.0000
0.0000
0.0000
0.0000
2.4253
0.0000
0.0000
0.0000
3.5491
0.0000
0.0869
0.0000
0.1811
0.0000
0.0000
0.0000
0.0000
0.0000
0.3170
0.0000
0.0000
0.0000
0.0000
0.0000
0.0000
0.0000
0.0000
0.0000
0.0000
0.0000
0.4711
0.0000
1.5087
0.0000
0.2977
0.0000
0.0000
0.1220
0.0000
0.0000
0.2246
0.0000
0.0000
0.6250
0.0000
0.0000
0.0000
0.0000
0.5899
0.0000
0.0000
0.0000
1.5975
0.0000
0.0000
0.0000
0.0000
3.2961
0.0000
1.3952
0.0000
0.0000
0.0000
0.5496
0.7777
0.0000
0.0000
0.0000
2.6674
0.0000
3.7430
0.0000
1.2598
0.0000
0.0000
0.0000
0.0000
0.0000
0.0000
3.3192
1.4337
0.0000
0.0000
0.0000
0.0000
0.0000
0.0000
0.0326
0.0000
0.0000
0.0000
0.0000
0.0000
0.0000
1.1806
0.0000
1.5678
0.6646
0.0000
0.0435
0.7733
0.0000
0.0000
0.0000
0.0594
0.0000
1.9772
0.0000
3.2208
0.0000
0.0000
0.1775
0.0000
0.0000
2.4451
0.0000
0.0000
0.0000
0.0000
0.0000
0.0000
0.0000
0.0000
0.0000
0.0000
3.0223
0.5847
0.0000
0.0000
0.0000
0.0000
0.0000
0.0000
0.0000
0.0000
0.0000
3.2404
0.0000
0.0000
0.0000
0.3380
0.0000
0.0000
2.2714
0.0000
0.0000
0.0000
0.0000
0.1435
0.0000
0.0000
0.0000
0.0000
0.0000
0.0000
3.9429
0.0000
0.0000
0.0000
0.0000
0.6635
0.0000
0.0000
0.0000
0.0000
0.0000
0.0000
0.0000
0.0000
0.8061
0.0000
0.0000
1.2788
0.0529
0.0000
3.4462
0.0000
0.0000
0.0000
0.0000
0.0000
0.0000
0.0000
0.3801
0.0000
0.0000
0.0000
0.0000
0.0000
0.0000
0.0000
0.0000
0.4613
0.7090
0.0000
0.0000
0.8308
0.2594
0.6669
1.1627
0.0000
0.0000
0.0000
0.0000
0.0322
1.6966
0.0000
0.0000
0.0000
4.6201
2.6868
0.0000
0.0000
0.0000
0.0000
0.4815
0.0000
0.0000
1.9326
0.0000
2.9279
0.0000
0.1017
0.0000
2.4084
0.0000
0.4447
0.0000
2.8549
0.5163
0.0000
0.0000
0.4469
0.0000
0.0000
0.0000
0.9552
0.0000
0.0000
0.0000
0.0000
1.6052
0.0000
0.0000
5.5089
0.0000
0.0000
0.8769
0.0000
1.1746
0.8071
0.0000
0.0000
0.0000
0.0000
0.0000
0.7692
4.7669
0.0000
0.0000
0.0000
0.0000
0.0000
0.0000
3.1808
1.9180
0.7231
0.0000
0.0000
0.6883
0.0000
0.0000
3.1121
0.0000
1.6376
0.0000
0.0000
3.1392
0.0000
0.0000
0.0000
0.0000
0.0000
0.0000
2.2970
0.0000
0.0000
2.5310
0.0000
0.0000
0.0000
0.0000
0.1954
0.0000
0.0000
0.5494
0.0000
0.0000
1.8686
0.7463
0.0000
0.0000
0.0000
0.1447
0.0000
0.0000
3.3647
0.0000
1.4007
0.0000
1.8597
0.0000
0.0000
0.0000
0.0000
0.0000
0.3086
0.0000
3.8701
0.0000
0.0000
0.0000
0.0000
0.0000
0.0000
0.0159
0.0612
0.0000
0.0000
0.2915
0.0000
0.0000
0.0000
0.1222
3.5825
6.5130
0.0000
0.0000
0.0000
0.0000
0.0000
0.0000
0.0000
0.0000
0.0000
0.0000
2.9810
0.0000
0.3535
3.9847
0.1992
0.0000
0.0000
0.0000
0.0000
1.6091
1.3394
0.0000
0.0000
0.0000
0.0000
0.0000
1.4541
0.0000
7.0256
0.0000
0.6179
0.0000
0.0000
0.0000
0.0000
0.1887
0.0000
0.0000
0.5229
1.7091
0.0000
0.0000
0.0000
0.0000
2.6242
0.0000
0.0000
0.0000
1.5518
0.0000
0.0000
0.0000
0.0000
0.0000
0.0000
1.9058
0.0000
0.3040
0.0000
0.0000
0.1109
0.0000
0.0000
0.0000
0.4808
0.0000
1.5626
1.6560
0.9759
1.3081
0.0000
0.0000
1.4119
0.0000
0.0000
0.3313
0.0000
0.0000
0.0000
1.4720
0.0000
0.0000
0.0000
0.2236
0.0000
0.0000
0.0000
0.0000
0.0000
0.0000
0.0918
0.0000
0.0000
0.0000
0.0000
4.0769
0.0000
0.0000
0.0000
0.0000
0.0000
1.2677
0.0000
0.0000
0.0000
0.0000
1.3855
0.0000
0.0845
0.0000
1.7633
0.0000
0.3703
0.0000
0.0000
0.4957
0.0000
1.1160
0.0000
0.0000
0.0000
0.5619
0.0000
0.0000
0.0000
0.0000
0.0000
0.0000
0.2597
0.0000
0.0000
0.0000
0.0000
0.0000
0.0000
0.0000
0.0000
4.3510
0.0000
0.0000
3.7583
3.2588
0.0000
0.0000
0.0000
0.0000
0.1829
0.3455
0.0000
0.0000
0.6992
0.0000
0.6504
0.0000
0.0000
0.0000
2.1288
0.0000
0.5853
0.0329
0.0000
0.0000
0.0000
0.6270
2.8650
0.8230
0.0000
0.0000
0.0000
0.0000
0.0000
2.1142
0.0000
0.8274
0.0000
1.6478
0.0000
0.0000
0.0000
0.0000
0.4166
0.0000
0.5020
2.3319
0.0000
0.0000
0.0000
1.0968
0.0000
1.0878
0.0336
0.0000
1.1749
0.0000
0.0000
0.0000
0.0000
0.0000
0.0000
0.0000
0.0000
0.0000
0.7653
2.0223
0.0000
1.3101
0.0000
0.0000
0.0000
0.0000
0.6704
0.0000
0.0000
0.0000
0.0000
1.0791
0.0000
1.2133
0.0000
0.0000
0.0000
0.0000
0.0000
1.2309
0.1253
0.0000
0.0000
1.4034
0.0000
0.0000
0.0000
0.0000
1.6289
0.0000
0.0000
0.0000
0.0000
0.0000
0.9310
2.3664
0.0000
0.3483
0.0000
0.0000
0.0000
0.0000
0.0000
0.3966
0.0000
0.4538
0.0000
2.9137
1.3503
0.7275
0.0000
1.9381
0.0000
0.0000
0.5333
0.0000
0.0000
0.0000
2.0239
0.0000
0.0000
0.0000
0.0000
0.4795
4.2578
0.5199
0.0000
0.0000
0.0000
0.0000
1.2111
0.0000
0.0000
0.0000
0.6043
0.0000
0.0000
0.0000
0.0000
0.0000
0.0000
0.0000
0.0000
0.0000
0.0000
0.0000
4.5532
0.0000
0.0000
3.5216
0.4620
0.0000
0.0000
0.0000
0.0000
0.0000
0.0000
0.0000
0.0000
0.0000
0.7735
0.9647
0.2326
1.8170
2.4901
0.0000
0.7623
0.0000
0.6286
0.3214
0.0000
0.0000
0.0000
0.0000
3.1590
0.0000
0.0000
0.0000
1.0246
0.0000
0.0000
0.0000
0.0000
0.0000
0.0000
0.0000
0.0000
0.0000
0.2255
0.9664
2.4181
0.0000
0.0000
0.0000
0.0000
0.0000
0.0000
0.0000
0.4682
0.0000
0.0000
0.0000
0.0000
0.0000
0.0000
0.0000
0.0000
0.0000
0.0000
0.0000
0.0000
0.0000
0.0000
0.2525
0.3884
0.0000
0.0000
0.0000
0.0000
0.0000
2.8746
0.6900
0.0000
0.0000
0.0000
1.2014
1.2571
0.0000
0.4288
0.0000
1.1593
1.9502
0.0000
0.0000
0.0000
4.3567
0.0000
0.0000
0.0000
0.0000
0.0000
0.0000
0.9759
0.0000
0.7991
0.0000
0.0000
0.0000
4.7132
0.0000
0.0244
0.0000
0.0000
0.0000
0.0000
2.9717
0.0000
0.0000
0.0000
0.0000
0.0000
0.0000
0.0000
0.0000
0.6032
0.0000
0.0000
0.0000
0.0000
0.0000
0.0000
0.0000
0.0000
0.0000
4.8041
0.0000
2.1127
0.0000
0.1772
0.7765
0.0000
2.6812
0.0000
0.8583
0.0000
0.0000
0.3576
0.0000
0.0000
0.0000
2.0363
0.0000
0.0000
2.8451
0.0000
0.0000
0.0000
0.0000
0.0000
0.0000
1.9028
0.0000
0.0000
0.0000
1.5037
1.0968
0.0000
0.0000
0.3002
0.0000
1.1396
0.0000
0.0000
2.8211
2.9810
0.0000
0.0000
1.2850
0.0000
6.2756
1.9757
0.0000
0.0000
1.6026
0.0000
0.0000
0.0000
0.0000
0.0000
0.0000
0.0000
0.0000
3.0495
1.1168
2.3939
0.0000
0.0000
1.3353
0.0000
0.0000
0.0000
0.0000
0.0000
1.8704
0.0000
0.0000
0.6670
0.0000
0.0000
0.0000
1.5611
0.0000
0.9282
0.0000
0.0000
0.0000
0.0000
0.7739
0.0000
1.0238
0.0000
0.0000
0.0034
0.2561
1.2435
0.0000
0.0000
0.0000
0.0000
0.0000
0.1074
0.0000
0.0000
0.0000
0.0000
0.0000
0.0000
0.0790
0.0398
0.0000
0.0000
0.0000
0.0000
2.4698
1.5349
0.4245
0.0000
1.4561
0.3291
0.0000
2.3523
0.0000
0.0000
0.0000
0.0000
1.2299
0.0000
0.0000
0.0000
0.0000
2.3164
0.9641
1.4036
1.6709
0.0000
1.3742
0.0000
1.2785
0.0000
0.0000
0.0000
2.4037
2.0433
2.5221
0.0000
0.0000
0.0526
0.0000
0.0000
0.0000
0.0000
0.0000
0.6960
0.0000
0.0000
0.0000
0.0000
0.0000
4.9257
0.0387
0.8750
0.0000
0.0000
0.0000
0.0000
0.0000
0.0000
0.6805
0.0000
0.8114
1.4268
0.0000
5.7177
0.0000
0.0000
0.0000
2.8235
1.6177
0.6748
0.0000
0.0000
0.0000
0.0000
0.0000
0.0000
0.0000
0.0000
0.0000
0.0000
0.0000
0.0000
0.5003
0.0000
0.0000
0.0000
0.0000
0.0000
0.0000
0.0000
2.3821
0.0000
1.9126
1.3163
1.8238
0.8531
0.0000
0.0000
1.5457
0.0000
0.0000
0.0000
0.0000
1.8209
0.0000
5.8702
1.0340
0.0000
6.4219
0.0000
1.8687
0.0000
0.0000
2.4403
0.0116
0.5474
0.0000
0.0000
0.0000
0.0000
0.0476
0.7150
0.1293
1.5835
0.0000
0.0000
0.0000
0.0000
0.0000
0.7218
0.0000
0.0893
0.0000
0.0000
0.0000
0.0000
