0.7167
0.0000
0.0000
0.0000
2.2939
0.4314
0.0000
0.2457
0.0000
1.7390
1.8816
0.0000
0.7346
0.0000
0.0000
0.0000
0.0000
0.0000
0.0000
0.0000
0.0000
0.0000
1.3922
0.0000
2.7573
0.0000
0.0000
1.3108
0.0000
0.0000
0.0000
0.0000
0.7363
0.6591
0.1981
0.0000
0.0000
0.0000
1.8059
2.9837
0.0000
0.0000
0.0000
0.0000
0.0000
1.0814
0.0000
0.0000
0.0000
2.1300
0.0000
0.0000
0.0000
0.0000
0.0000
0.0000
0.0000
0.0000
0.0000
0.0000
0.0000
2.1402
0.0000
2.6451
0.0000
0.3167
1.0367
0.0000
3.1904
0.0000
0.0000
2.1160
0.0000
0.0000
0.0000
1.9715
0.0000
0.0000
0.0000
0.0000
0.0632
0.0000
0.0000
0.0000
0.0000
0.0000
0.9796
0.9141
0.0000
0.0000
0.0000
0.0000
0.1186
2.5680
0.0000
0.0000
0.0000
0.0000
1.7157
0.0000
1.4464
0.0000
0.0000
0.0000
0.0000
0.0000
0.0000
0.0000
0.6246
1.1276
0.0000
0.0000
0.0000
0.0000
0.0000
0.0000
0.7119
0.0000
0.0000
0.0000
2.0812
0.1571
2.8270
0.0000
1.1059
0.0000
0.6369
0.0000
0.2827
1.0665
0.0000
0.0000
0.0000
0.0000
2.8401
0.0000
0.0000
1.7398
0.0000
2.2426
2.4494
0.0000
0.1790
0.0000
1.5849
0.0000
0.0000
2.3068
1.1465
0.0000
0.0000
0.5366
2.0575
0.0000
0.0000
0.0000
0.0000
0.1374
0.0000
0.0000
0.0000
0.0000
0.6426
0.0000
0.0000
1.5621
0.0000
0.5366
0.0000
2.5240
0.0000
0.0000
0.0000
0.0000
0.0000
0.0000
0.9101
0.0000
0.0000
5.5142
2.9624
2.9807
0.0000
0.0000
0.0000
0.0000
2.1327
1.9596
0.0000
0.0000
0.0000
0.0000
0.0000
0.0254
1.4050
0.0000
0.0000
0.0000
1.4499
0.9376
0.0000
0.3704
0.0000
0.0000
0.0000
0.0000
0.0000
0.0000
0.0000
0.0000
0.0000
0.0000
0.0000
1.2114
0.0000
0.0000
0.0000
0.0000
1.5878
0.0000
0.0000
0.0000
0.0000
0.0000
1.1106
0.0000
0.0000
0.0000
0.0000
0.0000
0.0000
0.0000
0.0000
0.0000
2.0725
0.0000
0.0000
0.0000
1.1744
0.0000
0.0000
0.0000
0.0000
0.0000
0.0000
0.0000
0.0000
0.0000
0.0000
0.0000
0.0000
0.0000
0.0000
0.0000
0.0000
1.1998
0.6411
0.5662
2.2172
0.0000
0.0000
0.8298
0.0000
0.0518
0.6675
0.0000
4.0746
0.0000
0.0000
0.0000
0.6543
0.0000
1.0992
0.0000
1.4612
0.0000
0.0000
0.0000
2.6037
0.0000
2.0552
0.8678
1.2385
0.0000
0.0000
0.2383
0.0000
0.0000
0.0000
0.0000
0.0000
0.0000
0.0000
0.0000
2.4063
0.0000
0.0000
0.0000
0.0000
2.3910
0.0000
0.0000
0.0000
0.0000
0.0000
0.0000
0.0000
0.0000
0.0000
0.0000
0.0000
0.0000
0.0000
0.0000
1.4852
0.0000
0.0000
0.0000
0.0000
0.0000
0.0000
1.4566
0.0000
0.4459
0.0000
1.0181
0.0000
0.0000
0.0000
0.6443
0.0000
1.0877
0.0000
0.0000
1.0597
1.8573
2.2436
0.0000
0.0000
3.9558
0.0000
0.0000
0.0000
0.0000
0.0000
3.7938
0.0000
1.4146
0.0000
0.0000
0.0000
1.9777
2.3785
0.0000
3.7052
0.1209
0.0000
0.0000
0.8033
0.0000
0.0000
0.0000
0.0000
0.0000
0.0000
0.0000
0.0000
0.0000
0.0000
0.0000
0.0000
0.0000
0.0000
0.0000
0.0000
0.6409
0.0000
2.0252
0.0000
0.0000
2.2309
0.0000
0.0000
0.0000
0.0000
0.0000
0.3171
0.0000
0.0000
0.0000
0.8021
0.0000
0.0000
0.0000
0.0000
1.4290
0.0000
0.0000
0.0000
0.0000
0.0000
0.0000
0.0000
0.2517
0.0000
0.0000
0.0000
0.0000
1.0401
0.0000
0.0000
0.0000
0.0000
4.3673
0.4196
0.0000
0.0000
0.0000
0.0000
0.0000
1.4033
0.0000
0.0000
0.0000
0.0000
0.0000
0.0000
0.0000
0.0000
0.0000
0.0000
0.0000
0.0000
0.0000
0.0000
0.0000
0.0000
0.0000
0.1469
0.0000
1.1888
0.2870
0.1079
0.0000
3.2624
0.2420
0.0000
0.7376
0.2900
0.0000
0.0000
0.0000
0.0000
0.0000
0.0000
0.0000
0.0000
0.9697
0.0000
0.0000
0.0000
0.0000
1.1263
0.0000
0.0000
0.0000
0.2197
1.4349
0.0000
0.0000
0.0000
0.5527
0.0000
2.3950
0.0000
0.0000
1.3034
0.4305
0.8867
0.0000
2.1663
0.0000
0.9601
0.0000
1.1014
0.0000
0.0000
0.5171
0.0000
1.6961
0.0000
0.0000
0.0000
0.0000
2.4237
0.0000
0.0000
0.0000
0.4016
0.0000
0.0000
0.0000
1.9615
0.0000
0.0000
0.0000
0.0000
0.0000
0.0000
1.7313
0.0000
0.1219
0.0000
3.0118
0.0000
1.5743
0.0000
0.0000
5.8406
0.0000
0.0000
1.1147
0.0000
0.5516
0.0000
0.0000
0.4159
0.0000
0.0000
0.0000
2.1851
3.9016
0.0000
0.0000
0.7835
0.6954
0.0000
0.0000
0.3347
0.0000
0.0000
0.0000
0.0000
0.0000
1.5483
0.0000
0.0000
0.0884
1.5501
0.0000
0.0000
0.0000
0.0000
0.0000
0.0000
0.0000
0.0000
0.0000
0.0000
0.0000
2.2572
0.6159
0.0000
0.0000
0.0000
0.5069
0.0000
0.0000
0.0000
0.0000
0.0000
0.0000
0.0000
0.0000
0.0000
0.0000
0.0000
0.5097
0.0000
2.2030
0.0000
0.0000
0.0000
0.0000
0.0000
0.0000
0.0000
1.1946
0.8388
0.0000
0.0000
0.0000
0.0000
0.0000
0.0000
0.0000
0.0000
0.0000
2.4620
0.1906
0.0000
0.4870
0.0000
0.0182
0.0000
0.0000
2.2156
0.0000
1.2513
0.4661
0.0000
0.0000
0.0000
3.4450
0.0000
0.0000
0.3686
0.0000
0.0000
0.0000
2.4542
0.0000
0.6437
0.0000
0.0000
2.3557
0.0000
1.1032
0.0000
0.0000
0.0000
0.0789
0.0000
0.0000
1.9667
2.9187
0.0000
0.0000
0.0000
0.0000
0.0000
0.0000
0.0000
0.0000
2.4649
0.0000
0.0000
0.1237
0.0000
0.0000
0.0000
0.9364
0.6219
0.0000
0.0000
0.0000
0.0000
0.0000
0.0000
0.0000
1.3260
0.6617
2.3636
0.0000
0.0000
0.0000
0.8934
0.0000
0.0000
0.0000
0.0000
0.0000
0.0000
0.0000
0.0000
0.0000
0.0000
0.0000
0.0000
0.0000
0.0000
0.5328
0.0000
0.0000
0.0000
2.7252
0.0000
0.6438
0.0000
1.6040
0.3064
0.0000
0.5160
0.0000
0.0000
0.0000
0.0000
0.0000
1.1476
0.0000
0.7292
0.0000
1.4664
1.0764
0.0000
0.0000
0.0000
0.0000
0.0000
0.6673
0.0000
2.8123
0.9852
0.0000
0.0000
0.0000
0.0000
0.0000
0.0000
0.4794
0.0000
0.0000
0.8889
0.3967
0.0000
0.0000
0.2241
0.0000
0.0000
0.0000
0.0000
0.0000
0.0000
0.0000
0.0000
0.0000
0.0000
2.3823
0.0000
4.0369
1.6803
0.0000
0.0000
0.0409
0.0000
0.0000
0.0000
0.0000
1.9663
0.0000
0.0000
0.0000
0.0000
0.0000
0.0000
0.0000
0.0000
0.0000
0.0000
0.0000
0.0000
0.0000
3.1731
0.0000
0.0000
1.2779
0.0000
0.7019
0.0000
0.0000
1.3128
0.0000
0.0000
0.0000
0.2795
0.0000
0.0000
0.0000
0.0000
1.6557
0.0000
0.3438
0.0000
0.0000
0.0000
0.5991
0.0000
1.2110
0.0000
0.0000
0.7215
0.0000
0.0000
0.1355
0.0000
0.0000
0.0000
0.0000
1.4677
0.0000
0.0000
0.0710
5.0560
0.0000
0.0000
0.0000
0.0000
0.0000
0.0000
0.0000
0.0000
0.3930
0.0000
0.0000
0.0000
0.0000
2.2462
0.0000
2.4067
1.9474
0.0000
0.0000
0.0000
0.0000
0.2410
0.0000
0.0000
0.0000
0.0000
0.0000
0.5634
0.0000
0.0000
0.0000
0.0000
0.5054
0.4990
0.0000
0.0000
0.0000
0.0000
0.0000
0.0000
1.8737
0.0000
0.0000
0.0000
0.0000
1.8423
0.0000
0.0000
0.0753
0.0000
0.0000
0.0000
0.0000
0.0000
0.0000
0.0000
0.0000
0.0000
1.0753
0.0000
0.0000
0.0000
0.0000
0.0000
0.0000
0.0000
0.0000
0.0000
0.0000
0.3023
0.3387
0.2889
0.0000
2.5692
2.3398
0.7622
0.0000
0.0000
0.0000
0.0000
0.0000
0.0000
0.0000
0.3207
0.0000
0.0000
0.0000
1.1361
0.0000
1.0150
0.0000
0.0000
0.0000
0.0000
0.4855
1.6712
0.0000
0.3443
0.0000
0.0000
0.0000
0.0000
0.0000
0.0000
0.0000
0.0000
0.6136
0.0000
0.0000
2.0678
0.0000
0.0000
0.0101
0.0000
0.0000
0.0000
0.0000
0.0000
0.2515
0.0000
0.0000
0.0000
5.5231
0.2455
0.0000
0.0000
0.0000
0.0000
0.0000
0.0000
0.0000
0.0000
1.1874
0.0000
0.0000
0.2301
0.0000
0.0368
0.0000
0.0000
1.1108
1.3062
2.1381
0.0000
1.2556
1.2619
3.6376
0.5445
0.4366
0.0000
0.0000
0.0000
0.0000
1.4567
0.0000
0.0000
0.0000
0.0000
1.8149
0.0000
0.0000
0.0000
0.0000
0.0000
0.8108
2.5865
0.0000
2.9620
0.0000
1.3769
0.0000
0.0000
0.0000
0.7724
0.0000
3.0735
0.0000
0.0000
2.0551
0.0000
1.4370
2.6364
0.0000
4.2863
0.0000
0.0000
0.0000
0.4582
0.0000
0.0000
0.0000
0.0000
0.0000
0.0000
0.0000
0.6202
3.7324
0.0000
0.5490
0.0000
0.0000
0.2406
1.1776
0.0000
0.0000
0.0000
0.3400
0.0000
4.1530
0.5079
2.5757
0.0000
0.0000
0.0000
2.3814
1.8003
1.4402
0.0000
1.2203
0.2870
0.0000
0.0000
0.0000
0.9777
0.0000
0.0000
0.4163
0.0000
0.0000
3.3062
0.0000
0.2390
0.0000
0.0000
0.0000
3.0806
0.0000
0.0000
0.0000
0.0000
0.0000
0.0000
0.0000
1.5880
0.0000
0.0000
0.0000
0.0000
0.0000
0.0000
0.0000
0.0000
0.0000
0.0000
0.0000
0.0000
0.0000
2.7752
0.0000
1.4246
0.0000
0.0000
0.9916
1.1799
0.7960
0.0000
0.0000
2.3832
0.0000
0.0000
0.0000
0.0000
0.0000
3.4538
0.0000
0.0000
0.2933
0.0000
0.0000
0.0000
0.0000
0.0000
0.0000
0.0000
0.0000
0.0000
0.0000
1.2770
0.0000
0.0000
0.0000
0.0000
0.0000
0.0000
1.2698
0.0000
2.5405
0.0000
0.0000
0.0000
0.6015
2.5561
0.0000
0.0000
0.0000
0.0000
0.0000
0.3333
0.2714
1.1954
0.0000
0.0000
0.0000
2.8753
0.0000
0.0000
0.0000
0.0000
1.1193
0.0000
0.0000
0.4029
0.3948
0.0000
0.0000
0.0000
0.0000
0.0000
0.0000
0.0000
0.0258
0.0000
0.0000
0.0000
0.0000
0.0000
0.0000
1.4935
0.0000
0.0000
0.4474
3.7366
0.1998
0.4742
0.0000
0.0000
0.1506
0.0000
1.7242
0.4745
0.0000
0.0000
0.1081
0.0000
0.0000
0.0000
0.0000
0.0000
0.0000
0.0000
0.0000
0.0000
0.0000
2.3495
0.0000
0.1409
0.0000
4.3565
0.0000
0.0000
1.9454
2.0899
3.5554
0.0000
0.0000
0.0000
0.0000
0.0000
1.2830
0.0000
0.0000
0.0000
0.0000
0.0000
0.0000
0.8204
0.0000
1.4575
0.0000
0.0000
0.0000
0.0000
0.0000
0.0000
0.0000
0.0000
0.0000
1.5349
0.4040
0.0000
0.0000
1.7179
0.0000
0.9790
0.0000
0.0781
0.0000
2.0594
0.7579
2.9583
0.7059
0.3580
0.0000
0.0000
0.0000
0.0000
0.6861
0.0000
0.0000
0.0000
3.5820
0.0000
0.0000
0.0000
0.0000
0.0000
0.0632
0.0000
0.0000
2.8327
0.0000
0.0000
0.0000
0.0000
0.0000
0.0000
0.0000
0.0000
0.0000
0.0000
0.0000
0.7840
0.0000
0.0000
0.0000
1.4515
0.0000
0.0000
0.0804
2.6124
0.0000
2.4077
0.0000
0.0000
1.2091
0.0000
0.0000
0.0000
0.0000
0.0000
1.7513
0.0000
0.0000
0.0000
0.0000
0.0000
0.0000
0.0000
0.0000
1.2856
0.0000
0.2051
0.0000
1.3139
0.0000
0.0000
0.0168
0.0000
0.0000
0.0000
0.0000
0.0000
0.0000
1.0281
0.0000
0.0000
2.3243
0.0000
0.5469
2.3786
0.0000
0.0000
0.0000
0.0000
0.0000
0.8104
0.0000
0.5330
0.0000
3.1882
0.1721
0.0000
0.3157
0.0000
0.0000
0.0000
0.0000
3.0102
0.0000
1.1044
0.0000
0.0000
3.1156
0.0000
0.0000
0.0000
0.4504
0.0000
0.0000
0.0000
0.0000
0.0000
1.0061
0.0000
0.0000
0.0000
0.0000
0.0000
0.0000
0.0000
0.6049
0.0000
0.0567
0.0000
2.1940
0.0000
0.0000
0.0000
0.0000
0.0000
0.0000
0.0000
0.0000
0.0000
0.0000
0.0000
0.0000
0.0000
2.4189
0.0000
0.4639
0.8577
0.1712
0.0000
0.0000
0.0000
0.0000
0.0000
0.0000
0.0000
0.0000
0.0000
0.0000
0.0000
0.0000
3.1010
1.6681
0.0000
0.5542
0.0000
0.7262
0.0000
0.0000
0.0000
0.0000
0.5515
0.0000
0.0000
0.0000
0.3747
2.8240
0.0000
0.0000
0.0000
0.0000
0.0000
0.0000
1.9121
0.0000
1.4511
0.0000
0.0000
0.0722
0.5640
0.0000
1.6102
3.1621
0.0230
0.2457
0.0000
0.0000
0.0000
0.0000
0.4606
0.0000
0.0000
0.0000
0.0000
0.0000
0.0000
0.0000
0.0000
0.0000
0.0000
1.9138
0.7229
0.1073
0.0000
1.6905
0.0000
0.0000
0.0000
0.0663
0.0000
1.5389
0.0000
0.0000
1.9516
0.2595
0.0000
0.0000
0.0000
0.0000
0.6972
0.0000
0.0000
0.0000
0.0000
0.0000
0.0000
0.0000
0.0000
0.0000
0.0000
1.5877
0.0000
1.9153
0.0000
0.0000
0.0000
0.0000
0.0000
0.0000
0.0000
0.0000
0.0000
0.0000
4.3788
0.0000
1.8214
0.3683
0.0000
0.0000
0.0000
0.4411
0.0000
0.0000
0.0000
0.0000
0.0000
0.0000
0.0000
0.0000
0.5361
0.0000
0.0000
0.0000
0.0000
0.0000
0.0963
0.0000
0.0000
0.3069
4.9604
0.2072
0.0000
1.5837
0.0000
0.6188
0.0000
0.6435
0.0000
0.0000
0.0000
0.0000
0.0000
0.0000
0.0000
0.0000
3.3695
0.8680
0.0000
0.4839
0.0000
0.0000
0.0000
0.5030
0.0000
0.0000
3.2604
0.4141
1.3923
0.0000
0.0000
0.0000
0.0000
0.5987
4.2585
0.7601
0.0000
0.0000
0.0000
0.0000
0.0000
0.0000
0.0000
0.0000
0.0000
0.0000
0.0000
0.0000
0.0000
0.0000
0.0000
3.1277
0.0000
0.0000
0.0000
0.0000
0.0000
0.5079
0.0000
0.0000
0.0000
0.0000
0.0000
0.0000
0.0000
1.4020
0.4272
0.0000
0.0000
0.0000
0.0000
0.0000
0.8309
0.1689
0.0000
1.9026
0.0000
1.2030
0.0000
0.0000
0.0797
0.0000
0.2721
1.1128
0.0000
0.0000
0.0000
0.0000
0.0000
4.8029
0.7953
0.0000
0.0000
0.0000
0.0000
0.0000
0.0000
2.1442
0.0000
0.0000
0.7587
0.0000
0.0000
0.9625
0.5240
0.7608
0.4540
0.0000
2.5590
0.0000
0.0000
0.0000
0.0000
0.0000
0.0000
0.0000
0.0535
0.0000
0.0000
2.9087
0.0000
0.0000
1.0663
0.0000
0.0000
0.0000
0.0000
0.0000
0.0000
1.2161
0.0000
0.0000
0.0000
0.0018
1.0277
1.0632
0.0986
0.0859
0.0000
0.0000
0.0000
0.5566
0.0000
0.0000
0.0000
2.4383
3.0172
0.0000
0.0000
0.0000
0.1418
0.0000
0.0000
0.0000
0.0000
0.0000
0.0000
0.0000
0.0000
0.0000
1.8396
0.0000
0.7327
0.0000
0.0000
0.9312
0.0000
0.7513
0.0000
0.4362
0.0000
0.0000
0.9398
1.8629
5.4315
0.0000
0.0000
0.0000
0.0000
0.0664
0.0000
0.0000
0.0000
0.0000
0.0000
0.0000
0.3932
0.0000
0.0000
0.0000
0.0000
0.1729
0.0000
0.0000
0.0000
0.0000
0.0000
0.0000
0.2291
0.5385
0.0000
0.0000
0.0000
0.0000
0.0000
0.0000
0.0000
0.0000
0.0000
0.0000
0.0000
0.0000
0.0000
0.0000
0.0000
1.3705
0.0000
0.6533
0.0151
2.3610
0.0000
1.1867
0.0000
3.5970
0.0000
0.0000
0.0000
2.7867
1.6854
0.0000
1.0315
2.6820
0.2610
0.0000
0.0217
3.6178
0.0000
0.0000
0.0000
0.0000
0.0000
0.0000
0.0000
0.9396
0.0000
0.0000
0.2322
0.0000
0.1736
0.0000
0.0000
0.1863
0.0000
0.0000
0.0000
0.0000
0.0000
0.0000
0.0000
4.4518
0.0000
0.0000
2.3244
0.0000
0.0000
2.0695
0.0000
0.0000
0.2207
1.8814
1.7292
0.0000
0.0267
0.0000
3.0430
0.5236
0.0000
2.0720
0.0000
0.0000
1.2091
0.0000
0.0000
0.1983
0.0000
0.0000
1.2428
0.0000
1.8067
0.0000
0.0000
1.6911
0.0000
2.4731
0.0000
0.0000
0.0000
0.0000
0.0000
0.0000
0.0000
0.0000
0.0000
0.3922
2.3121
0.0000
0.6748
0.0000
0.0587
0.0000
0.0000
0.0000
0.0000
0.0000
0.0000
0.0000
0.0000
0.0000
0.3568
0.0000
0.0000
4.1536
0.0000
0.4179
0.0000
0.0000
0.0000
0.0000
0.0000
0.2872
0.0000
0.0000
0.0000
0.0000
0.0000
2.8378
0.0000
0.0000
0.0000
0.0000
1.5210
0.0000
1.0120
1.7782
1.6694
0.0000
0.0000
0.0000
0.0000
0.6121
0.0000
1.7466
0.0000
1.0493
0.0000
0.0000
0.0000
0.0000
0.1147
0.0000
0.0000
0.0000
0.0000
0.0000
0.4966
0.0000
1.5632
0.0000
0.0000
0.0000
0.0000
0.0000
0.0000
0.0000
0.7809
0.0000
0.0000
0.0000
0.0000
0.0000
0.0000
0.9533
0.1224
0.0000
0.0000
0.0000
0.0000
0.0000
0.6943
0.0000
0.4094
0.0000
2.7713
0.0000
0.1696
0.0000
1.9422
0.0000
0.0000
0.0000
1.4689
1.2942
0.0000
0.0000
0.0000
3.2335
0.0000
0.4883
0.0000
0.0000
0.0000
3.0773
0.0000
0.0000
0.0000
0.0000
0.6326
0.0000
0.5702
0.4832
0.0000
0.0000
0.0000
0.8774
0.0000
0.0000
0.0000
0.6280
0.0000
0.2738
0.0000
0.0000
0.4970
0.0000
1.5396
2.2097
0.0000
0.7996
0.0000
0.0000
0.1094
0.0000
2.3968
5.1878
0.0000
0.0000
0.0000
0.0000
0.0000
0.0000
1.5748
0.0000
0.0000
0.0000
0.0000
1.3726
0.0000
0.0000
0.0000
0.0000
0.0000
0.0000
0.0000
0.8245
0.0000
0.0000
3.5366
2.1352
0.0000
0.0000
0.0000
0.0000
0.0000
0.0000
0.0000
0.0000
2.1117
0.0697
0.0000
1.4934
3.2294
0.0000
0.0000
0.0000
0.3845
2.0989
0.0000
0.0000
1.7313
0.0000
0.0000
0.0000
0.0000
0.0000
1.7964
0.0000
0.0000
0.0000
1.8873
3.0104
0.0000
3.7315
0.0000
0.0000
0.0000
0.0000
3.1628
0.0000
0.0000
0.0000
1.0908
1.4561
0.0000
0.0000
0.0000
0.0000
0.0000
0.0000
0.7428
0.0000
1.6482
0.0000
0.0000
0.0000
2.2477
1.2825
0.0000
0.0000
0.0000
0.8535
0.7356
0.0000
0.0000
0.0000
0.0000
0.2199
0.0000
0.0000
0.0000
0.0000
0.0000
0.0000
0.0000
1.1650
0.0000
0.0000
0.5537
1.7709
0.0000
1.5291
1.3145
0.0000
0.0000
0.7239
0.0000
0.7016
0.0000
0.0000
0.0000
3.7641
0.0000
0.0000
0.0000
0.0000
0.0000
0.0000
0.0000
0.0000
0.0000
0.0000
0.0000
0.0000
0.0000
0.0000
1.5946
0.0000
0.8236
0.0000
0.0000
0.0000
0.0000
0.0000
1.8556
0.0000
0.0000
1.2381
0.0000
0.0000
0.0000
0.0000
0.0000
0.0000
0.0000
0.0000
0.0000
0.0000
0.0000
0.7485
0.1622
1.0587
1.5029
0.0000
0.0000
0.0000
0.0000
1.3210
1.5920
0.4386
0.0000
0.0000
1.7555
2.3430
0.0000
3.4057
0.0070
1.5659
0.0000
0.0000
0.0000
0.3644
0.4363
0.0000
0.0000
0.0000
0.0000
1.5746
0.0000
3.0938
0.0000
0.0000
0.0000
0.0000
0.0000
2.3510
0.0000
0.7926
0.0000
0.0000
1.8428
0.0000
0.0000
0.0000
0.0000
0.0000
0.0000
0.0000
0.0000
1.9863
0.0000
0.0000
0.0000
0.0000
0.0152
0.0000
0.0000
0.0000
1.0799
0.0000
0.0546
2.2735
2.1863
0.0000
0.0000
0.0000
0.0000
0.0000
0.0000
0.0000
0.0000
0.9644
0.1410
1.7896
0.0000
0.0000
0.0000
0.0000
0.6685
0.0000
0.0000
0.0000
0.0000
0.0000
0.0000
0.0000
0.0000
0.0000
0.0000
0.0000
1.7409
0.0000
0.0000
1.0818
0.0000
0.0000
0.7912
0.0000
0.5599
0.0000
1.9901
0.0000
0.0000
0.0000
0.6641
0.0000
0.0000
0.0000
0.1280
0.0000
0.0000
1.1339
0.0000
0.0000
0.0000
0.0000
0.0000
0.0000
0.0000
0.0000
0.0000
0.0000
0.2021
0.0000
2.0483
0.0000
0.0000
0.0000
2.5122
0.6227
0.0000
0.0000
3.2482
0.0000
0.0000
0.4808
0.0000
0.0000
0.0000
2.2092
1.2364
0.0000
0.0000
0.0000
0.0000
4.2680
0.0000
0.8577
0.0000
0.3258
0.0000
1.6615
1.1673
0.0000
2.0486
0.0000
0.0000
0.0000
0.0000
0.0000
0.0000
0.0000
0.3305
0.0000
0.0000
0.0000
0.0000
0.0000
0.0000
0.0000
0.2580
0.0000
0.0000
0.0000
0.0000
0.0000
0.0000
0.0000
0.0000
0.0000
1.2355
0.0000
0.0000
0.0435
0.0000
0.0000
0.0000
0.0000
1.9711
0.0000
0.0000
3.1801
0.0000
1.0549
0.0000
0.2110
0.0000
0.0000
0.4410
0.4039
0.0000
0.0000
0.0000
0.0000
0.0000
1.6774
0.0000
0.0853
0.5263
0.0267
0.0000
0.1305
0.0000
0.0000
0.0000
0.6732
0.0546
1.3237
2.3244
0.3748
0.0000
0.0000
1.0177
1.6435
0.0000
0.0000
0.0000
0.0000
0.0000
0.0000
0.0000
2.1240
1.9318
0.0000
0.0212
0.0000
3.0739
5.9699
0.0000
0.0000
0.0000
0.0000
0.0000
0.0000
0.0055
0.0000
0.0000
0.0000
0.0000
0.3528
0.0000
0.0000
0.0000
0.0000
0.0000
0.0000
0.0000
0.9813
0.0000
0.1524
0.0000
0.0000
0.3600
0.0000
1.8962
0.0000
0.0000
2.0514
0.0000
0.0000
0.0000
1.5407
0.2208
0.0000
2.0618
0.0000
2.6285
0.0000
2.3725
0.0000
0.0000
0.2591
0.0000
0.0000
0.0000
0.0000
0.1013
0.2603
0.0000
0.0000
2.1454
0.0000
0.0000
0.0000
0.0000
0.4967
0.0000
0.0000
0.3974
0.0000
0.0000
0.0000
0.0000
0.8448
0.0000
0.0000
0.0000
0.0000
0.7370
0.0000
0.0000
0.0000
0.0000
0.0000
0.0000
0.0000
0.0000
0.0000
0.0000
0.0835
0.0000
4.3268
0.0000
0.0000
3.6137
0.0000
0.0677
0.0000
0.0000
0.5753
0.0000
0.0000
0.0000
0.7181
1.2282
0.0000
0.0000
0.0000
0.0000
0.0000
0.0000
0.0000
0.0000
0.0000
0.0000
0.0000
1.4598
0.0000
0.0000
0.0000
0.0000
0.0000
0.0000
2.2747
0.0000
0.7957
0.0000
0.0000
0.4414
0.0000
0.0000
0.0000
0.0000
1.0480
0.2449
0.0000
0.0000
0.9686
0.0000
0.0000
0.0000
0.0000
3.9027
0.0000
0.0000
0.1720
0.0000
0.4949
2.8053
0.0000
0.0601
0.0000
0.0000
0.0000
0.5715
0.0000
1.8662
0.0000
0.0000
0.2977
0.0000
0.0000
0.0000
0.0000
0.0000
1.7460
0.0000
0.0000
0.0000
0.0000
0.0000
1.3627
0.0000
0.0000
1.9333
0.0000
0.6912
0.0000
0.0000
0.0000
1.4527
0.0000
2.8878
0.0000
1.8399
1.3872
0.8345
0.1099
2.9543
0.0000
0.2344
0.0000
0.0000
0.0000
0.0000
0.7884
1.5345
0.0000
0.0000
1.9127
0.4726
0.0000
0.0000
1.2515
0.0000
0.0000
0.0000
0.0000
0.0000
0.0000
0.5842
0.0000
0.0000
0.0000
0.0000
0.1044
0.2418
1.3041
1.2580
0.0000
0.0000
0.0000
0.0620
0.0000
0.0000
0.0000
0.0000
1.3199
0.0000
0.1896
0.0000
0.0000
0.0000
0.0000
0.0000
3.0746
0.0000
0.0000
0.0000
0.0000
0.1926
0.0721
0.0000
0.0000
0.0000
3.4811
0.0000
0.0000
0.0000
0.0000
3.7470
0.5269
0.0000
3.4382
0.0000
0.0000
0.0000
0.0000
0.0000
4.4805
0.0000
3.8903
3.6464
0.0000
0.0000
0.0000
1.9872
0.0000
1.2523
0.0000
0.0000
0.0000
0.0000
0.0000
3.0519
0.0000
0.0000
0.5201
0.0000
0.0000
0.0000
1.6800
0.0000
0.0000
0.0000
2.3438
0.0000
0.0000
0.7766
0.8776
1.0074
0.7401
0.0000
0.0000
0.0000
0.0000
0.0000
0.0000
1.9668
1.9200
0.0928
0.4469
1.1719
0.2541
1.2204
0.0000
0.0000
0.0000
0.0000
0.0000
2.6691
0.0000
2.5374
3.5521
0.0000
0.0000
0.0000
0.0000
0.6241
2.3517
0.0000
0.2128
0.0000
0.0703
0.0000
2.5146
0.1117
0.5083
0.0000
0.0000
0.0000
1.5728
0.0000
0.4616
0.0000
0.0000
1.0212
0.0000
0.2079
1.0582
0.0000
0.0000
2.3402
0.0000
0.0000
0.0000
0.0000
0.0000
0.0000
0.0000
0.0000
0.0195
2.3231
0.0000
0.5200
0.0000
0.0000
0.0000
0.0000
0.9070
0.0000
0.0000
0.0000
0.0000
0.0000
0.0000
0.2117
0.0000
0.0000
0.9220
0.0000
0.0000
0.0000
0.7376
0.0000
0.0000
0.0000
0.0000
1.0565
0.1749
1.1080
0.7161
0.0000
1.4818
0.0000
0.0000
0.2703
0.0000
0.0000
0.0000
0.0000
0.0000
0.0000
3.0725
0.0000
0.0000
0.9650
0.0000
0.0000
0.0000
0.0000
0.0000
0.0000
0.0000
0.0000
0.0000
0.0000
0.0000
0.0000
0.2154
1.2016
0.0000
2.2917
0.0000
0.0000
0.0000
0.1957
0.0000
0.1077
0.0000
0.0000
0.0000
1.3130
0.0000
0.0000
3.7880
0.0000
0.0000
0.0000
0.0000
1.9426
0.4182
2.7524
0.0000
0.0000
0.0000
2.6699
0.0000
1.0588
0.0000
1.4637
0.0000
0.4705
0.0000
0.0000
0.0000
0.0000
0.0000
0.0000
2.4113
0.0000
0.0000
0.0000
0.0000
0.0000
0.0000
0.2852
1.0222
3.1841
1.9944
1.1227
0.0000
0.0000
0.0000
0.0000
1.7580
0.4687
0.0000
0.0000
0.0000
0.0000
0.0000
0.0000
2.8115
0.4079
0.2184
0.0000
0.0000
0.0000
3.0119
0.0000
0.0000
0.0000
0.0000
0.0000
0.0000
0.0000
0.0000
0.5631
0.0000
0.0000
0.0000
0.0000
0.0000
0.0000
0.0000
1.6273
0.0976
0.0000
0.0000
0.0000
0.0000
0.0000
0.0000
4.8927
0.0304
0.0000
0.0000
0.7198
0.0000
0.0000
1.1617
1.5857
0.0000
0.0000
0.0000
4.4230
0.0000
0.0000
0.0000
0.0000
0.0000
0.5321
1.7493
1.5985
0.0000
0.0000
3.7914
0.1262
0.7735
0.0000
0.0000
0.2198
0.0000
0.0000
0.0000
1.1712
0.0000
0.0000
0.0000
0.0000
0.0000
0.1732
0.0000
0.0000
0.0000
0.0000
0.0423
0.0000
0.0000
0.0000
0.0000
1.3145
0.6901
1.2870
0.0000
0.0000
1.4012
0.0000
0.0000
1.3415
0.0000
0.3251
0.0000
0.0000
0.0000
0.3073
0.0000
0.0000
0.0000
0.0000
0.0000
0.0000
0.0000
0.0000
0.0000
0.0000
2.5876
0.0000
0.8453
0.0000
0.0000
2.1470
0.0000
0.0000
0.0000
0.0000
0.9582
0.0000
0.0000
0.0000
0.0000
0.0000
0.0000
2.6812
1.7070
0.0000
0.3119
0.5956
0.0000
0.0000
0.0000
0.0000
0.0000
0.0000
0.0000
0.0000
0.0000
0.0000
0.0000
0.0000
0.0000
0.0000
0.0000
0.0000
0.0000
0.0000
0.0000
0.0000
1.0429
1.5785
0.4408
0.0000
0.4144
0.0000
0.0000
3.3677
0.0000
1.3279
1.6678
2.5361
0.0000
1.5364
0.0000
0.0000
0.0000
0.0000
0.0000
0.0000
0.3677
0.0000
0.0000
0.0000
0.0000
2.0706
0.0520
0.0681
0.0000
1.4011
1.2194
0.0000
0.0000
5.8465
0.7218
0.0000
1.9964
0.0000
0.0000
0.0000
5.4346
0.0000
0.0000
0.0000
0.0000
0.0000
0.0000
0.0000
3.0447
0.0000
0.0000
2.0093
0.0000
0.0000
0.0000
0.0000
0.0000
0.0000
1.7024
0.0000
0.0000
0.0000
0.0000
0.0000
2.2491
0.0000
0.6239
0.5987
0.8378
0.0000
0.0000
0.3773
0.0000
0.0000
2.3124
0.0000
0.0000
0.0000
0.0000
0.0000
2.2659
0.0000
0.0000
0.0000
0.0000
0.0000
1.0907
0.6536
0.0000
0.0000
0.0000
0.0000
0.0000
0.0000
0.0000
0.0000
0.0000
0.2036
0.0000
1.8625
0.0000
0.0000
0.0000
0.0000
0.0000
0.0000
0.0000
3.1152
0.0000
0.0000
1.5780
0.0000
2.0565
0.0000
0.2676
0.0000
0.0000
0.9113
0.0000
0.0000
0.0000
0.0000
0.0000
2.0774
0.0000
0.0000
0.0000
1.4042
0.2864
0.0000
2.2072
1.5106
0.4269
0.0000
0.4285
0.0000
0.0000
0.4552
2.8072
0.0000
0.0000
0.0000
1.6117
0.0000
0.0000
2.8589
0.0000
0.6882
0.9926
1.2492
0.0000
0.0000
0.0000
0.0000
0.0000
0.0000
0.0000
0.0000
1.1758
0.0000
0.0000
0.0000
0.0000
0.0000
0.0029
0.0000
0.0000
0.0000
0.0000
0.0000
0.0000
0.0000
1.2261
0.2197
0.0000
0.0000
4.4765
0.0000
0.9663
0.0000
0.0000
0.0000
0.0000
0.0000
0.0000
0.0000
1.9511
0.0000
0.0000
1.3175
0.0000
0.0000
0.0000
0.0000
0.0000
0.0000
0.0000
0.0000
0.0000
0.0000
0.0000
0.0000
0.0000
0.0000
0.0000
0.9361
0.6753
0.0000
0.0541
0.0000
0.0000
0.2346
0.0000
0.0884
0.0000
0.0000
0.1857
0.0000
0.0000
0.8664
2.0933
0.0000
0.0000
0.0000
0.0000
0.0000
0.0000
0.2864
0.0000
0.0000
0.0000
2.0681
2.1743
0.0465
0.0000
0.5311
0.0000
0.0000
1.3696
0.0000
0.0000
0.0000
0.0000
0.0000
0.0000
0.0000
0.0000
1.2822
0.0000
0.0000
0.0000
0.0000
0.0000
0.0000
0.0000
0.0000
0.0000
0.0000
0.0000
0.0000
1.5543
0.0000
0.1600
0.0000
1.0451
0.0000
0.3780
0.0000
0.0000
0.9701
0.0000
0.0000
0.0000
0.0000
2.1487
0.5255
1.8418
0.0000
0.0000
0.0000
1.5949
0.0000
2.8276
0.0000
0.0000
0.0000
0.0000
0.0000
0.2545
0.0000
0.0000
0.0000
0.0000
0.0000
1.7759
0.0000
0.0000
0.0000
0.0000
0.0000
0.0000
0.0000
0.0000
0.0000
0.7381
0.0000
0.2214
0.0000
0.3855
0.0000
0.0000
0.0000
0.0000
0.0000
0.0000
0.0000
0.0000
0.0000
0.0000
0.0000
0.0000
0.0000
0.0000
3.2334
0.0000
1.5253
0.0000
0.0000
1.1845
0.0000
0.0000
0.0000
0.0000
0.0000
0.0000
0.0000
0.0000
0.0000
0.0000
0.0000
0.0000
0.0000
0.0000
0.3323
0.0000
0.0000
0.0000
0.0000
0.0000
0.0000
0.0000
0.0000
0.0000
0.0000
0.0000
0.0000
1.2127
0.0000
0.0000
0.0000
0.0000
0.0000
0.0000
0.0000
0.0000
0.4055
0.0000
0.3711
0.0000
0.0000
0.0000
0.0000
0.1501
1.0145
0.0000
0.0000
0.2583
0.3168
2.3568
0.2421
0.0000
0.0000
0.0000
0.0000
0.0000
0.0000
1.4799
0.5730
2.1197
0.0000
0.0000
0.0000
1.8070
0.0000
2.1607
0.0000
1.1509
0.1447
0.0000
0.0000
0.9771
0.0000
2.0782
0.0000
0.6299
0.0000
0.6514
0.0000
0.0000
0.3856
0.0000
0.1988
3.6017
0.0000
0.0000
0.4616
0.0000
3.6627
0.0000
0.1835
0.0000
0.0000
0.0000
0.0000
0.0000
1.9969
1.7177
0.0000
0.4478
0.0000
0.1983
0.0000
0.0416
1.0214
2.5122
0.0000
0.0000
0.0000
0.0000
0.0000
4.3065
0.0000
0.0000
0.0000
0.0000
2.1029
0.0000
0.0000
0.0000
0.0000
0.0000
0.0000
0.6281
0.0000
0.0000
0.9454
0.0000
0.0000
0.0000
0.0000
0.0000
0.0000
1.8359
0.0000
0.0000
0.0000
1.6176
0.0000
0.0000
0.0000
0.0000
0.0000
0.0888
0.4746
2.1004
0.0000
0.0000
0.0000
0.0630
0.0000
0.8552
0.0000
0.0000
0.0000
0.0000
0.0000
4.0126
0.0000
0.0000
0.0000
0.0000
0.0000
0.0000
1.5207
0.2442
0.0000
0.0000
0.5941
0.0000
0.0000
0.0000
0.0000
2.9289
3.7855
0.0000
0.0000
0.0000
0.0000
0.0000
0.0000
0.0000
0.0000
0.0000
0.8329
0.0000
0.0000
0.5244
0.0000
2.2186
0.0000
0.0000
0.0000
0.0000
2.4268
1.9737
0.0000
1.9341
0.0000
0.0000
0.0000
0.0429
0.0000
3.8648
0.0000
2.6575
0.0000
0.0000
0.0000
0.0000
2.1578
0.0000
0.0000
1.1644
0.2081
0.0000
0.0000
0.0000
0.0000
2.8828
0.0000
0.0000
0.0000
0.0000
0.0000
0.1886
0.0585
0.0000
0.0000
0.0000
0.6838
0.0000
1.8683
0.9262
0.0000
0.9422
0.0000
0.0000
0.0000
0.8714
0.0000
1.0544
1.6432
0.3560
1.9820
0.0000
0.0000
0.0704
0.0000
0.0000
0.0000
0.0000
0.0000
1.3419
0.0000
0.0000
0.0000
0.0000
1.0066
0.0000
0.0000
0.0000
0.0000
0.0000
0.0000
1.8939
1.0981
1.1744
0.0000
0.0000
1.7179
0.0000
0.9954
0.0000
0.4883
1.8167
1.4043
0.0000
0.0000
0.0000
0.0000
1.3445
0.0000
0.0000
0.6914
0.9894
0.0000
1.3153
0.0000
0.0000
0.0000
0.0000
0.2437
0.0000
0.0000
0.0000
3.0574
0.0000
0.0000
0.0000
0.0000
0.0000
0.3077
1.2045
0.0000
0.0000
0.0000
0.0000
0.0000
0.0000
0.7074
1.3197
2.5548
0.0000
0.0000
1.5068
0.0000
0.0000
0.0000
0.0000
0.0000
0.0000
0.0000
0.0000
0.0000
0.7703
0.0000
0.0000
0.0000
0.0000
0.0000
2.0472
0.0000
0.4907
1.5547
0.0000
0.0000
0.0000
0.0000
1.6098
0.0414
0.0000
0.0000
0.0000
0.0000
0.7716
1.9660
0.0000
0.0000
0.0000
0.0000
0.0604
0.0000
0.7962
0.0000
0.0000
0.0000
0.4110
0.0000
0.0000
0.0000
0.0000
0.0000
0.0000
4.0946
0.3557
0.0000
1.0697
0.0000
0.0000
0.0000
0.0000
0.0000
1.3600
0.0000
0.0000
0.1240
1.0179
5.8614
0.0000
2.3862
0.0000
0.0000
0.0000
0.0000
0.0000
0.0000
0.0000
0.0000
0.0000
0.1694
0.0000
2.6219
0.0000
0.0000
0.3669
0.0000
1.3769
1.7567
0.8216
1.6286
0.0000
0.0000
0.0000
0.0000
0.6529
0.1136
0.3400
0.0000
0.0000
0.0000
0.0000
0.0000
0.0000
0.0039
0.0000
0.0000
0.0000
0.0000
0.0000
0.0000
0.0000
0.1161
0.5967
0.0000
0.0000
0.6548
0.0000
0.4028
0.0000
2.3247
0.0000
0.0000
1.2298
0.3189
0.0000
0.0000
1.3766
0.0000
0.0000
0.0000
0.0000
1.8015
2.4284
1.4206
0.0000
0.0000
0.0000
0.0000
0.7969
0.0000
0.0000
0.0000
0.8675
0.0000
0.0000
0.0000
0.0000
0.0000
1.0213
1.1389
0.0000
0.0000
0.0000
0.0000
3.7850
0.0000
0.0000
3.6785
0.0000
0.0000
0.2580
0.0000
0.7120
0.0000
0.0000
0.0000
0.0000
0.0000
1.3423
0.0000
1.8651
3.3077
0.7335
0.0000
1.1207
0.0000
0.0000
0.0000
0.0000
0.0000
0.0000
1.2944
2.7983
0.0000
0.5463
0.4774
0.0000
0.0000
0.0000
0.0000
0.0000
0.0000
0.0000
0.0000
0.0000
0.0000
0.3675
0.0000
0.0000
0.0000
0.0000
0.0000
0.0000
0.0000
0.0000
0.0000
2.0240
0.0000
0.0000
0.0000
0.0000
0.0000
1.4670
0.0000
0.0000
0.0000
0.0000
0.0000
0.1437
0.0000
0.0000
0.0000
0.2246
0.0000
0.0000
0.0000
0.2893
0.0000
2.8611
1.8286
0.0000
0.0000
0.0000
3.6820
0.0000
0.0000
0.0000
0.0000
0.7658
0.5532
0.0000
0.0000
0.3528
4.9444
0.5594
0.0000
0.0000
0.0000
0.0000
0.0000
0.0000
0.0000
0.6696
0.0000
0.0000
0.0000
2.1324
0.0000
0.0105
0.0000
0.0000
0.0000
0.0000
4.5953
0.0000
0.0000
0.0000
0.0000
3.6555
0.0000
0.0000
0.0000
2.3373
0.0000
0.0000
0.0755
0.0000
0.0000
0.0000
0.0000
0.0000
0.0000
2.6869
0.0000
2.6289
0.0000
0.0000
1.4290
0.0000
1.7420
0.0000
2.3923
0.0000
1.1272
0.9648
0.0000
0.0000
0.0000
1.3054
0.0000
0.0000
0.9127
0.0000
0.0000
0.0000
0.0000
0.0000
0.0000
0.0000
0.0000
0.0000
0.0000
1.4720
0.3569
0.0000
0.1396
0.0000
0.0000
1.6051
0.0000
0.0000
3.1346
0.8513
0.0000
0.0000
2.3364
0.0000
6.1323
0.0000
0.0000
0.0000
4.3968
0.0000
0.0000
0.0000
0.0000
0.0000
0.0000
0.0000
1.5115
0.8584
0.7399
1.7761
0.0000
0.0000
3.3159
0.0000
0.0000
0.0000
0.0000
0.0000
1.6107
0.0000
0.0000
1.2197
0.0000
0.1182
0.0000
2.4392
0.0000
1.0269
0.2911
0.0000
0.0000
0.0000
2.0905
3.0461
0.6932
0.0000
0.1259
0.0000
2.9161
0.0573
0.0000
0.0000
0.0000
0.0000
0.7372
0.0250
0.0000
0.0000
0.0000
0.0000
0.0000
0.0000
0.0000
0.2356
1.4435
0.4598
0.0000
0.8872
1.5469
0.0000
3.4248
0.0000
0.5246
1.4558
0.0000
0.0000
0.0000
0.0000
0.0000
0.0000
0.1148
0.0000
0.0000
0.0000
0.0000
0.3448
0.7684
0.0000
0.0000
0.0000
1.8085
0.0000
0.0267
0.0000
1.0213
0.0000
2.6281
0.7107
1.7981
0.0000
0.0000
2.2993
0.0000
0.0000
0.0000
0.0000
0.5236
1.7673
0.0000
0.0000
1.4804
0.0000
0.0000
2.7862
0.0000
0.5109
0.0000
0.0000
1.9238
0.0000
0.0000
0.0000
1.6459
0.0000
0.8966
2.1313
0.0000
3.7224
0.0000
0.2741
0.0000
0.9089
1.3526
0.0000
0.0000
0.0000
0.0000
0.0000
0.0000
0.0000
0.0000
1.2235
0.0000
0.0000
0.0000
0.0000
0.0000
0.0000
0.0000
0.0000
0.6234
0.0000
0.0000
0.0000
4.2778
0.0000
2.1230
1.6643
2.3006
0.0000
0.0000
0.0000
0.0000
0.0000
0.0000
0.0000
0.0000
0.4930
0.0000
3.6984
0.0000
0.0000
3.0047
1.0560
0.4853
0.0000
0.0000
2.8471
0.0000
0.0000
0.0000
0.0000
0.0000
0.0000
1.4872
0.0000
0.1984
0.0000
0.0000
0.0000
0.0000
0.0000
0.0000
0.0549
0.0000
0.9024
0.0000
0.0000
2.2778
0.0000
