0.1186
0.0000
0.0000
0.0000
3.0660
0.6788
0.0000
0.0000
0.2917
2.2914
1.5225
0.0000
1.0100
0.0000
0.0000
0.0000
0.0000
0.0000
0.0000
0.2574
0.0000
0.0000
2.0128
0.0000
2.6887
0.0000
0.0000
0.0000
0.0000
0.0000
0.0000
0.0000
0.9303
0.2242
0.5132
0.0000
0.0000
0.0000
1.7146
2.1473
0.0000
0.0000
0.0000
0.0000
0.0000
1.1159
0.0000
0.0000
0.0000
1.1625
0.0000
0.0000
0.0000
0.0000
0.0000
0.0000
0.0000
0.0000
0.0000
0.0000
0.0000
1.3845
0.0000
2.4371
0.0000
0.0000
0.0000
0.0000
2.8781
0.0000
0.0000
3.3297
0.0000
0.0000
0.0000
1.3958
0.0000
0.0000
0.0000
0.0000
0.0000
0.0000
0.1428
0.0000
0.0000
0.0000
1.3521
1.0413
0.0000
0.0000
0.1579
0.0000
0.0000
2.3482
0.0000
0.0000
0.0000
0.0000
2.4791
0.0000
0.7512
0.0000
0.0623
0.0000
0.0000
0.0465
0.0000
0.0000
1.2651
0.5584
0.0000
0.0000
0.0000
0.0000
0.0000
0.0000
0.1773
0.0000
0.0000
0.0000
1.4982
0.2317
4.0227
0.0000
0.8171
0.0000
0.0000
0.0000
0.0000
1.5742
0.0000
0.0000
0.0000
0.0000
2.4745
0.0000
0.2967
3.2332
0.0000
1.4535
3.3152
0.0000
0.6775
0.0000
1.8289
0.0000
0.0000
2.7943
2.2210
0.0000
0.0000
0.9092
2.0186
0.0000
0.0000
0.0000
0.0000
0.0000
0.1587
0.0000
0.0000
0.0000
1.0441
0.0000
0.0000
1.8604
0.0000
0.8107
0.0000
2.8339
0.0000
0.3616
0.0000
0.0000
0.0000
0.0000
0.0000
0.0000
0.0000
6.2877
3.9523
2.7559
0.0000
0.0000
0.0000
0.0000
1.3474
1.7662
0.0000
0.8735
0.0000
0.0000
0.0000
0.0000
1.8356
0.0000
0.0000
0.0000
2.2571
0.7599
0.0000
0.3437
0.0000
0.0000
0.0000
0.0000
0.0000
0.0000
0.0000
0.0000
0.0000
0.0000
0.0000
2.2478
0.7197
0.0000
0.0000
0.0000
1.1123
0.3346
0.2632
0.0000
0.0000
0.0000
2.0144
0.0000
0.0000
0.3786
0.0000
0.0000
0.0000
0.0000
0.0000
0.0000
1.1766
0.0000
0.0000
0.6458
1.4466
0.0000
0.0000
0.0000
0.0000
0.0000
0.0000
0.0000
0.0000
0.0000
0.0000
0.0000
0.0000
0.0000
0.0000
0.2935
0.0000
1.5349
0.0000
0.0000
1.2408
0.3973
0.0000
0.5805
0.0000
0.0000
0.0000
0.0000
3.1720
0.0911
0.0000
0.0179
1.6140
0.0000
0.6780
0.0000
0.7854
0.0000
0.0000
0.0000
3.2163
0.0000
1.6004
0.3038
1.8699
0.0000
0.5874
0.0000
0.0000
0.3971
0.0000
0.0000
0.0000
0.0000
0.0000
0.0000
2.2999
0.0000
0.0000
0.0000
0.0000
2.3289
0.0000
0.0000
0.0000
0.0000
0.0000
0.0000
0.0000
0.0000
0.0000
0.0000
0.0000
0.5984
0.0000
0.0000
0.6666
0.0000
0.0000
0.0000
0.0000
0.8896
0.0000
1.5039
0.0000
0.0749
0.0000
0.8903
0.0000
0.0000
0.0000
1.3042
0.0000
1.4338
0.0000
0.0000
1.1924
2.2249
2.6468
0.0000
0.0000
3.6059
0.0000
0.0000
0.0000
0.0000
0.0000
3.9447
0.0000
1.2048
0.0000
0.0000
0.0000
2.5225
4.1367
0.0000
2.9197
0.0000
0.0000
0.0000
1.2249
0.0000
0.0000
0.0000
0.0000
0.0000
0.0000
0.0000
0.0000
0.0000
0.0000
0.1456
0.0000
0.0000
0.0000
0.0000
0.0000
0.4017
0.0000
1.9882
0.0000
0.0000
3.7345
0.0000
0.3919
0.0000
0.0000
0.0000
1.6051
0.0000
0.0000
0.0000
0.3797
0.0000
0.0000
0.0000
0.0000
0.3748
0.0000
0.0000
1.0311
0.3526
0.0000
0.0000
0.0000
0.0000
0.0000
0.4162
0.0000
0.0000
2.6369
0.0000
0.0000
0.0000
0.0000
3.9784
2.2272
0.0000
0.0000
0.0000
0.2704
0.0000
0.6356
0.0000
0.0000
0.0000
0.0000
0.0000
0.0000
0.1369
0.0000
0.0000
0.0000
0.0000
0.0000
0.0000
0.0000
0.0000
0.0000
0.0000
0.0000
0.0000
1.4959
0.1837
0.0696
0.0000
3.9611
0.5930
0.0000
0.0000
0.0000
0.0000
0.0000
0.0000
0.5149
0.1319
0.0000
0.4258
0.0000
0.4264
0.0000
0.0000
0.0000
0.0000
1.2990
0.0000
0.0000
0.0000
0.0000
0.6309
0.0000
0.2329
0.0000
1.0484
0.0000
2.2346
0.0000
0.0000
1.2391
0.0000
1.3457
0.0000
2.7218
0.2978
0.6641
0.0000
0.4825
0.0000
0.0000
0.5390
0.0000
1.8727
0.0000
0.0000
0.0000
0.0000
1.9408
0.0000
0.0000
0.0000
0.0822
0.0000
0.0000
0.0000
1.9764
0.0000
0.0000
0.0000
0.0000
0.0000
0.0000
2.3348
0.0000
0.0000
0.0000
3.4227
0.0000
0.4070
0.0000
0.0000
5.3465
0.0000
0.0000
1.9358
0.0000
0.5331
0.0000
0.0000
1.2139
0.0000
0.0000
0.2604
2.2091
2.9239
0.0000
0.0000
1.2445
0.0000
0.0000
0.0000
0.9862
0.0000
0.0000
0.0000
0.0000
0.0000
1.3310
0.0000
0.0000
0.0097
1.1114
0.0000
0.0000
0.0000
0.0000
0.1955
0.0000
0.0000
0.0000
0.0000
0.0000
0.0000
1.8196
2.0390
0.0000
0.0000
0.0000
0.6964
0.0000
0.0000
0.0000
0.0000
0.0000
0.0000
0.0000
0.0000
0.0302
0.0000
0.0000
0.0000
0.0000
2.8082
0.0000
0.0000
0.0000
0.0000
0.0000
0.0000
0.0000
0.6123
1.7308
0.0000
0.0000
0.0000
0.0000
0.0000
0.0000
0.0000
0.0000
0.0000
2.4705
0.2554
0.0000
1.5401
0.0000
0.0000
0.0000
1.4081
2.4462
0.0000
1.1227
1.1570
0.0000
0.0000
0.2037
3.3568
0.0000
0.4982
0.6128
0.0000
0.0000
0.0000
2.9032
0.0000
1.2364
0.0000
0.0000
3.1564
0.0000
1.8976
0.0000
0.0000
0.0000
0.2496
0.0000
0.0000
1.1197
2.1246
0.0000
0.0000
0.0000
0.0000
0.2476
0.0000
0.0000
0.0000
1.5246
0.0000
0.0000
0.0000
0.0000
0.0000
0.0000
0.3860
0.3895
0.0000
0.0000
0.0000
0.0000
0.0000
0.0000
0.0000
0.9297
0.4276
2.1169
0.0000
0.0000
0.0000
0.8687
0.0000
0.0000
0.0000
0.0000
0.0000
0.0000
0.0000
0.0000
0.0000
0.0000
0.0000
0.0000
0.0000
0.0000
0.3373
0.0000
0.0000
0.0000
2.1958
0.0000
0.9798
0.0000
2.1503
0.0000
0.0000
0.0000
0.0000
0.0000
0.0000
0.0000
0.0000
0.5221
0.0000
0.1587
0.0000
0.8670
1.2249
0.0000
0.6399
0.0000
0.0000
0.0000
1.5538
0.0000
2.6829
1.7984
0.0000
0.0000
0.0000
0.0000
0.7372
0.0000
0.0035
0.0000
0.0000
1.1650
1.4360
0.0000
0.0000
1.8420
0.0000
0.0000
0.0000
0.0000
0.0961
0.0000
0.2607
0.0000
0.0000
0.0000
2.2488
0.0071
5.0559
2.5373
0.0000
0.0000
0.6825
0.0000
0.0000
0.0000
0.0000
1.6184
0.0000
0.0000
0.0000
0.0000
0.0000
0.0000
0.0000
0.0000
0.0000
0.0000
0.0000
0.0000
0.1535
2.7717
0.0000
0.0000
1.3216
0.0000
0.0000
0.0000
0.0000
0.9414
0.0000
0.0000
0.0000
0.9216
0.0000
0.0000
0.0000
0.0000
0.4885
0.1080
0.4042
0.0000
0.1616
0.0000
0.0000
0.0000
2.3921
0.0000
0.0000
0.0000
0.0000
1.4459
0.5234
0.0000
0.0134
0.0000
0.0000
2.3984
0.0000
0.0000
0.0000
3.9877
0.0000
0.0000
0.0000
0.0000
0.0000
0.0000
0.0000
1.0105
0.9065
0.0000
0.0000
0.0000
0.0000
1.7764
0.0000
1.0041
1.8892
0.0000
0.0000
1.2108
0.0000
0.3846
0.0000
0.0000
0.0000
0.0000
0.0000
0.0000
0.0000
0.0000
0.0000
0.0000
0.5643
0.6269
0.0000
0.0000
0.0000
0.0000
0.0000
0.0000
2.3938
0.0000
0.0000
0.0000
0.0000
1.4059
0.0000
0.0000
0.9884
0.0000
0.0000
0.0000
0.0000
0.0000
0.0000
0.0000
0.0518
0.0000
0.3610
0.0000
0.7407
0.0000
0.2350
0.1733
0.0000
0.0000
0.0000
0.0000
0.0000
1.7149
0.0000
1.3943
0.0000
1.9316
2.2746
0.0000
0.0000
0.0000
0.0000
0.0000
0.0000
0.0000
0.0000
0.9522
0.0000
0.0000
0.2735
1.8945
0.0000
0.6427
0.0000
0.0000
0.0000
0.0000
0.0000
1.7554
0.0000
0.3124
0.0000
0.0000
0.0000
0.0000
0.0000
0.0000
0.0000
0.0000
0.2784
0.0000
0.0000
2.9630
0.0000
0.0000
1.1902
0.0000
0.0000
0.0000
0.0000
0.0000
0.0000
0.0000
0.0000
0.0000
5.5563
0.4805
0.2809
0.0000
0.0000
0.0000
0.0000
0.0000
0.0000
0.0000
0.7218
0.0000
0.0000
0.0000
0.0000
0.0000
0.0000
0.0132
0.1639
0.0000
2.0214
0.0000
1.6394
1.3183
2.5163
0.3909
0.7279
0.6060
0.3885
0.0000
0.0000
0.5396
0.0000
0.0000
0.0000
0.0000
1.0425
0.2347
0.0000
0.0000
0.0000
0.0000
0.0000
2.6585
0.0000
3.7533
0.0000
0.4947
0.0000
0.0000
0.0000
0.1185
0.0000
3.5154
0.0000
0.0000
1.8008
0.0000
1.3088
2.2224
0.4623
4.6637
0.0000
0.0000
0.0000
1.7495
0.0000
0.0000
0.0000
0.0000
0.0000
0.0330
0.0000
0.0015
3.9191
0.0000
0.0000
0.0000
0.4287
1.1264
1.3733
0.0000
0.0000
0.0000
1.4628
0.0000
4.5972
1.1913
3.1725
0.0000
0.0000
0.0000
3.5104
2.9041
1.2513
0.0000
2.4396
0.0000
0.0000
0.0000
0.0000
1.0473
0.0000
0.0000
0.3804
0.0000
0.0000
2.3100
0.0000
0.4601
0.0000
0.0000
0.0000
2.2683
0.0000
0.0000
0.0000
0.0000
0.0000
0.0000
0.0000
1.4179
0.0000
0.0000
0.0000
0.2402
0.0000
0.0000
0.0000
0.0000
0.0000
0.0000
0.0000
0.0000
0.0000
2.6839
0.0000
2.2527
0.0000
0.0000
1.3050
0.5643
0.0963
0.0000
0.0000
1.7393
0.0000
0.0000
0.0000
0.0000
0.0000
3.4045
0.1831
0.0000
1.5623
0.0000
0.0000
0.0000
0.0620
0.0000
0.0000
0.0000
0.0000
0.0000
0.0000
1.1397
0.2403
0.0000
0.0000
0.0000
0.0000
0.0000
1.1848
0.0000
3.3098
0.0000
0.0000
0.0000
0.0000
2.3199
0.0000
0.0000
0.0000
0.0000
0.0000
0.1600
0.0000
1.6918
0.0000
0.4035
0.0000
3.4365
0.0000
0.0000
0.0000
0.0000
1.4289
0.0000
0.0000
0.2129
1.2288
0.0000
0.0000
0.0000
0.0000
0.0000
0.0000
0.0000
0.2838
0.0000
0.0000
0.0000
0.0000
0.0000
0.0000
2.0528
0.0000
0.0000
0.3014
2.6154
0.5880
1.0515
0.0000
0.0000
0.3604
0.0000
1.6039
0.1036
0.0000
0.0000
0.0000
0.0000
0.0000
0.0000
0.2984
0.0000
0.0000
0.0000
0.0000
0.0000
0.0000
2.1082
0.0090
0.1944
0.0000
3.7326
0.0000
0.0000
2.8720
3.1384
2.6614
0.0000
1.6955
0.0000
0.0000
0.0000
3.3344
0.0000
0.0000
0.0000
0.0000
0.0000
0.0000
0.0764
0.0000
2.5818
0.0000
0.0000
0.0000
0.0000
0.0000
0.0000
0.0000
0.0000
0.0000
2.9467
1.4139
0.0000
0.0000
1.9558
0.0000
1.3830
0.0000
0.0000
0.0000
1.9328
0.5499
3.2492
0.7672
1.5593
0.0000
0.0000
0.0000
0.0000
0.2540
0.0000
0.2106
0.0000
3.2515
0.0000
0.0000
0.0000
0.0000
0.0000
0.1214
0.0000
0.0000
1.4698
0.0000
0.0000
0.0000
0.0000
0.0000
0.0000
0.0000
0.0000
0.0000
0.0000
0.0000
0.8557
0.0000
0.0000
0.0000
2.6093
0.0000
0.0000
0.1600
2.2609
0.0000
3.4731
0.0000
0.0000
1.1018
0.0000
0.0000
0.0000
0.0000
0.0000
1.0981
0.0000
0.0000
0.0000
0.0000
0.0000
0.0000
0.0000
0.0000
1.7758
0.0000
1.4188
0.0000
0.2215
0.0000
0.0000
0.1421
0.0000
0.0000
0.0000
0.1082
0.0000
0.0000
1.6277
0.0000
0.0000
2.1471
0.0000
0.0292
2.1620
0.0000
0.0000
0.0000
0.0000
0.0000
0.3562
0.0000
0.4893
0.0000
3.6723
0.0000
0.0000
1.6849
0.0000
0.0000
0.0000
0.0000
3.2394
0.0000
0.7559
0.0000
0.0000
1.9713
0.0000
0.0000
0.0000
0.9621
0.0000
0.0000
0.0000
0.0000
0.7742
1.8422
0.0000
0.5697
0.0000
0.0000
0.0000
0.0000
0.0000
0.8370
0.0000
1.0705
0.0000
1.6343
0.0000
0.0000
0.0000
0.0000
0.0000
0.0000
0.0000
0.0000
0.0000
0.0000
0.0000
0.0000
0.0000
1.9220
0.0000
0.0228
0.0000
0.0000
0.2816
0.0000
0.0000
0.0000
0.0000
0.0000
0.0000
0.0000
0.0000
0.0000
0.0000
0.0000
3.3865
1.4124
0.0000
0.1462
0.0000
1.0300
0.0000
0.0000
0.0000
0.0000
0.0000
0.0000
0.0000
0.0000
0.0000
2.9497
0.0000
0.0000
0.0000
0.0020
0.0000
0.0000
1.9087
0.0000
1.0026
0.0000
0.0000
0.0840
0.9150
0.0000
0.5546
2.7114
0.1780
1.3376
0.0000
0.0000
0.0000
0.0000
0.0000
0.0000
0.0000
0.0000
0.0000
0.0000
0.0000
0.2534
0.0000
0.0000
0.0000
2.1140
0.2384
1.0503
0.0000
2.5786
0.0000
0.0000
0.0000
0.0000
0.0000
2.1030
0.0000
0.0000
1.7361
0.7615
0.0000
0.0000
0.0000
0.8315
0.7517
0.0000
1.7142
0.0000
0.0000
0.0000
0.0000
0.0000
0.0000
0.0000
0.0000
2.5866
0.0000
1.6463
0.0000
1.4948
0.0000
0.0000
0.0000
0.0000
0.0000
0.0000
0.0000
0.0000
3.5377
0.0000
2.7572
1.6462
0.0000
0.0000
0.0000
0.3616
0.0000
0.0000
0.0000
0.0000
0.0000
0.0000
0.0739
0.0000
0.0000
0.0000
0.0000
0.0625
0.0000
0.0000
0.1679
0.0000
0.0000
1.3910
5.1753
0.0000
0.0000
1.9233
0.0000
1.3393
0.0000
1.0954
0.0000
0.0000
0.0000
0.0000
0.0000
0.0000
0.0000
0.0000
2.8432
0.2218
0.0000
0.4500
0.0000
0.0000
0.0000
0.8971
0.0000
0.0000
4.4682
0.0559
0.8538
0.0000
0.8909
0.0000
0.0000
0.6408
3.5695
0.0000
0.0000
0.0000
0.0000
0.6978
0.0000
0.0000
0.0000
0.0000
0.0000
0.0000
0.0000
0.0000
0.0000
0.0000
0.0000
2.2283
0.0179
0.0483
0.0000
0.0000
0.0000
0.2611
0.0000
0.0000
0.0000
0.4193
0.0000
0.0000
0.1724
1.5544
0.6615
0.0000
0.0000
0.0000
0.2024
0.0000
0.3424
0.3487
0.0000
1.7450
0.0000
2.4059
0.0000
0.0000
0.0000
0.0000
0.7998
0.2394
0.0000
0.0000
0.0000
0.0000
0.0000
4.9249
0.0000
0.0000
0.0000
0.0000
0.0000
0.1003
0.0000
1.9691
0.0000
0.0000
1.8616
0.0000
0.0000
0.6478
2.0107
0.0000
1.0770
0.0000
2.9032
0.0000
0.0000
0.0000
0.0000
0.0000
0.0000
0.0000
0.0000
0.4020
0.0000
2.0689
0.0000
0.0000
0.0000
0.0000
0.0000
0.0000
0.0000
0.0000
0.0000
1.5426
0.0000
0.0000
0.0000
0.0000
0.6247
0.0876
0.5239
0.2372
0.0000
0.0000
0.0000
2.6650
0.0000
0.0000
0.0000
1.5725
2.3049
0.0000
0.0000
0.0000
0.0000
0.0000
0.0000
0.0000
0.0000
0.0000
0.0000
0.0000
0.0000
0.0553
1.7799
0.0000
1.0772
0.0000
0.9038
0.0371
0.0000
1.0037
0.0000
0.5149
0.2929
0.0000
0.5009
2.2812
5.6471
0.0000
0.0000
0.0000
0.0000
0.2855
0.3343
0.0000
0.0000
0.3318
0.0000
0.0000
0.6451
0.0000
0.0000
0.0000
0.0000
0.0000
0.0000
0.0000
0.0000
0.0000
0.0000
0.0000
0.2441
1.0510
0.0000
0.0000
0.0000
0.0000
0.0000
0.0000
0.1494
0.0000
0.0000
0.0000
0.0000
0.0000
0.0000
0.0000
0.0000
1.6390
0.0000
1.4052
0.0000
2.4444
0.0000
0.9442
0.0000
3.3944
0.0000
0.0000
0.0000
2.5078
1.2635
0.0000
1.1906
2.8235
0.5224
1.2377
0.0000
2.5819
0.0000
0.0967
0.0000
0.0000
0.0000
0.0000
0.0000
0.4105
0.0000
0.0000
0.0000
0.0000
1.0148
0.3886
0.0000
0.5652
0.5961
0.0000
0.0000
0.0000
0.0000
0.0000
0.0000
4.1522
0.0000
0.0000
3.8630
0.0000
0.0000
2.4399
0.0000
0.0000
0.0000
2.2555
2.5197
0.0000
0.0000
0.0000
3.3749
0.5140
0.0000
2.0077
0.0000
0.0000
0.0000
0.0000
0.0000
0.0000
0.0000
0.0000
0.7676
0.0000
0.7867
0.0000
0.0000
2.1319
0.0000
3.3600
0.0000
0.0000
0.0000
0.7198
0.0000
0.0000
0.0000
0.0000
0.4122
0.0000
2.3492
0.3665
0.5374
0.0000
1.5277
0.0000
0.0000
0.0000
0.0000
0.0000
0.0000
0.0000
0.0000
0.0000
0.0532
0.0000
0.0000
4.6262
0.0000
0.3191
0.0000
0.0000
0.0000
0.0000
0.0000
0.9424
0.0000
0.0000
0.0000
0.7614
0.0000
3.7013
0.0000
0.0000
0.0000
0.0000
2.3775
0.0000
1.4769
1.9238
2.5379
0.0000
0.0000
0.0000
0.0000
0.2434
0.0000
1.6209
0.0000
0.1838
0.0000
0.0000
0.0000
0.0000
0.0000
0.0000
0.0000
0.0000
0.0000
0.0000
0.0000
0.0000
1.2354
0.0000
0.0000
0.3062
0.0000
0.0000
0.0000
0.0000
0.8446
0.0000
0.0000
0.0000
0.0000
0.0000
0.0000
0.0752
0.0404
0.0000
0.0000
0.0000
0.0000
0.0000
0.8855
0.0000
0.0000
0.0000
2.6625
0.0000
0.5652
0.0000
1.5897
0.0000
0.0000
0.0000
0.8133
1.7924
0.0000
0.0000
0.0000
3.3488
0.0000
0.0000
0.0000
0.0000
0.0000
2.2357
0.0000
0.0000
0.0000
0.0000
1.0216
0.0601
2.1393
0.7313
0.0000
0.0000
0.0000
0.7557
0.0000
0.0000
0.0000
1.0575
0.0000
1.2381
0.0000
0.0000
0.4174
0.6656
1.4168
2.1426
0.0000
0.4482
0.0000
0.0000
0.3710
0.0000
1.8757
3.9068
0.0000
0.0000
0.0000
0.0000
0.0000
0.0000
1.8623
0.0000
0.3432
0.0000
0.0000
0.9360
0.0000
0.0000
0.0000
0.3506
0.0000
0.0000
0.0000
0.8763
0.0000
0.0000
3.0182
2.2955
0.0000
0.0000
0.0000
0.0000
0.0000
0.0000
0.0000
0.0000
2.6635
0.0000
0.0000
2.2737
2.8313
0.0000
0.0000
0.0000
0.8849
1.0338
0.0000
0.0000
1.1230
0.0000
0.0000
0.0000
0.0000
0.0000
0.8569
0.0000
0.0000
0.0000
1.5216
3.7824
0.0000
3.4630
0.0000
0.0000
0.0000
0.0000
3.2205
0.0000
0.0000
0.0000
3.6248
2.1422
0.0000
0.0000
0.0000
0.0000
0.0000
0.7782
1.3308
0.0000
1.2977
0.0000
0.0000
0.0000
1.9077
0.5118
0.0000
0.0000
0.0000
0.2435
1.9825
0.0000
0.0000
0.0000
0.2217
0.2720
0.0000
0.0000
0.0000
0.0000
0.0000
0.0000
0.0000
1.9837
0.0000
0.0000
0.0000
1.2168
0.0000
0.8177
0.1157
0.0000
0.0000
1.3736
0.0000
1.8915
0.0000
0.0000
0.0000
4.3448
0.0000
0.0000
0.0000
0.0000
0.0000
0.0000
0.0000
0.0000
0.0000
0.0000
0.0000
0.0000
0.0000
0.0000
1.3149
0.0000
0.4367
0.0000
0.0000
0.0000
0.0000
0.0000
1.5406
0.0000
0.0000
0.1048
0.0000
0.0000
0.0000
0.0000
0.0000
0.0000
0.0000
0.5133
0.0000
0.0000
0.0000
0.8615
0.0000
0.1010
1.7308
0.0000
0.0000
0.0000
0.0000
1.1117
0.4764
0.5160
0.0000
0.0000
2.2910
3.4726
0.0000
3.5118
0.0000
0.4561
0.0000
0.0000
0.0000
0.2768
0.0000
0.0000
0.0000
0.0000
0.0000
1.2439
0.0000
3.8396
0.0000
0.0000
0.0000
0.0000
0.0000
2.5355
0.0000
0.7995
0.1895
0.0000
1.2776
0.0000
0.0000
0.0000
0.0000
0.3545
0.0000
0.0000
0.0000
1.4973
0.0000
0.0000
0.0000
0.0000
0.6038
0.0000
0.0000
0.0000
1.0278
0.0000
0.2949
2.9423
2.6747
0.5324
0.4198
0.0000
0.0000
0.0000
0.0000
0.0000
0.0000
0.9092
1.3098
1.7762
0.0000
0.0000
0.0000
0.0000
1.0882
0.0000
0.0000
0.0000
0.0000
0.0000
0.0000
0.0000
0.0000
0.0000
0.0000
0.0000
2.4785
0.8661
0.0000
0.5756
0.0000
0.0000
0.0000
0.0000
0.1319
0.0000
1.8219
0.0000
0.0000
0.0000
1.6318
0.0000
0.0000
0.0000
0.0000
0.0000
0.0272
1.5370
0.4395
0.0000
0.0000
0.0000
0.0000
0.0000
0.0000
0.0000
0.0000
0.0000
0.4825
0.0000
2.5687
0.0000
0.0000
0.0000
2.8113
0.6425
0.0000
0.0000
3.6616
0.0000
0.0000
1.2367
0.0000
0.0000
0.0000
2.2596
1.5580
0.0000
0.5447
0.0000
0.0000
4.0448
0.0000
1.3721
0.0000
0.7382
0.0000
1.1256
1.9885
0.0000
2.8486
0.0000
0.0000
0.0000
0.0000
0.0000
0.0000
0.0000
0.6155
0.0000
0.0000
0.0000
0.0000
0.0000
0.0000
0.0000
1.9164
0.0000
0.0000
0.0000
0.0000
0.0000
1.5626
0.0000
0.0000
0.0000
1.0151
0.0000
0.0000
0.1810
0.0000
0.0000
0.0000
0.0000
2.6776
0.0000
0.0000
1.9749
0.0000
0.4601
0.0000
0.0000
0.0000
0.0000
1.4609
1.2285
0.0000
0.0000
0.0000
0.0000
0.0000
1.9556
0.0000
0.0000
0.0000
0.4344
0.0000
0.6068
0.0000
0.3105
0.0000
0.2145
0.0505
1.0780
2.3220
0.2652
0.0000
0.1899
0.5579
1.7418
0.0000
0.0000
0.0000
0.0000
0.0000
0.0000
0.0000
2.7222
2.2080
0.0000
0.4458
0.0000
5.0151
5.9727
0.0000
0.0000
0.0000
0.0000
0.0000
0.0000
0.0000
0.0000
0.0000
0.0000
0.0000
0.0000
0.0000
0.0000
0.0000
0.0000
0.0000
0.2850
0.0000
0.0000
0.0000
1.1551
0.0000
0.0000
0.7657
0.0000
1.4859
0.0000
0.0000
1.9485
0.0000
0.0000
0.4814
2.3763
0.6710
0.0000
1.8990
0.0000
2.6871
0.0000
2.6982
0.0000
0.0000
2.2964
0.0000
0.0000
0.0000
0.6329
0.0000
0.0000
0.0000
0.0000
1.7954
0.0000
0.0000
0.0000
0.0000
0.1647
0.0000
0.0000
0.2853
0.0000
0.0000
0.0000
0.5593
0.2200
0.0000
0.0000
0.0000
0.0000
0.1034
0.0000
0.0000
0.0000
0.0000
0.6355
0.0000
0.0000
0.0000
0.0000
0.0000
0.0000
0.0000
4.1539
0.0000
0.0000
2.7945
0.3018
0.0000
0.0000
0.0000
1.1264
0.0000
0.0000
0.0000
0.8182
1.1022
0.0000
0.0000
0.0000
0.0000
0.0000
0.0000
0.0000
0.0000
0.0000
0.0000
0.0000
0.6159
0.0000
0.0000
0.0000
0.0000
0.0000
0.0000
2.9546
0.0000
0.8355
0.0000
0.0000
0.6690
0.0000
0.0000
0.0000
0.0000
1.2224
0.0000
0.0000
0.0000
0.0000
0.0000
0.9756
0.0000
0.0000
5.0889
0.0000
0.0000
0.6446
0.0000
0.9907
1.8841
0.2520
0.0000
0.0000
0.0000
0.0000
0.0077
0.0000
2.0690
0.0000
0.0000
0.2612
0.0000
0.0000
0.2630
0.0000
0.0000
1.7880
0.1039
0.0000
0.0000
0.0000
0.0000
1.5932
0.0000
0.0000
2.1802
0.0000
1.3414
0.0000
0.0000
0.0000
1.6882
0.0000
2.9407
0.0000
1.7263
1.5728
0.5276
0.0080
3.1734
0.0000
0.0000
0.0000
0.0000
0.0000
0.0000
0.0669
2.1858
0.0000
0.7355
0.8709
0.0000
0.0000
0.0000
0.5313
0.0000
0.0000
0.0000
0.0000
0.0000
0.0000
1.6828
0.0000
0.0000
0.0000
0.0000
2.0218
0.0000
1.4236
0.0000
0.0000
0.0000
0.0000
1.2917
0.0000
0.0000
0.0000
0.0000
1.8533
0.0000
0.8925
0.0000
0.0000
0.0000
0.0000
0.0000
2.9360
0.0000
0.0000
0.0000
0.0000
0.5327
0.4624
0.0000
0.0000
0.0000
1.9546
0.0000
0.0000
0.0000
0.0000
3.5434
0.0000
0.0000
2.1526
0.0000
0.0000
0.0000
0.0000
0.0000
4.5968
0.0000
3.7984
4.1069
0.0000
0.0000
0.0000
2.4372
0.0000
1.2752
0.0000
0.0000
0.0000
0.0000
0.0000
2.7986
0.0000
0.0000
1.1169
0.0000
0.0000
0.0000
2.2420
0.0000
0.0000
0.0000
2.2741
0.0000
0.0000
0.3947
2.0935
1.5161
1.8348
0.0000
0.0000
0.0000
0.0000
0.0000
0.0000
3.3991
2.1361
0.4577
0.8672
0.1183
0.9471
1.2236
0.0000
0.0000
0.0000
0.0000
0.0000
1.8277
0.0000
0.9969
2.5531
0.0000
0.0000
0.0000
0.0000
0.5317
1.0627
0.3600
0.0000
0.0000
2.2207
0.0000
2.7965
0.0000
0.0398
0.0000
0.0000
0.0000
1.7009
0.0000
1.1762
0.0000
0.0000
1.3893
0.0000
0.0000
1.4062
0.0604
1.5005
2.3626
0.0000
0.4980
0.0000
0.0000
0.0000
0.5833
0.0000
0.0000
1.0892
3.8104
0.4943
0.9286
0.0000
0.0000
0.0000
0.0000
1.2156
0.0000
0.0000
0.0000
0.0000
0.0000
0.0000
0.6833
0.0000
0.0000
1.8808
0.0000
0.0000
0.0000
2.3320
0.0000
0.0000
0.6284
0.0000
2.1381
0.6941
0.1381
1.9818
0.0000
0.7070
0.0000
0.0000
0.3859
0.0000
0.3398
0.0000
0.0000
0.0000
0.0000
3.0028
0.0000
0.0000
0.7455
0.0000
0.0000
0.0000
0.0000
0.0000
0.0000
0.0000
0.0000
0.0000
0.0000
0.0000
0.0000
0.8992
1.1626
0.0000
2.5848
0.1981
0.0000
0.0000
0.5280
0.0000
0.3612
0.0000
0.0000
0.0000
0.6750
0.0000
0.0000
2.5182
0.0000
0.0066
0.0000
0.0000
1.0767
0.6422
1.3731
0.0325
0.0000
0.0000
2.2362
0.0000
0.4564
0.0000
1.5104
0.0000
0.7164
0.0000
0.0000
0.1935
0.0005
0.0000
0.0000
1.9645
0.0000
0.0000
0.0000
0.0000
0.0000
0.8483
0.0000
0.8188
2.4551
2.4025
1.1585
0.0000
0.0000
0.0000
0.0000
2.1068
0.5513
0.0000
0.0000
0.0000
0.0000
0.0000
0.0000
3.7223
1.4696
1.3503
0.0000
0.0000
0.0000
3.5268
0.0000
0.0000
0.0556
0.0000
0.0000
0.0000
0.0000
0.0000
0.6269
0.0000
0.0000
0.0000
0.0000
0.0000
0.0000
0.0000
1.7462
0.0000
0.0000
0.0000
0.0000
0.0000
0.0000
0.0000
5.9981
0.4693
0.0000
0.0000
1.0287
0.0000
0.0000
0.1213
1.6252
0.0000
0.0000
0.7422
3.5654
0.8324
0.0000
0.0000
0.0000
0.0000
0.5558
0.8548
1.9842
0.0000
0.0000
4.4578
0.3603
0.0090
0.0000
0.0000
0.5540
0.0000
0.0000
0.0000
0.7611
0.0000
0.0000
0.0000
0.0000
0.2360
0.0000
0.0000
0.0000
0.0000
0.0000
0.9875
0.0000
0.0000
0.0000
0.0000
1.0435
0.4998
0.4390
0.0000
0.0000
1.8561
0.0000
0.5774
1.9068
0.0000
0.0745
0.0000
0.0000
0.0000
0.0000
0.0000
0.0000
0.0000
0.0000
0.0000
0.0000
0.0000
0.0000
0.0000
0.0000
2.0934
0.0000
1.8206
0.0000
0.0000
1.4053
0.0000
0.0000
0.0000
0.0805
0.6031
0.0000
0.0000
0.0000
0.0000
0.0000
0.0000
2.1067
1.9419
0.5028
0.0829
0.0000
0.0000
0.9678
0.0000
0.0000
0.0000
0.0000
0.0000
0.0000
0.0000
0.0000
0.0000
0.0000
0.0000
0.0000
0.0000
0.0000
0.0000
0.1722
0.0000
0.0000
0.9362
1.4608
0.0000
0.0000
2.3798
1.3182
0.0000
3.5290
0.1875
1.8873
0.8424
2.4626
0.0000
1.5859
0.0000
0.0000
0.3247
0.0000
0.0000
0.0000
1.0713
0.0000
0.0000
0.0000
0.0000
1.6895
0.0000
0.6846
0.0000
2.7018
0.6315
0.0000
0.0000
5.5035
1.1344
0.0000
0.8823
0.0000
0.0000
0.0000
4.1678
0.0000
0.0000
0.0000
0.5016
0.0000
0.0000
0.0000
3.2662
0.0000
0.0000
0.9112
0.0000
0.0000
0.0000
0.2038
0.0000
0.0000
1.8467
0.0000
0.0000
0.0000
0.0000
0.0000
1.6946
0.0000
1.6253
0.1244
0.1946
0.4107
0.0000
1.1312
0.0000
0.0000
2.2858
0.0000
0.0000
0.0000
0.0000
0.0000
3.0013
0.0000
0.0000
0.0000
0.0000
0.0000
1.0283
0.6883
1.7199
0.0000
0.0000
0.0000
0.0000
0.0000
0.0000
0.0000
0.0000
0.0000
0.0000
2.3403
0.0000
0.0000
1.1933
0.0000
0.0000
0.0000
0.0000
4.7249
0.0000
0.0000
2.4831
0.0000
1.2988
0.0000
0.3175
0.0000
0.0000
1.9079
0.0000
0.0000
0.0000
0.0000
0.0000
0.8803
0.0000
0.0000
0.0000
0.7114
0.0000
0.0000
2.7061
1.0461
0.7795
0.0000
1.2828
0.0000
0.0000
0.2403
2.1522
0.0000
0.0000
0.0000
2.3459
0.0000
0.0000
2.0798
0.0000
0.3050
0.9535
0.8825
0.0000
0.0000
0.0000
0.0000
0.0000
0.0000
0.0000
0.0000
1.0245
0.0000
0.0000
0.0000
0.0000
0.0000
1.1389
0.0000
0.0000
0.0000
0.0000
0.0000
0.0000
0.3868
1.4826
0.0000
0.0000
0.0000
3.9489
0.0000
0.3143
0.0000
0.0000
0.0000
0.0000
0.0000
0.0000
0.0000
0.6816
0.0000
0.0000
1.4239
0.0000
0.0000
0.0000
0.0000
0.0000
0.0000
0.0000
0.0000
0.5830
0.0000
0.0000
0.0000
0.0000
0.0000
0.0000
1.0868
0.1450
0.0000
0.0172
0.0000
0.0000
0.5593
0.0000
0.0000
0.4490
0.0000
0.3402
0.0000
0.0000
0.5269
0.8367
0.0000
0.0000
0.0000
0.0000
0.0000
0.0000
0.1913
0.0000
0.0000
0.0000
1.3524
3.0670
0.0000
0.0000
0.9661
0.0000
0.0000
1.7435
0.0000
0.0000
0.0000
0.0000
0.0000
0.0000
0.0000
0.0000
1.0750
0.0000
0.0000
0.0000
0.0000
1.3978
0.0000
0.0000
0.0000
0.6088
0.0000
0.0000
0.0000
1.2455
0.6321
0.4274
0.0000
0.3234
0.0000
0.0000
0.0000
0.0000
1.6716
0.0000
0.0000
0.0000
0.0000
3.6112
0.9812
0.9854
0.0000
0.0000
0.0000
1.3265
0.0000
2.9500
0.0000
0.0000
0.0000
0.0000
0.0000
1.1441
0.3485
0.0000
0.0000
0.0000
0.0000
1.3605
0.0000
0.0000
0.0000
0.0000
0.0000
0.0000
0.0000
0.0000
0.0000
0.4020
0.3237
0.0000
0.0000
0.1156
0.0000
0.5441
0.0475
0.0000
0.0000
0.0000
0.7640
0.0000
0.0000
0.0000
0.0000
0.0000
0.0000
0.0000
2.3535
0.0000
1.0264
0.0000
0.0000
2.9286
0.0000
0.0000
0.0000
0.0000
0.0000
0.0000
0.0000
0.0000
0.0000
0.0000
0.0000
0.0000
0.0000
0.0000
1.2048
0.0000
0.0000
0.0000
0.0000
0.0000
0.0000
0.0000
0.4135
0.0000
0.0000
0.0000
0.0000
0.0000
0.0000
0.0000
0.0000
0.0000
0.0000
0.0000
0.0000
0.0000
0.0000
0.0000
0.0882
0.0000
0.0000
0.0000
0.0000
0.0000
0.1128
0.0000
0.0000
1.1072
1.1910
3.6878
0.0000
0.0000
0.0000
0.0000
0.0000
0.0000
0.0000
0.3685
1.1726
2.5262
0.0000
0.0000
0.0000
1.2863
0.0000
3.3953
0.0000
2.3138
0.0000
0.0000
0.0000
0.8877
0.0000
1.7527
0.0000
0.0879
0.0000
0.1052
0.0000
0.0000
1.0921
0.0000
0.0000
3.3291
0.0000
0.0000
0.0000
0.0000
3.6920
0.0000
0.5954
0.0000
0.0000
0.0000
0.0000
0.0000
1.4459
1.8680
0.0000
0.1327
0.0000
0.7326
0.0000
0.7871
0.7046
2.5517
0.0000
0.0000
0.0000
0.3027
1.0377
4.4148
0.0000
0.0000
0.0000
0.0000
3.0230
0.0000
0.0000
0.0000
0.0000
0.0000
0.0000
1.7935
0.0000
0.0000
2.5370
0.0000
0.0000
0.0000
0.0000
0.5783
0.4944
0.5595
0.0000
0.0000
0.0000
0.5772
0.0000
0.0000
0.0000
0.0000
0.3686
0.0000
0.0000
3.9338
0.0000
0.0000
0.0000
0.0000
1.6681
0.0000
0.0000
0.0000
0.0000
0.0000
0.0000
4.7531
0.0000
0.0000
0.0000
0.0000
0.0000
0.0000
1.9851
1.0592
0.0000
0.0000
0.8504
0.0000
0.0000
0.0000
0.0000
2.5421
3.3859
0.0000
0.0000
0.0000
0.0000
0.0000
0.0000
0.0000
0.0000
0.0000
0.8800
0.0000
0.0000
0.1993
0.0000
1.7544
0.0000
0.0000
0.0000
0.0000
2.2460
1.7550
0.0000
1.5661
0.0000
0.0000
0.0000
0.2371
0.0000
3.1964
0.0000
2.2112
0.0000
0.0000
0.0000
0.0000
2.7488
0.0000
0.0000
1.5208
0.1590
0.0000
0.0000
0.0000
0.0000
0.8762
0.0000
1.5303
0.0000
0.0000
0.0000
0.0000
0.0000
0.0000
0.0000
0.0000
0.2517
0.0000
1.2100
1.4138
0.0000
0.8202
0.0000
0.0000
0.0000
1.4573
0.0000
1.3338
2.8308
0.4021
1.6973
0.0000
0.0000
0.3196
0.0000
0.0000
0.0000
0.0000
0.0000
1.2571
0.0878
0.0000
0.0000
0.0000
0.8290
0.0000
0.0000
0.0000
0.0000
0.0000
0.0820
1.4007
0.9468
0.8507
0.0000
0.0000
3.3767
0.0000
0.3348
0.0000
0.0000
0.1636
1.2011
0.0000
0.0000
0.0000
0.0000
1.6711
0.0000
0.0000
0.9262
2.0206
0.0000
2.1900
0.0000
0.0000
0.0000
0.0000
0.7833
0.0000
0.0000
0.0000
2.8124
0.0000
0.0000
0.0000
0.0000
0.0000
0.3011
1.7764
0.0000
0.0000
0.0000
0.0000
0.0000
0.0000
0.5672
1.8438
2.9571
0.0000
0.0912
2.5369
0.0000
0.0000
0.1479
0.0000
0.0000
0.0000
0.0000
0.0000
0.0000
0.4418
0.0000
0.0000
0.0000
0.0000
0.0000
2.5169
0.2793
0.0000
2.5486
0.0000
0.0000
0.0000
0.0000
3.0238
0.2584
0.0000
0.0000
0.0000
0.0000
0.0000
2.7320
0.0000
0.0000
0.3866
0.0000
1.2980
0.0000
1.4810
0.0000
0.0000
0.0000
0.0000
0.0000
0.0000
0.0000
0.0000
0.0000
0.0000
3.7720
0.4470
0.0000
1.1219
0.0000
0.0000
0.0000
0.0000
0.0000
2.7240
0.0000
0.0000
0.0000
0.0000
5.4985
0.0000
3.9438
0.0000
0.0000
0.0000
0.0000
0.0000
1.0608
0.0000
0.0000
0.0000
0.4322
0.0000
3.3675
0.0000
0.0000
0.0000
0.0000
0.2865
1.8126
1.5133
1.4912
0.0000
0.1299
0.0000
0.0000
1.4976
1.1518
0.4632
0.0000
0.0000
0.0000
0.0000
0.0000
0.0000
0.0000
0.0000
0.0000
0.0000
0.0000
0.0000
0.0000
0.0000
0.5066
0.9325
0.6907
0.0000
0.5058
0.0000
0.9378
0.0000
2.8022
0.0000
0.0000
1.9803
1.3010
0.0000
0.0000
1.3624
0.0000
0.0000
0.0000
0.0000
1.3952
0.7662
0.6456
0.0000
0.0000
0.0000
0.0000
0.6848
0.0000
0.0000
0.0000
0.0000
0.0000
0.0000
0.0000
0.0000
0.0000
0.9382
0.0000
0.0000
0.4745
0.0000
0.0000
5.0058
0.0000
0.0000
4.3039
0.1624
0.0000
0.0000
0.0000
1.5299
0.0000
0.0000
1.8041
0.0000
0.0000
1.9667
0.0000
1.9597
2.6128
1.0345
0.0000
0.0000
0.0000
0.0000
0.0000
0.0000
0.0000
0.0000
1.4934
4.5193
0.0000
0.2337
0.0597
0.0000
0.0000
0.0000
0.5092
0.0000
0.0000
0.3484
0.0000
0.0000
0.0000
0.2699
0.0000
0.0000
0.0000
0.0000
0.0000
0.0000
0.0000
0.0000
0.0000
0.9114
0.0000
0.0000
0.0000
0.0000
0.0000
0.0000
0.0000
0.0000
0.0000
0.0000
0.0000
0.0000
0.0000
0.0000
0.0000
0.9758
0.0000
0.0000
0.0000
1.0488
0.0000
2.5979
1.9230
0.0000
0.0000
0.0000
4.2992
0.0000
0.0000
0.0000
0.0000
0.9654
0.0000
0.0000
0.0000
0.6953
4.1659
0.8190
0.0000
0.0000
0.0000
0.0000
0.0000
0.0000
0.0000
1.6761
0.0000
0.0000
0.0000
3.1119
0.0000
1.2339
0.0000
0.0000
0.0000
0.0000
4.6021
0.0000
0.0000
0.0000
0.0000
2.8662
0.0000
0.0000
0.4830
1.9371
0.0000
0.0000
0.0000
0.0000
0.0000
0.0000
0.0000
0.0000
0.0000
2.6303
0.0000
4.0746
0.0000
0.0000
1.7510
0.0000
2.5959
0.0000
1.1743
0.0000
1.8742
0.4499
0.0000
0.0000
0.0000
0.5260
0.0000
0.0000
1.0185
0.0000
0.0000
0.0000
0.0000
0.1986
0.0000
0.0000
0.0000
0.0000
0.0000
1.3670
1.1769
0.0000
0.4218
0.0000
0.0000
2.3070
0.0502
0.0000
2.9352
1.5269
0.0000
0.0000
1.8011
0.6691
5.5690
0.1277
0.0000
0.0000
3.7553
0.0000
0.0000
0.0000
0.0000
0.0000
0.0000
0.0000
1.6229
2.1669
1.5603
2.3149
0.0000
0.0000
3.9104
0.0000
0.0000
0.0000
0.0000
0.0000
0.8387
0.0000
0.0000
2.3178
0.0000
0.1873
0.0000
3.8337
0.0000
1.2753
0.1911
0.0000
0.0000
0.0000
1.8823
2.3281
0.9296
0.0339
0.0000
0.0000
2.6093
1.5308
0.0000
0.0000
0.0000
0.0000
0.0000
0.6164
0.0000
0.0000
0.0000
0.0000
0.0000
0.0000
0.0000
0.7188
1.4496
0.0000
0.0000
0.7150
2.5804
0.9740
2.7540
0.0000
0.6335
2.3377
0.0000
0.2446
0.0000
0.0000
0.0000
0.0000
0.6849
0.0000
0.0000
0.0000
0.0000
1.2477
1.1805
0.0000
1.4866
0.0489
1.5186
0.0000
0.4152
0.0000
0.8965
0.0000
1.9584
0.0116
0.8838
0.5653
0.0000
2.2667
0.0000
0.0000
0.0000
0.0000
0.0000
1.1240
0.0730
0.0000
2.3056
0.0000
0.0000
4.8765
0.0000
0.4022
0.0000
0.0000
1.3614
0.0000
0.0000
0.0000
2.0822
0.0000
0.7728
2.1399
0.0000
3.9494
0.2856
0.6206
0.0000
0.0674
0.9674
0.0000
0.0000
0.0000
0.0000
0.0000
1.3484
0.0000
0.0000
0.8795
0.0535
0.0000
0.0000
0.0000
0.0000
0.0000
0.0000
0.0000
0.1072
0.0000
0.0000
0.0000
4.5525
0.0000
2.1899
2.5938
1.8556
0.0000
0.0000
0.0000
0.0000
0.0000
0.0000
0.0000
0.0000
0.6433
0.0000
3.9323
0.0000
0.0000
3.2152
0.3595
0.5614
1.1537
0.0000
1.9095
0.0000
0.0000
0.0000
0.0000
0.2354
0.0000
1.1135
1.4057
0.3386
0.0000
0.0000
0.0000
0.0000
0.0000
0.0000
0.0000
0.0000
0.7742
0.0000
0.0000
1.6054
0.0000
