0.0000
0.0000
0.0000
0.0000
1.2940
0.0000
0.0000
0.0000
0.0000
2.5709
1.7467
0.0000
0.0000
0.0000
0.0000
0.0000
0.0000
0.0000
0.0000
0.0000
0.0000
0.0000
1.7779
0.0000
2.1636
0.1286
0.0000
3.5940
0.0000
0.0000
0.0000
0.0000
0.1030
0.3511
1.1275
0.0000
0.0000
0.8891
1.6526
2.0945
0.0000
0.0000
0.0000
0.0000
0.0000
2.5177
0.0000
0.0000
0.0000
0.6880
0.0000
0.0000
0.0000
0.0000
0.0000
0.0000
0.3501
1.1431
0.0000
0.0000
0.0000
1.7089
0.0000
3.0421
0.0000
0.0000
0.6016
0.0000
0.7888
0.0000
0.0000
2.5296
0.0000
0.0000
0.0000
1.7913
0.0000
0.0000
0.0000
0.0000
1.3371
0.0000
0.0598
0.0000
0.0000
0.0000
2.0092
0.0000
5.8713
0.0000
0.5076
0.0000
0.0000
1.0420
0.0000
0.0000
0.0000
0.0000
0.9267
0.0000
1.2080
0.0000
0.0000
0.0000
0.5816
0.0000
0.0000
0.0000
0.0000
3.2054
0.8622
0.0000
0.0000
0.0000
0.0000
0.0000
0.5160
0.0000
0.0000
0.0000
2.3432
0.7894
0.2575
0.6177
1.6276
0.0000
2.4379
0.0000
0.0941
1.7179
0.0000
0.0000
0.0000
0.0000
4.2678
0.0000
1.4050
3.1527
0.0000
5.5262
2.8904
0.0000
1.7180
3.0200
5.4975
0.0000
0.0000
1.5695
0.0000
0.0000
0.0000
0.8706
0.7485
0.0000
0.0000
0.0000
0.0000
1.0214
0.0000
0.0000
0.6116
0.0000
0.0000
0.0000
0.0000
1.6173
0.0000
0.0000
0.0000
3.6557
0.0000
0.0000
0.0000
0.0000
0.7771
0.0000
0.0000
1.0479
0.0000
7.7925
0.8968
1.7617
0.0000
0.0000
0.0000
0.0000
0.0000
0.0000
0.3578
0.0000
0.1346
0.0000
0.0000
0.0000
0.5998
0.8298
0.0000
1.1241
2.3462
2.9914
0.0000
0.0000
0.2500
0.0000
0.0000
0.0000
0.0000
0.0000
0.0000
0.0000
0.0000
0.0000
0.0000
0.1602
0.0000
0.0000
0.0000
0.0000
0.0000
0.0000
0.0000
0.0000
0.0000
0.0000
0.0000
0.0000
0.3672
0.0000
0.0000
0.0000
0.0000
0.0000
0.0000
0.0000
2.9198
0.0000
0.0000
0.0000
2.0002
0.0000
0.0000
0.0000
0.0000
0.0000
0.0000
0.0550
0.0000
0.0000
0.0000
0.0000
0.0000
0.0000
0.0000
0.7172
0.0000
0.8008
0.0000
0.0000
1.1169
0.0000
0.0000
0.3015
0.0000
0.0000
0.0000
0.0000
3.3082
0.0000
0.0000
0.0000
1.9947
0.0000
0.0000
3.8276
0.0000
0.0000
0.2526
0.0000
2.3778
0.0000
2.2521
2.1153
0.0000
0.0000
0.0000
0.0000
0.0000
0.0000
0.0000
0.0000
0.0000
0.0000
0.0000
0.5064
3.9661
0.0000
0.0000
0.2979
0.0000
2.6654
0.0000
0.0000
0.0000
0.0000
1.1523
0.0000
0.0000
0.0000
0.0000
0.0000
0.0000
0.9291
0.0000
0.0204
0.0000
0.0000
0.0278
0.0000
0.0000
1.5048
0.0000
1.9143
0.0000
0.0000
0.0000
3.9519
0.0000
0.0000
0.0000
0.7052
0.0000
0.5614
0.0000
0.0000
0.0000
2.1203
1.4649
0.0000
0.0000
2.6738
0.0000
0.0000
0.0000
0.0000
0.0000
6.1716
0.0000
0.0000
0.0000
0.0000
0.0000
2.9303
1.0156
0.0000
3.4123
2.0975
1.3254
0.0000
0.6117
0.0000
0.0000
0.0000
0.0000
0.0000
0.0000
0.0000
0.0000
0.0000
0.0000
0.0000
0.0000
0.0000
0.0000
0.0000
1.3620
1.5599
0.0000
2.8437
0.0000
0.0000
4.5475
0.0000
0.0000
0.0000
0.0000
0.0000
0.4702
0.0000
0.0000
0.0000
2.3193
0.0000
0.0000
0.2994
0.0000
0.8563
0.0000
1.0067
0.0000
0.0000
0.0000
0.5649
0.0000
0.0000
0.0000
0.0000
0.0000
0.0000
4.3887
0.0000
0.0000
0.0000
0.0000
7.6176
0.0000
0.0000
0.0000
0.0000
0.0000
0.0000
0.5353
0.0000
0.0000
0.0000
0.0000
0.0000
0.0000
0.0000
0.0000
0.0000
0.0000
0.0000
0.0000
0.0000
0.0000
0.0000
0.0000
0.0000
1.8081
0.0000
2.6715
0.6407
0.0000
0.0000
4.7033
0.0000
0.0000
0.0000
2.0363
0.7175
0.0000
0.0000
0.0000
0.0000
0.3828
0.0000
0.0000
2.4422
0.0000
0.0000
0.3260
0.0000
0.0000
0.0000
1.8706
0.0000
0.0000
0.3528
0.0000
0.0000
0.0000
0.7216
0.0000
1.0343
0.0000
0.0000
1.3162
0.0000
0.0000
0.0000
0.0000
0.0000
1.2696
1.1892
0.2144
0.3652
0.0000
2.6717
0.0000
3.7176
0.0000
0.0000
0.0000
0.0000
0.0000
1.3399
0.0000
0.0000
1.4448
0.0000
0.0000
0.0000
3.0027
0.0000
0.5534
0.0000
0.0000
0.0000
0.0000
2.9664
0.0000
0.7033
0.0000
0.8806
0.0000
2.4935
0.0000
0.0000
5.8368
0.0000
2.6201
4.0315
0.0000
0.0000
0.0000
0.0000
0.0000
0.0000
0.0000
0.0000
3.8674
1.4564
0.3497
0.0000
2.9112
0.0000
0.0000
0.0000
1.6934
0.0000
0.0000
0.0000
0.0000
0.0000
0.0494
0.0000
0.0000
0.0000
0.1842
0.0000
0.0000
0.6588
0.0000
0.0000
0.0000
0.0000
0.0000
0.0000
0.0000
0.0000
0.0000
0.8842
0.0000
1.6682
0.0000
1.0281
0.0000
0.0000
0.0000
0.0000
0.0000
0.0000
0.0000
0.0000
0.0000
0.0000
0.0000
0.0000
0.0000
0.0000
0.0000
0.0000
0.0000
0.0000
0.0000
0.0000
0.0000
3.3824
1.3905
0.0000
0.0000
0.0000
0.0000
0.0000
0.0000
0.0000
0.0000
0.0000
2.9260
0.1177
0.0000
0.0000
0.0000
0.0644
0.0000
0.0000
1.2240
0.0000
0.0000
0.0000
0.6083
0.0000
0.0000
3.3057
0.0000
0.2642
1.0641
0.0000
0.0000
0.0000
3.2195
0.0000
0.0000
0.0000
0.0000
1.1492
0.0000
0.0000
0.0000
0.0000
0.0000
0.0000
0.0000
0.0000
2.7286
2.5007
0.0000
0.0000
0.0000
0.1617
0.0000
0.0000
0.0000
0.0000
0.0000
0.0000
0.0000
0.0000
2.8219
0.0000
0.0000
0.0212
2.1639
0.0000
0.0000
0.0000
0.0000
0.0000
0.0000
0.0000
0.0491
1.5413
2.1373
0.0000
0.0000
0.0000
2.8195
0.0000
0.0000
0.0000
1.9493
0.0000
0.0000
0.0000
0.0000
0.0000
0.0000
0.0000
0.0000
0.0000
0.0000
0.8378
0.0000
0.0000
0.0000
0.6769
0.0000
1.3940
0.0000
0.5269
0.7838
0.3121
3.2263
0.0000
0.0000
0.0000
0.0000
0.0000
0.0000
0.0000
2.6275
0.0000
2.2994
0.0000
0.0000
0.0000
0.0000
0.0000
0.0000
1.2308
0.0000
3.8309
0.0370
0.0000
0.0000
0.0000
0.0000
0.0000
0.0000
0.0000
0.0000
0.0000
4.3353
0.3162
0.0000
0.0000
0.0000
0.0000
0.0000
0.0000
0.0000
0.0000
0.0000
2.9581
0.6355
0.0000
0.0000
1.5442
0.0000
3.4205
0.0000
0.0000
0.0000
0.9076
0.0000
0.0000
0.0000
0.0000
2.1512
0.0000
0.0000
0.0000
0.0000
0.0000
0.0000
0.0000
0.5005
0.0000
0.1120
0.0000
0.5639
0.0000
0.8593
0.0000
0.0000
0.0048
0.0000
0.8368
0.0000
0.0000
1.1723
0.0000
0.0000
0.0000
0.0000
0.0000
0.0000
0.0000
0.2540
1.6628
0.0000
0.0000
0.0000
0.0000
0.0000
0.0000
0.0000
1.0806
0.0000
0.0000
0.0000
0.0000
0.9036
0.0000
0.0000
0.0000
0.0000
0.0000
0.0000
0.0000
0.0000
0.0000
5.7259
0.0000
0.0000
0.0000
0.0000
0.0000
0.0000
0.0000
0.0000
0.0000
0.0000
0.0000
0.0000
0.0000
1.0360
0.0000
0.0000
3.9826
0.7581
0.0000
0.0000
0.0000
0.0000
0.0000
0.0000
0.0000
0.0000
0.1742
2.4915
0.0000
0.0000
0.0000
0.0000
0.0000
0.0000
0.6212
0.0000
0.0000
0.0000
0.0000
0.0000
1.9308
0.0000
0.0000
0.0000
0.0000
0.7679
0.0000
0.0000
0.1808
0.0000
2.1224
0.0000
0.0000
0.0000
0.0000
0.0000
0.0000
0.6612
1.3150
0.0000
1.5989
0.0000
1.4205
0.0000
0.0000
0.0000
0.0000
0.0000
0.0000
2.6554
0.0000
0.0000
0.0000
0.0000
0.9858
0.4845
0.0000
0.0000
0.0000
0.0000
0.0000
0.0000
0.0000
0.3542
0.0000
0.0000
0.0000
0.4426
0.0000
1.0247
0.0000
0.0070
0.0456
0.0000
1.8013
0.9179
0.0000
0.0000
0.0000
0.0000
0.0000
0.0000
0.0000
0.0000
0.0000
0.0000
1.0451
0.0000
0.0000
3.3421
0.0000
0.0000
0.8688
0.0000
0.0000
0.0000
0.0000
0.0000
0.0000
0.3686
0.4263
0.0000
4.2121
1.3795
0.0000
0.0000
0.0000
0.0000
0.0000
0.0000
0.0000
0.0000
0.1825
0.0000
0.0000
0.0000
0.0000
0.0000
0.0000
0.0000
0.0000
1.2745
3.4871
0.0000
0.0000
0.0000
6.1017
0.0000
0.0000
0.0000
0.0000
0.0000
0.0000
2.3342
0.0000
0.0000
0.0000
0.0000
0.0000
0.0000
0.0000
0.0000
0.0000
0.0000
1.9373
3.0333
0.0000
1.4731
0.0000
0.2034
0.0000
0.0000
0.0000
0.3604
0.0000
0.1381
0.0000
0.0000
0.0000
0.0000
2.9426
3.9851
0.0000
2.0187
0.0000
0.0000
0.0000
0.0000
0.0000
0.0000
0.0000
0.0000
0.0000
0.0000
0.0000
1.0994
3.2918
0.0000
0.3502
0.0000
0.0000
0.0000
1.2264
0.0000
0.0000
0.0000
1.8076
0.0000
0.2542
0.0000
1.9615
0.0000
0.0000
0.7483
0.0000
0.1374
2.3786
0.0000
0.0000
0.0000
0.0000
0.0000
0.0833
1.5527
0.0000
0.0000
0.1564
0.0000
0.0000
0.6946
0.6027
2.7861
0.0000
0.0882
0.0000
4.3302
0.0000
0.0000
0.6326
0.6125
0.0000
0.0000
0.0000
3.1413
0.0000
0.0000
0.0000
0.1973
0.0000
0.0000
0.0000
0.0000
0.0000
0.0000
0.0000
0.1885
0.0000
6.0877
0.7843
0.6638
0.0000
1.8925
1.2459
1.7164
2.7507
0.0000
0.0000
2.4049
0.0000
0.0000
0.6787
0.0000
0.0000
3.3838
0.0000
0.0000
0.0000
0.0000
0.0000
0.0000
0.0000
0.0000
0.0000
0.0000
1.8117
0.0000
0.0000
0.7744
3.3385
0.0000
0.0000
0.0000
0.0000
0.0000
0.0000
0.0000
0.0000
0.0000
0.0000
0.0000
0.9408
0.8081
0.0000
0.0000
0.0000
0.0000
0.0000
0.0839
0.0000
0.0000
0.0000
0.8534
0.0000
0.0000
0.0000
0.0000
0.0000
0.0000
0.0000
0.0000
0.0000
2.0614
0.0000
0.0000
0.0000
0.0000
0.0000
0.0000
0.0000
0.0000
0.0000
0.0000
0.0000
0.0000
0.0000
0.0000
0.0000
0.5436
0.0000
0.0000
0.0000
1.5623
0.7080
0.6534
0.0000
0.0000
0.0000
0.0000
0.1180
0.0000
0.0000
0.0000
1.3268
0.0000
0.0000
0.0000
0.0000
0.0000
0.0000
0.0000
0.0000
0.0000
0.1621
3.1825
0.0000
0.0000
1.2450
5.5850
0.0000
0.0000
1.5946
3.0394
0.9844
0.0000
0.0000
0.0000
0.0000
0.0000
2.9162
0.0000
0.0000
0.0000
0.0000
0.0000
0.0000
2.7111
0.0000
3.3197
0.0000
0.0000
0.0000
0.0000
0.0000
0.0000
0.0000
0.0000
0.0000
2.9832
0.0000
0.0000
0.0000
0.0000
0.0000
0.0000
0.0000
0.0000
0.0000
4.1704
0.0000
1.0367
0.0000
0.0000
0.0000
0.0000
0.0000
0.0000
0.0000
0.0000
0.0000
0.2452
3.8307
0.0000
0.0000
0.0000
0.0000
0.0000
0.0000
0.0000
0.0000
0.7000
0.0000
0.0000
0.0000
1.7357
0.0000
0.0000
0.0000
0.0000
0.2171
0.0000
0.0000
0.6023
0.0000
0.0000
0.0000
1.3980
0.0000
0.0000
0.0000
3.1696
0.0000
0.7098
0.0000
0.8967
2.1299
0.0000
0.0000
0.0000
0.0000
0.0000
2.1863
0.0000
0.0000
0.0000
0.0000
0.0000
0.0000
1.2273
2.2130
1.6210
0.0000
0.8464
0.0000
1.0706
0.0000
0.0000
0.7295
0.0000
0.0000
0.0000
0.0000
0.0000
0.0000
0.1900
0.0000
0.0000
0.0000
0.0000
0.1386
1.3243
0.0000
0.0000
0.0000
0.0000
0.0000
0.0000
0.0000
0.1066
0.0000
1.8330
0.0000
0.0000
0.7490
0.0000
0.0000
0.0000
0.0000
0.2975
0.0000
0.1894
0.0000
0.9701
0.9938
0.0000
0.0000
0.0000
0.5744
0.0000
0.0000
0.0000
0.0000
0.0000
0.0000
0.0000
0.0000
0.0000
0.0000
0.0000
0.0000
0.0000
0.0000
0.0000
0.0517
0.0000
1.0447
0.0000
0.0000
0.0000
0.0000
0.0000
0.0000
0.0000
0.0000
0.0000
0.0000
0.0000
0.0000
0.0000
0.0000
0.0000
0.6183
2.0436
0.0000
0.0000
0.0000
0.0000
0.0000
0.0000
0.0000
0.0000
0.0337
0.0000
0.0000
0.0000
0.0000
2.2162
2.2581
0.0000
1.4074
0.0000
0.0000
0.0000
0.0000
0.0000
0.0000
0.0300
0.0000
0.0000
0.0000
0.6104
3.0071
1.2286
0.0000
0.0000
0.0000
0.0000
0.0000
7.4206
0.0000
2.8590
0.0000
0.0000
0.0000
0.0000
0.4820
2.4151
3.6007
0.0000
0.0000
0.0000
0.0000
0.0000
0.0000
0.0000
0.4982
0.0000
0.0000
0.0000
0.0000
0.0000
0.0000
0.0000
0.0000
0.0000
2.3877
0.0000
1.2280
0.0000
0.0000
0.0000
0.0000
0.0000
1.4706
0.0000
2.2702
0.0000
0.0000
1.3411
0.0000
0.0000
2.2151
0.0000
0.0000
0.0000
0.0000
0.0000
0.0000
0.0000
0.1144
0.0000
0.0000
0.0000
0.0000
0.0000
2.0119
0.0000
2.6586
0.0000
0.0000
0.0000
0.0000
0.0000
0.0000
0.0000
0.0000
0.0000
0.0000
3.5707
0.0000
4.2292
0.0000
0.0000
0.0000
0.0000
0.0000
0.0000
0.0000
0.0000
0.0000
0.0000
0.0000
0.0000
0.0000
1.6645
0.0000
0.0000
0.0000
0.0000
0.0000
0.0000
0.0000
0.0000
1.3602
5.0596
0.7726
0.0000
0.8248
0.0000
0.0549
0.0000
0.0000
0.0000
0.0000
0.0000
0.0000
0.0000
0.0000
0.0000
0.0000
2.3929
0.4524
0.0000
0.0000
0.0000
0.0000
0.1631
0.2127
0.0000
0.0000
2.5606
0.0000
0.0000
0.0000
0.5936
0.0000
0.0000
1.7905
4.4551
1.6952
0.4518
0.0000
0.0000
0.0000
0.0000
0.0000
0.2842
0.0000
0.0000
0.0000
0.0000
0.0000
0.0000
0.0000
0.0000
1.8780
0.9691
0.0000
0.0000
0.0000
0.0000
0.0000
0.0000
0.0000
0.0000
0.0000
0.0000
0.0000
0.0000
3.1405
0.0000
0.0000
0.0000
0.0000
1.3486
0.0000
0.0000
0.9610
0.7927
2.1945
0.0000
0.5963
0.0000
0.0000
0.2603
0.0000
0.3378
2.2908
0.0000
0.0000
0.0000
0.0000
0.0000
5.0826
1.1468
0.0000
0.0000
0.0000
0.0000
0.0000
0.0000
0.0000
0.0000
0.0000
1.0806
0.0000
0.0000
0.4067
0.0000
0.0000
0.2678
0.0000
1.1459
0.0000
0.0000
0.0000
0.0000
1.4518
0.0000
0.0000
0.0000
1.1522
0.0000
4.4514
0.0000
0.0000
0.0000
0.0000
0.0000
0.0000
0.0000
0.0000
0.0000
0.5221
0.0000
0.0000
0.0000
0.3373
0.3643
0.7758
1.8546
0.0000
0.0000
0.0000
0.0000
1.3421
0.0000
0.0000
0.0000
1.2041
2.7239
0.0000
0.0000
0.0000
0.0000
0.0000
0.0000
0.0000
0.0000
0.0000
0.0000
0.0000
0.0000
0.0000
1.3617
0.0000
2.8965
0.0000
0.0000
1.7939
0.0000
0.4583
1.3509
0.5953
0.0000
0.2649
3.8673
2.7087
2.6035
0.0000
0.0000
0.0000
0.0000
0.0000
0.0000
2.4540
0.0000
0.0000
0.0000
0.0000
0.0000
0.0000
0.0000
0.0000
2.1729
0.0000
0.0000
0.0000
0.0000
0.0000
0.0000
0.0000
0.0000
1.1732
0.0000
0.0000
0.6645
0.0000
0.0000
0.0000
0.0000
0.0000
0.0000
0.0000
0.0000
0.0000
0.0000
0.0000
0.0000
0.0000
0.0000
0.0000
1.4983
2.5869
0.0000
0.0000
0.0000
4.8296
0.0000
0.0000
0.0000
0.0000
0.0000
0.9096
1.2665
3.8558
0.5191
0.0000
0.0000
2.4566
0.0000
0.8992
0.0000
0.1091
0.0000
0.0000
0.0000
0.0000
0.0000
0.0000
0.0000
0.0000
0.9064
0.3385
0.0000
0.4925
0.0000
0.0000
0.0000
0.0000
0.0000
0.0000
0.0000
4.7592
0.0000
0.3407
3.0275
0.0000
0.0000
0.4938
0.8597
0.0000
1.1050
3.1920
1.2575
0.0000
1.0717
0.0000
0.2307
3.3070
0.0000
3.4158
1.5790
0.0000
2.5087
0.0000
0.0000
0.0000
0.0000
0.0000
0.9086
2.8857
3.3301
0.0000
0.0000
3.7018
0.0000
3.4407
0.0000
0.0000
0.0000
0.0000
0.0000
0.0000
0.0000
0.3355
0.0000
0.4957
0.5397
0.0000
1.8815
0.0000
0.0000
0.0000
0.0076
0.0000
0.0000
0.0000
2.2069
0.3682
0.0000
0.0000
1.2891
0.0000
0.0000
3.5385
0.0000
0.0000
0.0000
0.0000
0.5784
0.0000
0.0000
0.0000
0.0000
0.0000
0.0000
0.0000
0.0000
1.5126
0.0000
0.0000
0.0000
0.0000
3.3602
0.0000
3.8507
1.6328
1.4861
0.0000
0.0000
0.0000
0.0000
0.0000
0.0000
3.1210
0.0000
0.2938
0.0000
0.0000
0.0000
0.0000
2.8596
0.0000
0.0000
0.0000
0.0000
0.0000
0.0000
0.0000
0.0922
0.0000
0.0000
0.3199
0.0000
0.0000
0.0000
0.0000
0.0000
0.0000
0.0000
0.0000
0.0000
0.6379
0.3393
1.4752
0.0000
0.0000
0.0000
0.0000
0.0000
0.4622
0.0000
0.0000
0.0000
0.0000
1.1884
0.0000
0.0583
0.0000
3.0029
0.0000
0.0000
0.0000
1.2368
0.0000
0.0000
0.0000
0.0000
0.8857
0.0000
0.0000
0.0000
0.0000
0.0000
1.0305
0.0000
0.0000
0.0000
0.0000
0.0000
0.0000
0.0000
2.3960
0.0000
0.0000
0.0000
0.6328
0.0000
0.0000
0.0000
0.0000
0.0000
0.4558
0.0000
0.0000
0.0000
0.0000
1.8437
1.1287
0.0000
0.0000
3.8802
0.0000
0.0000
0.0000
3.3195
1.1636
0.2816
0.0000
0.0000
0.0000
0.0000
0.0000
0.0000
0.0000
0.8017
0.0000
0.7400
0.2810
0.0000
0.0000
0.0000
0.0000
0.0000
0.0000
0.0000
1.0337
0.0000
0.0000
1.1714
3.7417
1.7293
0.0000
0.0000
0.0000
0.0000
0.0000
0.0000
0.0000
2.8378
0.5040
0.0000
2.3191
3.9302
0.0000
0.0000
0.0000
1.2059
0.9984
0.0000
0.0000
0.6720
0.0000
0.0000
0.0000
0.0000
0.0000
0.6440
0.0000
0.0000
0.0000
0.2508
1.8430
0.0000
0.9087
0.0000
0.0000
0.0000
0.0000
1.8411
0.0000
0.0000
0.0000
0.0000
0.7514
0.0000
0.0000
0.0000
0.0000
0.0000
0.0000
0.0429
0.0000
0.0000
0.0000
0.1645
1.3789
3.1428
1.5992
0.0000
0.0000
0.0000
0.8370
1.3162
0.0000
0.0000
0.0000
0.0000
0.0915
0.0000
0.0000
0.0000
0.0000
0.3631
0.0000
0.0000
0.7389
0.0000
0.0000
1.0680
2.5937
0.0000
0.0000
0.0000
0.0000
0.0000
0.5178
0.0000
1.7876
0.0000
0.0000
0.1009
1.7279
0.0000
0.0000
0.0241
0.0000
0.0000
0.0000
0.0000
0.0000
0.0000
0.0000
0.0000
0.0000
0.0000
0.0000
3.4773
0.2120
2.4173
0.0000
0.0000
0.0000
0.0000
0.0000
1.8469
0.0000
0.0000
0.0000
0.0000
0.0000
0.0000
0.0000
0.0000
0.0000
0.0000
0.0000
0.0000
0.0000
0.0000
0.9335
0.0000
0.0000
3.2553
0.0000
0.0000
0.0000
0.0000
1.8379
0.0000
1.1501
0.0000
0.0000
0.6439
4.9783
0.0000
1.7497
0.6044
3.0059
0.2522
0.0000
0.0000
0.0000
0.3693
0.0000
0.0000
0.0000
0.0000
0.9963
0.0000
3.2735
0.0000
0.0000
0.0000
0.0000
0.0000
2.4988
0.0000
0.0000
3.2545
0.0000
0.4558
0.0000
0.0000
0.0000
0.0000
2.6297
0.0000
0.0000
0.0000
0.7179
0.0000
0.0000
0.0000
0.0000
0.5449
0.0000
0.0000
0.0000
0.0000
0.0000
1.0917
2.7600
2.2125
0.0000
0.0000
0.0000
1.1535
0.2301
0.0000
0.0000
0.0000
0.0000
1.2725
3.8832
0.0000
0.0000
0.0000
0.0000
0.0000
0.0000
0.0000
0.0000
0.0000
0.0000
0.0000
0.0852
0.0000
0.9072
0.0000
0.0000
1.5054
0.0000
0.0000
0.0000
0.0000
0.0000
0.0000
0.0000
0.0000
0.0000
0.1208
2.0672
0.0000
0.0000
1.2656
0.2508
0.0000
0.0000
0.0000
0.0000
0.0000
2.2099
0.0000
0.0000
0.0000
0.0000
0.0000
0.0000
0.0000
0.0000
0.0000
0.0000
0.0000
0.0000
2.0441
0.0000
0.0000
0.0000
1.8548
0.0000
0.0000
0.0000
2.0093
0.0000
0.0000
0.0000
0.0000
0.0000
0.0000
2.9851
1.7683
0.0000
0.0000
0.0000
0.0000
3.5005
0.0000
0.0000
0.0000
0.0000
0.0000
1.1507
1.3084
0.0000
1.2431
0.0000
0.0000
0.0000
0.0000
0.0000
0.0000
0.0000
2.7665
0.0000
0.0000
0.0000
0.0000
0.0000
0.0000
0.0000
1.9004
0.0000
0.0000
0.0000
0.0000
0.0000
0.0000
0.0000
0.0000
0.0000
0.0000
0.0000
0.0000
0.6378
0.0000
0.0000
0.0452
1.3758
2.2756
0.0000
0.0000
0.4373
0.0000
0.9668
0.0000
0.0000
0.0720
0.0000
0.0000
1.3633
0.0000
1.0018
0.0000
0.0000
0.0000
1.0721
0.0000
0.0000
0.0000
0.0000
0.0000
1.6752
0.0000
0.0000
0.0000
0.0000
0.0000
0.0000
1.5225
0.0000
0.0000
0.0000
2.8888
0.0000
0.0000
0.1301
0.0000
0.0000
0.0000
0.0000
0.0397
2.4737
2.4015
0.0000
0.0000
0.0000
2.1088
7.5566
0.0000
0.0000
1.2016
0.0000
0.0000
0.0000
0.0000
0.0000
0.0000
0.0000
0.0000
0.0000
0.0000
0.0000
0.0000
0.0000
0.0000
0.6253
0.0000
0.0000
0.0000
0.0000
0.0000
0.0000
0.0000
0.0000
1.8916
0.0000
0.0000
0.0000
0.0000
0.0000
0.3710
0.0699
0.5997
0.0000
1.9731
0.0000
0.0000
0.0000
1.4972
0.0000
0.0000
0.5027
0.0000
0.0000
0.0000
0.0000
0.0000
0.2262
0.0000
0.0000
1.4971
0.0000
0.0000
0.0000
0.0000
0.0000
0.0000
0.0000
0.2603
0.0000
0.0000
0.0000
2.2950
0.4240
0.2261
0.0000
0.0000
0.0000
0.0000
0.0000
0.0000
0.0000
0.0000
0.0000
0.0000
0.0000
0.0000
0.0000
0.0000
0.0000
0.0000
3.8033
0.0000
1.2070
1.7064
0.0000
0.0000
0.0000
0.0000
0.0000
0.0000
0.0000
0.0000
0.0000
0.0000
0.0000
0.0000
0.5705
0.0000
0.0000
0.0000
0.0000
0.0000
0.0000
0.0000
0.0000
3.5294
0.0000
0.0000
0.0000
0.0000
0.0000
0.0000
0.7369
0.0000
1.4129
0.0000
0.0000
0.0000
0.0000
0.0000
0.0000
0.7752
2.5593
2.0942
0.0000
0.0000
0.0000
0.0000
0.0000
0.0000
0.0000
3.8248
0.0000
0.0000
0.2130
0.0000
2.4031
2.0781
0.0755
0.0000
0.0000
0.0000
0.0000
0.3512
0.0000
1.5078
0.0000
0.0000
0.0000
0.0000
0.0000
0.0000
0.0000
0.0000
1.0998
0.6296
0.0000
0.0000
0.1948
0.0000
0.9710
0.0000
0.0000
0.3343
0.0000
1.3939
0.0000
0.0000
0.0000
0.2315
0.0000
0.9037
0.0000
0.0000
1.4150
0.0257
0.0000
2.4691
0.0000
2.0585
0.0000
0.0000
0.0000
0.0000
0.0000
0.0000
0.0000
0.0000
0.0000
0.6717
0.0000
0.0000
2.6269
0.0000
0.0000
0.0000
0.0000
0.0000
1.5891
0.0000
0.0000
0.0000
0.0000
0.0000
1.3335
0.0000
0.0000
0.0000
0.0000
0.0000
0.0000
0.0000
0.0000
0.0000
0.0000
0.0000
2.6514
0.0000
0.0000
0.0000
0.0000
0.8501
0.0000
0.2682
5.5891
0.0000
0.0000
0.0000
0.0000
0.0000
0.0000
0.0000
0.0000
0.0000
2.9840
0.0000
0.0000
0.0000
0.0000
2.5669
1.1397
0.0000
2.4209
0.0000
0.0000
0.0000
0.0000
0.0000
1.6482
0.0000
3.7695
1.4643
0.0000
0.0000
0.0000
2.4235
0.0000
2.2208
0.0000
0.0000
0.0000
0.0000
0.0000
0.8383
0.0000
0.0000
1.5614
0.0000
0.0000
0.0000
1.7484
1.5644
0.0000
0.0000
3.7018
0.0000
0.0000
0.8705
0.0000
0.6122
0.0919
0.0000
0.0000
0.0000
0.0000
0.0000
0.0000
1.3141
3.2389
2.7032
0.0000
2.6158
1.6091
0.0000
0.0000
0.0000
0.0000
0.0000
0.0000
3.2496
0.0000
0.0000
4.0331
0.0000
0.0000
0.0000
0.0000
0.8153
0.6053
1.3191
2.7550
0.0000
0.0000
0.0000
1.8484
0.3805
2.1696
2.5890
0.0000
0.0000
2.4612
0.0000
0.9728
0.0000
0.0000
1.3777
0.0000
0.2539
0.0000
0.0000
0.0000
1.3404
0.0000
0.0000
0.0000
0.0000
0.0000
0.5104
0.0000
0.0000
0.4878
1.4000
0.0000
1.1760
0.0000
0.0000
0.0000
0.0000
1.3409
0.0000
0.0000
0.0000
0.0000
0.0000
0.0000
0.0000
0.0000
0.0000
0.0000
0.0000
0.0000
0.0000
1.6152
0.0000
0.0000
0.0000
1.3600
0.0000
0.0000
1.6766
1.2452
0.0000
0.0000
0.0000
0.0000
0.0000
0.0000
0.6055
0.0000
0.1850
0.0000
0.0000
3.4731
0.0000
0.0000
1.6633
0.0000
0.0000
0.0000
0.7280
0.0000
1.2013
0.0000
0.0000
0.0000
0.6083
0.0000
0.0000
0.0000
0.5536
0.0000
2.0756
0.9099
0.0000
0.0000
0.0000
0.0000
0.0000
0.0000
0.0000
0.0000
1.7890
0.0000
0.0000
1.4677
0.0000
0.0000
0.0000
0.0000
0.5179
0.0000
3.5299
0.4790
0.0000
0.9975
3.6405
0.0000
0.0000
0.0000
0.0000
0.0000
0.0000
0.0000
0.0000
0.0000
0.6113
0.0000
0.9302
1.5325
0.0000
0.0000
0.0000
0.0000
0.1776
0.0000
1.0642
1.5440
3.3030
1.9228
0.0000
0.0000
0.0000
0.0000
0.0000
1.5463
1.9199
0.0000
0.0000
0.0000
0.0000
0.2627
0.0000
2.8180
2.0981
0.0000
0.0000
0.0000
0.0000
3.8935
0.0000
0.0000
0.0000
0.0000
0.0000
0.0000
0.0000
0.0000
0.0000
0.0000
0.0000
0.0000
0.0000
0.0000
0.0000
0.0000
1.6732
0.8219
0.0000
0.0000
0.0000
0.0000
0.0000
0.0000
4.9693
0.2512
0.0000
0.0000
0.2957
0.0000
0.0000
0.0000
1.7888
0.0000
0.0000
1.7364
5.9832
0.2324
0.0000
0.0000
0.0000
0.0000
0.0000
0.0000
0.0000
0.0000
0.0000
4.2843
0.8716
3.9490
0.0000
0.0000
0.0000
0.0000
0.0000
0.0000
0.0000
0.0000
1.7187
0.0000
0.0000
0.0000
0.0000
0.0000
0.0000
0.0000
0.0000
0.0000
0.0000
0.0000
0.0000
0.0000
2.8524
1.1224
0.8629
0.2692
0.0000
1.0030
0.0000
0.8779
1.7076
0.0000
0.0000
0.2980
0.0000
0.0000
0.0000
0.0000
0.0000
0.0000
0.0000
0.0000
0.0000
0.0000
0.0000
0.0000
0.0000
2.0640
0.0000
1.6625
0.0000
0.0028
0.0000
0.0000
0.0000
0.0000
0.0000
0.8121
0.0000
0.0000
0.0000
0.4017
0.0000
0.0000
1.5589
0.0000
1.0173
0.0000
1.4321
0.0000
1.8094
0.0000
0.0000
0.0000
0.0000
0.0000
0.0000
0.0000
0.0000
0.0000
0.0000
0.0000
0.0000
0.0000
0.0000
0.0000
0.0000
0.0000
0.0000
0.1628
0.0000
0.0000
0.0000
0.5337
0.2374
0.0000
1.9314
0.7296
1.5664
2.9869
3.0147
0.0000
0.9091
0.0000
0.0000
0.0000
0.0000
0.0000
0.0000
0.0000
0.0493
0.0000
0.0000
0.0000
0.8562
0.0000
0.0000
0.0000
1.8926
1.3925
0.0000
0.7290
3.2700
1.2363
0.0000
0.5118
0.0000
0.0000
0.6361
6.3849
0.0000
0.0000
0.0000
0.0000
2.7971
0.0000
0.0000
1.5857
0.0000
0.0000
4.7330
0.0000
0.0000
0.0000
0.0000
0.0000
0.0000
1.7511
0.0000
0.0000
0.0000
0.0000
0.0000
1.3866
0.0000
0.0000
0.2607
0.3323
0.0000
0.0000
0.0000
0.0000
0.0000
0.5232
0.0000
0.0000
0.0000
0.0000
0.0000
2.6503
0.0000
0.0000
0.0000
0.0000
0.0000
0.3928
0.0000
0.0000
0.0000
0.0000
0.0000
0.3732
0.0000
0.0000
0.0000
4.3018
0.0000
0.0000
1.9891
0.0000
0.0000
0.0000
0.3506
0.0000
0.0000
0.0000
3.2934
0.0000
0.0000
1.9246
0.0000
0.5362
1.4614
0.0000
0.0000
0.0000
0.0321
0.0000
0.0000
0.0000
0.0000
0.0000
0.9494
0.0000
0.0000
0.0000
0.0000
0.0000
0.0000
3.4982
0.8827
0.8749
0.0000
0.0000
0.0000
0.0000
0.5147
0.0000
0.0000
0.0000
1.6097
1.3339
0.0000
0.0000
5.6851
0.0000
0.8282
0.7572
3.3391
0.0000
0.0000
0.0000
0.0000
0.0000
0.0000
0.0000
0.0000
0.1452
0.0000
0.0000
0.0000
0.0000
0.0000
0.0000
0.0000
0.0000
0.0000
0.4057
0.0000
0.0000
0.0000
3.3578
0.0000
0.1778
0.0000
3.9568
0.0000
0.0000
0.0000
0.0000
0.0000
0.0000
0.0000
0.0000
0.0000
1.2001
0.0000
0.0000
0.0000
0.0000
0.0000
0.0000
0.0000
0.0000
0.0000
0.0000
0.0000
0.0000
0.0000
1.5667
0.0000
0.0000
0.0000
0.0000
0.2875
0.2012
0.0000
0.0000
0.0000
0.0000
0.3202
0.0000
0.5765
0.0000
0.0000
0.0000
0.0000
0.0000
0.0000
1.3445
0.0000
0.0000
0.0000
0.0000
2.8078
0.0000
0.3336
0.0000
0.0000
0.0000
0.9180
1.4458
0.5000
0.0000
0.1775
2.2822
0.0000
4.3543
0.0000
0.8801
0.0000
0.0000
0.0000
0.0000
0.0000
0.0000
2.9757
1.2463
0.0000
0.0000
0.0000
0.0000
0.0000
0.0000
0.0000
0.0000
0.0000
0.0000
0.0000
0.0000
0.0000
0.8679
0.0000
1.0455
0.2341
0.0000
0.0000
0.5887
0.0000
0.0000
0.0000
0.5142
0.0000
0.8216
0.0000
2.9775
0.0000
0.0000
1.0299
0.0000
0.0000
3.8328
0.0000
0.0000
0.0000
0.0000
0.0000
0.0000
0.0000
0.0000
0.0000
0.0000
2.7429
2.0317
0.0000
0.0000
0.0000
0.0000
0.0000
0.0000
0.0000
0.0000
0.0000
3.5216
0.0000
0.1687
0.0000
0.1673
0.0000
0.0000
2.1853
0.0000
0.0753
0.0000
0.0000
0.0000
0.0000
0.0000
0.0000
0.0000
0.0000
0.0000
4.3111
0.0000
0.0336
0.0000
0.0000
0.0000
0.0000
0.0000
0.0000
0.0000
0.0000
0.0000
0.0000
0.0000
0.7300
0.0000
0.0000
1.8943
0.0000
0.0000
1.5878
0.0000
0.0000
0.0000
0.0000
0.0000
0.0000
0.0000
1.0480
0.0000
0.0000
0.0000
0.0000
0.0000
0.0000
0.0000
0.0000
0.0000
0.5163
0.0000
0.0000
0.0000
0.6027
0.0000
1.8604
0.0000
0.0000
0.0000
0.0000
0.0000
1.7401
0.0000
0.0000
0.0000
4.5911
1.9128
0.0000
0.0000
0.7409
0.0000
0.0000
0.0000
0.0000
2.1305
0.0000
2.3658
0.0000
0.0646
0.0000
2.5983
0.0000
0.1603
0.0000
2.2942
1.7906
0.0000
0.0000
0.0000
0.0000
0.0000
0.0000
0.0000
0.0000
0.0000
0.0000
0.0000
1.3631
0.0000
0.0000
5.4765
0.0000
0.0000
0.8316
0.0000
1.8864
0.0602
0.0000
0.0000
0.0000
0.0000
0.0000
0.3886
4.4628
0.0000
0.0000
0.0000
0.0000
0.0000
0.0000
3.5777
3.0734
1.0505
0.0000
0.0000
0.0000
0.0000
0.0000
3.6028
0.0000
1.8914
0.0000
0.0000
3.2023
0.0000
0.0000
0.0000
0.0000
0.0000
0.0000
1.6048
0.0000
0.0000
0.6235
0.0000
0.0000
0.0000
0.0000
0.0000
0.0000
0.4458
0.0000
0.0000
0.0000
3.0250
0.0000
0.0000
0.0000
0.0000
0.0000
0.0000
0.0000
4.3093
0.0000
1.1877
0.0000
1.1195
0.0000
0.0000
0.0000
0.0000
0.0000
0.3352
0.0000
4.7104
0.0000
0.0000
0.0000
0.0000
0.0000
0.0000
0.0000
0.0000
0.0000
0.0000
0.5166
0.0000
0.0000
0.0000
0.0000
3.0220
8.4308
0.0000
0.0000
0.0000
0.0000
0.0000
0.0000
0.0000
0.0000
0.0000
0.1889
2.7259
0.0000
0.5235
3.6351
0.0981
0.0000
0.0000
0.0000
0.0000
3.5500
1.6397
0.0000
0.0000
0.0000
0.0000
0.0000
1.7894
0.0000
6.2467
0.0000
1.5164
0.0000
0.0000
0.0000
0.0000
0.8431
0.0000
0.0000
0.1637
1.6377
0.0000
0.0000
0.0000
0.0000
4.2177
0.0000
0.0000
0.0000
1.4231
0.0000
0.0000
0.0000
0.0000
0.0000
0.0000
1.7581
0.0000
0.3284
0.0000
0.0000
0.9004
0.0000
0.0000
0.0000
0.2140
0.0000
0.0419
1.5458
0.6627
1.0788
0.0000
0.0000
0.3386
0.0000
0.0000
0.2594
0.0000
0.0000
0.0000
1.7342
0.0000
0.0000
0.0000
0.8074
0.0000
0.0000
0.0000
0.0000
0.0000
0.0000
0.5639
0.0000
0.0000
0.0000
0.0000
4.0038
0.0000
0.0000
0.0000
0.0000
0.0000
2.3793
0.0000
0.0000
0.0000
0.0000
1.7462
0.0000
0.0000
0.1795
0.8430
0.0000
0.0000
0.0000
0.0000
0.4949
0.0000
1.6580
0.0000
0.0000
0.0000
1.2654
0.0000
0.0000
0.0000
0.0000
0.0000
0.0000
1.2498
0.0000
0.0000
0.0000
0.0000
0.0000
0.0000
0.0000
0.0000
3.7045
0.0000
0.0000
3.6382
1.8694
0.0000
0.0000
0.0000
0.0000
0.0000
0.9448
0.0000
0.0000
0.6856
0.0000
0.1386
0.6878
0.0000
0.0000
1.9996
0.0000
0.6406
0.0000
0.0000
0.0000
0.0000
0.3073
3.8408
0.0000
0.0000
0.0000
0.0000
0.0000
0.6059
0.8147
0.0000
0.2645
0.0000
0.8916
0.0000
0.0000
0.0000
0.0000
0.0000
0.0000
0.6454
1.7847
0.0000
0.0000
0.0000
0.6121
0.0000
1.5960
0.0000
0.0000
0.9253
0.0000
0.0000
0.0000
0.0000
0.0000
0.0000
0.0000
0.0000
0.0000
0.8279
2.0032
0.0000
1.3028
0.0000
0.0000
0.0000
0.0000
0.6330
0.0000
0.0000
0.0000
0.0000
0.8629
0.0000
1.7505
0.0000
0.0000
0.0000
0.0000
0.0000
1.1092
0.6359
1.1799
0.0000
0.1659
0.0000
0.0000
0.0000
0.0000
1.8380
0.0000
0.0000
0.0000
0.0000
0.0000
0.1128
1.8442
0.0000
0.0000
0.0000
0.0000
0.0000
0.0000
0.0000
0.0000
0.0000
0.3734
0.0000
2.5455
0.8822
1.4162
0.0000
2.4688
0.0000
0.0000
0.9787
0.0000
0.0000
0.0000
2.1702
0.0000
0.0000
0.0000
0.0000
0.0000
4.4430
1.0559
0.0000
0.0000
0.0000
0.0000
0.2024
0.0000
0.0000
0.0000
0.6312
0.0000
0.0000
0.0000
0.0000
0.0000
0.0000
0.0000
0.0000
0.0000
0.0000
0.0000
4.1626
0.0000
0.0000
4.4829
1.2387
0.0000
0.0000
0.0000
0.0000
0.0000
0.0000
0.0000
0.0000
0.0000
0.3540
0.6519
0.6547
0.0000
1.7227
0.0000
0.4698
0.0000
0.8718
0.7730
0.0000
0.0000
0.0000
0.0000
3.2693
0.0000
0.0000
0.0000
1.4420
0.0000
0.0000
0.0000
0.0000
0.0000
0.0000
0.0000
0.0000
0.0000
1.2920
1.5348
1.5723
0.0000
0.0000
0.0000
0.0000
0.0000
0.0000
0.0000
1.3501
0.0000
0.0000
0.0000
0.0000
0.0000
0.0000
0.0000
0.0000
0.0000
0.0000
0.0000
0.0000
0.0000
0.0000
0.2435
0.0000
0.0000
0.0000
0.0000
0.0000
0.0000
3.4786
0.3747
0.0000
0.0000
0.0000
1.7473
1.3156
0.0000
0.1152
0.0000
1.6535
2.9587
0.0000
0.0000
0.0000
3.6353
0.0000
0.0000
0.0000
0.0000
0.0000
0.0161
2.1863
0.0000
0.7762
0.0000
0.0000
0.0000
4.8009
0.0000
0.0000
0.0000
0.0000
0.0000
0.0000
4.4718
0.0000
0.0000
0.0000
0.0000
0.0105
0.0000
0.0000
0.0000
0.8510
0.0000
0.0000
0.0000
0.0000
0.0000
0.0000
0.0000
0.0000
0.0000
4.5323
0.0000
2.1054
0.0000
0.0000
0.5930
0.0000
3.5294
0.0000
0.9336
0.0000
0.0000
0.0059
0.0000
0.0000
0.0000
2.6087
0.0000
0.0000
2.8203
0.0000
0.0000
0.0000
0.0000
0.0000
0.0000
0.3677
0.0000
0.0000
0.0000
2.5932
0.4366
0.0000
0.0000
0.0000
0.0000
0.0889
0.0000
0.0000
2.9525
3.4545
0.0000
0.0000
0.7756
0.0000
7.4310
1.6157
0.0000
0.0000
1.7277
0.0905
0.0000
0.0000
0.0000
0.1668
0.0000
0.0000
0.0000
3.0970
0.9150
1.5139
0.0637
0.0000
2.2767
0.0000
0.0000
0.0000
0.0000
0.0000
2.4609
0.0000
0.0000
0.4258
0.0000
0.0000
0.0000
1.4401
0.0000
1.2708
0.0000
0.0000
0.0000
0.0000
0.0000
0.0000
0.7190
0.0000
0.3968
0.0000
1.0259
0.0000
0.0000
0.0000
0.0000
0.0000
0.0000
0.3128
0.0000
0.0000
0.0000
0.0000
0.0000
0.0000
0.0000
0.0000
0.0000
0.0000
0.0000
0.0000
1.7012
0.0000
1.3130
0.0000
1.6773
0.8409
0.0000
1.1875
0.0000
0.0000
0.0000
0.0000
0.7223
0.0000
0.0000
0.0000
0.0000
1.5130
0.0000
1.2082
0.9834
0.0000
1.5067
0.0000
0.6176
0.0000
0.0000
0.0000
2.1730
2.6550
2.6678
0.0000
0.0000
0.2964
0.0000
0.0000
0.0000
0.0000
0.0000
0.1312
0.0000
0.0000
0.0068
0.0000
0.0000
5.1051
1.6375
0.9076
0.0000
0.0000
0.0000
0.0000
0.0000
0.0000
0.6142
0.0000
0.8236
1.1786
0.0000
4.9278
0.0000
0.0000
0.0000
4.0770
1.2299
1.9233
0.0000
0.0000
0.0000
0.6088
0.0000
0.0000
0.0000
0.0000
0.0000
0.0000
0.0000
0.0000
0.8081
0.0000
0.0000
0.0000
0.0000
0.0000
0.0000
0.0000
1.9181
0.0000
3.1589
0.7738
2.3857
1.4915
0.0000
0.0000
0.7812
0.0000
0.0000
0.0000
0.0000
2.4394
0.0000
5.8689
0.6147
0.0000
6.7258
0.2616
0.8814
0.0000
0.0000
3.1744
0.0000
0.1100
0.0000
0.0000
0.0000
0.0000
0.0000
0.9602
0.0000
1.0287
0.0000
0.0000
0.0000
0.0000
0.0000
1.0674
0.0000
0.0000
0.0000
0.0000
0.0000
0.0000
