0.0000
0.0000
0.0000
0.0000
2.2258
0.8893
0.0000
0.0000
0.0000
3.3222
1.2674
0.0000
0.0000
0.6880
0.0000
0.0000
0.0000
0.0000
0.0000
0.0000
0.0000
0.0000
2.1745
0.0000
0.5705
0.0000
0.0000
2.1685
0.0000
0.0000
0.0000
0.0000
1.1291
0.0000
3.4671
0.0000
0.0000
0.0000
1.3342
3.5318
0.0000
0.0000
0.0000
0.0000
0.0394
1.0144
0.0000
0.0000
0.0000
0.0000
0.0000
0.0000
0.0000
0.0000
0.0000
0.0000
0.0000
0.0000
0.0000
0.0000
0.0000
0.0000
0.0000
2.0924
0.0000
0.1331
0.0000
0.0000
0.9505
0.0000
0.0000
1.9279
0.0000
0.0000
0.0000
1.6293
0.0000
0.0000
0.0000
0.0000
0.8730
0.0000
0.0000
0.0000
0.0000
0.0000
1.3722
1.8709
3.1629
0.0000
1.5184
0.0000
0.0000
1.1964
0.0000
0.0000
0.0000
0.0000
0.7762
0.0000
0.6400
0.0000
0.3993
0.0000
0.0000
0.0000
0.0000
0.1495
0.5559
1.4742
0.0000
0.0000
0.5202
0.7348
0.0000
0.0000
0.0000
0.0000
0.0000
0.0000
5.0845
0.0000
2.9271
0.0000
0.5324
0.0000
0.0000
0.0000
0.0000
2.5318
0.0000
0.0000
0.0000
0.0000
3.7902
0.3384
0.6685
1.8538
0.0000
1.2650
1.5528
0.0000
1.2199
1.2171
1.6968
0.0000
0.0000
2.5980
1.1313
0.0000
0.0000
0.6552
0.1101
0.0000
0.0000
0.0000
0.0000
2.3762
0.3573
0.0000
0.9915
0.0000
0.0000
0.0000
0.0000
3.8955
0.0000
0.0000
0.0000
2.3245
0.0000
0.0000
0.0000
0.0000
0.0000
0.0000
0.0000
0.0000
0.0000
7.0376
3.4960
1.9523
0.0000
0.0000
0.0000
0.0000
0.1552
0.9895
0.5034
1.2709
0.0000
0.0000
0.0000
0.0000
0.6058
0.0000
0.0000
0.4192
2.2005
3.8357
0.0000
0.0000
0.0000
0.0000
0.0000
0.0000
0.0000
0.0000
0.2169
0.0000
0.0000
0.0000
0.0000
1.3773
0.7797
0.0000
0.0000
0.0000
0.0000
0.0000
0.0000
0.0000
0.0000
0.0000
0.0000
0.0000
1.0989
1.4940
0.0000
0.0000
0.0000
0.0000
0.0000
0.0000
1.7690
0.0000
1.1164
0.0000
2.6106
0.0000
0.0000
0.0000
0.0000
0.0000
0.0000
0.0000
0.0000
0.0000
0.3480
0.0000
0.0000
0.0000
0.0000
0.0000
0.0000
2.5464
0.0000
0.0000
0.0000
0.0000
0.0000
0.0000
0.0000
0.0000
0.0000
0.0000
2.4038
1.1042
0.0000
1.8990
2.3309
0.0000
0.0000
3.6091
0.0000
0.0000
0.0000
0.0000
0.2336
0.0000
3.0645
0.6535
0.6388
0.0000
0.0000
0.4905
0.7285
0.0000
0.0000
0.0000
0.0000
0.0000
0.0000
1.4403
1.9315
0.0000
0.0000
0.0000
0.0000
2.5132
0.0000
0.0000
0.0000
0.0000
1.6156
0.0000
0.0000
0.0000
0.0000
0.0000
0.0000
0.9820
0.0000
0.6003
0.0290
0.0000
0.0000
0.0000
0.0000
2.2480
0.5913
2.2086
0.5010
0.1590
0.0000
2.6594
0.0000
0.0000
0.0000
2.2984
0.0000
0.0000
0.0000
0.0000
0.0000
1.4168
2.0177
0.0000
0.0000
2.9379
0.0000
0.0000
0.0000
0.0000
0.0000
3.7698
0.0000
0.0509
0.0000
0.0000
0.0000
2.8555
0.8308
0.0000
2.9205
2.0044
0.0000
0.0821
0.0000
0.0000
0.0000
0.0000
0.0000
0.0000
0.0000
0.0000
0.9857
0.0000
0.1028
0.0000
0.5178
0.0000
0.0000
0.0000
0.9347
0.0000
0.0000
3.2129
0.0000
0.0000
3.1819
0.0000
0.1687
0.0000
0.0000
0.0000
0.0000
0.0000
0.0000
0.0000
2.9172
0.0000
0.0000
0.0000
0.0000
0.0000
0.0000
0.0000
0.0000
0.0000
0.0000
1.1988
0.0000
0.0000
0.0000
0.8890
0.0000
0.0000
0.7838
0.0000
0.0000
0.0000
0.0000
5.0863
0.2921
0.1118
0.0000
0.0000
0.3801
0.0000
0.0000
0.0895
0.2329
0.0000
0.0000
0.0000
0.0000
0.0000
0.0000
0.0000
0.0000
0.0000
0.0000
0.0000
0.0000
0.0000
0.0000
0.0000
0.0905
0.0000
1.3394
2.1978
0.1942
0.0000
3.7233
0.6111
0.0000
1.2294
0.0000
2.1076
0.0000
0.0000
0.0000
0.6283
0.0000
1.8683
0.0000
2.0135
0.0000
0.0000
0.0000
0.0000
1.6917
0.0000
1.1809
0.0000
0.0000
1.4402
0.0000
0.0000
0.0000
1.3733
0.0000
0.2094
0.0000
0.0000
0.3330
0.0786
0.0000
0.0000
0.0000
0.0000
0.2438
1.5500
1.0951
0.0000
0.0000
1.4402
0.0000
0.7919
0.0000
0.0000
0.0000
0.0000
1.5997
0.0000
0.0000
0.0000
0.3503
0.0000
0.0000
0.0000
1.9310
0.0000
0.0000
0.0000
0.0000
0.0000
0.0000
2.6892
0.0000
0.0000
0.0000
1.6570
0.0000
0.1602
0.0000
0.0000
7.9233
0.0000
0.7813
3.3002
0.0000
0.0000
0.0000
0.0000
1.6443
0.0994
0.0000
0.5421
1.6676
2.0293
0.0000
0.0000
0.8184
1.4619
0.0000
0.0000
0.7655
0.0000
0.0000
0.0000
0.0000
0.0000
0.0000
0.0000
0.0000
0.0000
0.3339
0.0000
0.0000
0.0000
0.0000
0.0000
0.0000
0.0000
0.0000
0.0000
0.2925
0.0000
1.3233
0.0000
0.0000
0.0000
0.0000
2.0332
0.0000
0.0000
0.0000
0.0000
0.0000
0.0000
0.0000
0.0000
0.0000
0.0000
0.0000
0.6855
0.0000
1.9241
0.0000
0.0000
0.0000
0.0000
0.0000
0.0000
0.0000
0.0000
0.7066
0.0000
0.0000
0.0000
0.0000
0.0000
0.0000
0.0000
0.0000
0.0000
4.2768
0.0000
0.0000
0.4849
0.0000
2.1156
0.0000
0.0000
1.3639
0.0000
0.2727
0.5060
0.0000
0.0000
0.0000
4.0837
0.0000
1.2741
3.0315
0.0277
1.0696
0.0000
3.3381
0.0000
0.9047
0.0000
0.0000
0.3410
0.0000
0.0226
0.0000
0.0000
0.0000
0.0000
0.0000
1.0472
1.8997
2.5840
0.0000
0.0000
0.0000
0.0000
0.0000
0.0000
0.0000
0.0000
0.0000
0.0000
0.0000
0.0000
1.7959
0.0000
0.0000
0.0000
2.4424
0.0000
0.0000
0.0000
0.0000
0.0000
0.0000
0.0000
0.0000
1.2870
1.5996
0.0000
0.0000
0.0000
0.0000
0.0000
0.0000
0.0000
0.0000
0.0000
0.0000
0.0000
0.0000
0.0000
0.0000
0.0000
0.0000
0.0000
0.0000
1.7683
0.0000
0.0000
0.0000
0.5926
0.0000
0.5160
0.0000
2.1241
0.0000
0.0000
2.3409
0.0000
0.0000
0.0000
0.0000
0.0000
0.0000
0.2257
0.3786
0.0000
0.6365
1.1749
0.0000
0.0000
0.0000
0.0000
0.0000
0.0000
0.0000
3.9828
1.6578
0.0000
0.0000
0.0000
0.0000
0.0000
0.0000
0.0000
0.0000
0.0000
1.7112
0.2042
0.0000
0.0000
0.9045
0.0000
0.1929
0.8041
0.0000
0.0000
0.0000
0.0000
0.6570
0.0000
0.0000
0.0000
0.0000
4.1540
1.1958
0.4641
0.0000
0.0000
0.0000
0.0000
0.0000
0.3144
1.3682
0.0000
0.0000
0.0000
0.0000
0.0000
0.0000
0.0000
0.0000
0.0000
0.0000
0.0000
1.1488
0.0000
1.1840
0.0000
0.0000
3.0478
0.0000
0.0000
0.0000
0.0000
0.0000
0.0000
0.0000
0.0000
0.0000
0.0000
0.0000
0.0000
1.3198
0.4049
0.0000
0.0000
0.0000
0.0000
0.0000
0.0441
0.0000
0.0000
0.0000
0.0000
0.0000
0.0000
0.0706
1.0251
0.0000
0.0000
0.0000
0.0000
0.0000
0.0000
0.0000
0.0000
3.4158
0.0000
0.0000
0.0000
0.0000
0.0000
0.0000
0.0000
1.7983
0.7807
0.0000
0.0000
0.0000
0.0000
0.4311
0.0000
0.9433
1.8917
0.0000
0.0000
0.0019
0.0000
0.0000
0.0000
0.0000
0.0000
0.3920
0.0000
1.2457
0.0000
0.0000
0.0000
0.0000
0.0000
0.0000
0.3166
0.0000
0.0000
0.0000
0.0000
0.0000
0.0000
0.0000
0.0000
0.0000
0.0000
2.6161
0.0000
0.0000
2.2230
0.0000
0.0000
0.0000
0.0000
0.0000
0.0000
0.0000
0.0000
1.5646
0.0000
0.0000
3.6674
0.1524
0.0000
0.0000
0.0000
0.0000
0.0000
0.0000
0.0000
1.1916
1.5697
0.3510
0.0000
0.1535
1.8490
0.0000
0.2832
0.0000
0.0000
0.0000
0.0000
0.0000
0.0000
0.0769
0.0000
0.0000
0.0000
1.3029
0.0000
0.3099
0.0000
0.1072
0.0000
0.0000
1.6081
2.8803
0.0000
0.0000
0.0000
0.0000
0.0000
0.0000
0.0000
0.0000
0.0000
0.0000
0.8449
0.0000
0.0000
1.5732
0.0000
0.0000
0.0000
0.0000
0.0000
0.0000
0.0000
0.0000
0.0000
0.8021
0.0000
0.0000
5.3957
2.0269
0.0000
0.0000
0.0000
0.0000
0.0000
0.0000
0.0000
0.0000
0.3077
0.0000
0.0000
0.0000
0.0000
0.0000
0.0000
0.0000
0.0000
0.6516
0.3726
0.0000
2.2853
0.0000
4.0852
1.4549
0.0000
0.0000
0.0000
0.0000
0.0000
2.5217
0.0000
0.0000
0.0000
0.0000
3.9595
0.0000
0.0000
0.0000
0.0000
0.0000
0.2816
3.8022
0.0000
0.6648
0.0000
0.0000
0.0000
0.0000
0.0000
0.0000
0.0000
0.0000
0.0000
0.0000
0.0000
0.0000
2.4320
3.3252
0.0000
2.4389
0.0000
0.0000
0.0000
0.2549
0.0000
0.0000
0.0000
0.0000
0.0000
0.0000
0.0000
0.0000
4.4005
0.0000
0.0000
0.0000
0.2584
0.0000
0.0000
0.0000
0.0000
0.0000
2.5334
0.0000
2.2762
0.0000
2.3209
0.0000
0.0000
0.0000
1.0202
0.0000
3.4782
0.0000
1.2025
0.0000
0.0000
0.0000
0.3608
2.6949
0.0000
0.0000
1.6512
0.0000
0.4849
0.0000
0.0000
1.6423
0.0000
2.2783
0.0000
2.4801
0.0000
0.0000
1.1206
0.0000
0.0000
0.0000
0.0000
2.9865
0.0000
0.0000
0.0000
0.0000
0.0000
0.0000
0.0000
0.0000
0.0000
0.0000
0.0000
0.2123
0.0000
4.7605
0.9433
0.4929
0.0000
0.4831
0.0000
0.8139
0.0000
0.0000
0.0000
0.6247
0.0000
0.0000
0.4123
0.0000
0.0000
1.8900
0.0000
0.0000
0.3851
0.0000
0.0000
0.0000
0.0000
0.0000
1.7513
0.0000
2.0203
0.0000
0.0000
1.3493
1.4812
0.0000
0.4720
0.0000
0.0000
0.0000
0.0000
0.0000
0.1122
0.0000
0.0000
0.0000
0.0000
0.0000
0.0000
0.0000
0.0000
0.0000
0.1945
2.0849
0.0332
0.0000
0.0000
0.0000
0.0000
0.8317
0.0000
0.0000
0.0000
0.0000
0.0000
0.0000
0.0000
0.0000
0.0000
0.0000
0.0000
0.0000
0.3460
0.0000
0.0000
0.0000
0.0000
0.0000
0.0000
0.0000
0.0000
0.0000
0.0000
1.1433
0.0000
0.0000
0.0000
2.7484
0.8182
1.2713
0.0000
0.0000
0.0000
0.0000
0.9873
0.0000
0.0000
0.0000
1.7513
1.4681
0.0000
0.8943
0.0000
0.0000
0.0000
0.0000
0.0000
0.0000
0.0000
1.7303
0.0000
0.0000
0.5507
3.6473
0.0000
0.0000
1.1599
1.1105
2.3207
0.0000
0.0000
0.0000
0.0000
0.0000
1.8078
0.0000
0.0000
0.0000
0.0000
0.0000
0.2482
1.5343
0.0000
2.0226
0.0000
0.0000
0.0000
0.0000
0.0000
0.0000
0.0626
0.0000
0.0000
2.2124
0.6758
0.0000
0.0000
2.0684
0.0000
0.0000
0.0000
0.0000
0.0000
3.8010
0.4296
3.8968
0.0000
0.0000
0.0000
0.0000
0.0000
0.0000
0.0000
0.0000
0.0000
0.0000
3.6506
0.0000
0.0000
0.0000
0.0000
0.0000
0.0000
0.0000
0.0000
1.9177
0.0000
0.0000
0.0000
0.5849
0.0000
0.0000
0.0000
0.0000
0.0000
0.0000
0.0000
0.0000
0.0000
0.0000
0.0000
0.5935
0.0000
0.0000
0.0000
1.6460
0.0000
0.8312
0.0000
0.0000
3.5263
0.0000
0.0000
0.0000
0.0000
0.0000
2.1592
0.0000
0.0000
0.0000
0.0000
0.0000
0.0000
0.4183
1.5469
2.6297
0.0000
0.0687
0.7988
1.8095
0.0000
0.0000
1.7218
0.0000
0.0000
0.0000
0.0000
0.0000
0.5220
0.9166
0.0000
0.0000
0.0000
0.0000
1.1936
2.4158
0.0000
0.0000
0.0000
0.0000
0.0000
0.0000
0.0000
0.7532
0.0000
2.3567
0.0000
0.0000
0.0000
0.0000
0.0000
0.0000
0.0000
0.0000
0.0000
0.0000
0.0000
0.0000
0.5031
0.0000
0.0000
0.0000
0.0000
0.0000
0.0000
0.0000
0.0000
0.0000
0.5853
0.0000
0.6417
0.0000
0.0000
0.0000
0.0000
0.0000
1.1301
0.1753
0.4424
0.0000
1.2382
0.0000
0.0000
0.3227
0.0000
0.0000
0.0000
0.0000
0.0000
0.0000
0.0672
0.0000
0.0000
0.0000
0.2440
0.0000
0.0000
0.0000
0.0000
0.0000
0.0000
0.0000
0.0000
0.0000
0.0000
0.0000
0.0000
0.0000
0.0000
0.0000
0.0000
2.0373
0.9756
0.0000
0.9447
0.0000
0.0000
0.0000
0.0000
0.0000
0.0000
0.0000
0.0000
0.0000
0.0000
1.2486
2.2720
0.0000
0.0000
0.0000
1.0865
0.0000
0.0000
3.1342
0.0000
1.0653
0.8648
0.0000
0.0000
0.0000
2.7025
0.4244
5.2965
0.0000
0.0000
0.0000
0.0000
0.0000
0.0000
0.0000
2.3680
0.0000
0.0000
1.6523
0.3332
0.6286
0.7037
0.0000
0.0000
0.0000
0.3225
0.0000
1.1501
0.0000
0.4688
0.0000
0.0000
0.0000
0.0000
0.0000
2.0453
0.0000
0.0000
4.1565
1.2498
0.0000
0.5015
0.0000
0.0000
0.0000
0.0000
0.4703
0.0000
0.0000
0.4582
0.0000
0.0000
0.0000
1.2021
0.0584
2.0213
0.0000
4.6110
0.0000
0.0816
0.0000
0.0000
0.0000
0.0000
0.0000
0.0000
0.0000
0.0000
2.1519
0.0000
4.0115
2.5226
0.0000
0.0000
0.0000
0.9534
0.0000
0.0000
0.0000
0.0000
0.0000
0.0000
1.2178
0.0000
1.2526
0.0000
0.0000
0.0000
0.0000
0.0000
0.2658
0.0000
0.0000
1.7030
3.8504
2.1176
0.0000
0.1743
0.0000
0.3125
0.0000
0.3838
0.0000
0.0000
0.0000
0.0000
0.0000
0.5476
0.0000
0.0000
1.6216
0.9240
0.0000
0.7760
0.0000
0.0000
0.0000
0.9049
0.0000
0.0000
4.9578
0.0000
0.0000
0.0000
0.0000
0.0000
0.0000
0.8384
4.4880
0.7032
0.0000
0.0000
0.0000
0.0000
0.0000
0.0000
0.0000
0.0000
0.0000
0.0000
0.0000
0.0000
0.0000
0.0000
0.0000
0.7386
0.0000
0.2217
0.0000
0.0000
0.0000
1.3684
0.0000
0.0000
0.0000
0.0000
0.0000
0.0000
0.8704
4.1108
0.0000
0.0000
0.0000
0.0000
1.9108
0.0000
0.0000
0.1998
0.0000
0.9571
0.0000
0.1151
0.0000
0.0000
0.0000
0.1408
0.3441
1.6997
0.0000
0.0000
0.0000
0.0000
0.0000
5.9786
0.0000
0.0000
0.0000
0.0000
0.0000
0.0000
0.0000
0.0000
0.0000
0.0000
0.8443
0.0000
0.0000
0.2777
1.3606
0.0000
0.5365
0.0000
2.1553
0.0000
0.0000
0.0000
0.0000
0.1074
0.0000
0.0000
0.1462
2.3542
0.0000
1.8612
0.0000
0.0000
0.0000
0.0000
0.0000
0.0000
0.0000
0.0000
0.0000
2.4118
0.0000
0.0000
0.0000
2.2323
0.5723
0.3264
3.3241
0.0000
0.0000
0.0000
0.0000
1.9942
0.0000
0.0000
0.0000
2.0221
2.4445
0.0000
0.0000
0.0000
0.0000
0.0000
0.0000
0.0000
0.0000
0.0000
0.0000
0.0000
0.0000
0.0000
2.5027
0.0000
1.2718
0.0000
0.1138
0.8708
0.0000
0.0000
0.0000
0.0000
0.3962
0.3381
2.4768
1.8560
2.1455
0.2339
0.0000
0.0000
0.0000
0.2513
0.0000
2.3274
0.0000
0.0000
0.0000
0.0000
0.8768
0.0000
2.3313
0.0000
3.0625
0.0000
0.0000
0.0000
0.0000
0.4283
0.0000
0.0000
0.0000
0.0000
0.0000
0.0000
1.7668
0.0000
0.0000
0.0000
0.0000
0.0000
0.0000
0.0000
0.0000
0.0000
0.0000
0.0000
0.0000
0.3331
0.0000
1.4195
0.0000
1.4878
0.0000
0.3870
0.0000
3.8729
0.0000
0.0000
0.0000
0.0000
0.0000
2.6420
2.9460
1.1706
0.0000
0.0000
0.0000
1.4786
0.0000
0.9512
0.0000
0.0000
0.0000
0.0000
0.0000
0.0000
0.0000
0.0000
0.0000
0.0000
0.0000
2.7433
0.0000
1.9807
0.0000
0.0000
0.0000
0.0000
0.0000
0.0000
0.0000
2.8660
0.0000
0.3985
1.1322
0.0000
0.0000
0.0000
1.9430
0.0000
1.1710
0.4147
0.0000
0.0000
0.2422
0.0114
2.3608
2.0211
0.0000
1.7506
0.0000
0.0610
0.3303
0.0000
0.0000
0.6125
0.0000
0.0000
0.0000
0.8432
0.7789
0.0000
0.0000
2.3455
0.0000
2.5810
0.0000
0.0000
0.0000
0.0000
0.0000
0.0000
0.0000
0.1582
0.0000
0.2301
0.4305
0.0000
2.4901
0.0000
0.0000
0.0000
0.4638
0.0000
0.0000
0.0000
1.6476
1.2356
0.0000
0.0000
2.0582
0.0000
0.0000
4.3018
0.0000
0.2281
0.0000
0.0000
0.0000
0.0000
0.0000
0.0000
0.0000
0.0000
0.0000
0.0000
0.0000
0.8683
0.0000
0.0000
0.8025
0.0000
2.0298
0.0000
4.7284
2.7583
2.3019
0.0000
0.0000
0.0000
0.0000
0.0000
0.0000
2.5693
0.0000
0.0478
0.0000
0.0000
0.0000
0.0000
0.1685
0.0000
0.0000
0.0000
0.0000
0.0000
1.7028
0.0000
2.4627
0.0000
0.0000
0.1033
0.0000
0.0000
0.0000
0.0000
0.0000
0.5003
0.0000
0.0000
0.0000
0.0000
0.0000
0.0000
0.0000
0.0000
0.0000
0.1371
0.0000
0.2029
0.0000
0.0000
0.0000
0.0000
0.0000
0.0000
1.0331
0.4304
3.3855
0.0000
0.0000
0.0000
2.0405
0.2974
0.0000
0.0000
0.0000
3.7486
0.0000
0.2624
0.0000
0.0000
0.0000
2.5668
0.0000
0.0000
0.0000
0.0000
0.0000
0.0000
0.0000
1.4346
0.0000
0.0000
0.0000
0.0000
0.0000
0.0000
0.0000
0.0000
0.0000
0.3933
0.0000
0.0000
0.2055
0.0000
0.6587
2.0969
0.0000
0.0000
1.8363
0.0000
1.8854
0.0000
3.7959
0.5470
0.3341
0.0000
0.0000
0.0000
0.0000
0.0000
0.9395
0.0000
0.8921
0.0000
0.0000
0.0000
0.0000
0.0000
0.0000
0.0000
0.0000
0.0000
0.0000
1.3672
0.0000
0.0000
1.3265
4.9860
2.2402
0.0000
0.0000
0.0000
0.0000
0.1273
0.0000
0.0000
4.9519
0.0000
0.0000
0.1827
2.0615
0.0000
0.0000
0.0000
1.0767
0.5869
0.0000
0.0000
1.1888
0.0000
0.0000
0.0000
0.0000
0.0000
2.1200
0.0000
0.0000
0.0000
2.0637
3.4983
0.0000
0.9849
1.0989
0.0000
0.0000
0.1281
0.5177
0.0000
0.0000
0.0000
2.1236
2.3175
0.0000
0.0000
1.1732
0.0000
0.0000
1.1210
0.3292
0.0000
0.0000
0.3616
0.0000
1.2506
4.0676
0.7886
0.8340
0.0000
0.0000
0.0000
1.7810
0.0000
0.0000
0.0000
0.0000
0.0000
0.0000
0.0000
0.0000
0.0000
0.0000
0.0000
0.0000
0.0000
0.0000
0.0000
1.9445
3.7107
0.0000
0.5862
1.0518
0.0000
0.0000
0.0000
0.0000
0.9523
0.0000
0.0000
0.0000
1.6054
0.0000
0.0000
0.7121
0.0000
0.0000
0.0000
0.0000
0.0000
0.0000
0.0000
0.0000
0.0000
0.3972
0.0000
3.6565
0.0000
0.0000
0.0000
0.0000
0.0000
0.0000
0.0000
2.1355
0.0000
0.0000
0.0000
0.0000
0.0000
0.0000
0.0000
0.0000
0.0000
0.0000
0.0000
0.0000
0.5579
0.0000
0.3099
0.0000
0.0000
2.3004
0.0000
0.0000
0.0000
0.0000
2.0724
0.0000
0.7617
0.0000
0.0000
0.0000
4.3654
0.0000
4.3829
0.0000
0.9387
1.2361
0.0000
0.0000
0.0000
0.0000
0.0000
0.0000
0.0000
0.0000
0.6883
0.0000
3.9067
0.0000
0.1876
0.0000
0.0000
0.0000
2.4659
0.0000
0.0170
2.5892
0.0000
0.0235
0.0000
0.0000
0.0000
0.0000
2.1053
0.0000
0.0000
0.0000
0.3404
0.0000
0.0000
0.0000
0.0000
0.2200
0.0000
0.0000
0.0000
0.0000
0.0000
2.1341
2.5725
2.4589
1.1579
0.6124
0.4747
0.0000
0.3293
0.0000
0.0000
0.0000
0.7970
1.1077
2.1420
0.0000
0.0000
0.0000
0.5851
0.0000
0.0000
0.0000
0.0000
0.0000
0.0000
0.0000
0.6355
0.0000
0.5812
0.0000
0.0000
3.7684
0.0000
0.0000
0.2813
0.0000
0.0000
1.6893
0.0000
0.0000
0.0000
0.4607
0.0000
0.0000
0.0000
0.0000
0.0000
0.0000
0.0000
0.2541
0.0000
0.0000
1.2106
0.0098
0.0000
0.0000
0.0000
0.0000
0.0000
0.0000
0.0000
0.0000
0.0000
0.0000
1.7477
3.4032
0.0000
0.0000
0.0000
2.2174
0.0000
0.0000
0.0000
2.8313
0.0000
0.0000
1.1490
0.0000
0.0000
0.0000
1.8755
0.9184
0.0000
0.0000
0.0000
0.0000
2.0918
0.0000
0.0000
0.0000
1.7575
0.0000
0.4427
2.6573
0.0000
1.2256
0.0000
0.0000
0.0000
0.0000
0.0000
0.0000
0.0000
1.8305
0.0000
0.0000
0.0000
0.0000
0.0000
0.0000
0.0000
1.1136
0.0000
0.0000
0.0000
0.0000
0.0000
0.0000
0.5738
0.0000
0.0000
1.9590
0.0000
0.0000
2.4516
0.0000
0.0000
0.8698
1.5741
2.1665
0.0000
0.0000
0.0000
0.0000
0.0000
0.0000
0.0092
0.0000
0.0000
0.2657
0.0000
0.0000
0.0000
0.0000
0.0000
0.0000
2.3838
0.0000
0.0000
0.0000
0.2930
0.1221
0.0000
0.0000
0.4165
0.0000
0.0000
0.0652
1.1290
0.9673
0.1791
0.0000
0.2993
1.2830
0.0000
0.0000
0.0000
0.0000
0.0000
0.0000
0.0000
0.0000
2.0560
0.1551
0.0000
0.6218
0.0000
2.2434
6.3689
0.0000
0.0000
1.1996
0.0000
0.0000
0.0000
0.0000
0.0000
0.0000
0.0000
0.0000
0.0000
0.0000
0.0000
0.0000
0.0000
0.0000
0.0000
0.0000
0.0000
0.0000
0.0000
0.0000
0.4935
0.5288
0.0000
0.5779
0.0000
0.0000
0.0000
0.0000
0.4252
0.8964
1.1015
2.0303
0.0000
1.4931
0.0000
1.6205
0.0000
2.5131
0.0000
0.0000
1.2713
0.0000
0.0000
0.0000
0.3400
0.0000
0.9244
0.0000
0.0000
2.6492
0.0000
0.0000
0.0000
3.2186
0.0000
0.0000
0.0000
1.6317
0.0000
0.0000
0.0000
2.0487
1.2154
0.0000
0.0000
0.0000
0.0000
0.0000
0.0000
0.0000
0.0000
0.0000
1.0387
0.0000
0.0000
0.0000
0.0000
0.0000
0.0000
0.0000
2.0529
0.5894
0.0000
1.6421
0.0000
0.0000
0.0000
0.0000
0.0000
0.0000
0.0000
0.0000
0.0000
0.7070
0.0000
0.0000
0.1769
0.0000
0.0000
0.0000
0.0000
0.0000
0.0000
0.0000
0.0000
1.2239
0.0000
0.0000
0.0000
0.0000
0.0000
0.0000
1.0124
0.0000
0.0000
0.0000
0.0000
0.0000
0.0000
0.0000
0.0000
0.1261
3.4678
1.8453
0.0000
0.0000
0.0000
0.0000
0.0000
0.0000
0.0000
5.0112
0.0000
0.0000
0.0000
0.0000
3.1148
2.2477
0.0000
0.0000
0.0000
0.0000
0.0000
0.0000
0.0000
0.0000
0.0000
0.0000
0.0000
0.0000
0.0000
0.0000
0.0000
0.0000
0.5301
0.0000
0.0000
0.0000
0.0000
0.0000
2.5535
0.0000
0.0000
0.6345
0.0000
1.9757
0.0000
0.0000
0.0000
0.7269
0.0000
0.1777
0.0000
0.1408
0.7425
0.0000
0.0000
2.3242
0.0000
0.0000
0.0000
0.0000
0.0000
0.0000
0.0000
0.0000
0.0000
0.6900
0.0000
0.0000
0.0000
0.0000
0.3292
0.0000
0.0000
0.0000
0.0000
0.0000
0.0998
0.0000
0.0000
0.0000
0.1643
0.0000
0.0000
0.0000
0.2005
0.0000
0.0000
0.0000
0.0000
0.1566
0.0000
0.0000
0.0000
0.0000
2.3642
0.0000
0.0000
0.0000
0.0000
0.0000
0.0000
0.0000
1.8751
0.0000
0.0000
0.0000
0.0000
0.0000
0.0000
0.0000
0.0000
0.0000
4.0073
0.0000
0.0000
0.0000
0.0000
5.2805
0.0000
0.0000
0.8922
0.0000
0.0000
0.3793
0.8932
0.7470
1.7229
0.0000
3.5130
0.7732
0.0000
0.0000
0.0000
3.2838
0.0000
1.0709
0.0000
0.0000
0.0000
0.0000
0.0000
1.2374
0.0000
0.0000
1.0646
0.0000
0.0000
0.0000
1.6212
0.0000
0.0000
0.0000
2.6358
0.0000
0.0000
0.5226
0.0000
0.0000
0.4244
0.0000
0.0000
0.0000
0.0000
0.0000
0.0000
2.6244
0.0000
5.5039
0.0000
2.1804
1.9744
0.6311
0.0000
0.0000
0.0000
0.0000
0.0000
1.6388
0.0000
0.2349
0.4201
0.0000
0.0000
0.0000
0.0000
0.0000
0.0000
0.0000
3.6740
0.0000
0.0000
0.0000
0.0000
0.0000
3.0152
2.1905
0.0000
0.0000
3.5032
0.0000
1.0670
0.0000
0.0000
1.4664
0.0000
0.0000
0.0000
0.0000
1.4138
1.3249
0.0000
0.0000
0.0000
0.0000
0.0000
0.5676
0.0000
0.0000
0.0000
2.0639
0.3131
0.0000
0.0000
0.0000
0.0000
0.0000
0.2041
0.0000
0.0000
0.0000
0.3428
0.0000
0.0000
0.0000
0.0000
0.0000
0.0000
0.2223
0.0000
0.0000
1.8340
0.0000
0.0000
0.0000
0.4762
0.0000
0.1938
2.5162
0.0000
0.0000
0.7365
0.1780
0.0000
0.0000
0.0000
0.0000
0.0000
0.0000
0.0000
0.0000
1.8156
0.0000
0.0000
1.4300
0.0000
0.0000
0.0000
1.6870
0.0000
0.0000
0.0000
0.0000
1.1632
0.8546
0.0000
0.0000
0.0000
0.4398
0.0000
0.0000
0.6342
0.0000
0.0000
0.0000
0.0000
0.0000
0.0000
0.1243
0.0000
1.8529
0.6228
0.0000
1.8396
0.0000
0.0000
0.0000
0.0000
0.6789
0.0796
3.2049
0.6166
0.0000
0.0000
0.0815
0.0000
1.5931
0.0000
0.7036
0.0000
0.0000
0.0000
0.0000
0.0000
0.0000
0.0000
1.5302
0.6625
0.0000
0.0000
0.0000
0.2769
0.0000
0.0000
0.7086
0.1447
2.9880
1.1054
2.9020
0.0000
0.0000
0.0000
0.0000
0.9816
1.4964
0.0000
0.0000
0.0000
0.0000
0.0000
0.0000
1.7908
0.0000
0.0000
0.0000
0.0000
0.0000
3.2688
0.0000
0.0000
0.0000
0.0000
0.0000
0.0000
0.0000
0.0000
0.9183
0.0000
0.0000
0.6653
0.0000
1.3711
0.0000
0.0000
2.1547
0.0000
0.0000
0.0000
0.0000
0.0000
0.0000
0.0000
3.0169
0.6396
0.0000
0.0000
1.1157
0.0000
0.0000
0.0000
3.0227
0.0000
0.0000
3.2351
3.8533
0.2580
0.0000
0.0000
0.0000
0.0000
0.0000
0.0000
1.5879
0.0000
0.0000
5.3057
0.3302
0.2034
0.0000
0.0000
0.9448
0.0000
0.0000
0.0000
0.0000
0.0000
2.3950
0.0000
0.0000
0.5992
0.0000
1.3812
0.0000
0.5591
0.0000
0.0352
0.0000
0.0000
0.0000
0.3034
2.1805
0.4430
0.7207
0.0000
0.0000
0.0000
0.0000
1.4044
1.4212
0.0000
0.0000
0.0000
0.0000
0.0000
0.2382
0.0000
0.0000
0.0000
0.0000
0.0000
0.0000
0.0000
0.0000
0.0000
0.0000
0.9042
0.0000
2.1257
0.9913
0.0000
0.0000
0.0000
0.0000
0.0000
0.0000
0.0000
0.0000
0.0000
0.4481
0.0000
0.0000
0.0000
0.8763
1.1680
1.6170
0.0000
0.0425
0.0000
1.8909
0.0000
0.0000
0.0000
0.0000
0.0000
0.0000
0.0000
0.0000
0.0000
0.0000
0.0000
0.0000
0.0000
0.0000
0.0000
0.0000
0.0000
0.0000
0.0649
0.0000
0.0310
0.0000
0.0000
0.0000
0.0000
5.3060
0.0000
1.2350
2.9450
0.8590
0.0000
0.4299
0.0000
0.0000
0.0000
0.4369
0.0000
0.0000
0.0000
0.0000
0.0000
0.0000
0.0000
4.1519
0.0000
0.3638
0.0000
1.8489
2.0926
0.0000
0.4268
3.9328
1.0637
0.0000
0.0000
0.0000
0.0000
0.0000
4.9002
0.0000
0.0000
0.0000
0.2269
2.4609
0.0000
0.0000
1.5242
0.0000
0.0000
3.5674
0.0000
0.0000
0.0000
0.1049
0.0000
0.0000
3.2533
0.0000
0.0000
0.0000
0.0000
0.3349
5.1752
0.0000
0.0000
0.7722
0.0000
0.0000
0.0000
0.0000
0.0000
0.0000
3.0833
0.0000
0.0000
0.0000
0.0000
0.0000
1.7446
0.9387
0.0000
0.0000
0.0000
0.0000
2.3474
0.0000
0.0000
0.0000
0.0000
0.0000
0.7320
0.0000
0.0000
0.0000
1.1585
0.0000
0.0000
2.1341
0.0000
0.0000
0.0000
0.0000
0.0000
0.0000
0.0000
4.0037
0.0000
0.0000
1.1854
0.0000
0.3233
2.1329
0.0000
0.0000
0.0000
2.3018
0.0000
0.0000
0.0000
0.0000
0.0000
0.0000
0.0000
0.2419
0.0000
0.0000
0.0000
0.0000
0.0000
1.0134
0.1548
0.0000
0.1942
0.0000
0.4808
0.0000
0.0000
0.0000
0.0000
1.0460
1.9437
0.1910
0.0000
6.5275
0.0000
0.7392
0.7568
0.4678
0.0000
0.0000
0.0000
0.0000
0.0000
0.0000
0.0000
0.0000
2.2892
0.0000
0.0000
0.0000
0.0000
0.0000
0.0843
0.0000
0.0000
0.0000
0.0000
0.0000
0.0000
0.0000
2.4164
0.0000
0.0000
0.0000
4.7886
0.0000
3.7182
0.0000
0.0000
0.0000
0.0000
0.0000
0.0000
0.0000
0.0000
0.0000
0.0000
0.9275
0.0000
0.0000
0.0000
0.0000
0.0000
0.0000
0.0000
0.0000
0.0000
0.0000
0.0000
0.0000
0.0000
0.0000
0.0000
0.7258
0.0000
0.0000
0.0000
0.0000
0.0000
0.0998
0.0000
0.0000
0.0000
0.0000
1.1343
0.0000
0.0000
0.4822
0.0000
0.0000
0.0000
0.0000
0.0000
2.7352
0.0000
0.9288
0.0000
0.0000
0.0000
0.0000
3.0001
0.0000
0.0000
0.0000
0.0000
0.0000
1.3552
0.0000
1.9341
0.0000
0.0000
0.0000
0.0000
0.0000
0.5424
4.4646
1.0144
0.0000
0.0000
0.0000
0.0000
0.0000
0.0000
0.0000
0.9692
0.0000
0.0000
0.0000
1.0909
0.0000
0.5966
0.0000
0.0000
0.0000
0.0000
0.0000
2.1591
0.5643
0.0000
0.0000
0.0000
0.0000
2.1596
0.0000
1.9464
0.4908
0.9139
0.0000
0.0000
0.0000
2.8761
0.0000
0.0000
0.0000
0.0000
0.0000
1.9218
0.0000
0.0000
0.0000
0.0000
0.0000
1.1444
0.0000
0.0000
0.0000
0.0000
0.0000
0.0000
0.0000
0.0000
0.0000
1.7173
0.0000
0.1610
0.0000
0.0401
0.0000
0.0000
2.3578
0.0000
0.0000
0.0000
0.0000
0.0000
0.0000
0.0000
0.0000
0.0000
0.0000
0.0000
3.4485
0.0000
0.0000
0.0000
0.0000
0.2445
0.0000
0.0000
0.0000
0.0000
0.0000
0.0000
0.0000
0.0000
0.7797
0.0000
1.5705
0.6588
0.0000
0.0000
5.0766
0.0000
0.0000
0.0000
0.0000
0.0000
0.0000
0.0000
0.5557
0.0000
0.0000
0.0000
0.0645
0.6077
0.0453
0.0000
1.0472
0.0000
0.0000
0.0000
0.0000
0.0968
2.3765
0.8676
1.9900
0.0000
0.0000
0.0000
0.0000
0.6656
2.0046
0.0000
0.0000
0.5088
2.4593
2.6919
0.5899
0.0000
0.0000
0.0000
0.0000
0.0000
0.0000
0.8121
0.0000
2.8254
0.0000
0.0000
0.0000
0.8167
0.0000
3.2106
0.0000
1.6952
1.6510
0.0000
0.0000
1.6825
0.0000
0.0000
0.0000
0.9679
0.0000
0.0000
0.0000
0.0000
0.9000
0.0000
1.1962
4.9644
0.0000
0.0000
0.0000
0.0000
2.2020
1.1354
0.0000
0.0000
0.0000
0.0000
0.0000
0.9878
2.8507
0.4100
0.0000
0.0000
0.0000
0.0000
0.0000
1.7219
2.6041
1.9131
0.0000
0.0000
0.0000
0.0000
0.0000
4.1431
0.0000
0.2826
0.0000
0.0000
2.5968
0.0000
0.0000
0.0000
0.0000
0.0000
0.0000
3.5243
0.0000
0.0000
2.6696
0.0000
0.0000
0.0000
0.0000
2.0152
2.5317
0.0000
0.1706
0.0000
0.0000
2.2716
0.3845
0.0000
0.0000
0.0000
0.5561
0.0000
0.2442
4.7395
0.0000
0.6863
0.0000
1.0740
1.2263
0.0000
0.0000
0.0000
0.0000
0.0000
0.0000
5.0995
0.0000
0.0000
0.0000
0.0000
0.0000
0.0000
0.4498
0.0000
0.0000
0.0000
0.0000
0.0000
0.0000
0.0000
0.3076
2.7611
6.1555
0.0000
0.0000
0.0000
0.0000
0.0000
0.0000
0.0000
1.6619
0.0000
0.0000
4.3493
0.0000
1.2164
3.2206
0.0000
0.0000
0.0000
0.0000
0.0000
0.7545
0.0565
0.0000
0.0179
0.0000
0.0000
0.0000
0.0000
0.0000
5.1401
0.0000
2.9977
0.0000
0.0000
0.0000
0.0000
1.0256
0.0000
0.0000
0.1517
1.9440
0.0000
0.0000
0.0000
0.0000
2.9880
0.0000
0.0000
0.0000
0.4115
0.0000
0.0000
0.0000
0.0000
0.0000
0.0000
3.3536
0.0000
0.0000
0.0000
0.0000
1.3922
0.0000
0.0000
0.0000
1.2661
0.0000
0.4995
1.9326
2.0688
0.0788
0.0000
0.0000
2.3922
1.1320
0.0000
0.0602
0.0000
0.0000
0.0000
0.8109
0.0000
0.0000
0.3968
0.2151
0.0000
0.0000
0.0000
0.0000
0.0000
0.0000
0.0000
1.5489
0.0000
0.0000
0.0000
4.5195
0.0000
0.6398
0.0000
0.0000
0.0000
1.1554
0.0000
0.0000
0.0000
0.0000
0.0000
0.0000
0.0000
1.1578
1.6515
0.7694
0.2704
0.0000
0.0000
0.0000
0.0000
1.5643
0.0000
0.0000
0.0000
0.8407
0.0000
0.0000
0.0000
0.0000
0.0000
0.8233
1.1236
0.0000
0.0000
0.0000
0.0000
0.0000
0.0000
0.0000
0.0000
2.7450
0.0000
0.6562
2.1554
0.0000
0.0000
0.0000
0.0000
0.0000
0.0000
0.0000
0.0000
0.0000
0.0000
0.0000
0.4143
0.0316
0.0000
0.0000
3.9120
1.5015
0.0000
0.5026
0.9150
0.0000
0.0000
0.0000
4.1121
0.0000
0.5768
0.0000
0.0000
0.0000
1.5952
1.6271
0.0823
0.0000
0.0000
0.7253
0.0000
0.0000
0.0000
0.0000
0.3282
0.0000
1.3492
2.6440
0.0000
0.0000
0.0000
0.0000
0.0000
1.0674
1.0514
0.0000
1.2485
0.0000
0.0000
0.0000
0.0000
0.0000
0.0000
0.0000
0.0000
0.0000
0.0000
3.7783
0.0000
2.3161
0.0000
0.0000
0.0000
0.0000
0.0000
0.0000
0.0000
0.0000
0.0000
2.0227
0.0000
1.2885
0.0000
0.0000
0.0000
0.0000
0.0000
3.4305
0.3217
0.0000
0.0000
0.4359
0.0000
0.0000
0.2451
0.2615
2.5691
0.0000
0.0000
0.0000
0.0000
0.0000
1.0360
0.0000
0.0000
0.2222
0.0000
0.0000
0.0000
0.0000
0.2788
0.0000
0.3139
0.0000
0.0000
3.5726
0.0000
0.7711
0.0000
3.6206
0.0000
0.0000
2.2019
0.0000
0.0000
0.0000
1.5241
0.8571
0.0000
0.0000
0.0000
3.8036
2.0570
0.0000
0.0000
0.0000
0.0000
0.0000
0.6105
0.0000
0.0000
0.0000
1.0755
0.0000
0.0000
0.0000
0.0000
0.0000
0.0000
0.0000
0.0000
0.0000
0.0000
0.0000
5.1027
0.0000
0.0000
4.1706
2.1021
0.0000
0.6345
0.0000
0.5142
0.0000
0.0000
0.2206
0.0000
0.0000
1.9047
0.9152
0.0000
2.3217
1.1604
0.0000
0.3993
0.0000
0.0000
0.0756
0.0000
0.0000
0.0000
0.4004
4.0965
0.0000
0.0000
0.0000
0.0000
0.0000
0.0000
0.0000
0.0000
0.0000
1.2877
0.0000
0.0000
0.0000
0.0000
1.6069
1.3079
0.0000
0.0000
0.0000
0.0000
0.0000
0.0000
0.0000
1.2700
0.0000
0.0000
1.5074
0.0000
0.0000
0.0000
0.0000
0.0000
0.0000
0.0000
0.0000
0.0000
0.0000
0.0000
1.8709
0.0000
0.0000
0.0000
0.0000
0.0000
0.0000
1.3594
0.2440
0.0000
0.0000
0.0000
1.9259
1.9660
0.0000
0.2258
0.0000
0.0000
1.2641
0.0000
0.0000
0.0000
3.6563
0.3415
0.0000
0.0000
0.0000
0.0000
0.0000
0.0866
0.0000
3.1803
0.0000
0.0000
0.8798
5.7629
0.0000
0.9448
0.0000
0.0000
0.0000
0.0000
5.0159
0.0000
0.0000
0.0000
0.0000
2.6551
0.0000
1.3413
0.3956
1.0465
0.0000
0.0000
0.0000
0.0000
0.0000
0.0000
0.0000
0.0000
0.0000
3.7832
0.0000
4.8268
0.0000
0.1284
1.6802
0.0000
2.3388
0.0000
1.2401
0.0000
0.0000
0.5135
0.0000
0.0000
0.0000
1.3807
0.0000
0.0000
1.2761
0.0000
0.0000
0.0000
0.0000
0.0000
0.0000
0.4767
0.0000
0.0000
0.0000
1.9444
1.8405
0.0000
0.0000
0.0000
0.0000
2.1593
0.0000
0.0000
1.6521
3.7073
0.0000
0.0000
2.8240
0.0000
3.5787
0.1460
0.1267
0.0000
1.7519
0.0000
0.0000
0.0000
0.0000
0.0000
0.0000
0.0000
0.0000
3.0647
1.4559
1.8135
0.0000
0.0000
1.8837
0.0000
0.0000
0.0000
0.0000
0.0000
1.2795
0.0000
0.0000
1.6794
0.0000
0.0000
0.0000
2.7289
0.0000
2.7743
0.3916
0.0000
0.0000
1.2819
1.2379
0.0000
0.0000
0.0000
0.0000
0.3564
0.0000
0.7618
0.0000
0.0000
0.0000
0.0000
0.0000
0.0000
1.2278
0.0000
0.0000
0.0000
0.0000
0.0000
0.0000
0.0000
0.0000
0.0000
0.0000
0.0000
1.3453
1.5173
0.0000
0.0000
1.2833
1.5055
0.0000
0.0000
0.0000
0.0000
0.0967
0.0000
0.2287
0.0000
0.0000
0.0000
0.0000
4.2583
0.0000
1.1304
1.0713
0.0000
0.9936
0.3140
2.6500
0.0000
0.0000
0.0000
4.2601
3.1471
1.8594
0.0000
0.0000
1.1943
0.0000
0.0000
0.0000
0.0000
0.8391
0.0000
0.0000
0.0000
0.0000
0.0000
0.0000
6.2212
0.0000
0.0982
0.0000
0.0000
0.0000
0.0000
0.0000
0.0000
0.3328
0.0000
0.0000
3.2598
0.0000
4.6844
0.0000
0.0000
0.0000
1.1125
0.7783
0.0000
0.0000
0.0000
0.0000
0.0000
0.0000
0.0000
0.0000
0.0000
0.0000
0.0000
0.0000
0.0000
0.0000
0.0000
0.2352
0.0000
0.2040
0.0000
0.0000
0.0000
2.2683
0.8751
3.2548
0.0000
2.5800
0.4750
0.0000
0.0000
3.1278
0.0000
0.0000
0.0000
0.0000
0.4053
0.0000
5.1203
0.0000
0.0000
5.6904
2.0449
1.9698
1.0593
0.0000
2.6635
0.2136
0.0000
0.0000
0.0000
0.0000
0.0000
0.4420
1.2258
0.7052
0.8545
0.0000
0.0000
0.0000
0.0000
0.0000
0.5296
0.0000
0.0000
0.0000
0.0000
0.6634
0.0000
