0.0000
0.0000
0.0000
0.0000
1.8527
1.7254
0.0000
0.0000
0.0000
1.9183
0.8597
0.0000
0.0000
0.0000
0.0000
0.0000
0.0000
0.0000
0.0000
0.0000
0.0000
0.0000
2.5607
0.0000
2.0856
0.0000
0.0000
1.2630
0.0000
0.0000
0.0000
0.0000
0.2054
0.0000
1.0477
0.0000
0.0000
0.0000
1.9725
2.2395
0.0000
0.6400
0.0000
0.0000
0.0000
1.2860
0.0000
0.0000
0.0000
0.6061
0.0000
0.0000
0.0000
0.0000
0.0000
0.0000
0.0000
0.0000
0.0000
0.0000
0.0000
2.7701
0.0000
0.0000
0.0000
0.0000
0.0000
0.0000
0.1536
0.0000
0.0000
2.4328
0.0000
0.0000
0.0000
0.4344
0.0000
0.0000
0.0000
0.0000
0.0000
0.0000
0.1765
0.0000
0.0000
0.1326
1.9899
0.8197
2.5574
0.0000
2.3392
0.0000
0.0000
1.7840
0.0000
0.0000
0.0000
0.0000
2.3723
0.0000
0.4418
0.0000
0.3895
0.0000
0.0000
0.0000
0.0000
0.0000
1.2760
1.9227
0.0000
0.0000
0.0000
0.0000
0.0000
0.0000
0.2898
0.0000
0.0000
0.0000
1.6589
1.2969
3.5219
0.0000
0.0000
0.0000
0.0000
0.0000
0.8124
0.2323
0.0000
0.0000
1.2412
0.0000
5.1580
0.0000
0.1127
4.6493
0.0000
3.6635
3.7324
0.0000
1.2966
0.5751
3.6703
0.0000
0.7527
1.7883
1.7448
0.0000
0.0000
0.7076
0.0000
0.0000
0.0000
0.0000
0.0000
2.2622
0.0000
0.0000
1.0131
0.0000
0.0000
0.0000
0.0000
1.4585
0.0000
0.0000
0.0000
3.4026
0.0000
0.0000
0.0000
0.0000
0.0000
0.0000
0.0000
0.7101
0.0000
6.0679
3.9808
2.6122
0.0000
0.0000
0.0000
0.0000
0.0000
0.7913
0.0659
1.8688
0.0000
0.0000
0.0000
0.0000
2.4591
0.0000
0.0000
0.5378
2.1862
2.8945
0.0000
0.0000
0.0000
0.0000
0.0000
0.0000
0.0000
0.0000
0.0000
0.0000
0.0000
0.0000
0.0000
2.2139
1.1958
0.0000
0.0000
0.0000
0.0000
0.6036
0.0000
0.0000
0.0000
0.0000
1.5337
0.0000
0.0000
0.2567
0.0000
0.0000
0.0000
0.0000
0.0000
0.0000
1.8603
0.0000
0.0000
0.0000
2.5232
0.0000
0.0000
0.0000
0.0000
0.0000
0.0000
0.0000
0.0000
0.0000
0.0000
0.0000
0.0000
0.0000
0.0000
1.5299
0.0000
0.0110
0.0000
0.0000
0.4333
0.0000
0.0000
0.1577
0.0000
0.1257
0.0000
0.0000
2.5046
0.0000
0.0000
0.0000
1.0378
0.9647
0.0000
0.2355
0.0000
0.0000
0.0000
0.0000
2.2800
0.0000
2.2076
0.0000
0.9168
0.0000
0.0000
0.2954
0.0000
0.0000
0.0000
0.0000
0.0000
0.0000
0.0000
0.0000
2.7388
0.0000
0.0000
0.1232
0.0000
4.0789
0.0000
0.0000
0.0000
0.0000
0.0694
0.0000
0.0000
0.0000
0.0000
0.0000
0.0000
0.5329
0.0000
0.0000
0.5427
0.0000
0.0000
0.0000
0.0000
1.9318
0.0000
3.4141
0.3720
0.0000
0.0000
1.9735
0.0000
0.0000
0.0000
0.3671
0.0000
0.0000
0.0000
0.0073
0.0000
2.7067
2.4606
0.0000
0.0000
3.6606
0.0000
0.0000
0.0000
0.0000
0.0000
6.4081
0.0000
0.0000
0.0000
0.0000
0.0000
2.6766
1.4009
0.0000
2.4796
2.9331
0.0000
0.0000
0.0000
0.0000
0.0000
0.0000
0.0000
0.0000
0.0000
0.0000
0.0000
0.7775
0.0000
0.0000
0.0000
0.0000
0.0000
0.0000
0.0000
1.1290
0.0000
2.7778
0.0000
0.0000
3.9184
0.0000
1.6772
0.0000
0.0000
0.0000
1.5290
0.0000
0.0000
0.0000
3.3419
0.0000
0.0000
0.0000
0.0000
0.0000
0.0000
0.0000
0.0000
0.0000
0.0000
0.0000
0.0000
0.0000
0.0000
1.0881
0.0000
0.0000
1.9908
0.0000
0.0000
0.0000
0.0000
3.8615
0.1244
0.2910
0.0000
0.0000
0.1857
0.0000
0.4048
0.0000
1.3880
0.0000
0.0000
0.0000
0.4584
0.0000
0.0000
0.0000
0.0000
0.0000
0.0000
0.0000
0.0000
0.0000
0.7934
0.0000
0.3505
0.0000
0.6998
0.0007
0.0000
0.0000
3.9832
0.8288
0.0000
0.0000
0.0000
0.0000
0.0000
0.0000
0.8636
0.0000
0.0000
0.5659
0.0000
2.4016
0.0000
0.0000
0.2934
0.0000
1.2956
0.0000
0.4455
0.0000
0.0000
0.0000
0.0000
0.0000
0.0000
0.4416
0.0000
0.3770
0.0000
0.0000
1.4970
0.0000
0.4661
0.0000
0.0000
0.0000
0.4389
0.0000
0.3223
0.1267
0.0000
0.0000
0.0000
2.0524
0.0000
0.0000
0.0000
0.0000
1.6870
0.0000
0.0000
0.0000
0.0000
0.0000
0.0000
0.0000
1.6223
0.0000
0.1440
0.0000
0.0000
0.0000
0.0000
0.9670
0.7802
1.8329
0.0000
1.2939
0.0000
0.4385
0.0000
0.0000
6.1516
0.0000
0.7304
3.4060
0.0000
0.0000
0.0000
0.0000
0.7508
0.0000
0.0000
0.0000
2.0602
1.2358
0.0000
0.0000
0.6456
0.6802
0.0000
0.0000
1.0010
0.0000
0.0000
0.0000
0.0000
0.0000
0.1077
0.0000
0.0000
0.6574
0.7816
0.0000
0.0000
0.1254
0.0000
0.0000
0.0000
0.0000
0.0000
0.0000
0.0000
0.0000
1.0938
1.8788
0.0000
0.0000
0.0000
1.1032
0.0000
0.0000
0.0000
0.0000
0.0000
0.0000
0.0000
0.0000
0.0000
0.0000
0.0000
0.0000
0.0000
0.0434
0.0214
0.0000
0.0000
0.0000
0.0000
0.0000
0.0000
1.5919
0.6883
0.0000
0.0000
0.0000
0.0000
0.0000
0.0000
0.0000
0.0000
0.0000
2.8684
0.0000
0.0000
1.2990
0.0000
0.0000
0.0000
0.0000
1.2409
0.0000
0.7028
0.0000
0.0000
0.0000
0.0000
4.2814
0.0000
1.1238
0.2596
0.0000
0.0000
0.0000
3.3389
0.0000
0.8843
0.0000
0.0000
1.0290
0.0000
1.7460
0.0000
0.0000
0.0000
0.0000
0.0000
0.0000
0.5281
0.4115
0.0000
0.0000
0.0000
0.0000
0.0000
0.0000
0.0000
0.0000
0.0000
0.0000
0.0000
0.0000
0.0000
0.0000
0.0000
0.3790
0.0000
0.5681
0.0000
0.0000
0.0000
0.0000
0.0000
0.0000
0.0000
1.6904
1.4005
0.0000
0.0000
0.0000
0.0000
0.0000
0.0000
0.0000
0.6170
0.0000
0.0000
0.0000
0.0000
0.0000
0.0000
0.0000
0.0000
0.0000
0.1784
0.9463
0.0000
0.0000
0.0000
0.9185
0.0000
0.0000
0.0000
2.2569
0.0000
0.0000
0.8217
0.0000
0.0000
0.0000
0.0000
0.0000
0.0000
0.0000
0.5657
0.0000
1.2819
1.3483
0.0000
0.0000
0.0000
0.0000
0.0000
0.4045
0.0000
5.9858
0.0433
0.0000
0.0000
0.0000
0.0000
0.0000
0.0000
0.0000
0.0000
0.0000
2.4339
0.5956
0.0000
0.0000
1.7193
0.0000
0.0000
0.7060
0.0000
0.0000
0.0000
1.6558
0.0000
0.0000
0.0000
0.1346
1.0836
4.7502
1.9906
0.0000
0.0000
1.6761
0.0000
0.0000
0.0000
0.0000
1.0935
0.0000
0.4160
0.0000
0.0000
0.0000
0.0000
0.0000
0.3775
0.0000
0.0000
0.0000
0.0297
0.0000
2.6822
0.0000
0.0000
0.9461
0.0000
0.0000
0.0000
0.0000
0.5186
0.0000
0.0000
0.0000
0.0000
0.0000
0.0000
0.0000
0.6384
0.0000
0.0000
0.2754
0.0000
0.0000
0.0000
0.0000
0.0000
1.4934
0.0000
0.0000
0.0000
0.0000
0.4606
0.8553
0.0000
0.0000
0.0000
0.0000
0.8684
0.0000
0.0000
0.0000
3.9605
0.0000
0.0000
0.0000
0.0000
0.0000
0.0000
0.0000
0.1568
0.0000
0.0000
0.0000
0.0000
0.0000
1.3903
0.0000
0.0000
2.0921
0.0171
0.0000
0.1064
0.0000
0.2624
0.0000
0.0000
0.0000
0.0000
0.4665
0.1520
0.0000
0.0000
0.0000
0.0000
1.4450
0.0000
1.3148
0.0000
0.0000
0.0000
0.0000
0.0000
0.0000
0.0000
0.0000
0.0000
0.0000
1.0692
0.0000
0.0000
0.1097
0.0000
0.0000
0.0000
0.0000
0.0000
0.0000
0.0000
0.0000
0.0000
0.0000
0.0000
2.2752
0.0000
0.3526
1.3773
0.0000
0.0000
0.0000
0.0000
0.0000
2.2601
0.0000
0.0000
0.0000
1.3831
1.3387
0.3274
0.0000
0.0000
0.0000
0.0000
0.0000
0.5948
0.0000
1.0708
0.0000
0.0000
0.0000
1.2083
0.0000
0.8496
0.0000
0.0000
0.0000
0.0000
1.0005
1.3436
0.0000
0.0000
0.0000
0.0000
0.0000
0.0000
0.0000
0.0000
0.0000
0.0000
0.5585
0.0000
0.0000
3.6377
0.0000
0.0000
1.3389
0.0000
0.0000
0.0000
0.0000
0.0000
0.0000
0.1512
0.3325
0.0000
4.7028
1.4506
0.0000
0.0000
0.0000
0.0000
0.0000
0.0000
0.0000
0.0000
1.2356
0.0000
0.0000
0.0000
0.0000
0.0000
0.0000
0.0000
0.0000
0.0000
1.1509
0.0000
1.9183
0.0000
4.8728
0.0000
1.5500
0.0000
0.0000
0.0000
0.0000
1.2077
0.0000
0.0988
0.0000
0.0000
0.0000
0.9154
0.0000
0.0000
0.0000
0.0000
0.0907
3.0896
0.0000
2.2047
0.0000
0.2167
0.0000
0.0000
0.0000
0.0000
0.0000
1.0669
0.0000
0.0000
1.5725
0.0000
0.8203
2.1917
1.0849
3.2983
0.0000
0.0000
0.0000
0.7291
0.0000
0.0000
0.0000
0.0000
0.0000
0.0000
0.0000
0.4390
4.2998
0.2024
0.0000
0.0000
0.0000
0.0000
0.0000
0.0000
0.0000
0.0000
2.5594
0.0000
2.0789
0.0000
3.1559
0.0000
0.0000
0.7019
0.9239
0.3541
2.5203
0.0000
0.1862
0.4593
0.0000
0.0000
0.0000
2.5621
0.0000
0.0000
0.4262
0.2704
0.0000
1.5183
1.0301
0.6843
0.0000
0.0000
0.0000
1.7063
0.0000
0.0000
0.4189
0.0000
0.0000
0.0000
0.0000
2.7570
0.0000
0.0000
0.0000
2.2953
0.0000
0.0000
0.0000
0.0000
0.0000
0.0000
0.0000
0.0000
0.0000
2.6798
0.0000
2.2005
0.0000
1.3201
0.6037
0.6391
0.0000
0.0000
0.0000
1.4723
0.0000
0.0000
0.0000
0.0000
0.0000
2.8562
0.0000
0.0000
0.3730
0.0000
0.0000
0.0000
0.0000
0.0000
0.0000
0.0000
0.8627
0.0000
0.0000
0.2107
2.4121
0.0000
0.0000
2.2516
0.0000
0.0000
0.0993
0.0000
1.7950
0.0000
0.0000
0.0000
0.2388
0.9459
0.0000
0.0000
0.0000
0.0000
0.0000
0.0477
0.0000
0.0000
0.0000
0.3539
0.0000
2.0583
0.0000
0.0000
0.0278
0.0000
0.0000
0.0000
0.0000
0.2785
0.0000
0.5045
0.0000
0.0000
0.0000
0.0000
0.0000
0.0000
0.2935
0.0000
0.0000
0.0000
0.0000
0.0000
0.0000
0.0413
0.0000
0.0000
0.0000
0.7104
0.8943
1.2275
0.0000
0.0000
0.0000
0.0000
1.7666
0.0000
0.0000
0.0000
0.0000
0.0000
0.0000
0.0000
0.0000
0.0000
0.0000
0.0000
0.0000
0.0000
0.0000
3.3040
0.0000
0.4807
0.0000
3.4518
0.0000
0.0000
2.3881
1.9811
4.8840
0.0000
2.6149
0.0000
0.0000
0.0000
2.6307
0.0000
0.0000
0.0000
0.0000
0.0000
0.0000
0.0000
0.0000
2.0004
0.0000
0.0000
0.0000
0.0000
0.0000
0.0000
0.0000
0.0000
0.0000
3.3327
0.9441
0.0000
0.0000
0.9091
0.0000
1.2094
0.0000
0.0000
0.0000
2.1451
0.0000
2.4223
0.0000
0.1430
0.0000
0.0000
0.0000
0.0000
0.0000
0.0000
0.0000
0.0000
5.1239
0.0000
0.0000
0.0000
0.0000
0.0000
0.0000
0.0000
0.0000
0.5072
0.0000
0.0000
0.0000
2.2710
0.0000
0.0000
0.0000
0.0000
0.0000
0.0000
0.0000
0.0000
0.0000
0.0000
0.0000
2.7412
0.0520
0.0000
0.0000
3.0220
0.0000
1.1080
0.0000
0.0000
1.4507
0.0000
0.0000
0.0000
0.0000
0.0000
0.5933
0.0000
0.0000
0.0000
0.0000
0.0000
0.0000
0.0000
0.2999
2.7062
0.0000
0.7087
0.0000
0.0000
0.0000
0.0000
0.0000
0.0000
0.0000
0.0000
0.0000
0.0000
0.3751
0.9872
0.0000
0.0000
0.0034
0.0000
0.7413
2.2971
0.0000
0.0000
0.3474
0.0000
0.0000
0.0000
0.0000
0.0000
0.0000
3.4981
0.0000
0.0000
2.4677
0.0000
0.0000
0.0000
0.0000
0.7216
0.0000
0.0000
0.0000
0.0000
0.4806
0.0000
0.0000
0.0000
0.1396
0.0000
0.0000
0.0000
0.0000
0.0482
0.0000
0.0000
0.1160
0.0000
0.0000
0.0000
0.0000
0.0000
1.2570
0.0000
0.0793
0.0000
0.2226
0.0000
0.0421
0.0000
0.0000
0.0000
0.0000
0.0000
0.0000
0.0000
0.0000
0.0000
0.0000
0.0000
0.2929
0.0000
0.5297
0.0000
0.0000
0.0000
0.0000
0.0000
0.0000
0.0000
0.0000
0.2050
0.0000
0.0000
0.0000
0.0000
0.0000
2.3549
1.9739
0.0000
0.0000
0.0000
0.0000
0.0000
0.0000
0.0000
0.0000
0.0000
0.0000
0.0000
0.0000
0.0000
2.5706
1.1572
0.0000
0.0000
0.0798
0.0000
0.0000
2.7402
0.0000
0.6685
0.0000
0.0000
1.1437
0.0000
2.0835
0.8834
3.7908
0.0000
0.0000
0.0000
0.0000
0.0000
0.0000
0.0000
0.0000
0.0000
0.0000
0.0000
0.0000
0.0000
0.0000
0.0000
0.0000
0.0000
1.7020
0.3345
0.5568
0.0000
3.5180
0.0000
0.0000
0.0000
0.1080
0.0000
2.5532
0.0000
0.0000
2.2170
0.0000
0.0000
0.7980
0.0000
0.0000
0.0000
0.0000
0.0000
0.0000
0.0000
0.0000
0.0000
0.0000
0.0000
0.0000
0.0000
1.1163
0.0000
2.4938
0.0000
0.2333
0.0000
0.0000
0.0000
0.0000
0.0000
0.0000
0.0000
0.0000
0.8902
0.0000
3.0447
0.6159
0.0000
0.0000
0.0000
0.6903
0.0000
0.0000
0.0000
0.0000
0.0000
0.0000
0.5836
0.0000
0.0000
0.0000
0.2657
0.0000
0.0000
0.0000
0.6415
0.0000
0.0000
3.1901
5.1508
1.4361
0.0000
2.0735
0.0000
0.0000
0.0000
0.4344
0.0000
0.0000
0.0000
0.0000
0.0000
0.0000
0.0000
0.0000
3.1688
2.3262
0.0000
0.0000
0.0000
0.0000
0.0000
0.0000
0.0000
0.0000
4.2697
0.0000
0.8333
0.0000
0.1986
0.0000
0.0000
1.6467
2.9995
1.1719
0.0000
0.0000
0.0000
0.3813
0.0000
0.0000
0.2877
0.0000
0.0000
0.0000
0.0000
0.0000
0.0000
0.0000
0.0000
1.2657
0.0000
1.0696
0.0000
0.0000
0.0000
0.6691
0.0000
0.0000
0.0000
0.0000
0.0000
0.0000
0.0000
2.9276
0.0000
0.0000
0.0000
0.0000
2.1361
0.0000
0.0000
0.3028
0.0000
0.8555
0.0000
2.5862
0.0000
0.0000
0.0000
0.5700
0.0000
0.5058
0.0000
0.0000
0.0000
0.0000
0.0000
4.4517
0.0000
0.1259
0.0000
0.0000
0.0000
0.7617
0.0000
0.0000
0.0000
0.0000
1.8724
0.0000
0.0000
0.0000
0.9697
0.9604
0.0000
0.0000
2.0805
0.0000
0.0000
0.0000
0.0000
0.5664
0.0000
0.2490
0.0000
1.6863
0.0000
2.0401
0.0000
0.0000
0.0000
0.0000
0.0000
0.0000
0.0000
0.0000
0.0000
1.3505
0.0000
0.0000
0.0000
2.1897
0.4517
0.0000
2.2936
0.0000
0.0000
0.0000
0.0000
2.6557
0.0000
0.2728
0.0000
1.1888
1.7834
0.0000
0.0000
0.0000
0.2694
0.0000
0.0000
0.0000
0.0000
0.0000
0.0000
0.0000
0.0000
0.0000
2.7223
0.0000
0.6577
0.0000
2.4562
0.0000
0.0000
0.1184
0.0000
0.0000
0.0000
0.0000
2.3649
1.3882
4.5091
0.0000
0.0000
0.0000
0.0000
0.0000
0.0000
0.8877
0.0000
0.0000
0.0000
0.0000
1.7738
0.0000
0.0000
0.0000
2.1535
1.3341
0.0000
0.0000
0.0000
0.0172
0.0000
0.0000
0.0000
1.2316
0.0000
0.0000
0.5236
0.0000
0.0000
0.0000
0.0000
0.0000
0.0000
0.0000
0.0000
0.0000
0.0000
0.0000
0.0000
0.0000
0.0000
0.2259
0.0000
2.7385
0.0000
0.0000
0.0000
3.6058
0.0000
0.0000
0.0000
0.0000
0.0000
1.3168
2.4304
1.4193
0.0277
1.7754
0.0000
2.7805
0.0000
1.0881
0.0000
0.0000
0.8193
0.0000
0.0000
0.0000
0.0000
0.2683
0.0000
0.0000
1.9867
2.3207
0.0000
0.5351
0.6033
0.0000
0.0000
0.0000
0.0000
0.0000
0.0000
2.9073
0.0000
0.4619
5.3705
0.0000
0.0000
1.1251
0.3350
0.0000
1.3888
2.7119
0.4565
0.0000
1.1913
0.0000
1.4399
0.5542
0.8479
3.4941
0.0000
0.0000
1.6957
0.0000
0.0000
0.3207
0.0000
0.0000
1.5818
0.0829
2.9613
0.0000
0.0000
4.0443
0.0000
3.2345
0.0000
0.0000
0.0000
0.0000
0.0000
0.0000
0.0000
0.0000
0.9481
0.0000
1.0522
0.0000
2.3786
0.0000
0.1630
0.0000
0.0000
0.0000
0.0000
0.0000
0.9648
0.7114
0.0000
0.8278
2.5113
0.0000
1.0125
4.1718
0.0000
0.0000
0.0000
0.0000
0.0000
0.0000
0.0000
0.0000
0.0000
0.0000
0.0000
0.0000
0.0000
0.5242
0.0000
0.0000
0.0000
0.0000
1.1977
0.0000
2.7611
2.4706
1.0696
0.0000
0.0000
0.0000
0.0000
0.0000
0.0000
2.6337
0.0000
0.1129
0.0000
0.0000
0.0000
0.0000
0.9368
0.0000
0.0000
0.0000
0.0000
0.0000
0.0000
0.0958
1.4127
0.0000
0.0000
0.3838
0.0000
0.0000
0.0000
0.0000
0.5863
0.0000
0.0000
0.0000
0.0000
0.5040
0.0000
0.0000
0.0000
0.0000
0.0000
0.4467
0.0000
0.0000
0.3156
0.0000
0.0000
0.0000
1.2128
0.0000
0.0000
0.0000
2.9631
0.0000
0.0000
0.0000
1.6786
0.0000
0.0256
0.0000
0.0000
2.3149
0.0000
0.4293
0.0000
0.0000
0.0000
1.9610
0.0000
0.0000
0.0000
0.0000
0.1752
0.0000
0.5456
3.0195
0.0000
0.0000
0.0000
0.8517
0.0000
0.0000
0.0000
0.0000
0.0000
1.5282
0.0000
0.0000
0.0000
0.0000
0.0000
1.2508
0.0000
0.4294
1.2631
0.0000
0.0000
0.0000
2.3260
0.3526
1.1691
0.0000
0.0000
0.0000
0.0000
0.0000
1.0074
0.0000
0.7940
0.0000
0.7878
1.5815
0.0000
0.0000
0.0000
0.0000
0.1278
0.0000
0.0000
2.3530
0.0000
0.0000
0.7477
2.9144
1.3574
0.0000
0.4123
0.0000
0.0000
0.0000
0.0000
0.0000
1.9717
0.0000
0.0000
2.5206
2.5704
0.0000
0.0000
0.6144
0.8256
0.7281
0.2068
0.0000
0.6525
0.0000
0.0000
0.0000
0.0000
0.0000
1.6179
0.0000
0.0000
0.0000
1.0656
1.7940
0.0000
2.1338
0.0000
0.0000
0.0000
0.0000
2.5807
0.0000
0.0000
0.0000
2.2820
1.9417
0.0000
0.0000
0.0000
0.0000
0.0000
0.6819
2.3435
0.0000
0.0000
0.2225
0.0000
0.0746
1.4553
0.2618
0.0000
0.0000
0.0000
0.3577
2.3815
0.0000
0.0000
0.0000
0.0000
0.1895
0.0000
0.0000
0.0000
0.0000
0.2610
0.0000
0.0000
0.3756
0.0000
0.0000
0.6001
1.8646
0.0000
0.8413
0.1319
0.0000
0.0000
0.2325
0.0000
1.5531
0.0000
0.0000
1.0772
4.5964
0.0000
0.0000
0.0000
0.9796
0.0000
0.0000
0.0000
0.0000
0.0000
0.0000
0.0000
0.0000
0.5151
0.0000
3.1894
0.0000
0.0000
0.0000
0.0000
0.0000
0.0000
0.0000
2.8746
0.0000
0.0000
0.0000
0.0000
0.0000
0.0000
0.0000
0.0000
0.0000
0.0000
0.7087
0.0000
0.0000
0.0000
0.1889
0.0000
0.0000
1.4749
0.0000
0.0000
0.0000
0.0000
0.7453
0.0000
1.2423
0.0000
0.0000
1.7999
1.9388
0.0000
3.8340
0.2341
0.8624
0.0000
0.0000
0.0000
0.0000
0.0000
0.0000
0.0000
0.0000
0.0000
0.6661
0.0000
3.0752
0.0000
1.2615
0.0000
0.0000
0.0000
2.7051
0.0000
0.1084
3.4362
0.0000
0.7405
0.0000
0.0000
0.0000
0.0000
0.8703
0.0000
0.0000
0.0000
0.2657
0.0000
0.0000
0.0000
0.0000
0.0000
0.0000
0.0000
0.0000
0.0000
0.0151
0.0000
3.1656
1.3920
0.0000
0.0000
0.0000
1.4572
0.0000
0.0000
0.0000
0.0000
0.0000
1.6557
1.6966
0.0000
0.0000
0.0347
0.0000
0.0000
0.0000
0.0000
0.0000
0.0000
0.0000
0.0000
0.0000
0.0000
0.3633
0.0000
0.0000
3.9758
0.3737
0.0000
0.0000
0.0000
0.0000
0.3632
0.0000
0.9515
0.0000
0.3745
0.7455
0.0000
0.0000
1.3518
0.0000
0.0000
0.0000
0.0000
0.0000
1.0647
1.7000
0.2019
0.0000
0.0000
0.0000
0.0000
0.0000
0.0000
0.0000
0.0000
0.0000
0.0000
1.0228
1.6841
0.0000
0.0000
0.0000
2.4498
0.0000
0.0000
0.0000
1.4534
0.0000
0.0000
1.6742
0.0000
0.0000
0.0000
1.9032
1.6399
0.0000
0.0000
0.0000
0.0000
4.9967
0.0000
0.2865
0.0000
1.3976
0.0000
0.4820
1.4841
0.0000
2.0167
0.0000
0.0000
0.5585
0.0000
0.0000
0.0000
0.0000
1.3334
0.0000
0.0000
0.0000
0.0000
0.0000
0.0000
0.0000
0.9724
0.0000
0.0000
0.0000
0.0000
1.0608
0.0000
0.2005
0.0000
0.0000
0.0000
0.0000
0.0000
0.9532
0.0000
0.0000
0.0000
0.0000
1.2203
0.0000
0.0000
2.0793
0.0000
0.5800
0.0000
0.0000
0.0000
0.0000
0.3842
2.9817
0.0000
0.1240
0.0000
0.0000
0.0000
1.5789
0.0000
0.0000
0.0000
1.4786
0.0000
0.2303
0.0000
0.0000
0.0000
1.2857
0.0000
0.0735
2.6379
0.0000
0.0000
0.7849
3.0175
0.7392
0.0000
0.0000
0.0000
0.0000
0.0000
0.0000
0.0000
1.9780
0.2497
0.0000
0.0000
0.0000
3.3358
5.7490
0.0000
0.1336
0.2788
0.0000
0.0141
0.0000
0.0000
0.0000
0.0000
0.0000
0.0000
0.0000
0.0000
0.0000
0.0000
0.0000
0.0000
0.0000
0.0000
0.0000
0.0000
0.0000
0.0000
0.0000
1.1195
0.0000
2.3347
0.0000
0.0000
0.5457
0.0000
0.0000
0.8187
0.1121
0.0000
0.0000
1.4783
0.0000
0.6181
0.0000
2.4529
0.0000
0.0000
1.1735
0.0000
0.0000
0.0000
0.0000
0.0000
0.0000
0.0000
0.0000
1.9161
0.0000
0.0000
0.0000
0.7463
0.0000
0.0000
0.0000
0.0000
0.0000
0.0000
0.0000
0.8840
1.0575
0.0000
0.0000
0.0000
0.0000
0.0000
0.0000
0.0000
0.0000
0.0000
1.8693
0.0000
0.0000
0.0000
0.0000
0.0000
0.0000
0.0000
3.3440
0.0000
0.0000
1.8854
0.3112
0.0000
0.0000
0.0000
0.0000
0.0000
0.0000
0.0000
0.0000
0.6067
0.0000
0.0000
0.0000
0.4107
0.0000
0.0000
0.0000
0.0000
0.0000
0.0000
0.0000
0.4892
0.0000
0.0000
0.0000
0.0000
0.0000
0.0000
2.6467
0.0000
2.6077
0.0000
0.0000
0.1914
1.3417
0.0000
0.4245
0.5915
0.9881
0.6949
0.3152
0.0000
0.0000
0.0000
0.6770
0.0000
0.0000
4.8020
0.8786
0.0000
0.9771
0.0000
3.1045
0.5977
0.6548
0.0000
0.0000
0.0000
0.0000
0.4796
0.0000
1.0055
1.0585
0.0000
0.0000
0.0000
0.0000
0.0000
0.0000
0.0000
0.0000
1.1064
0.0000
0.0000
0.0000
0.0000
0.9628
0.0000
0.0000
0.5474
0.0000
0.9191
0.0000
0.0000
0.0000
1.1518
0.0000
1.2001
0.0000
0.0000
0.0000
0.1666
0.2741
1.7602
0.9789
0.0000
0.0000
0.0000
0.0000
0.0000
0.0000
1.6597
0.0000
0.6113
2.2210
0.0000
0.0000
0.0000
0.0964
0.0000
0.0000
0.0000
0.0000
0.0000
0.0000
0.6345
0.0000
0.0000
0.0000
0.0000
2.1384
0.0000
1.0408
0.1943
0.0000
0.0000
0.0000
0.9231
0.0000
0.0000
0.0000
0.0000
1.7723
0.0000
0.0000
0.0000
0.0000
0.0000
0.0000
1.0432
1.6709
0.0000
0.0000
0.0000
0.0000
0.0000
0.4967
0.0000
0.0000
0.4514
3.1810
0.0000
0.0000
0.3986
0.0000
3.4885
0.0000
0.0000
0.9421
0.0000
0.0000
0.0000
0.5794
0.6610
4.4529
0.0000
3.1182
2.9743
0.0000
0.0000
0.0000
2.0358
0.0000
0.6548
0.0000
0.0000
0.0000
0.0000
0.0000
2.0020
0.0000
0.0000
1.2138
0.0000
0.0000
0.0000
1.7847
1.5203
0.0000
0.0000
2.3576
0.0000
0.0000
0.0000
0.1519
1.7367
2.7892
0.0000
0.0000
0.0000
0.0000
0.0000
0.0000
1.9804
2.4583
0.2645
0.0000
0.0948
1.1007
0.7163
0.0000
0.0000
0.0000
0.0000
0.0000
2.4312
0.0000
0.6590
4.2859
0.0000
0.0000
0.0000
0.0000
0.7229
0.0000
0.0000
1.2230
0.0000
0.0000
0.0000
3.6754
0.0000
0.0407
0.0000
0.0000
0.0000
1.8137
0.0000
1.2302
0.0000
0.0000
1.0632
0.0000
0.0000
0.1901
0.0000
0.0000
3.3930
0.0000
0.0000
0.0000
0.0000
0.0000
1.9536
0.0000
0.0000
0.0000
3.2410
0.1193
0.9880
0.0000
0.0000
0.0000
0.0000
0.3774
0.0000
0.0000
0.0000
0.2395
0.0000
0.0000
0.1815
0.0000
0.0000
0.0000
0.0000
0.0000
0.0000
1.7026
0.0000
0.0000
0.0000
0.4988
0.0000
2.0737
0.3802
2.6983
0.0000
1.3981
0.0000
0.0000
0.0000
0.0000
0.3976
0.0000
0.0675
0.0000
0.0000
4.7646
0.0000
0.0000
0.2346
0.0000
0.0000
0.0000
0.0000
0.0000
0.0000
0.0000
0.0000
0.0000
0.0000
0.0000
0.0000
0.0000
1.8466
0.0000
2.9625
0.7424
0.0000
0.0000
0.5725
0.0000
0.0000
0.0000
1.1041
0.0000
1.6508
0.0000
0.0000
2.1831
0.0000
0.2130
0.0000
0.0000
0.0000
0.0000
0.8267
1.2724
0.0000
0.0000
1.0764
0.2592
0.0000
0.0000
0.0000
0.0000
0.4063
0.0000
0.0000
0.0000
0.8125
0.0000
0.0000
1.5569
0.0000
0.0000
0.0000
0.7579
0.0000
0.1669
0.0000
0.8646
2.2715
0.8912
0.9561
0.0000
0.0000
0.0000
0.0000
0.0000
0.2321
0.0000
0.0000
0.0000
0.0000
0.0000
0.0000
3.1629
2.8755
0.0000
0.0000
0.0000
0.0000
4.7858
0.0000
0.0000
0.0000
0.0000
0.0000
0.0000
0.0000
0.0000
0.1197
0.6292
0.0000
0.0000
0.0000
0.0000
0.0000
0.0000
0.5951
1.7280
0.0000
0.0729
0.0000
0.0000
0.0000
0.0000
5.3545
0.2862
0.0000
0.0000
0.7418
0.0000
0.0000
0.0000
1.9471
0.0407
0.0000
0.9048
4.1284
0.0000
0.0000
0.0000
0.0000
0.0000
0.0000
0.0000
2.5163
0.0000
0.0000
3.6048
0.4392
0.8834
0.0000
0.0000
0.0000
0.0000
0.0000
0.0000
0.0000
0.0000
1.3864
0.0000
0.0000
2.5335
0.0000
0.5058
0.0000
0.0000
0.0000
1.0093
0.0000
0.0000
0.0000
0.0000
1.9671
0.4313
0.0836
0.0000
0.0000
0.8564
0.0000
0.9526
1.7511
0.7177
0.0000
0.0000
0.0000
0.0000
0.0000
0.0000
0.5110
0.0000
0.0000
0.0000
0.0000
0.0000
0.0000
0.0000
0.0000
3.6972
0.0000
2.3418
0.0000
0.0000
1.8649
0.0000
0.0000
0.0000
0.0000
0.3695
0.0000
0.0000
0.1646
0.0000
0.0000
0.0000
0.4055
1.5046
1.2607
0.0000
0.8573
0.0000
1.2791
0.0000
0.0000
0.0000
0.0000
0.0000
0.0000
0.0000
0.0000
0.0000
0.0000
0.0000
0.0000
0.0000
0.0000
0.0000
1.1043
0.0000
0.0000
1.2989
0.0000
0.7152
0.0000
0.8025
0.3623
0.0905
3.4059
0.0000
0.6724
1.5581
4.3043
0.0000
1.3426
0.0000
0.0000
1.4567
0.0000
0.0000
0.0000
0.0000
0.0000
0.0000
0.0000
0.0000
1.1977
0.0000
1.2702
0.0000
4.0265
2.4062
0.0000
0.5891
6.0186
2.5343
0.0000
0.5842
0.0000
0.0000
0.0000
4.5234
0.0000
0.0000
0.0000
0.8967
0.0000
0.0000
0.0000
1.2060
0.0000
0.0000
2.0034
0.0000
0.4902
0.0000
0.3888
0.0000
0.0000
2.6914
0.0000
0.0000
0.0000
0.0000
0.0000
2.0233
0.0000
0.9081
0.0000
0.4976
0.1481
0.0000
1.5530
0.0000
0.0000
1.2373
0.0000
0.0000
0.0000
0.0000
0.0000
3.2142
0.2423
0.0000
0.0000
0.4744
0.0000
0.0000
0.0000
0.0871
0.0000
0.0000
0.2199
0.0000
0.0000
0.0000
0.0000
1.9906
0.0000
0.0000
3.5020
0.0000
0.0000
0.0000
0.0000
0.0000
0.0000
0.0000
4.9977
0.0000
0.0000
1.7767
0.0000
1.0302
0.0000
1.5709
0.0000
0.0000
1.9588
0.0000
0.0000
0.0000
0.0000
0.0000
0.3727
0.0000
0.0000
0.0000
0.0778
0.0000
0.0000
1.2518
0.4214
0.9365
0.0000
0.0000
0.4775
0.0000
1.0718
0.0000
0.0000
0.0000
1.3125
1.1564
0.0000
0.0000
3.2673
0.1288
0.0000
1.6272
1.3026
0.0000
0.0000
0.0000
0.0000
0.0000
0.0000
0.0000
0.0000
0.9418
0.0000
0.0000
0.0000
0.0000
0.0000
0.0000
0.0000
0.0000
0.0000
0.0000
0.0000
0.0000
0.0000
2.9953
0.0000
0.0000
0.0000
3.9537
0.0000
0.0000
0.0000
0.0000
0.0000
0.0000
0.0000
0.0000
0.0000
0.0000
0.0000
0.0000
0.9799
0.0000
0.0000
0.0000
0.0000
0.0000
0.0000
0.0000
0.0000
0.6952
0.0000
0.0000
0.0000
0.0000
0.0000
0.0000
0.3967
0.0000
0.0000
1.1227
0.0000
0.0000
1.1100
0.0000
0.0000
0.1758
0.0000
0.0000
0.0000
0.0000
0.8266
0.0943
0.0000
0.0000
0.0000
0.0000
1.6094
0.0000
0.1811
0.0000
0.0000
0.0000
1.9206
1.8338
0.0000
0.3682
0.1035
0.0000
0.0000
2.1786
0.0000
1.6407
0.0000
0.0000
0.0000
0.0000
0.0000
0.1047
1.0339
0.2365
0.0000
0.0000
0.0000
0.3994
0.0000
0.0000
0.0000
0.0000
0.0000
0.0000
0.0000
0.1076
0.0000
0.0000
0.0000
0.0000
0.0000
0.0000
0.0000
0.0000
0.5307
0.0000
0.0000
0.0000
0.0000
4.3361
0.0000
0.8494
0.0000
0.2213
0.0000
0.0793
0.0000
2.8856
0.1827
0.0000
0.0000
0.0000
0.6758
0.0000
0.0000
0.2401
0.0000
0.0000
0.0000
1.3763
0.0000
0.0000
0.0000
0.0344
0.0000
0.0000
0.0000
0.0000
0.0000
1.9721
0.3137
0.5621
0.0000
0.0482
0.0000
0.0000
2.4153
0.0000
0.0000
0.0000
0.0000
1.4044
0.0000
0.0354
0.0000
0.0000
0.0000
0.0000
3.7705
0.0000
1.0127
0.0000
0.0000
1.3095
0.0000
0.0000
0.0000
0.0000
0.0000
0.0000
0.0000
0.0000
0.4992
0.0000
0.6986
0.6749
0.0000
0.0000
3.0676
0.0000
0.0000
0.0000
0.0000
0.0000
0.0000
0.0000
0.0000
0.0000
0.0000
0.0000
0.6518
0.0000
0.0000
0.0000
0.0000
0.0000
0.0000
0.0000
0.0000
0.0000
0.0000
0.0000
2.7565
0.0000
0.0000
0.0000
0.0000
0.0000
1.9911
0.0000
0.0000
1.0956
2.4335
2.2296
0.0000
0.0000
0.0000
0.0000
0.6765
0.0000
0.0000
0.4914
0.0525
1.4124
0.0000
0.3028
0.0000
1.3767
0.0299
1.8332
0.0000
1.6495
0.4958
0.0000
0.0000
1.5664
0.0000
1.3495
0.0000
0.0000
0.0000
0.0000
0.0000
0.0000
0.1937
0.0000
0.7228
2.9639
0.0000
0.0000
0.0000
0.0000
0.9465
1.3576
0.0000
0.0000
0.0000
0.0000
0.0000
0.0000
1.9359
1.2326
0.0000
0.0000
0.0000
0.0000
0.0000
0.7453
2.5531
1.7452
0.0000
0.0000
0.0000
0.0000
0.8408
4.9646
0.0000
1.7269
0.0000
0.0000
3.2491
1.0071
0.0000
0.0000
0.0000
0.0000
0.0000
2.0933
0.0000
0.0000
2.9429
0.0000
0.0000
0.0000
0.0000
2.1077
0.4382
0.0000
0.0000
0.0000
0.0000
0.9135
0.1507
0.0000
0.0000
0.0000
2.2246
0.0000
0.0000
4.6077
0.0000
0.0000
0.0000
1.3804
0.5078
0.0000
0.0000
0.0000
0.0000
0.8462
0.0000
5.1112
0.0000
0.0000
0.0000
0.0000
0.0000
0.0000
0.4515
0.2244
0.0000
0.0000
0.0000
0.0000
0.0000
0.0000
0.0000
2.2310
4.9986
0.0000
0.0000
0.0000
0.0000
0.0000
0.0000
0.0000
0.0000
0.0000
0.0000
1.4813
0.0000
0.6316
1.4585
1.3405
0.0000
0.0000
0.0000
0.0000
0.0000
1.0178
0.0000
1.5728
0.0000
0.0000
0.0000
0.2612
0.0000
3.1944
0.0000
1.1404
0.0000
0.0000
0.0000
0.0000
0.8686
0.0000
0.0000
1.6696
2.6638
0.0000
0.0000
0.0000
0.0000
1.2830
0.0000
1.4686
0.0000
1.1401
0.0000
0.0000
0.0000
0.0000
0.0000
0.0000
1.2216
0.0000
1.1956
0.1511
0.0000
0.0000
0.0000
0.0000
0.0000
0.1431
0.0000
1.2251
2.7077
0.5552
1.2541
0.0000
0.0000
1.2794
0.0000
0.0000
0.0767
0.0000
0.0000
0.0000
0.0000
0.0000
0.0000
0.0000
1.0272
0.0000
0.0000
0.0000
0.0000
0.0000
0.0000
0.1213
0.8088
0.0007
0.0000
0.0000
4.8867
0.0000
0.0000
0.0000
0.0000
0.0000
0.0709
0.0000
0.0000
0.0000
0.0000
1.2049
0.0000
0.3120
1.8700
0.8898
0.0000
0.0000
0.0000
0.0000
0.0000
0.0000
0.7130
0.0000
0.0000
0.0000
1.5832
0.0000
0.0000
0.0000
0.0000
0.0000
0.0000
2.2774
0.0000
0.0000
0.0000
0.0000
0.0000
0.0000
0.0000
0.0000
3.5441
0.0000
1.4373
1.5199
0.6289
0.0000
0.0000
0.0000
0.0000
0.0000
0.0000
0.0000
0.0000
0.0000
0.0000
0.0000
0.0000
0.0000
0.0000
0.9938
0.0000
0.0000
1.1269
0.2462
0.0000
0.0000
0.0000
3.2416
0.0000
0.4580
0.0000
0.0000
0.0000
0.0000
3.5998
0.0000
0.0000
0.0000
0.3545
0.8830
0.0000
0.0000
0.0000
0.0000
0.0000
0.0000
0.0000
0.0000
0.0000
0.0000
0.0000
0.0000
1.5990
0.0000
0.0000
2.9217
0.0000
0.0000
0.0000
0.0000
0.0000
1.3095
0.0000
0.0000
0.0000
1.1894
4.4942
0.0000
4.5620
0.0000
0.0000
0.0000
0.0000
0.2494
0.0000
0.0000
0.0000
0.2757
0.5375
0.0000
1.8485
0.0000
0.0000
0.0000
0.0000
0.0000
3.6601
0.0000
0.4292
0.0000
0.0000
0.0000
0.0000
1.4828
0.0000
1.5505
0.0000
0.0000
0.0000
0.0000
0.0000
0.0000
0.0000
0.0000
0.0000
0.0000
0.0000
0.0000
0.0000
0.0000
0.0000
0.0000
0.0000
0.0000
1.0301
0.0000
0.1523
0.0000
2.1535
0.0000
0.0000
1.2797
0.0000
0.0000
0.0000
1.2785
0.0000
0.0000
0.0000
0.0000
2.6534
1.3071
1.5017
0.0000
0.0000
0.0000
0.0000
2.8001
0.0000
0.0000
0.0000
0.0000
0.0000
0.0000
0.0000
0.0000
0.0000
0.1913
0.0000
0.0000
0.5481
0.0000
0.0000
3.9203
0.0000
0.0000
4.9636
0.8182
0.0000
0.0000
0.0000
0.0000
0.0000
0.0000
0.7478
0.0000
0.0000
1.8766
2.3322
0.7091
0.5764
1.6117
0.0000
0.0000
0.0000
0.0000
0.8761
0.0000
0.0000
0.0000
0.0000
6.1749
0.0000
0.0000
0.0000
0.0000
0.0000
0.0000
1.4887
0.0000
0.0000
0.3826
0.0000
0.0000
0.0000
0.0000
0.2004
0.2712
0.0000
0.0000
0.0000
0.0000
0.0000
0.0000
0.5273
2.0582
0.0000
0.0000
0.0000
0.0000
0.0000
0.0000
0.0000
0.0000
0.0000
0.0000
0.0000
0.0000
0.0000
0.0000
0.8487
1.0600
0.0000
0.0000
0.0000
0.0000
0.0000
1.3659
1.7306
0.0000
0.0000
0.0000
4.4650
1.0115
1.0472
0.0000
0.0000
0.0000
1.9248
0.0000
0.0000
0.0000
2.9981
0.4239
0.0000
0.0000
0.0000
0.0000
0.0000
0.0000
0.0000
1.4063
0.0000
0.0000
0.0000
4.7179
0.0000
1.0000
0.0000
0.0000
0.0000
0.0000
4.6652
0.0000
0.0000
0.0000
0.0000
0.5377
0.0000
0.0000
0.5187
1.7665
0.0000
0.0000
0.2516
0.0000
0.0000
0.0000
0.0000
0.0000
0.0000
2.2502
0.0000
4.6123
0.0000
0.6104
0.1431
0.0000
2.4483
0.0000
1.0669
0.0000
0.0000
0.0000
0.0000
0.0000
0.4739
0.0000
0.0000
0.0000
1.9865
0.0000
0.0000
0.0000
0.0000
0.0000
0.0000
1.0409
0.0000
0.0000
0.0000
1.1613
1.4106
0.0000
0.0000
0.1707
0.0000
3.3291
0.0000
0.0000
2.2357
2.4199
0.0000
0.0000
1.5181
0.1299
6.0557
0.3759
0.0000
0.0000
1.5865
0.0000
0.0000
0.0000
0.0000
0.0000
0.0000
0.0000
0.0000
1.9339
1.0973
3.7332
0.7244
0.0000
3.5353
0.0000
0.0000
0.0000
0.0000
0.0000
1.3802
0.0000
0.0000
2.0076
0.0000
0.0000
0.0000
3.2263
0.1441
0.0448
0.5102
0.0000
0.0000
0.0000
0.6149
0.3257
0.4239
0.0000
0.0000
0.4856
2.1245
0.3691
0.4803
0.0000
0.0000
0.0000
0.0000
0.0000
0.0000
0.0000
0.0000
0.0000
0.0000
0.0000
0.0000
0.0176
0.7649
0.0000
0.0000
0.0000
3.9111
1.1875
1.0918
0.0000
0.2511
1.5779
0.0000
0.0000
0.0000
0.0000
0.0000
0.0000
1.9318
0.0000
0.0000
0.0000
0.0000
3.7490
0.4284
0.0000
1.1042
0.0000
1.6944
0.9692
2.0180
0.0000
0.5289
0.0000
1.1339
1.6433
1.1899
0.0000
0.0000
0.0000
0.0000
0.0000
0.0000
0.0000
0.7969
0.4458
0.0000
1.7959
0.3828
0.0000
0.0000
5.3030
0.0000
0.4370
0.0000
0.0000
0.7561
0.0000
0.0000
0.0000
2.6691
0.0000
0.0000
1.8253
0.0000
4.5527
0.0000
0.6922
0.0000
0.0476
1.4250
0.0000
0.0000
0.0000
0.0000
0.0000
1.6136
0.0000
0.0000
0.0000
0.7555
0.0000
0.0000
0.0000
0.0000
0.0000
0.1287
0.0000
0.8109
0.0000
0.0000
0.0000
1.2481
0.0000
3.3504
1.9782
1.8051
0.5852
0.0000
0.0000
0.8190
0.0000
0.0000
0.0000
0.0000
1.3270
0.2988
3.5020
0.3452
0.0000
6.4001
0.6435
0.6414
1.4549
0.0000
2.1513
0.0000
0.4259
0.0000
0.0000
0.0000
0.0000
1.1156
0.6561
0.0000
0.0000
0.0000
0.0000
0.0000
0.0000
0.0000
0.6441
0.0000
0.2096
0.0000
0.0000
0.9347
0.0000
