0.0000
0.0000
0.0000
0.0000
2.1723
1.4093
0.0000
0.0000
0.0605
3.9389
2.3056
0.0000
0.0202
0.3001
0.0000
0.0000
0.0000
0.0000
0.0000
0.0000
0.0000
0.0000
3.0288
0.2382
0.4080
0.0000
0.0000
0.3556
0.0000
0.0000
0.0000
0.0000
0.0967
0.5224
1.2989
0.0000
0.0000
0.0000
1.2111
2.6296
0.0000
0.0000
0.0000
0.0000
0.0000
0.9839
0.0000
0.0000
0.0000
0.0000
0.0000
0.3665
0.0000
0.0000
0.0000
0.0000
0.0000
0.0000
0.0000
0.0000
0.0000
0.0000
0.0000
1.5413
0.0000
0.0000
0.0000
0.6707
0.4258
0.0000
0.0000
2.5873
0.0000
0.0000
0.0000
1.4393
0.0000
0.0000
0.0000
0.0000
0.0000
0.0000
0.0000
0.0000
0.0000
0.0365
1.1300
0.4268
0.0607
0.0000
0.1081
0.0000
0.0000
1.7803
0.0000
0.0000
0.0000
0.0000
1.6117
0.0000
1.1375
0.0000
0.5377
0.0000
0.0000
0.0000
0.0000
0.0000
0.6400
0.5814
0.0000
0.0000
0.0000
0.9820
0.0000
0.0000
1.1133
0.0000
0.0000
0.0000
2.9808
0.0000
3.6752
0.0000
0.4705
0.0000
0.5097
0.3474
0.0000
0.5631
0.0000
0.0000
0.0000
0.0000
3.9343
0.0000
0.0000
2.0946
0.0000
0.0000
1.7329
0.0000
0.8792
0.1307
1.9334
0.0000
0.0000
1.8993
1.2204
0.0000
0.0000
0.6179
0.3103
0.0000
0.0000
0.1219
0.0000
1.2737
0.2603
0.0000
0.4097
0.0000
0.0000
0.0000
0.0000
4.3748
0.0000
0.0000
0.0000
2.1241
0.0000
0.0000
0.0000
0.0000
0.0000
0.0000
0.0000
0.0000
0.0000
5.7294
4.3601
2.2022
0.0000
0.0000
0.0000
0.0000
1.2247
2.0091
0.0000
1.5660
0.0000
0.0000
0.0000
0.0000
0.5407
0.3612
0.0000
0.0000
1.0881
2.6364
0.0000
0.0000
0.0000
0.0000
0.0000
0.0000
0.0000
0.0000
0.0000
0.0000
0.0000
0.0000
0.0000
1.0029
0.9615
0.0000
0.0000
0.0000
0.0000
0.0000
0.0000
0.0000
0.0000
0.0000
0.0000
0.0000
1.1851
1.5173
0.0000
0.0000
0.0000
0.0000
0.0000
0.0000
1.1877
0.0000
0.0000
1.0802
2.0769
0.0000
0.0000
0.0000
0.0000
0.0000
0.0000
0.0000
0.0000
0.0000
0.9955
0.0000
0.0000
0.0000
0.0000
0.0000
0.0000
2.4417
0.0000
0.1292
0.0000
0.0000
0.0000
0.0000
0.0000
0.0000
0.0000
0.0000
2.2241
0.0000
0.0000
1.3514
2.7168
0.0000
0.0000
1.7375
0.0000
0.0000
0.0000
0.0000
0.4729
0.0000
3.0891
0.0000
1.1125
0.0000
0.0000
2.1062
0.0000
0.0000
0.0000
0.0000
0.0000
0.0000
0.0000
0.6538
1.4789
0.0000
0.0000
0.0000
0.0000
2.2467
0.0000
0.0000
0.0000
0.0000
0.2747
0.0000
0.0000
0.0000
0.0000
0.0000
0.0000
0.4031
0.0000
0.1489
1.2251
0.0000
0.0000
0.0000
0.0000
2.2794
0.0000
2.3927
0.0221
0.5345
0.0000
2.2198
0.0000
0.0000
0.0000
1.6266
0.0000
0.5162
0.0000
0.0000
0.3155
2.9118
1.5149
0.0000
0.0000
4.1668
0.0000
0.0000
0.0000
0.0000
0.0000
4.7208
0.0000
0.5829
0.0000
0.0000
0.0000
2.4304
1.5410
0.0000
1.9754
1.1481
0.0000
0.0000
0.0000
0.0000
0.0000
0.0000
0.0000
0.0000
0.0000
0.0000
0.8754
0.0000
0.0000
0.0000
0.0000
0.0000
0.0000
0.0000
0.5811
0.2767
0.0000
2.3660
0.0000
0.0000
2.4701
0.0000
0.4375
0.0000
0.0000
0.0000
0.0000
0.0000
0.0000
0.0000
4.1491
0.0000
0.0000
0.0000
0.0000
0.0603
0.0000
0.0000
0.0000
0.4971
0.1324
0.0000
0.0000
0.0000
0.0000
2.6312
0.0000
0.0000
0.0000
0.0000
0.0000
0.0000
0.0000
4.4909
0.5532
0.7428
0.0000
0.0000
0.0000
0.0000
0.0000
0.7566
0.9280
0.0000
0.0000
0.0000
0.0000
0.0000
0.0000
0.0000
0.0000
0.0000
0.0000
0.0000
0.0000
0.0000
0.0000
0.0000
0.0000
0.0000
0.7829
1.2451
0.0000
0.0000
3.5176
0.9896
0.0000
2.6924
0.2429
1.6374
0.0000
0.0000
0.0000
0.0111
0.0000
1.4663
0.0000
0.7945
0.0000
0.0000
0.0000
0.0000
2.2153
0.0000
1.1795
0.0000
0.0000
0.8118
0.0000
0.0000
0.0000
0.0000
0.0000
0.7982
0.0000
0.9663
0.2126
0.3432
2.1979
0.0000
0.0000
0.0000
1.0309
0.5293
1.2867
0.0000
0.0000
0.8490
0.0000
1.3349
0.0000
0.0000
0.0000
0.0000
2.0792
0.0000
0.0000
0.0000
0.0000
0.0000
0.0000
0.0000
2.0422
0.0000
0.0000
0.0000
0.0000
0.0000
0.0000
0.1490
0.0000
0.3719
0.0000
1.1389
0.0000
0.1304
0.0000
0.0000
9.0440
0.0000
0.5754
2.0103
0.0000
0.0000
0.0000
0.0000
0.0000
0.0000
0.0000
0.1286
2.0177
3.0148
0.0000
0.0000
1.3389
0.5815
0.0000
0.0000
0.7793
0.0000
0.0000
0.0000
0.0000
0.0000
0.0801
0.0000
0.0000
0.0000
0.4450
0.0000
0.0000
0.0000
0.0000
0.0000
0.0000
0.0000
0.0000
0.0000
0.0000
0.0000
2.0643
0.0000
0.0000
0.0000
0.0000
1.4003
0.0000
0.0000
0.0000
0.0000
0.0000
0.0000
0.0000
0.0000
0.0000
0.0000
0.0000
0.7809
0.0000
2.5776
0.0000
0.0000
0.0000
0.0000
0.0000
0.0000
0.0000
0.0000
2.1126
0.0000
0.0000
0.0000
0.0000
0.1349
0.0000
0.0000
0.0000
0.0000
3.3059
0.0000
0.0000
1.4185
0.0000
1.2228
0.0000
0.0000
1.1399
0.0000
0.4448
0.0000
0.0000
0.0000
0.0000
4.0818
0.0000
0.0612
1.6650
0.3611
0.6926
0.0000
3.4487
0.0000
1.0316
0.0000
0.0000
0.6260
0.0000
0.9152
0.0000
0.0000
0.0000
0.0000
0.0000
0.5112
0.0000
1.7550
0.0000
0.0000
0.0000
0.0000
0.0000
0.0000
0.0000
0.0000
0.4090
0.0000
0.0000
0.0000
0.0000
0.0000
0.0000
0.0000
1.6338
0.0000
0.0000
0.0000
0.0000
0.0000
0.0000
0.0000
0.0000
1.0921
2.1400
0.0000
0.0000
0.0000
0.0000
0.0000
0.0000
0.0000
0.0000
0.0000
0.0000
0.0000
0.0000
0.0000
0.0000
0.0000
0.0000
0.0000
0.0000
1.0441
0.0000
0.0000
0.0000
0.2884
0.0000
0.0000
0.0000
2.3045
0.0000
0.0000
1.5581
0.0000
0.3089
0.0000
0.0000
0.0000
0.0000
0.0000
0.1359
0.0000
0.0000
0.6997
0.0000
0.0000
0.0000
0.0000
0.0000
0.0000
0.0000
2.7477
1.4672
0.2210
0.0000
0.0000
0.0000
0.1377
0.0000
0.0000
0.0000
0.0000
0.6244
0.3547
0.0000
0.0000
0.6934
0.0000
0.0000
0.3866
0.0000
0.0000
0.0000
0.6426
1.0586
0.0000
0.0000
0.1032
0.8857
5.7662
1.9608
0.0000
0.0000
0.2973
0.0000
0.0000
0.0000
0.0000
0.7726
0.0000
0.0000
0.0000
0.0000
0.0000
0.0000
0.0000
0.0000
0.0000
0.0000
0.0000
1.2384
0.0000
3.1397
0.0000
0.0000
2.3755
0.0000
0.0000
0.0000
0.0000
0.0000
0.0000
0.0000
0.0000
0.0000
0.0000
0.0000
0.0000
0.0000
0.0000
0.0000
0.0000
0.0000
0.0000
0.0000
0.0000
0.0000
0.0000
0.0000
0.0000
0.0000
0.0000
0.8958
1.6138
0.0000
0.0000
0.0000
0.0000
0.1677
0.0000
0.0000
0.0000
3.6913
0.0000
0.0000
0.1888
0.0000
0.0000
0.2019
0.0000
0.0055
1.3983
0.0000
0.4457
0.0000
0.0000
0.6596
0.0000
1.3999
2.1480
0.0000
0.0000
0.0000
0.0000
0.0000
0.0000
0.0000
0.0000
0.3754
0.0000
1.4928
0.0000
0.0000
0.0000
0.0000
0.0000
0.0000
0.6805
0.0000
0.0000
0.0000
0.0000
0.0000
0.0000
0.0000
0.0000
0.2878
0.0000
2.2761
0.2740
0.0000
0.6568
0.0000
0.0000
0.0000
0.0000
0.0000
0.0000
0.0000
0.0000
0.8787
0.0000
0.0000
4.2294
0.2288
0.7916
0.0000
0.0000
0.0000
0.0000
0.0000
0.0000
1.6354
2.0040
0.0000
0.0000
1.3810
1.8718
0.1315
0.0000
0.0000
0.0000
0.0000
0.0000
0.0000
0.0000
0.0000
0.0000
0.0000
0.0000
1.8512
0.0000
0.0000
0.0000
0.2903
0.0000
0.0000
1.1300
3.9929
0.0000
0.0000
0.0000
0.0000
0.0000
0.1855
0.0000
0.0000
0.0000
0.0000
0.1411
0.0000
0.0000
1.6801
0.0000
0.0000
0.0000
0.0000
0.0000
0.0000
0.0000
0.0000
0.0000
0.0000
0.0000
0.0000
6.1450
1.3565
0.0000
0.0000
0.0000
0.0000
0.0000
0.0000
0.0000
0.0000
1.1120
0.0000
0.0000
0.0000
0.0000
0.1911
0.0000
0.0000
0.9969
0.0000
1.5382
0.0000
1.9956
0.0000
3.9757
0.0000
0.7207
0.0000
0.0000
0.2657
0.0000
0.2890
0.0000
0.5808
0.0000
0.0000
2.8576
0.6126
0.0000
0.0000
0.0000
0.0000
0.0000
1.7640
0.0000
0.9722
0.0000
0.7569
0.0000
0.0000
0.0000
0.3177
0.0000
0.3283
0.0000
0.0000
1.4157
0.0000
1.2188
3.4754
0.1591
1.8768
0.0000
0.0000
0.0000
0.7296
0.0000
0.0000
0.0000
0.0000
0.0000
0.0000
0.0000
0.0000
4.3642
0.0000
0.0000
0.0000
0.0000
0.0999
1.0013
0.0000
0.0000
0.0000
1.2834
0.0000
3.2493
0.0000
2.6014
0.0000
0.0000
0.0371
1.7885
0.3615
2.8809
0.0000
1.0639
0.0000
0.0000
0.0000
0.5459
3.3621
0.0000
0.0000
2.0325
0.0000
0.9826
1.1526
0.0000
1.0749
0.0000
2.0179
0.0000
2.1240
0.0000
0.0000
0.0000
0.0000
0.0000
0.0000
0.0000
2.3309
0.0000
0.0000
0.0000
0.0000
0.0000
0.0000
0.0000
0.0000
0.0000
0.0000
0.0000
0.7384
0.0000
2.8833
1.0392
1.3697
0.0000
0.0000
0.5595
1.1462
0.0000
0.0000
0.0000
1.2941
0.0000
0.0000
1.0376
0.0000
0.0000
0.9086
0.0000
0.0000
0.7328
0.0000
0.0000
0.0000
0.0000
0.0000
2.0638
0.0000
2.6686
0.0000
0.0000
0.9408
1.3019
0.0000
0.1546
0.5676
0.0000
0.0000
0.0000
0.0000
1.1873
0.0000
0.0000
0.6212
0.6708
0.0000
0.0000
0.0000
0.0000
0.0000
1.2556
1.6143
0.1277
0.0000
0.0000
0.0000
0.0000
0.9228
0.0000
0.0000
0.0000
0.0000
0.0000
0.0000
0.0000
0.0000
0.0000
0.0000
0.0000
0.0000
0.4915
0.0000
0.0000
0.0000
0.0000
0.0000
0.0000
0.0000
0.0000
0.0000
0.0000
0.1377
0.0000
0.0000
0.0000
3.4386
0.0000
1.9193
0.0000
0.0000
0.0000
0.0000
1.2602
0.0000
0.0000
0.0000
0.5714
0.7779
0.0000
0.4550
0.8527
0.0000
0.0000
0.0000
0.0000
0.0000
0.0000
2.0899
0.0000
0.0384
0.0000
2.8777
0.0000
0.0000
1.7621
0.6668
3.3867
0.0000
0.0000
0.0000
0.0000
0.0000
1.6510
0.0000
0.0000
0.0000
0.0000
0.0000
0.0000
1.1712
0.0000
1.8391
0.0000
0.0000
0.0000
0.0000
0.1056
0.0000
0.5574
0.0000
0.3421
2.9570
0.0000
0.0000
0.0000
1.4446
0.0000
0.0000
0.0000
0.0000
0.0000
3.4939
0.7921
3.1491
0.0000
0.0000
0.0000
0.0000
0.0000
0.0000
0.0000
0.0000
0.0000
0.0000
4.1179
0.0000
0.0000
0.0000
0.0000
0.0000
0.0000
0.0000
0.0000
1.6693
0.0000
0.0000
0.0000
0.0000
0.0000
0.0000
0.0000
0.0000
0.0000
0.0000
0.0000
0.0000
0.0000
0.0000
0.0000
2.9963
0.0000
0.0000
0.0000
1.5442
0.0000
0.8791
0.0000
0.0000
2.8959
0.0000
0.0000
0.0000
0.0000
0.0000
1.2783
0.0000
0.0178
0.0000
0.0000
0.0000
0.0000
0.0698
0.5607
2.1769
0.0000
0.4193
0.0000
0.6530
0.0000
0.0000
0.8154
0.0000
0.0000
0.0000
0.0000
0.0000
0.6838
1.9040
0.0000
0.0000
0.8714
0.0000
1.7213
1.8929
0.0000
0.0000
0.0418
0.0000
0.0000
0.0000
0.0000
0.2520
0.0000
3.6702
0.0000
0.0000
0.3830
0.0000
0.0000
0.0000
0.0000
0.0000
0.0000
1.0523
0.0000
0.0000
1.0795
0.0000
0.0000
0.0000
0.0000
0.0000
0.0000
0.0000
0.0000
0.0000
0.0000
0.0000
0.8266
0.0000
0.0000
0.0000
0.0000
0.0000
0.7334
0.0000
0.6014
0.0000
2.8229
0.0000
1.4914
0.0000
0.0000
0.0000
0.0000
0.0000
0.0000
0.0000
0.1165
0.0000
0.0000
0.0000
0.0000
0.0000
0.0000
0.0000
0.0000
0.0000
0.0000
0.0000
0.0000
0.0000
0.0000
0.0000
0.0000
0.0000
0.0000
0.0619
0.0000
1.2009
0.7858
0.0000
1.5352
0.0000
0.0000
0.0000
0.0000
0.0000
0.0000
0.0000
0.0000
0.0000
0.0000
1.1388
2.3532
0.0000
0.0000
0.0000
0.2015
0.0000
0.0000
1.7141
0.0000
0.3010
1.2013
0.0000
0.8873
0.0000
2.3414
0.0000
5.2631
0.0000
0.0000
0.0000
0.0000
0.1542
0.0000
0.0000
0.5129
0.0000
0.0000
1.4461
0.0000
0.0000
0.6830
0.0000
0.0000
0.0000
0.1336
0.0000
1.4881
0.0000
2.1176
0.0000
0.0000
0.0000
0.0000
0.0000
1.7438
0.0000
0.0000
4.0218
0.1492
0.0000
0.0000
0.0000
0.0000
0.0000
0.0000
0.3072
0.0000
0.0000
0.0000
0.0000
0.0000
0.0000
0.8447
0.0000
1.9820
0.0000
3.2589
0.0000
0.0000
0.0000
0.0000
0.0000
0.0000
0.0000
0.0000
0.0000
0.0000
1.8302
0.0000
2.2986
2.1363
0.0000
0.0000
0.0000
1.5031
0.0000
0.0000
0.0000
0.0000
0.0000
0.0000
0.4647
0.0000
1.2757
0.0000
0.0000
0.0000
0.0000
0.0000
0.6183
0.0000
0.0000
1.1812
2.9701
1.6079
0.0000
1.4966
0.0000
0.9580
0.0000
0.5224
0.0000
0.0000
0.0000
0.0000
0.0000
0.0000
0.0000
0.0000
2.8497
1.6217
0.0000
0.8863
0.0000
0.0000
0.0000
0.8493
0.0000
0.0000
5.8044
0.0000
0.1464
0.0000
0.0000
0.0000
0.0000
0.4983
4.6800
1.2769
0.0000
0.0000
0.0000
0.0000
0.0000
0.0000
0.2147
0.0000
0.0000
0.0000
0.0000
0.0000
0.0000
0.0000
0.0000
1.0988
0.0000
0.7185
0.0000
0.0000
0.0000
2.1478
0.0000
0.0000
0.0000
0.0000
0.0000
0.0000
0.7604
2.8791
0.0000
0.0000
0.0000
0.0000
2.7499
0.0000
0.7903
0.4269
0.0000
0.3511
0.0000
0.8862
0.0000
0.0000
0.1481
0.2650
0.0000
1.3306
0.0000
0.0000
0.0000
0.0000
0.0000
4.6282
0.0000
0.0000
0.0000
0.0000
0.0000
0.0000
0.0000
0.0000
0.0000
0.0000
0.0000
0.0000
0.0000
0.0000
0.4865
0.0000
0.0000
0.0000
2.8427
0.0000
0.0000
0.0000
0.3583
0.0029
0.0000
0.0000
0.1331
3.3634
0.0000
1.1015
0.0000
0.0000
0.0000
0.0000
0.0000
0.0000
0.0000
0.0000
0.0000
1.8172
0.0000
0.0000
0.0000
3.3207
0.1993
0.9646
2.2353
0.0000
0.0000
0.0000
0.0000
2.9634
0.0000
0.0000
0.0000
1.9235
1.1464
0.0000
0.0000
0.0000
0.0000
0.0000
0.0000
0.0000
0.0000
0.0000
0.0000
0.0000
0.0000
0.0000
2.4541
0.0000
0.7538
0.0000
0.0000
0.6350
0.0000
0.0000
0.0000
0.0000
0.0000
0.0000
1.4863
1.0979
2.8361
0.0000
0.0000
0.0000
0.0000
0.0463
0.0000
0.8713
0.0000
0.0000
0.0000
0.0000
0.3473
0.0000
0.5877
0.0000
1.9607
0.0000
0.0000
0.0000
0.0000
0.0788
0.0000
0.0000
0.0000
0.8055
0.0000
0.0000
2.0694
0.0000
0.0000
0.0000
0.0000
0.0000
0.0000
0.0000
0.0000
0.0000
0.0000
0.0000
0.0000
0.0680
0.0000
1.0399
0.0000
1.7696
0.0000
1.3511
0.0000
2.6536
0.0000
0.0000
0.0000
0.2828
0.0000
3.0058
2.1595
1.7213
0.0000
0.0000
0.0000
1.5984
0.0000
0.6098
0.0000
0.0000
0.0000
0.0000
0.0000
0.0000
0.0000
0.0000
0.0000
0.0000
0.0000
2.1800
0.0000
2.5424
0.0000
0.0000
0.0000
0.0000
0.0000
0.0000
0.0000
2.2626
0.0000
0.0000
1.7303
0.0000
0.0000
0.0000
0.7511
0.0000
0.6276
1.0895
0.0000
0.0000
0.7445
0.1638
3.2238
0.2036
0.0000
1.2460
0.0000
0.4974
0.0000
0.0000
0.0000
0.5788
0.0000
0.0000
0.9491
0.0000
0.1028
0.0000
0.0000
2.3603
0.0212
2.6423
0.0000
0.0000
0.0000
0.0000
0.0000
0.0000
0.0000
0.0000
0.0000
0.5292
0.9168
0.0000
2.3163
0.0000
0.0000
0.0000
0.0000
0.0000
0.0000
0.0000
0.7711
2.0019
0.0000
0.0000
2.0677
0.0000
0.0000
3.2768
0.0000
1.1458
0.0000
0.0000
0.0000
0.0000
0.0000
0.0000
0.0000
0.0000
0.0000
0.0000
0.0000
1.0703
0.0000
0.0000
0.5179
0.0000
1.4941
0.0000
4.3835
2.8959
1.9089
0.0000
0.0000
0.0000
0.0000
0.0000
0.0000
2.9455
0.0000
0.6254
0.0000
0.0000
0.0000
0.0000
0.2645
0.0000
0.0000
0.0000
0.0000
0.0000
2.8074
0.3975
1.9319
0.0000
0.0000
0.7307
0.0000
0.0000
0.0000
0.0000
0.0000
0.0000
0.0000
0.0000
0.0000
0.0000
0.0000
0.2036
0.0000
0.0000
0.0000
0.4111
0.0000
0.0000
0.0000
0.0000
0.0000
0.0000
0.6500
0.0000
0.0000
0.5190
2.6954
0.0000
0.0000
0.0000
1.1953
0.7610
0.0000
0.0000
0.0000
3.8146
0.0000
1.1742
0.0000
0.0000
0.0000
2.1922
0.0000
0.0000
0.0000
0.0000
0.0000
0.0000
1.5177
1.3981
0.0000
0.0000
0.0000
0.0000
0.0000
0.0000
0.0000
0.0685
0.0000
1.4996
0.0000
0.0000
0.0567
0.0000
1.2898
2.1097
0.0000
0.0000
0.9393
0.0000
0.3827
0.0000
3.3046
1.6985
0.0000
0.0000
0.0000
0.0000
0.0000
0.0000
0.4367
0.0000
0.0000
0.0000
0.0000
0.0000
0.0000
0.0000
0.0000
0.0000
0.0000
0.0000
0.0000
1.5521
0.0000
0.0000
1.3223
3.1650
2.0435
0.0000
0.0000
0.0000
0.0000
0.0000
0.0000
0.0000
4.4641
0.0000
0.0000
0.0000
1.0044
0.0000
0.0000
0.0000
0.9722
0.0000
0.0000
0.6659
0.0000
0.0000
0.0000
0.0000
0.0000
0.0000
1.2385
0.0000
0.0000
0.0000
1.1645
3.0902
0.0000
2.4635
0.3308
0.0000
0.0000
0.0000
0.3699
0.0000
0.0000
0.0000
1.7251
1.2500
0.0000
0.0000
0.8450
0.0000
0.0000
0.5611
2.3919
0.0000
0.0000
0.0000
0.0000
0.0754
3.2131
0.0000
0.7007
0.0000
0.0000
0.0000
2.0422
0.0000
0.0000
0.0000
0.0000
0.3058
0.0000
0.0000
0.0000
0.0000
0.0000
0.0000
0.0000
0.0000
0.0000
0.0000
1.6997
2.4594
0.0000
1.6351
1.3503
0.0000
0.0000
0.0000
0.0000
0.1053
0.0000
0.0000
0.0000
1.6036
0.0000
0.1040
0.1347
0.0000
0.0000
0.0000
0.0000
0.0000
0.0000
0.0000
0.0000
0.0000
0.5149
0.0000
2.9542
0.0000
0.0000
0.0000
0.0000
0.0000
0.0000
0.0000
2.1081
0.0000
0.0000
0.0000
0.0000
0.0000
0.0000
0.0000
0.0000
0.0000
0.0000
0.0000
0.0000
0.4902
0.0000
1.5126
0.0000
0.0000
0.6874
0.0000
0.0000
0.0000
0.0000
2.0166
0.0000
0.6684
0.0000
0.0000
0.0000
2.0456
0.0000
3.7952
0.0668
2.2854
0.2112
0.0000
0.0000
0.0000
0.0000
0.0000
0.0000
0.0000
0.0000
0.3355
0.0000
2.6517
0.0000
0.4153
0.0000
0.0000
0.0000
1.2144
0.0000
0.3526
1.4097
0.0000
0.0000
0.0000
0.0000
0.0000
0.0000
2.1205
0.0000
0.0000
0.0000
0.7124
0.0000
0.0000
0.0000
0.0000
0.0000
0.0000
0.0000
0.0000
0.0000
0.0000
2.0777
1.8541
1.0248
0.2745
0.1058
0.7464
0.7227
0.0000
0.0000
0.0000
0.0000
0.6622
2.6666
1.7989
0.0000
0.0000
0.0000
0.0000
0.0000
0.0000
0.0000
0.0000
0.0000
0.0000
0.0000
0.0000
0.0000
0.0000
0.0000
0.0000
2.6497
0.0000
0.0000
1.7914
0.0000
0.0000
1.3984
0.0000
0.0000
0.0000
0.1707
0.0324
0.0000
0.0000
0.3659
0.0000
0.0000
0.0000
0.0000
0.0000
0.0000
0.5319
1.3724
0.0000
0.0000
0.0000
0.0000
0.0000
0.0000
0.0000
0.0000
0.0000
0.0699
1.6890
2.4604
0.0000
0.0000
0.0000
3.2991
0.0498
0.0000
0.0000
2.8312
0.0000
0.0000
1.0145
0.0000
0.0000
0.0000
1.5228
0.8531
0.0000
0.0000
0.0000
0.0000
3.3520
0.0000
0.0000
0.0000
1.4722
0.0000
0.4898
1.1437
0.0000
1.8994
0.0000
0.0000
0.0000
0.0000
0.0000
0.0000
0.0000
1.6768
0.0000
0.0000
0.0000
0.0000
0.0000
0.0000
0.0000
1.0446
0.0000
0.0000
0.0000
0.2090
0.0000
0.0000
0.6004
0.0000
0.0000
2.9299
0.0000
0.0000
2.9630
0.0000
0.0000
1.0538
0.4117
0.7778
0.0000
0.0000
0.6287
0.0000
0.4402
0.0000
0.2103
0.0000
0.0000
1.7275
0.8549
0.0000
0.0000
0.0000
0.0000
0.0000
2.5050
0.0000
0.0000
0.0000
0.6076
0.0000
0.0000
0.0000
0.7496
0.0000
0.0000
1.3150
0.7530
1.2172
0.5509
0.3460
0.2600
1.3566
0.3990
0.0000
0.0000
0.0000
0.0000
0.0000
0.0000
0.0000
1.4320
0.3388
0.0000
0.2240
0.0000
2.9777
5.8079
0.0000
1.0632
0.0000
0.0000
0.0000
0.0000
0.0000
0.0000
0.0000
0.0000
0.0000
0.0000
0.0000
0.0000
0.0000
0.0000
0.0000
0.0000
0.0000
0.0000
0.0000
0.0000
0.0000
1.0483
2.5406
0.0000
1.2626
0.0000
0.0000
0.5359
0.2376
0.0000
0.7238
1.4684
0.4649
0.0000
3.1853
0.0000
0.0000
0.0000
1.7244
0.0000
0.0000
1.8490
0.0000
0.0000
0.0000
0.6007
0.0000
0.4249
0.0000
0.0000
4.0034
0.0000
0.0000
0.0000
3.2416
0.0583
0.0000
0.0000
1.5321
0.0000
0.0000
0.0000
0.1474
0.4966
0.1904
0.0000
0.0000
0.5541
0.0000
0.0000
0.0000
0.0000
0.0000
0.7233
0.0000
0.0000
0.0291
0.0000
0.0000
0.0000
0.0000
1.9131
0.0000
0.0000
1.0341
0.0000
0.0000
0.0000
0.0000
0.0000
0.0000
0.0000
0.0000
0.0000
0.3235
0.0000
0.0000
0.0000
0.2747
0.0000
0.0000
0.0000
0.0000
0.0000
0.0000
0.0000
1.1812
0.0000
0.0000
0.0000
0.0000
0.0000
0.0000
1.1572
0.0000
0.0000
0.0000
0.0000
0.0000
0.0000
0.0000
0.0000
0.0000
1.1764
1.2484
0.0000
0.0000
0.0377
0.0000
0.0000
0.0000
0.0000
5.0346
0.0000
0.0000
0.0000
0.0000
3.2010
1.8602
0.0000
0.0000
0.0000
0.0000
0.0000
0.0000
0.0000
0.0000
0.0000
0.0000
0.2383
0.0000
0.0000
0.0000
0.0000
0.0000
0.1208
0.0000
0.0000
0.0000
0.0000
0.0000
1.7727
0.0000
0.0000
1.4536
0.0000
1.1083
0.0000
0.0000
0.0000
0.6357
0.0000
0.0000
0.0000
0.0000
0.0000
0.0000
0.0000
3.5112
0.0000
0.0000
0.0000
0.0000
0.0000
0.0000
0.0000
0.0000
0.0000
0.9021
0.0522
0.0000
0.0000
0.0000
0.2939
0.0000
0.0000
0.0281
0.0000
0.0000
0.0000
0.1561
0.0000
0.0000
0.0000
0.0000
0.2360
0.0000
0.0456
0.0000
0.0000
0.0000
0.0000
0.4454
0.0000
0.0000
0.0000
0.0000
3.9556
0.0000
0.0000
0.0000
0.0000
0.0000
0.0000
1.0633
1.4047
0.0000
0.0000
0.0170
0.0000
0.0000
0.1719
0.0000
0.6362
0.0000
3.6382
0.0000
0.0000
0.0000
0.0000
5.2845
0.0000
0.0000
0.0000
0.0000
0.0000
0.0000
0.6377
0.0626
2.1540
0.0000
3.7231
1.1378
0.0000
0.0000
0.0000
2.7605
0.0000
0.0000
0.0000
0.0000
0.0000
0.0000
0.0000
0.1848
0.0000
0.0000
0.0000
0.0000
0.0000
0.0000
0.7795
0.0000
0.0000
0.0000
1.8695
0.0000
0.0000
0.1017
0.1353
0.0000
0.0000
0.0000
0.0000
0.0000
0.0000
0.0000
0.0000
2.4316
0.2748
3.3705
0.0000
1.0538
1.7707
1.5427
0.0000
0.0000
0.0000
0.0000
0.0000
0.2940
0.0000
0.0764
0.8681
0.0000
0.0000
0.0000
0.2178
0.0000
0.0000
0.0000
1.9734
0.0000
0.0000
0.0000
0.3210
0.0000
2.0673
0.7554
0.0000
0.0000
1.7406
0.0000
0.6318
0.0000
0.0000
1.7709
0.0000
0.0000
0.0000
0.0000
1.4780
1.4200
0.0000
1.0121
0.0000
0.0000
0.0000
0.5042
0.0000
0.0000
0.0000
2.3249
0.6452
0.0082
0.0000
0.0000
0.0000
0.0000
0.0000
0.0000
0.0000
0.0000
1.5437
0.0000
0.0000
0.7132
0.0000
0.0000
0.0000
0.8236
0.0000
0.0000
1.4439
0.0000
0.0000
0.0000
0.2227
0.0000
0.6376
2.4833
0.0000
0.0000
2.1318
0.0000
0.0000
0.9276
0.0000
0.7620
0.0000
0.0000
0.0000
0.0000
1.5050
0.0000
0.0000
0.8649
0.0000
0.0000
0.0000
0.9434
0.0000
0.0000
0.0000
0.0000
1.2496
0.6623
0.6231
0.0000
0.0000
0.3582
0.0000
0.0000
1.3416
0.0000
0.0000
0.0000
0.0000
0.0000
0.0000
0.0000
0.0000
1.6044
0.0000
0.0000
2.2395
0.1950
0.0000
0.0000
0.0000
0.4465
0.0000
1.8443
0.2089
0.0000
0.0000
0.7000
0.0000
0.0000
0.0000
0.8416
0.0000
0.0443
0.0000
0.0000
0.0000
0.0000
0.0000
1.9898
0.0000
0.0000
0.0000
0.0000
1.1063
0.0000
0.0000
0.6754
0.4829
2.7159
1.8611
2.8762
0.0000
0.0000
0.0000
0.0000
1.2609
1.1705
0.0000
0.0000
0.0000
0.0000
0.0000
0.0000
2.8785
0.5063
0.0000
0.0000
0.0000
0.0000
3.3127
0.0000
0.0000
0.0000
0.0000
0.0000
0.0000
0.0000
0.0000
0.0000
0.0000
0.0000
0.1658
0.0000
0.9011
0.0000
0.0000
1.1637
0.0000
0.0000
0.0000
0.0000
0.0000
0.0000
0.0000
4.1691
0.6065
0.0000
0.0000
1.6222
0.0000
0.0000
0.0000
3.2575
1.0757
0.0000
1.3578
3.1421
0.1536
0.0000
0.0000
0.0000
0.0000
0.0000
0.4462
1.2883
0.0000
0.0000
4.2343
0.0000
0.0000
0.0000
0.0000
0.0864
0.0000
0.0000
0.0000
0.6912
0.0000
1.9410
0.0000
0.0000
1.5518
0.0000
0.0142
0.0000
0.0000
0.0000
0.5488
0.0000
0.0000
0.0000
0.0000
1.0919
0.0000
0.4097
0.0000
0.0000
0.0000
0.0000
1.3655
0.9018
0.0000
0.0000
0.0000
0.0000
0.0000
0.2008
0.0000
0.0000
0.0000
0.0000
0.0000
0.0000
0.0000
0.0000
0.0000
0.0000
1.8671
0.0000
2.4240
0.8763
0.0000
0.1423
0.0000
0.0000
0.0000
0.0000
0.0000
0.0000
0.0000
0.0000
0.0000
0.0000
0.0000
1.5618
1.5692
0.4049
0.0000
0.0000
0.0000
0.6482
0.0000
0.0000
0.0000
0.0000
0.0000
0.0000
0.0000
0.0000
0.0000
0.0000
0.0000
0.0000
0.0000
0.0000
0.0000
0.0000
0.0000
0.0000
0.9068
1.8391
0.0218
0.0000
0.0000
0.0000
0.0000
5.8746
0.0000
1.5921
2.3414
0.7100
0.0000
0.9494
0.0000
0.0000
0.9116
0.6328
0.0000
0.0000
0.0145
0.0000
0.0000
0.0000
0.0000
3.8747
0.0000
1.0342
0.0000
0.8094
1.9246
0.0000
0.0000
4.9939
0.1487
0.0000
0.0000
0.0000
0.0000
0.0000
4.1423
0.0000
0.0000
0.0000
0.0000
1.9086
0.0000
0.0000
2.0117
0.0000
0.0000
2.7484
0.0000
0.0000
0.0000
0.5177
0.0000
0.0000
3.8945
0.0000
0.0000
0.3286
0.0000
0.0000
5.5919
0.0000
0.3671
0.9241
0.0000
0.0648
0.0000
0.2721
0.0000
0.0000
2.7613
0.0000
0.0000
0.0000
0.0000
0.7615
2.5940
1.4254
0.0000
0.0000
0.1437
0.0000
2.2819
0.4679
0.0000
0.0000
0.0000
0.0000
0.0263
0.0000
0.0000
0.0000
0.2260
0.0000
0.0000
2.7107
0.0000
0.0000
0.0412
0.0000
0.0000
0.0000
0.0000
2.7558
0.0000
0.0000
0.8033
0.0000
1.9976
1.4488
1.0811
0.0000
0.0000
2.4457
0.0000
0.0000
0.0000
0.2769
0.0000
0.0000
0.0000
0.0000
0.0000
0.0000
0.0000
0.0000
0.0000
0.6287
0.2058
0.0000
0.1663
0.0000
1.0151
0.0000
0.3415
0.0000
0.0000
1.9827
0.4011
0.0000
0.0000
4.9689
0.0000
0.6501
0.2567
0.0197
0.0000
0.0000
0.0000
0.0000
0.0000
0.0000
0.0000
0.0000
2.0039
0.0000
0.0000
0.0000
0.0000
0.0000
0.9445
0.0000
0.0000
0.0000
0.0000
0.0000
0.0000
0.0000
2.0561
0.0000
0.0000
0.0000
3.5063
0.0000
2.9238
0.0000
0.0000
0.0000
0.0000
0.0000
0.0000
0.0000
0.0000
0.0000
0.0000
1.5726
0.0000
0.0000
0.0000
0.0000
0.0000
0.0000
0.0000
0.0000
0.0000
0.0000
0.0000
0.0000
0.0000
0.0000
0.0000
0.0000
0.0000
0.0000
0.0672
0.0000
0.0000
0.0335
0.0000
0.0000
0.0000
0.0000
1.1002
0.0000
0.0000
0.6114
0.0000
0.0000
0.0000
0.0000
0.0000
1.7315
0.0000
0.2572
0.0000
0.0000
0.0000
0.0000
1.8334
0.0000
0.0000
0.0000
0.0000
0.0000
1.4044
0.0000
1.3986
0.0000
0.0000
0.0000
0.0000
0.0000
0.0000
3.1026
0.1925
0.0000
0.0000
0.0000
0.0455
0.0000
0.0000
0.0000
0.6815
0.0000
0.4414
0.0000
1.2635
0.2393
0.0000
0.0000
0.2797
0.0000
0.0000
0.0000
1.0109
0.5849
0.0000
0.0000
0.0000
0.0000
1.2981
0.4990
1.1376
0.0632
1.3480
0.0000
0.0000
0.0000
3.1661
0.0000
0.0000
0.0000
0.0000
0.0000
0.3666
0.0000
0.0000
0.0000
0.0000
0.0000
0.0227
0.0000
0.0000
0.0000
0.0000
0.0000
0.0000
0.0000
0.0000
0.0000
2.7741
1.1809
0.6211
0.0000
0.0000
0.0000
0.0000
1.5413
0.0000
0.0000
0.0000
0.1878
0.0000
0.0000
0.7991
0.0000
0.0000
0.0000
0.0000
2.7564
0.0000
0.0000
0.0000
0.0000
0.4131
0.0000
0.0000
0.0000
0.0000
0.0000
0.0000
0.0000
0.0000
0.0000
0.0000
1.2294
0.0000
0.0000
0.0000
2.9109
0.0000
0.0000
0.0000
0.0000
0.0000
0.0089
0.0000
0.0000
0.0000
0.0000
0.0000
0.0000
0.7188
0.0000
0.0000
0.3944
0.0000
0.0000
0.0000
0.0000
0.5402
0.4624
0.0000
1.2899
0.0000
0.0000
0.0000
0.0000
1.5805
1.2584
0.0000
0.0000
1.6680
1.0817
3.1143
0.4571
0.0000
0.0000
0.0000
0.0000
0.0000
0.0000
0.0000
0.0000
2.6142
0.0000
0.0000
0.0000
0.0000
0.0000
4.9947
0.0000
3.5083
0.7941
0.0000
0.0000
2.1006
0.0000
1.0276
0.0000
0.0000
0.0000
0.0000
0.0000
0.0000
0.8696
0.0000
0.2857
3.1398
0.0000
0.0000
0.0000
0.0000
1.9681
1.7864
0.0000
0.0000
0.0000
0.0000
0.0000
0.8010
4.1118
0.0000
0.0000
0.0000
0.0000
0.0000
0.0000
1.3843
3.0254
2.9044
0.0000
0.0000
0.0000
0.0000
0.0000
3.4908
0.0000
0.0000
0.0000
0.2127
2.6641
0.0740
0.0000
0.0000
0.0000
0.0000
0.0000
2.6680
0.0000
0.0000
3.3512
0.0000
0.0000
0.0000
0.0000
1.1979
2.2243
0.6940
0.0000
0.0000
0.0000
1.4643
0.4694
0.0000
0.0000
0.0000
0.0000
0.0000
0.0000
4.9684
0.2924
0.2773
0.0000
1.2162
0.0000
0.0000
0.0000
0.0000
0.0000
0.0000
0.0000
4.8285
0.0000
0.0000
0.0000
0.0000
0.0000
0.0000
0.4770
0.0478
0.0000
0.0000
0.0000
0.0000
0.0000
0.0000
0.0000
1.4784
6.0346
0.0000
0.0000
0.0000
0.0000
0.0000
0.0000
0.0000
0.6213
0.0000
0.0000
3.4743
0.7129
0.6377
0.3953
0.0000
0.0000
0.0000
0.0000
0.0000
0.3166
1.1950
0.0000
0.0176
0.0000
0.0000
0.0000
0.0000
0.0000
3.1995
0.0000
4.3146
0.0000
0.0000
0.0000
0.0000
0.5353
0.0000
0.0000
0.2593
1.2117
0.0000
0.0000
0.0000
0.0000
2.7988
0.0000
0.8727
0.0000
0.5014
0.0000
0.0000
0.0000
0.0000
0.0000
0.0000
3.0549
0.0000
0.0000
0.0000
0.0000
1.0452
0.0000
0.0000
0.0000
1.6669
0.0000
0.2115
1.6010
2.9821
0.3706
0.0000
1.1738
2.2961
1.9265
0.0000
0.0000
0.0000
0.0000
0.0000
0.3213
0.0000
0.0000
0.0754
0.0432
0.0000
0.0000
0.0000
0.0000
0.0000
0.0000
1.1262
0.7945
0.1128
0.0000
0.0000
4.0282
0.0000
0.8138
0.0000
0.0000
0.0000
0.0527
0.0000
0.0000
0.0000
0.0000
0.4228
0.0000
0.0000
0.5229
1.2237
0.2066
1.0809
0.0000
0.0000
0.0000
0.0000
0.0000
0.0000
0.0000
0.0000
1.5320
0.0000
0.0000
0.0000
0.5127
0.0366
1.5247
0.5266
0.0000
0.0000
0.0000
0.0000
0.0000
0.0000
0.0000
0.4800
3.3364
0.0000
0.0000
0.8971
0.0000
0.0000
0.2170
0.0000
0.0000
0.0000
0.0000
0.0000
0.0000
0.0000
0.0000
0.0000
0.0000
0.0000
0.0000
3.3603
0.6010
0.0000
1.4046
1.1279
0.0000
0.0000
0.0000
2.8660
0.0000
0.3419
0.0000
0.0000
0.0000
1.5925
1.4100
0.7596
0.0000
0.0000
0.0000
0.0000
0.0000
0.0000
0.0000
0.0000
0.0000
0.7493
1.5603
0.0000
0.0000
0.0000
0.0000
0.0000
2.0797
0.0000
0.0000
1.8418
0.0000
0.0000
0.0000
0.0000
0.0000
0.0000
0.0000
0.0000
0.0000
0.0000
4.7318
0.0000
2.6807
0.0000
0.0000
0.0000
0.0000
0.0000
0.0000
0.0000
0.0000
0.7755
0.1742
0.0000
1.8371
0.0000
0.0000
0.0000
0.0000
0.0000
3.4077
0.5687
0.0000
0.0000
0.0000
0.0000
0.0000
0.3141
0.0000
2.4734
0.0000
0.0000
0.0000
0.0000
0.0000
0.0000
0.0000
0.0000
0.0000
0.0000
0.0000
0.0000
0.0000
0.0000
0.3647
0.0000
0.0000
0.0000
2.3960
0.0000
0.9583
0.0000
3.1495
0.0000
0.0000
3.6742
0.0000
0.0000
0.0000
1.9381
0.1459
0.0000
0.0000
0.0000
3.6140
2.3420
0.0000
0.0000
0.0000
0.0000
0.0000
0.0000
0.0000
0.0000
0.0000
1.4537
0.0000
0.0000
0.0000
0.0000
0.0000
0.4734
0.0000
0.0000
0.0000
0.0000
0.0000
3.5577
0.0000
0.0000
3.6399
1.8829
0.0000
0.7089
0.0000
0.0000
0.0000
0.0000
0.1512
0.0000
0.0000
1.8353
1.2134
0.4684
2.0314
1.3506
0.0000
0.7117
0.0000
0.0000
0.4207
0.0000
0.0000
0.0000
0.0000
4.1250
0.0000
0.0000
0.0000
0.0000
0.0000
0.0000
0.0000
0.0000
0.0000
0.9192
0.0000
0.0000
0.0000
0.0000
0.1147
0.6641
0.0000
0.0000
0.0000
0.0000
0.0000
0.0000
0.0000
1.8690
0.0000
0.0000
0.3050
0.0000
0.0000
0.0000
0.0000
0.0000
0.0000
0.0000
0.0000
0.0000
0.0000
0.0000
1.1096
0.0000
0.0000
0.0000
0.0000
0.0000
0.0000
1.5479
0.6335
0.0000
0.0000
0.0000
2.4134
1.9559
0.2854
0.4005
0.0000
0.0000
1.0722
0.0000
0.0000
0.0000
3.5862
0.6976
0.0000
0.0000
0.0000
0.1811
0.0000
0.0000
0.0000
3.6911
0.0000
0.0000
0.0000
4.8101
0.0000
0.7368
0.0000
0.0000
0.0000
0.0000
4.9516
0.0000
0.0000
0.0000
0.0000
1.5321
0.0000
0.2931
0.8700
0.6335
0.0000
0.0000
0.0992
0.0799
0.0000
0.0000
0.0000
0.0000
0.0000
1.7077
0.0000
6.1025
0.0000
0.8227
1.1539
0.0000
1.3768
0.0000
1.5592
0.0000
0.0000
0.8295
0.0000
0.0000
0.9570
0.0000
0.0000
0.0000
1.1347
0.0000
0.0000
0.0000
0.0000
0.1744
0.0000
0.9486
0.0000
0.0000
0.0000
1.7026
1.6184
0.0000
0.0000
1.1783
0.0000
2.2162
0.0426
0.0000
2.7004
2.8009
0.0000
0.0000
3.2459
0.0000
3.1349
0.6376
0.4383
0.0000
1.8101
0.0000
0.0000
0.0000
0.0000
0.0000
0.0000
0.0000
0.0000
1.6837
1.7001
1.8400
0.0000
0.0000
1.6348
0.0000
0.0000
0.0000
0.0000
0.0000
0.9415
0.0000
0.0000
3.0109
0.0000
0.0000
0.0000
4.2181
0.8021
1.5863
0.1989
0.0000
0.0000
2.1002
1.4446
0.7496
0.5441
0.0000
0.0000
0.0662
0.0000
1.1767
0.0000
0.0000
0.0000
0.0000
0.0000
0.0000
0.9605
0.0000
0.0000
0.0000
0.0000
0.0767
0.4701
0.1077
0.9780
0.0000
0.0000
0.0000
1.3068
2.6594
0.7938
0.0000
2.1120
1.1622
0.0000
0.0000
0.0000
0.0000
0.0000
0.0000
0.0492
0.0000
0.0000
0.0000
0.0000
3.0254
0.0000
0.6756
0.2415
0.0000
1.0050
0.0000
1.9655
0.0000
0.0000
0.0000
3.7005
1.7633
2.3364
0.0000
0.0000
1.2228
0.0000
0.0000
0.0000
0.0000
1.4243
1.2212
0.0000
0.0000
0.0000
0.0000
0.0000
4.4873
0.0000
0.0000
0.0000
0.9326
0.0000
0.0000
0.0000
0.0000
0.7115
0.0000
0.0000
2.5123
0.0000
4.1125
0.4529
0.0000
0.0000
0.8166
1.3174
0.0000
0.0000
0.0000
0.0000
0.0000
0.0000
0.0000
0.0000
0.0000
0.0000
0.0000
0.0000
0.0000
0.0000
0.4982
0.3423
0.0000
0.0000
0.0000
0.0000
0.0000
2.1649
0.0000
2.2922
0.4020
1.7112
0.7753
0.0000
0.0000
1.9632
0.0000
0.0000
0.0000
0.0000
0.0000
0.0000
3.3636
0.5989
0.0000
5.9561
0.7141
0.7014
0.0000
0.0000
2.1883
0.0000
0.0000
0.0000
0.0000
0.0000
0.0118
0.6179
1.2403
1.1716
0.3465
0.0000
0.0000
0.0000
0.0000
0.0000
0.7059
0.0000
0.6031
0.0000
0.0000
1.7708
0.0000
