0.5063
0.0000
0.0000
0.0000
2.6037
0.8143
0.0000
0.2493
0.0000
1.9574
1.9097
0.0000
0.8769
0.0000
0.0000
0.0000
0.0000
0.0000
0.0000
0.0000
0.0000
0.0000
1.6932
0.0000
2.7012
0.0000
0.0000
1.6318
0.0000
0.0000
0.0000
0.0000
0.4900
1.0089
0.8052
0.0000
0.0000
0.0000
1.7904
2.9182
0.0000
0.0000
0.0000
0.0000
0.0000
0.9262
0.0000
0.0000
0.0000
1.7544
0.0000
0.0000
0.0000
0.0000
0.0000
0.0000
0.0000
0.0000
0.0000
0.0000
0.0000
1.5032
0.0000
2.6667
0.0000
0.5350
1.1675
0.0000
3.3077
0.0000
0.0000
2.3468
0.0000
0.0000
0.0000
2.4467
0.0000
0.0000
0.0000
0.0000
0.8371
0.0000
0.0000
0.0000
0.0000
0.0000
1.0305
1.0135
0.1784
0.0000
0.0000
0.0000
0.0000
2.3767
0.0000
0.0000
0.0000
0.0000
1.7910
0.0000
1.5961
0.0000
0.0000
0.0000
0.0000
0.0000
0.0000
0.0000
0.3080
1.2716
0.0000
0.0000
0.0000
0.0000
0.0000
0.0000
0.6075
0.0000
0.0000
0.0000
2.1565
0.3172
2.4402
0.0000
1.0532
0.0000
0.5442
0.0000
0.4662
1.0101
0.0000
0.0000
0.0000
0.0000
3.4848
0.0000
0.0000
1.7342
0.0000
2.5914
2.7344
0.0000
0.6082
0.1720
1.3539
0.0000
0.0000
2.6062
1.6171
0.0000
0.0000
0.6125
1.7745
0.0000
0.0000
0.0000
0.0000
0.4278
0.0000
0.0000
0.0000
0.0000
0.6429
0.0000
0.0000
1.7752
0.0000
0.2445
0.0000
2.5165
0.0000
0.1958
0.0000
0.0000
0.0000
0.0000
0.8710
0.0000
0.0000
5.3975
3.2589
2.3295
0.0000
0.0000
0.0000
0.0000
2.3948
2.0762
0.0000
0.0000
0.0000
0.0000
0.0000
0.0000
1.6363
0.0000
0.0000
0.0000
1.4985
1.0316
0.0000
0.0000
0.0000
0.0000
0.0000
0.0000
0.0000
0.0000
0.0000
0.0000
0.0000
0.0000
0.0000
0.8249
0.0000
0.0000
0.0000
0.0000
1.9576
0.0000
0.0105
0.0000
0.0000
0.0000
0.8294
0.0000
0.0000
0.0000
0.0000
0.0000
0.0000
0.0000
0.0000
0.0000
1.8880
0.0000
0.0000
0.0000
0.8391
0.0000
0.0000
0.0000
0.0000
0.0000
0.0000
0.0000
0.0000
0.0000
0.0000
0.0000
0.0000
0.0000
0.0000
0.1737
0.0000
1.4411
0.8422
0.3638
2.1180
0.0000
0.0000
0.8530
0.0000
0.0000
0.5459
0.0000
4.7045
0.0000
0.0000
0.0532
1.1213
0.0000
1.0772
0.0000
1.5796
0.0000
0.0000
0.0000
2.5190
0.0000
2.5234
0.8538
1.3744
0.0000
0.0000
0.7377
0.0000
0.0000
0.0000
0.0000
0.0000
0.0000
0.0000
0.0000
2.5945
0.0000
0.0000
0.0000
0.0000
2.3097
0.0000
0.0000
0.0000
0.0000
0.0000
0.0000
0.0000
0.0000
0.0000
0.0000
0.0000
0.0000
0.0000
0.0000
1.2723
0.0000
0.0000
0.0000
0.0000
0.1386
0.0000
1.5019
0.0000
0.4905
0.0000
0.8195
0.0000
0.0000
0.0000
0.6546
0.0000
1.3154
0.0000
0.0000
1.0777
2.0574
2.0174
0.0000
0.0000
4.1846
0.0000
0.0000
0.0000
0.0000
0.0000
3.9340
0.0000
1.1879
0.0000
0.0000
0.0000
2.1752
2.0591
0.0000
4.2847
0.2637
0.0000
0.0000
0.6456
0.0000
0.0000
0.0000
0.0000
0.0000
0.0000
0.0000
0.0000
0.0000
0.0000
0.0000
0.0000
0.0000
0.0000
0.0000
0.0000
1.0464
0.0000
2.1412
0.0000
0.0000
2.1236
0.0000
0.0000
0.0000
0.0000
0.0000
0.0000
0.0000
0.0000
0.0000
0.7725
0.0000
0.0000
0.0000
0.0000
1.6018
0.0000
0.0000
0.0000
0.0000
0.0000
0.0000
0.0000
0.3828
0.0000
0.0000
0.0000
0.0000
1.3605
0.0000
0.0000
0.0000
0.0000
4.6275
0.6467
0.0000
0.0000
0.0000
0.0000
0.0000
1.5504
0.0000
0.0000
0.0000
0.0000
0.0000
0.0000
0.0000
0.0000
0.0000
0.0000
0.0000
0.0000
0.0000
0.0000
0.0000
0.0000
0.0000
0.0000
0.0000
1.5493
0.2358
0.3054
0.0000
3.3343
0.1391
0.0000
0.5797
0.0825
0.0000
0.0000
0.0000
0.1461
0.0000
0.0000
0.0000
0.0000
0.9345
0.0000
0.0000
0.0000
0.0000
1.2380
0.0000
0.1232
0.0000
0.3671
1.7424
0.0000
0.0196
0.0000
0.5505
0.0000
2.2676
0.0000
0.0000
1.6590
0.3095
1.0717
0.0000
1.9277
0.0735
0.8463
0.0000
1.1561
0.0000
0.0000
0.6976
0.0000
2.2386
0.0000
0.0000
0.0000
0.0000
2.2622
0.0000
0.0000
0.0000
0.6591
0.0000
0.0000
0.0000
1.8575
0.0000
0.0000
0.0000
0.0000
0.0000
0.0000
1.7652
0.0000
0.0424
0.0000
2.9995
0.0000
1.4611
0.0000
0.0000
5.9484
0.0000
0.0000
0.8020
0.0000
0.7878
0.0000
0.0000
0.4648
0.0000
0.0000
0.0000
2.6915
3.7817
0.3360
0.0000
0.8925
0.2435
0.0000
0.0000
0.5106
0.0000
0.0000
0.0000
0.0000
0.0000
1.2409
0.0000
0.0000
0.0000
2.0714
0.0000
0.0000
0.0000
0.0000
0.0000
0.0000
0.0000
0.0000
0.0000
0.0844
0.0000
1.8408
0.3681
0.0000
0.0000
0.0000
0.6076
0.0000
0.0000
0.0000
0.0000
0.0000
0.0000
0.0000
0.0000
0.0000
0.0000
0.0000
0.4673
0.0000
2.2902
0.0000
0.0000
0.0000
0.0000
0.0000
0.0000
0.0000
1.5004
0.9986
0.0000
0.0000
0.0000
0.0000
0.0000
0.0000
0.0000
0.0000
0.0000
3.0716
0.2491
0.0000
0.6921
0.0000
0.0000
0.0000
0.0000
2.4102
0.0000
1.0913
0.0000
0.0000
0.0000
0.0000
3.6352
0.0000
0.0000
0.2692
0.0000
0.0000
0.0000
3.0958
0.0000
0.7573
0.0000
0.0000
2.6423
0.0000
0.9481
0.0000
0.0000
0.0000
0.0000
0.0000
0.0000
2.0585
3.5227
0.0000
0.0000
0.0000
0.0000
0.0000
0.0000
0.0000
0.0000
2.4209
0.0000
0.0000
0.0000
0.0000
0.0000
0.0000
1.1970
0.5888
0.0000
0.0000
0.0000
0.0000
0.0000
0.0000
0.0000
1.1430
0.6504
2.5423
0.0000
0.0000
0.0000
1.5933
0.0000
0.0000
0.0000
0.0000
0.0000
0.0000
0.0000
0.0000
0.0000
0.0000
0.0000
0.0000
0.0000
0.0000
1.0870
0.0000
0.0000
0.0000
2.4306
0.0000
0.7639
0.0000
1.5215
0.3504
0.0000
0.5799
0.0000
0.0000
0.0000
0.0000
0.0000
0.9785
0.0000
0.7131
0.0000
1.4010
1.6353
0.0000
0.0000
0.0000
0.0000
0.0384
0.8977
0.0000
3.0341
0.9895
0.0000
0.0000
0.0000
0.0000
0.0000
0.0000
0.6091
0.0000
0.0000
1.2352
0.2938
0.0000
0.0000
0.3802
0.0000
0.0000
0.0000
0.0000
0.0000
0.0000
0.0000
0.0000
0.0000
0.0000
2.5654
0.0000
4.5641
1.8804
0.0000
0.0167
0.0000
0.0000
0.0000
0.0000
0.0000
2.1121
0.0000
0.0000
0.0000
0.0000
0.0000
0.0000
0.0000
0.0000
0.0000
0.0000
0.0000
0.0000
0.0000
3.1006
0.1658
0.0000
1.6404
0.0000
0.6658
0.0000
0.0000
1.5142
0.0000
0.0000
0.0000
0.0000
0.0000
0.0000
0.0000
0.0000
1.6635
0.0000
0.0251
0.0000
0.0000
0.0000
0.6289
0.0000
1.2274
0.0000
0.0000
1.0268
0.0000
0.0000
0.0000
0.0000
0.0000
0.0000
0.0000
1.1043
0.0000
0.0000
0.0000
4.5962
0.0000
0.0000
0.0000
0.0000
0.0000
0.0000
0.0000
0.0152
0.0000
0.0000
0.0000
0.0000
0.0000
2.1337
0.0000
2.2956
1.7472
0.0000
0.0000
0.0000
0.0000
0.2639
0.0000
0.0000
0.0000
0.0000
0.0000
0.6043
0.0000
0.0000
0.0000
0.0000
0.3694
0.7983
0.1146
0.0000
0.0000
0.0000
0.0000
0.0000
1.8582
0.0000
0.0000
0.0000
0.0000
1.7297
0.0337
0.0000
0.4787
0.0000
0.0000
0.0000
0.0000
0.0000
0.0000
0.0000
0.0000
0.0000
1.2160
0.0000
0.0000
0.0419
0.0000
0.1436
0.0000
0.0000
0.0000
0.0000
0.0000
0.0162
0.4749
0.4852
0.0000
2.7405
2.4154
1.0409
0.0000
0.0000
0.0000
0.0000
0.0000
0.0000
0.0000
0.3753
0.0000
0.0000
0.0000
1.2469
0.0000
1.3789
0.0000
0.0000
0.0000
0.0000
0.6220
1.7829
0.0000
0.5540
0.0000
0.0000
0.0000
0.0000
0.0000
0.0000
0.0000
0.0000
0.7550
0.0000
0.0000
2.1290
0.0000
0.0000
0.0000
0.0000
0.0000
0.0000
0.0000
0.0000
0.0000
0.0000
0.0000
0.0000
5.5067
0.4553
0.0000
0.0000
0.0000
0.0000
0.0000
0.0000
0.0000
0.0000
1.6867
0.0000
0.0000
0.0492
0.0000
0.1066
0.0000
0.0000
1.0448
1.6365
2.2299
0.0000
1.3702
1.1596
3.7041
0.6410
0.3991
0.0000
0.0000
0.0000
0.0000
1.6755
0.0000
0.0000
0.0000
0.0000
1.6699
0.0000
0.0000
0.0000
0.0000
0.0000
0.9939
2.8145
0.0000
3.0301
0.0000
2.0640
0.0000
0.0000
0.0000
0.9257
0.0000
3.4103
0.0000
0.0000
1.6409
0.0000
1.9361
2.6830
0.0000
4.3577
0.0000
0.0000
0.1283
0.7276
0.0000
0.0000
0.0000
0.0000
0.0000
0.0000
0.0000
0.6688
3.9006
0.0000
0.8550
0.0000
0.0000
0.1946
1.3610
0.0000
0.0000
0.0000
0.3954
0.0000
4.4203
0.3592
2.4176
0.0000
0.0000
0.0000
1.9948
2.4007
1.8817
0.0000
0.7371
0.0000
0.0000
0.0000
0.0000
1.3189
0.0000
0.0000
0.5406
0.0000
0.0000
2.9410
0.0000
0.4375
0.0000
0.0000
0.0000
3.3357
0.0000
0.0000
0.0000
0.0000
0.0000
0.0000
0.0000
2.1172
0.0000
0.0000
0.0000
0.0000
0.0000
0.0000
0.0000
0.0000
0.0000
0.0000
0.0000
0.0000
0.0000
3.3446
0.0000
1.2062
0.0000
0.0000
1.0604
1.2766
0.9756
0.0000
0.0000
1.9126
0.0000
0.0000
0.0000
0.0000
0.0000
3.6542
0.0000
0.0000
0.3363
0.0000
0.0000
0.0000
0.0000
0.0000
0.0000
0.0000
0.0000
0.0000
0.0000
1.1433
0.0000
0.0000
0.0000
0.0000
0.0000
0.0000
1.1076
0.0000
2.2933
0.0000
0.0000
0.0000
0.7939
2.0138
0.0000
0.0000
0.0000
0.0000
0.0000
0.8118
0.5884
0.9696
0.0000
0.1632
0.0000
2.7305
0.0000
0.0000
0.0000
0.0000
1.0960
0.0000
0.0000
0.3136
0.1640
0.0000
0.0000
0.0000
0.0000
0.0000
0.0000
0.0000
0.0203
0.0000
0.0000
0.0000
0.0000
0.0000
0.0000
1.6240
0.0000
0.0000
0.6793
3.5469
0.4374
0.5712
0.0000
0.0000
0.2103
0.0000
1.6027
0.4644
0.0000
0.0000
0.3249
0.0000
0.0000
0.0000
0.0000
0.0000
0.0000
0.0000
0.0000
0.0000
0.0000
2.1157
0.0000
0.0496
0.0000
4.2403
0.0000
0.0000
2.0440
1.7687
3.8957
0.0000
0.0000
0.0000
0.0000
0.0000
1.1885
0.0000
0.0000
0.0000
0.0000
0.0000
0.0000
0.9370
0.0000
1.6593
0.0000
0.0000
0.0000
0.0000
0.0000
0.0000
0.0000
0.0000
0.0000
1.7781
0.6561
0.0000
0.0000
1.5405
0.0000
0.3780
0.0000
0.1711
0.0000
2.5046
0.5934
2.5408
0.5525
0.0000
0.0000
0.0000
0.0000
0.0000
0.5592
0.0000
0.0000
0.0000
3.3775
0.0000
0.0000
0.0000
0.0000
0.0000
0.0000
0.0000
0.0000
2.9464
0.0000
0.0000
0.0000
0.0000
0.0000
0.0000
0.0000
0.0000
0.0000
0.0000
0.0000
0.4773
0.0000
0.0000
0.0000
1.6077
0.0000
0.0000
0.0000
2.9074
0.0000
2.6206
0.0000
0.0000
1.4374
0.0000
0.0000
0.0000
0.0000
0.0000
2.2241
0.0000
0.0000
0.0000
0.0000
0.0000
0.0000
0.0000
0.0000
1.1565
0.0000
0.2960
0.0000
1.5459
0.0000
0.0000
0.0000
0.0000
0.0000
0.0000
0.0000
0.0000
0.0000
0.9681
0.0000
0.0000
2.2435
0.0000
0.0000
3.4100
0.0000
0.0000
0.0000
0.0000
0.0000
0.9281
0.0000
0.6166
0.0000
3.3475
0.2015
0.0000
0.4957
0.0000
0.0000
0.0000
0.0000
3.1125
0.0000
1.2581
0.0000
0.0000
2.9569
0.0000
0.0000
0.0000
0.5645
0.0000
0.0000
0.0000
0.0000
0.0000
0.9622
0.0000
0.0000
0.0000
0.0000
0.0000
0.0000
0.0000
0.4740
0.0000
0.0000
0.0000
1.9712
0.0000
0.0000
0.0000
0.0000
0.0000
0.0000
0.0000
0.0000
0.0000
0.0000
0.0000
0.0000
0.0000
2.5689
0.0000
0.7598
1.1611
0.0000
0.1183
0.0000
0.0000
0.0000
0.0000
0.0000
0.0000
0.0000
0.0000
0.0000
0.0000
0.0000
2.9678
1.7906
0.0000
0.6104
0.0000
0.5697
0.0000
0.0000
0.0000
0.0000
0.2131
0.0000
0.0000
0.0000
0.5602
2.8309
0.0000
0.0000
0.0000
0.0000
0.0000
0.0000
2.0967
0.0000
1.5480
0.0000
0.0000
0.0000
0.7228
0.3671
1.8088
3.4525
0.0000
0.1761
0.0000
0.0000
0.0000
0.0000
0.1825
0.0000
0.0000
0.0000
0.0000
0.0000
0.0000
0.0000
0.0000
0.0000
0.0000
1.8697
0.4761
0.1592
0.0000
1.6827
0.0000
0.0000
0.0000
0.3800
0.0000
1.9247
0.0000
0.0000
2.2950
0.0000
0.0000
0.0000
0.0000
0.1837
0.6878
0.0000
0.0000
0.0000
0.0000
0.0000
0.0000
0.0000
0.0000
0.0000
0.0000
1.6612
0.0000
1.8268
0.0000
0.0000
0.0000
0.0000
0.0000
0.0000
0.0000
0.0000
0.0000
0.0000
4.8116
0.0000
1.8821
0.4873
0.0000
0.0000
0.0000
0.3963
0.0000
0.0000
0.0000
0.0000
0.0000
0.0000
0.0000
0.0000
0.3003
0.0000
0.0000
0.0000
0.0000
0.0000
0.2168
0.0000
0.0000
0.1590
5.2857
0.0000
0.0000
1.4292
0.0000
0.6944
0.0000
0.1462
0.0000
0.0000
0.0000
0.0000
0.0000
0.0000
0.0000
0.0000
3.8113
0.7251
0.0000
0.7363
0.0000
0.0000
0.0000
0.9163
0.0000
0.0000
3.2407
0.6400
0.8205
0.0000
0.0000
0.0000
0.0000
0.6812
4.4661
0.9161
0.0000
0.0000
0.0000
0.0000
0.0000
0.0000
0.0000
0.0000
0.0000
0.0000
0.0000
0.0000
0.0000
0.0000
0.0000
3.4394
0.1251
0.0000
0.0000
0.0000
0.0000
0.4328
0.0000
0.0000
0.0000
0.0000
0.0000
0.0000
0.0000
1.5631
0.4978
0.0000
0.0000
0.0000
0.0000
0.0000
0.9439
0.3515
0.0408
2.2139
0.0000
1.4566
0.0000
0.0000
0.2345
0.0000
0.7630
1.0933
0.0000
0.0000
0.0000
0.0000
0.0000
5.2194
0.7396
0.0000
0.0000
0.0000
0.0000
0.0000
0.0000
1.9922
0.0000
0.0000
1.1348
0.0000
0.0000
0.5198
0.2549
1.0253
0.3056
0.0000
2.7129
0.0000
0.0000
0.0000
0.0000
0.0000
0.0000
0.0000
0.0000
0.0000
0.0000
2.8500
0.0000
0.0000
0.9268
0.0000
0.0000
0.0000
0.0000
0.0000
0.0000
1.4508
0.0000
0.0000
0.0000
0.0000
0.5632
1.0984
0.2876
0.2187
0.0000
0.0000
0.0000
0.7474
0.0000
0.0000
0.0000
2.1756
2.9777
0.0000
0.0000
0.0000
0.0000
0.0000
0.1878
0.0000
0.0000
0.0000
0.0000
0.0000
0.0000
0.0000
2.0221
0.0000
0.6920
0.0000
0.0000
0.9415
0.0000
1.2266
0.0000
0.4414
0.0000
0.0000
1.1221
2.0806
5.4259
0.0000
0.0000
0.0000
0.0000
0.0000
0.0000
0.0000
0.0000
0.0000
0.0000
0.0000
0.7775
0.0000
0.0000
0.0000
0.0000
0.2367
0.0000
0.0000
0.0000
0.0000
0.0000
0.0000
0.0000
0.7401
0.0000
0.0000
0.0000
0.0000
0.0000
0.0000
0.0000
0.0000
0.0000
0.0000
0.0000
0.0000
0.0000
0.0000
0.0000
1.3429
0.0000
0.4853
0.0000
2.5908
0.0000
1.3366
0.0000
3.7285
0.0000
0.0000
0.0000
2.6840
1.6505
0.0000
1.2513
2.5396
0.5382
0.0000
0.0000
4.0344
0.0000
0.0000
0.0000
0.0488
0.0000
0.0000
0.0000
0.7470
0.0000
0.0000
0.0761
0.0000
0.6313
0.0794
0.0000
0.3604
0.0000
0.0000
0.0000
0.0000
0.0000
0.0000
0.0000
4.7318
0.0000
0.0000
2.1048
0.0000
0.0000
2.0935
0.0000
0.0000
0.4011
2.2063
1.5903
0.0000
0.0000
0.0000
2.7932
0.6412
0.0000
2.2281
0.0000
0.0000
1.4260
0.0000
0.0000
0.4813
0.0000
0.0000
1.0086
0.0000
1.6438
0.0000
0.0000
1.8058
0.0000
2.8702
0.0000
0.0000
0.0000
0.0000
0.0000
0.0000
0.0000
0.0000
0.0000
0.3814
1.8865
0.0000
1.0322
0.0000
0.0000
0.0000
0.0000
0.0000
0.0000
0.0000
0.0000
0.0000
0.0000
0.0000
0.3999
0.0000
0.0000
4.0319
0.0000
0.0250
0.0000
0.0000
0.0000
0.0000
0.0000
0.0000
0.0000
0.0000
0.0000
0.0000
0.0000
2.5568
0.0000
0.0000
0.0000
0.0000
1.4008
0.0000
1.7278
2.2313
1.7366
0.0000
0.0000
0.0000
0.0000
0.2726
0.0000
2.2203
0.0000
0.6476
0.0000
0.0000
0.0000
0.0000
0.3193
0.0000
0.0000
0.0000
0.0000
0.0000
0.7440
0.0000
1.5714
0.0000
0.0000
0.0000
0.0000
0.0000
0.0000
0.0000
0.3117
0.0000
0.0000
0.0000
0.0000
0.0000
0.0000
1.1538
0.4014
0.0000
0.0000
0.0000
0.0000
0.0000
0.9858
0.0000
0.3131
0.0000
2.5716
0.0000
0.0000
0.0000
2.3547
0.0000
0.0000
0.0000
1.5151
1.4398
0.2787
0.0000
0.0000
3.1838
0.0000
0.1091
0.0000
0.0000
0.0000
3.2198
0.0000
0.0000
0.0000
0.0000
0.5638
0.0000
0.2819
0.6710
0.0000
0.0000
0.0000
0.8471
0.0000
0.0000
0.0559
0.3001
0.0000
0.5000
0.0000
0.0000
0.2610
0.0000
1.3906
2.3659
0.0000
0.5058
0.0979
0.0000
0.2442
0.0000
2.0700
5.2879
0.0000
0.0000
0.0000
0.0000
0.0000
0.0000
1.5062
0.0000
0.0000
0.0000
0.0000
1.2155
0.0000
0.0000
0.0000
0.0000
0.0000
0.0000
0.0000
1.0742
0.0000
0.0000
3.6600
2.8544
0.0000
0.0000
0.0000
0.0000
0.0000
0.0000
0.0000
0.0000
2.3148
0.0000
0.0000
1.5675
3.0106
0.0000
0.0000
0.0000
0.1706
1.7599
0.0000
0.0000
1.6039
0.0000
0.0000
0.0000
0.0000
0.0000
1.7533
0.0000
0.0000
0.0000
1.4426
3.7278
0.0000
4.0908
0.0000
0.0000
0.0000
0.0000
3.3453
0.0000
0.0000
0.0000
1.0169
1.6852
0.0000
0.0000
0.0000
0.0000
0.0000
0.0000
0.5443
0.0000
1.2086
0.2101
0.0000
0.0000
2.4149
1.4007
0.0000
0.0000
0.0000
0.6976
0.8893
0.0000
0.0000
0.0000
0.0000
0.2810
0.0000
0.0000
0.0000
0.0000
0.0000
0.0000
0.0000
0.8331
0.0000
0.0000
0.7020
1.5045
0.0000
1.8607
1.6862
0.0000
0.0000
0.5022
0.0000
0.7015
0.0000
0.0000
0.0000
3.2993
0.0000
0.0000
0.2135
0.0000
0.0000
0.0000
0.0000
0.0000
0.0000
0.0000
0.0000
0.0000
0.0000
0.0000
1.2456
0.0000
0.9926
0.0000
0.0000
0.0000
0.0000
0.0000
2.0901
0.0000
0.0000
1.0390
0.0000
0.0000
0.0000
0.0000
0.0000
0.0000
0.0000
0.0000
0.0000
0.0000
0.0000
0.8899
0.4362
0.6368
1.6050
0.0000
0.0000
0.0000
0.0000
1.5434
1.4816
0.7407
0.0000
0.0000
1.6203
2.7421
0.0000
3.8727
0.0000
1.8126
0.0000
0.0000
0.0000
0.3527
0.7560
0.0000
0.0000
0.0000
0.0000
1.5854
0.0000
3.0123
0.0000
0.0000
0.0000
0.0000
0.0000
2.5605
0.0000
0.0000
0.2420
0.0000
1.3322
0.0000
0.0000
0.0000
0.0000
0.0330
0.0000
0.0000
0.0000
2.2060
0.0000
0.0000
0.0000
0.0000
0.1057
0.0000
0.0000
0.0000
1.0926
0.0000
0.0000
2.1726
2.5226
0.0819
0.0000
0.0000
0.0000
0.0000
0.0000
0.0000
0.0000
0.7863
0.0000
1.8694
0.0000
0.0000
0.0000
0.0000
0.9045
0.0000
0.0000
0.0000
0.0000
0.0000
0.0000
0.0000
0.0000
0.0000
0.0000
0.0000
1.9817
0.0000
0.0000
1.2650
0.0000
0.0000
0.6394
0.0000
0.5123
0.0000
2.0135
0.0000
0.0000
0.0000
1.0070
0.0000
0.0000
0.0000
0.3319
0.0000
0.0000
0.8634
0.0000
0.0000
0.0000
0.0000
0.0000
0.0000
0.0000
0.0000
0.0000
0.0000
0.1708
0.0000
2.3117
0.0000
0.0000
0.0000
2.7139
0.8829
0.0000
0.0000
3.4478
0.0000
0.0000
0.0409
0.0000
0.0000
0.0000
2.0138
0.9321
0.0000
0.0000
0.0000
0.0000
4.4708
0.0000
0.3772
0.0000
0.4992
0.0000
1.9951
1.5826
0.0000
2.2967
0.0000
0.0000
0.0000
0.0000
0.0000
0.0000
0.0000
1.0870
0.0000
0.0000
0.0000
0.0000
0.0000
0.0679
0.0000
0.6250
0.0000
0.0000
0.0000
0.1429
0.0000
0.0000
0.0000
0.0000
0.0000
1.0916
0.0000
0.0000
0.0000
0.0000
0.0000
0.0000
0.0000
2.2600
0.0000
0.0000
3.1883
0.0000
1.2844
0.0000
0.1956
0.0000
0.0000
0.4180
0.5238
0.0000
0.0000
0.0000
0.0000
0.0000
1.7440
0.2275
0.1050
0.2693
0.0000
0.0000
0.3663
0.0000
0.0000
0.0000
0.2147
0.2021
1.3488
1.9710
0.4586
0.0000
0.0000
1.5667
1.6781
0.0000
0.0000
0.0000
0.0000
0.0000
0.0000
0.0000
2.0245
2.2037
0.0000
0.1959
0.0000
2.9660
6.5009
0.0000
0.0000
0.0000
0.0000
0.0000
0.0000
0.5881
0.0000
0.0000
0.0000
0.0000
0.0000
0.0000
0.0000
0.0000
0.0000
0.0000
0.0000
0.0000
0.9856
0.0000
0.2383
0.0000
0.0000
0.5725
0.0000
2.0606
0.1693
0.0000
1.6937
0.0000
0.0000
0.0000
1.5292
0.0527
0.0000
2.3268
0.0000
2.4817
0.0000
1.9022
0.0000
0.0000
0.5447
0.0000
0.0000
0.0000
0.0000
0.0000
0.0000
0.0000
0.0000
2.4050
0.0000
0.0000
0.0000
0.0000
0.6909
0.0000
0.0000
0.8222
0.0000
0.0000
0.0000
0.0000
0.9528
0.0000
0.0000
0.0000
0.0000
0.8690
0.0000
0.0000
0.0000
0.0000
0.0000
0.0000
0.0000
0.0000
0.0000
0.0000
0.0000
0.0000
4.3836
0.0000
0.0000
3.3388
0.0000
0.0000
0.0000
0.0000
0.9136
0.0000
0.0000
0.0000
0.9502
1.4803
0.0000
0.0000
0.0000
0.0052
0.0000
0.0000
0.0000
0.0000
0.0000
0.0000
0.0000
1.4954
0.0000
0.0000
0.0000
0.0000
0.0000
0.0000
2.0110
0.0000
0.9761
0.0000
0.0000
0.3127
0.0000
0.0000
0.0000
0.0000
1.4401
0.0000
0.0000
0.0000
1.1335
0.0000
0.0000
0.0000
0.0000
4.0535
0.0000
0.0000
0.3224
0.0000
0.3746
3.0664
0.0480
0.0000
0.0000
0.0000
0.0000
0.4762
0.0000
1.5886
0.0000
0.0000
0.5104
0.0000
0.0000
0.0000
0.0000
0.0000
1.7991
0.0000
0.0000
0.0000
0.0000
0.0000
1.2449
0.0000
0.0000
1.4986
0.0000
0.7973
0.0000
0.0000
0.0000
1.3651
0.0000
2.4816
0.0000
1.8512
1.9498
1.0182
0.0000
2.8481
0.0000
0.1683
0.0000
0.0000
0.0000
0.0000
1.1602
1.6828
0.0000
0.0000
2.0121
0.6805
0.0000
0.0000
1.1638
0.0000
0.0000
0.0000
0.0000
0.0000
0.0000
0.1651
0.0000
0.0000
0.0000
0.0000
0.5248
0.2447
1.1724
0.9635
0.0000
0.0000
0.0000
0.2069
0.0000
0.0000
0.0000
0.0000
2.0850
0.0000
0.2345
0.0000
0.0000
0.0000
0.0000
0.0000
3.3012
0.0000
0.0000
0.0000
0.0000
0.0201
0.0000
0.0000
0.0000
0.0000
3.3241
0.0000
0.0000
0.0000
0.0000
3.9276
0.6509
0.0000
3.5645
0.0000
0.0000
0.0000
0.0000
0.0000
4.7491
0.0000
3.9076
3.3873
0.0000
0.0000
0.0000
1.8663
0.0000
1.5479
0.0000
0.0000
0.0000
0.0000
0.0000
2.9391
0.0000
0.0000
0.5750
0.0000
0.0000
0.0000
1.7337
0.0000
0.0000
0.0000
2.4752
0.0000
0.0000
0.9878
0.5475
0.8013
0.4297
0.0000
0.0000
0.0000
0.0000
0.0000
0.0000
2.1461
1.8770
0.4506
0.3809
1.1045
0.6875
1.2812
0.0000
0.0000
0.0000
0.0000
0.0000
2.5727
0.0000
2.8108
4.2174
0.0000
0.0000
0.0000
0.0000
0.8626
1.9866
0.0000
0.5287
0.0000
0.0000
0.0000
2.2676
0.1056
0.2495
0.4510
0.0000
0.0000
0.9183
0.0000
0.5379
0.0000
0.0000
0.7270
0.0000
0.0000
0.7399
0.0000
0.0000
2.4762
0.0000
0.0000
0.0000
0.0000
0.3283
0.0000
0.0000
0.0000
0.1418
2.1954
0.0000
0.8946
0.0000
0.0000
0.0000
0.0000
1.2107
0.0000
0.0000
0.0000
0.0000
0.0000
0.0000
0.0000
0.0000
0.0000
0.9227
0.0000
0.0000
0.0000
1.0880
0.0000
0.0000
0.0000
0.0000
1.1937
0.0000
1.4665
0.6182
0.0000
1.8276
0.0000
0.0000
0.0000
0.0000
0.0000
0.0000
0.0000
0.0000
0.0000
2.9133
0.0000
0.0000
0.9514
0.0000
0.0000
0.0000
0.4946
0.0000
0.0000
0.0000
0.0000
0.0000
0.0000
0.0000
0.0000
0.3049
1.2181
0.0000
1.6711
0.0000
0.0000
0.0000
0.6661
0.0406
0.0000
0.0000
0.0000
0.0000
1.0924
0.0000
0.0000
3.7531
0.0000
0.0000
0.0000
0.0000
2.1330
0.6548
2.5300
0.0000
0.0000
0.0000
2.8811
0.0000
0.7513
0.0000
1.0518
0.0000
0.8960
0.0000
0.0000
0.0000
0.1265
0.0000
0.0000
2.2466
0.0000
0.0000
0.0000
0.0000
0.0000
0.0000
0.3263
0.9813
3.2771
1.9770
1.0382
0.0000
0.0000
0.0000
0.0000
1.5570
0.4415
0.0000
0.0000
0.0000
0.0000
0.0000
0.0000
2.9971
0.2465
0.3676
0.0000
0.0000
0.0000
2.6382
0.0000
0.0000
0.0000
0.0000
0.0000
0.0000
0.0000
0.0000
0.0977
0.0000
0.0000
0.0000
0.0000
0.0000
0.0000
0.0000
2.1051
0.0000
0.0000
0.0000
0.0000
0.0000
0.0000
0.0000
5.0407
0.0000
0.0000
0.0000
1.1332
0.0000
0.0000
1.2538
1.5480
0.0000
0.0000
0.0000
4.7427
0.2749
0.0000
0.0000
0.0000
0.0000
0.5270
1.4901
1.3233
0.0000
0.0000
3.5039
0.0000
1.0611
0.0000
0.0000
0.2922
0.0000
0.0000
0.0000
1.3427
0.0000
0.4423
0.0000
0.0000
0.0000
0.0000
0.0000
0.0000
0.0000
0.0000
0.3054
0.0000
0.0000
0.0000
0.0000
1.5396
0.5214
1.2587
0.0000
0.0000
1.7492
0.0000
0.0000
1.5423
0.0000
0.3880
0.0000
0.0000
0.0000
0.0346
0.0000
0.0000
0.0000
0.0000
0.0000
0.0000
0.0000
0.0000
0.0000
0.0000
2.9750
0.0000
0.6419
0.1674
0.0000
1.8335
0.0000
0.0000
0.0000
0.0000
1.1448
0.0000
0.0000
0.0000
0.0000
0.0000
0.0000
2.7151
1.4628
0.0000
0.3489
0.9509
0.0000
0.2912
0.0000
0.0000
0.0000
0.0000
0.0000
0.0000
0.0000
0.0000
0.0000
0.0000
0.0000
0.0000
0.0000
0.0000
0.0000
0.0000
0.0000
0.0000
1.1841
1.6183
0.4801
0.0000
0.3784
0.0000
0.0000
3.6900
0.0000
1.7436
1.6699
2.6162
0.0000
1.5776
0.0000
0.0000
0.0000
0.0000
0.0000
0.0000
0.0000
0.0000
0.0000
0.0000
0.0000
2.4704
0.0000
0.1907
0.0000
1.7889
1.3027
0.0000
0.0000
6.1838
0.9775
0.0000
1.6704
0.0000
0.0000
0.0000
5.9081
0.0000
0.0000
0.0000
0.0000
0.5776
0.0000
0.0000
2.6926
0.0000
0.0000
2.1344
0.0000
0.0000
0.0000
0.0388
0.0000
0.0000
1.7389
0.0000
0.0000
0.0000
0.0000
0.0000
2.7137
0.0000
0.1311
0.6947
0.5523
0.0393
0.0000
0.2362
0.0000
0.0000
2.4124
0.0000
0.0000
0.0000
0.0000
0.0120
2.4715
0.0000
0.0000
0.0000
0.0000
0.0000
1.4041
0.6520
0.0000
0.0000
0.0000
0.0000
0.0000
0.0000
0.0000
0.0000
0.0000
0.0000
0.0000
1.6877
0.0000
0.0000
0.0000
0.0000
0.0000
0.0000
0.0000
3.2352
0.0000
0.0000
1.9289
0.0000
2.0178
0.0000
0.1684
0.0000
0.0000
1.3662
0.0000
0.0000
0.0000
0.0000
0.0000
2.0091
0.0000
0.0000
0.0000
1.5692
0.3881
0.0000
2.2075
1.8053
0.5754
0.0000
0.0000
0.0000
0.0000
0.4790
2.7254
0.0000
0.0000
0.0000
1.6112
0.0000
0.0000
3.1582
0.0000
0.3278
0.8044
1.2927
0.0000
0.0000
0.0000
0.0000
0.0000
0.0000
0.0000
0.0000
1.2263
0.0000
0.0000
0.0000
0.0000
0.0000
0.3545
0.0000
0.0000
0.0000
0.0000
0.0000
0.0000
0.0000
1.7440
0.3958
0.0000
0.0000
4.6451
0.0000
0.9387
0.0000
0.0000
0.0000
0.0000
0.0000
0.0000
0.0000
1.9548
0.0000
0.0000
1.3164
0.0000
0.0000
0.0000
0.0000
0.0000
0.0000
0.0000
0.0000
0.0000
0.0000
0.0599
0.0000
0.0000
0.0000
0.0000
0.9109
0.6214
0.0000
0.1660
0.0000
0.0000
0.1639
0.0000
0.0595
0.1273
0.0000
0.0800
0.0000
0.0000
0.9104
2.1210
0.0000
0.0000
0.0000
0.0000
0.0000
0.0000
0.3669
0.0000
0.0000
0.0000
1.8651
2.3510
0.1856
0.0000
0.5862
0.0000
0.0000
1.6460
0.0000
0.1299
0.0000
0.0000
0.0000
0.0000
0.0000
0.0000
1.7567
0.0000
0.0000
0.0000
0.0000
0.0000
0.0000
0.0000
0.0000
0.0000
0.0000
0.0000
0.0000
1.8439
0.1115
0.0439
0.0000
0.6066
0.0000
0.3254
0.0000
0.0000
0.4890
0.0000
0.0000
0.0000
0.0000
2.4011
0.4410
1.8149
0.0000
0.0000
0.0000
1.4548
0.0000
3.0757
0.0000
0.0000
0.0000
0.0000
0.0000
0.4001
0.0000
0.0000
0.0000
0.0000
0.0000
1.8907
0.0000
0.0000
0.0000
0.0000
0.0000
0.0000
0.0000
0.0000
0.0000
1.0549
0.0000
0.3440
0.0000
0.4132
0.0000
0.0000
0.0000
0.0000
0.0000
0.0000
0.0000
0.0000
0.0000
0.0000
0.0000
0.0000
0.0000
0.0000
3.6178
0.0000
1.4135
0.0000
0.0000
1.0852
0.0000
0.0000
0.0000
0.0000
0.0000
0.0000
0.0000
0.0000
0.0000
0.0000
0.0000
0.0000
0.0000
0.0000
0.3583
0.0000
0.0000
0.0000
0.0000
0.0000
0.0000
0.0000
0.0000
0.0000
0.0000
0.0000
0.0000
1.3685
0.0000
0.0000
0.0000
0.0000
0.0000
0.0000
0.0000
0.0000
0.4807
0.0000
0.7294
0.0000
0.0000
0.0000
0.0000
0.4707
1.0191
0.0000
0.0000
0.2472
0.5170
2.8812
0.0000
0.0000
0.0000
0.0000
0.0000
0.0000
0.0000
1.0289
0.6089
1.9080
0.0000
0.0000
0.0000
2.1310
0.0000
2.1832
0.0000
1.2232
0.1751
0.0000
0.0000
1.1546
0.0000
1.8909
0.0000
0.9318
0.0000
0.8013
0.0000
0.0000
0.2699
0.0000
0.0000
3.9001
0.0000
0.0000
0.4322
0.0000
3.7423
0.0000
0.0738
0.0000
0.0000
0.0000
0.0000
0.0000
2.4520
1.5786
0.0000
0.6783
0.0000
0.2022
0.0000
0.0000
0.9770
2.4981
0.0000
0.0000
0.0000
0.0000
0.0000
4.9217
0.0000
0.0000
0.0000
0.0000
2.4497
0.0000
0.0000
0.0000
0.0000
0.0000
0.0000
0.7117
0.0000
0.0000
1.3659
0.0000
0.0000
0.0000
0.0000
0.0000
0.0000
1.9853
0.0000
0.0000
0.0000
1.5426
0.0000
0.0000
0.0000
0.0000
0.0000
0.0000
0.7187
2.1199
0.0000
0.0000
0.0000
0.3740
0.1244
0.6261
0.0000
0.0000
0.0000
0.0000
0.0000
3.9682
0.0000
0.0000
0.0000
0.0000
0.0000
0.0000
1.2101
0.2712
0.0000
0.0000
0.4225
0.0000
0.0000
0.0000
0.0000
2.8865
3.8592
0.0000
0.0000
0.0000
0.0000
0.0000
0.0000
0.0000
0.1040
0.0000
0.8640
0.0000
0.0000
0.4543
0.0000
2.9883
0.0000
0.0000
0.0000
0.0000
2.7640
1.6889
0.0000
1.7893
0.0000
0.0000
0.0000
0.5248
0.0000
3.6975
0.0000
2.8298
0.0000
0.0000
0.0000
0.0000
2.3651
0.0000
0.0000
0.9271
0.2098
0.0000
0.0000
0.0000
0.0000
2.9881
0.0000
0.0000
0.0000
0.0000
0.0000
0.0886
0.1459
0.0000
0.0000
0.0000
0.4761
0.0000
1.8123
1.3309
0.0000
0.6566
0.0000
0.0000
0.0000
1.2656
0.0000
1.2191
1.7214
0.7198
1.5897
0.0000
0.0000
0.3888
0.0000
0.0000
0.0000
0.0000
0.0000
1.1336
0.0000
0.0000
0.0000
0.0000
0.9970
0.0000
0.0000
0.0000
0.0000
0.0000
0.0000
2.1696
0.9804
1.1472
0.0000
0.0000
1.9544
0.0000
0.4621
0.0000
0.1394
1.9037
0.9965
0.0000
0.0000
0.0000
0.0000
1.7709
0.0000
0.0000
0.8664
0.9841
0.0000
1.5311
0.0000
0.0000
0.0000
0.0000
0.1046
0.0000
0.0000
0.0000
2.8044
0.0000
0.0000
0.0000
0.0000
0.0000
0.0000
0.9858
0.0000
0.0000
0.0000
0.0000
0.0000
0.0000
0.7052
1.2834
3.2062
0.0000
0.0000
1.8507
0.0000
0.0000
0.0000
0.0000
0.0000
0.0000
0.0000
0.0000
0.0000
1.2295
0.0000
0.0044
0.0000
0.0000
0.0000
2.3561
0.0000
0.4492
1.6219
0.0000
0.0000
0.0000
0.0000
2.1099
0.3003
0.0000
0.0000
0.0000
0.0000
0.5539
2.0551
0.1884
0.0000
0.0000
0.0000
0.0000
0.0000
0.9467
0.0000
0.0000
0.0000
0.3602
0.0000
0.0000
0.0000
0.0000
0.0000
0.0000
4.2864
0.3313
0.0000
0.9699
0.0000
0.0000
0.0000
0.0000
0.0000
1.4541
0.0000
0.0000
0.0807
0.8190
5.7054
0.0000
2.1404
0.0000
0.0000
0.0000
0.0000
0.0000
0.0000
0.0000
0.0000
0.0000
0.0360
0.0000
2.4293
0.0000
0.0000
0.2499
0.0000
1.1577
1.5736
0.4999
1.7147
0.0000
0.0000
0.0000
0.0000
0.9330
0.0210
0.5390
0.0000
0.0000
0.0000
0.0000
0.0000
0.0000
0.0000
0.0000
0.0000
0.0000
0.0000
0.0000
0.0000
0.0000
0.0305
0.6191
0.0000
0.0000
0.6597
0.0000
0.5999
0.0000
2.5500
0.0000
0.0000
1.2011
0.1189
0.0000
0.0000
0.9857
0.0000
0.0000
0.0000
0.0000
2.2604
3.0229
1.2832
0.0000
0.0000
0.0000
0.0000
0.6928
0.0000
0.0000
0.0000
0.4873
0.0000
0.0000
0.0000
0.0000
0.0000
0.3189
0.8342
0.0000
0.0000
0.0000
0.0000
4.0344
0.0000
0.0000
4.0123
0.0000
0.0000
0.5520
0.0000
0.1146
0.0000
0.0000
0.0000
0.0000
0.0000
1.5784
0.3310
2.2990
3.0426
1.2084
0.0000
1.3503
0.0000
0.0000
0.0000
0.0000
0.0000
0.0000
1.1118
2.9674
0.0000
0.4587
0.2816
0.0000
0.0000
0.0000
0.0000
0.0000
0.0000
0.0000
0.0000
0.0000
0.0000
0.5966
0.2959
0.0000
0.0000
0.0000
0.0000
0.0000
0.0000
0.0000
0.0000
2.0930
0.0000
0.0000
0.0000
0.0000
0.0000
1.3796
0.0000
0.0000
0.0000
0.0000
0.0000
0.0871
0.0000
0.0000
0.0000
0.2976
0.0000
0.0000
0.0000
0.1659
0.0000
2.7655
2.1546
0.0000
0.0000
0.0000
3.8416
0.0000
0.0000
0.0000
0.0000
0.4312
1.1836
0.0000
0.0000
0.3605
5.2694
0.5045
0.0000
0.0000
0.0000
0.0000
0.0000
0.0000
0.0000
0.6996
0.0000
0.0000
0.0000
2.5763
0.0000
0.1509
0.0000
0.0000
0.0000
0.0000
4.5407
0.0000
0.0000
0.0000
0.0000
3.9252
0.0000
0.0000
0.0000
2.4564
0.0000
0.0000
0.1127
0.1075
0.0000
0.0000
0.0000
0.0000
0.0000
2.6643
0.0000
2.8248
0.0000
0.0000
1.0291
0.0000
1.7594
0.0000
2.2450
0.0000
1.0263
0.9929
0.0000
0.0000
0.0000
1.2522
0.0000
0.0000
0.8477
0.0000
0.0000
0.0000
0.0000
0.0000
0.0000
0.0000
0.0000
0.0000
0.0000
1.9872
0.4057
0.0000
0.2915
0.0000
0.0000
1.2916
0.0000
0.0000
3.0177
0.9276
0.0000
0.0000
2.1990
0.0000
6.3358
0.0000
0.0000
0.0000
3.8698
0.0000
0.0000
0.0000
0.0000
0.0000
0.0000
0.0000
1.1057
1.7493
0.8769
2.0977
0.0000
0.0000
3.3268
0.2510
0.0000
0.0000
0.0000
0.0000
1.7212
0.0000
0.0000
1.2406
0.0000
0.1169
0.0000
2.5544
0.0000
1.0157
0.8099
0.0000
0.0000
0.0000
1.8818
3.0334
0.7075
0.0000
0.0000
0.0607
2.6639
0.0000
0.0000
0.0000
0.0000
0.1690
1.0278
0.0932
0.0000
0.0000
0.0000
0.0000
0.0000
0.0000
0.0000
0.3517
1.3824
0.1978
0.0000
0.2097
1.5163
0.0000
3.7558
0.0000
0.6339
1.7298
0.0000
0.0000
0.0000
0.0000
0.0000
0.0000
0.2713
0.0000
0.0000
0.0000
0.0000
0.0000
0.8268
0.2568
0.0198
0.0000
1.5988
0.0000
0.0000
0.0000
1.0398
0.0000
2.7321
0.4229
1.4224
0.0000
0.0000
2.5955
0.0000
0.0000
0.0000
0.0000
0.2080
1.8205
0.0000
0.0000
1.2571
0.0000
0.0000
2.7771
0.0000
0.7952
0.0000
0.0000
1.7069
0.0000
0.0000
0.0000
1.5092
0.0000
0.9850
2.4230
0.0000
4.0514
0.0000
0.0574
0.0000
1.3060
1.3918
0.0000
0.0000
0.0000
0.0000
0.0000
0.0000
0.0000
0.0000
1.2128
0.0000
0.0000
0.0000
0.0000
0.0000
0.0000
0.0000
0.0000
0.7797
0.0000
0.0000
0.0000
3.8190
0.0000
2.5120
1.9199
2.1062
0.4579
0.0000
0.0000
0.0000
0.0000
0.0000
0.0000
0.0000
0.5160
0.0000
3.8927
0.0000
0.0000
3.1288
1.2232
0.8953
0.0000
0.0000
2.9217
0.0000
0.0000
0.0000
0.0000
0.0426
0.0000
1.6095
0.0000
0.0973
0.0000
0.0000
0.0000
0.0000
0.0000
0.0000
0.0122
0.0000
0.8462
0.0000
0.0000
1.8755
0.0000
