0.0000
0.0000
0.0000
0.0000
2.5740
1.1800
0.0000
0.0000
0.0081
2.0674
2.1049
0.0000
0.0000
0.0000
0.0000
0.0000
0.0000
0.0000
0.0000
0.0000
0.0000
0.0000
2.1964
0.0000
0.0219
0.0000
0.0000
1.2787
0.0000
0.0000
0.0000
0.0000
0.0996
0.3992
0.4304
0.0000
0.0000
0.0000
0.6144
2.3601
0.0000
0.0000
0.0000
0.0000
0.0000
0.0000
0.0000
0.0000
0.0000
0.0000
0.0000
0.0000
0.0000
0.0000
0.0000
0.0000
0.0000
0.0000
0.0000
0.0000
0.0000
0.3572
0.0000
2.0415
0.0000
0.0000
0.5694
0.1172
0.0000
0.0000
0.0000
3.2305
0.6863
0.0000
0.0000
1.7802
0.0000
0.0000
0.0000
0.0000
0.8220
0.0000
0.0000
0.0000
0.0000
0.3189
1.0081
0.5815
1.3490
0.0000
1.4196
0.0000
0.0000
1.4018
0.0000
0.0000
0.0000
0.0000
3.3821
0.0000
0.8209
0.0000
0.0000
0.0000
0.0000
0.0000
0.0000
0.0000
0.0901
1.6777
0.0000
0.0000
0.0000
0.1816
0.0000
0.0000
0.0000
0.0000
0.0000
0.0000
1.6659
0.0000
2.1696
0.0000
0.0011
0.0000
1.8959
0.1459
0.0000
0.3513
0.0000
0.0000
0.0000
0.0000
3.5353
0.0000
0.0197
1.1523
0.0000
2.4126
2.0369
0.0000
0.5114
0.3811
2.3437
0.0000
0.0000
2.7447
1.8787
0.0000
0.0000
0.8346
0.6321
0.0000
0.0000
0.0000
0.7036
0.1673
0.0000
0.0000
0.2499
0.0000
0.0000
0.0000
0.0000
2.3135
0.2268
0.0000
0.0000
3.3964
0.0000
0.0000
0.0000
0.0000
0.0000
0.0000
0.0000
0.0000
0.0000
3.7971
2.6939
1.0404
0.0000
0.0000
0.0000
0.0000
1.8788
0.8448
0.0000
0.0000
0.0000
0.0000
0.0000
0.0000
1.3321
0.0000
0.0000
0.0000
2.9808
1.0173
0.0000
0.0000
0.0000
0.0000
0.0000
0.3967
0.0000
0.0754
0.0000
0.0000
0.0000
0.0000
0.0000
0.0000
0.0532
0.0000
0.0000
0.0000
1.1130
0.0000
0.0000
0.0000
0.0000
0.0000
0.0000
0.0000
0.9746
0.0000
0.0000
0.0000
0.0000
0.0000
0.0000
0.0000
0.9419
0.0000
0.0000
1.4514
0.7357
0.0000
0.0000
0.0000
0.0000
0.0000
0.0000
0.0000
0.0000
0.0000
0.4258
0.0000
0.0000
0.0000
0.0000
0.0001
0.0000
0.9628
0.0000
0.0000
1.1633
0.0000
0.0000
0.0000
0.0000
0.0000
0.0000
0.0000
3.1813
0.0000
0.0000
1.1626
2.2247
0.0000
0.0000
0.7634
1.3285
0.0000
0.0000
0.0000
1.6836
0.0000
2.5977
0.0000
1.9526
0.0000
0.0000
2.2380
0.0000
0.0000
0.0000
0.0000
0.0000
0.0000
0.0000
0.4621
3.3248
0.0000
0.0000
0.0000
0.0000
1.4863
0.0000
0.0000
0.0000
0.0000
0.6739
0.0000
0.1237
0.0000
0.0000
0.0000
0.0000
0.0000
0.0000
0.0000
1.1917
0.0000
0.0000
0.0000
0.3194
1.2334
0.0000
0.2136
0.0000
0.0000
0.0000
0.0000
0.0000
0.0000
0.0000
1.0048
0.0000
0.0000
0.0000
0.0000
0.0000
2.4452
2.0050
0.0000
0.0000
3.6874
0.0000
0.0000
0.0000
0.0000
0.0000
3.8909
0.0000
0.8947
0.0000
0.0000
0.0000
3.5805
0.8748
0.0000
3.6743
1.0138
0.0000
0.0000
0.8243
0.0000
0.0000
0.0000
0.0000
0.0000
0.0000
0.0000
0.0000
0.0000
0.0000
0.0000
0.0000
0.0000
0.0000
0.0000
0.0000
1.8606
0.0000
1.6356
0.0000
0.0000
2.8172
0.0000
0.0000
0.0000
0.0000
0.0000
0.0075
0.0000
0.0000
0.0000
1.6370
0.0000
0.0000
0.0000
0.0000
0.7226
0.0000
0.0000
0.0000
0.0000
0.0000
0.0000
0.0000
0.0000
0.0000
0.0000
0.0000
0.0000
0.5023
0.0000
0.0000
0.0000
0.0000
5.6177
0.0000
0.0000
0.0000
0.0000
0.0000
0.0000
0.6929
0.0000
0.4295
0.0000
0.0000
0.0000
0.0000
0.0000
0.0000
0.0000
0.0000
0.0000
0.0000
0.0000
0.0000
0.0000
0.0000
0.0000
1.0469
0.0000
0.9903
0.0000
0.0000
0.0000
3.2627
0.0000
0.0000
1.1672
0.5863
0.0000
0.0000
0.0000
0.0000
0.0000
0.0000
0.0210
0.0000
0.7214
0.0000
0.0000
0.0000
0.0000
1.7416
0.0000
0.0000
0.4800
0.0188
2.3801
0.0000
0.0000
0.0000
0.5956
0.4418
1.1168
0.0000
1.8838
1.3698
0.0000
1.3447
0.0000
0.2363
0.0000
0.2597
0.9529
1.8544
0.0000
0.0000
0.9641
0.0000
3.3805
0.0000
0.0000
0.0000
0.0000
2.1200
0.0000
0.0000
0.0000
0.7423
0.0000
0.0000
0.0000
0.4137
0.0000
0.0000
0.0000
0.0000
0.0000
0.0000
1.1702
0.0000
0.0000
0.0000
0.7247
0.0000
0.3280
0.0000
0.0000
8.1644
0.0000
1.4251
1.5528
0.0000
0.7924
0.0000
0.0000
0.0000
0.0000
0.0000
0.0000
1.8770
1.3686
0.1747
0.0000
1.0901
0.0000
0.0000
0.0000
2.2930
0.0000
0.0000
0.0000
0.0000
0.0000
0.0000
0.0000
0.0000
0.0000
1.3026
0.0000
0.0000
0.0000
0.0000
0.0000
0.0000
0.0000
0.0000
0.0000
0.0000
0.0000
0.0000
0.8087
0.0000
0.0000
0.0000
0.3592
0.0000
0.0000
0.0000
0.0000
0.0000
0.0000
0.0000
0.0000
0.0000
0.0000
0.0000
0.0000
0.0000
1.5877
0.0000
0.0000
0.0000
0.0000
0.0000
0.0000
0.0000
0.0000
1.5469
0.0000
0.0000
0.0000
0.0000
0.0000
0.0000
0.0000
0.0000
0.0000
3.2449
0.8469
0.0000
0.7944
0.0000
0.7140
0.0000
0.0000
0.2624
0.0000
0.5981
0.0000
0.0000
0.0000
0.0000
3.7020
0.0000
0.0000
0.4630
0.0000
0.0000
0.0000
3.2079
0.0000
1.7249
0.0000
0.0000
1.2131
0.0000
0.5147
0.0000
0.0000
0.0000
0.0000
0.0000
0.0000
1.5268
3.9022
0.0000
0.0000
0.0000
0.0000
0.0000
0.0000
0.0000
0.0000
0.2675
0.0000
0.0000
0.0000
0.0000
0.0000
0.0000
0.9832
3.3025
0.0000
0.0000
0.0000
0.0000
0.0000
0.0000
0.0000
0.0000
1.8290
1.0510
0.0000
0.0000
0.0000
0.8954
0.0000
0.0000
0.0000
0.0000
0.0000
0.0000
0.3035
0.0000
0.0000
0.0000
0.0000
0.0000
0.0000
0.0000
0.5643
0.0000
0.0000
0.0000
1.9496
0.0000
0.0000
0.0000
0.2989
0.5516
0.0000
2.6254
0.0000
0.0000
0.0000
0.0000
0.0000
0.1176
0.0000
0.0662
0.0000
0.0000
1.1826
0.0000
0.0000
0.0000
0.0000
0.0000
0.0000
0.0000
4.0044
0.2322
0.0000
0.0000
0.0000
0.0000
0.0000
0.0000
0.0000
0.0000
0.0000
2.3900
0.2024
0.0000
0.0000
0.8678
0.0000
0.0000
0.5212
0.0000
0.0000
0.0000
1.4754
0.0000
0.0000
0.0000
0.1965
0.3176
4.6589
0.3919
0.0000
0.0000
0.6541
0.0000
0.0000
0.0000
0.0000
2.0996
0.0000
0.0000
0.0000
0.0000
0.0000
0.0000
0.0000
0.0000
0.0000
0.0000
0.0000
1.5779
0.0000
4.0399
0.0000
0.0000
1.7934
0.0000
0.0000
0.0000
0.0000
0.6744
0.0000
0.0000
0.0000
0.0000
0.0000
0.0000
0.0000
0.0000
0.0000
1.0695
0.0000
0.0000
0.0000
0.0000
0.0000
0.0000
0.0000
0.0000
0.0000
0.0000
0.0000
0.5437
0.8286
0.0000
0.2714
0.0000
0.0000
0.0000
0.0000
0.0000
0.0000
3.7266
0.0000
0.0000
0.0000
0.0000
0.0000
0.0000
0.0000
0.7423
0.0000
0.0000
0.4272
0.0000
0.0000
2.2706
0.0000
1.7245
2.0181
0.0000
0.0000
0.0000
0.0000
0.0000
0.0000
0.0000
0.0000
0.0000
0.0000
2.0817
0.0000
0.0000
0.0000
0.0000
0.0000
0.0000
0.2071
0.0000
0.0000
0.0000
0.0000
0.0000
0.0259
0.0000
0.1259
0.0000
0.0000
0.7145
0.0000
0.0000
0.1610
0.0000
0.4416
0.0000
0.0000
0.0000
0.0000
0.0000
0.0000
0.1869
0.2510
0.0000
1.5307
0.5982
0.1139
0.0000
0.0000
0.0000
0.0000
0.0000
0.0000
0.0976
1.1848
0.0000
0.0000
2.6407
2.6316
0.0000
0.0000
0.0000
0.0000
0.0000
0.0000
0.3897
0.0000
0.0000
0.0000
0.0000
0.0000
1.1873
0.0000
0.0000
0.0000
0.0000
0.0000
0.0000
1.8961
3.0480
0.0000
0.0000
0.0000
0.0000
0.0000
0.0000
0.0000
0.0000
0.0000
0.0000
0.6986
0.0000
0.0000
3.3729
0.0000
0.0000
0.0000
0.0000
0.0000
0.0000
0.0000
0.0000
0.0000
1.1399
0.0000
0.0000
5.3332
2.3859
0.0000
0.0000
0.0000
0.0000
0.0000
0.0000
0.0000
0.0000
0.8290
0.0000
0.0000
0.0000
0.0000
0.1957
0.0000
0.0000
0.0000
1.6202
1.7972
0.0000
0.8342
0.0000
4.3824
0.0000
0.7078
0.0000
0.0000
0.0000
0.0000
1.0773
0.0000
0.0000
0.0000
0.0000
1.7408
0.0000
0.0000
0.0000
0.0000
0.0000
0.0288
3.2431
0.0000
2.5773
0.0000
0.9370
0.0000
0.0000
0.0000
0.4296
0.0000
0.9763
0.0000
0.0000
2.0679
0.0000
2.7996
3.9929
0.4950
3.6320
0.0000
0.0000
0.0329
0.7854
0.0000
0.0000
0.0000
0.0000
0.0000
0.0000
0.0000
0.9627
3.0422
0.0000
0.0000
0.0000
0.0000
0.0000
1.4601
0.0000
0.0000
0.0000
1.4280
0.0000
3.4607
0.0000
3.6709
0.0000
0.0000
0.0000
1.4013
0.2736
1.6852
0.0000
1.9883
0.0000
0.0000
0.0000
0.0000
2.1486
0.0000
0.0000
0.1186
0.0000
0.0000
1.3768
0.0000
1.7438
0.0000
0.0000
0.0000
3.0264
0.0000
0.0000
0.0000
0.0000
0.0000
0.0000
0.0000
3.0380
0.0000
0.0000
0.0000
0.0000
0.0000
0.0000
0.0000
0.0000
0.0000
0.0000
0.0000
0.0000
0.0000
4.3947
1.6923
0.7123
0.0000
0.9551
0.0000
0.2016
1.1857
0.0000
0.0000
2.2433
0.0000
0.0000
0.0000
0.0000
0.0000
1.5160
0.0000
0.0000
1.8243
0.0000
0.0000
0.0000
0.0000
0.0000
0.8386
0.0000
0.5433
0.0000
0.0000
0.8594
0.3087
0.0000
0.0000
0.8684
0.0000
0.0000
1.3136
0.0000
1.2250
0.0000
0.0000
0.0000
0.0000
0.9311
0.0000
0.0000
0.0000
0.0000
0.0000
0.7081
0.1420
0.0000
0.0000
0.0000
0.0000
1.6981
0.0000
0.0000
0.0000
0.0000
0.0000
0.3379
0.0000
0.3013
0.0000
0.0000
0.0000
0.0000
0.3392
0.0000
0.0000
0.0000
0.0000
0.0000
0.0000
0.0000
0.0000
0.0000
0.0000
0.0000
0.0000
0.0000
0.0000
3.4911
0.0000
1.7069
0.0000
0.0000
0.3543
0.0000
0.0000
0.0000
0.0000
0.0000
0.0000
0.0456
0.0000
0.0000
0.4855
0.0000
0.0000
0.0000
0.0000
0.0000
0.0000
2.0634
0.0000
0.0000
0.0892
2.6404
0.0000
0.0000
2.0862
3.3384
2.7495
0.0000
0.0000
0.0000
0.0000
0.0000
0.6108
0.0000
0.0000
0.0000
0.0000
0.0000
0.0000
1.3683
0.0000
2.2217
0.0000
0.0000
0.0000
0.0000
0.0000
0.0000
0.2434
0.0000
0.0000
2.2001
0.6361
0.0000
0.0000
0.0000
0.0000
0.0000
0.0000
0.0000
0.0000
3.1115
0.0000
1.5275
1.3029
0.0000
0.0000
0.0000
0.0000
0.0000
0.0000
0.0000
0.0000
0.0000
3.1106
0.0000
0.0000
0.0000
0.0000
0.0000
0.0000
0.0000
0.0000
1.7985
0.1322
0.0000
0.0000
0.3571
0.0000
0.0000
0.0000
0.0000
0.1192
0.0000
0.0000
0.2257
0.0000
0.0000
0.0000
2.3663
0.0000
0.0000
0.0000
2.3351
0.0000
1.4428
0.0000
0.0000
1.8653
0.0000
0.0000
0.0000
0.0000
0.0000
2.5659
0.0000
0.6361
0.0000
0.0000
0.0000
0.0000
0.0000
0.3323
1.8894
0.0000
0.0000
0.0000
0.0000
0.0000
0.0000
0.4910
0.0000
0.0000
0.0000
0.0000
0.0000
0.0000
1.1774
0.0000
0.0000
1.0847
0.0000
0.0000
2.8542
0.0000
0.0000
0.0000
0.6250
0.0000
0.0000
0.0000
0.0000
0.0000
1.6974
0.0000
0.0000
0.6716
0.0000
0.0000
0.0000
0.0000
0.0000
0.0000
0.7775
0.0000
0.0000
2.3976
0.0000
0.0000
0.0000
1.7638
0.0000
0.0000
0.0000
0.0000
0.6116
0.0000
0.0000
0.0000
0.0000
0.0000
0.0000
0.0000
0.0000
0.2442
0.0000
0.4763
0.0000
2.5134
0.0000
0.4823
0.0000
0.0000
0.0000
0.0000
0.0000
0.0000
0.0000
0.0000
0.0000
0.0000
0.0000
0.1740
0.0000
0.0000
0.0000
0.0000
0.0000
0.0000
0.0000
0.0000
0.0000
0.0000
0.0000
0.0000
0.0000
0.0000
0.0000
0.0000
1.0311
3.1462
0.0000
2.1410
0.0000
0.0000
0.0000
0.0000
0.0000
0.0000
0.0000
0.0000
0.0000
0.0000
0.7589
1.6662
0.0000
0.0000
0.0000
0.0000
0.0000
0.0000
2.8872
0.0000
2.6262
0.0000
0.0000
1.0770
0.0000
0.9287
0.9698
5.3513
0.3698
0.0000
0.0000
0.0000
0.0000
0.0000
0.0000
0.1227
0.0000
0.0000
0.0596
0.0000
0.0000
0.0000
0.0000
0.0000
0.0000
1.6242
0.0000
0.8467
0.0000
2.7611
0.0000
0.0000
0.0000
0.0000
0.0000
2.0087
0.0000
0.0000
1.6609
0.0000
0.0000
0.0000
0.1506
0.0000
0.0000
0.0000
0.0000
0.0000
0.0000
0.0000
0.0000
0.0000
0.0000
0.0000
0.0000
1.6907
0.0000
3.3239
0.0000
0.0000
0.0000
0.0000
0.0000
0.0000
0.0000
0.0000
0.0000
0.0000
2.9981
0.0000
3.8681
1.7168
0.0000
0.0000
0.0000
0.8511
0.0000
0.0000
0.0000
0.0000
0.0000
0.0000
0.0000
0.0000
0.6507
0.0000
0.0000
0.0000
0.0000
0.0000
0.0000
0.0000
0.0000
0.7788
4.9707
0.0000
0.0000
0.6318
0.0000
2.3147
0.0000
0.0000
0.0000
0.0000
0.7546
0.2482
0.0000
0.0000
0.0000
0.0000
3.4472
0.3187
0.0000
1.1159
0.0000
0.0000
0.0000
2.5541
0.0000
0.0000
5.2171
0.3702
0.2538
0.0000
0.0000
0.0000
0.0000
0.4353
5.9973
0.9761
0.0000
0.0000
0.0000
0.0000
0.0000
0.0000
0.0000
0.0818
0.0000
0.0000
0.0000
0.0000
0.0000
0.0000
0.0000
0.8614
0.0000
0.0000
0.0000
0.0000
0.0000
0.6679
0.0000
0.0000
0.0000
0.1177
0.0000
0.0000
0.5107
2.1590
0.0000
0.0000
0.0000
0.0000
0.6349
0.0000
0.6186
1.5462
0.3044
0.6486
0.0000
0.0411
0.0000
0.0000
0.6212
0.0000
0.8843
0.3169
0.0000
0.0000
0.0000
0.0000
0.0000
4.5716
0.0000
0.0000
0.0000
0.0000
0.0000
0.0000
0.0000
0.0000
0.0000
0.0000
0.8088
0.0000
0.0000
0.0000
0.0000
0.7888
0.0000
0.0000
3.4145
0.6272
0.0000
0.0000
0.9709
1.0299
0.0000
0.0000
0.0000
1.8493
0.0000
1.4257
0.0000
0.0000
0.0000
0.0000
0.0000
0.0000
0.0000
0.0000
0.0000
0.8559
0.0000
0.0000
0.0000
0.9074
0.0000
1.3879
1.9381
0.0453
0.0000
0.0000
0.0000
1.4209
0.0000
0.0000
0.0000
0.8904
0.3841
0.0000
0.0000
0.0000
0.0000
0.0000
0.0000
0.0000
0.0000
0.0000
0.0000
0.0000
0.0000
0.0000
0.9955
0.0000
1.3736
0.0000
0.0000
0.9470
0.0000
0.9735
0.0000
0.0000
0.0000
0.0000
1.4164
1.7507
3.3475
0.0000
0.0000
0.0000
0.0000
0.0000
0.0000
0.0000
0.0000
0.0000
0.0000
0.0000
0.0000
0.0000
0.0000
0.0000
0.0000
0.6669
0.0000
0.0000
0.0000
0.0000
0.0000
0.0000
0.0000
0.6665
0.0000
0.0000
1.4697
0.0000
0.0000
0.0000
0.0000
0.0000
0.0000
0.0000
0.0000
0.0000
0.0000
0.0000
0.0000
2.1177
0.0000
1.4045
0.0000
2.5692
0.0000
0.9230
0.0000
2.9098
0.0000
0.0000
0.0000
0.4389
0.0288
1.1546
2.1930
2.2463
0.0000
0.0000
0.0000
3.4723
0.0000
0.0000
0.0000
0.0000
0.0000
0.0000
0.0000
0.2023
0.0000
0.4465
0.0210
0.0000
0.0000
0.9338
0.0000
1.4063
0.0000
0.0000
0.0000
0.0000
0.0000
0.0000
0.0000
3.3103
0.0000
0.0000
2.9775
0.0000
0.0000
2.0658
0.0000
0.0000
0.7473
1.7657
0.8139
0.0000
1.5203
0.0000
3.1287
2.0047
0.0000
1.2955
0.0000
0.0000
0.0000
0.0000
0.0000
0.0000
0.0000
0.0000
0.1629
0.1984
1.8787
0.0000
0.0000
2.1706
0.0000
3.6110
0.0000
0.0000
0.0000
0.0000
0.0000
0.0000
0.0000
0.0000
0.0000
0.6957
1.0050
0.0000
2.1788
0.1297
0.2716
0.0000
0.0125
0.0000
0.0000
0.0000
0.1186
0.8819
0.0000
0.0000
0.5419
0.0000
0.0000
2.6852
0.0000
0.0000
0.0000
0.0000
0.0000
0.0000
0.0000
0.0000
0.0000
0.0000
0.0000
0.0000
0.0000
0.0000
0.3724
0.0000
0.0000
0.0000
1.7266
0.0000
4.1992
3.1265
2.2764
0.0000
0.0000
0.0000
0.0000
0.0000
0.0000
2.3712
0.0000
0.0000
0.0000
0.0000
0.0000
0.0000
0.4762
0.0000
0.0000
0.0000
0.0000
0.0000
1.8250
0.0000
1.1372
0.0000
0.0000
1.4248
0.0000
0.0000
0.0000
0.0000
0.7060
0.0000
0.0000
0.0000
0.0000
0.0000
0.0000
0.7731
0.0000
0.0000
0.0000
0.0000
0.0000
0.4489
0.3784
0.0000
0.0000
0.0000
0.6504
0.0000
0.0000
0.0000
2.6877
0.0000
0.0000
0.0000
0.4331
0.0800
0.0000
0.0000
0.0000
3.5383
0.0000
0.0000
0.0000
0.0000
0.0000
3.1301
0.0000
0.0000
0.0000
0.0000
0.0000
0.0000
0.9840
1.4821
0.0000
0.0000
0.0000
0.0000
0.0000
0.0000
0.0000
0.8460
0.0000
1.6224
0.0000
0.0000
0.0000
0.0000
1.0078
2.2779
0.0000
0.2493
1.0210
0.0000
0.0000
0.0000
3.5835
2.7345
0.0000
0.0000
0.0000
0.0000
0.0000
0.0000
0.9083
0.0000
0.1696
0.0000
0.0001
0.0000
0.0000
0.0000
0.0000
0.0000
0.2175
0.0000
0.0000
2.4847
0.0000
0.0000
2.5239
3.0808
1.1563
0.0000
0.8658
0.0000
0.0000
0.0000
0.0000
0.0000
3.9343
1.0342
0.0000
1.0548
1.7971
0.0000
0.0000
0.0000
0.6261
0.0000
0.0000
0.0000
0.8240
0.0000
0.0000
0.0000
0.0000
0.0000
1.3409
0.0000
0.0000
0.0000
0.0000
4.0664
0.0000
3.9729
0.6252
0.0000
0.0000
0.0000
3.8976
0.0000
0.0000
0.0000
1.1632
0.9584
0.0000
0.0000
0.0000
0.0000
0.0000
0.0750
1.7153
0.0000
0.0000
0.0000
0.0000
0.6277
1.5521
1.1166
0.0000
0.0000
0.0000
0.5619
1.7045
0.0000
0.0000
0.0000
0.0000
0.0000
0.0000
0.0000
0.0000
0.0000
0.0000
0.0000
0.0000
1.4852
0.0000
0.0000
0.2633
0.5803
0.0000
1.3771
0.0000
0.0000
0.0000
0.0000
0.0000
1.5810
0.0000
0.0000
0.0000
2.4658
0.0000
0.0000
0.0000
0.0000
0.0000
0.0000
0.0000
0.0000
0.0000
0.0000
0.0000
0.0000
0.0000
0.0000
3.0190
0.0000
0.0000
0.0000
0.0000
0.0000
0.0000
0.0000
1.6659
0.0000
0.0000
0.0000
0.0000
0.0000
0.0000
0.0000
0.0000
0.0000
0.0000
0.0000
0.0000
0.0000
0.0000
0.6480
0.0000
0.0000
1.2608
0.0000
0.0000
0.0000
0.0000
0.5124
0.0000
0.0000
0.0000
0.0000
1.8908
4.3771
0.0000
4.5594
0.0000
1.7458
0.0000
0.0000
0.0000
0.0000
0.0000
0.0000
0.0000
0.0000
0.1438
0.0052
0.3215
1.9200
1.6164
0.0000
0.0000
0.0000
0.0000
1.7622
0.0000
0.0000
0.8159
0.0000
0.0000
0.0000
0.0000
0.0000
0.0000
0.4203
0.0000
0.0000
0.0000
1.4126
0.0000
0.0000
0.0000
0.0000
0.0000
0.0000
0.0000
0.0000
0.0000
0.0000
0.0000
1.6113
2.0122
0.0000
0.9155
0.1496
0.2560
0.0000
0.0000
0.0000
0.0000
0.0000
1.9398
3.1104
0.0000
0.0000
0.0000
0.0000
0.0000
0.0000
0.0000
0.0000
0.0000
0.0000
0.0000
0.0000
0.0000
0.0000
0.0000
0.0000
1.2316
0.0000
0.0000
2.1560
0.0000
0.7344
0.3792
0.0000
0.0000
0.0000
1.2570
0.0000
0.0000
0.0000
1.4083
0.0000
0.0000
0.0000
0.0000
0.0000
0.0000
2.0499
0.0000
0.0000
0.0000
0.0000
0.0000
0.0000
0.0790
0.0000
0.0000
0.0000
0.0000
0.0000
3.0421
0.0000
0.0000
0.0000
4.0927
0.8469
0.0000
0.0000
3.2758
0.0000
0.0000
1.1122
0.0000
0.0000
0.0000
2.1431
1.1563
0.0000
0.0000
0.0000
0.0000
4.3962
0.0000
0.0000
0.0000
0.0000
0.0000
1.3364
1.2832
0.0000
2.2980
0.0000
0.0000
0.0000
0.0000
0.0000
0.0000
0.0000
2.8899
0.0000
0.0000
0.0000
0.0000
0.0000
0.0000
0.0000
1.3304
0.0000
0.0000
0.0000
0.2379
0.0000
0.4790
0.0000
0.0000
0.0000
1.9488
0.0000
0.0000
1.3778
0.0000
0.0000
1.2748
0.7150
1.1754
0.0000
0.0000
0.5618
0.0000
0.3567
0.0000
0.0000
0.0000
0.0000
0.6138
0.8465
0.0000
0.0000
0.0000
0.0000
0.0000
1.0845
0.0000
0.0000
0.0000
0.0000
0.0000
0.0000
0.0000
0.3162
0.0000
0.0000
0.8053
0.1205
2.3492
0.0000
0.0000
0.0000
0.0000
1.3782
0.0000
0.0000
0.0000
0.0000
0.0000
0.0000
0.0000
0.7413
1.2985
0.0000
0.0596
0.0000
2.9388
5.6291
0.0000
1.9276
0.0000
0.0000
0.0000
0.0000
0.5429
0.0000
0.0000
0.0000
0.0000
0.0000
0.0000
0.0000
0.0000
0.0000
0.0000
0.0000
0.0000
0.0000
0.0000
0.0000
0.0000
0.0000
2.8632
0.0000
0.0251
0.1550
0.0000
0.0000
0.0000
0.0000
0.4157
0.8889
0.0000
0.0000
3.0722
0.0000
0.9683
0.0000
2.5816
0.0000
0.0000
1.7336
0.0000
0.0000
0.0000
0.0000
0.0000
0.0000
0.0000
0.0000
4.9572
0.0000
0.0000
0.0000
0.0104
0.0000
0.0000
0.0000
0.3027
0.0000
0.0000
0.0000
0.0000
0.4453
0.0000
0.0000
0.0000
0.9805
0.0000
0.0000
0.0000
0.0000
0.0000
0.0000
0.0000
0.0000
0.0000
0.0000
0.0000
0.0000
0.0000
4.0027
0.0000
0.0000
1.3084
0.0000
0.0000
0.0000
0.0000
0.0000
0.0000
0.0000
0.0000
0.5079
0.0000
0.0000
0.0000
0.0000
1.1760
0.0000
0.0000
0.0000
0.0000
0.0000
0.0000
0.0000
0.0891
0.0000
0.0000
0.0000
0.0000
0.0000
0.0000
0.5170
0.0000
0.3771
0.0000
0.0000
0.0000
0.0000
0.0000
0.0000
0.0000
0.5083
0.0000
0.0000
0.0000
0.0000
0.0000
0.0000
0.0000
0.0000
4.8325
0.0000
0.0000
0.0000
0.0000
2.6358
1.8282
0.0000
0.0000
0.0000
0.0000
0.8591
0.6640
0.0000
0.0000
0.0000
0.0000
0.0000
0.0000
0.0000
0.0000
0.0000
0.0000
0.3245
0.7884
0.0000
0.0000
0.0000
0.0000
2.0037
0.0000
0.0000
0.4757
0.0000
1.4868
0.0000
0.0000
0.0000
1.7395
0.0000
0.0000
0.0000
0.0000
1.8211
0.0000
0.0000
2.2920
0.0000
0.2199
0.0000
0.0000
0.0000
0.0000
0.0000
0.0000
0.0000
0.0000
1.2506
0.2090
0.0000
0.0000
1.4680
0.0000
0.0000
0.0000
0.0000
0.0000
0.1937
0.0000
0.0000
0.0000
0.0000
0.0000
1.4675
0.0000
1.0569
0.0000
0.0000
0.0000
0.0000
0.0000
0.0000
0.0000
0.0000
0.0000
4.2190
0.0000
0.0000
0.0000
0.0000
0.0116
0.0000
0.1229
2.6066
0.0000
0.0000
0.0000
0.0000
0.0000
0.6852
0.0000
0.0000
0.0000
3.3335
0.0000
0.0000
0.2689
0.0000
5.1556
0.0000
0.0000
0.0000
0.0000
0.0000
0.0000
0.1431
0.0000
2.8352
0.0000
4.0849
1.4512
0.0000
0.0000
0.0000
1.3177
0.0000
1.2337
0.0000
0.0000
0.0000
0.0000
0.0000
0.7468
0.0000
0.0000
0.0000
0.0000
0.0000
0.0000
0.7971
0.0000
0.0000
0.0000
2.6323
0.0000
0.0000
0.0000
0.1487
0.0000
0.0000
0.0000
0.0000
0.5036
0.0000
0.0000
0.0000
2.5717
1.6163
3.0776
0.0000
0.9188
1.5388
1.9290
0.0000
0.0000
0.0000
0.0000
0.0000
0.6921
0.0000
0.1257
2.3330
0.0000
0.0000
0.0000
0.0000
0.8007
0.2008
0.0000
2.0776
0.0000
0.0000
0.0000
1.6947
0.0000
1.0489
1.9957
0.0000
0.0000
1.6703
0.0000
1.2608
0.0000
0.0000
1.1149
0.0000
0.0000
0.0617
0.0000
0.0000
2.3948
0.0000
0.0000
0.0000
0.0000
0.0000
0.0000
0.0000
0.0000
0.3361
2.1980
0.0000
0.5494
0.0000
0.8223
0.0000
0.0000
0.2807
0.0000
0.0000
0.0000
0.8871
0.0000
0.0000
0.8883
0.0000
0.0000
0.9215
0.1451
0.0000
0.0000
2.0763
0.0000
0.0000
0.0000
0.1219
0.7532
0.0000
2.6114
0.4630
0.0000
3.1325
0.0000
0.0000
0.0000
0.0000
0.2610
0.0000
0.0000
0.0000
0.0000
2.7382
0.0000
0.0000
0.9737
0.0000
0.0000
0.0000
0.9343
0.0000
0.0000
0.0000
0.0000
0.0000
0.1035
0.0000
0.0000
0.0000
1.0263
0.0000
0.8784
1.7000
0.0000
0.0000
0.4006
0.0000
0.0000
0.0000
0.0595
0.0000
0.8646
0.0000
0.0000
3.7310
0.0000
0.0000
0.0000
0.0000
1.3000
0.6389
0.3260
0.5633
0.0000
0.0000
3.1767
0.0000
0.0000
0.0000
0.0000
0.0000
0.6818
0.0000
0.0000
0.0000
0.0000
0.0000
0.0000
0.4621
0.0000
0.0000
0.0000
0.4809
0.3033
0.0000
0.4117
0.9503
2.4560
1.0893
1.2286
0.0000
0.0000
0.0000
0.0000
0.7583
0.4498
0.0000
0.0000
0.0000
0.0000
0.0000
0.0000
3.6559
0.7264
0.0000
0.0000
0.0000
0.0000
2.4905
0.0000
0.0000
0.0000
0.0000
0.0000
0.0000
0.0000
0.0000
0.0000
0.0000
0.0000
0.0000
0.0000
1.8490
0.0000
0.0000
1.1798
0.0000
0.0000
0.1157
0.0000
0.0000
0.0000
0.0000
5.1785
0.0000
0.0000
0.0000
1.4822
0.0000
0.0000
0.0000
2.0565
0.7525
0.0000
1.1039
5.4400
1.2370
0.0000
0.0000
0.0000
0.0000
0.0000
0.0000
1.8079
0.0000
0.0000
4.3061
0.0000
1.1758
0.0000
0.0000
0.0000
0.0000
0.0000
0.0000
0.0433
0.0000
0.8371
0.0000
0.0000
0.6962
0.5364
0.0000
0.0000
0.0000
0.0000
0.4429
0.0000
0.0000
0.0000
0.0049
1.9826
0.0000
0.0000
0.0000
0.0000
0.4364
0.0000
0.3832
1.4757
0.0000
0.0000
0.0000
0.0000
0.0000
0.0000
0.0000
0.0000
0.0000
0.0000
0.0000
0.0000
0.0000
0.0000
0.0000
0.0000
2.6910
0.0000
0.0000
0.0000
0.0000
0.0000
0.0000
0.0000
0.2316
0.0000
0.9164
0.0000
0.0000
0.0000
0.0468
0.0000
0.0000
0.2554
0.7066
0.8129
0.0000
0.0000
0.0000
0.8727
0.0000
0.0000
0.0000
0.0000
0.0000
0.0000
0.0000
0.0000
0.0000
0.0000
0.0000
0.0000
0.0000
0.0000
0.0000
0.5196
0.0000
0.0000
1.1562
2.6750
0.0000
0.0000
1.9003
0.0000
0.0000
3.9656
0.1603
2.5600
1.6562
1.5565
0.0000
0.2616
0.0000
0.0000
0.3732
0.6544
0.0000
0.0000
0.0000
0.0000
0.0000
0.0000
0.0000
3.0044
0.0000
0.3471
0.0000
1.6502
1.8293
0.0000
0.0000
5.5111
0.6284
0.0000
0.0000
0.0000
0.0000
0.0000
5.6086
0.0000
0.0000
0.0000
0.2114
1.1446
0.0000
0.0000
0.7409
0.0000
0.0000
1.8559
0.0000
0.3786
0.0000
0.9377
0.0000
0.0000
2.3586
0.0000
0.0000
0.0000
0.0000
0.2981
4.0238
0.0000
0.0000
0.8695
0.4967
1.8965
0.0000
0.0000
0.0000
0.0000
1.3564
0.0000
0.0000
0.0000
0.0000
1.1838
3.7404
0.5529
0.0000
0.0000
0.0000
0.0000
1.4612
0.6410
0.0000
0.0000
0.0000
0.0000
0.3518
0.0000
0.0000
0.0000
1.0175
0.0000
0.0000
1.8474
0.0000
0.0000
0.0756
0.0000
0.0000
0.0000
0.0000
2.2642
0.0000
0.0000
0.7142
0.0000
1.1024
0.0000
1.5771
0.0000
0.0000
1.0871
0.0000
0.0000
0.0000
0.3831
0.0000
0.6850
0.0000
0.0000
0.0000
0.0000
0.0000
0.0000
1.1102
1.9332
0.2631
0.0000
0.1300
0.0000
0.0000
0.0000
0.0000
0.0000
0.0000
1.8707
0.0391
0.0000
0.0000
3.9078
0.0000
1.5168
0.2471
0.5757
0.0000
0.0000
0.0000
0.1305
0.0000
0.0000
0.0000
0.0000
1.3596
0.0000
0.0000
0.0000
0.0000
0.0000
0.0698
0.0000
0.0000
0.0000
0.0000
0.0000
0.0000
0.0000
3.9338
0.0000
0.0000
0.0000
4.1664
0.0000
1.5413
0.0000
0.0000
0.0000
0.0000
0.0000
0.0000
0.0000
0.0000
0.0000
0.0000
1.1102
0.0000
0.0000
0.0000
0.0000
0.0000
0.0000
0.0000
0.0000
0.0000
0.0000
0.0000
0.0000
0.0000
0.0000
0.0000
0.0000
0.0000
0.0000
0.0000
0.0000
0.0000
0.0000
0.0000
0.0000
0.2472
0.0000
2.0595
0.0000
0.0000
0.6386
0.0020
0.0000
0.0000
0.0000
0.0000
0.8856
0.0000
0.1015
0.0000
0.0000
0.0000
1.8037
2.8414
0.0000
0.0000
0.1580
0.0000
0.0000
3.5611
0.0000
0.6352
0.0000
0.0000
0.0000
0.0000
0.0000
0.0000
2.4680
0.0000
0.0000
0.0000
0.0000
0.0000
0.1828
0.0000
0.0000
0.0000
0.0000
0.0000
0.0000
0.0000
0.0000
0.7711
0.0000
1.3930
0.0000
0.0000
0.0000
1.3005
0.2429
0.0000
0.0000
0.0000
0.0000
1.2422
0.8476
2.6299
0.0000
1.1519
0.0000
0.7956
0.0000
2.4348
0.0000
0.0000
0.0000
0.0000
0.0000
0.3182
0.0000
0.0000
0.0000
0.0000
0.0000
0.8390
0.0000
0.0000
0.0000
0.0000
0.0000
0.0000
0.0000
0.0000
0.0000
2.6668
0.2962
0.0000
0.0000
0.0000
0.0000
0.0000
1.3767
0.0000
0.0000
0.0000
0.6272
0.0000
0.0000
0.0567
0.0000
0.0000
0.0000
0.0000
2.0763
0.0000
0.0000
0.0000
0.0000
0.0000
0.0000
0.0000
0.0000
0.0000
0.0000
0.0000
0.0000
0.0000
0.0000
0.0000
0.0000
0.0000
0.0000
0.0000
0.8793
0.0000
0.0000
0.0000
0.0000
0.0000
0.0000
0.0000
0.0000
0.0000
0.0000
0.0000
0.0000
0.0000
0.0000
0.0000
0.3815
0.1709
0.4490
0.0000
0.0000
0.7020
0.0000
0.0000
0.0506
0.0062
0.0000
0.0000
0.0000
1.9794
0.8304
0.0000
0.0000
1.3091
1.9951
2.5814
0.0000
0.0000
0.0000
0.0000
0.3316
0.0000
0.0000
0.0000
0.0000
1.8110
0.0000
0.0000
0.0000
0.5658
0.0000
2.8584
0.0000
2.7939
1.2353
0.0000
0.0000
1.2491
0.0000
2.1565
0.0000
0.6983
0.0000
0.0000
0.0000
0.0000
1.6943
0.0000
0.3365
2.0469
0.0000
0.0000
0.0000
0.0000
3.2646
0.9569
0.0000
0.0000
0.0000
0.0000
0.0000
0.0000
3.1236
0.5856
0.0000
0.9831
0.0000
0.0000
0.0000
0.5576
1.6446
1.3399
0.0000
0.0000
0.1714
0.0000
0.0000
5.4945
0.0000
0.0000
0.0000
0.0000
2.5484
0.0000
0.0000
0.0000
0.0000
0.0000
0.0000
2.1993
0.0000
0.0000
3.3630
0.0000
0.0000
0.0000
0.0000
0.7364
0.0000
1.4449
0.0000
0.0000
0.0000
0.6007
0.1771
0.0000
0.0000
0.0000
0.0000
0.0000
0.0000
3.9168
0.0000
0.1577
0.0000
0.0000
0.5034
0.0000
0.0000
0.0000
0.0000
0.0000
0.0000
4.0194
0.0000
0.0000
0.0000
0.0000
0.0000
0.0000
0.8080
0.0000
0.0000
0.0000
0.2024
0.0000
0.0000
0.0000
0.0000
3.8468
5.5396
0.0000
0.1573
0.0000
0.0000
0.0000
0.0000
0.0000
0.1505
0.0000
0.0000
1.8431
0.0000
0.9343
0.2913
0.9155
0.0000
0.0000
0.0000
0.0000
3.1083
2.7217
0.0000
0.0000
0.0000
0.0000
0.0000
0.2434
0.0000
4.3739
0.0000
4.1208
0.0000
0.0000
0.0000
0.0000
1.0250
0.0000
0.0000
0.6004
0.0000
0.0000
0.0000
0.0000
0.0000
3.5215
0.0000
0.0000
0.0000
0.0000
0.0000
0.0000
0.0000
0.0000
0.0000
0.0000
1.9982
0.0000
0.0000
0.0000
0.0000
0.0000
0.0000
0.0000
0.0000
0.6333
0.0000
0.9416
0.8982
2.8710
2.3353
0.0000
0.0000
2.0210
0.0000
0.0000
0.0000
0.0000
0.0000
0.0000
0.5488
0.2636
0.0000
0.0000
0.0034
0.0000
0.0000
0.0000
0.0000
0.0000
0.0000
1.9473
0.5608
0.3371
0.0000
0.0000
3.4796
0.0000
0.0000
0.0000
0.9072
1.4398
0.5404
0.0000
0.0000
0.0000
0.0000
1.0616
0.0000
0.0000
0.3584
2.1069
0.0000
0.6479
0.0000
0.0000
0.0000
0.0000
0.0000
0.0000
0.0000
0.0000
0.5334
0.0000
0.0000
0.0000
0.2494
0.0000
0.0000
0.7967
0.0000
0.0000
0.0000
0.0000
0.0000
0.0000
0.0000
0.1064
4.2942
0.0000
0.0000
3.0079
0.0000
0.0000
0.0000
0.0000
0.0000
0.0000
0.0000
0.0000
0.0000
0.0000
0.0000
0.0000
0.1209
0.0000
0.0000
2.4233
0.6038
0.6982
1.7116
0.0000
0.0000
0.0000
0.0000
3.3715
0.0000
0.8031
0.0000
0.0000
0.0000
1.1990
0.8087
0.0000
0.0000
0.0000
0.0000
0.0000
0.0000
0.0000
0.0000
0.0000
0.0000
0.0586
1.7901
0.0000
0.0000
0.0000
0.0000
0.0000
2.9620
0.3231
0.0000
0.3084
0.0000
0.0000
0.0000
0.0000
0.3378
0.0000
0.0000
0.0000
0.0000
0.0000
4.6338
0.0000
2.5787
0.0000
0.0000
0.0000
0.0000
0.0000
0.0000
0.0000
0.0000
0.0000
0.0000
0.0000
1.9968
0.0000
0.0000
0.0000
0.0000
0.2768
1.9350
0.7302
0.0000
0.0000
0.0000
0.0000
0.0000
0.7457
0.1787
1.8253
0.0000
0.0000
0.0000
0.0000
0.0000
0.0000
0.0734
0.0000
0.0000
0.0000
0.0000
0.0000
0.0000
0.0000
0.3126
0.0983
0.0000
0.0000
0.0510
0.0000
0.0882
0.0000
4.4797
0.0000
0.0000
2.1329
0.0000
0.0000
0.0000
2.0936
0.0000
0.0000
0.0000
0.0000
2.5082
2.5496
1.8240
0.0000
0.0000
0.0000
0.0000
0.0000
0.0000
0.0000
0.0000
0.1821
0.0000
0.0000
0.0000
0.0000
0.0000
1.5378
0.0000
0.0000
0.0000
0.0000
0.0000
4.3404
0.0000
0.0000
3.8982
2.2512
0.0000
0.0000
0.0000
0.0000
0.0000
0.0000
0.2402
0.0000
0.0000
1.4264
0.4647
0.0000
1.6977
0.9391
0.0000
0.7336
0.0000
0.0000
0.0000
0.0000
0.0000
0.0000
0.0000
3.4639
0.0000
0.0000
0.0000
0.0000
0.0000
0.0000
0.0000
0.0000
0.0000
0.0000
0.0000
0.0000
0.0000
0.0000
0.5821
0.4172
0.0000
0.0000
0.0000
0.0000
0.0000
0.0000
0.0000
2.4609
0.0000
0.0000
0.0000
0.0000
0.0000
0.6894
0.0000
0.0000
0.4927
0.0000
0.0000
0.0000
0.0000
0.0000
0.0000
0.0000
0.0000
0.0000
0.0000
0.0000
0.0000
1.6491
0.3497
0.0000
0.0000
0.0000
1.7240
0.0000
0.0000
0.0000
0.0000
0.0000
2.8972
0.0000
0.0000
0.0000
3.4263
0.9490
0.0000
0.0000
0.0000
0.0319
0.0000
0.0000
0.0000
2.2402
0.0000
0.0000
0.0379
2.9775
0.0000
0.0000
0.0000
0.0000
0.0000
0.0000
3.4190
0.0000
0.0000
0.0000
0.0000
0.7121
0.0000
0.0000
0.3635
1.6907
0.0000
0.0000
0.3125
0.7762
0.0000
0.0000
0.0000
0.0000
0.0000
2.2055
0.0000
4.9381
0.0000
0.0000
0.6158
0.0000
2.7190
0.0000
1.0300
0.0000
0.0000
0.5572
0.0000
0.0000
0.0000
0.0000
0.0000
0.0000
2.1860
0.0000
0.0000
0.0000
0.0000
0.0000
0.0000
0.0000
0.0000
0.0000
0.0000
1.6513
1.0582
0.0000
0.3815
1.3637
0.0000
2.2079
0.3395
0.0000
2.5840
1.0850
0.0000
0.0000
1.9678
0.0000
4.5633
0.0000
1.4674
0.0000
0.9630
0.0000
0.0000
0.0000
0.0000
0.0000
0.0000
0.0000
0.0000
1.8443
1.0224
2.9933
0.0000
0.0000
1.8026
0.0000
0.0000
0.0000
0.0000
0.0000
1.1872
0.0000
0.0000
2.4398
0.0000
0.0000
0.0000
3.6519
1.5550
0.9064
0.0000
0.0000
0.0000
0.9309
0.5692
1.2315
0.0000
0.0000
0.0000
0.2888
0.4599
0.2959
0.0219
0.0000
0.0000
0.0000
0.0000
0.0000
1.2071
0.0000
0.0000
0.0000
0.0000
0.0000
0.0000
0.0000
0.1086
0.0000
0.0000
1.1521
0.2889
0.0000
2.7017
0.0000
2.4105
2.6564
0.0000
0.0000
0.0000
0.0000
0.0000
0.0000
0.0000
0.0000
0.0000
0.0000
0.0000
0.7219
0.4995
0.0000
0.0000
0.0000
0.0000
0.0000
0.6066
0.0000
0.3691
0.0000
3.3106
1.9358
1.3504
0.0000
0.0000
1.4266
0.0000
0.0000
0.0000
0.0000
0.5039
1.0282
0.0000
0.0000
0.0000
0.0000
0.0000
3.3089
0.0000
0.6146
0.0000
0.0000
0.0000
0.0000
0.0000
0.0000
1.9031
0.0000
0.1682
1.1618
0.0000
4.4942
0.5584
0.0000
0.0000
1.6553
1.1629
0.0000
0.0000
0.0000
0.0000
0.0000
0.0000
0.0000
0.0000
0.0000
0.0000
0.0000
0.0000
0.0000
0.0000
0.0000
0.0136
0.0000
0.0000
0.0000
0.0000
0.0000
2.1048
0.0000
2.5492
0.0000
1.9729
0.6216
0.0000
0.0000
0.8009
0.0000
0.0000
0.0000
0.0000
0.2386
0.2287
4.4660
0.8057
0.0000
4.8395
0.0000
1.6627
0.0000
0.0000
3.2912
0.2515
0.0000
0.0000
0.0000
0.0000
0.0000
0.3100
0.5443
0.0000
0.0000
0.0000
0.0000
0.0000
0.0000
0.0000
2.0678
0.0000
0.3622
0.0000
0.0000
1.9603
0.0000
