0.5066
0.0000
0.9379
0.4645
0.0000
0.0000
0.0000
0.0000
0.0000
2.6023
0.0000
0.0000
0.5414
0.0000
0.0000
0.0000
0.0000
0.0000
0.0000
0.0000
0.1662
0.0000
1.7553
3.0084
1.2717
1.7613
0.0000
2.3023
0.0000
0.0000
0.1164
0.0000
0.5606
0.0000
1.4271
0.0000
0.0000
0.0000
2.6053
2.3969
0.0000
0.0000
0.1052
0.0000
0.0000
0.0000
0.0000
0.0000
0.5244
0.3481
0.0000
0.0000
0.0000
0.0000
0.0000
0.0000
1.0430
0.2528
0.0000
0.0000
0.0000
1.8352
0.0000
1.1704
0.0000
0.0000
0.1252
0.1184
0.0000
0.1657
0.8971
2.5250
0.6754
0.0000
0.0000
1.8620
0.0000
0.0000
0.0000
0.0000
0.8420
0.0000
0.0000
0.0000
0.0000
0.0000
0.0000
2.5486
0.0000
0.0000
1.3511
0.0000
2.1326
1.1208
0.0000
0.0000
0.0000
0.0000
2.3814
0.0000
0.0000
0.0000
0.2297
0.0000
1.3648
0.0500
0.4346
0.0000
0.0283
3.0684
0.0000
0.0000
1.2504
0.0000
0.0000
0.0000
0.9531
0.0000
0.0000
0.0000
2.5880
0.4082
1.3428
0.6886
0.0000
0.0000
0.1457
0.7864
0.1481
0.0000
0.0000
0.0000
1.2401
0.0000
2.4647
0.0000
1.4394
0.9029
0.0000
1.9415
2.7102
0.0000
1.7812
1.1783
1.4510
0.0000
0.0090
1.4350
1.2794
0.0000
0.2729
1.0758
0.8599
0.0000
0.0000
1.0017
0.0000
0.8088
0.6221
0.0000
0.0000
0.0000
1.5876
0.0000
0.0000
0.4183
0.0000
0.0000
0.0000
2.2202
0.0000
0.0000
0.0000
0.0000
0.0000
0.0000
0.0000
0.8577
0.0000
4.2499
1.3810
2.6326
0.0000
0.0000
0.0000
0.0000
2.2871
0.0000
2.0947
1.2826
0.0000
0.0000
1.8684
0.0000
0.6564
0.0000
0.0000
0.0000
2.4921
2.3035
0.0000
1.4175
0.0000
0.0000
0.0000
0.0000
0.0000
1.6522
0.2630
0.0000
0.0000
0.0000
0.0000
0.4250
0.0000
0.0000
0.0000
0.0000
0.0000
0.0000
0.4359
0.0000
0.0000
0.0000
1.3799
0.0000
0.0000
0.7790
0.0000
0.6256
0.4420
0.6477
0.0000
0.0000
0.0000
0.0000
2.1335
0.0000
0.0000
0.0000
0.0000
0.0000
1.1743
0.0000
0.0000
0.0000
0.0000
0.0000
0.3089
0.0000
0.0000
0.0000
0.2645
0.0000
0.0000
0.0000
0.0000
0.0000
1.4714
0.0000
0.0000
0.0000
0.0000
0.0000
0.0000
0.0000
0.1635
1.2151
0.0000
1.2254
0.4134
0.3737
0.0000
0.0000
0.0000
0.0000
0.1376
1.1172
0.0000
0.0000
2.0802
0.0000
1.1827
0.0000
0.0000
0.1836
0.0000
0.0000
0.0000
0.0000
0.0000
0.0000
0.0000
0.0000
3.4067
0.0000
0.0000
1.8007
0.0000
1.9065
0.0000
0.0000
0.0000
0.0000
0.1368
0.0000
0.0000
0.0000
0.0000
0.0000
0.0000
0.4775
0.1385
1.8020
1.8565
0.0000
0.0000
0.0000
0.8503
3.3012
0.0000
1.9099
0.1483
0.0000
0.0000
1.4234
0.0000
2.1407
0.0000
0.9732
0.0000
0.0000
0.0000
0.0000
0.0000
1.6685
1.9969
0.0000
0.0000
2.9885
0.0000
0.0000
0.0000
0.0000
0.0000
3.4325
0.0000
0.0000
0.0000
0.0000
0.0000
2.6538
0.4669
0.0000
0.4348
0.0000
0.0000
0.0000
1.2718
0.0000
0.0000
0.0000
0.0000
0.0000
0.0000
1.2823
0.0000
0.5774
0.0000
0.0000
0.0000
0.2456
0.0000
0.0000
0.4829
0.0000
0.0000
0.8934
0.0000
0.0000
3.9843
0.0000
1.2519
0.0000
0.0000
0.0000
1.1554
0.0000
0.0000
0.0000
1.7925
0.0000
0.0000
0.0000
0.3196
2.6538
0.0000
0.0000
0.0000
0.0000
0.0000
1.8342
0.0000
0.0000
0.0000
0.0000
0.0000
0.0000
1.0649
0.0000
0.0000
0.0000
0.0000
1.1168
0.2618
2.2254
0.0000
0.0000
0.7926
0.0000
1.1256
0.0000
0.3333
0.0000
0.0000
0.5765
0.0000
1.9432
0.0000
0.8558
0.0000
0.0000
0.0000
0.3423
0.0000
0.0000
0.0000
0.0000
1.2666
0.0000
1.9415
1.4507
0.6237
0.0000
2.5213
1.1171
0.0000
0.0000
1.9568
1.1752
1.1325
0.0000
0.0000
0.2622
0.0000
0.8318
0.0000
0.0423
1.5746
0.0000
0.4918
0.0000
1.8824
0.0000
0.0000
0.0000
0.0000
0.0000
0.0000
0.0000
0.0000
1.6085
0.0000
0.0000
0.0000
2.3724
2.2112
0.0000
0.0000
0.0000
0.3410
0.0000
0.4309
1.8207
0.0000
0.1434
0.0000
1.0210
0.0000
0.1909
0.0000
0.0000
0.0000
0.0000
1.8699
0.0000
0.0000
0.0000
1.3724
0.0000
0.0000
0.0000
2.4897
0.3445
0.3496
0.0000
0.0000
0.0000
1.4885
0.6900
0.2445
2.0659
0.0000
0.9511
0.3806
0.0000
0.0000
0.0000
4.4862
0.0000
2.3441
1.6366
0.0000
1.8558
1.6735
0.0000
0.2572
0.0000
0.0000
0.0000
0.6459
0.0000
0.2901
0.0000
0.0000
2.9491
0.0000
0.0000
0.5688
0.0000
0.0000
0.3387
0.0000
0.0000
0.0000
0.0000
0.0000
0.0000
0.0000
0.0000
0.0000
1.8985
0.0000
0.0000
0.2999
0.0000
0.0000
0.0000
0.0000
0.0000
0.0000
0.4483
0.0463
0.0000
0.0000
1.7117
0.0000
0.0000
0.2473
0.0000
0.0000
0.0000
0.0000
0.0000
0.0000
0.0000
0.4718
1.2914
0.0000
0.0000
0.0000
0.0000
0.0000
0.0000
0.0000
0.0000
0.0000
0.4021
1.7560
1.0069
1.0570
0.0000
0.0000
0.0000
0.0000
0.0000
0.0000
0.0000
1.6734
0.4300
0.0000
2.8992
0.0000
0.0000
0.0000
0.4878
3.1549
0.0000
1.1999
0.0220
0.0000
0.0000
0.0000
4.5867
0.0000
2.5450
0.8822
0.3108
0.7419
0.0000
1.3828
0.0000
0.2125
0.6936
0.0000
1.5184
0.0000
0.8768
0.0000
0.0000
0.0000
0.0000
0.0000
0.1850
1.3318
1.1174
0.0000
1.7031
0.0000
0.0000
0.0000
0.3688
0.0000
0.0000
0.2227
0.0000
0.0000
0.0000
0.2826
0.0000
0.0000
0.0000
1.5483
0.0000
0.0000
0.0000
0.0000
0.0000
0.0000
0.6035
0.0000
0.4392
0.5032
0.0000
0.0000
0.0000
0.0000
0.0000
0.0000
0.0000
0.0000
0.0000
0.0000
0.0000
0.0000
0.0000
0.0000
0.0000
0.0000
0.0000
0.0000
0.0871
0.0000
0.0000
0.0000
0.0000
0.0000
0.8879
0.0000
1.8387
0.2469
0.0000
2.4699
0.0000
0.0000
0.0000
0.0000
0.0000
0.7004
0.0000
2.7672
0.0000
0.2174
0.3202
0.0000
0.0000
0.0000
0.0000
0.0000
2.8714
0.0000
0.3055
0.6343
0.0583
0.0000
0.0000
0.0000
0.2344
0.0000
0.0000
0.0000
0.0000
0.0000
0.7557
0.0000
0.0000
1.3875
0.0000
0.6520
0.8527
0.0000
0.0000
0.8145
0.0385
0.0000
0.0000
0.0000
0.9411
0.0000
2.6006
0.5247
0.0000
0.0000
2.9397
0.0000
0.0000
0.6268
1.1887
0.3400
0.0000
0.0000
0.1085
0.0000
0.0000
0.9249
0.0000
0.0000
0.0000
0.0000
0.0000
0.0708
0.0000
1.8210
0.0000
0.0000
0.4158
0.0000
0.0000
0.0000
0.0000
0.8469
0.0000
0.0000
0.0000
0.0000
0.0000
0.0000
0.0000
0.2961
0.0000
0.0000
0.0000
0.0000
0.0000
0.0000
0.0000
0.0000
0.3862
0.0000
0.0000
0.0000
0.0000
2.2164
0.0000
0.1530
0.0000
0.0000
0.0000
1.4791
0.4020
0.0000
0.2773
2.5408
0.0000
0.0000
0.0000
0.0000
0.0000
0.0000
0.0000
0.3851
0.0000
0.0000
1.9666
0.0000
0.0000
0.1624
0.0000
0.0000
0.6990
2.1596
0.0000
1.3137
0.0000
0.0000
0.0000
0.0000
0.0000
0.0396
0.0000
2.8298
0.0000
0.0000
0.0000
0.0000
0.2089
2.3182
0.0000
0.0000
0.0000
0.0000
0.0000
0.0000
0.0000
0.0000
0.0000
0.0000
0.0000
0.9547
0.0000
0.0000
1.0123
0.0000
0.0000
0.0000
0.0000
0.0000
0.0000
1.0939
0.7159
0.0000
0.0000
0.0000
0.3460
0.0000
0.0000
2.0739
1.2971
0.0000
0.0000
0.0000
0.0000
1.6270
0.0000
0.0000
0.0000
0.0000
2.7775
0.0000
0.0760
0.0000
0.0000
0.0000
0.0000
0.0000
0.0000
0.0000
0.0000
0.0000
0.0000
0.0000
0.0000
1.4046
0.0000
0.4282
0.0000
0.0000
1.0799
0.0000
0.0000
0.0000
0.0000
0.0000
0.0000
0.0000
0.0000
0.0000
0.0000
0.0000
0.3743
0.0000
0.0000
2.6426
0.0000
0.0000
0.9583
0.0000
0.1195
0.0000
0.0000
0.0000
0.0000
0.0000
0.0000
0.0000
0.4737
0.6925
0.4785
0.0000
0.0000
0.0000
0.0000
0.4209
1.4842
1.7821
1.1647
0.0000
0.1676
0.0000
0.3695
0.3788
0.0000
0.0000
0.5470
1.7536
2.8510
0.6845
0.0000
0.0000
3.4259
0.0000
0.0000
0.0389
0.0555
0.0000
0.0000
2.1607
0.0000
0.0000
1.4247
0.0000
0.0000
0.0000
1.9206
0.0257
0.0000
0.0000
0.0000
0.4234
0.0000
0.0000
0.5763
0.0000
0.0000
0.0000
0.0000
0.8116
0.0000
0.3558
0.0000
0.0000
0.2767
0.0000
0.0000
1.3723
1.8078
1.0907
0.0000
0.0000
0.0000
1.6249
0.0000
0.0000
0.0000
0.0000
0.4175
0.0000
0.0000
0.0000
3.8432
0.0000
0.0000
0.0000
0.7676
0.0000
2.5741
0.0000
0.0000
0.0000
2.4563
0.0000
0.5668
0.0000
3.7836
0.0000
0.0000
0.6487
2.2435
0.0000
0.6192
0.0000
2.8559
0.0000
0.0000
0.3267
0.4760
0.6210
0.0000
0.0000
1.3754
0.0000
0.0987
2.7003
0.8976
0.5581
0.0000
0.8636
0.0000
0.3223
0.0000
0.0000
0.0000
0.0000
0.0000
0.0000
0.0000
0.0000
0.0000
0.0000
0.0000
0.8757
0.0000
0.0000
0.0000
0.0000
0.0000
0.0000
0.0000
0.0000
0.0000
2.4186
0.0000
3.0425
0.0000
0.0000
1.7321
0.3729
0.0000
0.0000
0.5824
0.0000
0.0000
0.0000
0.0000
0.0000
0.2890
0.0564
0.0000
0.0000
0.8969
0.0000
0.0000
0.0000
0.0000
0.0000
0.0000
0.0000
0.0000
0.0000
0.0000
0.0000
0.2678
0.0000
0.0000
2.8861
0.0000
0.0000
1.0791
0.0000
0.6380
0.0000
0.8135
0.0000
0.1663
1.4445
0.0000
0.2502
0.0000
0.0000
0.8868
0.0000
0.0000
1.0935
0.0000
0.5114
0.0000
0.3193
0.0000
0.0000
0.5618
0.0000
1.3248
0.0000
0.0000
1.2229
0.0000
1.5097
0.0000
0.0000
0.0000
0.0000
0.0000
0.0000
0.0000
0.0000
0.0000
0.0000
0.0000
0.0000
0.0000
1.8120
0.0000
0.0000
0.1104
0.0000
0.1023
3.3252
0.0000
0.0000
1.1626
0.5689
1.7211
1.2541
0.0000
0.0000
0.0000
1.9492
0.0000
0.0000
0.0000
0.0000
1.5498
0.0000
0.0000
0.0000
0.0000
2.9302
0.0000
0.0000
0.3197
1.4718
0.4015
0.0000
1.7509
3.4616
0.0000
0.0000
0.7537
0.0000
0.0000
0.0000
0.0000
1.8033
0.0000
0.0000
0.4567
0.0000
0.0000
1.9854
0.0000
0.4720
0.0000
0.0000
0.0000
1.0019
0.0000
0.0000
0.0000
0.0000
0.0000
2.2179
2.6218
0.0000
0.0000
0.0000
0.0000
3.0235
0.0000
0.0000
0.0000
3.0088
0.4396
1.4139
0.0000
1.2519
0.0000
0.0000
0.0000
0.9578
0.0000
0.0000
0.0000
0.0731
3.9949
0.0000
0.6348
0.0000
0.0000
0.0000
0.0000
0.0000
0.0000
0.0000
0.0000
0.0000
0.0000
0.0000
0.0000
0.0000
0.2956
0.0000
0.0000
0.0000
0.0223
0.7127
0.0000
0.0000
0.0000
3.0664
0.3174
0.0000
0.0000
2.3493
0.0000
0.0000
0.0000
0.0000
1.7160
1.8268
0.0000
0.0000
0.0000
0.0000
0.3801
0.0000
0.0000
0.0000
0.0000
0.0000
0.0000
0.0000
0.8777
3.7230
0.0000
0.5660
0.0000
0.3972
0.0000
0.2066
1.9779
0.0000
0.0000
0.0000
0.0000
0.0000
0.0000
1.2414
0.0000
0.0000
0.0000
0.0000
1.4257
0.8869
0.0000
0.0000
0.0440
1.4900
0.1919
0.0000
0.0000
0.0000
0.0000
1.2494
0.0000
0.0000
2.1617
0.0000
0.0000
0.0000
0.0000
0.0000
0.0000
0.0000
0.0000
0.0000
0.8542
0.0000
0.0000
0.0000
0.0000
0.0000
1.0579
0.0000
0.0000
0.9598
0.7853
0.0000
0.0000
0.9213
0.0000
0.0000
0.0000
0.0000
0.1922
1.0645
0.3483
0.0000
0.0000
0.0000
0.0000
0.0000
0.0000
0.3093
0.0000
0.0000
0.0000
0.0000
0.0000
0.0000
0.0000
0.0000
0.0000
0.0000
0.0000
0.0000
0.0000
0.0000
0.4476
0.0000
0.0805
0.0000
0.0000
2.0927
1.2168
0.1682
0.0000
0.0000
0.0000
0.9522
1.8267
0.0000
2.3385
0.0000
0.0000
0.0000
0.0000
0.0000
0.0000
0.0000
0.0000
0.0000
0.0000
1.0283
2.5969
0.0000
0.0000
0.0000
0.3743
0.0000
0.2045
0.3431
0.0000
2.3526
0.2537
0.3835
1.0729
0.6073
0.8672
1.1837
4.7332
0.0323
0.0000
0.0000
0.0000
0.7965
1.5828
0.0000
0.0000
0.0000
0.0000
0.0000
0.0000
0.5592
0.0000
0.0000
0.0000
0.0000
2.3376
1.7996
1.4794
0.0000
0.0000
0.0000
0.0000
2.4700
1.3845
0.0000
3.3214
0.0000
0.0000
0.0000
1.0025
0.0000
0.1282
0.0000
0.5911
0.0000
0.0000
1.3200
0.0000
0.0000
0.0000
0.0000
0.0000
0.4826
0.0000
0.2504
0.8429
0.0000
0.9133
0.0000
0.1036
0.0000
0.0000
0.0170
0.5129
0.0000
1.2826
0.0000
0.0000
0.0000
0.0000
1.0634
1.9787
0.0000
0.0000
0.0000
0.0000
0.0000
0.0000
0.0000
0.0000
0.0000
0.0000
0.0000
0.0000
0.2542
0.0000
0.9830
0.0000
0.0000
0.0000
0.7930
0.4040
0.0000
1.1733
3.9069
2.3525
0.0000
0.0206
0.0000
0.0000
0.0000
0.0000
0.0000
1.5910
0.0000
0.0000
0.0000
0.0000
0.0000
0.0000
0.6216
0.0000
0.0000
0.0950
0.0000
0.0000
0.0000
0.0000
0.0000
0.0000
2.8326
2.2160
2.2615
0.6935
0.0000
0.0000
0.0000
1.6126
0.0002
0.4033
0.0024
0.0000
0.0000
1.8972
0.0000
0.0000
0.2040
1.4517
0.0000
1.4927
0.0000
0.0000
0.0000
0.0000
0.0000
0.9606
2.0254
1.0470
0.2966
0.0000
0.0000
0.0000
0.0000
0.0000
0.0000
0.6082
0.0000
0.0000
0.0000
1.6505
0.0669
0.0000
0.0000
0.0000
0.0000
0.0000
0.0000
0.0000
0.0750
0.8242
0.0000
2.0660
0.0000
0.0000
0.0000
0.6088
0.4143
2.7280
0.3202
0.0000
0.0000
0.6208
0.0000
2.2469
0.8486
0.0000
0.0000
0.2844
0.0000
0.0000
0.0000
0.0000
0.0000
0.0000
0.0000
0.0000
0.0000
0.2635
0.5665
0.0000
0.0000
0.0000
1.7235
0.2568
0.0000
0.0000
0.0000
1.5640
0.6647
0.2493
0.3780
1.2163
0.0000
1.4947
0.0000
0.0000
0.5608
0.0000
0.0000
0.0000
0.3502
0.0000
0.0000
1.9193
0.0000
0.0000
2.0356
1.7517
0.0000
0.0000
2.4978
0.0000
0.0000
0.0000
0.7254
0.0000
0.0000
0.0000
0.0000
0.0000
0.0000
0.0000
0.5076
0.4192
0.0000
0.0000
0.0000
0.0000
0.0000
0.0000
0.7842
0.0000
0.0000
0.0000
0.2434
0.0000
0.4510
0.3915
0.8775
0.0000
0.0000
0.4171
0.0000
0.0000
0.8305
0.0781
1.7926
0.2332
1.7715
0.0000
0.0000
0.0000
1.4684
2.6702
0.5534
0.0000
0.0000
0.0000
0.1915
0.0000
0.4848
0.0000
0.6835
0.0000
2.3062
1.5345
0.0000
0.0000
0.0000
0.1963
0.0000
0.0000
0.0000
0.0714
0.0000
0.0000
1.0183
0.0000
0.0000
0.0000
0.0000
0.0000
0.0000
0.0000
0.0000
0.0000
1.8526
0.0000
0.0000
0.2213
0.0000
1.8604
0.0000
0.0000
0.0000
0.7969
0.0000
1.5939
0.0000
0.0000
0.0000
0.0000
0.0000
1.3889
0.9699
0.4246
0.1297
1.1252
0.0000
0.7564
0.0000
0.1014
0.2089
0.3181
1.2252
0.0000
0.0000
0.0000
0.0000
0.6565
0.0000
0.0000
0.0000
2.1692
0.0000
3.0973
0.0000
0.0000
0.0000
0.0000
0.0000
0.0000
0.0000
1.3381
0.8502
1.7637
2.8399
0.0000
0.0000
0.0000
0.8260
0.0000
0.1084
0.4917
2.4569
0.0000
0.0000
0.0000
1.2762
0.5564
0.0000
0.0000
0.1312
1.4028
1.7070
0.0000
0.0000
0.0000
0.0000
0.0000
0.1109
0.9648
2.6260
0.0000
0.0000
1.3016
0.0000
1.6121
0.0000
0.0000
0.0000
0.7940
0.0000
0.0215
0.7200
0.0000
0.3943
0.0000
2.9403
0.0000
0.6346
0.0000
1.2348
0.0000
0.5387
0.0000
0.0000
0.0000
0.0856
1.0468
0.0000
1.3870
2.5388
0.0000
0.0000
3.1521
0.0000
0.0000
0.9209
0.0000
0.4918
0.0000
0.0000
1.6515
2.4981
0.0000
0.0000
0.0000
0.0000
1.4867
0.0000
0.0000
0.0000
0.0000
1.5518
0.0000
3.6762
0.0000
1.4464
0.0000
0.0000
0.0000
0.0000
0.0000
0.0000
0.1163
0.0000
0.0000
0.0000
0.4128
0.0000
0.0000
0.0000
0.0000
0.0086
0.0000
0.0000
0.0000
0.8002
0.4740
0.0000
0.1405
0.0000
1.3205
0.0000
0.0000
0.0000
0.5435
2.0188
0.8241
0.0000
0.0000
0.0000
0.8002
0.0000
1.4949
0.0000
0.0000
0.0000
0.7564
0.0000
0.4348
0.0000
0.0000
0.0000
0.0000
1.9799
0.0000
1.6939
0.0000
0.0000
0.0000
0.0000
0.0000
0.0000
0.5374
0.0000
0.0000
0.0000
2.0538
0.7034
0.0000
0.0000
0.0000
0.0000
0.8336
0.0000
0.0000
0.0000
0.0000
0.0000
0.0000
2.1248
1.7191
0.0000
0.0000
0.0000
0.3377
0.0000
0.7899
0.0000
0.9781
0.0000
1.2766
0.0000
0.0000
1.3635
0.2628
1.3647
0.3553
0.0000
2.4345
0.0000
0.0000
0.0000
0.0000
4.1407
0.0000
0.0000
0.2627
0.0000
0.0000
0.0000
0.0000
0.4407
0.0000
0.7335
0.0000
0.0000
2.2303
0.0000
0.0000
0.0000
0.0000
0.2668
0.0000
0.0000
1.1537
0.3170
0.0000
1.5216
1.7327
0.2735
0.0000
1.5577
0.0000
0.0000
0.0000
0.0000
0.0000
2.6745
0.0000
0.0000
2.5700
1.7092
0.0000
0.0000
0.1165
1.5464
0.0000
0.1884
0.3614
1.4909
0.0000
0.0000
0.0000
0.0000
0.1168
0.6826
0.0000
0.0000
0.0000
0.0000
1.0141
0.0000
1.5790
0.0000
0.0000
0.0000
0.0000
0.2542
0.0000
0.0000
0.0000
2.3365
1.2802
0.0000
0.5187
0.0000
0.0000
0.0000
2.2842
1.0928
0.0000
0.0000
0.0000
0.0000
2.4556
1.2417
0.9413
0.0000
0.0000
0.0000
0.0000
4.0708
0.0000
0.0000
0.0000
0.3864
0.3290
0.0000
0.0000
0.0000
0.0000
0.0000
0.0000
0.0000
1.0241
0.0000
0.0000
0.0000
0.8407
0.0000
0.0000
0.0000
0.0000
0.0000
0.2789
0.9901
2.0612
0.6670
0.0000
0.0000
1.2446
0.0000
0.8153
1.1433
0.9347
0.0000
0.0000
0.0000
0.0000
0.0000
0.0000
0.0000
0.0000
0.0000
0.0000
3.4993
0.0000
0.1197
0.0000
0.8767
0.0000
0.0000
0.0000
0.0000
0.0000
0.0000
0.0000
0.0000
0.0000
0.0000
0.0000
0.0000
0.0000
0.0000
2.2113
0.0000
0.4213
0.0000
0.0551
0.0000
0.0000
1.1219
0.0000
0.0000
0.0000
0.0000
0.1805
0.0000
0.0000
0.0000
0.0000
0.5215
0.0000
0.0000
0.3240
0.0000
0.0000
0.4918
0.0000
0.0000
0.0000
0.0000
1.7811
0.3836
1.8386
0.0000
0.7629
0.0000
2.3894
0.0000
0.4450
0.1084
0.0000
0.0000
0.4221
0.0000
1.9872
1.8879
0.0000
1.4462
0.0000
0.6722
0.0000
0.4572
0.7574
0.0000
0.0000
0.0000
0.0000
0.0000
0.0000
0.0000
0.0000
0.0000
0.0000
0.0000
0.0000
0.0000
1.5717
0.8959
1.3764
1.6866
0.0000
1.2980
0.3637
0.2992
0.0000
0.0000
0.0000
0.1836
1.6570
1.3171
2.0015
0.0000
0.0000
0.0000
2.4101
0.1676
0.0000
0.0000
0.0000
0.0000
0.0000
0.0000
0.0000
0.0000
0.0000
0.0000
0.0000
0.8511
1.0367
0.0000
1.5677
0.0000
0.0000
0.0000
0.0000
1.0994
0.0000
1.5540
0.0000
0.0000
0.0000
1.2014
0.6348
0.0000
0.0000
0.0000
0.0000
0.7388
0.0000
0.0000
0.0000
0.0000
0.0000
0.0000
0.0000
1.3138
1.5920
0.2312
0.0000
1.4923
0.2415
0.7075
0.0000
0.4063
0.0000
2.2207
0.0000
0.0000
0.0000
0.0000
0.9906
0.0000
3.6619
0.0000
0.0000
0.0000
0.6443
1.2610
0.0000
1.5926
0.0000
0.0000
4.4330
0.0000
0.0000
0.0000
1.4755
0.0000
1.6477
1.4923
0.0000
0.0000
0.0000
0.0000
0.0000
0.0000
0.0000
0.0000
0.0000
0.3186
0.0000
1.0228
0.0000
0.0000
0.1941
0.0000
0.0000
0.4806
0.0000
1.2523
0.0000
0.5461
0.0000
0.0000
0.0000
0.0000
0.0000
0.9361
0.0000
1.0608
0.8947
0.0000
0.0000
1.2155
0.6285
2.1077
0.0000
0.0000
0.0000
0.0000
0.0000
0.0000
0.0000
0.0000
0.3737
0.1051
0.5610
0.0000
0.0000
1.5310
0.0000
0.0000
2.6592
0.0000
0.0000
0.0000
0.0000
0.0000
0.9111
0.0000
0.0000
0.0000
0.0000
0.0000
0.0000
1.2971
1.0887
0.0000
0.2060
2.2087
0.0000
0.0000
1.1476
0.6159
0.0000
0.0000
0.0000
0.9764
0.3508
0.0000
0.0000
1.2255
0.0000
2.1495
4.2768
0.0000
0.3459
1.3170
0.0000
0.2133
0.0000
0.0000
0.0000
0.0000
0.0000
0.0000
0.3876
0.0000
0.0000
0.0000
0.0000
0.0000
0.0000
0.0000
0.0000
2.5616
0.0000
0.0000
1.2580
0.0000
0.0000
2.9603
0.0000
0.0000
1.2306
0.0000
0.0000
0.8722
0.3832
0.0000
0.0000
3.6781
0.0000
0.0000
0.0000
1.8373
0.0000
0.0000
1.9625
0.0000
0.0000
0.0000
0.0000
0.0000
1.9836
0.0000
0.0000
1.6252
0.0624
0.6682
0.0000
0.2779
1.1169
0.0000
0.0000
0.7560
0.4293
0.0000
0.0000
0.3821
0.2824
1.5561
1.2839
0.0000
0.6979
0.0000
0.0000
0.0000
0.0351
0.0000
1.2466
0.0000
0.0000
0.0000
0.0000
0.0000
0.0000
0.0000
3.2768
0.0000
0.0000
1.8149
0.0000
0.0000
0.0000
0.0000
0.0000
0.0000
1.0448
0.0000
0.0631
0.0000
0.0000
0.0000
0.8844
0.0000
0.0000
0.0000
0.0000
0.0000
1.3417
0.7501
0.0000
0.2940
0.0000
0.0000
0.0000
0.0000
1.1464
0.0000
3.8400
0.0000
2.3898
0.0000
1.4176
0.0000
2.0123
0.8398
0.0666
0.0000
0.8970
1.4774
0.2872
0.0000
0.0000
0.0000
1.6213
0.0000
0.0000
2.9532
0.0027
0.0000
0.0000
0.0000
4.0858
0.5452
1.4245
0.0000
0.0000
0.0000
0.3075
0.0000
0.0000
0.0000
0.0000
0.4102
0.0000
0.0000
0.1864
0.0000
0.0000
0.0000
1.1778
0.5246
0.0000
0.7463
0.0000
0.0000
0.6996
0.0000
0.0000
1.7241
0.0000
0.0000
0.0000
0.0000
0.0000
1.1065
0.0000
1.5715
0.0000
0.0000
1.8649
0.0000
0.4366
1.3646
0.0000
0.0000
1.0515
0.0000
0.0000
0.0000
0.0000
0.0000
0.0000
0.8525
1.4307
0.0000
0.0000
0.0000
0.0000
0.0000
0.0000
0.1197
0.0000
0.1178
1.0725
0.0000
0.0000
0.0000
0.0000
0.0000
1.4622
0.0000
0.0000
0.0000
0.0000
0.0000
0.3157
0.2134
0.0000
0.8041
0.0000
0.0000
3.0927
0.0000
0.0000
1.1422
0.0000
0.0000
0.0000
0.0948
0.6696
0.0000
0.0000
0.0000
0.0000
0.0000
0.0000
0.0000
0.0000
0.2189
1.6530
0.0000
0.0000
2.1477
0.0000
0.7130
0.0000
0.0000
0.0000
0.0000
0.0000
0.0000
0.5439
1.7915
0.0000
0.0000
1.3464
0.4058
0.0000
0.2985
0.0000
2.4697
0.0000
2.6508
0.0000
0.2781
0.0000
0.3985
0.0000
0.0691
0.0000
0.0000
0.3095
0.0000
0.0000
0.2141
0.3758
0.0116
0.0000
0.0000
0.4134
0.0000
0.0000
0.0000
2.2148
0.7385
0.7078
0.0000
0.0000
0.8749
0.0000
0.0000
0.0000
2.1516
2.1454
4.3486
0.0000
1.2013
3.4049
0.5344
0.0000
0.0000
0.0000
0.0000
0.0000
0.0000
0.0000
0.0000
3.2526
0.0000
0.0000
0.0000
0.5539
0.0000
1.4087
0.0000
0.4119
1.1976
0.0000
0.0000
1.6828
0.2688
0.5319
1.6615
0.0000
0.0000
0.1887
0.0000
2.2446
0.0000
0.0000
2.2165
0.4197
0.0000
0.0000
0.0000
0.0000
4.6975
0.0000
0.0000
0.0000
0.0000
0.2298
0.0000
0.0000
0.0000
0.0000
2.5552
0.1042
0.2592
0.0000
0.0000
0.0000
0.0000
0.3703
0.0000
0.0000
0.0000
0.0000
0.0000
0.0000
0.0000
0.0000
0.0000
0.6421
0.4453
0.0000
0.0000
1.0488
0.0000
0.0000
0.0000
1.0591
2.2951
2.1204
0.0000
0.0000
0.0000
1.5177
0.0000
0.0000
1.0502
0.0000
1.5861
0.0000
2.1199
0.0000
0.0000
4.3321
0.0000
0.0000
0.3289
0.0000
0.0000
0.3910
0.0000
0.0000
0.0000
0.0000
0.0000
1.3008
0.7107
0.0000
0.0000
1.2245
2.4090
0.0000
2.8414
3.7946
0.0000
0.0000
1.0816
0.0000
0.0000
0.0000
2.9885
0.0000
0.0000
0.2583
0.0000
0.3865
0.0000
0.7586
0.0000
0.0000
0.0000
0.0000
1.6839
0.8608
0.0000
0.0000
1.5434
0.0000
0.0000
0.0000
0.6310
0.0000
0.4142
0.0000
0.0000
0.0000
1.2583
0.7525
0.0000
0.4527
0.0000
0.4845
0.0000
0.0000
0.7987
1.6783
0.0000
0.0000
1.5425
0.8319
0.5721
0.0000
0.0000
0.0000
0.0000
0.1932
0.0690
0.0000
0.0000
0.1314
0.2009
1.0902
0.0000
2.3774
4.2163
0.0000
0.0000
0.0000
0.0000
3.6873
0.0000
0.0000
0.0000
0.0000
0.0000
0.0000
0.0000
0.3437
0.0000
0.1874
0.0000
1.5009
1.5427
2.7950
0.0000
0.0000
0.1232
0.0000
0.0000
1.9634
0.0000
0.0000
0.0000
0.0000
3.6026
0.9572
0.0000
0.0000
1.4888
0.0000
0.0000
0.8804
2.3254
0.7964
0.0000
0.9492
0.9267
0.0000
0.0000
0.0000
0.0000
0.0000
0.0000
0.0000
0.0000
0.0000
0.5576
5.6187
0.6343
2.0358
0.0000
0.1527
0.0000
0.0000
0.0000
0.0000
0.0000
0.0000
0.0000
0.0000
0.0000
0.2820
0.3174
0.9794
0.0000
0.0000
0.0000
0.0000
0.0231
1.4014
0.0000
0.0000
0.0000
0.8039
0.2835
0.7912
0.0000
0.9903
0.0000
1.2825
2.0622
0.0000
0.0000
0.0000
0.2440
0.0000
0.0000
0.0000
1.1295
0.0000
0.0000
0.0000
0.0000
0.0000
0.0000
0.0000
0.0000
2.7738
0.0000
0.9522
0.9178
0.0000
0.1623
0.0000
0.0000
0.0000
0.0000
0.0000
0.0000
0.0000
1.1899
0.0000
0.0000
0.0000
1.6731
1.3990
0.0000
0.0000
0.0119
0.0000
2.5566
0.0000
0.0000
0.0000
0.0000
0.0000
2.2518
0.0000
0.0000
0.0000
0.0000
1.2200
0.0000
0.7083
0.0000
0.0000
0.0000
0.0000
0.0000
0.3885
0.0481
0.8371
0.0000
2.4528
1.0804
0.0000
2.8849
0.1874
0.2373
3.3908
1.2365
0.0000
0.0000
0.0000
0.0000
0.5598
0.0000
0.7711
0.0000
0.4133
0.0000
0.0000
0.0000
0.0000
0.6019
0.3787
2.7224
0.0000
4.5879
0.0498
0.0000
1.5185
0.9694
3.5042
0.0000
0.0000
0.0000
0.0000
2.3012
0.9998
0.0000
2.7189
0.0000
0.0000
0.5492
0.5358
0.0000
2.8144
0.0000
0.0000
2.7447
0.0000
1.8076
0.0000
0.0000
0.0000
0.0000
4.1171
0.0000
0.0000
0.0000
0.0000
0.0000
0.1806
0.2890
0.7404
1.6331
0.2537
0.0000
0.0000
1.2354
0.0000
0.0000
1.5683
0.0000
0.0000
0.0000
0.0000
0.0000
2.7056
0.0900
0.0000
0.0000
0.0000
0.0000
1.9361
0.0000
1.8994
0.0000
0.0000
0.5946
0.4561
0.0000
0.0000
0.0000
2.0911
0.0000
0.0000
0.4498
0.0000
0.0000
1.6201
0.9372
0.0000
0.0000
0.0000
0.1622
0.0000
0.0000
0.7104
0.0000
0.5183
0.2307
1.4588
1.1747
0.0000
0.1461
0.0000
0.5462
0.0000
1.0311
0.5654
0.5413
0.0000
0.0000
0.0000
0.1549
0.0000
0.0000
0.0000
0.0000
0.0000
0.0000
0.2555
0.0000
0.0000
0.0000
0.0000
0.0000
0.0000
0.0000
0.0000
2.4938
0.0000
3.8444
0.8707
1.1689
0.2934
1.6022
0.0000
0.0000
0.0000
0.0000
0.0000
0.0000
0.0000
0.0000
0.8947
0.0000
0.0000
0.0000
0.0000
0.0000
0.0000
0.0000
0.0000
0.0000
1.6959
0.0000
0.0000
0.0000
0.7326
0.0000
0.0000
0.0000
2.3463
0.0954
0.0000
0.0000
0.7993
0.0000
0.0000
0.0000
0.0000
0.0000
0.0000
0.0000
0.0000
0.4827
0.0899
0.0000
0.0000
0.0000
0.0000
1.3643
0.0000
0.0000
0.7171
0.8273
0.0000
0.0000
0.0000
0.0000
1.7085
1.5347
0.0000
0.0000
0.0000
0.0000
0.0000
0.0000
0.0000
0.5649
0.6000
0.0000
1.3322
0.6363
0.0000
0.0000
0.0000
0.0000
0.0441
0.0000
0.0000
1.8497
1.2635
0.0000
0.0000
0.0000
0.0000
0.7521
1.7168
0.0000
0.2725
0.0000
0.4858
0.0000
1.0211
0.4258
1.0583
0.0000
0.0000
0.0000
0.0000
0.2098
0.0027
3.9926
0.0000
0.0000
1.7879
0.0000
0.3383
0.0000
0.0000
0.1252
0.4220
0.0000
0.1779
0.0000
0.0000
0.0000
0.0000
0.0000
0.0000
0.0000
0.0000
0.7664
0.7734
0.0000
1.4468
0.0000
0.0000
0.3114
1.1983
0.4587
0.0000
0.0000
0.2560
0.0000
0.0000
0.0000
0.0571
0.3296
0.0000
0.0000
0.0000
0.0000
1.4246
0.8598
0.0000
0.0000
0.0000
0.4781
0.5382
0.2579
0.0000
0.0000
0.0000
0.0000
0.0000
0.0000
0.0000
0.0000
1.9439
0.0000
0.0000
0.1978
0.6133
0.0000
1.0348
0.0000
0.0000
0.0000
0.0000
1.5183
0.0000
0.0000
0.0684
0.0000
0.0000
0.0000
0.0000
0.5870
0.0000
0.0000
0.0000
0.0000
0.0000
0.0000
0.0000
0.0000
0.0511
0.0000
0.0000
0.0000
0.4602
0.0000
0.0000
0.0000
0.0000
2.2674
0.0000
2.9833
0.0000
0.0000
0.0000
0.0000
0.0000
0.0000
0.0000
0.9853
0.0000
0.0000
0.0000
0.0000
0.1051
0.0000
0.0000
1.5511
0.0000
0.0000
0.0000
0.0000
0.6924
0.0354
0.0000
1.5029
0.0000
0.0000
0.0000
0.0000
1.6156
0.0000
0.0000
0.0000
2.3797
1.6131
1.6018
0.0000
0.0000
0.5479
0.0000
1.0563
0.0000
0.0000
1.9594
0.0000
1.7461
0.0000
0.0000
0.0000
0.6050
0.0000
0.8861
0.0000
2.2514
1.5864
0.0000
0.0000
1.1817
0.0000
1.3499
1.3495
0.0000
0.0000
0.0000
0.0000
0.0000
0.8247
0.0000
0.6981
0.8173
0.0336
0.5046
0.0000
0.0000
2.0120
1.2334
0.0000
0.0000
0.0000
0.0000
0.0000
0.0000
3.7428
0.7352
0.0000
0.0000
0.0000
0.0000
0.5295
0.6218
0.0562
2.4362
0.0000
0.0000
0.0000
0.5330
1.2807
4.0300
0.0000
0.0000
0.0000
0.0000
2.8591
2.2580
0.0000
0.0000
0.0000
0.0000
0.0000
2.6001
0.0000
0.0000
3.0969
0.0000
0.0000
0.0000
0.0000
1.4540
0.9631
0.0000
0.0000
0.0000
0.0000
0.6252
1.9125
0.0000
1.0269
0.0000
0.0000
0.0000
0.0000
2.7336
0.0000
1.4156
0.0000
0.1005
2.2140
0.0000
0.4830
0.0000
0.0000
0.0000
0.0000
4.2942
0.0000
0.0000
0.0000
0.0000
0.0000
0.0000
0.0000
0.3181
0.0814
0.0000
0.0000
0.0000
0.8527
0.0000
0.0000
1.4496
5.1424
0.0000
0.0000
0.0000
0.0000
2.4883
0.0000
0.0000
0.0000
0.0000
0.0000
0.7691
0.0000
0.0000
0.0010
0.0000
0.0000
0.0000
0.0000
0.0000
0.0488
1.5861
0.0000
0.0000
0.0000
0.0000
0.0000
0.0000
0.0000
3.4809
0.0000
0.8563
0.0000
0.0000
0.0000
0.0000
0.0000
0.3172
0.0000
0.3685
0.0442
0.0000
0.0000
0.0000
0.0000
2.3177
0.0000
2.8412
2.9318
0.0000
0.0000
0.0000
0.0000
0.0000
0.0000
0.0000
2.6589
0.1748
0.0000
1.6629
0.0000
0.3849
0.0000
0.0000
0.2469
0.0000
0.0000
2.3744
4.0803
0.5153
0.0000
1.0777
0.0000
2.4943
0.0000
0.0000
0.0000
0.0000
1.3822
0.0000
1.6977
0.0000
0.0000
0.1876
0.0000
0.0000
0.0000
0.0000
0.0000
0.0000
0.0000
0.0000
0.7647
0.0000
0.0000
0.0000
3.7802
0.0000
0.0000
0.0000
0.0000
0.7413
2.4752
0.0000
1.0041
0.0000
0.0000
0.0000
0.0000
2.5335
1.0635
3.0495
0.0000
0.1287
0.0000
0.7671
2.3773
0.0000
2.1451
0.0000
0.0000
0.0000
1.3790
0.6964
0.8692
0.0000
0.0000
0.0000
0.2933
3.6045
0.0000
0.0000
0.0000
0.0000
0.0000
0.0000
0.0000
0.5136
3.2774
0.0000
0.4655
2.6051
2.9428
0.0526
0.0000
0.0000
1.1179
1.5947
0.0000
0.0000
0.0000
0.0000
0.0000
1.3699
2.1599
0.0000
0.0000
1.2121
0.2184
1.1871
0.0000
0.0000
0.0000
0.0000
0.0000
2.2933
0.0000
0.7733
0.0000
0.0000
0.0000
0.0000
3.7241
0.0000
0.0000
0.4118
1.3703
1.7067
0.0000
2.1387
0.1007
0.0000
0.0000
1.0141
2.0331
0.0000
0.0000
0.0000
1.4688
0.0000
1.9648
0.0000
0.0000
0.4878
0.0000
0.0000
0.0000
0.0000
0.0000
2.3029
0.0000
0.0000
0.0000
0.4935
0.8321
0.0000
1.3745
0.0000
0.0000
0.0000
0.0000
0.0000
1.1920
0.0000
0.0000
0.2309
0.6043
0.0000
2.5394
0.0000
0.0000
0.0000
0.0000
0.0000
1.4221
0.0000
0.0000
0.0922
0.0000
0.0000
0.0000
1.8303
0.0000
0.7789
0.0000
0.0576
0.0000
0.0000
0.0000
0.5089
0.0000
0.3108
1.6479
0.0000
0.0000
0.0000
0.0000
0.0000
0.0000
0.0590
1.5365
0.0000
1.0058
0.2246
0.4937
0.0000
1.5036
1.0061
0.0000
0.0000
0.0000
0.0000
0.0000
2.7800
0.0000
0.0000
0.0000
0.0000
0.0000
0.0000
0.7317
0.0000
0.0000
0.0000
0.0000
2.3339
0.0000
0.4258
0.0000
0.5908
0.0000
0.0000
0.0000
0.0000
0.0000
2.2935
0.0000
0.0000
0.0000
0.0000
0.0000
1.9047
0.0000
0.0000
2.8931
0.5872
0.0000
0.0000
0.0000
2.2693
0.0000
0.0000
1.4732
0.0000
0.0000
3.1239
3.3684
0.5564
0.0000
2.2646
0.0000
0.2594
0.0000
0.0000
1.2387
0.0000
0.0000
0.0000
0.0000
2.2934
0.0000
0.0000
0.7261
0.0000
0.0000
0.0000
0.4722
0.0000
0.4485
1.5940
0.0000
0.0000
0.0000
0.0000
0.0000
0.5116
0.0000
0.0000
0.0000
0.0000
0.0000
0.0000
0.0000
0.0000
0.0000
0.0000
0.0000
0.0000
0.0000
0.0000
0.0000
0.0623
0.7031
0.0000
0.4985
0.0000
0.0000
0.0000
0.0000
0.9042
0.0000
0.0000
0.0000
0.0750
0.0000
1.7723
0.0000
0.0000
0.0000
0.0000
1.6530
0.7385
0.8539
0.0000
0.0000
0.5575
2.5499
0.0000
0.0000
0.0000
2.3060
1.3568
0.0000
0.0000
0.0000
0.0000
0.0000
0.0659
0.0000
2.8874
1.2655
0.0000
1.8227
3.2985
0.6098
1.3351
0.0000
0.0000
0.0000
0.0000
2.2106
0.0000
0.0000
0.0000
0.0000
0.9789
0.4422
0.0000
1.2776
0.0198
0.0000
0.0000
0.5466
1.0145
0.0000
0.0000
0.0000
0.0000
0.0000
2.8100
0.0000
1.6223
0.0000
0.3127
3.0057
0.0000
0.2967
0.0000
2.5408
0.2743
0.0000
0.7200
0.0000
0.0000
0.4368
0.1110
0.0000
0.0000
1.1772
0.0000
0.0000
0.0000
1.0613
0.0000
0.0000
2.2137
0.0000
0.0000
0.0000
0.4925
2.1828
0.0424
0.0000
0.0000
0.1253
0.3221
0.0000
0.0000
0.0000
2.6983
0.0000
0.0000
0.3288
1.1281
4.5287
0.1308
2.1535
0.0000
0.9337
0.0000
0.0000
0.0000
0.0000
0.0000
0.0000
0.0000
0.1748
2.7519
2.1977
3.0884
0.0000
0.2221
0.8398
0.0000
0.0000
0.0000
0.0000
0.0000
2.7738
0.0000
0.0000
2.4707
0.0000
0.0000
0.2214
1.1025
1.2216
0.3517
0.0000
0.0000
0.0000
0.4574
0.1832
1.5621
0.0128
0.0000
0.2472
0.8808
1.7533
2.3107
0.0929
0.0000
0.6298
0.0000
0.0000
1.2560
1.5857
0.0000
0.0000
0.0000
0.9553
0.8148
0.6208
0.0000
0.1488
0.0000
0.0000
0.0000
1.5750
2.2267
0.0000
0.0000
0.0000
3.7045
0.0000
0.7839
0.0000
0.0000
0.0000
0.0000
0.3884
0.0000
0.0000
0.6109
0.0000
3.7664
0.0000
0.0000
1.2975
0.9130
1.3077
0.0923
0.9756
0.0000
1.2540
0.0000
0.2639
0.4378
0.0000
0.4354
0.0000
0.0000
0.0000
0.0000
0.0000
0.0000
1.3819
1.6220
0.0310
0.0000
0.0000
0.0000
0.0000
3.2631
0.0000
0.2483
0.0000
0.0000
0.0000
0.0000
0.0000
0.0000
0.8794
0.0000
1.0653
0.4763
0.0000
1.6289
1.6255
0.4762
0.0000
0.0000
1.0098
0.0000
0.0000
0.0000
0.0000
0.0000
0.4017
0.0000
0.0000
0.0000
1.2429
0.0000
0.0000
0.2961
0.0000
0.0000
0.0000
0.0000
0.4516
0.4655
0.0000
0.0000
1.7198
0.1824
0.0000
0.7063
1.6425
0.7786
0.5248
0.0000
0.6492
0.0000
0.0000
0.0000
0.1088
0.0000
0.0000
4.2904
1.0447
0.0000
1.7631
0.6027
0.6397
1.0175
0.0000
1.9016
0.2945
0.0000
0.0000
0.0000
0.0000
0.0000
0.0000
0.0000
1.5618
0.5871
0.0000
0.0000
0.0000
0.0000
0.0000
2.5567
0.0000
1.9227
0.0000
0.0000
1.1621
0.0000
