0.0000
0.0000
0.0000
0.0000
0.0000
0.0000
0.0000
0.0000
0.0000
2.4153
0.0000
0.0000
0.0000
0.0000
0.0000
0.0000
0.0000
0.0000
0.0000
0.0000
1.3819
0.0000
1.7770
1.6132
1.4263
0.8803
0.0000
1.3982
0.0000
0.0000
0.0000
0.0000
0.7128
0.0000
0.6588
0.0000
0.0000
0.0000
1.2365
0.0000
0.0000
0.0000
0.0000
0.0000
0.0000
0.0000
0.0000
0.0000
0.9071
0.3564
0.0000
0.0000
0.0000
0.3102
0.0000
0.0000
0.5155
0.0000
0.0000
0.0000
0.0000
1.4900
0.0000
1.7662
0.0000
0.0000
0.0000
0.0000
0.0000
0.0000
0.5783
3.2573
0.7867
0.0000
0.0000
0.6667
0.0000
0.0000
0.0000
0.0000
1.6804
0.0000
0.0000
0.0000
0.0000
1.9438
0.4295
2.4822
0.1634
0.0000
0.0000
0.0000
0.7473
0.8678
0.0000
0.0000
0.0000
0.0000
0.9927
0.0000
0.0000
0.0000
0.0000
0.0000
0.6724
0.0241
0.0052
0.0000
1.9927
3.7912
0.0000
0.0000
1.8378
0.1752
0.0000
0.0000
1.4470
0.0000
0.0000
0.0000
2.2516
1.0365
0.0000
1.3074
0.0000
0.0000
0.9307
2.3302
0.0000
0.8497
0.0000
0.0000
0.0000
0.0000
2.6552
0.0000
2.2797
0.4822
0.0000
3.2307
2.2648
0.0000
1.3683
0.5292
1.0002
0.0000
0.0000
0.8995
1.2149
0.0000
0.0130
0.5899
0.1866
0.0000
0.0000
1.0627
0.2403
0.7804
0.0000
0.0000
2.0891
0.0000
0.9345
0.0000
0.0000
0.0000
0.0000
0.4036
0.0000
2.5277
0.0000
0.0000
0.0000
0.0000
0.0000
0.0000
0.0000
0.0000
0.0000
5.4015
1.3216
2.2776
0.0000
0.0000
0.0000
0.0000
0.0000
0.0000
2.9805
1.6069
0.0000
0.0000
0.0000
0.0487
0.0000
0.0000
0.0000
2.2652
3.4597
1.7351
0.0000
0.4127
0.0000
0.0000
0.0896
0.2009
0.0000
0.0000
0.0000
0.0000
0.0000
0.0000
0.0000
0.2570
0.0000
0.0000
0.0000
0.0000
0.0000
0.0000
0.0000
0.0000
0.0000
0.0000
1.2476
0.0000
0.0000
3.0210
0.4039
0.0000
0.0000
0.0000
0.0000
0.0000
2.2852
0.0000
2.6635
0.0000
1.9532
0.0000
0.0000
0.0000
0.0024
0.0000
0.0000
0.0000
0.0000
0.0000
0.0000
0.0000
0.0000
0.0000
0.0000
0.0000
0.0000
0.0000
0.0000
0.0000
0.8259
0.0000
0.0000
0.8167
0.0000
0.0000
0.0000
0.0000
0.5278
0.0000
0.0000
1.7349
2.1608
0.0000
0.0000
1.4688
0.4622
0.0000
0.0000
1.3518
1.5539
0.0000
0.0000
0.0000
0.4003
0.5496
0.0000
0.0000
0.4484
0.0000
0.0000
0.0000
0.0000
0.0000
0.0000
0.0000
3.9233
0.0000
0.5304
1.4586
0.0000
0.8553
0.0000
0.0000
0.0000
0.0000
0.5074
0.0000
0.0000
0.0000
0.0000
0.0000
0.0000
0.0000
0.0000
0.8757
0.0000
0.0000
0.0000
0.0000
0.1569
1.4993
0.0000
0.0000
0.0000
0.0000
0.0000
3.3013
0.0000
0.2297
0.0000
3.1125
0.0000
0.0000
0.0000
0.0000
0.0000
0.0000
0.2150
0.0000
0.0000
2.3901
0.0000
0.0000
0.0000
0.0000
0.0000
3.3649
0.0000
0.0000
0.0000
0.0000
0.0000
3.9792
0.3253
0.0000
0.8029
1.5519
0.0000
0.0000
2.2658
0.0000
0.0000
0.0000
0.0000
0.0000
0.0000
1.8103
0.0000
0.0000
0.0000
0.0000
0.0000
0.8879
0.0000
0.0000
0.7817
0.0000
0.0000
1.6454
0.0000
0.0000
2.6737
0.0000
0.8571
0.0000
0.0000
0.0000
1.0018
0.0000
0.0000
1.1323
2.8142
0.0000
0.0000
0.0000
0.0000
0.4510
0.0000
0.8405
0.0000
0.0000
0.0000
1.7144
0.0000
0.0000
0.0000
0.0000
0.0000
0.0000
2.6292
0.0000
0.0000
0.0000
0.0000
1.5564
0.0000
0.0000
0.0000
0.0000
0.0000
0.0000
0.5696
0.0000
1.9031
0.0000
0.0000
0.3601
0.3087
0.2310
0.0000
0.0000
0.0000
0.0000
0.0000
0.0000
0.0000
0.0000
1.4347
0.0000
0.9252
0.3894
1.6422
0.0000
0.0000
0.0000
3.1054
0.1611
0.4006
0.0000
2.5093
2.1091
1.2203
0.0000
0.0000
0.0000
0.0000
0.2259
0.0000
0.0000
0.0000
0.0000
1.2239
0.0000
0.2870
0.0000
0.2285
0.0000
0.0000
0.7693
0.0000
0.0000
0.0000
2.0763
0.0000
0.0000
0.0000
1.1165
0.4291
0.0000
0.0000
0.0000
0.0000
0.0000
0.0000
1.7613
0.1631
0.6781
0.0000
0.5843
0.0000
1.3419
0.0000
0.0000
0.0000
0.0000
0.0000
1.4521
0.0000
0.0000
1.0180
0.0000
0.0000
0.0000
3.0871
0.0000
1.1475
1.1198
0.0000
0.0000
0.0000
0.8881
1.1548
0.9063
0.0000
0.0000
0.1695
1.0980
0.0000
0.5090
4.4429
0.0000
0.1456
2.8025
0.0000
0.5469
0.5063
0.0000
1.1144
0.0000
0.0000
0.0000
0.5487
0.0344
1.2641
0.0000
0.1901
1.1416
0.0000
0.0000
1.2055
0.0000
0.0000
0.0000
0.0000
0.0000
0.0000
0.0000
0.0000
0.0000
0.0000
0.0000
0.0000
0.0000
0.0000
0.0000
0.0000
0.0000
0.9845
0.0000
0.3625
0.0000
0.4081
1.5936
0.0000
0.0000
1.1576
2.6219
0.0000
0.0000
0.0000
0.0000
0.0000
0.0000
0.0000
0.0000
0.0000
0.0000
0.0000
0.0000
0.0000
0.0000
0.1083
0.0000
0.0000
0.0000
0.0000
0.0000
0.0000
1.0313
1.2526
0.0000
0.0000
0.0000
0.0000
0.0000
0.0000
0.0000
0.0000
0.0000
2.2398
0.6374
0.0000
1.3233
0.0000
0.0000
0.9980
2.4754
1.2728
0.0000
0.0000
0.7434
0.0000
0.0000
0.0000
3.9181
0.0000
1.3177
0.2385
0.1969
0.1246
0.0000
1.2559
0.0000
0.0000
0.0000
0.0000
0.4275
0.0000
0.0000
0.0000
0.0000
0.0000
0.0000
0.0000
0.4502
0.7530
2.0141
0.0000
1.0873
0.0000
0.0000
0.0000
0.0000
0.0000
0.0000
0.0000
0.0000
0.0000
0.0000
0.7942
0.0000
0.0000
0.2038
4.2172
0.0000
0.0000
0.0000
1.2552
0.0000
0.0000
0.0000
0.0000
1.4413
0.0000
0.0000
0.0000
0.0479
0.0000
0.0000
0.0000
0.0000
0.8563
0.0000
0.0000
0.0000
0.0000
0.4869
1.4029
0.0000
0.0000
0.0000
0.0000
0.3625
0.0000
0.0000
0.0000
1.1469
0.0000
0.1507
0.0000
1.4895
0.6330
0.0000
4.9385
0.0000
0.4831
0.0000
0.0000
0.0000
0.4327
0.0676
2.1648
0.0000
0.0000
0.2761
0.0000
0.0000
0.0000
0.0000
1.6466
1.1631
0.0000
3.7303
0.0370
0.0000
0.0000
0.0000
0.0000
0.0000
0.0000
0.0000
0.0000
0.0000
1.4474
1.4676
0.0933
0.0000
0.0000
0.0000
0.0000
1.2092
0.0000
0.0000
0.0000
0.0000
0.0000
0.0000
0.0000
1.3995
0.0000
3.3088
0.0000
0.0000
0.0000
2.8674
0.0000
0.2131
0.0000
0.0000
0.4304
0.0000
0.0000
0.7715
0.0000
0.0000
0.0000
0.0000
0.0000
0.0000
0.0000
0.0000
0.0000
0.0000
2.4804
0.0000
0.0000
0.0726
0.0000
0.3838
0.0000
0.0000
0.2224
0.0000
0.0000
0.0000
0.0000
0.0000
0.0000
0.0000
1.6904
0.0326
0.0000
0.0000
0.0000
0.0000
0.0000
0.0000
0.0000
0.0000
0.0000
0.0000
0.0000
0.0000
2.6311
0.7781
0.0000
0.0000
0.0000
0.0000
0.0000
1.2230
0.0000
0.0589
1.7722
0.0000
0.0000
0.0000
0.0000
0.0000
0.0000
0.0000
0.9202
0.0000
0.0000
0.0000
0.0000
0.0000
0.0000
0.0000
0.0000
2.6251
2.0727
0.0000
0.0000
0.0000
0.0000
0.0000
0.0000
0.0000
0.0000
0.0000
2.4432
0.0000
0.0000
0.0000
0.0000
0.0000
0.7371
0.2671
0.0000
0.0000
0.0000
0.0000
0.0000
0.0000
0.0000
0.0000
0.0000
0.0000
0.0000
0.0000
0.0000
0.0000
0.0000
0.0000
0.0000
0.0000
0.0000
0.0000
0.0000
0.0226
0.0000
0.1332
0.0000
1.1867
0.5622
0.3079
0.7355
0.0000
0.0000
0.0000
1.3982
0.0000
0.2749
0.0000
0.0000
0.0625
0.0000
1.4480
0.0000
0.0000
0.0000
0.0000
0.0000
0.0000
0.0000
0.0000
0.0000
0.0000
0.0000
0.0000
1.6334
0.0000
0.9454
0.0000
0.3846
0.0000
0.0000
2.6734
0.0000
0.0923
0.0000
0.0000
0.0000
0.0000
0.0000
0.0000
0.0000
0.0000
1.0956
1.4637
0.0000
0.0000
2.1301
0.1113
0.0000
0.0000
0.0000
0.0000
0.0000
0.0000
0.0000
0.0000
2.1703
0.0000
0.0000
1.8906
1.9786
0.0000
0.0000
0.0000
0.0000
0.0000
0.4617
0.5287
0.0000
0.0000
0.0000
0.0000
0.0000
0.0000
0.0000
0.0000
0.0000
0.0000
2.2865
1.2432
0.0000
0.0000
0.0000
4.7040
0.0000
0.0000
0.0000
0.0000
0.0000
0.0000
2.0876
0.0000
0.0000
0.7783
0.0000
0.0000
0.0000
1.5639
0.0000
0.0000
0.0000
0.4984
1.8285
0.0000
0.0000
0.0000
0.1081
0.0000
0.0000
0.0000
0.0000
0.0000
0.0000
0.0000
0.0000
0.1641
0.0000
0.3704
1.3641
2.1600
1.9312
0.0000
0.0000
0.0000
1.6003
0.0000
0.0000
0.0000
0.0000
0.1960
0.0000
0.0000
0.0000
4.5636
1.5337
0.0000
0.0000
0.7757
0.0000
1.5941
0.0000
0.0000
0.0000
2.5072
0.0000
0.0000
0.0000
2.2428
0.0000
0.0000
0.0111
3.4193
0.0000
0.5203
0.0000
0.9953
0.0000
0.0000
0.0000
0.0000
1.4623
0.0000
0.0000
1.4733
0.0000
0.0000
1.5050
0.0000
0.1232
0.0000
0.0000
0.0000
1.0872
0.0000
0.0000
0.6104
0.0000
0.0000
0.0000
0.0000
1.5554
0.0000
0.0000
0.0000
0.0000
0.0000
0.0000
0.0000
0.0000
0.0000
0.0000
0.0000
0.0000
0.0000
2.9233
0.2898
2.9102
0.0000
0.3206
0.7720
0.0000
0.3037
0.0000
0.0000
1.2159
0.0000
0.0000
0.0000
0.0000
0.0000
0.5878
0.0000
0.0000
0.0000
0.0000
0.0000
0.0000
0.5870
0.0000
1.3374
0.0000
0.3337
0.0000
0.0000
0.0000
0.2128
0.0000
0.0000
2.3414
0.0000
0.0000
0.9333
0.0000
0.1904
0.0000
0.0000
0.0000
0.0000
1.1431
0.0000
0.0000
0.0000
0.0000
0.6834
0.0000
0.0000
0.5502
0.0000
0.4919
0.0000
0.0000
0.0000
0.0000
0.0000
0.0000
0.0000
0.0000
0.0000
1.3470
0.0000
0.0000
0.0000
0.0000
0.0000
0.0000
0.0000
0.0000
0.0000
0.0000
0.0000
0.0000
0.0000
0.0000
0.0000
0.0000
0.0000
0.0000
0.0000
0.0000
1.0085
3.4596
0.0000
0.0000
0.0000
0.0000
0.0000
0.3899
0.0000
0.0000
0.0000
0.4343
0.0000
0.0000
0.0714
0.0000
0.0000
0.0000
0.3922
0.0000
0.0000
2.7277
0.0000
0.0000
0.0000
2.4526
0.0000
0.0000
0.8283
4.9039
0.0000
0.0000
0.0000
0.0000
0.0000
0.0000
1.1622
0.2007
0.0000
0.0000
0.0000
0.0000
0.6676
1.6591
0.0000
2.2351
0.0000
0.0000
0.0000
0.0000
0.0000
0.0000
0.1918
0.0000
0.0000
0.4727
1.3051
0.0000
0.0000
0.8284
0.0000
0.8756
0.0000
0.0000
0.0000
1.8623
0.0000
1.9220
0.0000
1.0275
0.0000
0.0000
0.0000
0.0000
0.0000
0.0000
0.0000
1.0161
3.6342
0.0000
0.0000
0.0000
0.0000
0.0000
0.0000
0.0000
0.0000
0.0000
0.0000
0.0000
0.0000
0.6150
0.0000
0.1301
0.0000
0.0000
0.0000
0.0000
0.0000
0.4452
0.0000
0.0000
0.0000
1.3176
0.1457
0.0000
0.0000
1.9589
0.0000
0.0000
0.0000
0.0000
2.5602
0.0000
0.0000
0.0000
0.0000
0.0000
0.5619
0.3916
0.0000
0.0000
0.0000
0.0000
0.0000
0.0000
1.4656
3.1316
0.0000
0.0000
0.0000
0.0378
0.0000
0.0000
1.0752
0.0000
0.0000
1.0549
0.0000
0.0000
0.0000
1.0521
0.0000
0.0000
0.0000
0.0000
0.0000
0.0000
0.0000
0.0000
1.1909
0.0841
0.0000
0.0000
0.0000
0.0000
0.0000
0.7869
0.0000
0.0000
1.3760
0.0000
0.0000
0.0000
0.0000
0.0000
0.0000
0.0000
0.1106
0.0000
0.1010
0.0000
0.0000
0.8253
0.0000
0.0000
0.4510
0.0000
0.0000
0.9374
1.6467
0.0000
0.0000
0.8618
0.0000
0.0000
0.0000
0.0000
0.0000
2.0606
0.4122
0.0000
1.0526
0.0000
0.0000
0.0000
0.0000
0.0000
0.0000
0.0000
0.0000
0.0000
0.0000
0.0000
0.0000
0.0000
0.0000
0.0000
0.0000
0.0000
0.0000
0.0000
0.0000
0.0000
2.4929
0.0000
0.0000
0.1185
1.3293
0.0966
0.0000
0.0000
0.0000
2.2072
2.4982
0.0000
3.3122
0.0000
0.0000
0.0000
0.0000
0.0000
0.0000
0.0000
0.0000
0.0000
0.0000
0.2218
1.9483
1.4403
0.0000
0.0000
0.0000
0.0000
0.8603
1.1154
0.0000
2.9350
0.0000
0.0000
1.9833
0.4988
1.2815
3.1561
4.2324
0.0000
0.0000
0.0000
0.0000
1.0117
0.0004
0.5209
1.6416
0.0000
0.0000
0.0000
0.0000
0.0000
0.0000
0.0000
0.0000
0.0000
1.5458
0.0000
1.3346
0.0000
0.0000
0.0000
0.0000
1.8562
0.0000
0.0000
2.8650
0.0000
0.0000
0.4583
0.8705
0.0000
0.0000
0.0000
1.4910
0.0000
0.0000
0.1912
0.0000
0.0000
0.0000
0.0000
0.0000
0.0000
0.5066
0.0566
2.1242
0.0000
2.6472
0.0000
0.0000
0.0000
0.0000
0.0000
0.0000
0.0000
0.9536
0.1509
0.0000
0.0000
0.0000
2.2148
2.9375
0.0000
0.0000
0.0000
0.0000
0.0000
0.0000
0.0000
0.0000
0.0000
1.0136
0.5324
0.0000
1.6076
0.0000
1.8878
0.0000
0.0000
0.0000
0.0000
0.0000
0.0000
0.7549
3.9354
1.3848
0.0000
0.0000
0.0000
0.0000
0.0000
0.0000
0.0965
0.7375
0.0000
0.0000
0.0000
0.0000
0.0000
0.0000
0.0000
0.0000
0.0000
0.0764
0.0000
0.0000
0.0000
0.0000
0.0000
0.0000
2.9315
1.0221
1.8948
0.0000
0.0000
0.0000
0.0000
2.1348
1.0927
0.0898
0.0000
0.0000
0.0000
0.2326
0.0000
0.0000
0.4390
0.9608
0.0000
1.6873
0.0000
0.0000
0.0000
0.0000
0.0000
0.2531
1.0558
0.0000
0.0000
0.0000
0.0000
0.0000
0.0000
0.0000
0.0000
0.0331
0.0000
0.0000
0.0000
2.8496
0.0000
0.0000
0.0000
0.0000
0.0000
0.0000
0.0000
0.0000
0.0365
0.2416
0.0000
0.0000
0.0000
0.0000
0.0000
2.0052
1.0690
1.0376
0.0000
0.0000
0.0000
0.4919
0.0000
3.8674
0.0000
0.0000
0.0000
0.0000
0.0000
0.0000
0.0000
0.0000
0.1193
0.0000
0.0000
0.0000
0.0000
0.5976
0.1628
0.6320
0.3497
0.0000
1.4741
0.6117
0.0000
0.2779
0.0000
2.4655
0.0000
0.0195
0.0000
1.1721
0.0000
1.9120
0.0000
0.0000
0.0000
0.0000
0.0000
0.0000
0.0000
0.0000
0.0000
1.2208
0.0000
0.0000
1.7279
1.3812
0.5216
0.0000
3.2950
0.0000
0.0000
0.0000
0.0000
0.1536
0.0000
0.0000
0.0000
1.1042
1.8107
0.0000
1.0482
0.0000
0.0000
0.0000
0.0000
0.0000
0.0000
0.0000
0.0000
0.0000
0.0000
0.0000
0.8940
0.0000
1.3730
0.0000
0.0000
1.2250
0.0000
0.0000
0.9373
0.0000
0.2734
0.3406
2.1492
0.8579
0.1395
0.0000
0.0000
0.0768
1.8848
0.2669
0.2583
0.0000
0.0000
0.0000
0.0000
0.0000
0.0711
0.0000
0.0012
0.0000
1.8309
1.1513
0.0000
0.0000
0.0000
0.0000
0.0000
0.0000
0.0000
0.0000
0.0000
0.0000
0.0000
0.0000
0.0000
0.0000
0.0000
0.0000
0.0000
0.0000
0.0000
0.0000
1.0318
0.0000
0.0000
1.2159
0.0000
0.4939
0.0000
0.4317
0.0000
0.1073
0.0000
1.8723
0.0000
0.0000
0.0000
0.2117
0.0000
1.4897
2.2923
1.3707
0.0000
1.0706
0.2539
0.0000
0.0000
0.0000
0.0000
0.4696
0.8644
0.0000
0.0000
0.0000
0.2104
0.0000
0.0000
0.0000
0.0000
2.5517
0.0000
0.4925
0.0000
0.1714
0.0000
0.0000
0.0000
0.0000
0.0000
1.7822
0.0000
0.3219
1.8335
0.0000
0.0000
0.0000
0.0904
0.0000
0.0139
0.5415
0.0000
0.0000
0.0000
0.0000
1.6337
1.4381
0.0000
1.4816
0.9072
2.6297
0.7078
0.0000
0.0000
0.0000
0.0000
0.0000
0.0000
2.1175
4.7445
0.0000
0.0563
1.8762
0.0000
0.9452
0.0000
0.0000
0.0000
0.3928
0.0000
0.0000
0.0000
0.7589
0.0000
0.0000
1.1174
0.0000
1.1851
0.0000
0.8432
0.3545
0.0000
0.0000
0.0000
0.0000
0.3274
0.5801
0.0000
0.0000
1.4894
0.0000
0.5470
2.8380
0.0000
0.0000
1.2989
0.0000
0.7183
0.0000
0.0000
1.5328
0.0000
0.0321
0.0000
0.0000
0.0000
2.5098
0.0000
0.0000
0.0000
0.0000
2.4619
0.0000
3.6394
1.0463
0.0000
1.3061
0.0000
0.0000
0.0000
0.0000
0.0000
0.1294
0.0000
1.9620
0.0000
0.0000
0.0000
0.0000
0.3868
0.0000
0.0000
0.0000
0.0000
0.0000
0.2706
0.0000
0.0000
0.9353
0.0000
1.7137
0.0000
0.0000
0.0000
0.6388
0.0000
0.6486
0.0000
0.0000
0.0000
0.0000
0.0000
0.7960
0.0000
0.0000
0.0000
0.8650
0.0000
2.8300
0.0000
0.0000
0.0000
0.0000
0.9141
0.0000
2.0603
0.0000
0.0000
0.0000
0.0000
0.0000
0.0000
0.0000
0.0000
0.0000
0.0205
0.0000
0.0000
0.0000
0.0000
0.0000
0.0000
2.6555
0.0000
0.0000
0.0000
0.0000
0.0000
0.0000
1.6777
0.4039
0.0000
0.0000
0.0000
0.0000
0.0000
1.2071
0.0000
0.4626
0.0000
0.9509
0.0000
0.0000
0.0000
0.1300
1.8823
1.2402
0.0000
1.4265
0.1894
0.0000
0.0000
0.0000
3.3245
0.5890
0.0000
0.0000
0.0000
0.0000
0.0000
0.0000
0.0000
0.0000
1.3041
0.0000
0.0000
2.0287
0.0000
0.0000
0.0000
0.0000
0.0000
0.0000
0.0000
3.8839
0.0000
0.0000
0.8794
1.7232
1.4407
0.0000
0.0000
0.0000
0.0000
0.0000
0.0000
0.0000
4.4338
0.5782
0.0000
0.7574
2.5634
0.0000
0.0000
1.8121
1.2023
0.0000
0.0000
0.0000
2.0530
0.0000
0.0000
0.0000
0.0000
0.0000
0.0000
0.0000
0.0000
0.0000
0.0000
2.1536
0.0000
1.4391
0.0000
0.0000
0.0000
0.0000
0.5747
0.0000
0.1630
0.0000
1.1629
1.7449
0.0000
0.0000
0.0000
0.0000
0.0000
2.4057
0.8799
0.0000
0.0000
0.3840
0.0000
1.4846
1.6096
0.0000
0.0000
0.0000
0.0000
0.0000
1.6274
0.9473
0.5044
0.0000
0.0000
0.0000
0.0000
0.0000
0.0000
0.0000
0.0000
0.0000
0.0000
0.0000
0.0000
0.0000
0.7431
0.5764
0.0000
0.9825
0.0000
0.0000
0.4946
0.8341
0.0000
0.8407
0.0000
0.0000
0.0000
1.4269
0.0000
0.0000
0.3173
0.9062
0.0000
0.0000
0.0374
0.0000
0.0000
0.0000
0.0000
0.0000
0.0000
0.0000
3.3843
1.0245
0.0000
0.0000
0.0000
0.0000
0.0000
0.0000
1.4973
0.0000
0.0000
0.0000
0.0000
0.0000
0.0000
0.0000
0.0000
0.0000
0.0000
0.2088
0.0000
1.8856
0.0000
0.3049
0.0000
0.0000
0.4039
0.0000
0.0000
0.0000
0.0000
0.1703
0.0000
0.0000
0.0000
0.0000
0.2584
2.4780
0.0000
0.8406
0.0000
0.5159
0.0000
0.0000
0.0000
0.0000
0.0000
0.9499
0.2909
0.9953
0.0000
0.6839
0.0000
4.0513
0.0000
0.0205
0.0000
0.0000
0.0000
1.6167
0.0000
0.0000
1.3424
0.0000
0.5714
0.0000
0.7462
0.0000
0.0000
1.0020
0.0000
0.0000
0.0000
0.0000
0.0000
0.0000
0.0000
0.0000
0.0000
0.0000
0.0000
0.0000
0.0000
0.0000
0.1639
0.0000
3.2583
0.1475
0.7179
0.0000
0.0000
0.0000
0.0000
0.0000
0.0000
0.9020
2.7046
4.0367
0.0000
0.0000
0.0000
2.9387
0.0000
0.0000
0.0000
0.0000
0.0000
0.0000
0.0000
0.0000
0.0000
0.0000
0.0000
0.0000
3.2188
0.0000
0.0000
2.0309
0.0000
0.0000
0.9971
0.0000
0.0000
0.0000
1.1212
0.0000
0.0000
0.0000
2.0610
1.0908
0.0000
0.0000
0.0000
0.0000
0.0000
0.0000
0.0000
0.0000
0.0000
0.0000
0.0000
0.0000
2.1017
0.7132
0.0000
0.0000
0.0521
0.0000
0.0000
0.0000
0.0000
0.0000
3.4249
0.0000
0.0000
0.0000
0.0000
0.2606
0.0000
2.1707
0.0000
0.0000
0.0000
1.6656
0.0000
0.0000
0.0000
0.0000
0.0000
3.1984
0.0000
0.0000
0.0000
0.1330
0.9401
0.6527
2.3004
0.0000
1.7963
0.0000
0.0000
0.0000
0.0000
0.0000
0.0000
0.0000
0.2444
0.0000
0.3421
0.0000
0.0000
0.0000
0.0000
0.0000
1.7666
0.0000
0.0000
0.0000
0.0000
0.0000
0.0000
0.0000
0.0000
0.0000
0.5578
0.0000
0.0000
0.7152
0.0000
0.0000
0.0000
0.9263
1.7082
0.6382
0.0000
0.0000
0.0000
0.0000
0.0000
0.0000
0.3561
0.0000
0.0000
0.0000
0.0000
0.0000
0.0000
0.0000
0.0000
1.9464
0.0000
0.0000
0.0000
0.0000
0.0000
0.0083
0.0000
0.0000
0.0000
0.0000
0.0000
0.0000
1.2099
0.0000
0.0000
0.0000
1.6909
0.0000
0.0000
0.0000
1.2405
0.0000
0.0000
0.0000
0.0000
0.0000
0.0000
0.0000
0.0000
0.0000
1.7719
5.0370
0.0000
0.0000
0.5416
0.0000
0.3321
0.0000
0.3548
0.0000
0.0000
0.0000
0.0000
0.0000
0.0000
0.0000
0.0000
0.0000
0.0000
0.0000
0.0000
0.0000
0.5600
0.0000
0.0000
0.1858
0.0000
0.0000
0.6804
0.0000
0.0000
1.3458
0.0000
0.0000
3.4938
0.0000
0.0000
0.0000
2.2146
0.0000
0.2647
0.0000
2.4955
0.0000
0.0000
1.0757
0.0000
0.0000
0.0000
0.0000
0.0000
0.9419
0.9139
0.0000
1.6068
0.0000
0.0000
0.0000
0.0000
0.3090
0.0000
0.0000
1.3192
0.0000
0.0000
0.0000
0.9976
0.0000
0.0000
0.0000
0.0000
0.0000
0.2773
0.0000
0.0000
0.0000
0.0000
0.1834
0.0000
0.0000
0.0000
0.0000
0.0000
0.0000
0.0000
2.2098
0.0000
0.0000
3.0544
0.0000
0.0000
0.0000
0.0000
0.8530
0.0000
0.0481
0.0000
0.0000
0.0000
0.0000
0.0000
1.0806
0.0000
0.0000
0.0000
0.0000
0.0000
0.0000
0.3624
0.0000
1.2339
0.0000
0.0000
0.0000
0.0000
0.0000
0.0000
1.0853
0.0000
0.0120
0.0000
0.0000
0.0000
1.8293
0.9577
0.0000
0.0000
1.8638
0.8346
1.0510
0.0000
0.0000
0.0000
1.3658
0.0000
0.0000
1.1925
1.7246
0.0000
0.0000
0.0000
2.0913
1.1465
0.1142
0.0000
0.0000
0.0000
0.0000
0.0000
0.0000
1.4083
0.4618
0.0000
0.0000
0.0000
0.0371
0.0000
0.0000
0.0000
0.0000
2.1699
0.0000
0.0000
0.0000
0.0000
0.1671
0.0000
0.0000
0.0000
0.0000
1.6379
0.0000
0.0000
0.0000
2.4843
0.0000
0.5436
0.0000
0.0000
1.2681
0.0000
0.1512
1.3691
0.0000
0.1817
1.6615
0.0000
0.0000
0.0000
0.0000
0.0000
0.0000
0.0000
0.0000
0.0000
0.0000
0.1721
0.5411
0.1403
0.0000
0.5534
0.0000
0.0000
1.4969
0.0000
0.0000
0.0000
0.0000
0.0000
0.0000
0.0000
0.0000
0.4042
0.0000
0.0000
0.0000
0.0000
0.0000
0.0000
0.1395
0.0000
1.2321
0.0000
0.0000
1.2687
0.0000
0.0000
0.0000
0.0000
1.8564
0.0000
0.0000
0.0000
0.0000
0.0000
0.0000
0.0000
0.0000
0.0000
1.6308
0.0000
0.0000
2.1163
0.0000
2.3067
0.3236
0.0000
0.0000
0.0000
0.8748
0.6015
0.5257
1.2140
0.5297
0.0000
3.7662
0.0000
0.0000
0.0000
0.0000
2.7065
0.0000
1.9834
0.0000
0.0000
0.0000
0.4583
0.0000
0.5094
0.0000
0.0000
0.4994
0.0000
0.0000
0.0000
0.3389
1.2060
0.0000
0.0000
1.1610
0.0000
0.0000
0.0000
0.4034
0.5873
1.5589
0.0000
0.0000
0.0000
0.0000
0.0000
0.5798
3.0082
0.0000
4.3160
0.0000
1.1933
4.6953
0.7661
0.0000
0.0000
0.0000
0.0000
0.0000
0.2324
0.0000
0.0000
1.6471
0.0000
0.0000
0.0000
0.0000
1.6663
0.0000
0.0000
3.2369
0.0000
0.0000
0.0000
0.3395
0.0000
0.2623
2.9649
0.0000
0.0000
1.5292
0.0000
3.5853
0.0000
0.0000
2.1768
0.0000
0.3009
0.0000
0.0000
0.0000
2.9054
0.0000
0.0000
0.0000
0.0000
0.0000
0.3535
0.0000
0.0000
0.0000
1.5677
0.0000
0.0000
0.0000
0.0000
0.0000
0.0000
1.0658
0.0000
0.0000
0.0000
0.0000
0.0000
0.0000
0.0000
0.0000
0.0000
0.0000
1.1108
0.0000
0.0000
0.7253
0.0000
0.0000
0.0000
0.0119
1.3318
0.0628
1.1761
0.0000
0.0000
2.0228
0.0000
0.0000
0.0000
0.0000
0.6231
0.0000
2.0425
0.0000
0.0000
4.1857
0.0000
0.0000
0.7007
0.0000
0.0000
0.0000
0.2833
0.0000
0.0000
0.0000
0.0000
0.3907
1.4894
0.0000
0.0000
0.0000
3.2031
0.0000
2.2001
2.6651
0.0000
0.0000
0.0000
0.0000
2.1740
0.0000
2.4187
0.0000
1.1580
0.5155
0.0000
0.3446
0.0000
0.4097
0.0000
0.0000
0.0000
1.0106
1.5562
1.2588
0.0000
0.0000
2.5611
0.0000
0.0000
0.0000
0.0000
0.0000
0.0000
0.0000
0.0000
0.0000
0.4817
0.0000
0.0000
0.1510
0.0000
0.0000
0.0000
0.0000
1.0655
1.1170
0.0000
0.0000
1.1416
1.1321
1.3903
0.0000
0.0000
0.0000
0.0000
1.2185
1.7159
0.0000
0.0000
0.0000
0.0000
0.1737
0.0000
1.1178
2.5890
0.0000
0.0000
0.8993
1.0222
2.2842
0.0000
0.0000
0.0000
0.0000
0.0000
0.0000
0.0000
0.0000
0.0000
0.0000
0.0000
0.0618
0.8537
2.0001
0.0000
0.0000
0.5501
0.0000
0.0000
0.7164
0.0000
0.0000
0.0000
0.0000
3.8542
1.9944
0.0000
0.0000
0.6932
0.0000
0.0000
0.0000
1.2943
0.0000
0.0000
2.2919
2.0699
0.6409
0.0000
0.0000
0.0000
0.0000
0.0000
0.0000
1.0953
0.0000
0.1461
8.1177
0.0000
1.5397
0.0000
0.0000
0.0000
0.0000
0.0000
0.0000
0.0000
0.0000
0.0000
0.0000
0.0000
0.0000
1.7400
0.1429
0.0000
0.0000
0.0000
0.2313
0.0000
1.6667
0.0000
0.0000
0.0000
0.4574
0.0000
0.0000
0.0000
0.4392
0.0000
0.0000
3.2174
0.0000
0.0000
0.0000
0.0000
0.0000
0.0000
0.0000
0.8075
0.0000
0.0000
0.0000
0.0000
0.0000
0.0000
0.0000
0.0000
1.5744
0.0000
1.5582
0.0000
0.0000
0.0000
0.0000
0.0000
0.0000
0.0000
0.0000
0.0000
0.0000
2.2736
0.3819
0.0000
0.0000
1.6096
0.0000
0.4011
0.0000
0.4568
0.0000
0.5341
0.0000
0.0000
0.0000
0.0000
0.0000
0.0000
0.0000
0.0000
0.0000
0.0000
0.0000
0.0000
0.0000
0.0000
0.0000
0.0000
0.0000
0.0000
0.0000
0.0000
0.2606
0.0000
0.6286
0.8630
0.0000
1.3512
1.0958
0.0000
3.0155
0.0000
0.0000
0.0000
0.6545
0.0000
0.0000
0.0000
0.0000
0.0000
0.0000
0.6582
0.0000
0.0000
0.0000
1.5561
0.0000
0.8972
0.0000
3.4857
0.0000
0.0000
2.0968
0.0000
0.3888
0.0000
0.0000
0.0000
0.0000
0.6690
1.7072
0.0000
0.0000
0.0000
0.0000
0.4799
0.0000
0.0000
1.9266
0.0000
0.0000
3.8206
0.0000
0.0000
0.0000
0.0000
0.0000
0.0000
2.8657
0.0000
0.0000
0.0000
0.0000
0.0000
1.9701
0.2550
0.6169
0.0000
0.0000
0.0000
0.0000
0.4446
0.0000
0.0000
0.5638
0.0000
0.0000
0.0000
0.0000
0.0000
1.7246
0.0000
0.0000
0.0000
0.0000
0.0000
2.5971
0.0000
0.1787
0.0000
0.0000
0.0000
2.1134
0.0000
0.0000
0.0000
4.5063
0.0000
0.0000
1.9639
0.0000
0.0000
1.8000
1.3730
0.0000
0.0000
0.0000
0.0812
0.0000
0.0000
0.3661
0.0000
0.2730
0.5484
0.7865
0.3253
0.0000
0.0000
0.0000
0.0000
0.0000
0.0000
0.0000
0.0000
0.0000
0.0000
0.0000
1.0774
0.0000
0.0000
0.0000
0.0000
0.0000
0.0000
0.2495
0.0000
0.0000
0.1335
0.0000
0.0000
0.0000
1.7402
0.3571
1.7934
0.0000
3.0438
0.0000
0.2376
0.2977
2.4295
0.0000
0.0000
0.0000
0.0318
0.0000
0.0000
0.0301
0.0000
0.1639
0.0000
0.0000
0.0000
0.0000
0.0000
0.0000
0.0000
0.0000
0.0000
0.1992
0.0000
0.0000
0.0000
3.1732
0.0000
0.0000
0.0000
2.8078
0.0000
0.0000
0.0000
0.0620
0.0000
0.0000
0.0000
0.0000
0.0000
0.0000
0.0000
0.0000
0.0000
0.0000
0.0000
0.0000
0.0000
0.0000
1.0048
0.0000
0.0000
0.9748
0.0000
0.0838
0.0000
0.0000
0.0000
1.6280
1.4816
0.0000
0.0000
0.0000
0.0000
0.0000
0.1554
0.0000
1.2474
0.0000
0.0000
3.2872
0.0000
0.0000
0.0000
0.0000
0.0000
0.0000
0.0000
0.0000
0.0000
0.0000
0.0000
0.0000
0.0000
0.0000
1.4791
2.2401
0.0000
0.8895
0.0000
0.2465
0.0000
3.0812
1.7041
0.7203
0.0000
0.0000
0.0000
0.0000
0.4197
0.0000
3.3865
0.0000
0.0000
1.1312
0.0000
0.0000
0.0000
0.0000
0.0000
1.1901
0.0000
0.0000
0.0000
0.0000
0.0000
0.0505
0.0000
2.2406
0.0000
0.0000
0.8358
1.8908
0.0000
0.9427
0.0000
0.0000
0.0000
0.0000
0.0000
0.1829
0.0000
0.6615
0.2105
0.2530
0.0000
0.0000
0.0000
0.0000
0.0000
0.0000
0.0000
1.8047
0.8001
0.0000
0.0000
0.0000
0.9163
0.6867
0.0000
0.0000
0.8955
0.8502
0.0000
0.0000
0.0000
0.0000
0.0000
1.7360
0.0000
0.0000
0.0000
0.1306
0.0000
0.6186
1.8418
0.0000
0.0000
0.0000
0.0000
0.6561
0.0000
0.9103
0.0000
0.0000
0.0000
0.0000
2.8978
0.0000
0.0000
0.0000
0.0000
0.0000
0.0000
0.0000
0.0000
0.0000
0.0000
0.0000
0.0000
0.0000
0.2867
0.0000
0.0000
0.0000
0.3620
0.0000
4.1531
0.0000
0.0000
0.0000
0.0000
0.0000
0.0000
0.0000
0.6970
0.0000
0.0000
0.8082
0.2814
0.0000
0.0000
0.0996
0.3442
0.0000
2.4323
0.0000
0.0000
0.5051
0.0000
0.0000
1.2473
0.0000
0.0000
0.0000
0.0000
0.0000
1.1171
0.0000
0.0000
1.0444
2.0988
0.6949
0.0000
0.0000
0.0000
0.0000
0.0000
0.0000
0.0000
2.7814
0.0000
2.9798
0.0000
0.0000
0.0000
0.0000
0.0000
1.1830
0.0000
2.9348
3.2347
0.0000
0.0000
1.1834
0.1130
0.4348
0.0000
0.0000
0.1193
0.0000
0.0000
0.0000
1.6748
0.0000
0.0000
1.1323
0.0000
0.0000
0.0000
0.0000
1.5010
0.7769
0.0000
0.0000
0.0000
0.0000
0.0000
0.7143
2.9364
0.0000
0.0000
0.0000
0.0000
0.0000
1.6388
2.0821
0.0000
0.3992
0.3032
0.0000
0.0000
0.0000
0.4662
5.4586
0.0000
0.0000
0.0000
0.4685
3.1095
0.3878
0.0000
0.0000
0.0000
0.0000
0.0000
0.0591
0.0000
0.0000
2.4595
0.0000
0.0000
0.0000
0.0000
0.0000
1.3066
0.6658
0.0000
0.0000
0.0000
1.4662
2.3752
0.0000
0.5739
0.0000
0.0000
0.0000
0.0000
3.1048
0.0000
0.5255
0.0000
0.0000
1.9273
0.0000
0.0000
0.0000
0.0000
0.0000
0.0000
3.5279
0.0000
0.0000
0.0000
0.0000
0.0000
0.0000
0.0000
0.2725
0.1081
0.0000
0.6567
0.0000
0.6949
0.0000
0.8225
1.5413
5.7024
0.0000
0.0000
0.0000
0.0000
0.8521
0.0000
0.0000
0.0000
0.0000
0.2428
1.7242
0.0000
1.8568
2.3916
0.0000
0.0000
0.0000
0.0000
0.0000
0.4512
1.0185
0.0000
0.0000
0.0000
0.0000
0.0000
0.0000
0.0000
4.0146
0.0000
0.0000
0.0000
0.0000
0.0000
0.0000
0.7719
0.0000
0.0000
1.0081
0.0000
0.0000
0.0000
0.0000
0.0000
5.1884
0.0000
1.2343
0.6240
0.0000
0.0000
0.0000
0.0000
0.0000
0.0000
0.0000
1.4581
0.5593
0.0000
0.0000
0.0000
0.0000
0.0000
0.0000
1.0328
0.0000
0.0000
2.0010
1.4237
0.0000
1.1149
1.1749
0.0000
1.3610
0.0000
0.0000
0.0000
0.0000
0.8577
0.0000
0.0000
0.0000
0.0000
0.0000
1.3712
0.0000
0.0000
0.0000
0.0000
0.0000
0.0000
0.6131
0.0000
0.0000
0.0000
0.0000
4.1049
0.0000
0.0000
0.0000
0.0000
0.0000
2.1649
0.0000
0.0000
0.0000
0.0000
0.0000
0.0000
0.8220
0.0000
4.1472
0.2744
0.0000
0.0000
0.0000
0.2917
0.0000
3.3115
0.0000
0.0000
0.0000
0.6811
0.0000
0.0000
0.0000
0.0000
0.0000
0.0000
1.7183
0.0000
0.0000
0.0000
0.0000
0.0000
1.2987
0.0000
0.3401
0.7957
0.0000
0.3434
3.0293
3.1216
1.2527
0.0000
0.0000
0.2978
1.2771
0.0000
0.0000
0.0000
0.0000
0.0000
0.9510
1.9335
0.0000
0.0000
2.4270
0.0000
1.3726
0.5742
0.0000
0.0000
0.0000
0.0000
4.4755
0.0000
1.5492
0.0000
0.0000
0.0000
0.9935
1.5307
0.0000
0.0000
0.0000
0.0000
0.4762
0.0000
1.7816
0.0000
0.0000
0.0000
0.0000
3.6666
0.0000
0.0000
0.0000
0.6508
0.0000
1.9249
0.0000
0.0000
0.0000
0.2952
0.0000
0.0000
0.0000
0.0000
2.3027
0.0000
0.0000
0.0000
0.0000
1.0732
0.0000
3.8576
0.0000
0.0000
0.0000
0.0000
0.0000
0.8487
0.0000
0.0000
0.0000
1.5846
0.0000
1.6153
0.0000
0.0000
0.0000
0.0000
0.0000
1.4604
0.0000
0.0000
0.0000
0.0000
0.0000
0.0000
0.7736
0.0000
0.9877
0.0000
0.0000
0.0000
0.0000
0.0000
1.6457
1.8332
0.0000
0.7045
0.0000
0.0000
0.0000
0.0000
0.0000
0.0000
0.0000
1.2979
0.0000
0.3913
0.3070
0.0000
0.0000
2.0234
0.0000
0.0000
0.0000
0.0000
0.0000
0.0000
2.5395
0.0000
0.0000
0.0000
0.0000
0.0000
0.0000
1.9707
0.0000
0.0000
0.0000
0.0000
0.1816
0.0000
0.0000
0.0000
0.4526
0.0000
0.0000
0.0000
0.0000
0.0000
2.3061
0.0000
0.0000
0.0000
0.0000
0.0000
5.9060
0.0000
0.0000
4.0336
0.3067
0.0000
0.0000
0.0000
1.3642
0.0000
0.0000
1.3496
0.0000
0.0000
1.2705
2.2867
0.0000
0.0000
1.5579
0.0000
0.6609
1.1375
0.0000
1.6642
0.0000
0.0000
0.0000
0.0000
2.4678
0.0000
0.0000
0.0000
0.6713
0.0000
0.0000
0.3527
0.0000
0.0000
1.1330
0.0000
0.0000
0.0000
0.1367
0.0000
1.3794
0.0000
0.0000
0.0000
0.0000
0.0000
0.0000
0.0000
1.9860
0.0000
0.0000
0.0000
0.0000
1.1165
0.0000
0.0000
0.0000
0.6536
0.0000
0.0000
0.0000
0.0000
0.0000
0.0000
0.0000
0.0000
0.0000
0.0000
0.0000
0.0000
1.4823
0.0000
0.0000
0.0000
0.0000
0.4318
1.2763
0.1174
0.0000
0.0000
0.0000
4.3788
0.6051
0.0000
0.0000
3.4865
1.3703
0.0000
0.0000
0.0000
0.1481
0.0000
1.0454
0.0000
3.0316
0.0000
0.0000
0.6533
3.8563
0.0000
1.3086
0.0000
0.0000
0.0000
0.0000
3.0603
0.0000
0.0000
0.0000
0.0000
0.0000
0.0000
0.4665
0.4423
0.0000
0.4993
0.0000
0.0000
0.3955
0.0000
0.0000
0.0000
0.0000
0.0000
4.6520
0.0000
1.1950
0.1397
0.6451
0.0000
0.0000
1.9626
0.0000
1.3068
0.4000
0.4328
2.7856
0.0000
0.0000
0.0000
0.0000
0.0000
0.0000
0.1833
0.0000
0.0000
0.0000
0.0000
0.0000
0.0000
0.4226
0.0000
0.0000
0.0000
2.0477
0.0684
0.0471
0.0000
0.0000
0.0000
2.3023
0.0000
0.0000
0.0848
2.3686
0.0000
0.0000
0.0000
0.6301
4.0107
0.0000
1.0995
0.0000
0.3954
0.0000
0.0000
0.0000
0.0000
0.0000
0.0000
0.0000
0.0000
1.7389
1.3424
2.2560
0.0000
0.0000
1.6772
0.0000
0.0000
0.0000
0.0000
0.0000
2.7691
0.0000
0.0000
2.2939
0.0000
0.0000
0.0000
3.4221
1.4951
0.0000
0.0000
0.0000
0.0000
0.0361
0.0000
1.4805
0.0000
0.0000
0.0000
0.0000
0.3831
1.0069
0.0000
0.0000
0.3503
0.0000
0.0000
0.0000
0.7360
0.0000
0.0000
0.0000
1.6914
1.0941
1.3843
0.0000
0.0000
0.0000
0.0000
0.0279
2.2339
0.0000
0.0000
0.0000
0.0000
2.8858
0.0000
0.8922
0.0000
0.0000
0.0000
0.0000
0.0243
0.0000
0.0000
0.0000
0.0000
2.4586
0.2882
0.4585
0.4792
0.0000
0.0000
0.0000
1.8659
0.0880
0.0000
0.0000
1.4677
1.4515
1.1852
0.0000
0.0000
0.0000
0.0000
0.0000
0.0000
0.0000
0.0000
0.8627
0.0000
0.0000
0.0000
0.0000
0.0000
3.7637
0.1012
0.0000
0.0000
1.0271
0.0000
0.0000
0.0000
0.0000
0.0000
0.0000
0.6507
0.1479
0.0000
1.1357
1.5866
0.0000
0.0000
0.0719
0.7815
0.0000
0.0000
0.0000
0.0000
0.1044
0.0000
0.0000
0.0000
0.0000
0.7345
0.0000
0.0000
0.0000
0.1286
0.0000
0.0000
0.0000
0.0000
0.1718
0.0000
0.0000
1.0852
0.0000
1.9961
1.2077
0.3064
0.5392
0.0000
0.0000
1.8541
0.0000
0.0000
0.0000
0.3629
0.0000
0.0000
4.6761
0.5516
0.0000
3.4375
0.0026
2.6254
0.1233
0.0000
2.3395
0.2235
0.0000
0.0000
0.0000
0.0000
0.0000
0.0000
0.6084
1.0492
2.0277
0.0000
0.0000
0.2469
0.0000
0.0000
1.1765
0.0000
0.0000
0.0000
0.0000
0.0000
0.0000
