0.0000
0.0000
0.0000
0.0000
0.0000
0.0000
0.0000
0.0000
0.0000
2.0054
0.0000
0.0000
0.0000
0.0000
0.0000
0.0000
0.0000
0.0000
0.1792
0.0000
1.2477
0.0000
1.5152
1.3831
1.1270
0.8765
0.0000
1.9266
0.0000
0.0000
0.0000
0.0000
1.2704
0.0000
0.8398
0.0000
0.0000
0.0000
1.1245
0.0000
0.0000
0.0000
0.0000
0.0000
0.0000
0.0991
0.0000
0.0000
1.1154
0.3115
0.0000
0.0000
0.0000
0.3728
0.0000
0.0000
0.8552
0.0000
0.0000
0.0000
0.0000
1.7813
0.0000
2.1390
0.0000
0.0000
0.0000
0.0000
0.0000
0.0000
0.8494
3.3866
1.0637
0.0000
0.0000
0.7844
0.0000
0.0000
0.0000
0.0655
1.9069
0.0000
0.0000
0.0000
0.0000
2.1839
1.3828
2.2644
0.7869
0.0000
0.1080
0.0000
0.6187
0.7439
0.0000
0.0000
0.0000
0.0000
0.5582
0.0000
0.0000
0.0000
0.0000
0.0000
1.0719
0.0494
0.0000
0.0000
1.9361
4.2565
0.0000
0.0000
2.2235
0.2840
0.0000
0.0000
1.2107
0.0000
0.0000
0.0000
2.2118
0.6176
0.0696
1.1882
0.0000
0.0000
1.0704
2.2824
0.0000
0.7479
0.0000
0.0000
0.0000
0.0000
2.7228
0.0000
2.4267
0.7348
0.0000
3.0891
2.1002
0.0000
0.8380
0.8922
0.5525
0.0000
0.0000
1.7881
1.2454
0.2024
0.6204
0.8268
0.6292
0.0000
0.0000
0.4475
0.1881
0.9095
0.0000
0.0000
0.8981
0.0000
1.6777
0.0000
0.0000
0.2299
0.0000
0.4381
0.0000
3.1562
0.0000
0.0000
0.0000
0.0000
0.0000
0.0000
0.0000
0.0308
0.0000
5.3564
1.9911
2.1638
0.0000
0.0000
0.0000
0.0000
0.0096
0.0000
2.4977
1.5598
0.0000
0.0000
0.0000
0.0000
0.0000
0.0000
0.0000
1.9850
3.1159
1.3925
0.0000
0.9620
0.0000
0.0000
0.5726
0.0000
0.0000
0.0000
0.0000
0.0000
0.0000
0.0000
0.0000
0.8704
0.0000
0.0000
0.0000
0.0000
0.0000
0.0000
0.0000
0.0000
0.0000
0.0000
1.1137
0.0000
0.0000
2.5513
0.5826
0.0000
0.0000
0.0000
0.0000
0.0000
2.7235
0.0000
2.1025
0.0000
2.0889
0.0000
0.0000
0.0000
0.0000
0.0000
0.0000
0.0000
0.0000
0.0000
0.1075
0.0000
0.0000
0.0000
0.0000
0.0000
0.0000
0.1493
0.0000
0.0000
0.7964
0.0000
0.0000
0.7695
0.0000
0.0000
0.0000
0.0000
1.9321
0.0000
0.0000
1.7795
1.8960
0.0000
0.0000
1.2814
0.2906
0.0000
0.0000
0.8664
2.2165
0.0000
0.0000
0.0000
0.9283
0.5734
0.0000
0.0000
0.9096
0.0000
0.0000
0.0000
0.0000
0.0000
0.0000
0.0000
3.8619
0.1152
0.4488
1.2436
0.0000
0.2404
0.0000
0.0000
0.0000
0.0000
0.6684
0.0000
0.0000
0.0000
0.0000
0.0000
0.0000
0.0000
0.0000
0.4934
0.0000
0.0000
0.0000
0.0000
0.0000
1.8193
0.0000
0.0000
0.0000
0.0000
0.0000
3.6022
0.0000
0.5073
0.0000
3.4242
0.0000
0.0000
0.0000
0.0000
0.0000
0.0000
0.7848
0.0000
0.0000
2.8141
0.0000
0.0000
0.0000
0.4462
0.0000
3.4968
0.0000
0.0000
0.0000
0.0000
0.0000
3.5887
0.3250
0.0000
0.9095
1.6896
0.4089
0.0000
1.4386
0.0000
0.0000
0.0000
0.0000
0.0000
0.0000
1.6295
0.0000
0.0000
0.0000
0.0000
0.0000
1.2323
0.0000
0.0000
0.7464
0.0000
0.0000
1.4676
0.0000
0.0000
2.9385
0.0000
1.4395
0.0000
0.0000
0.0000
1.2388
0.0000
0.0000
0.3653
1.3851
0.0000
0.0000
0.0000
0.0000
0.3830
0.0000
1.6622
0.0000
0.0000
0.0000
1.8386
0.0000
0.0000
0.0000
0.0000
0.0000
0.0000
2.6177
0.0000
0.0000
0.0000
0.0000
2.3508
0.0000
0.0000
0.0000
0.0815
0.0000
0.0000
1.0972
0.0000
1.7948
0.0000
0.0000
0.4342
0.2057
0.0000
0.0000
0.0000
0.0000
0.0000
0.0000
0.0000
0.0000
0.0000
1.2610
0.0000
0.9951
0.0000
1.4607
0.2362
0.0000
0.0000
3.4219
1.0785
0.5838
0.0000
2.2657
1.7842
1.4369
0.0000
0.0000
0.1464
0.0000
0.3528
0.0000
0.0000
0.4024
0.0000
1.1302
0.0000
1.1019
0.0000
0.4816
0.2827
0.0000
1.2137
0.0000
0.0000
0.1004
1.6934
0.0000
0.0000
0.0000
1.0374
0.5543
0.0000
0.0000
0.0000
0.0000
0.0000
0.0000
2.0000
0.0773
0.8269
0.0000
0.7522
0.0000
2.1230
0.0000
0.0000
0.0000
0.0000
0.0000
1.6903
0.0000
0.0000
0.7612
0.0000
0.0000
0.0000
3.1705
0.3199
0.9497
0.9555
0.0000
0.0000
0.0206
1.1763
1.1281
1.0238
0.0000
0.0000
0.8321
1.1610
0.0000
0.5631
4.0175
0.0000
0.6432
3.4350
0.0000
0.6984
1.1543
0.0000
0.9327
0.0000
0.0000
0.0000
0.9170
0.5717
1.0019
0.0000
0.3317
0.7615
0.0000
0.0000
0.8388
0.0000
0.0000
0.0000
0.0000
0.0000
0.0000
0.0000
0.0000
0.0000
0.0000
0.0000
0.0000
0.0000
0.0000
0.0000
0.0000
0.0000
0.0000
0.0000
0.4673
0.0000
0.3108
1.9915
0.0000
0.0000
1.1040
2.1411
0.0000
0.0000
0.0000
0.0000
0.0000
0.0000
0.0000
0.0000
0.0000
0.0000
0.0000
0.0000
0.0000
0.0000
0.6750
0.0000
0.0000
0.0000
0.0000
0.0000
0.0000
1.2448
0.8223
0.0000
0.0000
0.0000
0.0000
0.0000
0.0000
0.0000
0.0000
0.0000
1.6377
0.8712
0.0000
1.9666
0.0000
0.0000
1.4230
1.8396
1.3233
0.0000
0.1793
0.9804
0.2038
0.2219
0.0000
4.0969
0.0000
1.1696
1.4112
0.1954
0.0000
0.0000
1.1167
0.0000
0.0000
0.0000
0.0000
0.6852
0.0000
0.0000
0.0000
0.0000
0.0000
0.0000
0.0000
0.3434
0.6801
2.4080
0.0000
0.8516
0.0000
0.0000
0.0000
0.0000
0.0000
0.0000
0.0000
0.0000
0.0000
0.0000
1.3631
0.0000
0.0000
0.0000
4.3959
0.0000
0.0000
0.0000
1.5586
0.0000
0.0000
0.0000
0.0000
1.1856
0.0000
0.0000
0.0000
0.0000
0.0000
0.0000
0.0000
0.0000
1.1704
0.0000
0.0000
0.0000
0.0000
0.5981
1.6184
0.0000
0.0000
0.0000
0.0000
1.0614
0.0000
0.0000
0.0000
0.6146
0.0000
0.3097
0.0000
1.3731
0.4293
0.0000
4.3335
0.0000
0.7855
0.0000
0.0000
0.0000
0.0000
0.2304
1.3846
0.6134
0.0000
0.9928
0.0000
0.0000
0.0000
0.0000
1.0593
1.7646
0.0000
3.4687
0.0000
0.0000
0.0000
0.0000
0.0000
0.0000
0.0000
0.0000
0.0000
0.0000
2.2582
1.2055
0.0000
0.0000
0.0000
0.0000
0.0000
1.2352
0.0000
0.0000
0.0000
0.0000
0.0000
0.0000
0.0000
1.1154
0.0000
3.0201
0.4920
0.0000
0.0000
1.6781
0.0000
0.8643
0.0000
0.0000
1.0695
0.0000
0.0000
0.8471
0.0000
0.0000
0.0000
0.0000
0.0000
0.0000
0.0000
0.0000
0.5891
0.0000
2.6480
0.0000
0.0000
0.4878
0.0000
0.0312
0.0000
0.0000
0.7209
0.0000
0.0000
0.0000
0.2794
0.3462
0.0000
0.0000
1.6309
0.0362
0.0000
0.0000
0.0000
0.3658
0.0000
0.0000
0.0000
0.0000
0.0000
0.0000
0.0000
0.0000
2.2815
1.4135
0.0000
0.0000
0.0000
0.0000
0.0000
1.1684
0.0000
0.6609
1.8312
0.0000
0.0000
0.0000
0.0000
0.0000
0.0000
0.0000
1.3088
0.2479
0.0000
0.0962
0.0000
0.0000
0.2566
0.0000
0.0000
1.9837
1.5384
0.0000
0.0000
0.0000
0.0000
0.0000
0.0000
0.0000
0.0000
0.0000
2.0709
0.0000
0.0000
0.0000
0.0000
0.0000
1.1636
0.0000
0.0000
0.0000
0.0000
0.0000
0.0000
0.0000
0.0000
0.0000
0.0000
0.0000
0.0000
0.0000
0.0000
0.0000
0.0000
0.0000
0.0000
0.0000
0.0000
0.0000
0.0000
0.3583
0.1555
0.3041
0.0000
1.3089
0.4404
0.0224
0.5344
0.0000
0.0000
0.0000
1.5904
0.0000
0.2071
0.0000
0.0537
0.4602
0.0000
1.4225
0.0000
0.0000
0.0000
0.0000
0.0000
0.0000
0.0000
0.0000
0.0000
0.0000
0.0000
0.0000
1.7021
0.0000
1.1680
0.0000
0.6529
0.0000
0.0000
2.6439
0.0000
0.5186
0.0000
0.0000
0.0000
0.0000
0.0000
0.0000
0.0000
0.0000
1.3056
1.3499
0.0000
0.0000
2.7238
0.1967
0.0000
0.0000
0.0000
0.0000
0.0000
0.0000
0.0000
0.2406
2.7195
0.0000
0.0000
1.2389
2.2780
0.0000
0.0000
0.0000
0.0000
0.0698
0.6812
0.3838
0.0000
0.0000
0.0000
0.0000
0.0000
0.1952
0.0000
0.0000
0.0000
0.0000
2.5047
1.2869
0.0000
0.0000
0.0000
4.3154
0.0000
0.0000
0.0000
0.0000
0.0000
0.0000
1.8341
0.0000
0.0000
1.0051
0.0000
0.0000
0.0000
1.6926
0.0000
0.0000
0.0000
0.3857
1.8626
0.0000
0.0000
0.0000
0.3256
0.0000
0.0000
0.0000
0.1993
0.0000
0.0000
0.0000
0.0000
0.2386
0.0000
1.0679
1.6646
2.0519
2.7172
0.0000
0.0000
0.0000
1.8472
0.0000
0.0000
0.0000
0.0000
0.0000
0.0000
0.0000
0.0000
3.9092
1.7125
0.0000
0.0000
0.5116
0.0000
1.6187
0.0000
0.0000
0.0000
2.6886
0.0000
0.0000
0.0000
1.6697
0.0000
0.0000
0.0046
3.4031
0.0000
0.6862
0.0000
0.4290
0.0000
0.0000
0.0000
0.0000
1.1830
0.0000
0.0000
1.1700
0.1660
0.0000
1.2912
0.0000
0.4442
0.0000
0.0000
0.0000
1.0874
0.0000
0.0000
0.5437
0.0000
0.0000
0.0000
0.0000
1.9892
0.0000
0.0000
0.0000
0.0000
0.0000
0.0000
0.0000
0.0000
0.0000
0.0000
0.0000
0.0000
0.0000
4.3168
0.9563
2.9004
0.0000
0.3804
0.6007
0.0000
0.6539
0.0000
0.1921
1.5576
0.0000
0.0000
0.0000
0.0000
0.0000
1.1069
0.0000
0.0000
0.2980
0.0000
0.0000
0.0000
0.9329
0.0000
0.6083
0.0000
0.0000
0.0000
0.0000
0.0000
0.4987
0.0000
0.0000
2.5883
0.0000
0.0000
0.5230
0.0000
0.0000
0.0000
0.0000
0.0000
0.0000
0.7656
0.0000
0.0000
0.0000
0.0000
0.5328
0.0000
0.0000
0.7460
0.0000
0.8752
0.0000
0.5662
0.0000
0.0000
0.0000
0.0000
0.0332
0.0000
0.0000
1.1648
0.0000
0.0000
0.0000
0.0000
0.0000
0.0000
0.0000
0.0000
0.0000
0.0000
0.0000
0.0000
0.0000
0.0000
0.0000
0.0000
0.0000
0.0000
0.0000
0.0653
1.0939
3.6549
0.0000
0.0000
0.0000
0.0000
0.0000
0.4517
0.0000
0.0000
0.0000
0.2128
0.0000
0.0000
0.5513
0.0000
0.0000
0.0000
0.3952
0.0000
0.0000
2.9061
0.0000
0.3609
0.1502
2.8694
0.0000
0.0000
0.7214
4.1674
0.0000
0.0000
0.0000
0.0000
0.0000
0.0000
0.8067
0.0000
0.0000
0.0000
0.0000
0.0000
0.8711
1.8020
0.0000
2.1015
0.0000
0.0000
0.0000
0.0000
0.0000
0.0000
0.0000
0.0000
0.0000
0.4555
1.9954
0.0000
0.0000
0.6754
0.0000
0.6868
0.0000
0.0000
0.0000
2.2141
0.0000
1.7078
0.0000
1.1844
0.0000
0.0000
0.0000
0.0000
0.0000
0.0000
0.0000
0.8869
3.6693
0.0000
0.0000
0.0000
0.0000
0.0000
0.0000
0.0000
0.0000
0.0000
0.0000
0.0000
0.0000
0.7341
0.0000
0.2646
0.0000
0.0000
0.0000
0.0000
0.0000
0.6708
0.0000
0.0000
0.0000
1.2065
0.0000
0.0000
0.0000
1.6846
0.0000
0.0000
0.0000
0.0000
1.8495
0.0000
0.0000
0.0000
0.0000
0.0000
0.8843
0.0000
0.0000
0.0000
0.0000
0.0000
0.0000
0.0000
2.1684
2.7580
0.0000
0.0179
0.0000
0.0000
0.0000
0.0628
0.7932
0.0000
0.0000
1.1868
0.0000
0.0000
0.0000
0.4969
0.0000
0.0000
0.0000
0.0000
0.0000
0.0000
0.0000
0.0000
1.0737
0.0000
0.0000
0.0000
0.0000
0.0000
0.0000
1.4389
0.0000
0.0000
1.4475
0.0000
0.0000
0.0000
0.0000
0.0000
0.0000
0.0000
0.0000
0.0000
0.0000
0.0000
0.0000
0.7011
0.0000
0.0000
0.3065
0.0000
0.0000
1.0358
1.3277
0.0000
0.0244
1.5951
0.0000
0.0000
0.0000
0.0000
0.0000
1.7045
0.2895
0.0000
1.0518
0.0000
0.0000
0.0000
0.0000
0.0000
0.0000
0.0000
0.0000
0.0000
0.0000
0.0000
0.0000
0.0000
0.0000
0.0000
0.0000
1.0619
0.0000
0.0000
0.0000
0.0000
2.5958
0.0000
0.0000
0.4245
0.8671
0.0774
0.0000
0.0000
0.0000
2.1183
2.5661
0.0000
2.9948
0.0000
0.0000
0.0000
0.0000
0.0000
0.0000
0.0000
0.0000
0.0000
0.0000
0.0000
2.2978
0.9324
0.0000
0.0000
0.0000
0.0000
0.9221
0.8039
0.0000
3.6622
0.0000
0.0000
0.7091
0.3865
0.7262
3.2156
4.2496
0.0000
0.0000
0.0000
0.0000
0.6165
0.0000
0.1609
0.7785
0.0000
0.0000
0.0000
0.0000
0.0000
0.0000
0.0000
0.0000
0.0000
0.9044
0.0000
0.7713
0.0000
0.0000
0.0000
0.0000
1.5458
0.0000
0.0000
2.9778
0.0000
0.0000
0.5972
0.4775
0.0000
0.0000
0.0000
1.9465
0.0000
0.0000
0.4535
0.0000
0.0000
0.0000
0.0000
0.0000
0.1664
0.3273
0.0000
1.7291
0.0000
2.5427
0.0000
0.1078
0.0000
0.0000
0.0000
0.0000
0.0000
1.1443
0.7352
0.0000
0.3471
0.0000
2.3241
3.2439
0.0000
0.0000
0.0000
0.0000
0.0000
0.0000
0.0000
0.0000
0.0000
0.6270
1.2347
0.0000
1.3362
0.0000
2.1997
0.0000
0.0000
0.0000
0.0000
0.0000
0.0000
0.7946
4.9447
0.9714
0.0000
0.0000
0.0000
0.4878
0.0000
0.0000
0.9455
0.7169
0.0000
0.0000
0.0000
0.0000
0.0000
0.0000
0.0000
0.3487
0.0000
0.2850
0.0000
0.0000
0.0000
0.0264
0.0000
0.0000
3.3025
0.9709
1.7830
0.0000
0.0000
0.0000
0.0000
1.8262
1.3974
0.0751
0.0000
0.0000
0.0000
0.5600
0.0000
0.0000
0.4543
0.6707
0.0000
1.7507
0.0000
0.0000
0.0000
0.0000
0.0000
0.3945
0.6495
0.0000
0.0000
0.0000
0.0000
0.0000
0.0000
0.0000
0.0000
0.0000
0.0000
0.0000
0.0000
3.0453
0.0000
0.0000
0.0000
0.0000
0.0000
0.0000
0.0000
0.0000
0.1342
0.2118
0.0000
0.0000
0.0000
0.0000
0.0000
1.5226
1.4513
0.4093
0.0000
0.0000
0.0000
0.2239
0.0000
4.5294
0.0000
0.0000
0.0000
0.0000
0.0000
0.0000
0.0000
0.0000
0.0000
0.0000
0.0000
0.0000
0.0000
0.4209
0.0205
1.0884
0.0000
0.0000
1.8107
0.7092
0.0000
1.2032
0.0000
2.8248
0.0000
0.0267
0.0076
1.3893
0.0000
2.6789
0.0000
0.0000
0.0000
0.0000
0.0000
0.0000
0.0000
0.0000
0.0000
1.4890
0.0000
0.0000
1.7443
0.4094
1.3391
0.0000
2.4957
0.0000
0.0000
0.0000
0.0000
0.2945
0.0000
0.1860
0.0000
1.4937
1.3116
0.0000
0.6329
0.0000
0.1332
0.0000
0.0000
0.0000
0.0000
0.0000
0.4386
0.0000
0.0000
0.0000
0.7133
0.0000
0.8103
0.2027
0.0000
1.3759
0.0000
0.0000
1.0128
0.0000
0.5419
0.0000
2.5508
0.9720
0.4608
0.0000
0.0000
0.0000
1.8964
0.6416
0.8096
0.0000
0.0000
0.0000
0.0000
0.0000
0.5827
0.0000
0.2391
0.0000
1.4437
2.5355
0.0000
0.0000
0.0000
0.0000
0.0000
0.0000
0.0000
0.0000
0.0000
0.0000
0.0000
0.0000
0.0000
0.0000
0.0000
0.0000
0.0000
0.0000
0.0000
0.0000
0.9141
0.0000
0.0000
1.5160
0.0000
0.8864
0.0000
0.7874
0.0000
0.0000
0.0000
3.0965
0.0000
0.0000
0.0000
0.0000
0.0000
1.7892
1.8626
1.8648
0.0000
1.9628
0.0000
0.3699
0.0000
0.0000
0.0000
0.6351
1.4439
0.0000
0.0000
0.0000
0.0000
0.0000
0.0000
0.0000
0.4319
1.5938
0.0000
0.0321
0.0000
0.0000
0.0000
0.0000
0.0000
0.0000
0.0000
1.9658
0.0000
0.8775
2.2972
0.0000
0.0000
0.4022
0.0000
0.0000
0.6770
0.4050
0.0685
0.0000
0.0000
0.0000
1.6472
2.1133
0.0000
1.7423
1.0235
2.6757
0.5495
0.0000
0.0000
0.0000
0.0000
0.0000
0.2579
1.8721
4.5236
0.0000
0.2341
1.2843
0.0000
1.4516
0.0000
0.0000
0.0000
0.0000
0.0000
0.0000
0.0000
0.3107
0.0000
0.0000
0.6523
0.0000
0.9938
0.1557
1.6370
0.0000
0.0285
0.0000
0.0000
0.0000
0.4547
0.7471
0.0000
0.0000
1.2626
0.0000
0.7039
3.4513
0.0000
0.0000
0.7610
0.0000
0.1056
0.0000
0.0000
1.4674
0.0000
0.0815
0.0000
0.0000
0.0000
1.8897
0.0000
0.0000
0.0000
0.0000
2.5294
0.0000
3.3417
1.6045
0.0673
1.7138
0.0000
0.0000
0.0000
0.0000
0.0000
0.4601
0.0000
2.1317
0.0000
0.0000
0.0000
0.0000
0.5498
0.0000
0.0000
0.0000
0.0000
0.0000
0.0000
0.0000
0.0000
1.2187
0.0000
1.5706
0.0000
0.0000
0.0000
0.7991
0.2905
0.2617
0.0000
0.0000
0.0000
0.0000
0.0000
1.2520
0.0000
0.0000
0.0000
1.0590
0.0000
3.4325
0.0000
0.0000
0.0000
0.0000
0.6706
0.0000
1.9254
0.0000
0.0000
0.0000
0.0000
0.0000
0.0000
0.0000
0.0000
0.0000
0.0000
0.0000
0.0000
0.0000
0.0000
0.0000
0.0000
2.9397
0.0000
0.0000
0.0000
0.0000
0.0000
0.0000
1.7711
0.8439
0.0000
0.0000
0.0000
0.0000
0.0984
1.1811
0.0000
0.3700
0.0000
0.6796
0.0000
0.0000
0.0000
0.6077
1.6963
1.1543
0.0000
1.3379
0.2579
0.0000
0.0000
0.0000
3.4800
0.0000
0.0000
0.0000
0.0000
0.0000
0.0000
0.0000
0.0000
0.0000
1.5625
0.0000
0.0000
1.7298
0.1785
0.0000
0.0000
0.0000
0.0000
0.0000
0.0000
2.9382
0.0000
0.0000
1.1416
2.8128
1.6201
0.0000
0.0000
0.0000
0.0000
0.0000
0.0000
0.0000
3.5217
0.1125
0.0000
0.6284
3.2067
0.0000
0.0000
1.5872
0.9554
0.0000
0.0000
0.0000
1.9814
0.0000
0.0000
0.0000
0.0000
0.0000
0.0000
0.0000
0.0000
0.0000
0.0000
2.8257
0.0000
1.1638
0.5019
0.0000
0.0000
0.0000
0.9281
0.0000
0.0000
0.0000
1.5567
1.7796
0.0000
0.0000
0.0000
0.0000
0.0000
2.6402
1.3419
0.0000
0.0000
0.6634
0.0000
2.0269
1.2538
0.0000
0.0000
0.0000
0.0000
0.0000
1.4027
0.8324
0.5261
0.0000
0.0471
0.0000
0.0000
0.0000
0.0000
0.0000
0.0000
0.0000
0.0000
0.0000
0.0000
0.0000
0.3321
1.3381
0.0000
1.4655
0.0000
0.0000
1.0501
1.1821
0.0000
1.2675
0.0000
0.0000
0.0000
1.6733
0.0000
0.0000
0.4175
1.3389
0.0000
0.0000
0.0705
0.0000
0.0000
0.0000
0.0000
0.0000
0.0000
0.0000
3.6203
0.5921
0.0000
0.0000
0.0000
0.0000
0.0000
0.0000
1.9195
0.0000
0.0000
0.0000
0.0000
0.0000
0.0000
0.0000
0.0000
0.0000
0.0000
0.3696
0.0000
1.4784
0.0000
0.0000
0.1258
0.0000
0.9667
0.0000
0.0000
0.0000
0.0000
0.6109
0.0000
0.0000
0.0000
0.0000
0.0000
3.0098
0.0000
1.6069
0.0000
1.0559
0.0000
0.0000
0.0000
0.0000
0.0000
0.9929
0.3935
0.9120
0.0000
0.8799
0.0000
3.3712
0.0000
0.3603
0.0000
0.0000
0.0000
1.1200
0.0000
0.0000
1.5422
0.0000
1.2563
0.0000
0.9183
0.0000
0.0000
0.8842
0.0000
0.0000
0.0000
0.0000
0.0000
0.0000
0.0000
0.0000
0.0000
0.0000
0.0000
0.0000
0.0000
0.0000
0.0000
0.0000
3.0343
0.2396
0.9051
0.2218
0.0000
0.0000
0.0000
0.0000
0.0000
0.1616
2.1086
3.9949
0.0000
0.0000
0.0000
3.2293
0.0000
0.0000
0.0000
0.0000
0.0000
0.0000
0.0000
0.0000
0.0000
0.0000
0.0000
0.0000
3.1595
0.0000
0.0000
1.4824
0.0000
0.0000
0.4258
0.0000
0.0589
0.0000
0.7189
0.0000
0.0000
0.0000
2.6591
0.6248
0.0000
0.0000
0.0000
0.0000
0.0000
0.0000
0.0000
0.0000
0.0000
0.0000
0.0000
0.0000
2.8882
0.4087
0.0000
0.0000
0.0669
0.0000
0.0000
0.0000
0.3558
0.0000
2.1316
0.0000
0.0000
0.0000
0.0000
0.0000
0.0000
2.4831
0.0000
0.0000
0.0000
1.5974
0.0175
0.0000
0.3633
0.0000
0.0000
3.4974
0.0000
0.0000
0.0000
0.6279
0.3962
0.2161
2.8508
0.0000
2.1483
0.0000
0.0000
0.0000
0.0000
0.0000
0.0000
0.0000
1.2157
0.0000
0.1062
0.0000
0.0000
0.0000
0.0000
0.0000
1.6695
0.0000
0.0000
0.0000
0.0000
0.0000
0.0000
0.0000
0.0000
0.0000
0.3940
0.0000
0.0000
0.2361
0.0000
0.0000
0.1116
0.8894
1.0764
1.3646
0.0000
0.0000
0.0000
0.0000
0.0000
0.0000
0.2352
0.0356
0.0000
0.0000
0.0000
0.0000
0.5252
0.0000
0.0000
2.5377
0.0000
0.0000
0.0000
0.0000
0.0000
0.7696
0.0000
0.0000
0.1250
0.0000
0.0000
0.0000
0.9423
0.0000
0.1063
0.0000
0.8922
0.0000
0.0000
0.0000
0.2913
0.0000
0.0000
0.0000
0.0000
0.6103
0.0000
0.0000
0.0000
0.0000
2.0129
5.3048
0.0000
0.0000
0.9652
0.0000
0.9381
0.0000
0.8289
0.0000
0.0000
0.0000
0.0000
0.0000
0.0000
0.0000
0.0000
0.0000
0.0000
0.0000
0.0000
0.0000
0.5525
0.0000
0.0000
0.2430
0.0000
0.0000
0.7747
0.0000
0.0000
1.2080
0.0000
0.0000
2.9439
0.0000
0.0000
0.0000
2.4533
0.0000
0.7644
0.0000
2.5713
0.0000
0.0000
1.8417
0.0000
0.0000
0.0000
0.0000
0.0000
0.4838
0.7112
0.0000
1.3098
0.0000
0.0000
0.0000
0.0000
0.6593
0.0000
0.0000
0.6863
0.0000
0.0000
0.0000
0.7827
0.0475
0.1592
0.0000
0.0000
0.0000
0.2683
0.0000
0.0000
0.0000
0.0000
0.1616
0.0000
0.0000
0.0000
0.0000
0.0000
0.0000
0.0000
2.7470
0.2927
0.0000
3.4353
0.0000
0.0000
0.0000
0.0000
0.9606
0.0000
0.0000
0.0000
0.1053
0.2778
0.0000
0.0000
1.1421
0.0000
0.0000
0.0000
0.0000
0.0000
0.0000
0.3144
0.0000
1.1285
0.0000
0.0000
0.0000
0.0000
0.0000
0.0000
1.2896
0.0000
0.6768
0.0000
0.2574
0.0000
1.6019
0.5214
0.0000
0.0000
2.2563
0.9152
1.0262
0.0000
0.0000
0.0000
1.0508
0.0000
0.0000
1.6692
1.0993
0.0000
0.0000
0.0000
1.8814
1.6250
0.4854
0.0000
0.0000
0.0000
0.0000
0.0000
0.0000
0.8118
0.5423
0.0000
0.0000
0.0000
0.0000
0.0000
0.0000
0.0000
0.4694
2.4885
0.0000
0.0000
0.0000
0.0000
0.6304
0.0000
0.0000
0.2506
0.0000
1.7035
0.0000
0.0000
0.0000
2.4422
0.0000
0.0000
0.0000
0.0000
1.4190
0.0000
0.0000
1.7180
0.0000
0.0000
1.7131
0.0000
0.0000
0.0000
0.0000
0.0000
0.0000
0.0000
0.0000
0.0000
0.0000
0.0000
0.0393
0.4495
0.0000
0.7547
0.0000
0.0000
1.3590
0.0000
0.0000
0.0000
0.0000
0.0000
0.2626
0.0000
0.0279
0.9848
0.0000
0.0000
0.0000
0.0000
0.0000
0.0000
0.5226
0.0000
1.6490
0.0000
0.0000
1.3057
0.0000
0.0000
0.0000
0.0000
1.9846
0.0000
0.0000
0.0000
0.0000
0.0000
0.7377
0.0000
0.0000
0.3914
1.6497
0.0000
0.0000
2.2783
0.0000
2.4177
0.0000
0.0000
0.0000
0.0000
0.6347
0.5556
0.5805
0.9560
0.0607
0.0000
4.0408
0.0000
0.0000
0.0000
0.0000
2.1471
0.0000
2.3189
0.0000
0.0000
0.0000
0.2669
0.0000
1.2815
0.0000
0.0000
1.4622
0.0000
0.0000
0.0000
0.3527
1.3780
0.0000
0.0000
1.3858
0.0000
0.0000
0.0000
0.7342
0.7118
2.1298
0.0000
0.0000
0.4481
0.0000
0.0000
0.4966
3.1453
0.3469
4.0366
0.0000
1.7424
4.4189
0.0000
0.0000
0.0000
0.0000
0.0000
0.0000
0.4024
0.0000
0.0000
1.7750
0.0000
0.0000
0.0000
0.0000
1.9389
0.0000
0.0000
2.8802
0.0000
0.0000
0.0000
0.8144
0.3797
0.4645
2.3419
0.0000
0.0000
1.2012
0.0000
3.5742
0.0000
0.0000
1.4006
0.0000
1.0295
0.0000
0.0000
0.0000
3.2931
0.0000
0.0000
0.0000
0.0000
0.0000
0.5967
0.0000
0.0000
0.0000
1.5213
0.0000
0.2409
0.0000
0.7018
0.0000
0.0000
1.2117
0.0000
0.0000
0.0000
0.5674
0.0000
0.0000
0.0000
0.0000
0.0000
0.0000
0.4282
0.0000
0.0000
1.4567
0.0000
0.0000
0.0000
0.0129
1.5622
0.2904
1.0914
0.0000
0.0000
0.5517
0.0000
0.0000
0.0435
0.1677
0.7061
0.0000
2.3092
0.0000
0.0000
4.6801
0.0000
0.0000
0.1565
0.0000
0.0000
0.3231
0.0114
0.0000
0.0000
0.0000
0.0000
0.3763
1.6212
0.0000
0.0000
0.0000
3.0305
0.0000
1.7815
1.7409
0.0000
0.0000
0.0000
0.0000
2.6541
0.0000
2.2283
0.0000
1.4854
0.7084
0.0000
0.8056
0.0000
0.0000
0.0000
0.0000
0.0000
1.3203
2.0214
1.4226
0.0000
0.1278
1.8018
0.0000
0.0000
0.0000
0.1316
0.0000
0.0000
0.0000
0.0000
0.0000
0.4549
0.0000
0.0000
0.7394
0.0000
0.0000
0.0000
0.0000
0.9674
1.1546
0.0000
0.0000
0.9866
0.4312
1.6120
0.0000
0.0000
0.4350
0.0000
1.4151
1.8281
0.0000
0.0000
0.0000
0.0000
0.4010
0.0000
0.6365
1.4449
0.0000
0.0000
0.5916
0.1633
2.6660
0.0000
0.0000
0.0000
0.0000
0.0000
0.0000
0.0000
0.0000
0.0000
0.0000
0.0000
0.0000
1.2146
1.2534
0.0000
0.0000
0.6395
0.0000
0.0000
1.0140
0.0000
0.0000
0.0000
0.0000
3.7725
1.8186
0.0000
0.0000
1.5119
0.0000
0.0000
0.0000
1.1447
0.0000
0.0000
2.9250
2.2116
0.0000
0.0000
0.0000
0.0000
0.0000
0.0000
0.0000
0.9971
0.0000
0.5851
7.0953
0.3186
1.6904
0.0000
0.0000
0.0000
0.0000
0.0000
0.0000
0.0000
0.0000
0.0000
0.0000
0.0000
0.0000
1.7227
0.0570
0.0000
0.0000
0.0000
0.0000
0.0000
1.5237
0.0000
0.0000
0.0000
0.4359
0.2783
0.0000
0.0000
0.5610
0.0000
0.0000
3.0970
0.0000
0.0000
0.0000
0.0000
0.0000
0.0000
0.0000
0.3918
0.0000
0.0000
0.0000
0.0000
0.0000
0.0000
0.0000
0.0000
1.8606
0.0000
1.2982
0.0000
0.0000
0.0000
0.0000
0.0000
0.0000
0.0000
0.0000
0.0000
0.0000
2.2139
1.0580
0.0000
0.0000
1.7812
0.0000
0.2362
0.0000
0.8465
0.0000
0.9252
0.0000
0.0000
0.0000
0.0000
0.0000
0.1374
0.0000
0.0000
0.0000
0.0000
0.0000
0.0000
0.0000
0.0000
0.0000
0.0000
0.0000
0.0000
0.0000
0.0000
0.3956
0.0000
0.6947
1.1919
0.0000
0.9740
1.6790
0.1879
2.6054
0.0582
0.0000
0.0000
0.6419
0.0000
0.0000
0.0000
0.0000
0.0000
0.0000
0.0000
0.0000
0.0000
0.0000
1.7540
0.0000
0.5506
0.0000
3.6937
0.5772
0.0000
2.0813
0.0000
0.7989
0.0000
0.0000
0.0000
0.0000
0.9156
1.9084
0.0000
0.3410
0.0000
0.0000
1.1158
0.0000
0.0000
1.7328
0.0000
0.0000
3.3625
0.0000
0.0000
0.0000
0.0000
0.0000
0.0000
2.9722
0.0000
0.0000
0.0000
0.0000
0.0000
1.1475
0.1140
0.4215
0.0000
0.0000
0.0000
0.0000
0.2985
0.0000
0.0000
0.8851
0.0000
0.0000
0.0000
0.0000
0.0000
1.7996
0.0386
0.0000
0.0000
0.0000
0.0000
2.5322
0.1541
0.0000
0.0000
0.0000
0.0000
1.8661
0.0000
0.0000
0.0000
3.6698
0.0000
0.0000
1.6383
0.0000
0.0000
2.2372
1.4683
0.0000
0.0000
0.0000
0.0985
0.0000
0.0000
0.6657
0.0000
0.0000
0.1593
0.0000
0.0000
0.0000
0.0000
0.0000
0.0000
0.0000
0.0000
0.0000
0.0000
0.0000
0.0000
0.0000
1.1361
0.0000
0.0000
0.0000
0.0000
0.0157
0.0000
0.0000
0.0000
0.0000
0.6702
0.0000
0.0000
0.0000
1.1857
0.7271
1.4668
0.0000
3.6207
0.0000
0.0000
0.8463
2.4198
0.0000
0.0000
0.0000
0.0000
0.0000
0.0000
0.0000
0.0000
0.1971
0.0000
0.0000
0.0000
0.0000
0.0000
0.0930
0.0000
0.0000
0.0000
0.4816
0.0000
0.0000
0.0000
3.5768
0.0000
0.0000
0.0000
2.5845
0.0000
0.7225
0.0000
0.0000
0.0000
0.0000
0.0000
0.0000
0.0000
0.0000
0.0000
0.0000
0.0000
0.0000
0.0000
0.0000
0.0000
0.0000
1.2271
0.0000
0.0000
1.3342
0.0000
0.6765
0.0000
0.0000
0.0000
1.3229
0.8146
0.0000
0.0000
0.0000
0.0000
0.0000
0.0000
0.0000
1.6922
0.0000
0.0000
3.2673
0.0000
0.0000
0.0000
0.0000
0.0000
0.0000
0.0000
0.0000
0.0000
0.0000
0.0000
0.0000
0.0000
0.0000
1.8147
2.4527
0.0000
0.4036
0.0000
0.8122
0.0000
2.4468
1.3064
0.5540
0.0000
0.0000
0.0000
0.0000
0.3954
0.0000
3.4384
0.0000
0.0000
1.6114
0.0000
0.0000
0.0000
0.0000
0.0000
1.5839
0.0000
0.0000
0.0000
0.0000
0.0000
0.2866
0.0000
2.4715
0.0000
0.0000
0.7393
1.4879
0.0000
0.8314
0.0000
0.0000
0.0000
0.0000
0.1183
0.3861
0.0000
0.2923
0.0000
0.0165
0.0000
0.0000
0.0000
0.0000
0.0000
0.0000
0.0000
2.0449
1.0467
0.0000
0.0000
0.0000
1.1460
1.2705
0.0000
0.0000
0.7291
0.4226
0.0000
0.0000
0.0000
0.0000
0.0000
1.4073
0.0000
0.0000
0.0000
0.8269
0.0000
1.0060
1.5042
0.0000
0.4830
0.0000
0.0000
1.5198
0.0000
0.6116
0.0000
0.0000
0.0000
0.0000
3.3122
0.0000
0.5687
0.0000
0.0000
0.0000
0.0000
0.0000
0.0000
0.0000
0.0000
0.0000
0.0000
0.0000
1.3039
0.0000
0.0000
0.0594
0.0000
0.0000
4.2013
0.0000
0.0000
0.0000
0.0000
0.0000
0.0000
0.0000
0.5503
0.0000
0.0000
0.3342
0.3614
0.0000
0.0000
0.0000
1.1075
0.0000
2.8918
0.0000
0.0000
0.3268
0.0000
0.0000
1.2132
0.0000
0.0000
0.0000
0.0000
0.0000
2.0117
0.0000
0.0000
1.1904
2.7707
1.4917
0.0000
0.0000
0.0000
0.0000
0.0000
0.0000
0.0000
2.4672
0.0912
2.2852
0.0000
0.0000
0.0000
0.0000
0.6813
1.3663
0.0000
3.4973
3.2732
0.0000
0.0000
1.0922
0.0000
0.1901
0.0000
0.0000
0.0000
0.0000
0.0000
0.0000
1.8514
0.0000
0.0000
1.7616
0.0000
0.0000
0.0000
0.0000
1.8184
0.8840
0.0000
0.0000
0.0000
0.0000
0.0000
0.4265
2.4666
0.0000
0.0000
0.0000
0.0000
0.0000
0.9095
1.9000
0.0000
0.5490
0.1906
0.0000
0.0000
0.0000
0.7212
5.4242
0.0000
0.0000
0.0000
1.0178
2.8785
0.2383
0.0000
0.0000
0.0000
0.0000
0.0000
0.2575
0.0000
0.0000
2.6476
0.0000
0.0000
0.0000
0.0000
0.0000
1.6037
0.4398
0.0000
0.0000
0.0000
1.8180
2.3419
0.0000
0.9247
0.0000
0.0000
0.0000
0.0000
2.9379
0.0000
0.3297
0.0000
0.0000
2.5483
0.0000
0.0000
0.0000
0.0000
0.0000
0.4201
3.4358
0.0000
0.0000
0.0000
0.0000
0.0000
0.0000
0.0000
0.5047
0.1142
0.0000
1.3653
0.0000
0.5886
0.0000
0.7992
2.3343
5.7675
0.0000
0.0000
0.0000
0.0000
1.4443
0.0000
0.0000
0.0000
0.0000
0.0000
1.3580
0.0000
1.2747
2.0561
0.0000
0.0000
0.0000
0.0000
0.0000
0.7600
0.3193
0.0000
0.0000
0.0000
0.0000
0.0000
0.0000
0.0000
4.1544
0.0000
0.0000
0.0000
0.0000
0.0000
0.0000
1.0132
0.0000
0.0000
0.8563
0.0000
0.0000
0.0000
0.0000
0.0000
4.4893
0.0000
1.0170
0.3807
0.0000
0.0000
0.0000
0.0000
0.0000
0.0000
0.0000
0.9623
0.6122
0.0000
0.0000
0.0000
0.0000
0.0000
0.0000
1.0808
0.0000
0.0000
2.0048
1.2416
0.2342
0.8328
0.2407
0.0000
1.8743
0.0000
0.0000
0.0000
0.0000
0.6215
0.0000
0.0000
0.0000
0.0000
0.0000
1.7936
0.0000
0.0000
0.0000
0.0000
0.0000
0.0778
0.8549
0.0000
0.0000
0.0000
0.0000
4.5032
0.0000
0.1137
0.0000
0.0000
0.3846
2.0873
0.0000
0.0000
0.0000
0.0000
0.0000
0.0000
0.3946
0.0373
3.6253
0.0402
0.0000
0.0000
0.0000
0.0000
0.0000
3.0052
0.0000
0.0000
0.0000
0.7461
0.0000
0.0000
0.0000
0.0000
0.0000
0.0000
2.0812
0.0000
0.0000
0.0000
0.0000
0.0000
1.4227
0.0000
0.0210
1.2960
0.0000
0.4109
3.2876
3.3167
0.8009
0.0000
0.0000
0.0000
1.9745
0.0000
0.0000
0.0000
0.0000
0.0000
0.9559
2.6350
0.0000
0.0000
2.8978
0.0000
0.8911
0.3419
0.0000
0.0000
0.0000
0.0000
4.6588
0.7696
1.6096
0.0000
0.0000
0.0000
0.5757
1.7169
0.0000
0.0000
0.0000
0.0007
0.8075
0.0000
1.7629
0.0000
0.0000
0.0000
0.0000
3.6971
0.0000
0.0000
0.0000
0.8731
0.0000
2.0341
0.0000
0.0000
0.0000
0.1689
0.0000
0.0000
0.0000
0.0000
2.1748
0.0000
0.0000
0.0000
0.0000
1.0783
0.0000
3.0377
0.0000
0.0000
0.0000
0.0000
0.0000
1.1518
0.0000
0.0000
0.0000
1.7848
0.0000
2.5127
0.0000
0.0000
0.0000
0.0000
0.0000
1.7616
0.0000
0.0000
0.0000
0.0000
0.0000
0.0000
1.5157
0.0000
0.7549
0.0000
0.0000
0.0000
0.0000
0.0000
1.2819
1.2351
0.0000
0.4061
0.0000
0.0000
0.0000
0.0000
0.0000
0.0000
0.0000
1.0434
0.0000
0.0000
0.0000
0.0343
0.0000
2.2973
0.0000
0.0000
0.0000
0.0000
0.0000
0.0000
2.5877
0.0000
0.0000
0.0000
0.0000
0.0000
0.0000
2.1121
0.0000
0.0000
0.0000
0.0000
0.3331
0.0000
0.0000
0.0000
0.3016
0.0000
0.0000
0.0000
0.0000
0.0000
2.9221
0.0000
0.0000
0.0000
0.0000
0.0000
6.1973
0.0000
0.0000
3.6164
0.1295
0.0359
0.0000
0.0000
1.9039
0.0000
0.0000
2.2345
0.0000
0.0000
1.8670
2.1787
0.0000
0.0000
1.7641
0.0000
0.2912
0.8327
0.4052
1.1700
0.0000
0.0000
0.0000
0.0000
2.9648
0.0000
0.0000
0.0000
0.0914
0.0000
0.0000
0.5345
0.0000
0.0000
0.7168
0.0000
0.0000
0.0000
0.2725
0.0000
2.0499
0.0000
0.0000
0.0000
0.0000
0.0000
0.0000
0.0000
2.7083
0.0000
0.0000
0.0000
0.0000
1.1091
0.0000
0.0000
0.0000
1.1281
0.0000
0.0000
0.0000
0.0000
0.0000
0.0000
0.0000
0.0000
0.0000
0.0000
0.0000
0.0000
1.4746
0.0000
0.0000
0.0000
0.0000
0.4709
1.0379
0.0000
0.0000
0.0000
0.0000
5.1860
0.3097
0.0000
0.0000
3.6497
0.9473
0.0000
0.0000
0.0000
0.0000
0.0000
1.4197
0.0000
2.8523
0.0000
0.0000
1.2113
3.7803
0.0000
1.8422
0.0000
0.0000
0.0000
0.0000
2.8727
0.0000
0.0000
0.0000
0.0000
0.0000
0.0000
0.1413
0.2937
0.0000
0.2475
0.0000
0.0000
0.3611
0.0000
0.0000
0.0000
0.0000
0.0000
4.2838
0.0000
1.2653
0.4841
0.7802
0.4026
0.0000
2.0971
0.0000
1.3998
0.4881
0.3034
2.3001
0.0000
0.0000
0.0000
0.1741
0.0000
0.0000
0.7018
0.0000
0.0000
0.0000
0.0000
0.0000
0.0000
0.3541
0.0000
0.0000
0.0000
1.7014
0.7155
0.0000
0.0000
0.0000
0.0000
2.0482
0.0000
0.0000
0.6925
2.5861
0.0000
0.0000
0.0000
0.0000
4.1581
0.0000
0.9946
0.0000
0.3237
0.0000
0.0000
0.0000
0.0000
0.0000
0.0000
0.0000
0.0000
2.2225
1.4002
2.1817
0.0973
0.0000
1.8438
0.0000
0.0000
0.0000
0.0000
0.0000
2.5569
0.0000
0.0000
1.5487
0.0000
0.0000
0.0000
2.9715
1.3907
0.0000
0.0000
0.0000
0.0000
0.0000
0.0000
1.3870
0.0000
0.0000
0.0000
0.0000
0.8068
1.1199
0.0000
0.0000
0.9073
0.0000
0.0000
0.0000
1.2152
0.0000
0.0000
0.0000
1.7215
0.3329
0.6760
0.0000
0.0693
0.0000
0.0000
0.0000
2.6086
0.0000
0.0000
0.0000
0.0000
3.3580
0.0000
0.4480
0.0000
0.0000
0.0000
0.0186
0.3404
0.0000
0.0000
0.0000
0.0000
1.8120
0.6676
0.1782
0.7530
0.0000
0.0000
0.0000
1.4029
0.0000
0.0000
0.0000
0.7884
1.0133
1.3099
0.0000
0.0000
0.1333
0.0000
0.0000
0.0000
0.0000
0.0000
1.6442
0.0000
0.0000
0.0000
0.0000
0.0000
3.9060
0.2294
0.0000
0.0000
0.8767
0.0000
0.0000
0.0000
0.0000
0.0000
0.0000
0.8551
0.5684
0.0000
1.2377
1.5758
0.0000
0.0000
0.0000
0.7900
0.0000
0.0000
0.0000
0.0000
0.4562
0.0000
0.0000
0.0000
0.0000
0.9151
0.0000
0.0000
0.0000
0.0010
0.0000
0.0000
0.0000
0.0000
0.3957
0.0000
0.0000
1.4116
0.1888
1.9491
0.2259
0.3526
0.5337
0.0430
0.0000
1.3716
0.0000
0.0000
0.0000
0.4842
0.0000
0.2350
5.2968
0.1521
0.0000
3.6532
0.7981
2.0228
0.0128
0.0000
2.5237
0.6093
0.0000
0.0000
0.0000
0.0000
0.0000
0.0000
1.0598
1.0186
1.7184
0.0000
0.0000
0.0000
0.0000
0.0000
1.4560
0.0000
0.0000
0.0000
0.0000
0.0000
0.0000
