0.2614
0.0000
1.6129
0.0000
0.0000
0.0348
0.0000
0.0000
0.0000
1.8123
0.0000
0.0000
0.2307
0.0000
0.0000
0.0000
0.0000
0.0000
0.0000
0.0000
0.0000
0.0000
2.0133
0.4794
2.0541
2.5717
0.0000
4.4162
0.0000
0.0000
0.0000
0.0000
3.3787
0.0000
1.4049
0.0000
0.0000
0.0000
2.1696
0.1162
0.0000
0.1078
0.0000
0.0000
0.0000
0.2726
0.0000
0.1447
1.5317
1.6358
0.0000
0.0000
0.0000
0.2727
0.0000
0.0000
2.3788
0.3428
0.0000
0.0000
0.0000
3.0151
0.0000
1.6417
0.0000
0.0000
0.0000
0.0000
0.0000
1.9508
1.2835
1.8423
0.0000
0.0000
0.3690
0.6561
0.0000
0.0000
0.9362
1.1354
0.0000
0.0000
0.0000
0.2127
0.0000
0.0000
0.0133
1.8141
1.9149
0.0000
1.1857
0.0000
0.4977
1.3357
0.1799
0.0000
0.0000
0.0000
2.8604
0.0000
0.0000
0.0000
0.0000
0.0000
0.6290
0.0000
0.0000
0.6394
1.1642
4.9599
0.0000
0.0000
0.5593
0.0000
0.0000
0.6807
0.7891
0.0000
0.0000
0.0000
1.4870
1.8500
0.6144
1.2373
0.5973
0.0000
0.0000
0.5815
0.8424
0.2282
0.0000
0.0000
0.0610
0.0000
2.1714
0.0000
2.1618
2.0311
0.0000
1.9227
2.0767
0.0000
0.6820
1.7239
0.9751
0.0000
0.5452
0.4398
1.3012
0.0000
1.1768
1.3682
1.3223
0.0000
0.0000
0.0000
0.0000
1.0505
0.5514
0.0000
1.8417
0.0000
0.5377
0.0000
0.0000
0.0000
0.0000
0.0000
0.0000
2.2478
0.0000
0.0000
0.0000
0.0000
0.0000
0.0000
0.0000
0.0000
0.0000
2.7784
1.3624
3.3505
1.0905
0.0000
0.0000
0.0000
1.5006
0.0000
1.9719
0.9262
0.3138
0.0000
0.0753
0.1536
0.0000
0.0000
0.0000
0.7787
1.2152
4.1572
0.0000
1.3390
0.9077
0.0000
0.0000
0.0000
0.0000
1.1341
0.0000
0.0000
0.0000
0.0000
0.0000
0.0000
0.0000
0.0000
0.0000
0.0000
0.0000
0.0000
0.0000
0.0000
0.0000
0.0000
1.0788
0.0000
0.0000
0.0000
0.3831
0.7309
1.5416
0.2280
0.0000
0.0000
1.6337
0.2827
3.3620
0.0000
1.4431
0.0000
0.0000
0.0000
0.0000
0.0000
0.0000
0.0000
0.0000
0.0000
0.0000
0.0000
0.4460
0.0000
0.0000
0.9947
0.0000
0.4927
0.0000
0.0000
1.5521
0.0000
0.0000
0.1966
0.0000
1.3751
0.0000
0.0000
1.3091
0.0000
0.0000
1.8345
0.8031
0.0000
0.0000
1.9645
0.0000
0.0000
1.1597
1.4401
0.0000
0.0000
1.7215
0.0000
0.2520
0.0000
0.2610
0.0000
0.0000
0.0000
0.0000
0.0000
0.8650
0.0000
0.0000
0.0000
1.4205
0.0000
0.0000
1.6018
0.0000
2.9489
0.0000
0.0000
0.0000
0.2718
1.6281
0.0000
0.2089
0.0000
0.0000
0.0000
0.0000
1.3273
0.0000
1.5720
0.9741
0.0000
0.0000
0.0000
0.1345
2.3102
0.6961
1.9852
0.5879
0.0000
0.1447
1.6867
0.0000
3.2876
0.0000
1.7949
0.0000
0.0000
0.0000
0.0000
0.0000
1.2415
1.1720
0.3190
0.0000
1.3894
0.0000
0.0000
0.0000
0.0000
0.0000
5.2819
0.2067
0.0000
0.0000
0.0000
0.0000
1.7409
0.0000
0.0000
0.6920
0.7991
0.4495
0.0000
1.1025
0.0000
0.0000
0.0000
0.0000
0.0000
0.0000
0.0000
0.0000
0.1231
1.0386
0.0000
0.0000
0.8779
0.0000
0.0000
1.0727
0.0000
0.0000
1.9768
0.0000
0.0000
3.4598
0.0000
0.6286
0.0000
0.0000
0.0000
0.4807
0.0000
0.0000
0.0911
2.4080
0.0000
0.0000
0.0000
0.6136
1.1893
0.1509
0.0000
0.0000
0.3482
0.0000
1.5462
0.0000
0.0000
0.0000
0.0000
0.0000
0.0000
3.5519
0.0000
0.0000
0.0000
0.0000
1.8322
0.0000
0.2897
0.0000
0.0000
0.8344
0.0000
1.1655
0.0000
0.9634
0.0000
0.0000
0.6817
1.4046
2.6235
0.0000
0.0000
0.0000
0.0000
0.0000
0.2294
0.0000
0.0000
1.7752
0.0000
2.5123
0.0000
2.5484
1.3783
0.5037
0.0000
1.2705
3.1934
0.4146
0.0000
1.9711
1.9522
0.8126
0.0000
0.0000
0.3649
0.0000
1.0685
0.0000
0.2832
1.2806
0.0000
0.1962
0.0000
1.0046
0.0000
0.2135
0.0000
0.0000
0.0000
0.0000
0.0000
0.0000
0.3233
0.3551
0.0000
0.0000
1.1472
1.5485
0.0000
0.0000
0.0000
0.0000
0.5069
0.0126
2.4798
0.3847
1.6341
0.0000
1.4041
0.0000
1.6650
0.0644
0.0000
0.0000
0.0263
1.3673
0.9811
0.0000
0.0000
1.1907
0.1570
0.0000
0.0000
2.7879
0.5611
0.1161
0.0000
0.0000
0.0000
1.7991
1.1979
1.4065
1.9484
0.0000
2.1282
0.4370
0.1863
0.0000
0.1107
3.1038
0.4904
2.5158
2.2179
0.0000
0.7580
2.1393
0.0000
2.6530
0.0000
0.4854
0.9376
1.8632
0.0000
0.4582
0.0000
0.0000
3.1346
0.0000
0.5759
0.0000
0.0000
0.0000
1.0439
0.0000
0.1711
0.0000
0.0000
0.0000
0.0000
0.0000
0.0000
0.0000
3.6710
0.0000
0.4725
1.6462
0.1736
1.6487
0.0000
0.0000
0.0000
0.2128
1.0343
0.1512
0.0000
0.2828
1.2889
0.0000
0.0000
1.1682
0.0000
0.0000
0.0000
0.0000
0.0000
0.0000
0.0000
1.2069
2.2688
0.0000
0.0000
0.0000
0.0000
0.0000
0.0000
0.0000
0.0000
0.0000
1.2668
1.0069
0.5817
0.1256
0.2286
0.0000
0.0000
0.0000
0.0000
0.0000
0.0000
0.8521
0.0000
0.0000
1.8488
0.0000
0.0000
0.5940
0.0741
2.6255
0.0000
1.6454
0.0016
0.3631
0.0000
0.0000
4.1712
0.0000
3.2362
2.3719
0.0000
0.5343
0.0000
0.1558
0.0000
0.0000
0.0000
0.0000
0.8268
0.0000
0.2835
0.4472
0.0000
0.0000
0.0000
0.0000
0.2336
1.9120
2.0379
0.0000
1.8804
0.0000
0.0000
0.0000
0.9913
0.0000
0.0000
0.0000
0.0000
0.0000
0.0000
2.0528
0.0000
0.1899
0.0000
2.3224
0.0000
0.0000
0.0000
0.0000
0.0000
0.0000
0.7984
0.0000
0.5285
2.3424
0.0000
0.0000
0.0000
0.4733
0.0000
0.0000
0.0000
0.6163
0.0000
0.0000
0.0000
0.0000
1.0781
1.2792
0.0000
0.0000
0.0000
0.0000
0.4100
0.0000
0.0000
0.0000
0.0000
0.0000
0.2743
0.0000
2.7562
0.2298
0.0000
1.8142
0.0000
0.0000
0.0000
0.0000
0.0000
0.9320
0.0000
2.4387
0.0000
0.8508
0.0000
0.0000
0.2984
0.0000
0.0806
0.0000
2.6979
0.0000
1.4509
0.0000
0.7693
0.0000
0.0000
0.0000
0.1710
0.0000
0.0000
0.0000
0.0000
0.5310
0.2358
0.0000
0.0000
0.8625
0.0000
0.5779
1.7882
0.0000
0.3718
1.0661
0.0000
0.0000
0.0000
0.0000
1.9485
0.2770
1.3311
0.0000
0.9680
0.0000
2.2456
0.0000
0.0000
0.2908
0.7418
1.9919
0.0000
0.0000
0.0000
0.0000
0.0000
1.4681
0.0000
0.4637
0.0000
0.0000
0.0000
0.0234
0.0000
0.7356
0.0000
0.0000
1.0331
0.0000
0.5378
0.0000
0.0000
1.8179
0.6854
0.5289
0.0000
0.0000
0.0000
0.0000
0.0000
0.6708
0.6863
0.0000
0.0000
0.0000
0.9038
0.0000
0.0000
0.0811
0.5886
0.0000
0.1494
0.1175
0.0000
0.7051
0.0000
0.8924
0.3322
0.0000
0.0000
0.0000
0.2135
0.0000
0.0000
2.8777
0.0000
0.0000
0.0000
0.0000
0.0000
0.0000
0.0000
0.0000
0.1920
0.0000
0.5732
0.0000
0.0000
0.2293
0.0000
0.0000
0.0000
2.8039
0.0000
1.0892
0.0000
0.0000
0.0000
0.0000
0.0000
0.0000
0.0000
0.6712
0.2887
0.0000
0.0000
0.0000
0.0000
0.8640
0.0000
0.0000
0.0000
0.0000
0.0000
0.0000
0.0000
0.0000
0.0000
0.0000
0.0000
1.7271
0.0000
0.0000
0.3586
0.0000
0.0000
0.0000
0.0000
0.0000
0.0000
1.3017
0.0000
0.7897
0.1052
0.0000
1.7746
0.2401
0.0000
1.7930
0.2456
0.0000
0.0000
1.6024
0.0000
2.8077
0.0000
0.0346
0.0000
0.0000
3.0120
0.7246
0.0000
0.0000
0.0000
0.0000
0.0000
0.0000
0.0000
1.0140
0.0000
0.0000
0.0000
0.0000
0.0000
2.0694
0.0000
0.6330
0.0000
0.0594
1.1482
0.0000
0.0000
0.0000
0.0000
0.0000
0.0000
0.0000
0.0000
0.0000
0.0000
0.0000
0.2260
0.0000
0.0000
2.1179
0.0000
0.0000
1.7491
0.0000
0.0831
0.0000
0.0000
0.0000
0.0000
1.4357
0.0000
0.0000
0.0000
0.2989
0.0000
0.0000
0.0000
0.0000
0.1756
1.0941
1.2034
0.5183
0.0000
0.0000
1.2088
0.0000
0.0000
0.4255
0.0000
0.0000
0.0000
1.5797
2.0902
0.0091
0.0000
0.0000
4.3719
0.0000
0.4407
0.0000
0.9870
0.0000
0.0000
1.6450
0.0000
0.0000
2.7209
0.2888
0.0000
0.0000
0.9369
0.6146
0.0000
0.0000
0.4901
0.5827
0.0000
0.0000
0.3285
0.0000
0.0000
0.0000
0.0000
0.4396
0.0000
0.0000
0.0000
0.0000
0.0000
0.0000
0.3165
1.2714
0.5897
0.4311
0.0000
0.0000
0.0000
0.2595
0.0000
0.0000
0.0000
0.0000
0.6734
0.0000
0.0000
0.0000
3.4319
0.3066
0.0000
0.0000
1.5830
0.0000
2.0523
0.0000
0.0000
0.0000
3.9824
0.0000
0.0000
0.0000
2.6712
0.0000
0.0000
0.2322
1.9870
0.0000
1.2802
0.0000
1.4575
0.0000
0.0000
0.0689
0.5691
1.4847
0.0000
0.0000
2.7685
0.0000
0.0000
0.7307
0.2912
1.7672
0.0000
1.2192
0.0000
0.2504
0.0000
0.0000
1.2593
0.0000
0.0000
0.0000
0.0000
0.0000
0.0000
0.0000
0.0000
1.7218
0.0000
0.0000
0.0000
0.0000
0.0000
0.0000
0.0000
0.0000
0.0000
2.4647
0.0000
1.8789
0.0000
0.0000
0.5674
0.1169
0.7773
0.0000
0.0000
0.4477
0.0000
0.0000
0.0000
0.0000
1.0181
0.0000
0.0000
0.0000
0.0000
0.0000
0.0000
0.0000
0.0000
0.0000
0.4891
0.0000
0.0000
0.0000
0.0000
0.1919
0.0750
0.0000
0.0000
1.5642
0.0000
0.1577
0.3261
0.2626
0.0000
0.0000
2.3282
0.0000
0.1807
1.0955
0.0000
0.0000
0.5773
0.0000
0.9934
0.0000
0.0000
2.3068
0.0000
1.4365
0.0000
1.6200
0.0000
0.0000
1.0599
0.4533
0.6942
0.0000
0.0000
0.9435
0.0000
0.5925
0.0000
0.0000
0.0000
0.0000
0.4245
0.0000
0.0000
0.0000
0.0000
0.0000
0.0000
0.0000
0.3566
1.2937
0.0000
0.0000
0.3026
0.0000
1.7062
3.1425
0.0000
0.0000
0.0138
0.6934
1.4132
1.7819
0.7487
0.0000
0.0000
2.0035
0.0000
0.0000
0.0000
0.0000
1.0686
0.0000
0.0000
0.0000
0.0000
1.6273
0.0000
0.0000
1.1022
2.9642
1.1522
0.0000
0.8534
3.0114
0.0000
0.0000
0.4094
0.0000
0.0000
0.0000
0.0000
0.2789
0.0000
0.0000
0.7976
0.0000
0.0000
1.8809
0.0000
0.4498
1.0492
0.0000
0.0000
2.2026
0.0000
0.0000
0.0000
0.0000
0.0000
1.3834
2.2881
0.0000
0.0000
0.0000
0.0000
2.8805
0.0000
0.0000
0.0000
2.2603
0.0000
1.4481
0.0000
0.5241
0.0000
0.0000
0.0000
0.0000
0.0000
0.0000
0.0000
0.5315
2.7699
0.0000
0.1929
0.0000
0.0000
0.0000
0.0000
0.0000
0.0000
0.0000
0.0000
0.0000
0.0000
1.8167
0.0000
0.0000
0.0000
0.0000
0.0000
0.0000
1.5985
2.1927
0.0000
0.0000
0.0000
2.0242
0.1654
0.0000
0.0000
2.4143
0.0000
0.0000
0.0000
0.0000
2.0826
0.1268
0.0000
0.0000
0.0000
0.0000
0.5706
1.4796
0.0000
0.0000
0.0000
0.0000
0.0000
0.0000
1.9638
2.9186
0.0000
0.0000
0.2677
0.9431
0.0000
1.7392
0.9768
0.0000
0.4466
1.3350
0.0000
0.0000
0.0000
1.8146
0.0000
0.0000
0.0000
1.0875
0.6713
0.0000
0.0000
0.0000
1.3431
0.5791
0.0000
0.0000
0.0000
0.0000
0.0000
1.4168
0.0000
0.0000
3.0541
0.0000
0.0000
0.0000
0.4430
0.0000
0.0000
0.0000
0.0000
1.9937
0.8634
0.0000
0.0000
0.0000
0.2202
0.0828
1.4696
0.0000
0.0000
1.1008
0.0000
0.0000
0.0000
0.0000
0.0000
0.0000
0.0000
0.0000
1.5230
1.3682
1.6874
0.0000
0.0000
0.0000
0.0000
0.0000
0.0000
0.0000
0.0000
0.0000
0.0000
0.0000
0.0000
0.0000
0.0000
0.0000
0.0000
0.0000
0.0000
0.9105
0.8633
0.0000
0.0000
0.0000
1.1205
0.0000
0.0000
2.4813
0.0000
0.6390
0.0000
0.0000
0.0000
1.1633
2.8396
0.0000
1.5980
0.0000
0.0000
0.0000
0.0000
0.0000
0.6256
1.5256
0.0000
0.0000
0.0000
0.5935
2.1215
1.6314
0.3485
0.0000
1.0790
0.0000
0.0313
1.4309
0.0000
3.1862
0.4525
0.0000
1.0126
0.1890
2.2578
1.8845
3.0028
0.4351
0.5468
0.0000
0.0000
0.0000
0.0000
0.0000
0.5130
0.0000
0.0000
0.0000
0.0000
0.7255
0.0000
0.0000
0.0000
0.0000
1.8457
1.3440
0.0000
0.0000
0.5846
0.0000
0.0000
0.2620
1.2285
0.0000
4.8543
0.0000
0.0000
0.0000
0.6723
0.0000
0.9366
0.0000
0.0144
0.0000
0.0000
0.0000
0.0000
0.0000
0.0000
0.0000
0.0000
2.7802
0.0000
0.3548
0.5000
0.0000
2.9906
0.0000
0.3941
0.0000
0.0000
0.0000
0.7362
0.0000
2.1130
0.0000
0.0000
0.2680
0.0000
1.4632
2.3847
0.0000
0.0000
0.0000
0.1387
0.0000
0.0000
0.0000
0.0000
0.0000
0.0000
0.3162
0.0000
0.9211
0.0000
1.9262
0.0000
0.0000
0.0000
0.0661
0.0000
0.0000
1.6299
5.4048
3.9634
0.0000
0.7849
0.0000
0.0000
0.0000
0.9894
0.0408
2.2149
0.0000
0.0000
0.0000
0.1104
0.0000
0.0000
0.0000
1.6501
0.0000
0.7056
0.0000
0.0000
0.0000
0.0000
0.0000
0.0000
3.0635
1.4171
1.1738
1.1734
0.4923
0.0000
1.7257
0.7947
0.0000
1.2258
0.7361
0.0000
0.0000
2.5085
0.0000
1.0192
1.4356
1.2200
0.0000
1.7864
0.0000
0.0000
0.0000
0.0000
0.0000
0.7577
1.4955
2.2817
0.0000
0.0000
0.0000
0.0000
0.4680
0.0000
0.0000
0.0000
0.0000
0.0000
0.0000
2.0615
1.0563
0.0000
0.0000
0.0000
0.0000
0.5702
0.0000
0.0000
0.0000
2.1191
0.0000
0.9082
0.0000
0.0000
0.0000
0.0533
1.3580
1.8177
0.0000
0.0000
0.0000
0.0000
0.0000
1.6535
0.9960
0.2735
0.0000
0.0438
0.0000
0.0000
0.0000
0.0000
0.0000
0.0000
0.0000
0.0000
0.0000
0.5853
0.1975
0.4718
0.6054
0.5563
2.2655
0.0000
0.0000
0.0000
0.0000
1.5424
2.0038
0.0000
0.6421
2.0209
0.0000
2.9240
0.0000
0.0000
0.8210
0.0000
0.0000
0.0000
0.8435
0.0000
0.0000
1.6090
0.0000
0.2755
2.4935
1.5629
2.1721
0.0000
1.8068
0.0000
0.0000
0.0000
0.0000
0.1141
0.0000
0.0000
0.0000
1.2606
1.1024
0.0000
0.0318
1.0729
0.0000
0.0000
0.0514
1.3265
0.0000
0.0000
0.1609
0.0000
0.0000
0.0000
0.2815
0.0000
1.3331
0.9162
2.4798
0.0000
0.0000
0.0000
0.0000
0.0000
0.9308
0.4496
2.4264
1.4697
1.0456
0.0000
0.0000
0.0000
1.3680
1.9861
2.0498
0.0000
0.0000
0.0000
1.0995
0.9061
1.0039
0.0000
1.5009
0.0000
2.0522
2.1620
0.0000
0.0000
0.0000
0.5932
0.0000
0.0000
0.0045
0.0000
0.0000
0.0000
0.0000
0.0000
0.0000
0.0000
0.0000
0.0000
0.0000
0.0000
0.2440
0.0000
1.6050
0.0000
0.0000
0.0860
0.0000
1.6697
0.6873
0.0000
0.0000
0.0000
0.0000
3.0810
0.0000
0.0000
0.0000
0.0000
0.0000
1.2295
1.3466
2.0458
0.0000
1.0460
0.0000
0.5240
0.0000
0.9356
0.4727
0.5038
3.4504
0.0000
0.0000
0.0000
0.0000
0.0000
0.0000
0.0000
1.6899
1.2315
0.6042
2.9960
0.1852
0.1880
0.0000
0.0000
0.0000
0.0000
0.0000
0.5742
1.1566
3.1205
3.4728
0.0000
0.0000
0.0000
0.1729
0.0000
0.4000
1.4576
1.3577
0.0000
0.0000
0.0000
0.7705
2.5597
0.0000
1.2710
1.3733
0.9984
1.6086
0.0000
0.0000
0.0000
0.0000
0.0000
2.5751
1.8481
3.4051
0.0000
0.3582
1.2120
0.0000
0.9108
0.0000
0.0000
0.0000
0.7682
0.7788
0.2275
0.2010
1.1595
0.1504
0.0000
1.8014
0.0000
1.5721
0.0000
0.4119
0.5483
0.9728
0.0000
0.0000
0.0000
0.9716
0.5736
0.0000
1.4506
1.2787
0.0000
0.0000
3.9141
0.0000
0.0000
0.5593
0.0000
0.6793
0.3850
0.0000
0.3003
1.2295
0.0000
0.3472
0.6931
0.0000
1.6381
0.0000
0.0000
0.0000
0.4142
4.0615
0.0000
3.4203
1.0212
0.2480
0.3577
0.0000
0.0000
0.0000
0.0000
0.0000
1.3238
0.0000
0.9557
0.0000
0.2380
0.0000
0.0000
0.1875
0.0000
1.3310
0.0000
0.0000
0.0000
0.0000
0.0000
0.6545
1.3162
0.0000
1.5230
0.0000
0.0000
0.0000
1.1454
1.5666
0.0531
0.0000
0.0000
0.0000
1.5456
0.0000
1.3772
0.0000
0.0000
0.0000
0.7012
0.0000
1.4942
0.0000
0.0000
0.0000
0.0000
0.9706
0.0000
1.3177
0.0000
0.8045
0.0000
0.1096
0.0000
0.0000
0.0000
0.0000
0.0000
0.6007
0.0000
0.0000
0.0000
0.0000
0.0000
0.0000
1.1789
0.0000
0.0000
0.0000
0.0000
0.0000
0.0000
2.1824
1.3102
0.0000
0.0000
0.0000
2.3232
0.0000
0.0115
0.0000
0.0913
0.0000
1.3839
0.0000
0.0000
1.2058
0.0000
1.3016
0.0635
0.0000
1.9050
1.0344
0.0000
0.0000
0.0000
4.8031
0.0000
0.2706
0.3729
0.0000
0.0000
0.0000
0.0000
2.1480
0.0000
1.7877
0.0000
0.2216
2.9251
0.0000
0.0000
0.0000
0.0000
0.3235
0.0000
0.0000
1.1935
0.0000
0.0000
1.8696
2.2482
0.7353
0.0000
0.4537
0.0000
0.1664
0.0000
0.0000
0.0000
3.0288
0.0000
0.0000
4.0365
3.1910
0.0000
0.0000
1.5049
0.1451
1.7182
0.1102
0.0000
2.9455
0.0000
0.0000
0.0000
0.0000
0.7990
0.0000
1.7791
0.0000
0.0000
0.0000
0.2098
0.0000
0.0118
0.0000
0.0000
0.0000
0.0000
0.0000
0.0000
0.0000
0.0000
2.1227
3.0410
0.0000
0.3513
0.0000
0.0000
0.0000
2.0460
1.0671
0.0000
0.0000
0.6124
0.0605
3.7638
0.9790
1.5004
0.0000
0.0000
0.0000
0.0000
3.5890
0.0000
0.0000
0.0000
1.6324
0.0000
0.1536
0.0000
0.0000
0.0000
0.0000
0.0000
0.0000
0.0164
0.0000
0.0000
0.0000
2.3307
0.0000
0.7395
0.0000
0.0000
0.0000
0.5800
0.0000
3.3976
0.0000
0.0000
0.0000
0.8322
0.0000
0.0000
1.5123
1.7457
0.0000
0.0000
0.0793
0.0000
0.0000
0.0000
0.0000
0.0000
0.0000
0.0000
4.7724
1.7636
0.6907
0.0000
0.0000
0.0000
0.0000
0.0000
1.3316
0.0000
0.0000
0.0000
0.0000
0.0000
0.0000
0.0000
0.0000
0.0000
0.0000
1.0718
0.0000
0.7956
0.0000
0.0000
0.4773
0.0348
2.2154
0.0000
0.0000
0.0000
0.0000
0.0000
0.0000
0.0000
0.0000
0.0000
0.5666
0.4058
0.0000
0.0000
0.3227
0.0000
0.0975
0.0000
0.0000
0.0000
0.0000
3.1907
0.0000
1.0276
0.0000
1.6000
0.0000
2.1489
0.0000
1.7610
0.6995
0.5227
0.0000
0.0000
0.0000
0.4265
2.2731
0.0000
2.7843
0.0000
1.4562
0.0000
0.0000
0.6032
0.0000
0.0000
0.0000
0.0000
0.0000
0.0000
0.0000
0.6202
0.0642
0.0000
0.0000
0.0000
0.0000
0.1608
0.6896
1.6863
1.0613
0.3194
0.5043
0.0000
0.2801
0.0000
0.5756
0.0000
0.0634
1.5040
0.7750
0.9997
0.2187
0.0000
0.0000
1.9016
0.0000
0.0000
0.0000
0.0000
0.0000
0.0000
0.0000
0.0000
0.0000
0.0000
0.0000
0.0000
1.5896
0.8231
0.0000
0.0000
0.0000
0.0000
0.0000
0.0000
0.0000
0.0000
1.0692
0.0000
0.0000
0.0000
0.2698
0.6689
0.0000
0.0000
0.0000
0.0000
1.1578
0.0000
0.0000
0.0000
0.0000
0.0000
0.0000
0.0000
0.8131
0.0000
0.3682
0.0000
2.5464
0.2979
0.0475
0.0000
0.0000
0.7062
0.5792
0.0000
0.2439
0.0000
0.0000
0.0000
0.0000
2.5578
0.0000
0.0000
0.0000
0.3811
1.8516
0.0000
0.9688
0.0000
0.0000
3.2587
0.0000
0.0000
0.0000
1.4346
0.0000
1.6868
1.2971
0.0000
0.7291
0.0000
0.0000
1.3344
0.0000
0.0000
0.0000
0.0000
0.0000
0.0000
0.8563
0.0000
0.0000
0.0000
0.0000
0.0000
0.9637
0.0000
0.6445
0.0000
0.0000
0.0000
0.0000
0.0000
0.0000
0.0000
0.3596
0.0000
1.0083
1.4097
0.0000
0.0000
0.3388
1.1476
1.7815
0.5629
0.0000
0.0000
0.0000
0.0000
0.0000
0.0000
0.0000
0.2792
0.5961
0.2013
0.0000
0.0000
1.9042
0.0000
0.0000
1.6951
0.0888
0.0000
0.0000
0.0000
0.0000
2.1108
0.0000
0.2412
0.0000
0.0000
0.0000
0.0000
0.6201
0.1279
0.0000
0.0000
0.5710
0.0000
0.0000
0.1901
1.1980
0.0000
0.0000
0.0000
1.5514
2.0518
0.0575
0.0000
1.7167
0.3650
1.6601
4.4852
0.0000
0.0000
2.3289
0.0000
0.8446
0.0000
0.0033
0.0000
0.0000
0.0000
0.0000
0.0128
0.0000
0.0000
0.0000
0.0000
0.0000
0.0000
0.5525
0.0000
2.7234
0.0000
0.0000
1.5429
0.0000
0.0000
2.9989
0.0000
0.0000
0.0546
0.0000
1.0132
0.9679
0.0000
0.0000
0.0000
2.9945
0.0000
0.5864
0.0000
1.0416
0.0000
0.0000
1.7435
0.0000
0.0000
0.0000
0.0000
0.0000
2.5834
0.9782
1.3625
0.3263
0.0000
0.2983
0.0000
0.0000
1.3358
0.0000
0.0000
0.8043
0.1926
0.0000
0.0000
1.9943
0.8669
1.7325
1.8982
0.0000
0.0000
0.9385
0.0000
0.0000
0.5751
0.0000
1.7112
0.0000
0.0000
0.0000
0.0000
0.7269
0.4549
0.0000
2.1915
0.7804
0.0000
2.2162
1.3540
0.0000
0.0000
0.0000
0.6250
0.0000
1.3573
0.0574
0.0000
0.0000
0.0000
0.0000
2.1849
0.0000
0.0000
0.0000
0.0000
0.0000
0.5957
2.5229
0.0000
0.3545
0.0000
0.0000
0.0000
0.1698
0.5204
0.0000
3.4500
0.0000
3.5810
0.0000
0.0000
0.0000
4.0354
1.0105
1.1339
0.0000
0.9972
0.3470
0.7842
0.0000
0.0000
0.0000
1.7692
0.0000
0.0000
2.9436
1.6177
0.0000
0.0000
0.0000
3.9525
0.0000
1.5079
0.0000
1.1581
0.0000
0.0000
0.0000
0.0000
0.0000
0.0000
0.1199
0.0000
0.4684
0.8401
0.5361
0.0000
0.0000
0.7078
0.9050
0.0000
0.3678
0.0000
0.0000
0.0000
0.0000
0.0000
1.5226
0.0000
2.1120
0.0188
0.0000
0.0000
1.7944
0.0000
0.5353
0.0000
0.0000
0.5958
0.0000
0.0000
1.2673
0.7093
0.0000
1.2129
0.0000
0.0000
0.0000
0.0000
0.0000
0.0000
0.0000
0.0000
0.0000
0.0000
0.0000
0.0000
0.0000
0.0000
1.4225
0.0000
0.0000
0.7760
0.0072
0.0000
0.0000
0.0000
0.0000
2.2897
0.0000
0.0000
0.0000
0.0000
0.0000
0.0000
0.0000
0.0000
0.4086
1.0188
0.0000
1.7183
0.0000
0.0000
4.0286
0.0000
0.0000
0.0000
0.0000
0.9165
0.0000
0.0000
0.0000
0.0000
0.0000
0.0000
0.0000
0.1477
0.8214
1.8458
0.0000
0.0000
3.3625
0.0000
0.2533
0.0000
0.0000
0.3816
0.0000
0.0000
0.5060
1.3374
2.9684
0.7910
0.0000
2.5317
0.0000
0.0000
0.0000
0.0000
0.6382
0.0000
2.9447
0.7441
0.0000
0.0000
0.0000
0.0000
1.7051
0.0000
0.0000
2.8930
0.0000
0.0000
0.3705
1.4519
0.0000
0.0000
0.0000
1.8172
0.0000
0.0000
0.0000
2.0221
1.1944
2.2642
0.0000
0.0000
1.0610
0.0000
0.0000
0.2819
1.8744
1.6805
3.8727
0.0000
1.8060
2.8231
0.0721
0.0000
0.0000
0.0000
0.0000
1.4837
1.5821
0.0000
0.0614
3.2130
0.0000
0.0000
0.0000
0.3673
0.0000
1.2692
0.8339
1.0664
0.4288
0.0000
0.0000
1.0236
0.5800
2.1724
1.3616
0.0534
0.0000
0.0956
0.0000
3.5865
0.0000
0.0000
1.6409
0.0000
1.7817
0.3415
0.2914
0.0000
3.2626
0.0000
0.0000
0.0000
0.0000
0.0000
0.0673
0.0000
0.0000
0.0000
2.3894
0.3426
0.4478
0.0000
0.0000
0.0000
0.0000
0.5050
0.0000
0.0000
0.0000
0.0000
0.0000
0.0000
0.0000
0.0000
0.0000
0.1812
1.1157
0.2812
0.0000
0.5733
0.0000
0.0000
0.0000
1.8784
0.3103
1.6755
0.0000
0.4784
0.0000
0.0000
0.0000
0.0000
1.2657
0.0000
0.6966
0.1991
1.9962
0.0000
0.0000
4.7770
0.0000
0.0000
0.5515
0.1582
0.0000
0.0000
0.0000
0.0000
0.0000
0.0000
0.0000
0.5397
1.5082
0.2003
0.0000
0.8657
3.7103
0.0000
3.2854
2.1706
0.1721
0.0000
0.0000
0.0000
0.0981
0.0000
3.9624
0.0000
0.0000
0.9812
0.0000
0.8163
0.0000
0.0000
0.0000
0.0000
0.0000
0.0000
2.8077
0.0000
0.0000
0.3105
1.7386
0.0000
0.0000
0.0000
0.0000
0.0000
0.1284
0.0000
0.0000
0.0000
1.5542
0.5447
0.0000
1.1809
0.0000
0.0374
0.0000
0.0000
0.0773
1.5372
0.0000
0.0000
2.8914
0.1024
0.0000
0.0000
0.0000
0.2570
0.0000
0.1870
0.0642
0.0000
0.0000
0.0000
0.0000
1.6632
0.0613
1.4100
2.7137
0.0000
0.0000
0.0829
1.9545
3.6316
0.0000
0.0000
0.0000
0.0000
0.0000
0.0000
0.0000
0.0000
0.0000
0.0000
0.0000
0.6122
2.7597
1.2055
0.0000
0.0000
0.4756
0.3327
0.0000
2.9465
0.0000
0.1675
0.0000
0.0000
2.6497
2.0094
0.0721
0.0000
1.9332
0.0000
0.0000
2.5880
1.9879
0.0000
0.0000
3.5846
1.7875
0.0000
0.0000
0.0000
0.0000
0.0000
0.0000
0.5203
0.8207
0.0000
0.0000
4.7592
0.0000
1.8546
0.0000
0.8580
0.0000
0.0000
0.0000
0.0000
0.0000
0.0000
0.2359
0.0000
0.0000
0.0000
0.0000
1.0901
0.0000
0.0000
0.0000
0.0000
0.6086
0.0000
0.0000
0.0000
1.1934
2.5189
0.5818
1.7741
0.0000
1.6859
0.0000
0.3570
2.0747
0.0000
0.6286
0.0000
0.0000
0.0000
0.0000
0.0000
1.1995
0.0000
0.0000
0.5027
0.0000
0.0000
0.0000
0.0000
0.0000
1.2524
0.0000
2.8361
0.0000
0.0000
1.3569
0.0000
1.2307
0.2409
0.0000
0.0000
0.0000
0.0000
3.5896
0.3983
0.0000
0.0000
1.8000
0.0000
0.0000
0.0000
0.0000
0.0000
4.6297
0.0000
0.0000
0.0000
0.0000
0.0000
1.5722
0.0000
0.0000
0.0000
0.0000
1.3043
0.0000
0.5717
0.0000
0.0000
1.0412
0.0000
0.0000
0.0000
0.0000
1.3792
0.0000
2.2313
1.7805
0.0000
3.0944
0.0000
0.0000
1.9228
1.4363
0.0000
0.2203
0.1861
0.0000
0.6259
0.0000
0.6375
0.0000
0.2470
0.9173
0.0000
0.0000
0.0000
1.5905
0.6069
2.0874
0.0000
4.0408
0.0000
0.0000
2.5172
0.0000
3.4532
0.0000
0.0000
0.0000
0.0000
3.0413
0.1302
0.0000
2.1195
0.0000
0.0000
2.5017
0.0000
0.0000
2.5518
0.0000
0.0000
2.9602
0.0000
1.5254
0.0000
0.0000
0.0000
0.0000
2.7569
0.0000
0.0000
0.0000
0.0000
0.0000
0.0000
0.0000
0.7474
1.3239
0.0000
0.0000
0.0000
0.0000
0.0000
0.0000
0.0000
0.9798
0.0000
0.0000
0.0000
0.0000
1.6907
0.0579
0.0000
0.0000
0.9684
0.0000
1.5704
0.1042
1.6384
0.0000
0.0000
0.0364
0.0000
0.0000
0.0000
0.7131
1.8412
0.4462
0.0000
1.4179
0.0000
0.0000
1.9274
2.1232
0.0000
0.1652
0.0000
0.1648
0.0000
0.0000
0.6792
0.0000
0.1645
0.7569
0.7333
1.2386
0.0000
0.2734
0.4509
0.0000
0.0000
0.7199
0.0000
0.0000
0.0000
0.0000
0.0000
1.5126
0.0000
0.0000
0.2027
0.0000
1.2789
0.0000
0.1867
0.0000
0.5600
0.7348
1.1024
0.0000
0.0000
0.9765
0.1303
1.1451
0.0000
5.7413
1.5738
2.1967
0.1012
2.5606
0.0000
0.0000
0.0000
0.0000
0.0000
0.0000
0.0000
0.0000
0.5727
0.0000
0.0000
0.0000
0.0000
0.0000
0.0000
0.0000
0.0032
0.0000
0.7562
0.0000
0.0000
0.0000
1.0419
0.0000
0.0000
0.0000
0.8041
0.0000
0.0000
0.0000
0.8520
0.0000
0.0000
0.0000
0.0000
0.0000
0.0000
0.0000
0.0000
0.0000
0.6231
0.0000
0.0000
0.0000
0.0000
0.0000
0.0000
0.0000
0.3274
0.0000
0.1134
0.0000
0.7448
0.0000
1.6667
0.8442
0.0000
0.0000
0.0000
0.0000
0.0000
0.1194
0.0000
0.2443
0.0000
0.0000
1.8155
0.0000
0.0000
0.6757
0.0000
0.0000
0.0000
0.0000
0.0000
3.0234
2.0636
0.0000
0.0000
0.0000
0.0000
0.0855
2.5208
0.0000
0.8556
0.0000
1.1023
0.0000
1.8562
0.7639
0.3780
0.0000
0.0000
0.0000
0.0000
1.6491
0.0000
3.7167
0.0000
0.0000
1.0197
0.0000
0.5210
0.0000
0.0000
0.0000
0.0734
0.0000
0.0000
0.2052
0.0000
0.0000
0.0000
0.0000
0.9545
0.5294
0.0000
1.5379
0.4683
0.0000
3.0458
0.0000
0.0000
1.4592
0.3064
0.0000
3.2798
0.0000
0.8308
0.0000
0.0000
0.0000
0.0000
1.5540
0.0000
0.0000
0.0000
0.0000
1.9948
0.8546
0.0000
0.2344
0.0000
1.1794
0.5750
0.0000
0.0000
0.0000
0.2567
0.0000
0.0000
0.0000
0.0000
0.0000
0.7360
0.0000
0.0249
0.8514
0.3284
0.0000
0.4485
1.1293
0.0000
0.0000
0.0000
1.0258
0.9034
0.0000
0.0000
0.0000
0.0000
0.0000
0.0000
2.0865
0.0000
0.4644
0.0000
0.0000
0.0000
0.0000
0.0000
0.0000
0.0000
0.0000
0.0000
0.0000
1.1740
0.0154
0.0000
0.1081
0.4812
2.1600
0.0000
4.2672
0.0000
0.0000
0.0000
0.0000
0.0000
0.0000
0.0000
0.7170
0.0000
0.0000
0.1835
0.0000
0.0000
0.0000
0.0000
0.3747
0.5774
1.1644
0.0000
0.0000
0.1386
0.0000
0.0000
3.7569
0.0000
0.0000
0.0000
0.0000
1.5622
2.4709
0.0000
0.0000
1.2712
0.6262
2.9128
0.0000
0.0000
0.7093
0.5990
0.0000
0.0000
0.0000
1.2712
0.0000
1.9077
0.0000
0.0000
0.3192
1.0319
0.0000
0.2034
0.0000
1.7545
0.4233
0.0000
0.0000
1.9622
0.0000
0.0000
0.6486
0.0000
0.0000
0.0000
0.0000
0.0000
1.2211
0.0000
1.4506
2.4260
0.4047
0.9281
0.0000
1.1614
1.6108
1.7772
0.0000
0.0000
0.0000
0.0000
0.0000
0.1494
3.0817
0.0000
0.0000
0.0000
0.0000
0.0000
0.5944
2.3478
0.2816
0.4385
0.2387
0.0000
0.0000
0.0000
1.4906
3.1254
0.0000
0.0000
0.0000
0.0000
2.9995
1.2483
0.0000
0.0000
0.0000
0.0000
0.6083
2.6804
0.0000
0.0000
2.6328
0.0000
0.0000
0.0000
0.0000
0.9834
0.3470
0.0000
0.0000
0.0000
0.0000
1.7211
2.8021
0.0000
1.2883
0.6304
0.0000
0.0000
0.0000
2.4390
0.0000
2.2788
0.0000
0.2874
2.3155
0.0000
0.3627
0.0000
0.0000
0.5564
0.0817
3.7819
0.0000
0.0000
0.0000
0.0000
0.0000
0.0000
0.0000
0.2893
1.0182
0.0000
0.0000
0.0000
0.0519
0.0000
0.3107
1.4598
4.7185
0.0000
0.0000
0.0000
0.0000
2.4301
0.0000
0.0000
0.1396
0.0000
0.0000
1.1385
0.0000
0.0000
1.5574
0.0000
0.0000
0.6613
0.0000
0.0000
1.5987
0.0000
0.0000
0.0000
0.0000
0.0000
0.0000
0.0000
0.0000
4.5320
0.0000
0.0000
0.0000
0.0933
0.0000
0.0000
0.0000
0.4061
0.0000
1.4092
0.6634
0.0000
0.0000
0.3310
0.0000
2.4131
0.0000
1.3363
1.9356
1.3829
0.0000
0.0000
0.0000
0.0000
0.0000
0.0000
2.1123
0.0000
0.0508
0.2352
0.0000
0.5652
0.0000
0.0000
2.3261
0.0000
0.0000
1.8026
4.3652
0.6507
1.4541
0.5324
0.0000
2.5008
0.0000
0.0000
0.0000
0.0000
0.0097
0.0000
0.9841
0.0000
0.0000
0.5106
0.6232
0.0000
0.0000
0.6742
0.0000
0.0000
0.6074
0.0692
0.4677
0.0000
0.0000
0.0000
3.6200
0.0000
0.0000
0.0000
0.0000
0.0000
1.6063
0.0000
0.0000
0.0000
0.1561
0.0000
0.0000
2.5150
0.9497
2.9594
0.0000
0.8444
0.0000
0.0000
1.2268
0.0000
2.4213
0.0000
0.4201
0.0000
1.3268
0.5996
0.8502
0.0000
0.0000
0.0000
0.0000
2.7051
0.0000
0.0000
0.0000
0.0000
0.6374
0.0000
0.0000
0.0000
1.9238
0.0000
0.6463
2.1932
3.4943
0.6279
0.0000
0.5417
1.2033
3.3014
0.0000
0.0000
0.0000
0.0000
0.0000
0.7761
1.5480
0.0000
0.0000
1.6461
0.0000
0.6154
0.7952
0.0000
0.0000
0.0000
0.0000
2.8959
0.4106
0.2240
0.0000
1.0065
0.0000
0.8556
4.4622
0.0000
0.0000
0.0000
0.7817
2.5979
0.0000
3.5600
0.0000
0.0000
0.0000
1.8594
3.9836
0.0000
0.0000
0.0000
1.7086
0.0000
1.3384
0.0000
0.0000
0.2022
0.0000
0.1179
0.0000
0.0000
0.0000
1.0286
0.0000
0.0000
0.0000
0.4043
0.0000
0.0000
1.6082
0.0000
0.0000
0.0000
0.0000
0.1443
1.7436
0.0000
0.0000
0.0000
0.6197
0.0000
2.2768
0.6982
0.0000
0.0000
0.0000
0.0000
1.9008
0.0000
0.0000
0.0000
0.0000
0.0000
0.0000
0.7750
0.0000
0.5942
0.0000
0.0000
0.0000
0.0000
0.1256
0.2081
1.2531
1.1161
1.2903
0.0000
0.0000
0.0000
0.0000
0.0000
0.0000
0.0000
1.0716
0.0000
2.2244
0.5361
1.2023
0.0000
1.9096
0.0062
0.2485
0.0000
0.0000
0.0000
0.0000
2.2864
0.0000
0.0000
0.0000
0.0000
0.0000
0.8340
1.8562
1.4337
0.0000
1.2127
0.0000
2.7318
0.0000
0.7184
0.0000
1.2420
0.5131
0.0000
0.0000
0.0000
0.3517
1.0887
0.0000
0.0000
0.5509
0.0000
0.0000
3.9035
0.0000
0.0000
1.3822
0.0000
0.0000
0.0000
0.0000
1.8847
0.0000
0.6916
1.0104
0.0000
0.0000
1.6452
2.5277
1.2948
0.0000
2.9571
0.0000
0.0000
0.0000
0.7576
0.9976
0.0000
0.0000
0.0000
0.1019
3.3402
0.0000
0.0000
1.1145
0.0511
0.0000
0.0000
1.1674
0.0000
0.5199
0.2223
0.0000
0.0000
0.0000
0.0000
0.0000
2.3923
0.0000
0.0000
0.0000
0.0000
0.0000
0.0000
0.0000
0.0000
0.0000
0.0000
0.3929
0.0000
0.8972
0.1190
0.0000
0.0000
0.0000
0.0000
0.3342
0.4540
0.0000
0.0000
0.0000
0.1791
0.1982
0.0000
0.0000
0.0000
0.0000
1.1251
1.2670
0.0000
0.0000
0.0000
1.8771
0.5550
0.0000
0.0000
0.0000
0.0000
1.6190
0.0000
0.0000
0.0000
4.7019
1.0758
0.0000
0.0000
0.0000
0.0000
0.0000
1.0095
0.0000
0.9636
0.2690
0.0000
1.7340
3.1744
0.3637
0.0000
0.0000
0.0000
0.0000
0.0000
1.9827
0.0000
0.0000
0.0603
0.0000
0.6114
0.6738
0.0000
0.9652
0.0000
0.0000
0.0000
0.0711
1.2689
0.0000
0.0000
0.0000
0.0225
0.0000
3.5634
0.0000
0.7578
0.0000
0.0000
1.9680
0.0000
0.8491
0.0000
2.4538
0.0000
1.2028
0.2871
0.0000
0.7457
0.5315
0.7652
0.0000
0.0000
0.9196
0.0000
0.0000
0.0000
1.1068
0.0000
0.0000
3.2047
0.0000
0.0000
0.0000
0.2457
1.1543
0.0000
0.0000
0.0000
0.0000
1.1326
0.3279
0.0000
0.4058
3.1030
0.0000
0.0000
0.0000
0.0348
5.3979
0.3262
1.5347
0.0000
0.0000
0.0000
0.0000
0.0000
0.0000
0.0000
0.0000
0.3976
0.8204
3.2782
2.4950
3.8310
1.2218
0.4538
0.9931
0.0000
0.0000
0.0000
0.4125
0.0000
3.7227
0.2043
0.0000
2.1373
0.0000
0.0000
0.0000
0.4004
0.2015
2.6306
0.0000
0.0000
0.0000
0.6340
0.0000
0.0186
1.0845
0.0000
0.3159
0.7338
2.4429
1.8719
0.3307
0.0000
1.0399
0.0000
0.0000
1.1576
1.1754
0.0000
0.0000
0.0000
1.2025
0.0000
1.6097
0.0000
0.3914
0.0000
0.0000
0.0000
1.9971
3.9336
0.0000
0.0000
0.0000
4.4140
0.0000
1.2941
0.0000
0.0000
0.6170
0.7156
2.1233
0.0000
0.0000
0.3544
0.0000
3.3167
0.0000
0.0710
1.5862
0.0000
0.3148
0.1789
0.8451
0.2899
1.1547
0.0000
0.7130
1.5885
0.0000
0.1936
0.1356
0.0000
0.0000
0.0000
0.0000
0.0000
0.4967
2.0135
1.1478
0.0000
0.0000
0.0000
0.0000
4.2346
1.1833
1.4127
0.0000
1.7719
0.0000
0.0000
0.0000
0.0000
1.2794
0.0000
2.0735
1.3833
0.0000
2.6404
1.0924
0.9902
0.0000
0.0000
1.5783
0.5692
0.0000
0.0000
0.0000
0.1174
0.3726
0.0000
0.0000
0.0000
0.8469
0.0000
0.0000
0.3939
0.3721
0.0000
0.0000
0.0000
2.1773
0.0000
1.2279
0.0000
1.4973
0.5845
0.4254
1.4709
0.1330
2.7873
0.7413
0.0000
0.7344
0.0000
0.0000
0.0200
1.4822
0.0000
0.0000
7.1029
0.1560
0.0000
2.6413
0.8585
3.1226
2.1597
0.0000
1.4855
0.2551
0.0000
0.0000
0.0000
0.0000
0.0000
0.0000
0.8886
2.0771
1.6167
0.0000
0.0000
1.3355
0.0000
0.0000
1.0596
0.0000
0.3289
0.0000
0.0000
0.6159
0.0000
