0.2985
0.0000
0.0000
0.0000
0.0000
0.0000
0.0000
0.0000
0.0000
2.9175
0.0000
0.0000
1.3195
0.0000
0.0000
0.0000
0.0000
0.0000
0.0000
0.0000
0.0000
0.0000
2.5660
2.4184
1.1869
1.7746
0.0000
1.8948
0.0000
0.0000
0.0000
0.0000
0.8840
0.0000
1.7118
0.0000
0.0000
0.0000
2.1578
1.7492
0.0000
0.0000
0.0000
0.0000
0.0000
0.0000
0.0000
0.0000
0.0000
0.0000
0.0000
0.0000
0.0000
0.0000
0.0000
0.0000
0.1686
0.0000
0.0000
0.0000
0.0000
1.1713
0.0000
1.9464
0.0000
0.0000
0.2343
0.6245
0.0000
0.0000
0.4669
2.8342
1.0354
0.0000
0.0000
1.6318
0.0000
0.0000
0.0000
0.0000
0.9137
0.0000
0.0000
0.0000
0.0000
0.0000
0.0065
2.3764
0.0000
0.0000
1.0325
0.0000
2.5134
1.2091
0.0000
0.0000
0.0000
0.0000
2.1829
0.0000
0.0000
0.0000
0.0000
0.0000
1.1881
0.0421
0.0000
0.0000
0.4505
3.7581
0.0000
0.0000
1.8916
0.0000
0.0000
0.0000
1.0580
0.0000
0.0000
0.0000
3.0406
0.0000
1.1836
1.4490
0.0000
0.0000
0.7086
1.7727
0.0000
0.0860
0.0000
0.0000
0.9163
0.0000
2.1442
0.0000
1.7079
1.1824
0.0000
2.4178
1.8930
0.0000
1.7070
1.3012
1.3958
0.0000
0.0000
0.2685
1.0336
0.0000
0.2671
1.3382
0.0000
0.0000
0.0000
0.3237
0.0000
0.3620
0.0000
0.0000
1.3414
0.0000
1.9121
0.0000
0.0000
1.1815
0.3091
0.0000
0.0000
1.7804
0.0000
0.0000
0.0000
0.0000
0.0000
0.0000
0.0000
0.4669
0.0000
4.0825
1.3374
2.7680
0.0000
0.0000
0.0000
0.0000
1.5690
0.0000
2.0786
0.9770
0.0000
0.0000
1.3485
0.0000
0.6363
0.0000
0.0000
0.0000
3.3084
1.6837
0.0000
0.6541
0.0000
0.0000
0.0000
0.0000
0.0000
0.7295
0.2676
0.0000
0.0000
0.0000
0.0000
0.0000
0.0000
0.0000
0.0000
0.0000
0.0000
0.0000
0.0000
0.0000
0.0000
0.0000
0.2936
0.0000
0.0000
1.0302
0.0000
0.0409
0.0000
0.4818
0.0000
0.0000
0.0000
0.0000
2.2538
0.0000
0.5143
0.0000
0.0000
0.0000
1.0007
0.0000
0.0000
0.0000
0.0000
0.0000
0.0000
0.0000
0.0000
0.0000
0.0000
0.0000
0.0000
0.0739
0.0000
0.0000
1.3522
0.0000
0.0000
0.0000
0.0000
0.0000
0.0000
0.0000
0.0520
0.2463
0.0000
1.4436
0.8363
0.0000
0.0000
1.6413
0.0000
0.0000
0.0334
0.7280
0.0000
0.0000
1.7750
0.0000
0.2848
0.0000
0.0000
1.0888
0.0000
0.0000
0.0000
0.0000
0.0000
0.0000
0.0000
0.0000
2.5804
0.0000
0.0000
1.4123
0.0000
1.9013
0.0000
0.0000
0.0000
0.0000
0.4216
0.0000
0.0000
0.0000
0.0000
0.0000
0.0000
0.1289
0.0000
2.3785
1.4912
0.0000
0.0000
0.0000
1.2756
1.9695
0.0000
1.3566
0.0000
0.0000
0.0000
1.5702
0.0000
1.8196
0.0000
1.4490
0.0000
0.0000
0.0000
0.0000
0.0000
1.4570
1.8911
0.0000
0.0000
2.2303
0.0000
0.0000
0.0000
0.0000
0.0000
2.7066
0.0000
0.0000
0.0000
0.0000
0.0000
3.3071
0.3451
0.0000
0.7769
0.0000
0.0000
0.0000
1.1557
0.0000
0.0000
0.0000
0.0000
0.0000
0.0000
1.8861
0.0000
0.0000
0.0000
0.0000
0.0000
0.2626
0.0000
0.0000
0.0000
0.0000
0.0000
2.1091
0.0000
0.0000
4.9257
0.0000
0.7293
0.0000
0.0000
0.0000
0.5883
0.0000
0.0000
0.4367
2.4008
0.0000
0.0000
0.0000
0.0000
1.5177
0.4707
0.0000
0.0000
0.1004
0.0000
1.8907
0.0000
0.0000
0.0000
0.0000
0.0000
0.0000
0.9005
0.0000
0.0000
0.0000
0.0000
1.1164
0.0000
2.1183
0.0000
0.0000
1.0404
0.0000
0.1342
0.2526
0.7460
0.0000
0.0000
0.1115
0.0000
1.0590
0.0000
0.7578
0.0000
0.0000
0.0000
0.0997
0.0000
0.0000
0.0000
0.0000
1.8293
0.0000
1.9460
0.0023
0.8762
0.0000
2.7521
1.1389
0.0000
0.0000
2.3725
2.0472
0.5196
0.0000
0.0000
0.6263
0.0000
0.9829
0.0000
0.0000
0.7274
0.0000
0.0000
0.0000
1.7232
0.0000
0.0000
0.0000
0.0000
0.0000
0.0000
0.0000
0.0000
1.1190
0.0000
0.0000
0.0000
2.5794
2.8639
0.0000
0.2355
0.0000
0.0000
0.0000
0.3753
2.2911
1.4746
0.0000
0.0000
1.4002
0.0000
0.4329
0.0000
0.0000
0.0000
0.0000
0.9710
0.0000
0.0000
0.0000
1.9810
0.0000
0.0000
0.0000
1.8780
0.0000
0.4992
0.0552
0.0398
0.0000
0.4911
1.9735
0.6045
2.1766
0.0000
0.0000
0.1087
0.0000
0.0000
0.0000
5.1788
0.0000
2.2336
1.7699
0.0000
1.5811
2.2380
0.0000
0.0000
0.0000
0.0000
0.0000
0.6771
0.4157
0.3290
0.0000
0.0000
2.5387
0.0000
0.0000
1.9240
0.0000
0.0000
0.0000
0.0000
0.0000
0.0000
0.0000
0.0000
0.0000
0.0000
0.0000
0.0000
1.0259
0.0000
0.0000
0.3296
0.0000
0.0306
0.0000
0.0000
0.0000
0.0000
0.1016
0.0000
0.0000
0.2398
1.9078
0.0000
0.0000
0.0860
0.0000
0.0000
0.0000
0.0000
0.0000
0.0000
0.0000
1.2181
1.4317
0.0000
0.0000
0.0000
0.0000
0.0000
0.0000
0.0000
0.0000
0.0000
0.0000
2.1001
0.2810
0.6599
0.0000
0.0000
0.0000
0.0000
0.0000
0.0000
0.0000
3.1493
0.1488
0.0000
3.5343
0.0000
0.0000
0.0000
1.1949
2.7399
0.0000
0.2234
0.3674
0.0000
0.0000
0.0000
4.8136
0.0000
2.2380
0.6414
0.5259
0.7539
0.0000
0.9865
0.0000
0.1658
0.9480
0.0000
1.4594
0.0000
0.5179
0.0000
0.0000
0.0000
0.0000
0.0000
0.7081
2.1874
1.6243
0.0000
2.2052
0.0000
0.0000
0.0000
0.4127
0.0000
0.0000
0.0000
0.0000
0.0000
0.0000
0.0000
0.0000
0.0000
0.5346
2.4856
0.0000
0.0000
0.0000
0.0000
0.0000
0.0000
0.3944
0.0000
1.1368
0.1946
0.0000
0.0000
0.0000
0.0473
0.0000
0.0000
0.0000
0.0000
0.0000
0.0000
0.0000
0.0000
0.6208
0.0000
0.0000
0.0000
0.0000
0.0000
0.0000
0.0000
0.0000
0.0000
0.0000
0.0000
0.7514
0.0000
1.4061
1.3337
0.0000
2.7608
0.0000
0.0000
0.0000
0.0000
0.0000
1.1414
0.0000
2.3143
0.0000
0.0000
0.8796
0.0000
0.0000
0.0000
0.0000
0.0000
1.6723
0.0000
1.0770
0.4147
0.0052
0.0000
0.0000
0.0000
0.0000
0.0000
0.0000
0.0000
0.0000
0.0265
0.4612
0.0000
0.0000
0.2750
0.0000
1.6534
1.0952
0.0000
0.0000
0.5476
0.6164
0.0000
0.0000
0.0000
0.5393
0.0000
3.1010
0.0567
0.0000
0.0000
2.3191
0.0000
0.0000
0.6891
0.8882
0.9483
0.0000
0.0000
0.7159
0.0000
0.0000
0.0000
0.0000
0.0000
0.0000
0.0000
0.0000
0.2259
0.0000
0.8110
0.0000
0.0000
0.8054
0.0000
0.4099
0.0000
0.0000
0.6492
0.0000
0.0000
0.0000
0.0000
0.0000
0.0000
0.0000
0.9048
0.0000
0.0000
0.0000
0.0000
0.0000
0.0000
0.0000
0.2208
0.3937
0.0000
0.0000
0.0000
0.0000
1.4436
0.1940
0.0000
0.0000
0.0000
0.0000
1.0172
0.2108
0.0000
0.4111
1.9129
0.1276
0.0000
0.0000
0.0000
0.0000
0.0000
0.0000
0.7915
0.4352
0.0000
2.5884
0.0000
0.0000
0.0254
0.0000
0.0000
1.2560
1.4193
0.0000
1.1853
0.0000
0.0000
0.0000
0.0000
0.0000
0.1733
0.0000
2.3627
0.0000
0.0000
0.0000
0.0000
0.0000
1.0870
0.0000
0.0000
0.0000
0.0000
0.0000
0.0000
0.0000
0.0000
0.0000
0.0000
0.0000
1.7297
0.0000
0.0000
0.4050
0.0000
0.0000
0.0000
0.0000
0.0000
0.0000
0.2182
0.0000
0.0000
0.0000
0.0000
0.8941
0.0000
0.0000
1.2389
0.7438
0.0000
0.0000
0.3161
0.0000
2.4408
0.0000
0.0000
0.6455
0.0000
2.8092
0.0000
0.0000
0.0000
0.0000
0.0000
0.0000
0.0000
0.0000
0.0000
0.0000
0.0000
0.0000
0.6406
0.0000
0.3246
0.0000
0.7328
0.0000
0.0000
1.9001
0.0000
0.0000
0.0000
0.0000
0.0000
0.0000
0.0000
0.0000
0.0000
0.0000
0.0000
1.3587
0.0000
0.0000
2.3534
0.0000
0.0000
0.0000
0.0000
0.6060
0.0000
0.0000
0.0000
0.0000
0.0219
0.0000
0.0000
1.8940
1.5877
0.0000
0.0000
0.0000
0.0000
0.0000
0.4324
2.0517
1.1165
0.8584
0.0000
0.0000
0.0000
0.2490
0.0000
0.0000
0.0000
0.4192
1.6488
2.6795
0.0000
0.0000
0.0000
4.3897
0.0000
0.0000
0.0000
0.0000
0.0000
0.0134
1.8909
0.0000
0.0000
2.0505
0.0000
0.0000
0.0000
0.5435
0.2187
0.0000
0.0000
0.1622
0.1837
0.0000
0.0000
0.0000
0.0000
0.0000
0.0000
0.0000
0.0143
0.0000
0.2831
0.0000
0.0000
0.0000
0.0000
0.0000
2.0539
2.5639
1.0892
0.0000
0.0000
0.0000
1.7634
0.0000
0.0000
0.0000
0.0000
0.4769
0.0000
0.0000
0.0000
3.2623
0.0000
0.0000
0.0000
0.8117
0.0000
2.7598
0.0000
0.0000
0.0000
1.8937
0.0000
0.6320
0.0000
4.5246
0.0000
0.0000
1.3279
2.6648
0.0000
0.1013
0.0000
2.6203
0.0000
0.0000
0.0000
0.4920
1.4697
0.0000
0.0000
1.2476
0.0000
0.4878
1.8934
0.0000
0.5401
0.0000
0.5934
0.0000
1.1917
0.0000
0.0000
1.0558
0.0000
0.0000
0.0000
0.0000
0.7263
0.0000
0.0000
0.0000
0.1063
0.0000
0.0000
0.0000
0.0000
0.0000
0.0000
0.0000
0.0000
0.0000
2.0309
0.0000
1.8050
0.0000
0.2340
1.3908
0.1624
0.0634
0.0000
0.6345
0.0000
0.0000
0.0000
0.6543
0.0000
0.4760
0.2441
0.0000
0.0000
0.0000
0.0000
0.0000
0.0000
0.0000
0.0000
0.3824
0.0000
0.0000
0.0000
0.0000
0.0000
0.2280
0.0000
0.0000
2.2870
0.0000
0.0000
1.6546
0.0000
1.1109
0.0000
0.3192
0.0000
0.4638
1.7076
0.0000
0.0000
0.0000
0.0000
1.5886
0.0000
0.0000
0.7566
0.0000
0.0000
0.0000
0.0000
0.0000
0.0000
0.0000
0.0000
0.1629
0.0000
0.0000
0.9829
0.0000
1.1635
0.0000
0.0000
0.0000
0.0000
0.0000
0.0000
0.0000
0.0000
0.0000
0.0000
0.0000
0.0000
0.0000
1.4918
0.0000
0.0000
0.4440
0.9840
0.0000
3.5841
0.0000
0.0000
1.2196
0.0000
1.6562
1.3759
0.0000
0.0000
0.0000
1.0807
0.0000
0.0000
0.0000
0.0000
0.9015
0.0000
0.0000
0.0000
0.0000
2.4407
0.0000
0.0000
0.7411
2.6995
0.1515
0.0000
2.0089
3.5791
0.0000
0.0000
0.1805
0.0000
0.0000
0.0000
0.0000
1.0432
0.0000
0.0000
0.0000
0.0000
0.0000
2.5721
0.0000
1.4758
0.2502
0.0000
0.0000
0.6934
0.0000
0.0000
0.4829
0.0000
0.0000
2.4059
2.7823
0.0000
0.0000
0.4965
0.0000
2.4128
0.0000
0.0000
0.0000
2.9863
1.1489
0.8575
0.0000
0.1170
0.0000
0.0000
0.0000
0.1462
0.0000
0.0000
0.0000
0.4370
3.4296
0.0000
0.9382
0.0000
0.0000
0.0000
0.0000
0.0000
0.0000
0.0000
0.0000
0.0000
0.0000
0.0000
0.0000
0.6480
0.0000
0.0000
0.0000
0.0000
0.0000
0.6754
0.0000
0.0000
0.0000
2.5911
0.0000
0.0000
0.0000
3.1263
0.0000
0.0000
0.0000
0.0000
2.1354
0.4950
0.0000
0.0000
0.0000
0.0000
1.4661
0.0000
0.0000
0.0000
0.0000
0.0000
0.0000
0.0000
0.7757
4.0463
0.0000
0.0000
0.0000
0.2904
0.0000
0.0000
2.6082
0.0000
0.0000
0.0000
0.0000
0.0000
0.0000
2.2322
0.0000
0.0000
0.0000
0.0000
1.4962
1.5559
0.0000
0.0000
0.0000
2.0054
0.3000
0.0000
0.0000
0.0000
0.0000
1.4912
0.0000
0.0000
1.9223
0.0000
0.0000
0.0000
0.0000
0.0000
0.0000
0.0000
0.0000
0.0000
1.1463
0.0000
0.0000
0.0000
0.0000
0.0000
0.6294
0.0000
0.0000
1.1987
1.2487
0.0000
0.5534
0.3241
0.0000
0.0000
0.0000
0.0000
0.4764
1.4616
0.8962
0.0000
0.4948
0.0000
0.0000
0.0000
0.0000
0.0000
0.0000
0.0000
0.0000
0.0000
0.0000
0.0000
0.0000
0.0000
0.0000
0.0000
0.0000
0.0000
0.0000
0.0000
0.2300
0.0000
0.0000
0.0000
0.0000
1.3219
0.8661
0.0000
0.0000
0.0000
0.0000
0.2983
1.9820
0.0000
3.1009
0.0000
0.0000
0.0000
0.0000
0.0000
0.0000
0.0000
0.0000
0.0000
0.0000
1.4344
2.6415
0.1242
0.0000
0.0000
0.0000
0.0000
0.2250
0.1858
0.0000
2.6675
0.0000
0.0000
0.9823
0.6069
1.5027
0.7510
4.9584
0.3703
0.0000
0.0000
0.0000
0.7950
0.2240
0.0000
0.2805
0.0000
0.0000
0.0000
0.3020
1.4506
0.2508
0.0000
0.0000
0.0000
1.7906
1.0712
1.3138
0.0000
0.6903
0.0000
0.0000
1.9720
1.3378
0.0000
3.4591
0.0000
0.3418
0.0000
0.9494
0.0000
0.0000
0.0000
1.2566
0.0000
0.0000
1.7514
0.0000
0.0000
0.4114
0.0000
0.0000
0.0000
0.0000
0.0043
1.5217
0.0000
1.9559
0.0000
0.0000
0.0000
0.0000
0.0000
1.0526
0.0000
0.7485
0.0000
0.0000
0.0000
0.0000
1.1629
2.0218
0.0000
0.0000
0.0000
0.3185
0.0000
0.0000
0.0000
0.0000
0.0000
0.0000
0.0000
0.0000
1.3245
0.0000
0.4244
0.0000
0.0000
0.0000
0.0000
0.0000
0.0000
0.6862
3.4429
2.3206
0.0000
0.1486
0.0000
0.0000
0.0000
0.0000
0.0000
1.7251
0.0000
0.0000
0.1288
0.0000
0.0000
0.0000
0.2642
0.2446
0.0000
1.3040
0.0000
0.0000
0.0000
0.3550
0.0000
0.0000
2.6431
2.3211
1.5327
0.0000
0.8170
0.0000
0.0000
1.7134
0.9493
0.9368
0.0000
0.0000
0.0000
2.0871
0.0000
0.0000
0.0000
1.5967
0.0000
1.2225
0.0000
0.0000
0.0000
0.0000
0.0000
0.5497
2.2579
0.9319
0.0000
0.0000
0.0000
0.0000
0.0000
0.0000
0.0000
1.0341
0.0000
0.0000
0.0000
1.8221
0.0000
0.1390
0.0000
0.0000
0.0000
0.0000
0.0000
0.0000
0.6524
0.4950
0.0000
1.3592
0.0000
0.0000
0.0000
1.2662
0.3370
2.7183
0.0000
0.0000
0.0000
0.9350
0.0000
2.1523
0.8514
0.0000
0.0000
0.0000
0.0000
0.0000
0.0000
0.0000
0.1727
0.0000
0.0000
0.0000
0.0000
0.9235
0.5360
0.0000
0.0000
0.2739
2.0897
0.0000
0.0000
0.0000
0.1640
1.6318
0.3693
0.0000
0.0000
1.3301
0.0000
0.9374
0.0000
0.0000
0.3752
0.0000
0.0000
0.0000
0.0000
0.0000
0.0000
1.0640
0.0500
0.0000
1.5323
2.3670
0.0000
0.6896
2.4603
0.2831
0.0000
0.0000
0.4388
0.0000
0.0000
0.0000
0.0000
0.0000
0.2594
0.0000
0.5668
0.0000
0.0000
0.0000
0.0000
0.0000
0.0000
0.0000
0.4767
0.0000
0.0000
0.0000
0.3878
0.0000
0.3661
0.0459
0.3514
0.0211
0.0000
0.8454
0.0000
0.0000
0.1891
0.3442
1.2881
0.5152
1.3448
0.0000
0.0000
0.0000
0.4290
1.9839
0.8570
0.0000
0.0000
0.0000
0.0000
0.0000
0.3987
0.0000
1.9628
0.0000
1.9333
0.3023
0.0000
0.0000
0.0000
0.2395
0.0000
0.0000
0.0000
0.3439
0.0000
0.0000
1.7226
0.0000
0.0000
0.0000
0.0000
0.0000
0.0000
0.0000
0.0000
0.0000
1.1055
0.0000
0.0000
0.4122
0.0000
1.3360
0.0000
0.3680
0.0000
1.2693
0.0000
1.8683
0.0000
0.0000
0.0000
0.0000
0.0000
1.5931
0.9806
2.1199
0.0000
0.4968
0.0000
0.2293
0.0000
0.0326
0.2290
0.0000
0.3809
0.0000
0.0000
0.0000
0.0000
0.4490
0.0000
0.0000
0.0000
3.0002
0.0000
3.9524
0.0000
0.0000
0.0000
0.0000
0.0000
0.0000
0.0000
1.6831
0.9558
1.9556
2.5902
0.0000
0.0000
0.0000
1.6881
0.0000
0.2943
0.4103
1.7630
0.0000
0.0000
0.0000
1.4496
0.9917
0.0000
0.0000
0.0000
1.1418
0.7453
0.0000
0.0000
0.0000
0.0000
0.0000
0.1189
1.3214
3.4603
0.0000
0.0000
0.7554
0.1451
1.8165
0.0000
0.0000
0.0000
0.7052
0.0238
0.0000
0.0275
0.0000
0.0000
0.0000
2.7756
0.0000
0.7928
0.0000
0.8126
0.0000
1.1197
0.0000
0.0000
0.0000
0.0000
2.0916
0.0000
0.4264
1.8665
0.0000
0.0000
3.2379
0.0000
0.0000
0.9779
0.0000
0.0000
0.0706
0.0000
1.5897
1.4164
0.0000
0.0000
0.0000
0.0000
1.2907
0.0000
0.0000
0.0000
0.0000
1.6926
0.0000
5.5320
0.4138
0.5715
0.0000
0.0000
0.0000
0.0000
0.0000
0.0000
0.4670
0.0000
0.2207
0.1971
0.0000
0.0000
0.0000
0.0000
0.1676
0.0000
0.0000
0.0000
0.0000
1.5870
0.0000
0.0000
0.0000
0.0000
1.7519
0.0000
0.0000
0.0000
0.4248
2.3192
0.2092
0.0000
0.0000
0.0000
0.8415
0.0000
1.7619
0.0000
0.0000
0.0000
0.2527
0.0000
1.0950
0.0000
0.0000
0.0202
0.0000
1.5318
0.0000
1.2273
0.0000
0.0638
0.0000
0.0000
0.0000
0.0000
0.0000
0.0000
0.0000
0.0000
2.5891
0.0000
0.3073
0.0000
0.0000
0.0000
1.8647
0.0000
0.0000
0.0000
0.0000
0.0000
0.0000
2.6222
1.7391
0.0000
0.0000
0.0000
0.2385
0.0000
0.2581
0.0000
0.0845
0.0000
1.5515
0.0000
0.0000
0.7699
0.0000
1.5904
1.4498
0.0000
1.8074
0.0000
0.0000
0.0000
0.0000
4.7509
0.0000
0.0000
0.0000
0.0000
0.0000
0.0000
0.0000
0.0000
0.0000
0.9346
0.0000
0.0000
1.5836
0.0000
0.0000
0.0000
0.0000
0.0000
0.0000
0.0000
2.3330
0.7389
0.0000
1.8807
1.8148
1.1208
0.0151
1.5541
0.0000
0.0000
0.1077
0.0000
0.0000
3.7924
0.0000
0.0000
2.0375
1.5577
0.0000
0.0000
0.0000
1.3010
0.0000
0.5782
0.6719
1.9117
0.0000
0.0000
0.0000
0.0000
0.0000
0.8870
0.0000
0.0000
0.0000
0.0000
0.7847
0.0000
1.4106
0.0000
0.0000
0.0000
0.0000
0.1133
0.0000
0.0000
0.0000
2.1120
1.4299
0.0000
0.0000
0.0000
0.0000
0.0000
2.4683
1.1992
0.0000
0.0000
0.3477
0.0000
2.0917
2.3371
0.6273
0.0856
0.0000
0.0000
0.0000
3.7651
0.0000
0.0000
0.0000
0.0000
0.0000
0.0000
0.0000
0.0000
0.0000
0.0000
0.0000
0.0000
0.5924
0.0000
0.0000
0.0000
1.3293
0.0000
0.0000
0.0000
0.0000
0.0000
0.1443
0.7749
2.8138
0.8721
0.0000
0.0000
0.9585
0.0000
0.6193
0.8208
0.0000
0.0000
0.0000
0.0000
0.0000
0.0000
0.0000
0.0000
0.0000
0.0000
0.0000
3.5743
0.2156
0.0000
0.0000
0.5467
0.0000
0.0000
0.0000
0.0000
0.0000
0.0000
0.0000
0.0000
0.0000
0.0000
0.0000
0.0000
0.0000
0.0000
2.1136
0.0000
0.3615
0.0000
0.3164
0.0000
0.0000
1.2801
0.0000
0.0000
0.0000
0.0000
0.7717
0.0000
0.0000
0.0000
0.0000
0.0000
0.3187
0.0000
0.5556
0.0000
0.0000
0.7725
0.0000
0.0000
0.0000
0.0000
1.9042
0.0003
1.4219
0.0000
1.2004
0.0000
2.0491
0.0000
0.3956
0.0000
0.0000
0.0000
1.2488
0.0000
0.9134
1.4704
0.0000
1.2581
0.0000
1.1899
0.0000
0.9090
1.0568
0.0000
0.0000
0.0000
0.0000
0.0000
0.0000
0.0000
0.0000
0.0000
0.0000
0.0000
0.0000
0.0000
1.0165
0.5723
1.4332
2.3457
0.0000
1.0761
0.5615
0.2361
0.0000
0.0000
0.0000
0.8587
1.7927
2.0931
2.1129
0.0000
0.0000
0.0000
2.0963
0.0000
0.0000
0.0000
0.0000
0.0000
0.0000
0.0000
0.0000
0.0000
0.0000
0.0000
0.0000
1.0038
1.1400
0.0000
1.5039
0.0000
0.0000
0.1665
0.0000
0.7136
0.0000
2.0348
0.0000
0.0000
0.0000
1.1984
0.8438
0.0000
0.0000
0.0000
0.0000
0.0977
0.0000
0.0000
0.0000
0.0000
0.0000
0.0000
0.0000
0.7390
1.2854
1.5200
0.0000
1.0226
0.3434
0.5257
0.0000
0.0000
0.1621
3.0043
0.0000
0.0000
0.0000
0.0000
0.0115
0.0000
2.9936
0.0000
0.0000
0.0000
1.2374
1.6140
0.0000
0.5039
0.0000
0.0000
4.2253
0.0000
0.0000
0.0000
1.3161
0.0000
2.4021
1.2847
0.0000
0.0387
0.0000
0.0000
0.0000
0.0000
0.0000
0.0000
0.0000
0.4635
0.0000
0.7440
0.0000
0.0000
0.2454
0.0000
0.0000
1.1424
0.0000
0.6525
0.0000
0.5353
0.0000
0.0000
0.0000
0.0000
0.0000
1.9741
0.0000
0.8107
1.3684
0.0000
0.0000
1.5085
0.9070
2.3736
0.0000
0.0000
0.0000
0.0000
0.0000
0.0000
0.0000
0.0000
0.0000
0.3251
0.8724
0.0363
0.0000
0.6174
0.0000
0.0000
2.8660
0.0000
0.0000
0.0000
0.0000
0.3575
0.1669
0.0000
0.0000
0.0000
0.0000
0.0000
0.0000
0.0604
0.6810
0.0565
0.4203
2.5289
0.0000
0.0000
1.1591
0.2716
0.0000
0.0000
0.0000
0.8559
0.0786
0.0000
0.0000
1.5108
0.0000
2.7307
4.4908
0.0000
0.7776
1.3748
0.0000
0.0000
0.0000
0.0000
0.0000
0.0000
0.0000
0.0000
0.5378
0.0000
0.0000
0.0000
0.0000
0.0000
0.0000
0.0000
0.0000
2.5530
0.0000
0.0000
1.9123
0.2648
0.0000
2.2826
0.0000
0.0000
0.7559
0.0000
0.0000
1.5512
0.0000
0.0000
0.0000
4.1187
0.0000
0.0000
0.0000
1.5416
0.0000
0.0000
2.2336
0.0000
0.0000
0.0000
0.0000
0.0000
1.1712
0.0000
0.0000
1.9782
0.0000
0.7320
0.0000
0.1479
0.7528
0.0000
0.0000
1.8523
0.5300
0.0000
0.0000
0.8868
0.0226
1.7075
0.8228
0.0000
1.4945
0.0000
0.0000
0.0000
0.1103
0.0000
1.1860
0.0000
0.0000
0.0000
0.0000
0.0000
0.0000
0.0000
2.8706
0.1789
0.0000
1.3313
0.0000
0.0000
0.0000
0.0000
0.0000
0.0000
0.8421
0.0000
0.0000
0.0000
0.0000
0.0000
0.8419
0.0000
0.0000
0.0000
0.0000
0.0000
0.6872
0.8830
0.0000
1.3687
0.0000
0.0000
0.0000
0.0000
0.6246
0.0000
3.3494
0.0000
1.2683
0.0000
0.2119
0.0000
1.6555
0.9414
0.0000
0.0000
1.1052
2.3213
0.0000
0.0000
0.0000
0.0000
0.9671
0.0000
0.0000
3.4029
0.5309
0.0000
0.0000
0.0000
4.1497
0.9635
0.4810
0.0000
0.3588
0.0000
0.0000
0.0000
0.0000
0.0000
0.0000
0.0000
0.0000
0.0000
0.0000
0.0000
0.1953
0.0000
0.9116
0.6098
0.0000
0.2642
0.2375
0.0000
0.6213
0.0000
0.0000
1.2417
0.0000
0.5760
0.0000
0.0000
0.0000
1.1443
0.0000
1.0803
0.0000
0.0000
2.1315
0.0000
0.3505
1.5657
0.0000
0.0000
0.2631
0.0000
0.0000
0.0000
0.0000
0.0000
0.0000
0.5291
0.8005
0.0000
0.0000
0.0000
0.1543
0.0000
0.0000
0.0000
0.0000
0.0000
0.6349
0.0000
0.0000
0.0000
0.0000
0.0000
2.4543
0.0000
0.3844
0.0000
0.0000
0.0000
0.0000
0.1062
0.0000
0.0000
0.0879
0.0000
3.9635
0.0000
0.0000
0.5317
0.0000
0.0000
0.0000
0.2934
0.3608
0.0000
0.0000
0.0000
0.0000
0.0000
0.0000
0.0000
0.0000
0.0000
1.9604
0.0000
0.0000
2.8672
0.0000
0.9400
0.1461
0.0000
0.0000
0.0000
0.2363
0.0000
1.5427
1.5507
0.4209
0.0000
1.7281
0.0000
0.0000
0.2997
0.0000
2.9721
0.0000
2.9887
0.0000
0.0000
0.0000
0.0000
0.0000
0.2754
0.0000
0.0000
0.0000
0.0000
0.0000
0.4159
1.0591
0.0000
0.0000
0.0000
0.0000
0.0000
0.0000
0.0000
1.3634
1.0261
0.0000
0.0000
0.0000
0.6736
0.0000
0.0000
0.0000
2.3841
2.1579
4.8216
0.0000
1.7537
3.0650
1.0145
0.0000
0.0000
0.0000
0.0000
0.0000
0.5246
0.0000
0.6192
3.7375
0.0000
0.0000
0.0000
0.6981
0.0000
1.1496
0.0000
0.7856
0.6779
0.0000
0.0000
0.6328
1.2969
1.0389
2.6107
0.0000
0.0000
0.7141
0.0000
2.7271
0.0000
0.0000
2.2105
0.1522
0.0000
0.0000
0.0000
0.0000
4.6002
0.0000
0.3044
0.0000
0.0000
0.0000
0.0000
0.0000
0.0000
0.0000
2.0473
0.0000
0.0853
0.0000
0.0000
0.0000
0.0000
0.9605
0.0000
0.0000
0.0000
0.0000
0.0000
0.0000
0.0000
0.0000
0.0000
0.1514
0.8587
0.0000
0.0000
0.8790
0.0000
0.0000
0.0000
1.2862
2.1539
2.4102
0.0000
0.0000
0.0000
1.5546
0.0000
0.0000
0.5959
0.0000
1.8857
0.0000
1.6972
0.0000
0.0000
3.6965
0.0000
0.0000
0.3966
0.0000
0.0000
0.0000
0.7650
0.0000
0.0000
0.0000
0.0000
1.0747
1.1777
0.0000
0.0000
1.1220
2.2933
0.0000
1.8659
4.1374
0.0000
0.0000
1.1450
0.0000
0.0000
0.0000
3.3974
0.0000
0.0000
0.7100
0.0000
0.8339
0.1325
1.2610
0.0000
0.0000
0.0000
0.0000
1.2701
0.6240
0.0000
0.0000
1.6716
0.0000
0.0000
0.0000
1.1353
0.0000
0.0000
0.0000
0.0000
0.0000
1.0327
0.0611
0.0000
0.0000
0.2462
0.0000
0.0000
0.0000
1.2263
1.5387
0.0000
0.0000
1.5211
0.8694
0.2234
0.0000
0.0000
0.0000
0.0000
0.1894
0.5613
0.0000
0.0000
0.1102
0.0000
0.3144
0.0000
1.3280
3.6119
0.0000
0.0000
0.0000
0.4138
3.2175
0.0000
0.0000
0.0000
0.0000
0.0000
0.0000
0.0000
0.3171
0.0000
0.1739
0.0000
1.3795
0.2411
2.8633
0.0000
0.0000
0.3183
0.0000
0.0000
1.4434
0.0000
0.0000
0.0000
0.0000
4.6539
1.2337
0.0000
0.0000
0.9069
0.0000
0.0000
0.4276
2.1612
0.0781
0.0000
1.1855
1.4549
0.5791
0.0000
0.0000
0.0000
0.0000
0.0000
0.0000
0.0000
0.0000
1.0136
5.6334
0.6388
0.9173
0.0000
0.0000
0.0000
0.0000
0.0000
0.0000
0.0000
0.0000
0.0793
0.0000
0.0000
0.3415
0.1985
0.3089
0.0000
0.0000
0.0000
0.0000
0.0000
1.3969
0.0000
0.0000
0.0000
0.7840
0.0000
0.8340
0.0000
0.7580
0.0000
1.7531
2.6547
0.0000
0.0000
0.0000
0.0985
0.0000
0.0000
0.0000
0.8433
0.0000
0.0000
0.0000
0.0000
0.0000
0.0000
0.0000
0.0000
2.2512
0.0000
1.0509
0.8754
0.0000
0.5426
0.0000
0.0000
0.0000
0.0000
0.0000
0.0000
0.1001
1.6270
0.0000
0.0000
0.0000
1.3876
1.3224
0.0000
0.0000
0.0000
0.0000
2.9618
0.0000
0.0000
0.0000
0.0000
0.0000
2.3931
0.0000
0.0000
0.0000
0.0000
1.1807
0.0000
0.0000
0.0000
0.0000
0.0000
0.0000
0.0000
0.0000
0.1794
0.0000
0.0000
1.7640
0.2488
0.0000
2.8175
0.1525
0.1774
3.6096
0.3152
0.0000
0.0000
0.0000
0.0000
0.0650
0.0000
0.0000
0.0000
0.1995
0.0000
0.0000
0.0000
0.0000
0.6575
0.6965
2.9999
0.0000
3.4151
0.0000
0.0000
1.4322
1.5081
3.3686
0.0000
0.0000
0.0000
0.0000
1.5615
0.8663
0.0000
2.1802
0.0000
0.0000
1.2842
0.0000
0.0000
2.5944
0.0000
0.0000
3.5995
0.0000
1.2963
0.0000
0.0000
0.0000
0.0000
4.1007
0.0000
0.0000
0.0000
0.0000
0.0000
1.3411
0.3276
0.0000
1.9282
0.0486
0.0000
0.0000
1.0403
0.0000
0.0000
1.3966
0.0000
0.0000
0.0000
0.0000
0.0000
0.9362
0.4428
0.0000
0.0000
0.0000
0.0000
2.5910
0.4089
1.1684
0.0000
0.0000
0.4550
0.3831
0.0000
0.0000
0.0000
2.9556
0.0000
0.0000
0.9057
0.0000
0.0000
0.8676
0.0632
0.0000
0.0000
0.0000
0.0000
0.0000
0.0000
0.7655
0.0000
0.1362
0.0000
0.6520
1.3260
0.0000
0.0000
0.0000
0.0000
0.0000
1.7665
0.0000
0.2885
0.0000
0.0000
0.0000
0.0000
0.0000
0.0000
0.0000
0.0000
0.0000
0.0000
0.3578
0.0000
0.5462
0.0000
0.0000
0.0000
0.0000
0.5516
0.0000
2.6415
0.0000
5.1266
0.0000
1.9465
0.5927
2.3273
0.0000
0.0000
0.0000
0.0000
0.0000
0.0000
0.0000
0.0000
0.6465
0.0000
0.0000
0.0000
0.0000
0.0000
0.0000
0.0000
0.0000
0.0000
1.2400
0.0000
0.0000
0.0000
0.9256
0.0000
0.0000
0.0000
3.1890
0.0000
0.1036
0.0000
0.3313
0.0000
0.0000
0.0000
0.0000
0.0000
0.0000
0.0000
0.0000
0.7429
0.7279
0.0000
0.0000
0.0000
0.0000
1.0157
0.0000
0.0000
0.5946
0.7476
0.0000
0.0000
0.3975
0.0000
1.7279
1.4838
0.0000
0.0000
0.0000
0.0000
0.0000
0.0000
0.0000
0.6543
0.5071
0.0000
2.4715
0.0045
0.0000
0.0000
0.0000
0.0000
0.0000
0.0000
0.0000
2.0913
0.7232
0.0000
0.0000
0.0000
0.0000
0.6053
2.1112
0.0000
0.3304
0.0000
0.4627
0.0000
1.6163
0.3171
1.1480
0.0000
0.0000
0.0000
0.0000
0.0941
0.0000
3.9987
0.0000
0.0000
1.0859
0.0000
0.0000
0.0000
0.0000
0.0000
0.2752
0.0000
0.4299
0.0000
0.0000
0.0000
0.0000
0.0000
0.0445
0.0000
0.0000
1.1498
1.4730
0.0000
0.7851
0.0000
0.7267
0.0000
0.8677
0.6134
0.0000
0.4730
0.9404
0.1905
0.0000
0.0000
0.0000
0.4708
0.0000
0.0000
0.0000
0.0000
1.9176
1.3240
0.0000
0.0000
0.0000
0.8139
0.0000
0.0798
0.0000
0.0000
0.4938
0.0000
0.0000
0.0000
0.0000
0.0000
3.1047
0.0000
0.0000
0.0000
0.0000
0.0000
0.8908
0.0000
0.0000
0.0000
0.0000
0.8173
0.0000
0.0000
0.0000
0.0000
0.1634
0.0000
0.0000
0.3257
0.0000
0.1435
0.0000
0.0000
0.0000
0.0000
0.0000
0.0000
0.0000
0.0000
0.0000
0.0000
0.5401
0.0000
0.0000
0.0000
0.0000
1.4101
0.0000
2.4632
0.0000
0.0000
0.0000
0.0000
0.0000
0.0000
0.0000
0.9769
0.0000
0.0000
0.0000
0.0000
0.4507
0.0000
0.0000
1.2459
0.0250
0.0505
0.0000
0.0000
0.9316
0.0000
0.0000
1.5845
0.0000
0.0000
0.0000
0.0000
1.7115
0.3510
0.0000
0.0000
2.3875
1.8878
0.9853
0.0000
0.0000
0.3226
0.6513
0.1279
0.0000
0.0000
2.4074
0.0000
2.2970
0.0000
0.0000
0.0000
0.8398
0.0000
1.5557
0.0000
2.3104
1.1428
0.0000
0.0000
1.7090
0.0000
0.6021
0.9041
0.0000
0.0000
0.0000
0.0000
0.0000
1.1875
0.0000
0.7883
1.4931
0.2956
0.0000
0.0000
0.0000
2.8662
1.5131
0.0000
0.0000
0.0000
0.0000
0.0000
0.0000
4.5575
0.8091
0.0000
0.0000
0.0000
0.0000
1.0101
0.9405
0.1153
2.1771
0.0000
0.0000
0.0000
0.0984
1.1760
3.4270
0.0000
0.0000
0.0000
0.0000
2.2360
3.3656
0.0000
0.0000
0.0000
0.0000
0.0000
3.1396
0.0000
0.0000
3.3980
0.0000
0.0000
0.0000
0.0000
1.5929
0.7342
0.6136
0.0000
0.0000
0.0000
0.5239
1.5873
0.0000
0.3862
0.0000
0.0000
0.0000
0.0000
3.2875
0.0000
1.4499
0.0000
0.2216
2.5988
0.0556
0.0000
0.0000
0.0000
0.0000
0.0000
3.9819
0.0000
0.0000
0.0000
0.0000
0.0000
0.0000
0.0000
0.0609
0.0000
0.0000
0.0000
0.0000
0.8872
0.0000
0.0000
2.1134
4.5033
0.0000
0.0000
0.0000
0.0000
0.8307
0.0000
0.0000
0.0000
0.0000
0.0000
1.8120
0.0000
0.5327
0.6148
0.0000
0.0000
0.6241
0.0000
0.0000
0.5679
1.8299
0.0000
0.0000
0.0000
0.0000
0.0000
0.0000
0.0000
3.4248
0.0000
1.4623
0.0000
0.0000
0.0000
0.0000
0.0000
0.3046
0.0000
1.1887
0.0803
0.0000
0.0000
0.0000
0.0000
3.1399
0.0000
1.5708
2.3525
0.0000
0.0000
0.0000
0.0000
0.0000
0.0000
0.0000
2.1755
0.0642
0.0000
0.8224
0.0000
0.3796
0.0000
0.0000
0.0000
0.0000
0.0000
2.1108
3.6551
0.7057
0.0453
1.7006
0.0000
3.3051
0.0000
0.0000
0.0000
0.0000
0.4877
0.0000
1.0612
0.0000
0.0000
0.5574
0.0000
0.0000
0.0000
0.0000
0.0000
0.0000
0.0000
0.0000
0.7057
0.0000
0.0000
0.0000
3.4335
0.0000
0.0000
0.0000
0.0000
0.6259
2.8202
0.0000
0.0008
0.0000
0.0000
0.0000
0.0000
2.5117
0.8943
4.0670
0.0000
0.0541
0.0000
1.1743
1.6371
0.0000
1.4184
0.0000
0.0000
0.0000
1.7209
1.0039
0.9542
0.0000
0.0000
0.0000
0.6322
3.3371
0.0000
0.0000
0.0000
0.0000
0.0000
0.0000
0.0000
0.0000
2.1258
0.0000
0.0000
2.4341
1.9880
0.1834
0.0000
0.0000
0.0000
1.7632
0.0000
0.0000
0.0000
0.0000
0.0000
1.4964
1.2486
0.0000
0.0000
1.0420
1.1202
1.9660
0.9469
0.0000
0.0000
0.6780
0.0000
1.7636
0.0000
0.9588
0.0000
0.0000
0.0000
0.3315
2.8575
0.0000
0.0000
0.4236
0.9100
0.3317
0.0000
2.6635
0.4985
0.0000
0.0000
1.6521
2.2153
0.0000
0.0000
0.0000
2.4359
0.0000
1.9953
0.0280
0.0000
0.0000
0.0000
0.0000
0.0000
0.0000
0.0000
1.0429
0.0000
0.0000
0.0000
0.8379
1.5579
0.0000
1.4179
0.0000
0.0000
0.0000
0.0000
0.1952
0.5423
0.0000
0.0000
0.3077
0.3865
0.0000
2.2918
0.0000
0.0000
0.0000
0.0000
0.0000
1.5998
0.0000
0.0000
0.0000
0.0000
0.0000
0.0000
0.7322
0.0000
0.6074
0.0000
0.0000
0.0000
0.0000
0.0000
0.3541
0.3696
0.4447
1.6563
0.0000
0.0000
0.0000
0.0000
0.0000
0.0087
0.0000
0.0000
0.0000
0.7870
0.3636
0.8451
0.0000
1.8291
0.8569
0.0000
0.7676
0.0000
0.0000
0.0000
3.5677
0.1100
0.0000
0.0000
0.0000
0.0000
0.0000
0.6205
0.0000
0.0000
0.0000
0.0000
1.9014
0.0000
0.0000
0.0000
0.7817
1.0186
0.0000
0.0000
0.0000
0.0000
1.9104
0.0000
0.0000
0.0000
0.0000
0.0000
3.5149
0.0000
0.0000
2.0449
0.7158
0.0000
0.0000
0.0000
2.2154
0.0000
0.4981
1.3813
0.0000
0.0000
2.2524
3.0260
0.0000
0.0000
2.7230
0.0000
0.7115
0.0000
0.0000
0.8619
0.0000
0.0000
0.0000
0.0000
2.2383
0.0000
0.0000
0.0117
0.0000
0.0000
0.0000
0.0000
0.0000
0.4389
1.6199
0.0000
0.0000
0.0000
0.0000
0.0898
0.8653
0.0000
0.0000
0.0000
0.0000
0.0000
0.0000
0.0000
0.0000
0.0000
0.0000
0.0000
0.0000
0.4927
0.0000
0.0000
0.0000
1.0002
0.0000
0.3703
0.0000
0.0000
0.0000
0.5410
0.0000
0.0000
0.0000
0.0000
0.0000
0.0000
1.6109
0.0000
0.0000
0.0000
0.0000
1.3697
0.5425
0.0549
0.0000
0.0000
0.4423
1.8877
0.0000
0.0000
0.0000
2.7219
1.6789
0.0000
0.0000
0.0000
0.0000
0.0000
0.0000
0.0000
3.8407
0.3524
0.0000
1.5166
4.5398
0.0000
0.2982
0.0000
0.0000
0.0000
0.0000
2.2800
0.0000
0.0000
0.0000
0.0000
1.3738
0.0744
0.0000
0.8455
0.0489
0.0000
0.0000
0.8164
0.3971
0.0000
0.0000
0.0000
0.0000
0.0000
3.3558
0.0000
2.1444
0.0000
0.0000
2.8383
0.0000
0.1964
0.0000
2.6343
0.5385
0.0000
1.2907
0.0000
0.0000
0.2640
0.0215
0.0000
0.0000
0.8513
0.0000
0.0000
0.0000
1.0946
0.0000
0.0000
2.5971
0.0000
0.0000
0.0000
1.2152
1.7114
0.0000
0.0000
0.0000
0.1533
0.5125
0.2235
0.0000
0.0000
2.7663
0.0000
0.0000
0.5227
0.3137
3.8929
0.0000
2.9185
0.0000
1.4492
0.0000
0.0000
0.0000
0.0000
0.0000
0.0000
0.0000
0.6048
3.1920
1.8276
3.8305
0.4050
0.0000
0.7855
0.0000
0.0000
0.0000
0.0000
0.0000
2.8624
0.0000
0.0000
2.8918
0.0000
0.0000
0.0000
2.0554
0.9372
0.7652
0.1319
0.0000
0.0000
1.1134
0.0000
1.5954
0.0000
0.0000
0.1530
0.9142
1.0875
0.8624
0.0000
0.0000
0.9395
0.0000
0.0000
0.3113
1.9133
0.0000
0.0000
0.0000
0.0000
0.5106
1.1482
0.0000
0.1497
0.0000
0.0000
0.0000
0.9719
3.0987
0.0000
0.0000
0.6370
4.1077
0.0000
0.7710
0.0000
0.0000
0.0000
0.0000
0.4211
0.0000
0.0000
0.7674
0.0000
3.4153
0.0000
0.0000
0.7237
0.3763
0.4492
0.1944
1.3068
0.6561
0.6965
0.0000
1.0809
1.4413
0.0000
0.0000
0.0000
0.0000
0.0000
0.0000
0.0000
0.0000
0.5626
1.8615
0.0000
0.0000
0.0000
0.0000
0.0000
3.5609
0.0000
0.3814
0.0000
0.4501
0.0000
0.0000
0.0000
0.0000
1.3708
0.0000
0.7161
0.0000
0.0000
2.5574
1.2440
0.0000
0.0000
0.0000
2.1997
0.0000
0.0000
0.0000
0.0000
0.0000
0.0000
0.0000
0.0000
0.0000
1.7161
0.0000
0.0000
0.1248
0.0000
0.0000
0.0000
0.0000
0.2392
0.5359
0.0000
0.0000
1.8104
0.3670
0.1669
0.0000
1.7976
0.3639
0.0000
0.0000
1.8343
0.0000
0.0000
0.0000
0.0451
0.0000
0.0000
4.3720
1.1048
0.0000
2.0329
0.6186
0.7362
1.2785
0.0000
2.0403
0.9966
0.0000
0.0000
0.0000
0.0000
0.0000
0.0000
0.7789
2.0257
0.9788
0.0000
0.0000
0.0000
0.0000
0.0000
1.9625
0.0000
0.6283
0.0000
0.0000
0.7149
0.0000
