0.3545
0.0000
0.9030
0.0000
0.0000
0.0000
0.0000
0.0000
0.0000
2.5751
0.0000
0.0000
1.1291
0.0000
0.0000
0.0000
0.0000
0.0000
0.0000
0.0000
0.0000
0.0000
2.4957
2.9551
1.4455
2.0293
0.0000
2.1905
0.0000
0.0000
0.0000
0.0000
0.9954
0.0000
1.8961
0.0000
0.0000
0.0000
2.8699
1.6819
0.0000
0.0000
0.0000
0.0000
0.0000
0.0000
0.0000
0.0000
0.0000
0.0000
0.0000
0.0000
0.0000
0.0000
0.0000
0.0000
0.0742
0.0000
0.0000
0.0000
0.0000
1.7182
0.0000
1.9283
0.0000
0.0000
0.6753
0.2796
0.0000
0.0000
0.4940
2.9443
1.2226
0.0000
0.0000
1.8278
0.0000
0.0000
0.0000
0.0000
1.1630
0.0000
0.0000
0.0000
0.0000
0.0000
0.0000
2.8588
0.0000
0.0000
0.8364
0.0000
2.4160
1.5146
0.0000
0.0000
0.0000
0.0000
2.1193
0.0000
0.0000
0.0000
0.0000
0.0000
1.5453
0.0000
0.1458
0.0000
0.2433
4.0347
0.0000
0.0000
1.7610
0.0929
0.0000
0.0000
1.1979
0.0000
0.0000
0.0000
2.7042
0.0174
1.1481
1.0518
0.0000
0.0000
0.1594
1.0007
0.0409
0.0000
0.0000
0.0000
1.5838
0.0000
2.6072
0.0000
1.6133
0.8180
0.0000
1.9278
2.1252
0.0000
1.8348
1.2256
0.9032
0.0000
0.0000
0.8072
1.3117
0.0000
0.1183
1.2015
0.2234
0.0000
0.0000
0.7754
0.0000
0.4826
0.0000
0.0000
0.1692
0.0000
1.6150
0.0000
0.0000
0.5899
0.0393
0.0000
0.0000
1.9843
0.0000
0.0000
0.0000
0.0000
0.0000
0.0000
0.0000
0.5721
0.0000
4.1064
1.4970
2.6163
0.0000
0.0000
0.0000
0.0000
1.8467
0.1983
2.4386
1.4464
0.0000
0.0000
1.2776
0.0000
0.8912
0.0000
0.0000
0.0000
3.1499
1.3910
0.0000
0.9319
0.0000
0.0000
0.0000
0.0000
0.0000
1.3682
0.1302
0.0000
0.0000
0.0000
0.0000
0.2296
0.0000
0.0000
0.0000
0.0000
0.0000
0.0000
0.0000
0.0000
0.0000
0.0000
0.9815
0.0000
0.0000
0.6623
0.0000
0.3308
0.0000
0.8891
0.0000
0.0000
0.0000
0.0000
2.2804
0.0000
0.0000
0.0000
0.0000
0.0000
0.7629
0.0000
0.0000
0.0000
0.0000
0.0000
0.0000
0.0000
0.0000
0.0000
0.2809
0.0000
0.0000
0.3018
0.0000
0.0000
1.4451
0.0000
0.0000
0.0000
0.0000
0.1035
0.0000
0.0000
0.2241
0.5990
0.0000
1.3723
0.7996
0.2249
0.0000
0.7006
0.0000
0.0000
0.1642
1.2499
0.0000
0.0000
1.9698
0.0000
1.2326
0.0000
0.0000
0.8496
0.0000
0.0000
0.0000
0.0000
0.0000
0.0000
0.0000
0.0000
2.9490
0.0000
0.0000
1.5815
0.0000
1.9393
0.0000
0.0000
0.0000
0.0000
0.1730
0.0000
0.0000
0.0000
0.0000
0.0000
0.0000
0.0000
0.0378
2.3713
1.8041
0.0000
0.0000
0.0000
1.0970
2.4630
0.0000
1.2491
0.0000
0.0000
0.0000
1.7974
0.0000
2.3363
0.0000
1.5852
0.0000
0.0000
0.0000
0.0000
0.0000
1.6980
2.3905
0.0000
0.0000
2.8388
0.0000
0.0000
0.0000
0.0000
0.0000
2.9387
0.0000
0.0000
0.0000
0.0000
0.0000
2.9012
0.1124
0.0000
0.4900
0.0000
0.0000
0.0000
1.0882
0.0000
0.0000
0.0000
0.0000
0.0000
0.0000
1.6990
0.0000
0.0000
0.0000
0.0000
0.0000
0.5667
0.0000
0.0000
0.4745
0.0000
0.0000
1.7176
0.0000
0.0000
4.2248
0.0000
1.4399
0.0000
0.0000
0.0000
0.8111
0.0000
0.0000
0.0000
1.9625
0.0000
0.0000
0.0000
0.0916
1.9620
0.0000
0.0000
0.0000
0.3689
0.0000
2.3782
0.0000
0.0000
0.0000
0.0000
0.0000
0.0000
1.0948
0.0000
0.0000
0.0000
0.0000
1.0496
0.0000
2.1898
0.0000
0.0000
0.7572
0.0000
0.4849
0.0629
0.3558
0.0000
0.0000
0.2142
0.0000
1.5820
0.0000
1.0753
0.0000
0.0000
0.0000
0.4261
0.0000
0.0000
0.0000
0.0000
1.5322
0.0000
1.9202
0.7410
0.7157
0.0000
2.6953
1.4306
0.0000
0.0000
2.1607
1.4576
1.0304
0.0000
0.0000
0.4085
0.0000
0.9014
0.0000
0.0000
1.1889
0.0000
0.3410
0.0000
2.0268
0.0000
0.0000
0.0000
0.0000
0.0000
0.0000
0.0000
0.0000
1.6023
0.0000
0.0000
0.0000
2.5322
2.5289
0.0000
0.0146
0.0000
0.0000
0.0000
0.3024
2.0312
0.4638
0.2313
0.0000
1.1728
0.0000
0.0000
0.0000
0.0000
0.0000
0.0000
1.4171
0.0000
0.0000
0.0000
1.2062
0.0000
0.0000
0.0256
1.9875
0.0056
0.3577
0.2496
0.0000
0.0000
0.8095
0.6998
0.0000
2.2709
0.0000
0.2536
0.1382
0.0000
0.0000
0.0000
4.9260
0.0000
2.1272
1.5357
0.0000
2.0637
2.2231
0.0000
0.0000
0.0000
0.0000
0.0000
0.5533
0.0590
0.6696
0.0000
0.0000
2.8077
0.0000
0.0000
1.4059
0.0000
0.0000
0.2078
0.0000
0.0000
0.0000
0.0000
0.0000
0.0000
0.0000
0.0000
0.0000
1.3732
0.0000
0.0000
0.3931
0.0000
0.0000
0.0000
0.0000
0.0000
0.0000
0.3681
0.0000
0.0000
0.3415
1.8424
0.0000
0.0000
0.0999
0.0000
0.0000
0.0000
0.0000
0.0000
0.0000
0.0000
0.9224
1.5509
0.0000
0.0000
0.0000
0.0000
0.0000
0.0000
0.0000
0.0000
0.0000
0.0000
1.6163
0.6716
0.6557
0.0000
0.0000
0.0000
0.0000
0.0000
0.0000
0.0000
2.2982
0.0984
0.0000
3.3099
0.0000
0.0000
0.0000
0.8762
3.3121
0.0000
0.9406
0.1739
0.0000
0.0000
0.0000
4.7044
0.0000
2.4763
0.8193
0.6564
0.5869
0.0000
0.8609
0.0000
0.6822
0.8287
0.0000
1.7034
0.0000
1.1349
0.0000
0.0000
0.0000
0.0000
0.0000
0.5710
1.5205
1.5336
0.0000
2.1815
0.0000
0.0000
0.0000
0.0912
0.0000
0.0000
0.0181
0.0000
0.0000
0.0000
0.0186
0.0000
0.0000
0.4128
1.9964
0.0000
0.0000
0.0000
0.0000
0.0000
0.0000
0.6637
0.0000
0.3994
0.3164
0.0000
0.0000
0.0000
0.0000
0.0000
0.0000
0.0000
0.0000
0.0000
0.0000
0.0000
0.0000
0.6386
0.0000
0.0000
0.0000
0.0000
0.0000
0.0072
0.0000
0.0000
0.0000
0.0000
0.0000
0.6998
0.0000
1.8556
0.9406
0.0000
2.6490
0.0000
0.0000
0.0000
0.0000
0.0000
0.8162
0.0000
2.5034
0.0000
0.0000
0.9845
0.0000
0.0332
0.0000
0.0000
0.0000
2.1071
0.0000
1.1752
0.4842
0.0000
0.0000
0.0000
0.0000
0.0000
0.0000
0.0000
0.0000
0.0000
0.0000
0.3777
0.0000
0.0000
0.8851
0.0000
1.2929
0.7083
0.0000
0.0000
0.6597
0.4500
0.0000
0.0000
0.0000
0.8364
0.0000
3.0155
0.1439
0.0000
0.0000
2.8548
0.0000
0.0000
0.7392
0.7533
1.0243
0.0000
0.0000
0.8237
0.0000
0.0000
0.0000
0.0000
0.0000
0.0000
0.0000
0.0000
0.2974
0.0000
1.2059
0.0000
0.0000
0.7669
0.0000
0.0691
0.0000
0.0000
0.5814
0.0000
0.0000
0.0000
0.0000
0.0000
0.0000
0.0000
0.5212
0.0000
0.0817
0.0000
0.0000
0.0000
0.0000
0.0000
0.0000
0.1369
0.0000
0.0000
0.0000
0.0000
1.6551
0.0405
0.0000
0.0000
0.0000
0.0000
1.5293
0.5021
0.0000
0.5800
1.9873
0.0872
0.0000
0.0000
0.0000
0.0000
0.0000
0.0000
0.5454
0.0017
0.0000
2.3052
0.0000
0.0000
0.1816
0.0000
0.0000
0.6739
2.0339
0.0000
1.1448
0.0000
0.0000
0.0000
0.0000
0.0000
0.2322
0.0000
2.6641
0.0000
0.0000
0.0000
0.0000
0.0000
2.0196
0.0000
0.0000
0.0000
0.0000
0.0000
0.0000
0.0000
0.0000
0.0000
0.0000
0.0000
1.2063
0.0000
0.0000
0.9411
0.0000
0.0000
0.0000
0.0000
0.0000
0.0000
0.2585
0.1036
0.0000
0.0000
0.0000
0.3634
0.0000
0.0000
1.6317
1.1140
0.0000
0.0000
0.2662
0.0000
1.6669
0.0000
0.0000
0.0628
0.0000
3.0735
0.0000
0.0000
0.0000
0.0000
0.0000
0.0000
0.0000
0.0000
0.0000
0.0000
0.0000
0.0000
0.0000
0.0000
1.0282
0.0000
0.6650
0.0000
0.0000
1.8431
0.0000
0.0000
0.0000
0.0000
0.0000
0.0000
0.0000
0.0000
0.0000
0.0000
0.0000
0.8272
0.0000
0.0000
2.4854
0.0000
0.0000
0.0000
0.0000
0.7716
0.0000
0.0000
0.0000
0.0000
0.0000
0.0000
0.0000
1.4327
1.6092
0.4487
0.0000
0.0000
0.0000
0.0000
0.6640
1.4380
1.4706
1.1933
0.0000
0.2481
0.0000
0.4767
0.0000
0.0000
0.0000
0.6839
2.0304
2.7836
0.4603
0.0000
0.0000
3.9740
0.0000
0.0000
0.0000
0.0000
0.0000
0.0000
2.4551
0.0000
0.0000
2.2823
0.0000
0.0000
0.0000
1.4024
0.0000
0.0000
0.0000
0.2013
0.3149
0.0000
0.0000
0.0277
0.0000
0.0000
0.0000
0.0000
0.7946
0.0000
0.1325
0.0000
0.0000
0.0412
0.0000
0.0000
1.6271
2.0291
1.3348
0.0000
0.0000
0.0000
1.7797
0.0000
0.0000
0.0000
0.0000
0.0000
0.0000
0.0000
0.0000
3.7347
0.0000
0.0000
0.0000
0.6715
0.0000
2.9471
0.0000
0.0000
0.0000
1.8909
0.0000
0.3638
0.0000
4.3342
0.0000
0.0000
0.6152
2.5625
0.0000
0.2287
0.0000
2.5128
0.0000
0.0000
0.0036
0.7612
1.1425
0.0000
0.0000
1.3269
0.0000
0.0010
2.4972
0.5130
0.5965
0.0000
1.3368
0.0000
0.6178
0.0000
0.0000
0.6529
0.0000
0.0000
0.0000
0.0000
0.1310
0.0000
0.0000
0.0000
0.1464
0.0000
0.0000
0.0000
0.0000
0.0000
0.0000
0.0000
0.0000
0.0000
2.0820
0.0000
2.3557
0.0000
0.0000
1.6055
0.0000
0.0000
0.0000
0.8748
0.0000
0.0000
0.0000
0.5027
0.0000
0.1329
0.0000
0.0000
0.0000
0.6274
0.0000
0.0000
0.0000
0.0000
0.0000
0.0000
0.0000
0.0000
0.0000
0.0000
0.0000
0.4255
0.0000
0.0000
2.6766
0.0000
0.0000
0.8843
0.0000
0.7789
0.0000
0.4966
0.0000
0.1285
1.5174
0.0000
0.0000
0.0000
0.0000
1.4889
0.0000
0.0000
0.9352
0.0000
0.1331
0.0000
0.0000
0.0000
0.0000
0.0000
0.0000
1.0025
0.0000
0.0000
0.9204
0.0000
1.5248
0.0000
0.0000
0.0000
0.0000
0.0000
0.0000
0.0000
0.0000
0.0000
0.0000
0.0000
0.0000
0.0000
1.8633
0.0000
0.0000
0.2517
0.1224
0.0000
3.7110
0.0000
0.0000
1.5684
0.0000
1.5461
1.1065
0.0000
0.0000
0.0000
1.3614
0.0000
0.0000
0.0000
0.0000
0.8074
0.0000
0.0000
0.0000
0.0000
2.5346
0.0000
0.0000
0.4521
2.1965
0.4658
0.0000
2.1986
3.2304
0.0000
0.0000
0.2916
0.0000
0.0000
0.0000
0.0000
1.1866
0.0000
0.0000
0.2543
0.0000
0.0000
2.7163
0.0000
0.9440
0.2990
0.0000
0.0000
1.1868
0.0000
0.0000
0.2348
0.0000
0.0000
2.0862
3.0007
0.0000
0.0000
0.1359
0.0000
2.4209
0.0000
0.0000
0.1069
3.1425
1.0259
1.3009
0.0000
0.7271
0.0000
0.0000
0.0000
0.6082
0.0000
0.0000
0.0000
0.3756
4.1910
0.0000
0.8315
0.0000
0.0000
0.0000
0.0000
0.0000
0.0000
0.0000
0.0000
0.0000
0.0000
0.0000
0.0000
0.0000
0.0478
0.0000
0.0000
0.0000
0.0050
0.4933
0.0000
0.0000
0.0000
2.9767
0.0000
0.0000
0.0000
2.7275
0.0000
0.0000
0.0000
0.0000
1.6633
1.2207
0.0000
0.0000
0.0000
0.0000
1.0558
0.0000
0.0000
0.0000
0.0000
0.0000
0.0000
0.0000
0.5196
4.0167
0.0000
0.0000
0.0000
0.5432
0.0000
0.0000
2.6997
0.0000
0.0000
0.0000
0.0000
0.0000
0.0000
1.7990
0.0000
0.0000
0.0000
0.0000
1.5518
1.5139
0.0000
0.0000
0.0000
2.2356
0.3384
0.0000
0.0000
0.0000
0.0000
1.5302
0.0000
0.0000
1.9119
0.0000
0.0000
0.0000
0.0000
0.0000
0.0000
0.3367
0.0000
0.0000
0.4827
0.0000
0.0000
0.0000
0.0000
0.0000
0.6940
0.0000
0.0000
0.7713
0.9440
0.0000
0.2807
0.5075
0.0000
0.0000
0.0000
0.0000
0.3102
1.7412
0.8657
0.0000
0.0619
0.0000
0.0000
0.0000
0.0000
0.0000
0.0000
0.0000
0.0000
0.0000
0.0000
0.0000
0.0000
0.0000
0.0000
0.0000
0.0000
0.0000
0.0000
0.0000
0.6280
0.0000
0.3687
0.0000
0.0000
1.7916
1.0317
0.0000
0.0000
0.0000
0.0000
0.5355
2.0076
0.0000
3.2140
0.0000
0.0000
0.0000
0.0000
0.0000
0.0000
0.0000
0.0000
0.0000
0.0000
1.4301
2.7848
0.0000
0.0000
0.0000
0.0000
0.0000
0.3398
0.0000
0.0000
2.7308
0.0000
0.0000
1.1356
1.0295
1.4859
0.7255
5.0407
0.6027
0.0000
0.0000
0.0000
0.6366
1.1982
0.0000
0.0000
0.0000
0.0000
0.0000
0.0000
0.9914
0.0000
0.0000
0.0000
0.0000
2.1670
1.4522
1.2064
0.0000
0.0476
0.0000
0.0000
2.6057
1.3109
0.0000
3.4955
0.0000
0.0000
0.0000
1.1594
0.0000
0.0562
0.0000
1.4878
0.0000
0.0000
1.7599
0.0000
0.0000
0.0120
0.0000
0.0000
0.0044
0.0000
0.3674
1.2068
0.0000
1.7029
0.0000
0.0000
0.0000
0.0000
0.0000
0.7294
0.0000
1.4925
0.0000
0.0000
0.0000
0.0000
0.8620
2.3242
0.0000
0.0000
0.0000
0.0000
0.0000
0.0000
0.0000
0.0000
0.0000
0.0000
0.0000
0.0000
1.0508
0.0000
0.8050
0.0000
0.0000
0.0000
0.2617
0.0172
0.0000
0.2716
3.2819
2.5060
0.0000
0.1285
0.0000
0.0000
0.0000
0.0000
0.0000
1.3738
0.0000
0.0000
0.0000
0.0000
0.0000
0.0000
0.2831
0.0000
0.0000
0.7315
0.0000
0.0000
0.0000
0.0000
0.0000
0.0000
2.7854
2.5706
2.1087
0.1515
0.4497
0.0000
0.0000
1.7608
0.0280
0.5763
0.0187
0.0000
0.0000
2.2178
0.0000
0.0000
0.0000
1.7383
0.0000
1.3915
0.0000
0.0000
0.0000
0.0000
0.0000
0.5386
2.1201
0.9778
0.0000
0.0000
0.0000
0.0000
0.0000
0.0000
0.0000
1.2849
0.0000
0.0000
0.0000
1.6094
0.0000
0.0000
0.0000
0.0000
0.0000
0.0000
0.0000
0.0000
0.5648
1.1034
0.0000
1.5848
0.0000
0.0000
0.0000
0.7954
0.8797
2.6674
0.0000
0.0000
0.0000
0.7224
0.0000
2.3365
0.6710
0.0000
0.0688
0.0419
0.0000
0.0000
0.0000
0.0000
0.0000
0.0000
0.0000
0.0000
0.0000
0.5408
0.4086
0.1353
0.0000
0.4087
1.8704
0.4667
0.0000
0.0000
0.0172
2.0639
0.8913
0.0000
0.1547
1.2755
0.0000
1.2613
0.0000
0.0000
0.2242
0.0000
0.0000
0.0000
0.0000
0.0000
0.0000
1.3699
0.0000
0.0000
1.4179
2.5553
0.0803
0.0167
2.8170
0.0000
0.0000
0.0000
0.8557
0.0336
0.0000
0.0000
0.0000
0.0000
0.2341
0.0000
0.7807
0.2222
0.0000
0.0000
0.0000
0.0000
0.0000
0.0000
0.7475
0.0000
0.0000
0.0000
0.2586
0.0000
0.2363
0.4692
0.4170
0.0000
0.0000
0.6811
0.0000
0.0000
0.6438
0.2980
1.4868
0.0363
1.2559
0.0000
0.0000
0.0000
1.0915
2.3642
1.2055
0.0000
0.0000
0.0000
0.0000
0.0000
0.6688
0.0000
1.6372
0.0000
2.3103
1.0476
0.0000
0.0000
0.0000
0.0991
0.0000
0.0000
0.0000
0.1355
0.0000
0.0000
1.3327
0.0000
0.0000
0.0000
0.0000
0.0000
0.0000
0.0000
0.0000
0.0000
1.6749
0.0000
0.0000
0.2320
0.0000
1.1823
0.0000
0.0208
0.0000
1.3991
0.0000
1.0374
0.0000
0.0000
0.0000
0.0000
0.0000
1.7030
1.1054
1.4017
0.0000
1.0300
0.0397
0.3279
0.0000
0.3386
0.1441
0.3830
1.1594
0.0000
0.0000
0.0000
0.0000
0.4641
0.0000
0.0000
0.0000
2.7764
0.0095
3.7360
0.0000
0.0143
0.0000
0.0000
0.0000
0.0000
0.0000
1.7009
1.3381
2.1225
2.4696
0.0000
0.0000
0.0000
1.5716
0.0000
0.0000
0.3583
2.0368
0.0000
0.0000
0.0000
1.6395
0.5183
0.0000
0.0000
0.0000
1.4311
1.2912
0.0000
0.0000
0.0000
0.0000
0.0000
0.5130
1.0162
2.9537
0.0000
0.0000
1.2262
0.0000
2.1164
0.0000
0.0000
0.0000
0.5540
0.0000
0.0000
0.6246
0.0108
0.0000
0.0000
2.8420
0.0000
0.4773
0.0000
0.9212
0.0000
0.9690
0.0000
0.0000
0.0000
0.0000
1.9034
0.0000
1.1982
2.3398
0.0000
0.0000
3.4448
0.0000
0.0000
1.1351
0.0000
0.0000
0.0000
0.0000
1.6335
1.9950
0.0000
0.0000
0.0000
0.0000
0.9330
0.0000
0.0000
0.0000
0.0000
1.8399
0.0000
4.7933
0.2121
0.4389
0.0000
0.0000
0.0000
0.0000
0.0000
0.0000
0.2655
0.0000
0.0169
0.0000
0.0000
0.0000
0.0000
0.0000
0.0000
0.0000
0.0000
0.0000
0.0000
1.3260
0.2038
0.0000
0.1274
0.0000
1.5306
0.0000
0.0000
0.0000
0.9488
2.3393
0.7202
0.0000
0.0000
0.0000
0.7209
0.0000
1.6358
0.0000
0.0000
0.0000
0.7278
0.0000
0.6839
0.0000
0.0000
0.0559
0.0000
1.9548
0.0000
1.4504
0.0000
0.0000
0.0000
0.0000
0.0000
0.0000
0.0000
0.0000
0.0000
0.0000
2.4664
0.7296
0.5737
0.0000
0.0000
0.0000
1.2872
0.0000
0.0000
0.0000
0.0000
0.0000
0.0000
2.5346
1.9079
0.0000
0.0000
0.0000
0.4369
0.0000
0.6147
0.0000
0.1685
0.0000
1.3996
0.0000
0.0000
0.9552
0.6339
1.5519
1.0911
0.0000
2.3279
0.0000
0.0000
0.2579
0.0000
4.6094
0.0000
0.0000
0.0000
0.0000
0.0000
0.0000
0.0000
0.0000
0.0000
0.5612
0.0000
0.0000
2.1060
0.0000
0.0000
0.0000
0.0000
0.0000
0.0000
0.0000
1.6350
0.7825
0.0000
1.5664
1.7523
0.4965
0.0000
1.6614
0.0000
0.0000
0.0000
0.0000
0.0000
3.0914
0.0000
0.0000
2.4761
1.6691
0.0000
0.0000
0.1114
1.3048
0.0000
0.2782
1.1088
1.9391
0.0000
0.0000
0.0000
0.0000
0.0000
0.8965
0.0000
0.0000
0.0000
0.0000
0.7139
0.0000
1.5854
0.0000
0.0000
0.0000
0.0000
0.1244
0.0000
0.0000
0.0000
2.4167
1.1038
0.0000
0.0000
0.0000
0.0000
0.0000
1.9751
1.1989
0.0000
0.0000
0.2394
0.0894
1.8938
1.8816
1.0229
0.0000
0.0000
0.0000
0.0000
3.8769
0.0000
0.0000
0.0000
0.0454
0.3287
0.0000
0.0000
0.0000
0.0000
0.0000
0.0000
0.0000
0.6355
0.0000
0.0000
0.0000
0.7881
0.0000
0.0000
0.0000
0.0000
0.0000
0.2941
0.7121
2.4885
0.6550
0.0000
0.0000
1.1889
0.0000
0.8130
0.9177
0.8172
0.0000
0.0000
0.0000
0.0000
0.0000
0.0000
0.0000
0.0000
0.0000
0.0000
3.3555
0.0000
0.0000
0.0000
0.5608
0.0000
0.0000
0.0000
0.0693
0.0000
0.0000
0.0000
0.0000
0.0000
0.0000
0.0000
0.0000
0.0000
0.0000
2.1134
0.0000
0.3804
0.0000
0.0000
0.0000
0.0000
1.2208
0.0000
0.0000
0.0000
0.0000
0.3705
0.0000
0.0000
0.0000
0.0000
0.0000
0.0000
0.0000
0.8157
0.0984
0.0000
0.4729
0.0000
0.0000
0.0000
0.0000
1.5597
0.5747
1.6416
0.0000
1.0535
0.0000
1.8567
0.0000
0.3431
0.1969
0.0000
0.0000
1.0267
0.0000
1.5686
1.7644
0.0000
1.2162
0.0000
1.1124
0.0000
0.2233
1.2482
0.0000
0.0000
0.0000
0.0000
0.0000
0.0000
0.0000
0.0000
0.0000
0.0000
0.0000
0.0000
0.0000
1.2018
0.3060
1.1542
2.0703
0.0000
1.3372
0.4628
0.4124
0.0000
0.0000
0.0000
0.8958
1.8161
1.2537
1.9620
0.0000
0.0000
0.0000
2.5357
0.0000
0.0000
0.0000
0.0000
0.0000
0.0000
0.0000
0.0000
0.0000
0.0000
0.0000
0.0000
0.9206
1.1943
0.0000
1.1323
0.0000
0.0000
0.0000
0.0000
1.3115
0.0000
1.9883
0.0000
0.0000
0.0000
1.6769
0.9139
0.0000
0.0000
0.0000
0.0000
0.2990
0.0000
0.0000
0.0000
0.0000
0.0000
0.0000
0.0000
0.9654
1.4738
1.0080
0.0000
1.2607
0.1744
0.2057
0.0000
0.0000
0.0000
2.5666
0.0000
0.0000
0.0000
0.0000
0.5981
0.0000
3.3027
0.0000
0.0000
0.0000
1.2948
1.3002
0.0000
1.5359
0.0000
0.0000
4.4797
0.0000
0.0000
0.0000
1.5296
0.0000
2.1591
1.7776
0.0000
0.0000
0.1810
0.0000
0.0000
0.0000
0.0000
0.0000
0.0000
0.0000
0.0000
1.1329
0.0000
0.0000
0.0000
0.0000
0.0000
0.5624
0.0000
0.8386
0.0000
0.8251
0.0000
0.0000
0.0000
0.0000
0.0000
1.7323
0.0000
0.9772
0.8002
0.0000
0.0000
1.3038
0.3497
2.5300
0.0000
0.0000
0.0000
0.0000
0.0000
0.0000
0.0000
0.0000
0.0000
0.0531
0.7127
0.0000
0.0000
1.1072
0.0000
0.0000
2.9254
0.0000
0.0000
0.0000
0.0000
0.0000
0.6504
0.0000
0.0000
0.0000
0.0000
0.0000
0.0000
0.4987
0.8185
0.0000
0.1857
2.3945
0.0000
0.0000
1.5198
0.5136
0.0000
0.0000
0.0000
1.3959
0.0996
0.0000
0.0000
1.4541
0.0000
2.1484
4.6230
0.0000
0.7507
1.5975
0.1012
0.0000
0.0000
0.0000
0.0000
0.0000
0.0000
0.0000
0.1560
0.0000
0.0000
0.0000
0.0000
0.0000
0.0000
0.0000
0.0000
2.4085
0.0000
0.0000
1.4075
0.0000
0.0000
2.7975
0.0000
0.0000
1.1375
0.0000
0.0000
1.4542
0.3181
0.0000
0.0000
4.0431
0.0000
0.0000
0.0000
1.6485
0.0000
0.0000
2.2354
0.0000
0.0000
0.0000
0.0000
0.0000
1.8910
0.0000
0.0000
1.9521
0.0000
0.4915
0.0000
0.2711
0.7159
0.0000
0.0000
1.8763
0.9605
0.0000
0.0000
0.0000
0.1537
1.9163
1.0573
0.0000
0.9960
0.0000
0.0000
0.0000
0.1306
0.0000
1.0574
0.0000
0.0000
0.0000
0.0000
0.0000
0.0404
0.0000
3.0137
0.0000
0.0000
1.8619
0.0000
0.0000
0.0000
0.0000
0.0000
0.0000
1.3199
0.0000
0.0000
0.0000
0.0000
0.0000
0.8411
0.0000
0.0000
0.0000
0.0000
0.0000
0.7244
0.8122
0.0000
0.8286
0.0000
0.0000
0.0000
0.0000
0.9009
0.0000
3.6946
0.0000
1.6379
0.0000
0.9869
0.0000
1.7988
0.8249
0.0000
0.0000
0.8386
1.8413
0.0499
0.0000
0.0000
0.0000
1.4117
0.0000
0.0000
3.2010
0.4276
0.0000
0.0000
0.0000
4.1892
0.8053
0.8924
0.0000
0.5306
0.0000
0.2159
0.0000
0.0000
0.0000
0.0000
0.0000
0.0000
0.0000
0.0000
0.0000
0.0000
0.0000
1.3850
0.4877
0.0000
0.4462
0.0000
0.0000
0.8496
0.0000
0.0000
1.7228
0.0000
0.0000
0.0000
0.0000
0.0000
1.1355
0.0000
1.2598
0.0000
0.0000
2.3692
0.0000
0.0593
1.3806
0.0000
0.0000
0.4761
0.0000
0.0000
0.0000
0.0000
0.0000
0.0000
0.7337
1.3170
0.0000
0.0000
0.0000
0.0000
0.0000
0.0000
0.0000
0.0000
0.0000
0.8146
0.0000
0.0000
0.0000
0.0000
0.0000
1.9053
0.0000
0.0873
0.0000
0.0000
0.0000
0.4525
0.0000
0.0000
0.4904
0.0000
0.0000
3.5642
0.0000
0.0000
0.7279
0.0000
0.0000
0.0000
0.0035
0.5178
0.0000
0.0000
0.0000
0.0000
0.0000
0.0000
0.0000
0.0000
0.0000
1.9466
0.0000
0.0000
2.4492
0.0000
0.7730
0.1987
0.0000
0.0000
0.0000
0.1822
0.0000
1.1059
1.5733
0.3989
0.0000
1.4427
0.0644
0.0000
0.1655
0.0000
2.6019
0.0000
2.9672
0.0000
0.0000
0.0000
0.1312
0.0000
0.4684
0.0000
0.0000
0.0000
0.0000
0.0000
0.3290
0.8856
0.0000
0.0000
0.0000
0.0000
0.0000
0.0000
0.0000
1.5961
0.9649
0.0000
0.0000
0.0000
0.8626
0.0000
0.0000
0.0000
2.3491
2.0455
4.6879
0.0000
1.7999
3.2353
0.5924
0.0000
0.0000
0.0000
0.0000
0.0000
0.0000
0.0000
0.5531
3.8605
0.0000
0.0000
0.0000
0.4769
0.0000
1.4795
0.0000
0.6229
1.2864
0.0000
0.0000
1.1441
0.6250
0.5269
1.8096
0.0000
0.0000
0.0000
0.0000
2.8551
0.0000
0.0000
2.1260
0.2487
0.0000
0.0000
0.0000
0.0000
4.8048
0.0000
0.0000
0.0000
0.0000
0.0319
0.1044
0.0000
0.0000
0.0000
2.3841
0.0000
0.3235
0.0000
0.0000
0.0000
0.0000
0.8108
0.0000
0.0000
0.0000
0.0000
0.0000
0.0000
0.0000
0.0000
0.0000
0.3194
0.5405
0.0000
0.0000
0.8393
0.0000
0.0000
0.0000
1.1488
2.5710
2.4396
0.0000
0.0000
0.0000
1.1919
0.0000
0.0000
0.4230
0.0000
1.6400
0.0000
1.5901
0.0000
0.0000
4.1979
0.0000
0.0000
0.0000
0.0000
0.0000
0.0985
0.3366
0.0000
0.0000
0.0000
0.0000
1.3256
1.2565
0.0000
0.0000
1.1963
2.4794
0.0000
2.1466
4.0745
0.0000
0.0000
1.3545
0.0000
0.0000
0.0000
3.4358
0.0000
0.0000
0.3284
0.0000
0.9401
0.0000
1.0604
0.0000
0.0000
0.0000
0.0000
1.2912
1.0002
0.0000
0.0000
1.6142
0.0000
0.0000
0.0000
1.1120
0.0000
0.3387
0.0000
0.0000
0.0000
1.3813
0.7128
0.0000
0.2108
0.0059
0.0544
0.0000
0.0000
1.3782
1.4975
0.0000
0.0000
1.3736
0.8032
0.7457
0.0000
0.0000
0.0000
0.0000
0.0268
0.6412
0.0000
0.0000
0.1487
0.0000
0.8350
0.0000
1.4809
4.0880
0.0000
0.0000
0.3429
0.1503
3.3931
0.0000
0.0000
0.0000
0.0000
0.0000
0.0000
0.0000
0.2743
0.0000
0.4935
0.0000
1.0360
0.9247
3.1424
0.0000
0.0000
0.1525
0.0000
0.0000
1.7715
0.0000
0.0000
0.0000
0.0000
4.3879
0.9321
0.0000
0.0000
1.2552
0.0000
0.0000
1.0946
2.1936
0.6626
0.0000
1.2093
0.7681
0.0000
0.0000
0.0000
0.0000
0.0000
0.0000
0.0000
0.0000
0.0000
1.0080
6.0695
0.3700
1.3627
0.0000
0.4164
0.0000
0.0000
0.0000
0.0000
0.0000
0.0000
0.0000
0.0000
0.0000
0.0779
0.1499
0.8135
0.0000
0.0000
0.0000
0.0000
0.0000
1.5085
0.0000
0.0000
0.0000
0.4690
0.0862
0.7131
0.0000
1.1227
0.0000
1.0614
2.7296
0.0000
0.0000
0.0000
0.2324
0.0000
0.0000
0.0000
1.2514
0.0000
0.0000
0.0000
0.0000
0.0000
0.0000
0.0000
0.0000
2.6369
0.0000
0.4777
1.1458
0.0000
0.8828
0.0000
0.0000
0.0000
0.0000
0.0000
0.0000
0.0000
0.6421
0.0000
0.0000
0.0000
1.4430
1.2187
0.0000
0.0000
0.0000
0.0000
2.9666
0.0000
0.0000
0.0000
0.0000
0.0000
2.3014
0.0000
0.0000
0.0000
0.0000
1.5054
0.0000
0.2036
0.0000
0.0000
0.0000
0.0000
0.0000
0.2500
0.0000
0.7298
0.0000
1.8798
0.8442
0.0000
3.2424
0.1644
0.0000
3.3239
0.6356
0.0000
0.0000
0.0000
0.0000
0.0706
0.0000
0.2153
0.0000
0.3395
0.0484
0.0000
0.0000
0.0000
0.7080
0.3480
2.9340
0.0000
4.0830
0.0000
0.0000
1.6613
1.5052
3.5789
0.0000
0.0000
0.0000
0.0000
1.3796
0.6781
0.0000
2.7359
0.0000
0.0000
0.9502
0.0000
0.0000
2.4262
0.0000
0.0000
3.3827
0.0000
1.5848
0.0000
0.0000
0.0000
0.0000
4.5045
0.0000
0.0000
0.0000
0.0000
0.0000
0.9322
0.2775
0.1424
1.7941
0.2611
0.0000
0.0000
0.9771
0.0000
0.0000
1.6709
0.0000
0.0000
0.0000
0.0000
0.0000
1.7548
0.5019
0.0000
0.0000
0.0000
0.0000
2.6184
0.1151
1.8697
0.0000
0.0000
0.8367
0.6025
0.0000
0.0000
0.0000
2.4154
0.0000
0.0000
0.4682
0.0000
0.0000
1.1222
0.6766
0.0000
0.0000
0.0000
0.0000
0.0000
0.0000
0.5889
0.0000
0.0687
0.0000
1.2649
1.3435
0.0000
0.1553
0.0000
0.0513
0.0000
1.2035
0.4692
0.5635
0.0000
0.0000
0.0000
0.0000
0.0000
0.0000
0.0000
0.0000
0.0000
0.0000
0.1969
0.0000
0.4269
0.0000
0.0000
0.0000
0.0000
0.2992
0.0000
2.5560
0.0000
4.7023
0.4541
1.1462
0.4182
2.0368
0.0000
0.0000
0.0000
0.0000
0.0000
0.0000
0.0000
0.0000
0.8712
0.0000
0.0000
0.0000
0.0000
0.0000
0.0000
0.0000
0.0000
0.0000
0.8675
0.0000
0.0000
0.0000
0.9979
0.0000
0.0000
0.0000
2.8993
0.0000
0.0000
0.0000
0.3914
0.0000
0.0000
0.0000
0.0000
0.0000
0.0000
0.0000
0.0000
0.7251
0.4116
0.0000
0.0000
0.0000
0.0000
1.3102
0.0000
0.0000
0.8194
0.6914
0.0000
0.0000
0.0000
0.0000
1.6063
1.7775
0.0000
0.0000
0.0000
0.0000
0.0000
0.0000
0.0000
1.0962
0.5990
0.0000
1.8817
0.0020
0.0000
0.0000
0.0000
0.0000
0.1856
0.0000
0.0000
2.1140
0.6615
0.0000
0.0000
0.0000
0.0000
0.7081
2.1836
0.0000
0.4432
0.0000
0.4558
0.0000
1.0354
0.3841
1.4980
0.0000
0.0000
0.0000
0.0000
0.6770
0.0000
4.1572
0.0000
0.0000
1.7716
0.0000
0.3766
0.0000
0.0000
0.0000
0.2047
0.0000
0.0451
0.0000
0.0000
0.0000
0.0000
0.0000
0.0000
0.0000
0.0000
1.1632
1.2230
0.0000
0.9574
0.0000
0.3772
0.0690
0.9701
0.2488
0.0000
0.3537
0.5610
0.0000
0.0000
0.0000
0.0000
0.5288
0.0000
0.0000
0.0000
0.0000
1.9668
0.9517
0.0000
0.0000
0.0000
0.4164
0.0000
0.3716
0.0000
0.0000
0.3465
0.0000
0.0000
0.0000
0.0000
0.0000
2.5765
0.0000
0.0000
0.0000
0.0370
0.0000
1.0180
0.0000
0.0000
0.0000
0.0000
0.9249
0.0497
0.0000
0.0443
0.0000
0.0000
0.0000
0.0000
0.1011
0.0000
0.1800
0.0000
0.0000
0.0000
0.0000
0.0000
0.0000
0.0000
0.0000
0.0000
0.0000
0.0000
0.0000
0.0000
0.0000
0.0000
1.8359
0.0000
2.8201
0.0000
0.0000
0.0000
0.0000
0.0000
0.0000
0.0000
0.7022
0.0000
0.0000
0.0000
0.0000
0.3086
0.0000
0.0000
1.4402
0.0000
0.0000
0.0000
0.0000
0.7020
0.0000
0.0000
1.8541
0.0000
0.0000
0.0000
0.0000
1.9677
0.1969
0.0000
0.0000
2.6898
1.6495
1.4184
0.0000
0.0000
0.1811
0.2817
0.1384
0.0000
0.0000
2.1233
0.0000
1.6940
0.0000
0.0000
0.0000
1.0322
0.0000
1.3113
0.0000
2.0187
1.8272
0.0000
0.0000
1.3470
0.0000
0.7651
1.4525
0.0000
0.0000
0.0000
0.0000
0.0000
1.0126
0.0000
0.7335
1.0437
0.3287
0.0000
0.0000
0.0000
2.3392
1.3452
0.0000
0.0000
0.0000
0.0000
0.0000
0.0000
4.4060
0.8638
0.0000
0.0000
0.0132
0.0000
0.3555
0.5413
0.0000
2.1791
0.0000
0.0000
0.0000
0.4830
1.7339
4.4311
0.0000
0.0000
0.0000
0.0000
2.4462
3.3674
0.0000
0.0000
0.0000
0.0000
0.0000
2.9423
0.0000
0.0000
3.4360
0.0000
0.0000
0.0000
0.0000
1.7216
0.9505
0.2676
0.0000
0.0000
0.0000
0.7234
1.5743
0.0000
0.7387
0.0000
0.0000
0.0000
0.0000
3.1877
0.0000
1.4574
0.0000
0.2804
2.4161
0.1971
0.0000
0.0000
0.0000
0.0000
0.0000
4.2533
0.0000
0.0000
0.0000
0.0000
0.0000
0.0000
0.0000
0.7236
0.0000
0.0000
0.0000
0.0000
0.8786
0.0000
0.0000
1.3629
4.6863
0.0000
0.0000
0.0000
0.0000
1.8930
0.0000
0.0000
0.0000
0.0000
0.0000
1.2033
0.0000
0.4178
0.1515
0.0000
0.0000
0.3464
0.0000
0.0000
0.4461
2.0723
0.0000
0.0000
0.0000
0.0000
0.0000
0.0037
0.0000
3.1545
0.0000
1.1462
0.0000
0.0000
0.0000
0.0000
0.0000
0.3043
0.0000
0.9825
0.1730
0.0000
0.0000
0.0000
0.0000
2.8847
0.0000
2.0105
2.4575
0.0000
0.0000
0.0000
0.0000
0.0000
0.0000
0.0000
2.3565
0.2367
0.0000
1.3114
0.0000
0.5445
0.0000
0.0000
0.0302
0.0000
0.0000
2.5826
3.9093
0.1459
0.0000
1.5875
0.0000
3.2697
0.0000
0.0000
0.0000
0.0000
0.6090
0.0000
1.3922
0.0000
0.0000
0.6253
0.0000
0.0000
0.0000
0.0000
0.0000
0.0000
0.0000
0.0000
1.0447
0.0000
0.0000
0.0000
3.5099
0.0000
0.0000
0.0000
0.0000
0.9121
2.3647
0.0000
0.5107
0.0000
0.0000
0.0000
0.0000
2.3576
1.0721
4.0567
0.0000
0.1822
0.0000
1.0908
1.6901
0.0000
2.0526
0.0000
0.0000
0.0000
1.9108
0.9767
1.0607
0.0000
0.0000
0.0000
0.3020
3.5761
0.0000
0.0000
0.0000
0.0000
0.0000
0.0000
0.0000
0.1020
2.9127
0.0000
0.1349
2.5133
2.3697
0.0802
0.0000
0.0000
0.4591
1.6086
0.0000
0.0000
0.0000
0.0000
0.0000
1.4990
1.8639
0.0000
0.0000
1.1246
0.6347
1.5654
0.1540
0.0000
0.0000
0.3552
0.0000
2.1257
0.0000
1.0116
0.0000
0.0000
0.0000
0.0027
2.8769
0.0000
0.0000
0.5350
0.8423
0.7848
0.0000
2.8250
0.2739
0.0000
0.0000
1.2127
1.9169
0.0000
0.0000
0.0000
1.7167
0.0000
2.1202
0.0000
0.0000
0.0000
0.0000
0.0000
0.0000
0.0000
0.0000
1.7270
0.0000
0.0000
0.0000
0.6359
1.6231
0.0000
1.4262
0.0000
0.0000
0.0000
0.0000
0.0000
1.0545
0.0000
0.0000
0.0950
0.4839
0.0000
2.3077
0.0000
0.0000
0.0000
0.0000
0.0000
1.9591
0.0000
0.0000
0.0000
0.0000
0.0000
0.0000
1.1366
0.0000
0.8189
0.0000
0.0000
0.0000
0.0000
0.0000
0.1661
0.0000
0.7192
1.5713
0.0000
0.0000
0.0000
0.0000
0.0000
0.0000
0.1623
0.5080
0.0000
0.8758
0.0000
0.6110
0.0000
1.5979
0.9831
0.0000
0.0000
0.0000
0.0000
0.0000
3.1460
0.0044
0.0000
0.0000
0.0000
0.0000
0.0000
0.5774
0.0000
0.0000
0.1023
0.0000
2.4163
0.0000
0.1073
0.0000
0.4695
0.4727
0.0000
0.0000
0.0000
0.0000
2.2795
0.0000
0.0000
0.0000
0.0000
0.0000
2.9018
0.0000
0.0000
2.4993
0.4818
0.0000
0.0000
0.0000
2.2470
0.0000
0.5943
1.7303
0.0000
0.0000
2.8107
3.7538
0.0000
0.0000
2.4202
0.0000
0.7803
0.0000
0.0000
1.0057
0.0000
0.0000
0.0000
0.0000
2.1858
0.0000
0.0000
0.2698
0.0000
0.0000
0.0000
0.0758
0.0000
0.6708
1.4807
0.0000
0.0000
0.0000
0.0000
0.3942
0.6907
0.0000
0.0000
0.0000
0.0000
0.0000
0.0000
0.0000
0.0000
0.0000
0.0000
0.0000
0.0000
0.3925
0.0000
0.0000
0.0000
1.1572
0.0000
0.6272
0.0000
0.0000
0.0000
0.3112
0.1153
0.0000
0.0000
0.0000
0.0000
0.0000
1.5873
0.0000
0.0000
0.0000
0.0000
1.5979
0.4588
0.4608
0.0000
0.0000
0.7932
2.2943
0.0000
0.0000
0.0000
2.5988
1.6675
0.0000
0.0000
0.0000
0.0000
0.0000
0.0000
0.0000
3.5041
0.7415
0.0000
1.8619
4.0782
0.2335
1.0718
0.0000
0.0000
0.0000
0.0000
2.2448
0.0000
0.0000
0.0000
0.0000
1.7247
0.1913
0.0000
1.0241
0.2122
0.0000
0.0000
0.8004
0.6605
0.0000
0.0000
0.0000
0.0000
0.0000
3.1650
0.0000
1.7601
0.0000
0.2205
2.9018
0.0000
0.0670
0.0000
2.9964
0.6812
0.0000
1.1533
0.0000
0.0000
0.4264
0.2980
0.0000
0.0000
0.9024
0.0000
0.0000
0.0000
0.9646
0.0000
0.0000
2.6301
0.0000
0.0000
0.0000
0.7601
1.7222
0.0000
0.0000
0.0000
0.3339
0.6351
0.0000
0.0000
0.0000
2.7070
0.0000
0.0000
0.6584
0.7787
4.0223
0.0000
3.0496
0.0000
1.5350
0.0000
0.0000
0.0000
0.0000
0.0000
0.0000
0.0519
0.3611
2.8339
1.9637
3.4161
0.2295
0.0000
0.7465
0.0000
0.0000
0.0000
0.0000
0.0000
2.6302
0.0000
0.0000
3.0323
0.0000
0.0000
0.0000
1.3537
0.7674
0.7103
0.2253
0.0000
0.0000
0.8514
0.0000
2.0894
0.0000
0.0000
0.1762
0.7365
1.5281
1.4399
0.0000
0.0000
1.0138
0.0000
0.0000
0.6783
1.9591
0.0000
0.0000
0.0000
0.4658
0.4597
0.9667
0.0000
0.4514
0.0000
0.0000
0.0000
1.3773
2.4961
0.0000
0.0000
0.1000
4.4933
0.0000
0.5765
0.0000
0.0000
0.0000
0.0000
0.2731
0.0000
0.0000
0.8477
0.0000
3.4026
0.0000
0.0000
0.9918
0.7677
0.7491
0.4738
1.0276
0.3226
1.0384
0.0000
0.4111
0.4940
0.0000
0.5689
0.0000
0.0000
0.0000
0.0000
0.0000
0.0000
0.9611
2.0766
0.0000
0.2881
0.0000
0.0000
0.0000
3.7179
0.0000
0.3682
0.0000
0.3963
0.0000
0.0000
0.0000
0.0000
1.4970
0.0000
0.7746
0.5572
0.0000
2.0353
1.6343
0.0000
0.0000
0.0000
1.5575
0.0000
0.0000
0.0000
0.0000
0.0000
0.0000
0.0000
0.0000
0.0000
1.3335
0.0000
0.0000
0.2967
0.0000
0.0000
0.0000
0.0000
0.5514
0.8441
0.0000
0.0000
1.7599
0.2756
0.0000
0.0000
1.6659
0.2154
0.0000
0.0000
1.6593
0.0000
0.0000
0.0000
0.0000
0.0000
0.0000
4.5128
0.8376
0.0000
1.7152
0.5676
0.3676
1.0670
0.0000
2.0089
0.6563
0.0000
0.0000
0.0000
0.0000
0.0000
0.0000
0.0000
1.9863
0.5505
0.0000
0.0000
0.0000
0.0000
0.0000
2.3417
0.0000
1.1287
0.0000
0.0000
1.2492
0.0000
