0.1863
0.0000
0.0000
0.0000
0.0000
0.0000
0.0000
0.0000
0.0000
3.2446
0.0000
0.0000
1.4394
0.0000
0.0000
0.0000
0.0000
0.0000
0.0000
0.0000
0.0000
0.0000
2.4595
1.8702
0.8525
1.5918
0.0000
1.2596
0.0000
0.0000
0.1160
0.0000
1.3059
0.0000
1.6018
0.0000
0.0000
0.0000
2.3688
1.6640
0.0000
0.0000
0.0000
0.0000
0.0000
0.0000
0.0000
0.0000
0.0000
0.0000
0.0000
0.0000
0.0000
0.0000
0.0000
0.0000
0.0964
0.0000
0.0000
0.0000
0.0000
0.9218
0.0000
2.2376
0.0000
0.3232
0.0000
0.9715
0.0000
0.0000
0.7375
2.7208
1.0609
0.0000
0.0000
2.1110
0.0000
0.0000
0.0000
0.0000
0.2885
0.0000
0.0000
0.0000
0.0000
0.0000
0.0000
2.2535
0.0000
0.0000
0.9360
0.0000
2.8272
1.5017
0.0000
0.0000
0.0000
0.0000
2.2925
0.0000
0.0000
0.0000
0.0000
0.0000
0.8653
0.1478
0.0000
0.0000
0.8685
3.6993
0.2050
0.0000
1.6143
0.5926
0.0000
0.0000
0.9898
0.0000
0.0000
0.0000
3.2427
0.0000
1.0100
1.9776
0.0000
0.0000
1.0699
2.0918
0.0000
0.0854
0.0000
0.0000
0.4662
0.0000
2.2313
0.0000
1.9922
1.7231
0.0000
2.2798
1.7729
0.0000
1.6697
1.7879
1.4039
0.0000
0.0000
0.8002
0.7797
0.0000
0.1478
1.8474
0.0000
0.0000
0.0000
0.2680
0.0000
0.0000
0.0344
0.0000
1.3071
0.0000
2.0493
0.0000
0.0000
1.2816
0.7675
0.0000
0.0000
1.7364
0.0000
0.0000
0.0000
0.3523
0.0000
0.0000
0.0000
0.2057
0.0000
4.1199
0.6880
2.8622
0.0000
0.0000
0.0000
0.0000
1.2833
0.0000
1.9167
1.2961
0.0000
0.0000
1.1321
0.0000
0.8916
0.0000
0.0000
0.0000
3.1772
1.7562
0.0000
0.2040
0.0000
0.0000
0.0948
0.0000
0.0000
0.6405
0.0000
0.0000
0.0000
0.0000
0.0000
0.0000
0.0000
0.0000
0.0000
0.0000
0.0000
0.0000
0.0000
0.0000
0.0000
0.0000
0.0000
0.0000
0.0000
1.2824
0.0000
0.0000
0.3560
0.3333
0.0000
0.0000
0.0401
0.0000
2.1124
0.0000
0.5767
0.0000
0.0000
0.0000
0.4355
0.0000
0.0000
0.0000
0.0000
0.0000
0.0000
0.0000
0.0000
0.0000
0.0000
0.0000
0.0000
0.2658
0.0000
0.0000
1.1014
0.0000
0.0000
0.0000
0.0000
0.0000
0.0000
0.0000
0.0000
0.0908
0.0000
1.6246
0.8587
0.0000
0.0000
1.8441
0.6687
0.0000
0.0000
0.7693
0.0000
0.0000
1.3480
0.0000
0.4134
0.0000
0.0000
0.8997
0.0000
0.0000
0.0000
0.0000
0.0000
0.0000
0.0000
0.0000
2.4670
0.0000
0.0000
1.3805
0.0000
1.7333
0.0000
0.0000
0.0000
0.2262
0.4125
0.0000
0.1663
0.0000
0.0000
0.0000
0.0000
0.1429
0.0000
2.3762
1.2910
0.0000
0.0000
0.0000
1.3274
1.9790
0.0000
1.3146
0.0000
0.0000
0.0000
1.7563
0.0000
1.7055
0.0000
1.5027
0.0000
0.0000
0.0000
0.0000
0.0000
1.0912
1.8483
0.0000
0.0000
2.1010
0.0000
0.0000
0.0000
0.0000
0.0000
2.3445
0.0000
0.0000
0.0000
0.0000
0.0000
3.6385
0.4215
0.0000
0.0000
0.0000
0.1362
0.0000
0.8063
0.0000
0.0000
0.0000
0.0000
0.0000
0.0000
2.1571
0.0000
0.0000
0.0000
0.0000
0.0000
0.7654
0.0000
0.0000
0.0000
0.0000
0.0000
1.7282
0.0000
0.0000
4.9155
0.0000
1.0811
0.0000
0.0000
0.0000
0.0861
0.0000
0.0000
0.0345
2.6225
0.0000
0.0000
0.0000
0.0000
1.2775
0.2103
0.0000
0.0000
0.3015
0.0000
1.6141
0.0000
0.0000
0.0000
0.0000
0.0000
0.0000
0.6000
0.0000
0.0000
0.0000
0.0000
1.1597
0.0000
2.2654
0.0000
0.0000
1.0831
0.0000
0.5070
0.6967
0.8389
0.0000
0.0000
0.2990
0.0000
0.5261
0.0000
0.6530
0.0000
0.0000
0.0000
0.0000
0.0000
0.0000
0.0000
0.0000
1.6913
0.0000
1.8139
0.0000
0.9669
0.0000
2.8298
1.0149
0.0000
0.0000
2.7254
2.7111
0.1979
0.0000
0.0000
0.2612
0.0000
1.6876
0.0000
0.0000
0.6278
0.0000
0.0000
0.0000
1.6570
0.0000
0.0000
0.0000
0.0000
0.0000
0.0000
0.0000
0.0000
1.0817
0.0000
0.0000
0.0000
3.0653
2.6132
0.0000
0.5228
0.0000
0.0000
0.0000
0.4882
2.5587
1.5775
0.0000
0.0000
1.2379
0.0000
0.6923
0.0000
0.0000
0.0000
0.0000
0.8394
0.0000
0.0000
0.0000
1.9812
0.0000
0.0000
0.0000
1.8389
0.0000
0.4297
0.1303
0.2517
0.0000
0.4930
2.7183
1.4242
2.0593
0.0000
0.0000
0.2097
0.0000
0.0000
0.0000
5.4779
0.0000
2.2209
2.2891
0.0000
1.4269
2.2155
0.0000
0.0000
0.0000
0.0000
0.0000
0.3881
0.7034
0.4140
0.0000
0.0000
1.6139
0.0000
0.0000
2.6098
0.0000
0.0000
0.0000
0.0000
0.0000
0.0000
0.0000
0.0000
0.0000
0.0000
0.0000
0.0000
0.4707
0.0000
0.0000
0.0772
0.0000
0.0109
0.0000
0.0000
0.0000
0.0000
0.1011
0.0000
0.0000
0.2932
1.6768
0.0000
0.0000
0.5508
0.0000
0.0000
0.0000
0.0000
0.0000
0.0000
0.0000
1.1348
1.0646
0.0000
0.0269
0.0000
0.0000
0.0000
0.0000
0.0000
0.0000
0.0000
0.0000
1.9408
0.0000
0.4765
0.3060
0.0000
0.0000
0.0000
0.0000
0.0000
0.0000
3.9074
0.1429
0.0000
3.7459
0.0000
0.0000
0.0000
1.4168
1.8318
0.0000
0.0000
0.3158
0.0000
0.0000
0.0000
4.7574
0.0000
2.4169
1.2586
0.5963
0.2617
0.0000
0.8981
0.0000
0.1733
0.9800
0.0000
1.3772
0.0000
0.2160
0.0000
0.0000
0.0000
0.0000
0.0000
0.2960
2.6014
1.9398
0.0000
2.4785
0.0000
0.0000
0.0000
0.5586
0.0000
0.0000
0.0000
0.0000
0.0000
0.0000
0.0000
0.0000
0.0000
0.9319
2.7174
0.0000
0.0000
0.0000
0.0000
0.0000
0.0000
0.0000
0.0000
1.8772
0.1180
0.0000
0.0000
0.0000
0.1336
0.0000
0.0000
0.0000
0.0000
0.0000
0.0000
0.0000
0.0000
0.4860
0.3844
0.0000
0.0000
0.0000
0.0000
0.0000
0.0000
0.0000
0.0000
0.0000
0.0000
0.9108
0.0000
0.8128
1.6897
0.0000
2.5905
0.0000
0.0000
0.0000
0.0000
0.0000
0.7661
0.0000
2.6848
0.6954
0.0000
1.3087
0.0000
0.0000
0.0000
0.0000
0.2892
1.3955
0.0000
1.5176
0.5244
0.0553
0.0000
0.0000
0.0000
0.0000
0.0000
0.0000
0.0000
0.0000
0.0000
0.7382
0.0000
0.0000
0.0727
0.0000
1.6722
1.2319
0.0000
0.0000
0.2917
0.9815
0.0000
0.0000
0.0000
0.5229
0.0000
3.6026
0.0085
0.0000
0.0000
1.4040
0.0000
0.0000
0.4875
0.4523
1.1475
0.0000
0.0000
0.4148
0.0000
0.0000
0.0000
0.0000
0.0000
0.0000
0.0000
0.0000
0.3003
0.0000
0.7373
0.0000
0.0000
0.6919
0.0000
0.3837
0.0000
0.0000
0.9197
0.0000
0.0000
0.0000
0.0000
0.0000
0.0000
0.0000
1.4116
0.0000
0.0000
0.0000
0.0000
0.0000
0.0000
0.0000
0.2769
0.6448
0.0000
0.0000
0.0000
0.0000
1.6196
0.1899
0.1237
0.0000
0.0000
0.0000
0.6822
0.4416
0.0000
0.0180
2.1690
0.2322
0.0000
0.0000
0.0000
0.0000
0.0000
0.0000
1.0550
0.6510
0.0000
2.5181
0.0000
0.0000
0.4435
0.0000
0.0000
1.2961
0.7788
0.0000
1.4188
0.0000
0.0000
0.0000
0.0000
0.0000
0.5434
0.0000
2.1045
0.0000
0.0000
0.0000
0.0000
0.0000
0.9625
0.0000
0.0000
0.0000
0.0000
0.0000
0.0000
0.0000
0.0000
0.0000
0.0000
0.0000
1.6401
0.0000
0.0000
0.6384
0.0000
0.0000
0.0000
0.0000
0.0000
0.0000
0.0000
0.0000
0.0000
0.0000
0.0000
1.3022
0.1797
0.0000
0.7222
0.8760
0.0000
0.0000
0.0000
0.0000
2.8146
0.0000
0.0000
0.6772
0.0000
2.7494
0.0000
0.0000
0.0000
0.0000
0.0000
0.0000
0.0000
0.0000
0.0000
0.0000
0.0000
0.0000
1.3805
0.0000
0.0000
0.0000
0.8143
0.0000
0.0000
1.7653
0.9966
0.0000
0.0000
0.0000
0.0000
0.0000
0.0000
0.0000
0.0000
0.0000
0.0000
1.7749
0.0000
0.0000
2.3197
0.0000
0.0000
0.0000
0.0000
0.6415
0.0000
0.0000
0.0000
0.0000
0.3919
0.0000
0.0000
2.2654
2.1615
0.0000
0.0000
0.0000
0.0000
0.0000
0.7834
2.3600
0.6078
1.0842
0.0000
0.0000
0.0000
0.1595
0.0000
0.0000
0.0000
0.0000
1.8248
2.6481
0.0000
0.0000
0.0000
4.7627
0.0000
0.0000
0.0000
0.0000
0.0000
0.1879
1.6883
0.0000
0.0000
1.9253
0.0000
0.3746
0.0000
0.1701
0.6394
0.0000
0.0000
0.0000
0.3095
0.0000
0.0000
0.0000
0.0000
0.0000
0.0000
0.0000
0.0000
0.0000
0.5419
0.0000
0.0000
0.0000
0.0000
0.0000
2.6869
2.9962
1.2839
0.0000
0.0000
0.0000
1.6323
0.0000
0.0000
0.0000
0.0000
0.6617
0.0000
0.0000
0.0000
3.2047
0.0000
0.0000
0.0000
0.8483
0.0000
2.4213
0.0000
0.0000
0.0000
2.1828
0.0000
0.3239
0.0000
4.1674
0.0000
0.0000
1.3298
2.8283
0.0000
0.8185
0.0000
2.5749
0.0000
0.0000
0.0000
0.0000
1.5577
0.3036
0.0000
0.9439
0.0000
0.6612
2.0949
0.0000
0.6588
0.0000
0.3024
0.0000
1.4237
0.0000
0.0000
1.1256
0.0000
0.0000
0.0000
0.0000
1.0939
0.0000
0.0000
0.0000
0.0000
0.0000
0.0000
0.0000
0.0000
0.0000
0.0000
0.0000
0.0000
0.0000
2.2846
0.0000
1.9230
0.0000
0.5971
1.4297
0.0182
0.0774
0.0000
0.2934
0.0000
0.0000
0.0000
0.9099
0.0000
0.5100
0.3698
0.0000
0.0000
0.0000
0.0000
0.0000
0.0000
0.0000
0.0000
1.1565
0.0000
0.1830
0.0000
0.0000
0.0000
0.6923
0.0000
0.0000
2.0315
0.0000
0.0000
1.8851
0.0000
0.6155
0.0000
0.0000
0.0000
0.2358
1.3615
0.0000
0.0000
0.0000
0.0000
1.5955
0.0000
0.0000
1.0343
0.0000
0.0000
0.0000
0.0000
0.0000
0.0000
0.0000
0.0000
0.2349
0.0000
0.0000
1.0302
0.0000
1.0280
0.0000
0.0000
0.0000
0.0000
0.0000
0.0000
0.0000
0.0000
0.0000
0.0000
0.0000
0.0000
0.0000
0.9477
0.0000
0.0000
0.1553
1.5713
0.0000
3.7554
0.0000
0.0000
1.0843
0.0791
1.3353
1.2933
0.0000
0.0000
0.0000
1.6722
0.0000
0.0000
0.0000
0.0000
0.0690
0.0000
0.0000
0.0000
0.0000
2.2891
0.0000
0.0000
0.9649
2.7592
0.0000
0.0000
2.3642
3.4391
0.0000
0.0000
0.0272
0.0000
0.0000
0.0000
0.0000
0.8209
0.0000
0.0000
0.0000
0.0000
0.0000
2.7553
0.0000
1.4667
0.5276
0.0000
0.0000
0.6349
0.0000
0.0000
0.3754
0.0000
0.0000
2.4945
2.2883
0.0000
0.0000
0.6082
0.0000
1.8317
0.0000
0.0000
0.0000
3.1343
1.3425
0.8329
0.0000
0.0000
0.0000
0.0000
0.0000
0.0000
0.0000
0.0000
0.0310
0.3593
3.7021
0.0000
0.3460
0.0000
0.0000
0.0000
0.0000
0.0000
0.0000
0.0000
0.0000
0.0000
0.0000
0.0000
0.0000
1.1953
0.0000
0.0000
0.0000
0.0000
0.0065
0.3218
0.0000
0.0000
0.0000
2.2933
0.0000
0.0000
0.0000
3.1730
0.0000
0.0000
0.0000
0.0000
1.7431
0.0000
0.0000
0.0000
0.0000
0.0000
1.8493
0.0000
0.0000
0.0000
0.0000
0.0000
0.0000
0.0000
0.6485
3.9130
0.0000
0.0000
0.0760
0.4206
0.0000
0.0000
2.4990
0.0000
0.0000
0.0000
0.0000
0.0000
0.0000
2.7163
0.0000
0.0000
0.0000
0.0000
1.6024
1.8181
0.0000
0.0000
0.0000
1.7961
0.0000
0.0000
0.0000
0.0000
0.0000
0.7971
0.0000
0.0000
1.4320
0.0000
0.0000
0.0000
0.0000
0.0000
0.0000
0.0000
0.0000
0.0000
0.9405
0.0000
0.0000
0.1800
0.0000
0.0000
0.9037
0.0000
0.0000
1.1422
1.7462
0.0000
0.7049
0.3238
0.0000
0.0000
0.0000
0.0000
0.4233
1.3630
1.2916
0.0000
1.3795
0.0000
0.0000
0.0000
0.0000
0.0000
0.0000
0.0000
0.0000
0.0000
0.0000
0.0000
0.0000
0.0000
0.0000
0.0000
0.0000
0.0000
0.0000
0.0000
0.0093
0.0000
0.3890
0.0000
0.0000
1.1809
0.8018
0.1913
0.0000
0.0000
0.0000
0.8390
2.0629
0.0000
3.1889
0.0000
0.0000
0.0000
0.0000
0.0000
0.0000
0.0000
0.0000
0.0000
0.0000
1.8818
2.4836
0.4714
0.0000
0.0000
0.0000
0.0000
0.2921
0.0000
0.0000
2.1422
0.0000
0.0000
0.8693
0.1860
1.6158
0.6790
4.6800
0.2075
0.0000
0.0000
0.0000
0.8870
0.0000
0.0000
0.5872
0.0000
0.0000
0.0000
0.1050
0.8286
0.4157
0.0000
0.0000
0.0000
1.0018
0.9774
0.9823
0.0000
0.8735
0.0000
0.0000
1.8020
1.7431
0.0000
2.8819
0.0000
0.1334
0.0000
1.1145
0.0000
0.0000
0.0000
1.3673
0.0000
0.0000
1.3893
0.0000
0.0000
0.1554
0.0000
0.0000
0.0000
0.0000
0.4588
1.7462
0.0000
2.3165
0.0000
0.0000
0.0000
0.0000
0.0000
1.2476
0.0000
0.8233
0.0000
0.0000
0.0000
0.0000
1.3835
2.0940
0.0000
0.0000
0.0000
0.5642
0.0000
0.0000
0.0000
0.0000
0.0000
0.0000
0.0000
0.0000
1.0016
0.0000
0.3298
0.0000
0.0000
0.0000
0.0000
0.0000
0.0000
0.9148
3.5871
2.0030
0.0000
0.2861
0.0000
0.0000
0.0000
0.0000
0.2281
1.4888
0.0000
0.0000
0.0000
0.0000
0.0000
0.0000
0.2886
0.0455
0.0000
0.9760
0.0000
0.0000
0.0000
0.6836
0.0000
0.0000
2.8596
2.2865
1.1929
0.0000
0.8781
0.0000
0.0000
1.7458
1.6174
0.7927
0.0000
0.0000
0.0000
1.9869
0.0000
0.0000
0.0000
1.3421
0.0000
1.0283
0.0000
0.0000
0.0000
0.0000
0.0000
0.4413
2.0193
0.9720
0.0000
0.0000
0.0000
0.0000
0.0000
0.0000
0.0000
0.9993
0.0000
0.0000
0.0000
2.1472
0.0000
0.0000
0.0000
0.0000
0.0000
0.0000
0.0000
0.0000
0.8564
0.0000
0.0000
1.0663
0.0000
0.0000
0.0000
1.7784
0.4026
3.1642
0.0000
0.0000
0.0000
0.7506
0.0000
1.8686
0.5305
0.0000
0.0000
0.0000
0.0000
0.0000
0.0000
0.0000
0.6644
0.0000
0.0000
0.0000
0.0000
0.7172
0.7780
0.3551
0.0000
0.1300
2.1574
0.0000
0.0000
0.0216
0.2327
1.6977
0.3821
0.0000
0.0000
1.4789
0.0000
0.6525
0.0000
0.0000
0.0928
0.0000
0.0000
0.0000
0.0000
0.0000
0.0000
1.0618
0.1024
0.0000
1.6146
2.6158
0.0000
0.6688
2.5551
0.2603
0.0000
0.0000
0.0000
0.2104
0.0000
0.0000
0.0000
0.0000
0.0000
0.0000
0.6597
0.0000
0.0000
0.0000
0.0000
0.0000
0.0000
0.0000
0.2944
0.0000
0.0000
0.0000
0.8353
0.0000
0.3311
0.4877
0.1704
0.6048
0.0000
0.4546
0.0000
0.0000
0.4663
0.0000
1.1418
0.2267
1.3206
0.0000
0.0000
0.0000
0.5811
1.7735
0.9459
0.0000
0.0000
0.0000
0.0000
0.0000
0.1696
0.0000
2.2795
0.0000
1.7672
0.0000
0.0000
0.0000
0.0000
0.0000
0.0000
0.0000
0.0000
0.2459
0.0000
0.0000
1.7815
0.0000
0.0000
0.0000
0.0000
0.0000
0.0000
0.0000
0.0000
0.0000
1.1122
0.0000
0.0000
0.8356
0.0000
1.3674
0.0000
0.0000
0.0000
1.6099
0.0000
1.7110
0.0000
0.0000
0.0000
0.0000
0.0000
1.7881
1.4146
2.0133
0.0797
0.0000
0.0000
0.0000
0.0000
0.2350
0.0893
0.0000
0.5185
0.0000
0.0000
0.0000
0.0000
0.1316
0.0000
0.0000
0.0000
3.3390
0.0000
3.8503
0.0000
0.0000
0.0000
0.0000
0.0000
0.0000
0.0000
1.6547
0.6105
1.9859
2.3731
0.0000
0.1460
0.0000
1.7777
0.0000
0.3523
0.6667
1.9201
0.0000
0.0000
0.0000
1.7393
1.2754
0.0000
0.0000
0.0000
1.2993
0.6303
0.0000
0.0000
0.0000
0.0000
0.0000
0.0000
1.2084
3.3869
0.0000
0.0000
0.8142
0.0000
2.0559
0.0000
0.0000
0.0000
0.6282
0.0000
0.0000
0.0000
0.0000
0.0000
0.0000
2.4686
0.0000
1.1792
0.0000
0.6247
0.0000
0.7606
0.0000
0.0000
0.0000
0.0000
2.1725
0.0000
0.0000
1.6547
0.0000
0.0000
3.0012
0.0000
0.0000
1.0068
0.0000
0.0000
0.0296
0.0000
1.7474
0.7297
0.0000
0.0000
0.0000
0.0000
1.7011
0.0000
0.0000
0.0000
0.0000
2.1701
0.0000
5.7290
0.5403
0.5435
0.0537
0.0000
0.0000
0.0000
0.0000
0.0000
1.4012
0.0000
0.4841
0.0000
0.0000
0.0000
0.0000
0.0000
0.4667
0.0000
0.0000
0.0000
0.0000
1.9475
0.2165
0.0000
0.0000
0.0000
1.7306
0.0000
0.0000
0.0000
0.1466
2.2708
0.0203
0.0000
0.0000
0.0000
0.9518
0.0000
1.7281
0.0000
0.0000
0.0000
0.1706
0.0000
1.2874
0.0000
0.0000
0.2401
0.0000
1.7602
0.0000
0.8696
0.0000
0.0980
0.0000
0.0000
0.0000
0.0000
0.0000
0.0000
0.0000
0.0000
2.4176
0.0000
0.6678
0.0000
0.0000
0.0000
1.8206
0.0000
0.0000
0.0000
0.0000
0.0000
0.0000
2.7137
1.8353
0.0000
0.0000
0.0000
0.0000
0.0000
0.2765
0.0000
0.2410
0.0000
1.5559
0.0000
0.0000
0.7596
0.0000
1.4136
1.8422
0.0000
1.4038
0.0000
0.0000
0.0000
0.0000
5.0510
0.0000
0.0000
0.0000
0.0000
0.0000
0.0000
0.0000
0.0000
0.0000
0.7454
0.0000
0.0000
0.9839
0.0000
0.0000
0.0000
0.0000
0.0000
0.0000
0.0000
2.6851
0.0000
0.0000
1.4366
2.3553
1.7802
0.0000
1.5563
0.0000
0.0000
0.0000
0.0000
0.0000
3.3029
0.0000
0.0000
2.2955
1.4777
0.0000
0.0000
0.0000
1.3878
0.0000
0.5667
0.8469
1.4572
0.0000
0.0000
0.0000
0.0000
0.0000
0.8645
0.0000
0.0000
0.0000
0.0000
1.0824
0.0000
1.2860
0.0000
0.0000
0.0000
0.4864
0.1670
0.0000
0.0000
0.0000
2.5529
1.7630
0.0000
0.0000
0.0000
0.0000
0.0000
2.4134
0.6858
0.0000
0.0000
0.5593
0.0000
2.0317
2.7706
0.6600
0.3899
0.0000
0.0000
0.0000
4.0343
0.0000
0.0000
0.0000
0.0000
0.0000
0.0000
0.0000
0.0000
0.0000
0.0000
0.0000
0.0000
0.6941
0.0000
0.0000
0.0000
1.3769
0.0000
0.0000
0.0000
0.0000
0.0000
0.5755
0.1570
2.9465
0.4067
0.0000
0.0000
0.9341
0.0000
1.0554
0.7588
0.0000
0.0000
0.0000
0.0000
0.0000
0.0000
0.0000
0.0000
0.0000
0.0000
0.0000
3.3445
0.5036
0.0000
0.0000
0.5671
0.0000
0.0000
0.0000
0.2465
0.0000
0.0000
0.0000
0.0000
0.0000
0.0000
0.0000
0.0000
0.5234
0.0000
2.0273
0.0000
0.6203
0.0000
0.4726
0.0000
0.0044
1.5822
0.0000
0.0000
0.0000
0.0000
0.8204
0.0000
0.0000
0.0000
0.0000
0.1152
0.9290
0.0000
0.5747
0.0000
0.0000
1.2903
0.0000
0.0000
0.0000
0.0000
2.6299
0.0000
1.7226
0.0000
0.8523
0.0000
2.3008
0.0000
0.3454
0.0000
0.0000
0.0000
1.5000
0.0000
0.4668
1.2586
0.0000
0.8344
0.0000
1.0164
0.0000
0.8331
0.9443
0.0000
0.0000
0.0000
0.0000
0.0000
0.0000
0.0000
0.0000
0.0000
0.1975
0.0000
0.0000
0.0000
1.6397
0.6896
1.2243
2.5189
0.0000
1.3751
0.4084
0.0000
0.0000
0.0000
0.0000
0.9118
2.1743
2.5471
1.6735
0.0000
0.0000
0.0000
2.0087
0.0000
0.0000
0.0000
0.0000
0.0000
0.0000
0.0000
0.1033
0.0000
0.0000
0.0000
0.0000
1.2708
1.3353
0.0000
1.9369
0.0000
0.0000
0.4397
0.0000
0.3488
0.0000
2.1902
0.0000
0.0000
0.0000
1.2370
0.3627
0.0000
0.0000
0.0000
0.0000
0.0000
0.0000
0.0000
0.0000
0.0000
0.0000
0.0000
0.0000
1.4600
0.9436
1.2624
0.0000
0.6099
0.6325
0.6626
0.0000
0.0000
0.4771
3.4661
0.0000
0.0000
0.0000
0.0000
0.0000
0.0000
3.0720
0.0000
0.0000
0.0000
2.1531
1.1032
0.0000
0.3523
0.0000
0.0000
4.1259
0.0000
0.0000
0.0000
1.3623
0.0000
2.7171
0.9774
0.0000
0.4412
0.0000
0.0000
0.0000
0.0000
0.0000
0.0000
0.0000
0.8786
0.0000
0.5460
0.0000
0.0000
0.2298
0.0000
0.0000
1.9698
0.0000
0.4202
0.0000
0.1606
0.0000
0.0000
0.0000
0.0000
0.0000
2.4284
0.0000
0.6443
1.7839
0.0000
0.0000
1.1812
0.6721
2.3208
0.0000
0.0000
0.0000
0.0000
0.0000
0.0000
0.0513
0.0000
0.0000
0.4781
1.0326
0.3615
0.0000
0.3874
0.0000
0.0000
2.8026
0.0000
0.0000
0.0000
0.0000
0.7373
0.0000
0.0000
0.0000
0.0000
0.0000
0.0000
0.0000
0.0000
0.7336
0.5085
0.3009
2.5362
0.0000
0.0000
0.7998
0.0958
0.0000
0.0000
0.0000
0.2295
0.0000
0.5903
0.0000
1.3254
0.0000
3.1992
5.1595
0.0000
0.6463
1.6583
0.0000
0.0000
0.0000
0.0000
0.0000
0.0000
0.0000
0.0000
0.6812
0.0000
0.0000
0.0000
0.0000
0.0000
0.0000
0.0000
0.0000
2.2017
0.0000
0.0000
2.3955
0.6750
0.0000
2.3084
0.0000
0.0000
1.1477
0.0000
0.0000
1.2076
0.0000
0.0000
0.0000
4.0600
0.0000
0.0000
0.0000
1.6235
0.0000
0.0000
2.4024
0.0000
0.0000
0.0000
0.0900
0.0000
0.9837
0.0000
0.0000
2.3018
0.0000
0.6522
0.0000
0.4389
0.7123
0.0000
0.0000
2.1768
0.2460
0.0000
0.0000
0.9906
0.0000
2.0221
0.8287
0.0000
1.6281
0.0000
0.0000
0.0000
0.0000
0.0000
1.0710
0.0000
0.0000
0.0000
0.0000
0.0000
0.0000
0.0000
2.6293
0.5096
0.0000
1.2691
0.0000
0.0000
0.0000
0.0000
0.0000
0.0000
0.8554
0.0000
0.0000
0.0000
0.0000
0.0000
0.5788
0.0096
0.0000
0.0000
0.0000
0.0000
0.7967
1.0137
0.0000
1.8396
0.0000
0.0000
0.0000
0.0000
0.3004
0.0000
3.5650
0.0000
0.7646
0.0000
0.0248
0.0000
1.4751
0.4511
0.0000
0.0000
1.1598
2.4842
0.0000
0.0000
0.0000
0.0000
0.6558
0.0000
0.0000
3.8658
0.0391
0.0000
0.0000
0.0000
4.2117
1.2399
0.2601
0.0000
0.0194
0.0000
0.0506
0.0000
0.0000
0.0000
0.0000
0.0000
0.0000
0.0000
0.0000
0.0000
0.1892
0.0000
0.5730
0.6588
0.0000
0.5262
0.1663
0.0000
0.3894
0.0000
0.0000
1.2315
0.0000
1.1175
0.0000
0.0000
0.0000
1.4220
0.0000
0.7200
0.0000
0.0000
2.8630
0.0000
0.1813
1.8546
0.0000
0.0000
0.4600
0.0000
0.0000
0.0000
0.0000
0.0000
0.0000
0.6439
0.2246
0.0000
0.0000
0.0000
0.1856
0.0516
0.0000
0.0000
0.0000
0.0000
0.7047
0.0000
0.0000
0.0000
0.0000
0.0000
2.4543
0.0000
0.6466
0.0000
0.0000
0.0000
0.0000
0.4540
0.0000
0.0000
0.0000
0.0000
4.9004
0.0000
0.0000
0.7829
0.0000
0.0000
0.0000
0.1644
0.5822
0.0000
0.0000
0.0000
0.0000
0.0000
0.0000
0.0000
0.0000
0.0000
1.9300
0.0000
0.0000
3.3518
0.0000
1.2518
0.0000
0.0000
0.0000
0.0000
0.2922
0.2511
2.3806
1.7952
0.6139
0.0000
2.3243
0.0000
0.0000
0.6604
0.0000
3.0386
0.0000
2.8039
0.0000
0.0000
0.0000
0.0000
0.0000
0.1991
0.0000
0.0000
0.0000
0.0000
0.0000
0.5053
0.7211
0.0000
0.0000
0.0000
0.0383
0.0000
0.0000
0.0000
1.6315
0.4772
0.0000
0.0000
0.0000
1.0186
0.0000
0.0000
0.0000
2.5534
1.8220
4.7416
0.0000
1.4773
3.4568
0.9437
0.0000
0.0000
0.0000
0.0000
0.0000
0.4817
0.0000
0.0000
3.8391
0.0000
0.0000
0.0000
0.7736
0.0000
0.4692
0.0000
0.6843
0.0000
0.0000
0.0000
0.8056
1.5682
1.4351
2.5500
0.0000
0.0000
1.3565
0.0000
2.5807
0.0000
0.0000
2.1714
0.1594
0.0000
0.0000
0.0000
0.0000
4.3851
0.0000
0.5771
0.0000
0.0000
0.0000
0.0000
0.0000
0.0000
0.0000
2.0591
0.0000
0.0000
0.0000
0.0000
0.0000
0.0000
0.3883
0.0000
0.0000
0.0000
0.0000
0.0000
0.0000
0.0000
0.0000
0.0000
0.3354
1.0631
0.0000
0.0000
1.1469
0.0000
0.0000
0.0000
0.8024
2.0976
2.9043
0.2619
0.0000
0.0000
1.8071
0.0000
0.0000
0.5068
0.0000
2.4953
0.0000
2.1771
0.0000
0.0000
4.0774
0.0000
0.0000
0.5477
0.0000
0.0000
0.0000
1.4540
0.0000
0.0000
0.0000
0.0000
1.5139
1.2340
0.0000
0.0000
0.9504
2.1638
0.0000
1.4167
3.9086
0.0000
0.0000
1.6668
0.0000
0.0000
0.0000
3.2069
0.0000
0.0000
1.0434
0.0000
1.5146
0.2795
0.9035
0.0000
0.0000
0.0000
0.0000
1.4036
0.5703
0.0000
0.0000
1.6615
0.0000
0.0000
0.0000
1.3387
0.0000
0.2822
0.0000
0.0000
0.0000
1.6441
0.0000
0.0000
0.0000
0.3053
0.0000
0.0000
0.0000
1.5387
1.8003
0.0000
0.0000
1.6491
0.9565
0.7092
0.0000
0.0000
0.0000
0.0000
0.6769
0.7610
0.0000
0.0000
0.4162
0.0000
0.0000
0.0000
0.7778
2.9902
0.0000
0.0000
0.0000
0.6294
3.2006
0.0000
0.0000
0.0000
0.0000
0.0000
0.0000
0.0000
0.0000
0.0000
0.2110
0.0000
1.0920
0.0000
2.6762
0.0000
0.0000
0.6293
0.0000
0.0000
0.6579
0.0000
0.0000
0.0000
0.0000
5.4603
1.5729
0.0000
0.0000
0.8596
0.0000
0.0000
0.3828
2.5254
0.1491
0.0000
1.4116
1.8937
0.9194
0.0000
0.0000
0.0000
0.0000
0.0000
0.0904
0.0000
0.0000
0.3376
6.1703
0.6559
0.8802
0.0000
0.0000
0.0000
0.0000
0.0000
0.0000
0.0000
0.0000
0.3584
0.0000
0.0000
0.0123
0.7128
0.1423
0.0000
0.0000
0.0000
0.0000
0.0000
1.8590
0.0000
0.0000
0.0000
0.9267
0.0000
0.0000
0.0000
1.2690
0.0000
1.7547
2.8709
0.0000
0.0000
0.0000
0.0000
0.0000
0.0000
0.0000
0.6302
0.0000
0.0000
0.0000
0.0000
0.0000
0.0000
0.0000
0.0000
2.4395
0.0000
1.6388
0.8567
0.0000
0.0000
0.0000
0.0000
0.0000
0.0000
0.0000
0.0000
0.0914
2.0474
0.0000
0.0000
0.0000
1.2388
1.5355
0.0902
0.0000
0.0000
0.0000
2.4895
0.0000
0.0000
0.0000
0.0000
0.0000
1.8343
0.0000
0.0000
0.0000
0.0000
0.7154
0.0000
0.0000
0.0000
0.0000
0.0000
0.0000
0.0000
0.0000
0.6394
0.0566
0.0000
1.7202
0.0000
0.0000
2.6808
0.2109
0.5263
3.6289
0.0000
0.0000
0.0000
0.0000
0.0000
0.4181
0.0000
0.0000
0.0000
0.0478
0.0000
0.0000
0.0000
0.0000
1.2451
0.4303
2.9876
0.0000
3.4462
0.0000
0.0000
0.8774
1.3470
3.2471
0.0000
0.0000
0.0000
0.0000
1.4112
0.7649
0.0000
2.2028
0.0000
0.0000
1.5046
0.0000
0.0000
2.1827
0.0000
0.0000
3.7239
0.0000
1.3196
0.0000
0.0000
0.0000
0.0000
4.4510
0.0000
0.0000
0.0000
0.0000
0.0000
1.1941
0.4065
0.0000
2.0941
0.0000
0.0000
0.0000
1.0441
0.0000
0.0000
1.2241
0.0000
0.0000
0.0000
0.0000
0.0000
0.4012
0.7286
0.0000
0.0000
0.0000
0.0000
2.9108
0.8615
0.0060
0.0000
0.0000
0.0000
0.5993
0.0000
0.0000
0.0000
3.5227
0.0000
0.0000
0.8624
0.0000
0.0000
1.2282
0.0587
0.0000
0.0000
0.0000
0.0000
0.0000
0.0000
1.0152
0.0000
0.2073
0.0972
0.7400
1.6132
0.0000
0.0000
0.0000
0.0000
0.0000
2.0024
0.0000
0.0000
0.0000
0.0000
0.0000
0.0000
0.0000
0.0000
0.0000
0.0000
0.0000
0.0000
0.0000
0.0000
0.4383
0.0000
0.0000
0.0000
0.0000
0.6150
0.0000
2.3226
0.0000
5.2041
0.0000
1.6828
0.4837
2.2054
0.0000
0.0000
0.0000
0.0000
0.0000
0.0000
0.0000
0.0000
0.5874
0.0000
0.0000
0.0000
0.0000
0.0000
0.0000
0.0000
0.0000
0.0000
0.8471
0.0000
0.0000
0.0000
1.2476
0.0000
0.0000
0.0000
3.6799
0.0000
0.5505
0.0000
0.5564
0.0000
0.0000
0.0000
0.0000
0.0000
0.0000
0.0000
0.0000
0.6638
0.2376
0.0000
0.0000
0.0000
0.0000
0.8651
0.0000
0.0000
0.7606
0.4521
0.0000
0.0000
0.5027
0.0000
1.6602
1.5401
0.0000
0.0000
0.0000
0.0000
0.0000
0.0000
0.0000
0.2811
0.6314
0.0000
3.4322
0.0000
0.0000
0.0000
0.0000
0.0000
0.0000
0.0000
0.0000
1.6401
0.1627
0.0000
0.0000
0.0000
0.0000
0.9446
1.7486
0.0000
0.5130
0.2668
0.2835
0.0000
1.2994
0.4350
1.0873
0.0000
0.0000
0.0000
0.0000
0.1354
0.0000
3.8995
0.1564
0.0000
1.1980
0.0000
0.0338
0.0000
0.0000
0.0000
0.7459
0.0000
0.5488
0.0000
0.0000
0.0000
0.0000
0.0000
0.1707
0.0000
0.0000
0.9707
2.5007
0.0000
0.5579
0.0000
0.4912
0.0000
0.5462
1.1113
0.0000
0.4791
1.3176
0.0000
0.0000
0.0000
0.0000
0.0000
0.0000
0.0000
0.0000
0.0000
1.9596
1.2861
0.0000
0.0000
0.0000
0.8752
0.0000
0.0000
0.0000
0.0000
0.5161
0.0000
0.0000
0.0000
0.0000
0.0000
2.9518
0.0000
0.0000
0.0000
0.0000
0.0000
1.0467
0.2209
0.0000
0.0000
0.0000
1.1891
0.2047
0.0000
0.0226
0.0000
0.0000
0.0000
0.0000
0.0000
0.0000
0.0000
0.0000
0.0000
0.0000
0.0000
0.0000
0.0000
0.0000
0.0000
0.0000
0.0000
0.8406
0.0000
0.0000
0.0000
0.0000
1.1642
0.0000
2.6118
0.0000
0.0000
0.0000
0.0000
0.0000
0.0000
0.0000
0.7035
0.0806
0.0000
0.0000
0.0000
0.1880
0.0000
0.0000
1.0093
0.0000
0.4280
0.0000
0.0000
1.2347
0.0008
0.0000
1.3769
0.0000
0.0000
0.0000
0.0000
1.5178
0.0137
0.0000
0.0000
2.2785
2.1051
1.3485
0.0000
0.0000
0.1454
0.6013
0.0000
0.0000
0.0000
2.9264
0.0000
3.0960
0.0000
0.0000
0.1479
0.6722
0.0000
1.9233
0.0000
2.9109
0.9228
0.0000
0.0000
1.6504
0.0000
0.7228
0.0203
0.0000
0.0000
0.0000
0.0000
0.0000
1.8420
0.0000
0.0000
1.6052
0.3306
0.0000
0.0000
0.0000
3.3862
1.2559
0.0000
0.0000
0.0000
0.0000
0.0000
0.0000
4.8793
0.4997
0.0000
0.0000
0.0000
0.0000
0.9704
1.5037
0.4280
2.3693
0.0000
0.0000
0.0000
0.0000
0.8854
3.3446
0.0000
0.0000
0.0000
0.0000
2.6279
2.8122
0.0000
0.0000
0.0000
0.0000
0.0000
3.2266
0.0000
0.0000
3.0303
0.0000
0.0000
0.0000
0.0000
0.9180
0.5818
0.9196
0.0000
0.0000
0.0000
0.6600
1.6217
0.0000
0.2763
0.0000
0.0000
0.0000
0.0000
3.7804
0.0000
1.6122
0.0000
0.0000
2.5818
0.0000
0.0000
0.0000
0.0000
0.0000
0.0000
4.2497
0.0000
0.0000
0.0000
0.0000
0.0000
0.0000
0.0000
0.0000
0.2708
0.0000
0.2819
0.0000
1.2611
0.0000
0.0000
1.9155
4.1737
0.0000
0.0000
0.0000
0.0000
0.4325
0.0000
0.0000
0.0000
0.0000
0.0000
2.6102
0.0000
0.7358
0.7352
0.0000
0.0000
1.0484
0.0000
0.0000
1.0830
2.0237
0.0000
0.0000
0.0000
0.0000
0.0000
0.0000
0.0000
3.8677
0.0000
2.0683
0.0000
0.0000
0.0000
0.0000
0.4931
0.1845
0.0000
1.1012
0.2853
0.0000
0.0000
0.0000
0.0000
2.7198
0.0000
1.0888
1.7633
0.2241
0.0000
0.0000
0.0000
0.0000
0.0000
0.0000
2.2198
0.0000
0.0000
0.5893
0.0000
0.4383
0.0000
0.0000
0.0000
0.0000
0.0000
1.8829
3.7366
0.8174
0.7510
0.7717
0.0000
4.0073
0.0000
0.0000
0.0000
0.0000
0.2049
0.0000
0.8079
0.0000
0.0000
0.4130
0.0000
0.0000
0.0000
0.0000
0.0000
0.0000
0.0000
0.0000
0.9090
0.0000
0.0000
0.0000
3.7262
0.0000
0.0000
0.0000
0.0000
0.6439
2.4625
0.0000
0.0000
0.0000
0.0000
0.0000
0.0000
2.4794
0.4702
4.3119
0.0000
0.3941
0.0000
1.0751
0.8538
0.0000
1.0031
0.0000
0.0000
0.0000
1.7756
0.8116
0.6871
0.0000
0.0000
0.0534
0.4943
2.8860
0.0000
0.0000
0.0000
0.0000
0.0000
0.0000
0.0000
0.0000
1.9887
0.0000
0.0000
2.0942
1.9706
0.2521
0.0000
0.0000
0.0000
1.9777
0.0000
0.0000
0.0000
0.0000
0.0000
1.5910
1.3128
0.0000
0.0000
0.8433
1.4359
2.3747
1.4610
0.0000
0.0000
0.7936
0.0000
1.4206
0.0000
1.0550
0.0000
0.0000
0.0000
0.9351
2.5856
0.0000
0.0000
0.2750
0.8222
0.0000
0.0000
2.3580
0.1433
0.0000
0.0000
1.7750
2.3654
0.0000
0.0000
0.0000
2.5916
0.0000
2.3425
0.0585
0.0000
0.2742
0.0000
0.0000
0.0000
0.0000
0.0000
1.2239
0.0000
0.0000
0.0000
0.9826
1.7767
0.0000
1.3032
0.0000
0.0000
0.0000
0.0000
0.2432
0.1894
0.0000
0.0000
0.1609
0.8748
0.0000
2.2926
0.0000
0.0000
0.0000
0.0000
0.0000
1.3298
0.0000
0.0000
0.0000
0.0000
0.0000
0.0000
1.1130
0.0000
0.8961
0.0000
0.0000
0.0000
0.0000
0.0000
0.6636
0.5874
0.1227
1.8136
0.2509
0.0000
0.0000
0.0000
0.0000
0.2704
0.0000
0.0000
0.0000
0.5452
0.5909
0.5033
0.0000
2.3106
0.4705
0.0000
1.3006
0.0000
0.0000
0.0000
3.6371
0.0000
0.0000
0.0000
0.0000
0.0000
0.0000
1.0853
0.0000
0.0000
0.0000
0.0000
1.6359
0.0000
0.0000
0.0000
0.7362
1.0508
0.0000
0.0000
0.0000
0.0000
1.4243
0.0000
0.0000
0.0000
0.0000
0.0000
4.1252
0.0000
0.0000
2.2520
0.7252
0.0000
0.2444
0.0000
2.2626
0.0000
0.3185
1.5213
0.0000
0.0000
1.7747
2.1982
0.0000
0.0000
2.1139
0.0000
0.2363
0.0000
0.0000
0.6260
0.0000
0.0000
0.0000
0.0000
2.2388
0.0000
0.0000
0.0000
0.0000
0.0000
0.0000
0.0000
0.0000
0.7386
1.9536
0.0000
0.0000
0.0000
0.0000
0.0000
1.5675
0.0000
0.0000
0.0000
0.0000
0.0000
0.0000
0.0000
0.0000
0.0000
0.0000
0.0000
0.0000
0.0431
0.0000
0.0000
0.0000
0.9191
0.0000
0.2045
0.0000
0.0000
0.0000
0.9102
0.0000
0.0000
0.0000
0.0000
0.0000
0.0000
1.5333
0.0000
0.0000
0.0000
0.0000
0.8063
1.2580
0.1183
0.0000
0.0000
0.0000
1.9192
0.0000
0.0000
0.0000
3.1436
2.1348
0.0000
0.0000
0.0000
0.0000
0.0000
0.0000
0.0000
4.1320
0.1098
0.0000
1.4134
5.0143
0.0000
0.1935
0.0000
0.0000
0.0000
0.0000
2.7635
0.0000
0.0000
0.0000
0.0000
0.6693
0.0000
0.0000
1.0924
0.0000
0.0000
0.0000
1.0328
0.1732
0.0000
0.0000
0.0000
0.0000
0.0000
3.2886
0.0000
2.6425
0.0000
0.5989
2.7457
0.0000
0.4179
0.0000
2.7929
0.5276
0.0000
1.1627
0.0000
0.1973
0.3526
0.0000
0.0000
0.0000
0.7240
0.0000
0.0000
0.0000
1.3620
0.0000
0.0000
2.7503
0.0000
0.0000
0.0000
1.0990
1.3530
0.0000
0.0000
0.0000
0.0000
0.1650
1.0873
0.0000
0.0000
2.6195
0.0000
0.0000
0.4464
0.0000
3.6976
0.0000
3.0518
0.0000
1.4697
0.0000
0.0000
0.0000
0.0000
0.0000
0.0000
0.0000
0.5231
3.5011
1.7410
4.1068
0.1128
0.0000
0.7523
0.0000
0.0000
0.0000
0.0000
0.0000
2.4034
0.0000
0.0000
3.2197
0.0000
0.0000
0.0000
2.5045
1.6653
0.6371
0.0949
0.0000
0.0000
1.4646
0.1384
2.0824
0.0599
0.0000
0.0000
0.5127
0.3497
0.8531
0.0000
0.0000
0.6477
0.0000
0.0000
0.0379
2.2620
0.0000
0.0000
0.0000
0.0000
0.3252
1.2870
0.0000
0.4627
0.0000
0.0000
0.0000
0.7781
2.8665
0.0000
0.0000
0.7649
4.2680
0.0000
0.7122
0.0000
0.0000
0.2190
0.0000
0.3519
0.0000
0.0000
0.7836
0.0000
3.9517
0.0000
0.0000
0.7496
0.0000
0.2414
0.1705
1.4915
0.7720
0.0000
0.0000
1.9208
0.9977
0.0000
0.0000
0.0000
0.0137
0.0000
0.0000
0.0000
0.0000
0.7108
1.6520
0.0000
0.0000
0.0000
0.0000
0.0000
4.0923
0.0000
0.3688
0.0000
0.3472
0.0000
0.0000
0.0000
0.0000
1.6578
0.0000
0.6807
0.0000
0.1799
3.1539
1.5224
0.0000
0.0000
0.0000
2.0555
0.0000
0.0000
0.0000
0.0000
0.0000
0.0000
0.0000
0.0000
0.0000
1.9023
0.0000
0.0000
0.0000
0.0000
0.0000
0.0000
0.0000
0.2617
0.6206
0.0000
0.0000
1.6941
0.9122
0.6862
0.0000
1.9711
0.6731
0.0000
0.0000
2.2760
0.0000
0.0000
0.0000
0.0538
0.0000
0.0000
4.3501
1.1214
0.0000
1.9580
0.2706
0.9644
1.6462
0.0000
2.4678
1.4111
0.0000
0.0000
0.0000
0.0000
0.0000
0.0000
1.2157
1.7097
1.0863
0.0000
0.0000
0.0424
0.0000
0.0000
2.0522
0.0000
0.5478
0.0000
0.0000
0.6214
0.0000
