0.0000
0.0000
1.8089
0.0000
0.0000
0.0000
0.0000
0.1319
0.0000
2.4216
0.0000
0.0000
0.4065
0.0000
0.0000
0.0000
0.0000
0.0000
0.0000
0.0000
0.0000
0.0000
2.2910
1.3639
1.8910
2.2503
0.0000
3.3502
0.0000
0.0000
0.1473
0.0000
1.8578
0.0000
1.4426
0.0000
0.0000
0.1994
1.7767
0.9169
0.0000
0.0069
0.0000
0.0000
0.0000
1.1127
0.0000
0.0000
1.3922
1.6544
0.0000
0.0000
0.0000
0.5487
0.0000
0.0000
1.1326
0.7537
0.0000
0.0000
0.0000
1.9478
0.0000
1.5660
0.0000
0.0000
0.0000
0.0000
0.0000
0.1452
1.1589
2.7477
0.0000
0.0000
0.1750
1.6462
0.0000
0.0000
0.6974
1.1055
0.5016
0.0000
0.0000
0.0000
0.0000
0.0000
0.8928
1.8400
1.5323
0.0000
1.3390
0.0000
1.6689
1.1571
0.0000
0.0000
0.0000
0.0000
1.7869
0.0000
0.0000
0.0000
0.0000
0.0000
1.3181
0.0000
0.9226
0.0000
1.4173
3.2946
0.0234
0.0000
1.2490
0.0000
0.0000
0.0000
1.6484
0.0000
0.0000
0.0000
1.8875
0.7698
1.5955
1.3658
0.0000
0.0000
0.0000
0.2164
0.8715
0.4550
0.0000
0.0000
0.6961
0.0000
3.6569
0.0000
2.4991
2.4966
0.0000
2.3804
3.7602
0.0000
1.0233
1.3484
2.2887
0.0000
0.3322
0.5929
0.6414
0.0000
1.6730
1.1352
1.0201
0.0000
0.0000
0.3354
0.0000
1.6035
0.4696
0.0000
1.5094
0.2066
0.4416
0.0000
0.0000
0.0000
0.0000
0.0000
0.0000
2.2066
0.0000
0.0000
0.0000
0.0000
0.0000
0.0000
0.0000
0.6890
0.0000
4.5846
1.5793
2.5644
0.2033
0.0000
0.0000
0.0000
0.8225
0.0000
2.2626
2.4013
0.0000
0.0000
0.0000
0.1372
0.0000
0.0000
0.0000
0.8439
2.0835
3.3417
0.0000
0.7630
1.2050
0.0000
0.2291
0.0000
0.0000
1.1290
0.0000
0.0000
0.0000
0.0000
0.0000
0.4219
0.0000
0.0000
0.0000
0.0000
0.0000
0.6717
0.6769
0.0000
0.0000
0.0000
1.2674
0.0000
0.0000
1.8558
0.0522
0.1086
0.3124
0.7011
0.0000
0.0000
0.8028
0.0000
2.5618
0.0000
1.2965
0.0000
0.0000
0.0000
1.2368
0.0000
0.0000
0.0000
0.0000
0.0000
0.0000
0.0000
0.0115
0.0000
0.1751
0.7629
0.0000
0.5191
0.0000
0.0000
2.1922
0.0000
0.0000
0.2939
0.0000
0.5791
0.0000
0.0000
1.2639
0.4762
0.0000
0.4233
1.2148
0.9518
0.0000
1.3711
0.0000
0.0000
0.3282
1.9649
0.8596
0.0000
1.2625
0.0000
0.0000
0.0083
0.6785
0.0000
0.0000
0.0000
0.0000
0.0000
0.0000
0.0000
0.0000
0.0000
2.5676
0.0337
0.2512
1.6606
0.0000
3.2304
0.0000
0.0000
0.0000
0.0000
1.8046
0.0000
0.7148
0.0000
0.0000
0.0000
0.0000
1.0105
0.0000
1.7592
1.2550
0.0000
0.0000
0.0000
0.3354
3.0632
0.6374
2.1377
1.1441
0.0000
0.0000
2.7717
0.0000
1.5865
0.0000
0.3045
0.0000
0.0000
0.0000
0.0000
0.0000
1.0010
0.9749
0.0456
0.0000
2.7041
0.0000
0.0000
0.0000
0.8380
0.0000
5.0385
0.0000
0.0000
0.0000
0.0000
0.0000
2.4515
0.0449
0.0000
0.9365
1.1420
1.4230
0.0057
0.6310
0.0000
0.0000
0.0000
0.0000
0.0000
0.0000
0.3010
0.0000
1.2913
0.1740
0.0000
0.0000
0.6331
0.0000
0.0000
0.9867
0.0000
0.0000
2.0311
0.0000
0.0000
4.0689
0.0000
1.3326
0.0000
0.0000
0.0000
1.7287
0.0000
0.0000
0.0000
2.6473
0.0000
0.0000
0.0000
0.3934
1.6436
0.1569
0.1841
0.0000
0.0000
0.0000
2.1042
0.0000
0.0000
0.0000
0.0000
0.0000
0.0000
2.8690
0.0000
0.0000
0.0000
0.0000
1.3479
0.3254
1.1775
0.0000
0.0000
1.1601
0.0000
1.3087
0.0729
0.6976
0.0000
0.0000
0.0000
0.1671
1.6487
0.0000
0.2259
0.0000
0.0000
0.0000
0.0000
0.0000
0.0000
1.5851
0.0000
2.0457
0.0594
2.1830
1.0591
0.7014
0.0000
1.6052
1.6627
0.5163
0.0000
2.0920
2.1060
1.6064
0.0000
0.0000
0.2963
0.0000
1.5673
0.0000
0.5082
0.8298
0.0000
0.0000
0.0000
0.6665
0.0000
0.4344
0.0000
0.0000
0.0000
0.0000
0.0000
0.0000
1.1978
0.0000
0.0000
0.0000
1.2597
1.2871
0.0000
0.0000
0.0000
0.0000
0.0000
0.2200
2.0838
0.0000
0.3502
0.0000
0.8103
0.0000
1.2778
0.0000
0.0000
0.0000
0.4496
1.5671
1.4750
0.0000
0.0000
1.1176
0.1513
0.0000
0.0000
4.0421
0.5244
0.1415
0.0000
0.0000
0.0000
0.8660
1.0160
1.6592
2.4872
0.0000
1.3484
1.4388
1.2489
0.0000
0.5567
3.2232
0.0000
1.6713
2.5248
0.0000
0.6896
1.1093
0.0000
2.2042
0.0000
0.0000
0.0000
0.8094
0.0000
0.4009
0.0000
0.0000
2.4561
0.0000
0.4668
0.2102
0.0000
0.0000
1.1610
0.0000
0.0000
0.0000
0.0000
0.0000
0.0000
0.0000
0.0000
0.0000
2.2408
0.0000
0.7460
0.6745
0.0000
0.4815
0.0000
0.0000
0.0000
0.0772
0.2934
0.0000
0.0000
0.0000
1.3990
0.0000
0.0000
0.3254
0.0000
0.0000
0.0000
0.0000
0.0000
0.0000
0.0000
0.0028
1.6909
0.0000
0.0000
0.0000
0.0000
0.0000
0.0000
0.0000
0.0000
0.0000
2.2076
1.2836
0.2436
0.7122
0.0000
0.0000
0.0000
0.0000
0.0000
0.0000
0.0000
1.4341
0.0000
0.0000
2.1751
0.0000
0.0000
0.0000
0.4145
1.9289
0.0000
1.9887
0.4382
0.3948
0.0000
0.0000
4.0195
0.5543
3.3186
2.0152
0.0000
1.3606
0.0000
0.9877
0.0000
0.0000
0.3510
0.0000
0.0000
0.0000
1.3366
0.0000
0.0000
0.0000
0.0000
0.0000
0.0883
0.1497
1.1894
0.0000
1.9146
0.0000
0.0000
0.5349
0.2211
0.0000
0.0000
0.0000
0.0000
0.0000
0.0000
1.8965
0.0000
0.4470
0.0000
1.6881
0.0000
0.0000
0.0000
0.0000
0.0000
0.0000
0.9504
0.0000
0.6654
1.6060
0.0000
0.0000
0.0000
0.6632
0.0000
0.0000
0.0000
1.1484
0.0000
0.0000
0.0000
0.0000
0.5057
0.7313
0.0000
0.0000
0.0000
0.0000
0.6598
0.0000
0.0000
0.0000
0.0000
0.0000
0.8028
0.0000
2.1337
0.3409
0.0000
2.6866
0.0000
0.0000
0.0000
0.0000
0.0000
0.0415
0.0000
1.9486
0.0995
1.2013
0.0000
0.0000
0.0000
0.0000
0.0000
0.0000
2.6667
0.0000
2.0825
0.0000
0.0000
0.0000
0.0000
0.0000
0.7808
0.0000
0.0000
0.0000
0.0000
0.9770
1.0418
0.0000
0.0000
1.0320
0.0000
0.2709
1.7115
0.0000
0.0690
1.2941
0.1704
0.0000
0.0000
0.0000
1.3133
0.0158
2.3894
0.5081
0.2156
0.0000
3.1365
0.0000
0.0000
0.3299
0.6206
0.9683
0.0000
0.0000
0.0000
0.0000
0.0000
0.8920
0.0000
0.0000
0.0000
0.0826
0.0000
0.5323
0.0000
0.9504
0.0000
0.0000
0.7945
0.0000
0.2179
0.0000
0.0000
1.2242
0.1487
0.0000
0.0377
0.0000
0.0968
0.0000
0.0000
0.6043
0.6412
0.0000
0.0000
0.0000
0.0000
0.0000
0.0000
0.0000
0.1883
0.0000
0.0000
0.0000
0.0000
2.1167
0.5634
0.0000
0.1000
0.0000
0.0000
0.1699
0.0000
0.0000
0.0000
2.2206
0.0000
0.0000
0.0000
0.0000
0.0000
0.0000
0.0000
0.0000
0.0000
0.0000
1.3021
0.0000
0.0000
0.0000
0.0000
0.0000
0.5138
1.7139
0.0000
0.4872
0.0000
0.0680
0.0000
0.0000
0.0000
0.0000
0.0000
1.4390
0.0000
0.0000
0.0000
0.0000
0.0000
1.4214
0.4262
0.0000
0.0000
0.0000
0.0000
0.0000
0.0000
0.0000
0.0000
0.0000
0.0000
0.9477
0.0000
0.0000
1.0231
0.0000
0.0000
0.0000
0.0000
0.0000
0.0000
0.4348
0.0000
0.1747
0.0000
0.0000
2.8617
0.4936
0.0000
2.0895
0.5761
0.0000
0.0000
0.6785
0.0000
2.3141
0.0000
0.0766
0.0000
0.0000
2.0204
0.0000
0.2944
0.0000
0.0000
0.0000
0.0000
0.0000
0.0000
0.0000
0.0000
0.0000
0.0000
0.0000
0.0000
1.7971
0.0000
1.3027
0.0000
0.8630
1.2708
0.0000
0.0000
0.0000
0.0000
0.0000
0.0000
0.0000
0.0000
0.0000
0.0000
0.0000
0.0000
0.0000
0.0000
3.3985
0.0000
0.0000
2.0455
0.0000
0.0000
0.0000
0.0000
0.0000
0.0000
0.2463
0.0000
0.0000
0.0000
0.4843
0.0000
0.0000
0.0000
0.0000
0.0000
0.0000
1.2821
0.0389
0.0281
0.0000
0.6581
0.0000
0.0000
0.0000
0.0000
0.0000
0.0000
1.3585
2.6555
0.0000
0.0000
0.0000
3.9561
0.0000
0.9684
0.0000
0.0000
0.0000
0.0000
2.1824
0.0000
0.0000
1.9056
0.0000
0.0000
0.0000
0.5665
0.4870
0.0000
0.0000
0.8993
0.3225
0.0000
0.0000
0.0000
0.0000
0.0000
0.0000
0.0000
0.3726
0.0000
0.3299
0.0000
0.0000
0.0514
0.0000
0.7728
1.0372
1.0095
1.5147
0.0000
0.0000
0.0000
0.7779
0.0000
0.0000
0.0000
0.0000
0.1913
0.0000
0.0000
0.0131
3.8443
0.5321
0.0000
0.0000
0.1474
0.0000
1.9096
0.0000
0.0000
0.0000
3.6258
0.0000
0.0000
0.0000
2.9234
0.0000
0.0000
0.3960
1.7985
0.0000
1.5619
0.0000
1.4517
0.0000
0.0000
0.2217
0.0000
1.3106
0.0000
0.0000
2.6720
0.0000
0.0000
1.5109
1.7488
1.1091
0.0000
1.2670
0.0000
0.0000
0.0000
0.0828
2.0878
0.0000
0.0000
0.0000
0.0000
0.0000
0.0000
0.0000
0.0000
1.6180
0.0000
0.0000
0.0000
0.0000
0.0000
0.0000
0.0000
0.0000
0.0000
2.5357
0.0000
2.7242
0.0000
0.0000
0.9099
0.9413
0.1425
0.0000
0.5391
0.4302
0.0000
0.0000
0.0000
0.0000
0.1514
0.0000
0.0000
0.0000
0.0000
0.0000
0.0000
0.0000
0.0000
0.0000
0.0000
0.0000
0.0000
0.0000
0.0000
0.0142
0.5175
0.0000
0.0000
2.9602
0.0000
0.0000
0.5703
0.0000
0.0000
0.0000
1.4836
0.0000
0.5385
1.6711
0.0000
0.0000
0.0184
0.0000
0.2969
0.0000
0.0000
0.9922
0.2580
0.8055
0.0000
0.0080
0.0000
0.0000
0.9092
0.0000
0.7783
0.0000
0.0000
1.2923
0.0000
0.6871
0.0000
0.0000
0.0000
0.0000
1.3210
0.0000
0.0000
0.0000
0.0000
0.0000
0.0000
0.0000
0.2550
0.4219
0.0000
0.0000
0.1299
0.0000
1.1931
3.0044
0.0000
0.0000
0.0000
0.0000
0.6963
0.4893
0.7312
0.0000
0.0000
0.9934
0.0000
0.0000
0.0000
0.0000
1.3547
0.0000
0.0000
0.0000
0.0000
2.5951
0.0000
0.8113
0.2792
3.3927
0.0000
0.0000
1.3373
2.3449
0.0000
0.0000
1.4085
0.0000
0.0000
0.0000
0.6709
0.0000
0.0000
0.0000
0.6731
0.0000
0.0000
1.6160
0.0000
0.8574
0.0000
0.0000
0.0000
1.2360
0.0000
0.0000
0.0000
0.0000
0.0000
1.7708
2.4470
0.0000
0.0000
0.0000
0.0000
4.2242
0.0000
0.0000
0.0000
2.5375
0.3077
1.1296
0.0000
1.9581
0.0000
0.0000
0.0000
0.3686
0.0000
0.0000
0.0000
0.4924
3.7510
0.0000
0.0000
0.0000
0.0000
0.0000
0.0000
0.0000
0.0000
0.0000
0.0000
0.0000
0.0000
2.0662
0.0000
0.0000
0.0000
0.0000
0.0000
0.0000
1.1055
0.9540
0.0000
0.0000
0.0000
2.2780
0.0000
0.0000
0.0000
2.6380
0.0891
0.0000
0.0000
0.0000
2.2429
1.1392
0.0000
0.0000
0.0000
0.0000
0.2179
0.0000
0.0000
0.0000
0.0000
0.0000
0.0000
0.0000
1.6158
3.6568
0.0000
1.2643
0.0000
0.6110
0.0000
1.1737
0.9685
0.0000
0.0000
0.9135
0.0000
0.0000
0.0000
1.4266
0.0000
0.0000
0.0000
0.0000
0.8901
0.0000
0.0000
0.0000
1.5352
0.5745
0.0000
0.0000
0.0000
0.0000
0.0000
1.9276
0.2345
0.0000
2.5357
0.0000
0.0000
0.0000
0.0000
0.0000
0.0000
0.0000
0.7160
1.1025
0.0207
0.0000
0.0000
0.0000
0.0000
0.1216
0.8617
0.0000
0.0000
0.0446
0.1981
0.0000
0.6319
0.0548
0.0000
0.0000
0.0000
0.0000
0.3074
1.2324
1.1825
0.0000
0.0000
0.0000
0.0000
0.0000
0.0000
0.0318
0.0000
0.0000
0.0000
0.0000
0.0000
0.0000
0.0000
0.0000
0.0000
0.0000
0.0000
0.0000
0.1982
0.0000
0.0000
0.0000
0.6279
0.0000
0.0000
2.5975
0.8416
0.4182
0.0000
0.0000
0.0000
2.0046
2.0780
0.0000
1.2335
0.0000
0.0000
0.0000
0.0000
0.0000
0.2661
0.3932
0.1031
0.0000
0.0000
0.7706
1.9890
1.9046
0.1853
0.0781
1.0323
0.0000
0.0402
2.1200
0.0000
2.8423
0.3454
0.0000
0.8680
0.3494
0.8423
1.3032
4.5579
0.0000
0.0000
0.0000
0.0000
0.0000
0.5216
0.0787
0.8321
0.0000
0.5816
0.0000
0.0000
0.4906
0.0000
0.0000
0.0000
0.0000
1.6384
0.7143
1.6906
0.0000
0.1134
0.0000
0.0000
0.5568
0.9982
0.0000
4.3754
0.0000
0.0000
0.3072
0.5767
0.0000
0.7222
0.0000
0.2384
0.0000
0.0000
1.0406
0.0000
0.0000
0.0000
0.0000
0.0000
0.8122
0.0000
0.4584
1.4525
0.0000
1.5040
0.0000
0.0000
0.0000
0.0000
0.0000
0.9152
0.0000
0.9280
0.0000
0.0000
0.0000
0.0000
2.0594
1.6700
0.0000
0.0000
0.0000
0.0457
0.0000
0.0000
0.0000
0.0000
0.0000
0.0000
1.0109
0.0000
1.2829
0.0000
1.5780
0.0000
0.0000
0.0000
0.6313
0.0000
0.0000
2.8371
4.3625
2.9370
0.0000
0.6502
0.0000
0.0000
0.0000
0.2403
0.0000
0.6296
0.0000
0.0000
0.0000
0.0000
0.0000
0.0000
0.6775
1.5930
0.0000
0.6209
0.0000
0.0000
0.0000
0.0000
0.0000
0.0000
2.6537
0.5671
2.4564
0.6478
0.1481
0.0000
0.8157
1.7775
0.2301
1.7969
1.1224
0.0000
0.0000
1.4921
0.0000
0.0000
1.0510
0.0000
0.0000
0.2343
0.0000
0.0000
0.0000
0.0000
0.0000
1.2447
1.8022
1.2328
0.0000
0.0000
0.0000
0.0000
0.0000
0.0000
0.0000
0.0000
0.0000
0.0000
0.0000
2.4707
0.3497
0.0000
0.0000
0.0000
0.3085
0.0000
0.0000
0.0000
0.3921
1.5963
0.0000
1.0855
0.0000
0.0000
0.0000
0.9157
0.6716
2.2174
0.0000
0.0000
0.0000
0.1029
0.0000
2.9723
1.0340
0.0000
0.0000
0.0000
0.0000
0.0000
0.0000
0.0000
0.0000
0.0000
0.1992
0.0000
0.0000
0.0000
0.5877
0.3638
0.8124
0.7148
1.9010
0.0000
0.0000
0.0000
0.0000
2.1455
0.0000
0.0000
0.7857
2.3003
0.0000
2.5394
0.0000
0.0000
0.2495
0.0000
0.0000
0.0000
0.0000
0.0000
0.0000
2.3869
0.0000
0.6803
2.2176
2.5373
1.7474
0.0000
2.0519
0.0000
0.0000
0.0000
0.0000
0.7577
0.0000
0.0348
0.0000
1.0801
1.9350
0.0000
1.1671
0.2564
0.0000
0.0000
0.0000
1.3623
0.0000
0.0000
0.0000
0.0000
0.0000
0.0000
0.8598
0.0000
1.5513
0.0000
2.4462
0.0000
0.0000
0.2499
0.7457
0.0000
0.1307
0.7983
2.7102
1.1812
1.9748
0.0000
0.0000
0.0000
1.4279
1.5164
1.3086
0.0000
0.0000
0.0000
0.0000
0.9048
0.6417
0.0000
0.5945
0.0000
2.0757
2.2740
0.0000
0.0000
0.0000
0.4561
0.0000
0.0000
0.0000
0.0000
0.0000
0.0000
0.0000
0.0000
0.0000
0.0000
0.0000
0.0000
0.0000
0.0000
0.2692
0.0000
1.4426
0.0000
0.0000
0.0000
0.0000
1.5686
0.0000
0.0000
0.0000
0.0000
0.0000
2.7824
0.0000
0.0000
0.0000
0.0000
0.0000
1.5671
0.7340
0.8948
0.0000
1.5855
0.0000
0.9064
0.0000
1.0655
0.4904
0.7129
2.8298
0.1877
0.0000
0.0000
0.0000
0.0000
0.0000
0.0000
0.0000
2.6309
0.0000
2.1921
0.2841
0.6482
0.0000
0.0000
0.0000
0.0000
0.0000
0.6731
0.3930
3.1211
3.5105
0.0000
0.0000
0.0000
0.8914
0.0000
0.8538
2.1552
1.1531
0.0000
0.0000
0.0000
0.6007
1.4860
0.0000
2.2774
1.2280
1.1911
2.2750
0.0000
0.0000
0.0000
0.0000
0.0000
1.6057
2.2221
3.2986
0.0000
0.0000
2.3134
0.0000
1.3329
0.0000
0.0000
0.0000
0.0000
0.0432
0.0000
0.1529
0.3091
0.3962
0.0000
1.8018
0.0000
1.3141
0.0000
0.3739
0.0893
0.2892
0.0000
0.0000
0.0000
1.1347
0.7577
0.0000
1.9433
2.1187
0.0000
0.3225
3.3589
0.0000
0.0000
0.9035
0.0000
0.2951
0.0000
0.0000
0.8050
1.2889
0.4733
0.0000
0.3540
0.0000
1.3179
0.0000
0.0000
0.0000
0.0000
2.9425
0.0000
2.8523
0.7873
1.3247
0.0000
0.0000
0.0000
0.0000
0.0000
0.0000
1.2100
0.0000
0.0000
0.0000
0.0000
0.0000
0.0000
1.2925
0.0000
0.8031
0.0000
0.0000
0.0000
0.0000
0.0000
0.5097
0.8762
0.0000
0.7860
0.0000
0.0000
0.0000
0.9529
1.0411
0.1939
0.0000
0.0000
0.0000
1.1063
0.0000
1.2542
0.0000
0.0000
0.0000
1.1577
0.0000
0.2550
0.0000
0.0000
0.3509
0.0000
1.3367
0.0000
1.5171
0.0000
1.4907
0.0000
0.0000
0.0000
0.0000
0.0000
0.0000
0.0000
0.5302
0.6034
0.0000
0.0000
0.0000
0.0000
0.0000
1.3782
0.0000
0.0000
0.0000
0.0000
0.0000
0.0000
2.1850
1.8673
0.0000
0.0000
0.0000
2.1897
0.0000
1.0285
0.0000
0.0000
0.0000
1.0149
0.0000
0.0000
0.8260
0.0000
1.8817
0.3577
0.0000
1.1248
0.7468
0.0000
0.0000
0.0000
3.6034
0.0000
0.6789
0.7350
0.0000
0.0000
0.0000
0.0000
1.0789
0.0000
0.8588
0.0000
0.0000
2.2131
0.0000
0.0000
0.0000
0.0000
0.0000
0.0000
0.0000
2.0161
0.0000
0.0000
0.6603
3.0658
1.6954
0.0000
0.4820
0.0000
0.0805
0.0000
0.0000
0.0000
3.0827
0.0000
0.0000
3.8018
3.0423
0.0000
0.0000
0.4750
1.6344
1.4910
0.0000
0.0000
1.9052
0.3710
0.0000
0.0000
0.0000
0.1073
0.7211
1.0848
0.0000
0.0000
0.0000
0.7619
0.0000
0.5342
0.0000
0.0000
0.0000
0.0000
0.0000
0.0000
0.0000
0.0000
2.3502
1.3241
0.0000
0.2356
0.0000
0.0000
0.0000
2.5667
1.3019
0.0000
0.0000
0.0000
0.1436
2.7319
1.4383
1.0945
0.0000
0.0000
0.0000
0.0000
3.6419
0.1553
0.0000
0.0000
1.0331
0.4219
0.0000
0.0000
0.0000
0.0000
0.0000
0.0000
0.0000
0.4620
0.0000
0.0000
0.3442
1.6582
0.0000
0.2211
0.0000
0.0000
0.0000
0.0000
0.0000
2.2670
0.0000
0.0000
0.5632
1.0829
0.0000
0.0000
1.3597
1.4101
0.0000
0.0000
0.0000
0.0000
0.0000
0.0000
0.0000
0.0000
0.0000
0.0000
3.8696
0.0000
0.5592
0.0000
0.0627
0.0000
0.0000
0.0000
1.0097
0.0000
0.0000
0.0000
0.0000
0.0000
0.0000
0.0000
0.0000
0.0000
0.0000
1.4300
0.0000
0.7386
0.0000
0.0000
0.0000
0.0000
1.9873
0.0000
0.0000
0.0000
0.0000
0.0731
0.0000
0.0000
0.0000
0.0000
1.3338
0.3958
0.0000
0.6008
0.5960
0.0000
0.0000
0.0000
0.0000
0.0000
0.0000
2.5228
0.0000
1.0026
0.0000
1.4521
0.0000
2.8035
0.0000
0.7587
0.1982
0.0000
0.0000
0.7949
0.0000
0.7069
3.0817
0.0140
2.1812
0.0000
0.8739
0.0000
0.0000
1.1964
0.0000
0.0000
0.0000
0.0000
0.0000
0.0000
0.0000
0.0000
0.0000
0.0000
0.0000
0.0000
0.0000
1.6883
0.8264
1.8442
2.9827
0.0000
0.9484
0.0000
0.2871
0.0000
0.0000
0.0000
0.0000
1.3890
2.9482
2.0893
0.0000
0.0000
0.0000
0.9394
0.0000
0.0000
0.0000
0.0000
0.0000
0.0000
0.0000
0.5955
0.0000
0.0000
0.0000
0.0000
0.9468
1.2741
0.0000
0.0000
0.0000
0.0000
0.0000
0.0000
0.6117
0.0000
0.0000
0.6892
0.0000
0.0000
0.9597
0.8988
0.0000
0.0000
0.0000
0.0000
0.6636
0.0000
0.0500
0.0000
0.0000
0.0000
0.0000
0.0000
0.6072
0.4877
0.1521
0.0000
2.0869
1.1022
0.4349
0.0000
0.2244
0.0000
0.8558
0.0000
0.0000
0.0000
0.0000
0.3093
0.0000
3.1048
0.0000
0.0000
0.0000
0.0917
1.6526
0.0000
1.5377
0.0000
0.0000
3.1905
0.0000
0.0000
0.0000
1.0336
0.2263
0.6802
1.2193
0.0000
1.2540
0.0000
0.0000
0.4255
0.2578
0.0000
0.0000
0.0000
0.6030
0.0000
0.9157
0.0000
0.0000
0.0000
0.0000
0.0000
0.2700
0.0000
0.4627
0.0000
0.0000
0.0000
0.0000
0.0000
0.0000
0.0000
0.6494
0.0000
1.2508
1.4866
0.0000
0.0000
1.1971
1.0618
2.5515
1.2007
0.0000
0.0389
0.0000
0.0000
0.0000
0.0000
0.0000
0.3575
0.0000
0.2878
0.0000
0.3837
1.8988
0.0000
0.0000
2.4728
0.0000
0.0000
0.0037
0.0000
0.0000
2.0583
0.0000
0.2641
0.0000
0.0000
0.0000
0.0000
1.7051
0.0000
0.0000
1.0742
2.2440
0.0000
0.0000
0.8459
0.1723
0.0000
0.0000
0.0000
2.0281
1.1539
0.0000
0.0000
0.5581
0.0000
1.7134
4.9392
0.0000
0.0000
1.2112
0.0000
0.7580
0.0000
0.0000
0.0000
0.0000
0.0000
0.0000
0.0000
0.0000
0.0000
0.0000
0.0000
0.0000
0.1401
0.0000
0.0000
2.6185
0.0000
0.0000
0.8781
0.0000
0.0000
3.7824
0.0000
0.0000
0.4738
0.0000
0.0000
1.5232
0.0000
0.0000
0.0000
3.0034
0.0000
0.0000
0.0000
0.8784
0.0000
0.0000
1.8444
0.0000
0.0000
0.0000
0.0000
0.0000
2.8749
0.1796
1.2663
1.0875
0.0000
0.9900
0.0000
0.2841
1.5548
0.0000
0.0000
0.4497
0.1978
0.0000
0.0000
1.7668
0.5715
1.1114
1.3243
0.1692
0.0000
1.4005
0.0000
0.0000
0.3128
0.0000
2.6847
0.0000
0.0000
0.0000
0.0000
0.0446
0.0000
0.0000
2.6926
0.0000
0.0000
2.5483
0.6951
0.0000
0.0000
0.0000
0.4793
0.0000
0.3034
0.0196
0.0000
0.0000
0.0000
0.0000
1.7178
0.0000
0.0000
0.0000
0.0000
0.0000
0.9502
1.7794
0.0000
1.6321
0.0000
0.0000
0.0000
0.0000
0.7733
0.3563
2.8085
0.0000
3.3131
0.0000
0.1724
0.0000
2.7505
0.8255
1.0738
0.7595
1.3549
1.7133
0.0000
0.0000
0.0000
0.0000
1.9811
0.0000
0.0000
3.5679
1.2646
0.0000
0.0000
0.0000
4.4249
0.6635
0.9865
0.0000
0.0406
0.0000
0.0021
0.0000
0.0000
0.4595
0.0000
0.0000
0.0000
0.6813
0.2522
0.0000
0.0000
0.0000
0.6070
1.2163
0.0000
0.0000
0.0000
0.0000
0.7329
0.0000
0.0000
0.8007
0.0000
0.6885
0.3523
0.1586
0.0000
0.9538
0.0000
2.0311
0.0000
0.0000
1.5013
0.2327
0.5639
0.8512
0.2826
0.0000
0.6525
0.0000
0.0000
0.0000
0.0000
0.0000
0.0000
0.1912
0.7275
0.0000
0.0000
0.0000
0.0000
0.0000
0.0000
1.0110
0.0000
0.0000
0.9114
0.0000
0.0000
0.0000
0.0000
0.0000
1.8632
0.0000
0.0000
0.0000
0.0000
0.0000
0.0000
0.0000
0.0000
0.0000
0.0000
0.0000
2.1301
0.0000
0.0000
2.3403
0.0000
0.0000
0.0000
0.5362
0.4687
0.0000
0.0000
0.0000
0.0000
0.0000
0.2269
0.0000
0.4200
1.8569
2.1457
0.0000
0.0000
2.1940
0.0000
0.5033
0.0000
0.0000
0.2354
0.0000
0.0000
0.3777
0.5423
3.5385
0.0381
0.0000
1.8633
1.5064
0.0630
0.0000
0.0000
2.6643
0.0000
2.1729
0.0000
0.0000
0.0000
0.0944
0.0000
0.4334
0.0000
0.0000
2.4754
0.0000
0.0000
0.0000
0.1151
0.2201
0.0000
0.0000
2.2063
0.0236
0.0000
0.0000
1.5391
0.7817
1.9310
0.0000
0.0000
0.1211
0.0000
0.0000
0.3866
2.6686
1.9682
3.6963
0.0000
0.5500
3.7982
0.0000
0.0000
0.0000
0.0000
0.0000
0.8712
1.4689
0.0000
0.0000
3.5013
0.0000
0.0000
0.0000
1.1403
0.0000
1.2276
0.6990
1.5601
0.0000
0.0000
0.0000
2.3464
0.0000
0.8552
0.9545
0.0000
0.0000
1.3119
0.0000
2.9274
0.0000
0.0000
1.5349
0.0000
0.3595
0.0000
0.0000
0.0000
3.1569
0.0000
0.0000
0.0000
0.0000
0.0000
0.0550
0.0000
0.0000
0.0000
2.4975
0.0000
0.8415
0.0000
0.0000
0.0000
0.0000
0.4938
0.0000
0.0000
0.0000
0.0000
0.0000
0.0000
0.0000
0.0000
0.0000
0.1803
0.3548
0.0897
0.0000
0.5231
0.0000
0.0000
0.0000
1.7273
0.7943
2.4689
0.0000
0.5363
0.0000
0.1607
0.0000
0.0000
1.7652
0.0000
0.7990
0.0000
1.8378
0.0000
0.0000
4.0927
0.0000
0.0000
0.4586
0.0000
0.0000
0.0000
0.4024
0.0000
0.0000
0.0000
0.0000
0.9137
0.9275
0.5836
0.0000
0.0000
3.7198
0.0000
3.0985
2.6321
0.1726
0.0000
0.2562
0.0000
0.0000
0.0000
2.9489
0.0000
0.0000
0.3687
0.0000
0.8743
0.0000
0.9645
0.0000
0.0000
0.0000
0.0000
2.7075
0.2644
0.0000
0.0637
0.2080
0.0000
0.0000
0.0000
0.0000
0.0000
0.1619
0.0000
0.0000
0.0000
0.9274
0.3551
0.0000
1.9386
0.0000
0.0000
0.0000
0.0000
0.0526
1.2981
0.0000
0.5319
1.8336
0.9633
0.6077
0.0000
0.0000
0.0000
0.0000
0.0456
0.0000
0.0000
0.0000
0.1270
0.0000
1.6773
0.0000
1.1083
3.4198
0.0000
0.0000
0.0000
0.5242
3.8878
0.0000
0.0000
0.0000
0.0000
0.0000
0.0000
0.0000
0.0000
0.1002
0.0000
0.0000
0.6386
2.7961
1.6497
0.0000
0.0000
1.4183
1.0423
0.0000
1.8506
0.0000
0.0000
0.0000
0.0000
3.7110
1.9344
0.0000
0.0000
1.6005
0.0000
0.3618
1.2690
2.1037
0.0496
0.0000
2.4478
2.2731
0.0000
0.0000
0.1268
0.0000
0.0000
0.0000
0.0000
0.5971
0.0000
0.1115
4.5523
0.5575
2.2563
0.0000
0.2706
0.0000
0.0000
0.0000
0.0000
0.0000
0.0000
0.0000
0.0000
0.0000
0.8490
0.2605
0.9161
0.0000
0.0000
0.0000
0.0000
0.0000
0.2314
0.0000
0.0000
1.3311
2.6659
1.0334
1.9471
0.0000
0.8081
0.0000
0.6296
2.7030
0.1654
0.0000
0.0000
0.0000
0.0000
0.0000
0.0000
1.8919
0.0000
0.0000
0.0000
0.0000
0.0000
0.0000
0.0000
0.0000
1.6628
0.0000
1.6582
0.2564
0.0000
1.7028
0.0000
0.1530
0.0000
0.0000
0.0000
0.0000
0.3400
3.5952
0.1624
0.0000
0.0000
2.1704
0.7379
0.0000
0.0000
0.0000
0.0000
3.8184
0.0000
0.0000
0.0000
0.0000
0.0000
2.3690
0.0000
0.0000
0.0000
0.0000
1.4664
0.0000
0.1751
0.0000
0.0000
0.5239
0.0000
0.0000
0.2966
0.0000
1.6369
0.0000
1.3656
1.1366
0.0000
2.8627
0.4105
0.0000
2.6907
2.6518
0.0000
0.9349
0.4265
0.0000
1.4212
0.0000
0.7408
0.0000
0.4141
0.1706
0.0000
0.0000
0.0000
1.7188
0.1719
2.4626
0.0000
4.6031
0.0000
0.0000
2.1692
0.2764
3.4541
0.0000
0.0000
0.0000
0.0000
2.7439
1.5076
0.0000
1.5027
0.0000
0.0000
2.1019
0.0000
0.0000
3.3893
0.0000
0.0000
3.3983
0.0000
0.9805
0.0000
0.0000
0.0000
0.0000
2.5524
0.0000
0.0000
0.0000
0.0000
0.0000
0.0350
0.0000
1.4675
0.0632
0.0000
0.0000
0.0000
1.0033
0.0000
0.0000
0.4654
1.0736
0.0038
0.0000
0.0000
0.0000
2.8105
0.4537
0.0000
0.0000
0.5952
0.0000
0.6916
0.0000
2.0021
0.0000
0.0000
0.0000
0.0000
0.0000
0.0000
0.9734
3.1404
0.0000
0.0000
1.2136
0.0000
0.0000
1.9196
2.0609
0.0000
0.3413
0.0000
1.7362
0.0000
0.0000
1.4720
0.0000
0.3693
0.7384
0.8999
0.7564
0.0000
0.0776
0.0000
0.0000
0.0000
0.8948
0.5924
0.0000
0.0000
0.0000
0.0000
1.1710
0.0000
0.0000
0.0000
0.0000
1.1212
0.0000
0.0000
0.0000
0.0000
0.8265
0.0305
0.0000
0.0000
0.4009
0.5258
1.3714
0.0000
4.4949
0.5129
1.2777
0.1625
2.3074
0.0000
0.0000
0.0000
0.0000
0.1759
0.0000
0.0000
0.0000
0.8974
0.0000
0.0000
0.0000
0.0000
0.0000
0.0000
0.5422
0.0000
0.0000
1.1714
0.0000
0.0000
0.0000
2.2227
0.0000
0.0000
0.0000
1.2798
0.0000
0.0000
0.0000
0.0101
0.0000
0.0000
0.0000
0.0000
0.0000
0.0000
0.0000
0.0000
0.2478
0.0000
0.0000
0.0000
0.0000
0.0000
0.1068
0.0000
0.0000
0.0000
0.0000
0.0959
0.0000
0.0000
0.0000
1.1231
1.0486
0.0000
0.0000
0.0000
0.0000
0.0000
0.0424
0.0000
0.9653
0.0436
0.0000
0.4457
0.0000
0.0000
0.0000
0.0000
0.0000
0.0000
0.0000
0.0000
2.0066
1.8263
0.0000
0.0000
0.0000
0.0000
0.7876
2.2417
0.0000
1.2001
0.0000
0.9700
0.0000
2.0255
0.6278
0.9645
0.0000
0.0000
0.0000
0.0000
0.3689
0.0000
3.3778
0.3767
0.0000
0.9073
0.0000
0.2691
0.0000
0.0000
1.1673
1.1550
0.0000
0.0000
0.0000
0.0000
0.0000
0.0000
0.0000
0.2216
0.5844
0.0000
1.3404
0.0000
0.1513
1.5594
0.0000
0.0000
0.0000
1.7023
0.3928
1.6755
0.1759
0.0000
0.0000
0.0000
0.0000
0.4365
0.6166
0.0000
0.0000
0.0000
0.0000
2.1185
1.3043
0.0000
0.0000
0.0000
1.3406
1.5893
0.6534
0.0000
0.0000
0.1895
0.0000
0.0000
0.0000
0.0000
0.0000
1.3017
0.0000
0.2221
0.1537
0.0000
0.0000
0.8492
1.8040
0.0000
0.0000
0.0000
0.3856
0.4253
0.0000
0.0000
0.0000
0.0000
0.0000
0.0000
3.1349
0.0000
0.0000
0.0000
0.0000
0.0000
0.0000
0.0361
0.0000
0.0000
0.0000
0.0000
0.0000
0.3782
0.0000
0.0000
0.0000
1.2389
0.7636
0.0000
2.8683
0.0000
0.0000
0.0000
0.0000
0.0000
0.0000
0.0000
0.6104
0.0000
0.0000
1.3035
0.4368
0.0000
0.0000
0.0000
0.7891
0.0000
0.7450
0.0000
0.0000
0.4523
0.0000
0.3241
2.5763
0.0000
0.0000
0.0000
0.0000
0.7816
1.4419
0.0000
0.0000
1.2971
2.4691
1.8368
0.0000
0.0000
0.5774
0.0000
0.4654
0.0000
0.0000
0.2686
0.2553
0.9919
0.0000
0.0000
0.3085
0.4533
0.0000
0.2111
0.0000
1.1822
1.0590
0.0000
0.0000
1.3586
0.0000
0.0000
0.1803
0.0000
0.0000
0.0000
0.0000
0.0000
1.3069
0.0000
1.3453
2.6288
0.0000
0.5322
0.0000
0.3550
1.4758
2.0082
0.0000
0.0000
0.0000
0.0000
0.0000
0.0924
2.9089
0.0000
0.0000
0.0000
0.0000
0.0000
0.1228
1.9922
1.1150
1.9042
0.0000
0.0000
0.0000
0.0000
1.7598
3.3883
0.0000
0.3164
0.0000
0.0000
3.0287
1.3626
0.0000
0.0000
0.0000
0.0000
0.0000
2.7813
0.0000
0.0000
2.0872
0.2392
0.0000
0.0000
0.0000
0.3665
1.0928
0.0000
0.0000
0.0000
0.0000
2.0712
1.7882
0.0000
1.7417
0.0000
0.0000
0.0000
0.0000
3.2659
0.0000
1.8718
0.0000
0.0000
1.4397
0.0000
0.0000
0.0000
0.0000
1.2960
0.0000
4.6233
0.0000
0.0000
0.0000
0.0000
0.0000
0.0000
0.0000
0.4125
0.8819
0.0000
0.0000
0.0000
0.3205
0.0000
0.0000
0.8423
6.6624
0.0000
0.0000
0.0000
0.0000
2.1370
0.0000
0.0000
0.0000
0.0000
0.0000
1.1384
0.0000
0.0000
2.1921
0.0000
0.0000
0.3552
0.0000
0.0000
0.3570
0.7008
0.0000
0.2133
0.0000
0.0000
0.0000
0.0000
0.0000
3.9225
0.0000
0.0000
0.0000
0.0000
0.0000
0.0000
0.0000
0.3181
0.0000
0.5735
0.0000
0.5284
0.0000
0.0000
0.0000
2.3411
0.0000
2.5793
2.6965
1.8329
0.0000
0.0000
0.0000
0.0000
0.0000
0.0000
2.3829
0.0000
0.4544
0.5927
0.0000
0.1391
0.0000
0.0000
1.0976
0.0000
0.0000
1.5249
5.1880
0.0000
0.4261
0.1609
0.0000
2.1954
0.6450
0.0000
0.0000
0.0000
0.4070
0.0000
2.0408
0.0000
0.0000
0.0000
0.6527
0.0000
0.0000
0.0000
0.0000
0.0000
0.3202
0.5574
0.0000
0.0000
0.0000
0.0000
4.6142
0.0000
0.0000
0.0000
0.0000
0.2940
2.8480
0.0000
0.0000
0.0000
0.0000
0.0000
0.0000
2.0982
0.5744
2.6957
0.0000
0.0785
0.0000
0.0000
1.6038
0.0000
3.5294
0.0000
0.0000
0.0000
1.4742
0.8559
0.0000
0.0000
0.0000
0.0000
0.0000
3.9046
0.0000
0.0000
0.0000
0.0000
0.4249
0.0000
0.0000
0.4940
1.7413
0.0000
1.0756
2.1982
3.8384
0.6102
0.0000
0.0000
0.5175
2.4262
0.0000
0.0000
0.0000
0.0000
0.0000
1.3831
1.3904
0.0000
0.0000
2.3970
0.0000
0.3051
0.6607
0.0000
0.0000
0.0000
0.0000
2.6653
0.9306
0.2449
0.0000
0.0000
0.0000
0.3541
4.0360
0.4078
0.0000
0.2462
0.7204
2.4002
0.2461
1.5501
0.0000
0.0000
0.0000
0.8079
2.9843
0.0000
0.0000
0.0000
2.0566
0.0000
1.3556
0.0000
0.6085
0.2679
0.0294
0.0000
0.0000
0.0000
0.0000
2.5981
0.0000
0.0000
0.0000
1.3561
0.3727
0.0000
2.3040
0.0000
0.0000
0.0000
0.0000
0.0000
1.4240
0.0000
0.0000
0.1689
1.4056
0.0000
2.3170
0.0000
0.0000
0.0000
0.0000
0.0000
1.9923
0.0000
0.0000
0.0000
0.0000
0.0000
0.0000
1.6243
0.0000
1.0235
0.0000
0.0000
0.0000
0.0000
0.0000
0.4786
0.6004
0.0000
1.6970
0.0000
0.0000
0.0000
0.0000
0.0000
0.0000
0.0000
0.3140
0.0000
1.6418
0.6265
0.3047
0.0000
1.7796
0.0000
0.1764
0.0000
0.0000
0.0000
0.0000
2.3285
0.0000
0.0000
0.0000
0.0000
0.0000
0.0000
1.4244
0.4002
0.0000
0.5181
0.0000
2.2687
0.0000
0.2388
0.0000
1.6246
0.0000
0.0000
0.0000
0.0000
0.0772
1.1770
0.0000
0.0000
1.1489
0.0000
0.0000
4.0051
0.0000
0.0000
3.4362
0.8128
0.0000
0.3437
0.0000
1.6695
0.0000
0.8573
1.2469
0.0000
0.0000
2.0836
3.1815
0.5420
0.0000
2.3492
0.0000
0.0000
0.0000
0.0000
2.2223
0.0000
0.0000
0.0000
0.2194
4.2192
0.0000
0.0000
0.0000
1.1265
0.0271
0.0000
1.4201
0.0000
0.0753
1.2637
0.0000
0.0000
0.0000
0.0000
0.0000
1.3245
0.0000
0.0000
0.0000
0.0000
0.0000
0.0000
0.0000
0.0000
0.0000
0.0000
0.0000
0.0000
1.1797
0.0000
0.0000
0.0000
0.0000
0.0000
1.2493
0.2761
0.0000
0.0000
0.0000
0.3716
0.0000
0.0000
0.0000
0.5044
0.0000
1.6948
0.9162
0.0000
0.0000
0.0000
2.0374
1.3657
0.0000
0.0000
0.0000
0.0557
1.6122
0.0000
0.0000
0.0000
2.9916
0.6943
0.0000
0.0000
0.0000
0.0000
0.0000
0.6687
0.0000
2.3929
0.4481
0.0000
1.1041
4.3656
0.0010
1.0445
0.0000
0.0000
0.0000
0.0000
2.8337
0.0000
0.0000
0.0000
0.0000
0.2128
0.3027
0.0000
0.3762
0.6427
0.0000
0.0000
0.1600
0.9226
0.0000
0.0000
0.0000
0.2801
0.0000
3.4435
0.0000
1.6639
0.0000
0.0000
1.4753
0.0000
0.9665
0.0000
2.3751
0.0000
0.8560
1.1518
0.0000
0.0000
1.1667
0.4462
0.0000
0.0000
1.0993
0.0000
0.0000
0.0000
1.1865
0.0000
0.0000
2.7153
0.0000
0.0000
0.0000
0.4824
2.7722
0.0000
0.0000
0.0000
0.0000
1.5977
0.0000
0.0000
0.0547
4.2341
0.0000
0.0000
0.0000
0.6973
4.3157
1.2896
0.8878
0.0000
0.1207
0.2841
0.0000
0.0000
0.0000
0.0000
0.0000
0.0000
0.0000
3.7401
1.5322
4.2348
0.4357
0.0139
1.9665
0.0000
0.0000
0.0000
0.0000
0.0000
2.9120
0.0000
0.0000
2.6293
0.0000
0.0000
0.0000
1.3314
0.0890
1.6001
0.0000
0.0000
0.0000
0.7721
0.0000
0.3906
0.0000
0.0000
0.8860
0.1063
2.0928
1.8587
0.8435
0.0000
0.0000
0.0000
0.0000
0.5185
0.7188
0.0000
0.0000
0.0000
0.9403
0.0000
0.8843
0.0000
0.8944
0.0000
0.0000
0.0000
2.6783
2.5594
0.0000
0.0000
0.0000
3.5643
0.0000
0.9456
0.0000
0.0000
0.0000
0.0000
1.1525
0.0000
0.0000
0.6367
0.0000
4.1001
0.0000
0.0000
1.6227
0.0000
0.8336
0.0000
0.8371
0.0000
0.4354
0.1939
0.9304
2.2565
0.5524
0.0000
0.0000
0.0000
0.0000
0.0000
0.0000
0.0000
0.9026
0.8906
0.2446
0.7306
0.0000
0.0000
0.0000
4.0619
1.8234
0.0223
0.0000
0.5973
0.0000
0.0000
0.0000
0.0000
1.5259
0.0000
1.0759
1.4608
0.0000
1.7517
0.8728
0.2885
0.0000
0.1459
0.8578
0.0000
0.0000
0.0000
0.0000
1.4495
0.3631
0.0000
0.0000
0.0000
0.7399
0.0000
0.0000
0.8502
0.0000
0.0000
0.0000
0.0000
1.2825
0.5461
0.6174
0.0000
2.1257
0.0736
0.8805
1.5626
1.0389
2.1196
0.7106
0.0000
1.3212
0.0000
0.0000
0.0000
1.1140
0.0000
0.0000
5.3101
0.3924
0.0000
3.4755
0.9374
2.2567
2.4416
0.0000
2.0268
0.3986
0.0000
0.0000
0.0000
0.0000
0.0000
0.0000
0.6818
0.7300
1.5996
0.0000
0.0000
0.7055
0.0000
0.0000
2.3852
0.0000
1.3263
0.0000
0.0000
0.4513
0.0000
