0.1224
0.0000
1.6017
0.0000
0.0000
0.0000
0.0000
0.0896
0.0000
2.7739
0.0000
0.0000
0.6127
0.0000
0.0000
0.0000
0.0000
0.0000
0.0000
0.0000
0.0000
0.0000
2.0191
0.9087
2.1666
2.0641
0.0000
3.2429
0.0000
0.0000
0.0000
0.0000
2.8743
0.0000
2.3917
0.0000
0.0000
0.0000
2.7505
0.1502
0.0000
0.0000
0.0000
0.0000
0.0000
0.3145
0.0000
0.0000
0.9646
1.2355
0.0000
0.0000
0.0000
1.0414
0.0000
0.0000
0.9795
0.6966
0.0000
0.0000
0.0000
2.4459
0.0000
1.7391
0.0000
0.0000
0.0000
0.0000
0.0346
1.3162
1.6257
2.7591
0.0000
0.0000
0.1966
0.7114
0.0000
0.0000
0.7623
1.2115
0.0000
0.0000
0.0000
0.0647
0.0000
0.0000
0.2087
2.2163
1.3505
0.0000
1.4008
0.0000
1.3056
1.3599
0.0000
0.0000
0.0000
0.0000
2.2519
0.0000
0.0000
0.2805
0.0000
0.0000
0.6564
0.4968
0.0000
0.0403
1.8189
4.4780
0.0000
0.0000
0.7328
0.1160
0.0000
0.0000
0.2796
0.0000
0.0000
0.0000
2.2128
0.9816
1.3360
2.1710
0.1031
0.0000
0.0000
0.3534
0.4916
0.5543
0.0000
0.0000
0.7075
0.0000
2.8101
0.0000
2.4397
1.9435
0.0000
2.3913
2.2423
0.0000
0.6875
1.5806
1.0033
0.0000
0.0000
0.2156
1.3022
0.0000
1.8713
1.2338
1.2273
0.0000
0.0000
0.0000
0.0000
1.0296
0.5685
0.0000
1.1317
0.0000
0.5681
0.0000
0.0000
0.2558
0.0000
0.0000
0.0000
1.8528
0.0000
0.0000
0.0000
0.0000
0.0000
0.1485
0.0000
0.0000
0.0000
3.3556
1.5115
3.4142
0.6870
0.0000
0.0000
0.0000
1.7841
0.0000
2.2602
1.5000
0.0226
0.0000
0.4525
0.0000
0.0888
0.0000
0.0000
0.6730
2.0730
3.0631
0.0000
1.8381
1.1896
0.0000
0.0000
0.0000
0.0000
0.2476
0.2490
0.0000
0.0000
0.0000
0.0000
0.6806
0.0000
0.0000
0.0000
0.0000
0.0000
0.1345
0.0000
0.0000
0.0000
0.0000
0.9788
0.0000
0.0000
1.4632
0.5465
0.3199
1.1959
0.4245
0.0000
0.0000
1.4658
0.4055
3.5116
0.0000
1.6746
0.0000
0.0000
0.0000
0.7307
0.0000
0.0000
0.0000
0.0000
0.0000
0.0000
0.0000
0.0765
0.0000
0.0000
0.4145
0.0000
0.2651
0.0000
0.0000
1.0892
0.0000
0.0000
0.3537
0.0000
0.9967
0.0000
0.0000
1.4966
0.0000
0.0000
1.5409
1.0292
0.0000
0.0000
1.4624
0.0000
0.0000
0.9586
1.6213
0.0000
0.0000
1.0272
0.0000
0.1724
0.0000
0.2201
0.0000
0.0000
0.0000
0.0000
0.0000
0.8742
0.0000
0.0000
0.0000
1.9505
0.0000
0.0000
1.2050
0.0000
3.0863
0.0000
0.0000
0.0000
0.1298
0.8818
0.0000
0.1515
0.0000
0.0000
0.0000
0.0000
1.0367
0.0000
2.0108
0.6234
0.0000
0.0000
0.0000
0.6072
2.1020
0.7561
1.8041
0.7198
0.0000
0.0000
2.2562
0.0000
3.0962
0.0000
1.8710
0.0000
0.0000
0.0000
0.0000
0.0000
0.9095
1.5466
0.2263
0.0000
1.5777
0.0000
0.0000
0.0000
0.0000
0.0000
5.6948
0.0000
0.0000
0.0000
0.0000
0.0000
2.4692
0.0000
0.0000
0.8128
1.2156
0.1718
0.0000
1.7051
0.0000
0.0000
0.0000
0.0000
0.0000
0.0000
0.3485
0.0822
0.0000
0.4457
0.0000
0.0000
0.9336
0.0000
0.0000
0.9604
0.0000
0.0000
2.0821
0.0000
0.0000
3.1785
0.0000
1.2374
0.0000
0.0000
0.0000
0.0000
0.0000
0.0000
0.2076
2.3699
0.0000
0.0000
0.0000
0.0000
1.0573
0.1091
0.0000
0.0000
0.1282
0.0000
1.9856
0.0000
0.0000
0.0000
0.0000
0.0000
0.0000
3.7543
0.0000
0.0000
0.0000
0.0000
2.1383
0.0000
0.4751
0.0000
0.0000
0.8207
0.0000
1.9694
0.0000
1.0119
0.0000
0.0000
0.1761
0.9012
1.8827
0.0000
0.0000
0.0000
0.0000
0.0000
0.7055
0.0000
0.0000
1.2661
0.0000
1.9529
0.0000
2.9237
1.8090
1.2273
0.0000
1.0425
2.1504
0.0000
0.0000
2.0583
1.8550
1.3279
0.0000
0.0000
1.0605
0.0000
0.9199
0.0000
0.2564
0.5724
0.0000
0.6580
0.1937
1.2901
0.0000
0.4973
0.0000
0.0000
0.0000
0.0000
0.0000
0.0000
1.0441
0.1319
0.0000
0.0000
1.1104
1.7372
0.0000
0.0000
0.0000
0.0000
0.0000
0.0000
2.2414
0.1261
1.5755
0.0000
1.1489
0.0000
1.2936
0.6174
0.0000
0.0000
0.0000
1.2517
1.0986
0.0000
0.0000
1.1871
0.0000
0.0000
0.0000
2.7967
0.7408
0.0000
0.0348
0.0000
0.0000
1.1774
1.6729
1.8980
1.8510
0.0000
2.0365
1.1793
0.0000
0.0000
0.0528
2.8287
0.0000
2.3390
2.1540
0.0000
1.1941
1.7517
0.2864
2.8790
0.0000
0.0000
0.0579
1.7863
0.0000
0.4012
0.0000
0.0000
3.3936
0.0000
0.0305
0.0000
0.0000
0.0000
0.8165
0.0000
0.0000
0.0000
0.0000
0.0000
0.0000
0.0000
0.0000
0.0000
2.5626
0.0000
0.1785
1.5169
0.0000
1.1174
0.0000
0.5345
0.0000
0.1559
1.3348
0.1072
0.0000
0.2315
2.0760
0.0000
0.0000
1.5717
0.0000
0.0000
0.0000
0.0000
0.0000
0.0000
0.0000
1.2482
2.5277
0.0000
0.0000
0.4905
0.0000
0.0000
0.0000
0.0000
0.0000
0.0000
1.0064
1.7283
0.5050
0.1283
0.0000
0.0000
0.0000
0.0000
0.0000
0.0000
0.0000
1.3196
0.5526
0.0000
2.2673
0.0000
0.0000
0.0000
0.2436
2.6479
0.0000
1.7098
0.6948
0.5743
0.0000
0.0000
4.2339
0.0000
2.6064
2.1962
0.0000
0.4774
0.0000
0.6413
0.0000
0.0000
0.3355
0.0000
1.2572
0.0000
0.0000
0.0000
0.0000
0.0000
0.0000
0.0000
0.2220
2.0489
2.1122
0.0000
1.8043
0.0000
0.0000
0.5378
1.1959
0.0000
0.0000
0.0000
0.0000
0.0000
0.0000
2.4658
0.0000
0.0000
0.0466
2.5562
0.0000
0.0000
0.0000
0.0000
0.0000
0.0000
0.8449
0.0000
0.1078
2.3625
0.0000
0.0000
0.0000
0.3655
0.0000
0.0000
0.0000
0.3809
0.0000
0.0000
0.0000
0.0000
0.9563
2.1506
0.0000
0.0000
0.0000
0.0000
0.5744
0.0000
0.0000
0.0000
0.0000
0.0000
0.0000
0.0000
3.0346
0.6188
0.0000
1.8583
0.0000
0.0000
0.0000
0.0000
0.0000
0.7735
0.0000
2.1369
0.0000
0.6806
0.2543
0.0000
0.4679
0.0000
0.0000
0.0000
2.7240
0.0000
2.2396
0.0000
0.0000
0.0000
0.0000
0.0000
0.7547
0.0000
0.0000
0.0000
0.0000
0.3853
0.3577
0.0302
0.0000
0.4311
0.0000
0.4141
1.2625
0.0000
0.0237
1.1134
0.0000
0.0000
0.0000
0.0000
2.1739
0.0000
2.5854
0.5206
0.2842
0.0000
2.6034
0.0000
0.0000
0.7297
0.5453
1.2881
0.0000
0.0000
0.0000
0.0000
0.0000
1.2933
0.0000
0.4892
0.0000
0.0000
0.0000
0.0360
0.0000
1.1638
0.1903
0.0000
0.9283
0.0000
0.0000
0.0000
0.0000
1.4312
0.6939
0.4098
0.0000
0.0000
0.0000
0.0000
0.0000
1.3826
1.0663
0.0000
0.0000
0.0000
0.8268
0.0000
0.0000
0.0000
1.1509
0.0000
0.0678
0.1200
0.0000
1.0462
0.8381
0.1761
0.2437
0.0000
0.0000
0.8375
0.8614
0.0000
0.0000
2.4644
0.0000
0.0000
0.0000
0.0000
0.0000
0.0000
0.0000
0.1255
0.1142
0.0000
1.7773
0.0000
0.0000
0.4083
0.0000
0.0000
0.4775
2.5899
0.0000
1.2300
0.0000
0.0000
0.0000
0.0000
0.0000
0.0000
0.3481
0.8363
1.0815
0.0000
0.0000
0.0000
0.3115
0.6061
0.0000
0.0000
0.0000
0.0000
0.1022
0.0000
0.0000
0.0000
0.0000
0.0000
0.0000
1.8500
0.0000
0.0000
0.5012
0.0000
0.0000
0.0000
0.0000
0.0000
0.0000
0.9651
0.2117
0.6299
0.0000
0.0000
1.5522
0.0000
0.0000
1.0792
0.0000
0.0000
0.0000
1.6006
0.0000
2.6519
0.0000
0.4295
0.4586
0.0000
2.4143
0.1491
0.0000
0.0000
0.0000
0.0000
0.0000
0.0000
0.0000
0.7215
0.0000
0.0000
0.0000
0.0000
0.0000
2.2812
0.0000
0.6085
0.0000
0.0000
1.0875
0.0000
0.0000
0.0000
0.0000
0.0000
0.0000
0.0000
0.0000
0.0000
0.0000
0.0000
0.7874
0.0000
0.0000
1.8937
0.0000
0.0000
1.7816
0.0000
0.0000
0.0000
0.0000
0.0000
0.0000
1.6403
0.0000
0.0000
0.0000
0.8302
0.1471
0.0000
0.0000
0.0000
0.5457
1.6491
1.4944
0.0845
0.3369
0.0000
0.5748
0.0000
0.0000
0.0000
0.0000
0.0000
0.0000
1.6251
2.0580
0.1913
0.0000
0.0000
4.0279
0.0000
0.8851
0.0000
0.3146
0.0000
0.0000
2.6283
0.0000
0.0000
2.2659
0.2123
0.0000
0.0665
1.0697
0.7040
0.0000
0.0000
1.1449
0.3662
0.0000
0.0000
0.0000
0.0000
0.0000
0.0000
0.0000
0.7098
0.0000
0.0000
0.0000
0.0000
0.3243
0.0000
0.1784
1.6461
1.5360
0.5589
0.0000
0.0000
0.0000
0.6215
0.0000
0.0000
0.0000
0.0000
0.1966
0.0000
0.0000
0.0000
4.6244
0.5249
0.0000
0.0000
1.5901
0.0000
1.7729
0.0000
0.0000
0.0000
4.3857
0.0000
0.0216
0.0000
2.1818
0.0000
0.0000
0.5270
2.5942
0.2197
0.9871
0.0000
1.5272
0.0000
0.0000
0.0000
0.4063
1.5667
0.0000
0.0000
1.8405
0.0944
0.0000
0.5449
0.5819
1.7822
0.0000
1.4258
0.0000
0.2024
0.0000
0.0000
1.3847
0.0000
0.0000
0.0000
0.0000
0.4166
0.0000
0.0000
0.0000
1.7974
0.0000
0.0000
0.0000
0.0000
0.0000
0.0000
0.0000
0.0000
0.0000
3.1804
0.0000
1.7811
0.0000
0.0000
0.4094
0.0000
0.0000
0.0000
0.0000
0.2711
0.0000
0.0000
0.0000
0.0000
1.1203
0.0000
0.0000
0.0000
0.0000
0.0000
0.0000
0.0000
0.1792
0.0000
0.3507
0.0000
0.0117
0.0000
0.0000
0.2293
0.0000
0.0000
0.0000
1.8286
0.0000
0.0000
0.4311
0.0000
0.0786
0.0000
1.6458
0.0000
0.0000
0.9195
0.0000
0.0000
0.4565
0.0000
1.1990
0.0000
0.0000
2.4362
0.0000
1.2818
0.0000
0.7554
0.0000
0.0000
0.3695
0.5218
0.6573
0.0000
0.0000
0.9811
0.0000
1.1449
0.0000
0.0000
0.0000
0.0000
1.1345
0.0000
0.0000
0.0000
0.0000
0.0000
0.0000
0.0000
0.4076
1.9789
0.0000
0.0000
0.6700
0.0000
1.5363
3.1296
0.0000
0.0000
0.3262
0.0000
1.6876
1.9842
0.4068
0.0000
0.0000
1.6620
0.0000
0.0000
0.0000
0.0000
1.0992
0.0000
0.0000
0.0000
0.0000
2.0531
0.5602
0.0000
0.4485
3.3091
0.6394
0.0000
1.1040
2.8878
0.0000
0.0000
0.4988
0.0000
0.0000
0.0000
0.0000
0.4534
0.0000
0.0000
0.6710
0.0000
0.0000
2.1832
0.0000
0.7217
0.0000
0.0000
0.0000
1.4573
0.0000
0.0000
0.0000
0.0000
0.0000
1.2908
2.2925
0.0000
0.0000
0.1106
0.0000
3.0009
0.0000
0.0000
0.0000
2.4046
0.0000
1.3190
0.0000
0.5043
0.0000
0.0000
0.0000
0.0000
0.0000
0.0000
0.0000
0.3350
3.6017
0.0000
0.0710
0.0000
0.0000
0.0000
0.0000
0.0000
0.0000
0.0000
0.0000
0.0000
0.1708
1.8425
0.0000
0.0000
0.0000
0.0000
0.0000
0.0000
1.1960
1.4929
0.0837
0.0000
0.0000
2.1085
0.5021
0.0000
0.0000
2.7243
0.2004
0.0000
0.0000
0.0000
1.8744
0.0000
0.0000
0.0000
0.0000
0.0000
0.8607
0.4124
0.0000
0.0000
0.0000
0.0000
0.0000
0.0000
1.2486
3.1492
0.0000
0.0878
0.3803
0.6576
0.0000
1.5012
1.1972
0.0000
0.3231
0.7813
0.0000
0.0000
0.0000
1.8191
0.0000
0.0000
0.3775
0.4697
1.7694
0.0599
0.0000
0.0000
1.5956
0.2026
0.2638
0.0000
0.0000
0.1100
0.0000
1.1008
0.0000
0.0000
3.3162
0.0000
0.0000
0.0000
0.4464
0.0000
0.0000
0.0000
0.0000
1.5128
0.9081
0.0000
0.0000
0.0000
0.4391
0.3732
1.4310
0.0000
0.0000
0.5556
0.4334
0.0000
0.0000
0.0000
0.0000
0.0000
0.0000
0.0000
1.4144
1.9552
1.7970
0.0000
0.0000
0.0000
0.0000
0.0000
0.0000
0.0000
0.0000
0.0000
0.0000
0.0000
0.0000
0.0000
0.0000
0.0000
0.0000
0.0000
0.0000
0.5308
1.1160
0.0000
0.0000
0.0000
1.2226
0.0000
0.0000
1.9380
0.0843
0.4062
0.0000
0.0000
0.0000
0.9597
2.3484
0.0000
1.9429
0.0000
0.0000
0.0000
0.0000
0.0000
0.1320
1.0309
0.0000
0.0000
0.0000
0.8715
1.8608
1.3550
0.5489
0.0000
0.8149
0.0000
0.0222
1.3345
0.0000
2.7228
0.0000
0.0000
0.3997
0.5509
1.8655
1.4250
3.1527
0.0000
0.9323
0.0000
0.0000
0.0000
0.0000
0.0000
1.3471
0.0000
0.0000
0.0000
0.0000
1.0421
0.0000
0.0000
0.0000
0.0000
1.8462
1.6392
0.0000
0.0000
0.5298
0.0000
0.0000
1.1246
1.4141
0.4163
4.5257
0.0000
0.1995
0.3243
1.0921
0.0000
0.6477
0.0065
0.5406
0.0000
0.0000
0.1299
0.0000
0.0000
0.0000
0.0000
0.0000
1.3453
0.0000
0.1765
0.4468
0.0000
2.9987
0.0000
0.5443
0.0000
0.0000
0.0000
0.1674
0.0000
1.5934
0.0000
0.0000
0.6666
0.0000
1.9475
3.0563
0.0000
0.0000
0.0000
0.0000
0.0000
0.0000
0.0000
0.0000
0.0000
0.0000
1.1161
0.0000
0.5298
0.0000
2.7518
0.0000
0.0000
0.0000
0.1597
0.0000
0.0000
1.2251
4.9177
3.9249
0.0000
0.5242
0.0000
0.0000
0.0000
0.3861
0.0000
1.5864
0.0000
0.0000
0.0663
0.0000
0.0000
0.0000
0.0000
1.8968
0.0000
0.8295
0.0000
0.0000
0.0000
0.0000
0.0000
0.0000
2.7571
1.5847
1.3156
0.8140
1.3460
0.0000
1.6007
0.6556
0.0616
0.9830
0.2534
0.0000
0.0000
2.5716
0.0000
1.0612
1.2236
0.3442
0.0000
1.5279
0.0000
0.0000
0.0000
0.0000
0.0000
0.9739
1.8281
1.8800
0.0000
0.0000
0.0000
0.0000
0.6521
0.0000
0.0000
0.4428
0.0000
0.0000
0.0000
2.1061
0.6995
0.0000
0.0000
0.0000
0.0000
0.8858
0.0000
0.0000
0.0000
2.6924
0.0000
0.9603
0.0000
0.0000
0.0000
0.0000
1.4107
1.7669
0.0000
0.0000
0.0000
0.0000
0.0000
2.6972
0.4657
0.0000
0.0000
0.1631
0.0000
0.0000
0.0000
0.0000
0.0000
0.0000
0.2760
0.0000
0.0000
0.5776
0.6689
0.7641
0.9606
0.7293
2.9562
0.0000
0.0000
0.0000
0.0000
1.3166
1.7140
0.0000
1.3459
1.5190
0.0000
2.7537
0.0000
0.0000
0.7293
0.0000
0.0000
0.0000
0.9135
0.0000
0.0000
2.1102
0.0000
0.3983
2.4603
1.4610
2.7873
0.0000
1.3493
0.0845
0.0000
0.0000
0.0000
0.5227
0.0000
0.4870
0.0000
1.2048
1.1854
0.0000
1.0586
1.3115
0.3063
0.0000
0.3273
1.5723
0.0000
0.0000
0.1859
0.0000
0.0000
0.0000
0.5200
0.0000
0.8591
1.6614
2.2946
0.0000
0.0000
0.2785
0.0000
0.0000
0.7652
0.9852
1.9623
1.8676
1.4654
0.0000
0.0000
0.0000
2.1255
1.9938
2.6889
0.0000
0.0000
0.0000
0.5003
1.0504
1.3976
0.0000
2.0240
0.0000
2.1549
1.3779
0.0000
0.0000
0.0000
0.5137
0.0000
0.0000
0.1178
0.0000
0.0000
0.0000
0.0000
0.0000
0.0000
0.0000
0.0000
0.0000
0.0000
0.0000
0.3005
0.0000
1.8962
0.0000
0.0000
0.6542
0.0000
1.8343
0.1398
0.0000
0.0000
0.0000
0.0000
2.9177
0.0000
0.0000
0.0000
0.0000
0.0000
2.1449
0.9849
1.4631
0.0000
1.0395
0.0000
0.3029
0.0000
0.9542
0.7108
0.5769
3.4115
0.0000
0.4308
0.0000
0.0000
0.0000
0.0000
0.0000
1.5902
1.5657
1.2390
2.6714
0.0000
0.2479
0.0000
0.0000
0.0000
0.0000
0.0000
1.2298
1.6732
4.0010
3.9043
0.0000
0.0000
0.0000
0.5789
0.0000
0.0273
1.8479
1.5479
0.0000
0.0000
0.0000
1.6176
1.9385
0.0000
1.1309
1.0899
1.1256
1.6525
0.0000
0.0000
0.0000
0.0000
0.0000
1.8529
1.4662
3.5901
0.0000
0.0957
1.4987
0.0000
1.8042
0.0000
0.0000
0.0000
1.7124
0.6954
0.5312
0.0000
0.9674
0.1683
0.0000
1.5015
0.0000
1.0196
0.0000
0.4202
0.4824
0.9518
0.0000
0.0000
0.0000
1.6358
0.3194
0.0000
1.5043
1.2821
0.0000
0.0000
4.3194
0.0000
0.0000
1.0382
0.0000
0.6359
0.0000
0.0000
1.1756
1.0116
0.0000
0.0612
0.5415
0.0000
1.8148
0.0000
0.0000
0.0000
0.0000
3.6417
0.0000
3.4485
0.6821
0.3680
0.0000
0.0000
0.0000
0.0000
0.0000
0.0000
1.1303
0.0000
0.5982
0.0000
0.0986
0.0000
0.0000
0.0000
0.0000
0.8354
0.0000
0.0000
0.0000
0.0000
0.0000
1.2473
1.1261
0.0000
1.4012
0.0000
0.0000
0.0000
1.4589
1.5221
0.0000
0.0000
0.0000
0.0000
1.4886
0.0000
0.7687
0.0000
0.0000
0.0000
0.8613
0.0000
1.4821
0.0000
0.0000
0.0000
0.0000
1.3179
0.0000
1.5401
0.0000
0.8946
0.0000
0.0000
0.0000
0.0000
0.0000
0.0000
0.0000
0.5975
0.0000
0.0000
0.0000
0.0000
0.1884
0.0000
0.8677
0.0000
0.0000
0.0000
0.0000
0.0000
0.0000
2.1085
1.1333
0.0000
0.0000
0.0000
2.8695
0.0000
0.0000
0.0000
0.0000
0.0000
1.6734
0.0000
0.0000
0.6442
0.0000
0.9523
0.8082
0.0000
1.8468
0.6651
0.0000
0.7812
0.0000
4.8984
0.0000
0.0135
0.0000
0.0000
0.0000
0.0000
0.0000
1.3614
0.0000
2.1623
0.0000
0.0000
2.5549
0.0000
0.0000
0.0000
0.0000
0.0000
0.0000
0.0000
1.7122
0.0000
0.0000
1.7888
2.3013
1.1235
0.5260
0.7523
0.0000
0.0781
0.0000
0.0000
0.0000
3.4235
0.0000
0.0000
3.9375
2.9596
0.0000
0.0000
1.2469
0.9806
1.5756
0.0000
0.0000
3.1543
0.0659
0.0000
0.0000
0.0000
0.0000
0.0000
2.0738
0.0000
0.0000
0.0000
0.8682
0.0000
0.7027
0.0000
0.0000
0.0000
0.0000
0.0000
0.0000
0.0000
0.0000
2.3373
3.0125
0.0000
0.6424
0.0000
0.0000
0.0000
2.6293
0.7559
0.0000
0.0000
0.9962
0.2650
3.5567
1.5221
0.8229
0.0000
0.0000
0.0000
0.0000
3.5539
0.3182
0.0000
0.0000
1.1501
0.0463
0.0000
0.0000
0.0000
0.0000
0.0000
0.0000
0.0000
0.0000
0.0000
0.0000
0.0294
2.6324
0.0000
1.0518
0.0000
0.0000
0.0000
0.1164
0.3073
3.2117
0.0000
0.0000
0.1977
1.8908
0.0000
0.0000
1.4622
1.6488
0.0000
0.0000
0.0000
0.0000
0.0000
0.0000
0.0000
0.0000
0.0000
0.0000
3.7390
1.1173
0.8592
0.0881
0.0000
0.0000
0.3634
0.0000
0.8542
0.0000
0.0000
0.0000
0.0000
0.0000
0.0000
0.0000
0.0000
0.0000
0.0000
0.6920
0.0000
1.6648
0.0000
0.0000
0.2099
0.0000
2.0428
0.0000
0.0000
0.0000
0.0000
0.3125
0.0000
0.0145
0.0000
0.0000
0.5852
0.9399
0.0000
0.0000
1.0880
0.0000
0.0519
0.0000
0.0000
0.0000
0.0000
2.6024
0.0000
1.0669
0.0000
1.9442
0.0000
2.9888
0.0000
1.8417
0.5708
0.5455
0.0000
0.9107
0.0000
0.3719
2.5699
0.0000
2.6101
0.0000
1.6623
0.0000
0.0000
1.1981
0.0000
0.0000
0.0000
0.0000
0.2620
0.1740
0.0000
0.0000
0.0000
0.0000
0.0000
0.0000
0.0000
0.2052
0.6497
2.1475
1.8327
0.1529
0.8361
0.0000
0.1223
0.0000
0.0000
0.0000
0.8838
1.7477
1.5593
0.7509
0.0000
0.0000
0.0000
2.2391
0.0000
0.0000
0.0000
0.0000
0.0000
0.0000
0.0000
0.3683
0.0000
0.1926
0.0000
0.0000
1.6366
1.0010
0.0000
0.0000
0.0000
0.0000
0.0000
0.0000
0.1001
0.0000
1.3525
0.0000
0.0000
0.0000
0.4869
0.7429
0.0000
0.0000
0.0000
0.0000
0.9353
0.0000
0.0000
0.0000
0.0000
0.5544
0.0000
0.0000
1.1596
0.0000
0.5430
0.0000
1.9132
0.4217
0.0000
0.0000
0.0000
0.8928
1.0780
0.0000
0.0000
0.0000
0.0000
0.3494
0.0000
2.1755
0.0000
0.0000
0.0000
0.6051
2.0900
0.0000
1.1523
0.0000
0.0000
2.9155
0.0000
0.0000
0.0000
1.2818
0.0000
2.0004
1.6301
0.0000
1.1076
0.0000
0.0000
1.5800
0.0000
0.0000
0.0000
0.0000
0.3011
0.0000
1.4574
0.0000
0.0000
0.5769
0.0000
0.0000
0.3583
0.0000
0.7062
0.0000
0.0000
0.0000
0.0000
0.1924
0.0000
0.0000
1.1368
0.0000
0.7625
0.7318
0.0000
0.0000
0.6064
1.3221
2.1311
0.0740
0.0000
0.0000
0.0000
0.0000
0.0000
0.0000
0.0000
0.5859
0.5724
0.0883
0.0000
0.0000
1.4442
0.0000
0.0000
2.2270
0.0000
0.0000
0.0000
0.0000
0.2707
1.5230
0.0000
0.5720
0.1080
0.0000
0.0000
0.0000
1.0204
0.7053
0.0000
0.0000
1.2125
0.0000
0.0000
0.0000
1.1318
0.0000
0.0000
0.0000
2.0499
1.8744
0.2687
0.0000
1.1072
0.0047
1.6290
4.5252
0.0000
0.0000
2.0562
0.0000
0.8637
0.0000
0.0000
0.0000
0.0000
0.0000
0.0000
0.0259
0.0000
0.0000
0.0000
0.0000
0.0000
0.0000
0.5776
0.0000
2.3654
0.0000
0.0000
1.5730
0.0000
0.0000
2.9081
0.0000
0.0000
0.5701
0.0000
0.4455
1.3109
0.0000
0.0000
0.0000
2.9541
0.0000
0.3659
0.0000
1.1842
0.0000
0.0000
1.8097
0.0000
0.0000
0.0000
0.0000
0.0000
2.3926
0.5535
0.8791
0.3706
0.0000
1.2351
0.0000
0.0000
1.0715
0.0000
0.0000
0.9515
0.1278
0.0000
0.0000
1.6296
0.0646
1.2151
1.2856
0.0000
0.0000
1.1134
0.0000
0.0000
0.6357
0.0000
2.0750
0.0556
0.0000
0.0000
0.0000
0.1270
0.5421
0.0000
2.2566
1.1777
0.0000
2.2029
0.8324
0.0000
0.0000
0.0000
1.1525
0.0000
1.8912
0.0000
0.0000
0.0000
0.0000
0.0000
1.6543
0.0000
0.0000
0.0000
0.0000
0.0000
0.5579
2.9476
0.0000
0.9359
0.0000
0.0000
0.0000
0.0000
0.4001
0.0000
3.2125
0.0000
3.4326
0.0000
0.3461
0.0000
3.8291
0.9666
0.5407
0.0000
1.0899
1.2682
0.5147
0.0000
0.0000
0.0000
2.2180
0.0000
0.0000
2.7808
1.3186
0.0000
0.0000
0.0000
3.3456
0.2059
1.2629
0.0000
0.9313
0.0000
0.0000
0.0000
0.0000
0.0000
0.0000
0.0885
0.0000
0.2503
0.4076
0.5549
0.0000
0.0000
0.6680
1.2549
0.0000
0.2116
0.0000
0.0000
0.0553
0.0000
0.0000
1.1283
0.0000
1.8157
0.0000
0.3288
0.0000
1.4049
0.0000
1.4313
0.0000
0.0000
1.0953
0.0000
0.0000
1.4462
0.7776
0.0000
1.2025
0.0000
0.0000
0.0000
0.0000
0.0000
0.0000
0.0000
0.0861
0.0000
0.0000
0.0000
0.0000
0.0000
0.0000
1.2724
0.0000
0.4016
0.8777
0.0000
0.0000
0.0000
0.0000
0.0000
2.3703
0.0000
0.0000
0.0000
0.0000
0.0000
0.0000
0.0000
0.0000
0.4421
0.7393
0.0000
1.3152
0.0000
0.0000
2.5593
0.0000
0.0000
0.0000
0.0000
1.2007
0.0000
0.0000
0.0000
0.0000
0.0000
0.0000
0.0000
0.6861
0.8674
2.1027
0.0000
0.0000
3.1862
0.0000
0.6790
0.0000
0.0000
0.9285
0.0000
0.0000
0.1948
0.8394
2.6748
1.1442
0.0000
1.6566
0.7418
0.0000
0.0000
0.0000
1.5184
0.0000
2.9434
0.1625
0.0000
0.0000
0.0000
0.0000
1.7591
0.0000
0.0000
2.4302
0.0000
0.0000
0.0520
0.9968
0.2152
0.0000
0.0000
2.0948
0.0000
0.0000
0.0000
1.9229
1.0147
2.1320
0.0000
0.0000
0.4541
0.0000
0.2627
0.5933
2.3457
1.7643
4.0538
0.0000
2.2464
3.5971
0.0000
0.0000
0.0000
0.0000
0.0000
1.4027
1.6058
0.0000
0.0000
3.8204
0.0000
0.0000
0.0000
0.5723
0.2851
1.5337
0.8142
1.1725
0.7765
0.0000
0.0000
1.8121
0.2669
1.6095
0.6721
0.0000
0.0000
0.6987
0.0000
4.1200
0.0000
0.0000
1.4154
0.0000
1.5301
0.0000
0.0737
0.0000
3.0576
0.0000
0.0000
0.0000
0.0000
0.0000
0.9247
0.0000
0.0000
0.0000
2.3762
1.0527
0.2333
0.0000
0.0000
0.0000
0.0000
0.9612
0.0000
0.0000
0.0000
0.0000
0.0000
0.0000
0.0000
0.0000
0.0000
0.0122
0.7330
0.0558
0.0000
0.9474
0.0000
0.0000
0.0000
1.5307
1.1568
2.2257
0.0000
0.8343
0.0000
0.0000
0.0000
0.0000
0.5625
0.0000
0.9335
0.9451
2.0097
0.0000
0.0000
3.9459
0.0000
0.0000
0.2146
0.0000
0.0000
0.0000
0.0000
0.0000
0.0000
0.0000
0.0000
0.6784
1.4540
0.0000
0.0000
0.3426
3.2696
0.0000
2.7773
1.7946
0.0000
0.0000
0.0000
0.0000
0.6580
0.0000
3.4613
0.0000
0.0000
0.6085
0.0000
0.6026
0.0000
0.9782
0.0000
0.0000
0.0000
0.0000
2.2261
0.0000
0.0000
0.4808
1.3407
0.0000
0.0000
0.0000
0.2276
0.0000
0.0000
0.0000
0.0000
0.0000
0.8539
1.1694
0.0000
1.3379
0.0000
0.0111
0.0000
0.0000
0.0828
1.5779
0.0000
0.0000
2.0026
0.5941
0.0000
0.0000
0.0000
0.0000
0.0000
1.2049
0.0000
0.0000
0.0000
0.0000
0.1442
1.5979
0.1599
1.0727
2.4163
0.0000
0.0000
0.0000
1.4049
3.6523
0.0000
0.0000
0.0000
0.0000
0.0000
0.0000
0.0000
0.0000
0.0000
0.0000
0.0000
0.3388
2.5369
1.8801
0.0000
0.0000
1.1493
0.3817
0.0000
1.8919
0.0000
0.0000
0.0000
0.0000
3.0378
2.1690
0.0000
0.0000
1.4729
0.0000
0.0000
2.3728
1.6405
0.0000
0.0000
3.3660
1.8440
0.0000
0.0000
0.0000
0.0000
0.0000
0.0000
0.0000
1.0357
0.0000
0.0000
5.1905
0.6948
1.2795
0.0000
0.1919
0.1237
0.0000
0.0000
0.0000
0.0000
0.0000
0.0000
0.0000
0.0000
0.0000
0.0868
0.7900
0.0000
0.0000
0.0000
0.0000
0.3706
0.0000
0.0000
0.0000
1.3561
1.6408
0.9059
1.3903
0.0000
1.5729
0.0000
0.7019
3.2179
0.0000
0.2059
0.0000
0.0000
0.0000
0.0000
0.0000
1.9031
0.0000
0.0000
0.4424
0.0000
0.0000
0.0000
0.0000
0.0000
0.9196
0.0000
2.4773
0.0000
0.0000
1.7519
0.0000
0.4237
0.0000
0.0000
0.0000
0.0000
0.2848
3.7128
1.0396
0.0000
0.0000
2.0430
0.0000
0.0000
0.0000
0.0000
0.0000
3.6475
0.0000
0.0000
0.0000
0.0000
0.0000
1.2751
0.0000
0.0000
0.0000
0.0000
1.3647
0.0000
0.1068
0.0000
0.0000
0.9044
0.0000
0.0000
0.3700
0.0000
1.9338
0.0000
2.9142
1.8505
0.0000
2.9320
0.4418
0.0000
2.2878
1.3265
0.0000
0.0000
0.9057
0.0000
0.0287
0.0000
0.1617
0.0000
0.3458
0.6899
0.0000
0.0000
0.0000
1.9165
0.6505
2.3801
0.0000
3.6985
0.0000
0.0000
2.7768
0.0641
3.6800
0.0000
0.0000
0.0000
0.0000
2.3776
0.9291
0.0000
2.3877
0.0000
0.0000
2.5531
0.0000
0.0000
2.8218
0.0000
0.0000
3.0413
0.0000
1.8461
0.0000
0.0000
0.0000
0.0000
2.9480
0.0000
0.0000
0.0000
0.0000
0.0000
0.4280
0.0000
0.5955
1.4665
0.0000
0.0000
0.0000
0.0000
0.0000
0.0000
0.4785
1.4407
0.0149
0.0000
0.0000
0.0000
1.2774
0.0466
0.0000
0.0000
0.5047
0.0000
1.4964
0.0509
1.9381
0.0000
0.0000
0.0000
0.0000
0.0000
0.0000
0.8852
1.6432
0.0000
0.0000
1.6589
0.0000
0.0000
1.5837
2.1212
0.0000
0.0000
0.0000
0.7624
0.0000
0.0000
0.7585
0.0000
0.2518
0.8870
0.5270
1.0090
0.0000
0.5042
0.6097
0.0000
0.0000
0.6842
0.0000
0.0000
0.0000
0.0000
0.0000
1.0520
0.0000
0.0000
0.3810
0.0000
0.8243
0.0000
0.2597
0.0000
0.3202
1.0034
0.8809
0.0000
0.0000
1.0632
1.0036
1.3918
0.0000
5.9183
0.9498
1.2798
0.9507
2.9206
0.0000
0.0000
0.0000
0.0000
0.0000
0.0000
0.0000
0.0000
0.7689
0.0000
0.0000
0.0000
0.0000
0.0000
0.0000
0.0000
0.0204
0.0000
0.3285
0.0000
0.0000
0.0000
1.5796
0.0000
0.0000
0.0000
1.6292
0.0000
0.0000
0.0000
0.5807
0.0000
0.0000
0.0000
0.0000
0.0000
0.0000
0.0000
0.0000
0.0000
0.2384
0.0000
0.0000
0.0000
0.0000
0.0000
0.0000
0.0000
1.1451
0.0000
0.1734
0.0000
0.7986
0.0000
1.3045
2.0084
0.0000
0.0000
0.0000
0.0000
0.0000
0.0000
0.0000
0.3701
0.0000
0.0000
2.1867
0.0000
0.0000
0.2060
0.0000
0.0000
0.0000
0.0000
0.0000
2.0313
2.2010
0.0000
0.0000
0.0000
0.0000
0.0602
3.1120
0.0000
1.4705
0.0000
0.7607
0.0000
1.7786
0.5874
0.8930
0.0000
0.0000
0.0000
0.0000
1.2943
0.0000
3.1875
0.0000
0.0000
0.5317
0.0000
0.3802
0.0000
0.0000
0.0000
0.2694
0.0000
0.0000
0.0000
0.0000
0.0000
0.0000
0.0000
0.2792
0.6819
0.0000
0.6715
0.1569
0.0000
2.5359
0.0000
0.0000
1.7880
0.8836
0.0000
1.3667
0.1805
1.0142
0.3498
0.0000
0.0000
0.2540
1.9465
0.0000
0.0000
0.0000
0.0000
2.4369
1.3889
0.0000
0.0000
0.0000
1.2232
0.6615
0.0000
0.0000
0.0000
0.2238
0.0000
0.0000
0.0000
0.0000
0.0000
1.6309
0.0000
0.4004
0.9906
0.1354
0.0000
1.6800
1.0096
0.0000
0.0000
0.1140
0.2197
1.2286
0.0000
0.0000
0.0000
0.0000
0.0000
0.0000
2.3581
0.0000
0.6477
0.0000
0.0000
0.0000
0.0000
0.0000
0.0000
0.0000
0.0000
0.0000
0.0000
0.7174
0.2086
0.0000
0.0000
0.9381
1.8015
0.0000
4.0833
0.0000
0.0000
0.0000
0.0000
0.0000
0.0000
0.0000
1.2771
0.0000
0.0000
1.1675
0.1015
0.0000
0.0000
0.0000
0.5798
0.5206
1.6400
0.0000
0.0000
0.0000
0.0000
0.2873
3.1383
0.0000
0.0000
0.0000
0.0000
1.0322
2.1241
0.0000
0.0000
1.2232
0.9948
2.9189
0.0000
0.0000
0.4406
0.0609
0.3230
0.0000
0.0000
1.0252
0.2215
2.0575
0.0000
0.0000
0.0000
0.7020
0.0000
0.4825
0.0000
1.3297
0.5806
0.0000
0.0000
1.6221
0.0000
0.0701
0.2089
0.0000
0.0000
0.0000
0.0000
0.0000
1.9355
0.0000
1.0843
2.5965
0.8181
0.1824
0.0000
1.1212
1.7706
1.8490
0.0000
0.0000
0.0000
0.0000
0.0000
0.2413
3.3884
0.0000
0.0000
0.0000
0.0000
0.0000
1.1389
1.5318
0.0000
0.7940
0.1356
0.0000
0.0000
0.1890
2.2598
3.4232
0.0000
0.2660
0.0000
0.1588
2.9612
2.2481
0.0000
0.0000
0.0000
0.0000
0.5476
2.4624
0.0000
0.0000
2.1246
0.0000
0.0000
0.0000
0.0000
0.7654
1.4531
0.0000
0.0000
0.0000
0.0000
2.1430
2.2835
0.0000
1.4610
0.3950
0.0000
0.0000
0.0000
3.1009
0.0000
2.4251
0.0000
0.3113
2.6247
0.0000
0.6203
0.0000
0.0000
0.7112
0.0436
4.7835
0.0000
0.0000
0.0513
0.0000
0.0000
0.0000
0.0000
0.3093
1.1049
0.0000
0.0000
0.0000
0.0124
0.0000
0.4867
0.5263
4.9578
0.0000
0.0000
0.0000
0.0000
2.2985
0.0000
0.0000
0.0000
0.0000
0.0000
1.8462
0.0000
0.0000
1.5753
0.0000
0.0000
0.8494
0.0000
0.0000
1.4205
0.0000
0.0000
0.0000
0.0000
0.0000
0.0000
0.0000
0.0000
3.9239
0.0000
0.0000
0.0000
0.0000
0.0000
0.0000
0.0000
0.6675
0.0000
0.7539
0.8661
0.0000
0.0000
0.3484
0.0000
2.1376
0.0000
1.5539
2.3175
0.9380
0.0000
0.0000
0.0000
0.0000
0.0000
0.0000
2.2473
0.0000
0.2171
0.2790
0.0000
1.0271
0.0000
0.0000
1.6053
0.0000
0.0000
1.9547
4.4440
0.4777
1.4662
1.1253
0.0000
1.6486
0.0000
0.0000
0.0000
0.0000
0.0058
0.0000
1.2711
0.0000
0.0000
0.6694
0.3085
0.0000
0.0000
0.6872
0.0000
0.0000
0.8919
0.5858
0.6324
0.0000
0.0000
0.0000
2.9808
0.0000
0.0213
0.0000
0.0000
0.0000
1.7162
0.0000
0.0000
0.0000
0.0749
0.0000
0.0000
2.0181
1.1918
2.8774
0.0000
1.5904
0.0000
0.0000
0.5703
0.0000
2.5360
0.0000
0.0057
0.0000
2.0111
1.2281
1.0901
0.0000
0.0000
0.0000
0.0605
2.9915
0.0000
0.0000
0.0000
0.0000
0.5956
0.0000
0.0000
0.0483
1.4277
0.0000
1.2943
1.2424
2.9115
0.3241
0.0000
0.6317
0.2054
3.0767
0.0000
0.0000
0.0000
0.0000
0.0000
1.5880
1.6597
0.0000
0.0000
1.8967
0.0585
0.7972
0.8755
0.0000
0.0000
0.0000
0.0000
3.4252
0.7609
0.7527
0.0000
0.1191
0.0000
0.5828
3.6405
0.0000
0.0000
0.0000
0.6536
2.1756
0.0000
3.4788
0.0000
0.0000
0.0000
1.6664
3.6840
0.0000
0.0000
0.0000
1.8676
0.0000
0.9161
0.0000
0.2041
0.0218
0.0000
0.6555
0.0000
0.0000
0.0000
1.6585
0.0000
0.0000
0.0000
0.7459
0.0000
0.0000
2.3840
0.0000
0.0000
0.0000
0.0000
0.0000
2.1636
0.0000
0.0000
0.1354
1.0153
0.0000
2.2370
0.9398
0.0602
0.0000
0.0000
0.0000
2.1360
0.0000
0.0000
0.0000
0.0000
0.0000
0.0000
1.5514
0.0000
0.5911
0.0000
0.0000
0.0000
0.0000
0.0000
0.0000
0.5915
0.1558
0.8506
0.0000
0.0000
0.0000
0.0000
0.0000
0.0000
0.0000
0.5617
0.0000
1.7888
0.0000
1.1699
0.0000
2.3545
0.0000
0.0000
0.0000
0.0000
0.0000
0.0000
2.3433
0.0000
0.0000
0.0000
0.0000
0.0000
0.4553
1.6958
1.1955
0.0000
0.9144
0.0000
2.6602
0.0000
0.3323
0.0000
1.1327
0.1934
0.0000
0.0000
0.0000
0.0000
1.0235
0.0000
0.0000
0.6933
0.0000
0.0000
4.3902
0.0000
0.0000
1.7635
0.0000
0.0000
0.0000
0.0000
1.8496
0.0000
1.2131
1.9061
0.0000
0.0000
1.4622
2.9111
1.0522
0.0000
3.2047
0.0000
0.0000
0.0000
0.4951
1.0867
0.0000
0.0000
0.0000
0.0000
2.9251
0.0000
0.0000
0.2593
0.0000
0.0000
0.0000
1.6329
0.0000
0.6861
0.5882
0.0000
0.0000
0.0000
0.0000
0.0000
2.0786
0.0000
0.0000
0.0000
0.0000
0.0000
0.0000
0.0000
0.0000
0.0000
0.0000
0.3458
0.0000
1.9288
0.0000
0.0000
0.0000
0.0000
0.0000
0.4007
0.0000
0.0000
0.0000
0.0000
0.0000
0.7383
0.0000
0.0000
0.2070
0.0000
0.8269
0.5186
0.0000
0.0000
0.0000
2.7756
0.4817
0.0000
0.0000
0.0000
0.0000
1.0760
0.0000
0.0000
0.0000
4.1126
1.0014
0.0000
0.0000
0.0000
0.0000
0.0000
0.8874
0.0000
1.7322
0.2395
0.0000
2.0295
3.6199
0.2997
1.0214
0.0000
0.0000
0.0000
0.0000
2.4021
0.0000
0.0000
0.0000
0.0000
0.9644
0.2359
0.2206
0.3111
0.0000
0.0000
0.0000
0.2475
0.2237
0.0000
0.0000
0.0000
0.0000
0.0000
3.4607
0.0000
1.2022
0.0000
0.0000
2.0654
0.0000
0.8892
0.0000
2.1573
0.0000
0.6856
0.8772
0.0000
0.3658
0.3567
0.8125
0.0000
0.0000
0.6158
0.0000
0.0000
0.0000
1.7056
0.0000
0.0000
3.3845
0.0000
0.0000
0.0000
1.0582
0.7793
0.0000
0.0000
0.0000
0.0000
1.1547
0.0000
0.0000
0.2319
3.7289
0.0000
0.0000
0.0000
0.4238
4.6374
0.1607
1.7186
0.0000
0.1966
0.0000
0.0000
0.0000
0.0000
0.0000
0.0000
0.0789
0.6440
2.9254
2.3027
3.9101
1.5388
0.4747
1.2666
0.0000
0.0000
0.0000
0.0000
0.0000
2.9446
0.0000
0.0000
2.9974
0.0000
0.0000
0.0000
0.8721
0.0629
2.5213
0.0000
0.0000
0.0000
0.5415
0.0000
0.6168
1.2964
0.0000
0.0743
0.6880
1.6320
1.3590
0.0704
0.0000
0.4182
0.0000
0.0000
1.0670
1.1272
0.0000
0.0000
0.0000
1.0503
0.0000
1.1243
0.0000
0.9565
0.0000
0.0000
0.0576
1.9276
2.6310
0.0000
0.0000
0.0000
4.4577
0.0000
1.6967
0.0000
0.0000
0.0000
0.0000
2.3090
0.0000
0.0000
0.2380
0.0000
4.2169
0.0000
0.3224
1.5533
0.3627
0.1337
0.7659
1.3141
0.0000
0.7632
0.0000
0.5605
2.0798
0.0000
0.6168
0.0000
0.0000
0.0000
0.0000
0.0000
0.0000
0.6123
1.7098
0.4444
0.4183
0.0000
0.0000
0.0000
4.1213
1.4783
0.9706
0.0000
1.4768
0.0000
0.0000
0.0000
0.0000
1.5631
0.0000
1.3883
2.0040
0.0000
1.7039
0.8069
0.8189
0.0000
0.0000
2.1905
0.0847
0.0000
0.0000
0.0000
0.3077
0.3691
0.0000
0.0000
0.0000
1.2207
0.0000
0.0000
0.5566
0.0600
0.0000
0.0000
0.0000
1.6683
0.3512
1.4042
0.0000
1.8999
0.4279
1.3544
1.5428
0.2913
2.5952
0.4847
0.0000
0.6684
0.0000
0.0000
0.3453
1.6705
0.0000
0.0000
6.7842
0.0000
0.0000
3.2159
0.8181
3.0547
2.4573
0.0000
1.4197
0.3106
0.0000
0.0000
0.0000
0.0000
0.0000
0.0000
1.1957
2.3769
1.1808
0.0000
0.0000
1.5120
0.0000
0.3194
0.7239
0.0000
0.3530
0.0000
0.0000
0.0775
0.0000
