0.3332
0.0000
1.6228
0.0000
1.5508
0.0000
0.4839
0.0000
0.0000
1.7060
0.9857
0.0000
0.0000
0.0047
0.0000
0.0000
0.0000
0.0000
0.0000
0.0000
0.0000
0.0000
0.3867
2.3923
0.3905
1.9887
0.0000
2.6774
0.0000
0.0000
0.1900
0.0000
0.5918
0.0000
1.3447
0.0000
0.0000
0.2817
2.9055
1.5358
0.0000
0.1731
0.0000
0.0000
0.0148
0.2592
0.0000
0.0000
0.1972
0.4430
0.0000
0.0000
0.0000
0.4451
0.0000
0.0000
1.4026
1.2640
0.0000
0.0000
0.0000
0.4033
0.0000
1.6572
0.0000
0.0000
0.0000
0.0000
0.3009
0.0000
0.0000
2.3721
0.2725
0.0000
0.0000
0.7111
0.0000
0.0000
0.0000
0.7934
0.0000
0.0000
0.0000
0.0000
0.0000
0.1573
0.0000
2.5384
0.0000
0.0000
0.2859
0.0000
1.6817
1.1563
0.0000
0.0000
0.0000
0.0000
0.8764
0.0000
0.0000
0.0000
1.2651
0.0000
1.0519
0.4373
0.5878
0.0138
1.2800
2.3776
0.0000
0.0000
0.8987
1.0105
0.0000
0.0000
0.0000
0.0000
0.0000
0.0000
1.0276
1.4220
1.3345
0.6694
0.1805
0.0000
0.4832
0.2761
0.8695
0.4940
0.0000
0.0000
2.5839
0.0000
2.6127
0.0000
1.2343
2.3058
0.0000
2.6634
2.3080
0.0000
1.5886
1.1587
2.5457
0.0000
0.0000
1.2851
0.7247
1.2833
1.0960
1.1153
1.6351
0.0000
0.0000
0.1848
0.0000
1.1739
0.3549
0.0000
0.0000
0.0000
0.7996
0.0000
0.0000
0.1834
0.0000
0.0000
0.0000
3.0167
0.0000
0.0000
0.0000
0.0000
0.0000
0.0000
0.0000
0.8417
0.0000
3.9713
0.9781
2.1657
0.0000
0.7013
0.0000
0.0000
0.7032
0.0000
1.8210
1.3398
0.3465
0.0000
0.0000
0.0000
0.2816
0.0000
0.0000
0.5956
1.9087
2.2294
0.0000
0.0225
0.0000
0.0000
0.0052
0.0000
0.0000
0.4608
0.2247
0.0000
0.9970
0.0000
0.0000
0.8835
0.1315
0.0000
0.0000
0.0000
0.3527
0.0000
0.0000
0.0000
0.0000
0.0000
1.7203
0.0000
0.0000
1.1601
0.0000
1.1072
0.2331
0.3600
0.0000
0.0000
0.5388
0.6046
2.3718
0.0000
0.0000
0.0000
0.0000
0.0000
1.1490
0.0000
0.0000
2.2400
0.0000
0.0000
0.0563
0.0000
0.0000
0.0000
0.0000
0.0000
0.0000
1.1216
0.0000
0.0000
0.8033
0.0000
0.0000
0.0000
0.0000
0.0000
0.1717
0.0000
0.2044
0.1380
0.0000
0.3717
2.0978
0.0000
0.1275
2.4054
0.0000
0.0000
0.4148
0.8150
0.6034
0.0000
1.8524
0.0000
0.7591
0.0000
0.2058
0.1617
0.0000
0.0000
0.0000
0.0000
0.0000
0.0000
0.0000
0.0000
3.0208
0.0000
0.0000
1.0750
0.0000
3.5585
0.0000
0.0000
0.0000
0.0000
0.4446
0.0000
0.0000
0.0000
0.0000
0.0000
0.0000
0.6176
0.0000
2.0773
0.7089
0.0000
0.0000
0.0000
0.0000
2.4463
0.1910
2.0609
0.2035
0.0000
0.0000
1.5912
0.0000
1.6448
0.0000
1.5073
0.0000
0.0000
0.0000
0.0000
0.0000
2.2115
2.2742
0.0000
0.0000
2.4825
0.0000
0.0000
0.0000
0.0000
0.0000
3.4965
0.0000
0.0000
0.0000
0.0000
0.0000
2.8034
0.9378
0.0000
1.0787
0.0000
0.7531
0.0000
1.2432
0.0000
0.0000
0.0000
0.0000
0.0000
0.0000
0.0000
0.0000
0.0000
0.5048
1.1976
0.5581
0.6445
0.0000
0.0000
0.6515
0.0000
0.0000
0.0000
0.0000
0.0000
3.4744
0.0000
0.3356
0.0000
0.0000
0.0000
0.0947
0.0000
0.0000
0.0000
2.8414
0.0000
0.0000
0.0000
0.6878
2.0512
0.0000
0.0000
0.0000
0.3723
0.0000
1.7093
0.0000
0.3648
0.0000
0.0000
0.0000
0.0000
2.0127
0.0000
0.0000
0.0000
0.0000
2.6860
0.3110
2.7632
0.0000
0.0000
0.9343
0.0000
1.2953
0.0000
0.0000
0.0000
0.0000
1.1334
0.0000
1.6114
0.0000
0.7655
0.0000
0.0000
0.0000
0.2969
0.0000
0.0000
0.8085
0.0000
2.6314
0.0000
2.5634
1.0397
0.0000
0.0000
1.8857
0.8326
0.2533
0.0000
1.6790
1.2482
0.0859
0.0000
0.0000
0.5111
0.0000
1.8813
0.0000
1.1921
1.0889
0.0000
0.7235
0.7143
0.0947
0.0000
0.7616
0.0000
0.0000
0.0000
0.0000
0.0000
0.0000
1.0543
0.0233
0.0000
0.0000
1.0384
2.3154
0.0000
0.3355
0.0000
0.0000
0.0000
0.8379
0.8987
0.8198
0.1970
0.0000
1.4349
0.0000
1.9534
0.0000
0.0000
0.0000
0.0000
1.8030
0.5819
0.0000
0.0000
1.1628
0.0000
0.0000
0.0000
3.3123
0.0000
0.0000
0.0000
0.0000
0.0000
0.5418
0.4230
0.4972
1.8308
0.0000
1.1374
0.3680
0.1573
0.0000
1.2282
3.8062
0.0000
2.3436
2.9426
0.0000
1.4302
1.5534
0.5616
0.7252
0.0000
0.0000
0.0000
0.8196
0.6467
0.1080
0.0000
0.0000
2.9564
0.0000
0.1794
0.1152
0.0000
0.0000
0.7777
0.0000
0.0000
0.0000
0.0000
0.0000
0.0000
0.0000
0.0000
0.0000
3.1426
0.0000
0.0000
0.0000
0.0000
0.0000
0.0000
0.0315
0.0000
0.6882
0.5035
0.0000
0.0000
0.0000
1.5250
0.0000
0.0000
0.0000
0.0000
0.0000
0.0000
0.0000
0.0000
0.0000
0.0000
0.4750
1.0984
0.0000
0.0000
0.0000
0.0000
0.0000
0.0000
0.0000
0.0000
0.0000
1.4836
1.7119
0.2771
0.0000
0.0000
0.0000
0.0000
0.0000
0.0000
0.0000
0.0000
1.1773
0.2358
0.0000
2.0782
0.0000
0.0000
0.0000
0.4575
2.5269
0.0000
2.0444
0.0000
0.5888
0.0000
0.0000
3.3701
0.0000
2.1191
0.4728
1.8416
0.0778
0.0000
1.4779
0.0000
0.1701
0.9815
0.0000
1.3292
0.0000
1.0501
0.6341
0.0000
0.0000
0.0000
0.0000
0.0000
0.9736
1.3331
0.0000
1.4955
0.0000
0.0000
0.0000
1.5559
0.0000
0.0000
0.0000
0.0000
0.0000
0.0000
1.9285
0.0000
0.1891
0.0000
1.6040
0.0000
0.0000
0.0000
0.0000
0.0000
0.0000
0.5178
0.0000
0.3601
2.0131
0.0000
0.0000
0.0000
0.3535
0.0000
0.0000
0.0000
0.7925
0.0000
0.0000
0.0000
0.0000
0.0222
0.4858
0.0000
0.0000
0.0000
0.0000
1.3662
0.0000
0.0000
0.0000
0.0000
0.0000
0.8324
0.0000
2.1105
0.1696
0.0000
1.8408
0.0000
0.0000
0.0000
0.0000
0.0000
0.3429
0.0000
2.2192
0.0000
1.4143
0.0000
0.0000
0.2022
0.0000
0.0000
0.0000
2.1888
0.0000
0.7731
0.0000
0.0000
0.0000
0.0000
0.0000
0.0000
0.0000
0.0000
0.0000
0.0000
1.2130
0.9729
0.0000
0.0000
0.0000
0.0000
0.0816
0.0000
0.0000
0.0000
0.1958
0.5295
0.0000
0.0000
0.0000
1.4720
0.0000
3.4304
1.2706
0.0000
0.0000
1.7977
0.0000
0.9223
0.0711
1.0659
0.2658
0.0000
0.0000
0.0000
0.0000
0.0000
0.7853
0.0000
0.0000
0.0000
0.4460
0.0000
0.7792
0.0000
1.6508
0.0000
0.0000
1.4314
0.0000
0.6864
0.0000
0.0000
1.3330
0.3326
0.0000
0.0000
0.7202
0.0000
0.0000
0.0000
0.8690
0.0000
0.0000
0.0000
0.0000
0.0000
0.0000
0.0000
0.7508
0.0000
0.0000
0.0000
0.0000
0.0000
1.3609
0.0000
0.0000
0.0000
0.0000
0.0000
1.4029
0.2638
0.0000
0.0000
1.9793
0.0000
0.0000
0.0000
0.0000
0.0000
0.0000
0.0000
0.4804
0.4625
0.0000
0.8903
0.0000
0.0000
0.1155
0.0000
0.0000
2.1027
1.4044
0.0000
0.4173
0.0000
0.0000
0.0000
0.7484
0.0000
0.5487
0.0000
1.7893
0.2890
0.0000
0.0000
0.0000
0.6004
0.8990
0.0000
0.0000
0.0000
0.0000
0.0000
0.0000
0.8066
0.0000
0.0000
0.0000
0.0000
1.2992
0.0000
0.0000
0.9125
0.0000
0.0000
0.0000
0.0000
0.0000
0.0000
0.0000
0.2197
1.2207
0.0000
0.0000
1.8454
0.0000
0.2853
0.1375
1.7068
0.0000
0.0746
0.0499
0.0000
2.7646
0.0000
0.0000
0.7607
0.0000
2.8198
0.0000
0.3692
0.0000
0.0000
0.0000
0.0000
0.0000
0.0000
0.9835
0.0000
0.0000
0.0000
0.0000
0.0000
0.8483
0.0000
0.8575
0.0000
0.0000
1.4895
0.7074
0.0822
0.0000
0.0000
0.0000
0.0000
0.0000
0.0000
0.0000
0.0000
0.0000
0.1176
0.0000
0.0000
1.7505
0.0000
0.0000
1.1431
0.0000
0.0960
0.0000
0.0000
0.0000
0.0000
1.1753
0.0000
0.0000
0.4436
0.6019
0.0000
0.0000
0.0000
0.0000
0.0000
0.0000
0.5157
1.0724
1.1114
0.0000
0.1070
0.0000
0.0000
1.1435
0.0000
0.0000
0.0000
0.6212
1.0259
0.0746
0.0000
0.0000
3.3321
0.0000
0.1912
0.0000
0.1410
0.0000
0.0000
1.7903
0.0000
0.0000
1.2258
0.0000
0.0000
0.0000
2.2694
0.0000
0.0000
0.0000
0.7568
0.0000
0.0000
0.0000
0.0000
0.0000
0.0000
0.0000
0.0000
1.7001
0.0000
0.7260
0.0000
0.0083
0.2568
0.0000
0.0000
1.5401
0.9932
0.9416
0.0000
0.0000
0.0000
0.6539
0.0000
0.0000
0.0000
0.0000
0.0000
0.0000
0.0000
0.0958
2.2491
0.0000
0.0000
0.0000
0.0000
0.0000
1.8097
0.0000
0.0000
0.0000
2.9098
0.0000
1.0871
0.0000
2.5487
0.0000
0.0000
0.1508
1.9102
0.0000
1.9032
0.0000
1.9917
0.0000
0.0000
0.0579
0.1713
0.1396
0.0000
0.0000
0.6353
0.0000
1.2579
0.9177
1.1763
1.4426
0.0702
0.5755
0.0000
0.4030
0.0000
0.0000
0.1637
0.0000
0.0000
0.0000
0.0000
0.0000
0.0000
0.0000
0.0000
0.2192
0.0000
0.0000
0.0000
0.0000
0.0000
0.0000
0.0000
0.0000
0.0000
3.3385
0.0000
1.7842
0.0000
0.0000
2.0872
1.6713
1.1746
0.0000
0.4298
0.0000
0.0000
0.0000
0.0000
0.0000
0.0000
0.0000
0.0000
0.0000
0.5209
0.0000
0.0000
0.0000
0.0000
0.0000
1.0033
0.0000
0.8999
0.0000
0.0000
0.2305
1.1133
0.0000
0.0000
2.0838
0.0000
0.0000
0.0000
0.0000
0.0000
0.0000
2.0040
0.0000
0.2567
0.4685
0.0000
0.2395
0.0000
0.0000
0.0000
0.0000
0.0000
1.3749
0.0000
0.8710
0.0000
0.0000
0.0000
0.0000
0.3995
0.0000
0.7543
0.0000
0.0000
0.6665
0.0285
0.3096
0.0000
0.0000
0.4087
0.0000
0.6577
0.0000
0.0000
0.0000
0.0000
0.0000
0.0000
0.0000
0.0000
2.3887
0.0000
0.0000
0.0000
0.0000
0.0000
1.8888
0.0000
0.0000
0.0000
0.2918
1.8786
0.7051
0.6507
0.0000
0.0000
0.3321
0.0000
0.0000
0.0000
0.0000
0.9547
0.0000
0.0000
0.0000
0.6127
0.9407
0.0000
0.0000
0.0025
2.1878
0.8538
0.0000
2.1911
2.3908
0.0000
0.0000
0.2032
0.0000
0.0000
0.0000
0.6981
0.3641
0.0000
0.0000
0.0000
0.0000
0.0000
1.3503
0.0000
1.4679
0.6678
0.0000
0.0000
0.5519
0.0000
0.0000
0.0000
0.0000
0.0000
1.9833
2.7483
0.0000
0.0000
0.8499
0.0000
0.8876
0.0000
0.0000
0.0000
3.4747
0.5890
1.0297
0.0000
0.3956
0.0000
0.0000
0.0000
0.2397
0.0000
0.0000
0.0000
0.2848
3.3752
0.0000
0.4030
0.0000
0.0000
0.0000
0.4511
0.0000
0.0000
0.0000
0.0000
0.0000
0.0000
0.4885
0.0000
1.1675
0.0000
0.0000
0.0000
0.7249
0.0000
1.0341
0.0000
0.0000
0.0000
2.4264
0.0269
0.0000
0.0000
2.2895
0.0000
0.0000
0.0000
0.0000
1.2214
0.2351
0.0000
0.0000
0.0000
0.0000
0.8608
0.0000
0.0000
0.0000
0.0000
0.0000
0.0000
0.0020
0.4360
3.2832
0.0000
0.0000
0.0000
1.0127
0.0000
0.0279
1.1990
0.0000
0.0000
0.0000
0.0833
0.0000
0.2956
1.0356
0.0000
0.0000
0.4550
0.0000
1.8495
1.6009
0.0000
0.0000
0.3994
1.4221
0.0000
0.0000
0.0000
0.0952
0.0000
1.4969
0.0000
0.0000
0.0000
0.0000
0.0000
0.0000
0.0000
0.0000
0.0000
0.1208
0.1849
0.0000
2.2665
0.0000
0.0000
0.0000
0.0000
0.0000
1.4287
0.0000
0.0000
1.2249
0.3058
0.0000
0.4895
0.8798
0.0000
0.0000
0.0000
0.0000
0.0000
0.1967
0.4382
0.0000
0.4390
0.0000
0.0000
0.0000
0.0000
0.1150
0.0000
0.0000
0.0000
0.0000
0.0000
0.0000
0.0507
0.0000
0.0000
0.0000
0.1220
1.3756
0.0000
0.5702
0.5131
0.0000
1.0255
0.0000
0.0000
1.1217
0.7483
1.6887
0.0000
0.0000
0.0000
1.6831
1.7069
0.0000
2.0132
0.0000
0.0000
0.0000
0.0000
0.0000
0.0000
1.0698
0.0000
0.0000
0.0000
1.4074
2.4579
0.0000
0.5436
0.4535
0.6305
0.0000
0.2582
1.1395
0.0000
2.2080
0.8646
0.0000
0.8577
0.1695
0.6540
0.0000
4.2511
0.0000
0.3917
0.0000
0.0000
0.5892
0.6224
0.0000
0.4527
0.0000
0.0000
0.0000
0.0000
0.3891
0.1003
0.0000
0.0000
0.0000
1.1687
0.0000
1.2616
0.0000
0.6114
0.0000
0.0000
1.2254
1.5422
0.0000
2.9179
0.0000
0.0000
0.2967
0.8812
0.0000
0.5946
0.0000
1.7255
0.0000
0.0000
0.6389
0.0000
0.0000
0.0000
0.0000
0.0000
0.3915
0.0000
1.3198
1.7877
0.0000
1.1536
0.0000
0.0000
0.0000
0.0000
0.0000
0.8400
0.0000
1.7856
0.0000
0.0000
1.1076
0.0000
1.4307
1.3242
0.0000
0.0000
0.0000
1.4910
0.0000
0.1796
0.0000
0.0000
0.0000
0.0000
0.0000
0.0000
1.8126
0.0000
0.4427
0.0000
0.0000
0.0000
0.1263
0.0000
0.0000
0.9355
2.3362
2.1494
0.0000
0.6909
0.0000
0.0000
0.2608
0.5282
0.0000
0.8312
0.0000
0.0000
0.0000
0.4889
0.0000
0.0000
1.6143
0.2727
0.0000
0.0000
0.0000
0.0000
0.1901
0.3502
0.0000
0.0000
3.1891
0.3906
1.2172
0.9121
0.0000
0.0000
0.0000
1.9723
0.2726
1.0758
0.0000
0.0000
0.0000
1.4258
0.0000
0.0000
0.0299
0.1148
0.0000
0.7341
0.0000
0.0000
0.0000
0.0000
0.0000
0.7811
1.6607
1.1065
0.4360
0.0000
0.0000
0.0000
0.0000
0.0000
0.0000
0.9028
0.0000
0.0000
0.0000
1.5750
0.0253
0.0000
0.0000
0.0000
0.4595
0.0000
0.0000
0.0000
0.1178
1.2831
0.0000
0.7177
0.0000
0.0000
0.0000
0.3702
1.4038
2.4939
0.0000
0.0000
0.0000
0.5386
0.0000
2.7516
0.6803
0.1339
0.3475
0.3755
0.0000
0.0000
0.0000
0.0000
0.0000
0.0000
0.0098
0.0000
0.0000
1.6915
0.0000
0.0659
0.3773
0.0000
1.7654
0.2645
0.0000
0.3431
0.3203
1.6143
0.0000
0.0000
0.8998
1.8243
0.0000
2.3659
0.0000
0.0000
0.0000
0.0000
0.0000
0.0000
0.0044
0.0000
0.0000
2.3264
0.0000
0.2813
1.6620
1.8283
0.8393
0.0364
2.6248
0.0000
0.0000
0.0000
0.0007
0.0974
0.0000
0.0000
0.0000
0.0000
1.3336
0.0000
0.0000
0.8721
0.0000
0.0000
0.0000
0.3424
0.0000
0.0000
0.0000
0.0000
0.0000
0.0000
1.1220
0.1146
0.8769
0.2257
1.3035
0.0000
0.0000
1.3755
0.0000
0.0000
0.8037
0.4914
1.3697
1.2680
0.5958
0.0000
0.0000
0.0000
0.6803
1.4748
0.7953
0.0000
0.0000
0.0000
0.2127
0.0000
0.2169
0.0000
0.2379
0.0000
2.1803
1.9077
0.0000
0.0000
0.0000
0.5956
0.0000
0.0000
0.0000
1.3196
0.0000
0.0000
0.8962
0.0000
0.0000
0.0000
0.0000
0.0000
0.0000
0.0000
0.0000
0.0000
0.7612
0.5530
0.0000
0.0000
0.0000
1.0039
1.1562
0.9786
0.0000
0.8978
0.0000
2.1476
0.0000
0.0000
0.0000
0.0000
0.0000
3.2846
0.8249
0.3699
0.0000
1.1316
0.0000
0.9088
0.0000
0.7596
0.0000
1.1266
0.5223
0.0510
0.0000
0.0000
0.0000
0.2721
0.0000
0.0000
0.5895
1.7967
0.6829
0.8971
0.0000
0.2557
0.0000
0.0000
0.3728
0.0000
0.0000
2.1531
0.1377
0.9449
2.7327
0.0000
0.0000
0.0000
0.9407
0.0000
0.8509
1.3807
1.2418
0.0000
0.4872
0.0000
0.9100
1.8921
0.0000
0.2484
0.0000
1.3418
1.6770
0.0000
0.0000
0.0000
0.0000
0.0000
0.0000
0.6990
2.0530
0.0000
0.0000
2.4260
0.4683
1.7700
0.0000
0.0000
0.0000
0.5195
0.0000
0.0000
0.2866
0.7659
0.2271
0.0000
2.9815
0.0000
0.7560
0.0000
1.6269
0.4502
0.0000
0.0000
0.0000
0.0000
1.7215
0.7500
0.0000
0.3445
2.5844
0.0000
0.0000
2.8452
0.0000
0.0000
0.9973
0.0000
1.2235
0.0000
0.0000
1.4700
0.2082
0.0000
0.0000
0.7175
0.0000
2.5117
0.0000
0.0000
0.0000
0.0000
3.2265
0.0000
2.3684
0.1534
0.9807
0.0000
0.0000
0.0000
0.0000
0.0000
0.0000
1.5741
0.0000
0.2668
0.0000
0.0000
0.0000
0.0000
0.0846
0.0000
1.0575
0.0000
0.0000
0.0000
0.6776
1.0352
0.0000
0.0000
0.0000
1.2018
0.0000
0.0000
0.0000
0.2210
0.6045
0.2651
0.0000
0.0000
0.0000
0.7301
0.0000
1.6402
0.0000
0.0000
0.0000
0.5946
0.0000
1.9054
0.0000
0.0000
0.0000
0.0000
0.0355
0.0000
1.9801
0.0000
0.6515
0.0000
0.0000
0.1651
0.0000
1.3622
0.0000
0.0000
0.0000
1.9814
0.0000
0.0000
0.0000
0.0000
0.0000
0.1569
0.0000
0.0604
0.0000
0.0000
0.0000
0.0000
1.5413
1.3501
0.0000
0.0000
0.0000
1.4137
0.9051
0.4646
0.0000
0.3326
0.0000
1.6870
0.0000
0.0000
0.0244
0.0000
1.5682
0.4804
0.0000
0.7884
0.0000
0.0000
0.4341
0.0000
3.5931
0.0000
0.0000
0.9887
0.0000
0.0000
0.0000
0.0000
0.0000
0.0000
0.8998
0.5025
0.0000
1.9096
0.0000
0.0000
0.0000
0.0000
0.2472
0.0000
0.0000
1.2156
0.8798
0.0000
1.7973
2.0190
1.4617
0.0000
1.0267
0.0000
0.0000
0.0000
0.0000
0.0000
1.8014
0.0000
0.0000
2.3051
1.2829
0.0000
0.0000
0.0000
1.8607
1.0095
0.0000
0.0000
1.4684
0.0000
0.0000
0.0000
0.0000
0.5896
0.4267
0.0000
0.0000
0.0000
0.0000
1.5801
0.0000
0.9851
0.0000
0.0000
0.0000
0.2512
0.2466
0.0000
0.0000
0.0000
2.4136
0.6539
0.0000
0.0000
0.3823
0.0000
0.0000
3.3852
0.1850
0.0000
0.0000
0.0000
0.7163
2.2627
1.3853
0.0510
0.0000
0.0000
0.0000
0.0000
3.5722
0.9829
0.0000
0.0000
1.5418
1.1372
0.0000
0.0000
0.0000
0.1609
0.0000
0.0000
0.0000
0.0000
0.0000
0.2262
0.3710
1.7845
0.0000
0.4257
0.0000
0.0000
0.3363
0.5474
0.3300
1.2327
0.3221
0.0000
0.0000
0.7111
0.0000
1.6663
0.7716
0.0855
0.2335
0.0000
0.4148
0.0000
0.0000
0.0000
0.0000
0.0000
0.6565
0.0000
2.6644
0.0000
0.3775
0.0000
0.0000
0.0000
0.0000
0.0000
0.0000
0.0000
0.0000
0.0000
0.0000
0.0000
0.0000
0.0000
0.0000
0.0000
0.0000
1.4002
0.0000
0.0000
0.0000
0.0000
0.0450
0.0033
1.3872
0.0000
0.0000
0.0000
0.0000
0.6009
0.0000
0.0000
0.0000
0.0000
0.0000
0.1471
0.0000
1.3174
0.0000
0.2401
0.0613
0.0000
0.0000
0.0000
0.0000
0.1336
1.7997
1.7755
0.0000
1.2209
0.0000
2.5424
0.0000
0.0000
0.0000
0.0000
0.0000
1.1089
0.0000
0.4310
1.8456
0.0000
2.2419
0.0000
1.2797
0.0000
0.1012
1.0614
0.0000
0.0000
0.0000
0.0000
0.0000
0.0000
0.0000
0.0000
0.0000
0.0985
0.0000
0.0000
0.0000
1.5271
1.7371
1.6000
2.5307
0.0000
1.6554
0.8578
1.8871
0.1408
0.0000
0.0000
0.2237
0.8966
0.5581
1.4029
0.0000
0.0000
0.0000
1.6538
0.0000
0.0000
0.0000
0.0000
0.0000
0.0000
0.0000
0.0000
0.0000
0.2806
0.0000
0.0000
0.0989
0.9621
0.0000
0.1217
0.0000
0.0000
0.6286
0.0000
0.0000
0.0000
0.1327
0.0000
0.0000
0.0000
2.2049
0.5883
0.0000
0.0000
0.0000
0.0000
0.2510
0.0000
0.0000
0.0000
0.0000
0.0943
0.0000
0.0000
1.9176
0.4202
0.0000
0.0000
0.3077
1.1113
0.3359
0.0000
0.0000
0.0563
1.5092
0.0000
0.0000
0.0000
0.0537
1.5924
0.0000
1.6295
0.0000
0.0000
0.0000
0.5230
0.2637
0.0000
2.6166
0.2946
0.0000
2.7777
0.0000
0.1706
0.0000
0.6679
0.0000
1.9908
0.8854
0.0000
0.7712
0.2787
0.0000
1.3944
0.0000
0.0000
0.0000
0.0000
0.0000
0.0000
0.8062
0.0000
0.0000
0.3951
0.0000
0.0000
0.8202
0.0000
1.2023
0.0000
0.0000
0.0000
0.0000
0.0000
0.0000
0.0000
0.5834
0.0000
0.0000
0.4795
0.0000
0.0000
2.4854
0.7205
1.3191
0.1954
0.0000
0.0000
0.0000
0.0000
0.5223
0.0000
0.0000
0.0000
0.0843
1.0920
0.0000
0.0000
1.3939
0.0000
0.0000
1.7621
0.0000
0.0000
0.0000
0.0000
0.0874
0.9537
0.0000
0.4517
0.0000
0.0000
0.0000
0.0391
0.7180
0.8219
0.0000
0.7719
1.5126
0.0000
0.0000
1.2978
0.0847
0.0000
0.0000
0.0000
0.6846
1.2034
0.7768
0.0000
2.3997
0.0000
1.7311
4.4674
0.0000
0.0000
1.3974
0.0000
1.1499
0.0000
0.0000
0.0000
0.0000
0.0000
0.0000
0.0000
0.0000
0.0000
0.0000
0.0000
0.0000
0.0000
0.0000
0.0000
1.2360
0.0000
0.0000
1.4858
0.0000
0.0000
2.9632
0.0000
0.0000
0.6248
0.0000
0.0000
1.3425
0.5045
0.0000
0.0000
1.9369
0.0000
0.0000
0.0000
0.8033
0.0000
0.0000
1.8484
0.0000
0.0000
0.0000
0.0000
0.0000
1.8342
0.0000
0.0000
0.9155
0.1391
0.2992
0.0000
0.3096
0.3137
0.0000
0.0000
1.1318
0.5633
0.0000
0.0000
0.3399
0.1988
0.4371
0.1625
0.0000
0.3209
0.4770
0.0000
0.0000
0.0000
0.0000
0.3136
0.0000
0.0000
0.0000
0.0000
0.0131
0.0000
0.0000
2.5054
0.0000
0.0000
1.5458
0.0000
0.0000
0.0000
0.0000
0.0445
0.0000
1.2505
0.0000
0.0000
0.0000
0.0000
0.0000
0.7863
0.0000
0.0000
0.0000
0.0000
0.0000
0.4344
1.6616
0.0000
0.2303
0.0000
0.0000
0.0000
0.0000
0.0000
0.1408
3.1856
0.0000
2.0851
0.0000
0.0000
0.0000
1.4207
0.5361
0.0000
0.0241
0.9781
1.6151
0.0000
0.0000
0.0000
0.0000
0.9262
0.0000
0.0000
3.0943
0.1977
0.0000
0.0000
0.0000
3.2140
1.9029
0.3734
0.0000
0.0000
0.0000
0.6974
0.0000
0.0000
0.0000
0.0000
0.0000
0.0000
0.0000
0.0000
0.0000
0.0000
0.0000
1.9328
0.5034
0.0000
0.0000
0.2397
0.0000
0.6856
0.0000
0.0000
1.4658
0.0000
0.8284
1.3434
0.0000
0.0000
0.4862
0.0000
0.9622
0.0000
0.0000
2.2848
0.4796
0.0000
2.2142
0.0000
0.0000
0.0769
0.0000
0.0000
0.0000
0.0000
0.5139
0.0000
1.5011
0.1569
0.0000
0.0000
0.0000
0.2685
1.0134
0.6836
0.0000
0.0000
0.0000
0.0505
0.0952
0.0000
0.0000
0.0000
0.0000
1.2379
0.0000
0.0000
0.0000
0.0000
0.0000
0.0000
2.1764
0.0000
0.0397
0.0000
0.0000
2.2183
0.0000
0.0000
0.9246
0.0000
0.0000
0.0000
0.7443
1.1368
0.0000
0.0000
0.0000
0.0000
0.0000
0.0000
0.0000
0.8346
0.5187
1.8964
0.0000
0.0000
1.7253
0.0000
2.8440
0.3007
0.0000
0.0000
0.3481
0.0000
0.0000
0.8166
2.0995
0.0000
0.0000
1.6647
0.9459
0.0000
1.0215
0.0000
1.5324
0.0000
2.8807
0.0570
0.0000
0.0000
0.0000
0.0000
0.7228
0.0000
0.0000
2.1551
0.0000
0.0000
0.1273
1.2371
0.8077
0.0000
0.0000
1.7915
0.2101
0.0000
0.0000
1.2133
1.4940
1.0485
0.0000
0.0000
1.4424
0.1334
0.0000
0.0000
1.5245
2.6928
3.9216
0.0000
1.8459
3.5857
0.0000
0.0000
0.0000
0.0000
0.0000
0.0000
0.0622
0.0000
0.0000
1.7908
0.0000
0.0000
0.0000
0.6821
0.0000
1.7250
0.0000
1.8708
0.0000
0.0000
0.0000
1.8715
0.0000
1.8292
1.4471
0.0000
0.0000
0.8505
0.0756
2.9876
0.0000
0.0000
1.9147
0.1496
0.7163
0.0000
0.0000
0.1223
3.0653
0.0000
0.1657
0.0000
0.0000
0.0000
0.7420
0.0000
0.0000
0.0000
1.9093
1.5235
0.0000
0.0000
0.0000
0.0000
0.0000
1.1020
0.0000
0.0000
0.0000
0.0000
0.0000
0.0000
0.3193
0.0218
0.0000
0.0663
0.2113
1.3581
0.0000
1.9603
0.0000
0.0000
0.0000
0.8082
1.0110
0.7376
0.0000
0.0000
0.0000
0.0000
0.0000
0.0000
0.8594
0.9398
1.8639
0.0000
1.3859
0.0000
0.0000
3.0848
0.0000
0.3639
0.0011
0.1971
0.0000
0.8253
0.1774
0.0000
0.2220
0.0000
0.0000
1.5895
1.0971
0.0000
0.0000
0.1208
1.6624
0.0000
1.5293
3.4962
0.0000
0.0000
0.2702
0.0000
0.0000
0.0000
2.0272
0.0000
0.0000
0.0000
0.0000
0.7662
0.0000
0.5966
0.0000
0.0000
0.0000
0.0000
2.5206
1.9045
0.0000
0.5747
1.8722
0.7933
0.0000
0.0000
0.0000
0.0000
0.5168
0.0000
0.0000
0.0000
0.9272
0.0000
0.4085
1.5113
0.0000
0.0000
0.0000
0.0000
0.2772
0.0000
0.0000
0.0000
1.6992
2.3322
0.7482
0.0000
0.0000
0.0000
0.0000
1.1428
0.0000
0.0000
0.0000
0.5613
1.1452
1.2132
0.0000
1.7116
2.4168
0.1768
0.0000
0.0000
0.1913
1.9333
0.0000
0.0000
0.0000
0.0000
0.0000
0.0000
0.2140
0.0000
0.0000
0.0000
0.0000
1.0388
1.4781
1.5594
0.0000
0.0000
0.0164
0.0000
0.0000
2.0634
0.0000
0.0000
0.0000
0.0000
2.7046
0.6349
0.0000
0.0000
2.7401
0.0000
0.0000
1.3693
1.4642
0.8080
0.0000
1.2031
0.4468
0.0000
0.0000
0.0000
0.0000
0.0000
0.3206
0.0734
1.0388
0.0000
0.6013
3.2053
0.8155
2.7836
0.0000
0.0000
0.0000
0.0000
0.0000
0.0000
0.0000
0.0000
0.6372
0.0000
0.0000
0.0000
0.7769
0.1620
0.0000
0.0000
0.0000
0.0000
0.0000
1.0346
0.0000
0.0000
0.3317
1.2709
0.2985
0.4989
0.0000
0.2772
0.0000
1.2175
1.8594
0.0000
0.0000
0.0000
0.0000
0.0000
0.0000
0.0000
0.7620
0.0000
0.0000
0.0000
0.0000
0.0000
0.0000
0.0000
0.0000
1.9766
0.0000
1.2172
0.1843
0.0000
0.0000
0.0000
0.5505
0.3049
0.0000
0.0000
0.0000
0.0000
1.1889
0.2642
0.0000
0.0000
2.0908
0.8879
0.0000
0.0000
0.9491
0.0000
1.0352
0.0000
0.0000
0.0000
0.0000
0.0000
2.3516
0.0000
0.0000
0.0000
0.0000
1.1321
0.0000
0.0000
0.0000
0.0000
0.0000
0.0000
0.0000
0.0143
0.3340
0.7425
0.0000
1.6237
0.9078
0.0000
3.2993
0.0000
0.5603
2.9555
1.0384
0.0000
0.5451
0.0000
0.0000
1.1730
0.0000
0.0000
0.0000
0.0682
1.2687
0.0000
0.0000
0.0000
1.5094
0.0000
0.8597
0.0000
1.9744
0.0000
0.0000
0.7773
1.2047
3.2812
0.0000
0.0000
0.0000
0.0000
1.4893
1.4684
0.0000
0.2804
0.0000
0.1568
1.6413
0.3308
0.0000
2.5294
0.0000
0.0000
1.9297
0.0000
0.7220
0.0000
0.0000
0.0000
0.2001
1.9135
0.0000
0.0000
0.0000
0.0000
0.0000
0.4170
0.0000
0.0326
1.2371
0.4591
0.0000
0.0000
0.3700
0.0000
0.0000
1.2884
0.0000
0.0000
0.0000
0.0000
0.0000
2.1963
0.5311
0.0000
0.2067
0.0000
0.0000
1.5895
0.0000
0.4709
0.0000
0.0000
0.3848
1.8586
0.0000
0.0000
0.0000
1.5329
0.0000
0.0000
0.9318
0.0000
0.0000
1.6302
0.6124
0.0000
0.0000
0.0000
0.0000
0.0000
0.0000
0.4607
0.0000
0.7021
1.6848
0.0749
0.1907
0.0000
1.2693
0.0000
0.0000
0.0000
0.0000
1.1792
0.7499
0.0000
0.0000
0.0000
0.0292
0.0000
0.0000
0.0000
0.0000
0.0000
0.0000
0.4371
0.0000
0.7147
0.0000
0.8515
0.0000
0.0000
1.2418
1.6841
2.0237
0.0000
2.6638
0.2884
1.3855
0.0000
0.7145
0.0000
0.0000
0.0000
0.0000
0.0000
0.0000
0.0000
0.0000
0.0000
0.0000
0.0000
0.0000
0.0000
0.7965
0.3872
0.0000
0.0000
0.0000
0.7110
0.0000
0.0000
0.2531
0.6191
0.0000
0.0000
0.0000
1.9886
0.3873
0.2773
0.0000
0.5425
0.0000
0.0000
0.0000
0.0000
0.0000
0.0000
0.0000
0.0000
0.1555
0.0000
0.0000
0.0000
0.2523
0.0000
0.0519
0.3746
0.0000
0.0000
0.0000
0.3743
0.0000
1.0360
0.0000
1.4751
1.1072
0.0000
0.0000
0.0000
0.0000
0.0000
0.0000
0.4682
1.7671
0.6539
0.0000
1.1524
0.9695
0.0000
0.0000
0.0000
0.0000
0.0949
0.0000
0.0000
1.6357
1.0361
0.0000
0.0000
0.0000
0.0000
0.0000
1.4287
0.0000
0.0000
0.0000
1.4988
0.0000
1.7558
0.8629
1.7888
0.0000
0.0000
0.0000
0.0000
1.0164
0.7081
4.0595
0.1794
0.0000
0.5776
0.0000
0.0000
0.0000
0.0000
0.1751
0.7660
0.0000
0.0000
0.0000
0.0000
0.0000
0.0000
0.0000
0.0094
0.5194
0.2886
0.1182
0.9420
0.0000
0.9795
0.0000
0.0000
0.0000
1.1688
0.1503
1.0628
0.8475
0.0000
0.6202
0.0000
0.0000
0.0854
0.1698
0.0000
0.0000
0.0000
0.0000
1.0098
1.3355
0.0000
0.0000
0.0000
1.1834
0.9423
0.0000
0.0000
0.0000
0.2755
0.0000
0.0000
0.0000
0.0000
0.0000
1.3879
0.0000
0.2005
0.0000
0.0000
0.0000
1.3414
0.0874
0.0000
0.4895
0.0000
0.0815
0.6077
0.0000
0.2636
0.0000
0.2936
0.0000
0.0000
1.7175
0.0000
0.4834
0.0000
0.0000
0.0000
0.0000
0.0000
0.0000
0.9794
0.0000
0.0000
0.0000
0.0000
0.0000
0.0000
0.0000
0.1304
2.1945
0.0000
3.2062
0.0000
0.0000
0.0000
0.0000
0.0000
0.0000
0.0000
0.5458
0.0000
0.0000
0.5900
0.0000
0.0000
0.0000
0.0000
1.6786
1.0436
0.7026
0.0000
0.0000
0.0000
0.4903
0.5972
0.9447
0.0000
0.0000
0.0000
0.0000
0.8063
1.0470
0.0000
0.0000
1.8471
2.9590
1.1102
0.0000
0.0000
0.2462
0.0000
0.9346
0.0000
0.0000
1.2925
0.0787
1.6961
0.0000
0.0331
0.7586
1.1593
0.0000
0.8609
0.0000
1.8311
0.8243
0.0000
0.0000
1.2591
0.0000
1.1257
0.7403
0.0000
0.0000
0.0000
0.0000
0.0000
1.3237
0.0000
0.0000
1.9597
0.0000
0.0000
0.0333
0.6593
1.3735
1.8590
0.0000
0.0000
0.0000
0.0000
0.0000
0.6342
2.8883
0.0000
0.0000
0.0000
0.0000
0.0000
0.0000
1.2013
1.1902
1.8552
0.4256
0.0000
0.0000
0.4859
1.4543
2.3512
0.0000
0.0000
0.0000
0.0766
2.5030
2.0665
0.0000
0.0000
0.0000
0.0000
0.0000
2.2671
0.0000
0.0000
2.4412
0.0000
0.0000
0.0000
0.0000
1.6586
1.7299
0.2160
0.0000
0.0000
0.0000
0.8272
1.5600
0.0000
0.3468
0.0000
0.4246
0.0000
0.0000
1.4711
0.0000
1.0760
0.0000
0.0000
0.4195
0.0000
0.0000
0.0000
0.0000
0.0000
0.0000
3.4227
0.0000
0.0000
0.0000
0.0000
0.0000
0.0000
0.0410
0.8881
0.0000
0.0000
0.2076
0.0000
1.9336
0.0000
0.0000
1.8511
4.5515
0.0000
0.0000
0.0000
0.0000
2.6057
0.0000
0.0000
0.2976
0.0000
0.0000
1.4274
0.0000
0.0000
1.6365
0.0000
0.0000
0.2379
0.0000
0.0000
0.5116
1.5765
0.0000
0.0000
0.0000
0.0000
0.0000
0.2804
0.0000
3.5172
0.0000
0.3491
0.0000
0.0000
0.0000
0.0000
0.4415
0.0000
0.0000
0.4250
0.2344
0.3450
0.0000
0.0000
0.0000
0.8215
0.0000
2.4866
2.0769
0.2489
0.0000
0.0000
0.0000
0.0000
0.0000
0.0000
2.6787
0.0000
0.0000
0.0000
0.0000
1.1192
0.0000
0.0000
0.0000
0.0000
0.0000
0.7280
4.1141
0.1690
0.7449
0.0000
0.0000
2.0765
0.6669
0.0000
0.0000
0.0000
0.6903
0.0000
2.5906
0.0000
0.0000
0.0000
0.2380
0.0000
0.0000
0.0000
0.0000
0.0000
0.0000
0.0000
0.0000
0.0000
0.0000
0.0000
4.3996
0.0000
0.0000
0.0000
0.0000
0.4373
2.3747
0.0000
0.1170
0.0000
0.0000
0.1558
0.0000
1.5596
0.5123
2.9394
0.0000
0.3754
0.0000
0.0000
0.8284
0.0000
2.7483
0.0000
0.0000
0.0756
2.0119
0.0000
0.7844
0.0000
0.0000
0.0000
0.6085
3.7763
0.0000
0.0000
0.0000
0.0000
0.0000
0.0000
0.0000
1.0691
2.2453
0.0000
0.0000
2.3863
3.2103
0.2015
0.0000
0.4971
0.5999
1.5570
0.0000
0.0000
0.0000
0.0000
0.0000
0.3337
1.4828
0.0000
0.2030
3.4056
0.0000
1.1544
0.1985
1.3518
0.0000
0.0000
0.8737
3.1269
1.0903
0.3572
0.0000
0.0000
0.0000
1.1669
2.7322
0.0000
0.0000
0.0000
1.4535
0.9784
0.0000
0.8517
0.7131
0.0000
0.0000
1.0870
1.4119
0.0000
0.0000
0.0000
0.0969
0.0000
1.8841
0.0000
0.1233
0.4392
0.0000
0.0000
0.0000
0.0000
0.0000
0.6874
0.0000
0.0000
0.0000
0.2677
0.8688
0.0000
0.8225
0.0000
0.0000
0.0000
0.0000
0.5093
0.4741
0.0000
0.0000
0.1683
1.7429
0.0000
2.0697
0.0000
0.0000
0.0000
0.0000
0.0000
1.3848
0.0684
0.0000
0.3065
0.0103
0.0000
0.0000
0.7891
0.4138
0.3940
0.0000
0.0000
0.0000
0.0000
0.0000
1.3559
1.2998
0.0000
1.1288
0.0000
0.0000
0.0000
0.0000
0.0000
1.6975
0.0000
0.7444
0.0000
1.5418
0.2052
1.2149
0.0000
2.2541
0.3267
0.0000
0.0000
0.0000
0.0000
0.0000
2.1029
0.0000
0.0000
0.0000
0.0000
0.0000
0.0000
0.1529
0.0000
0.0000
0.9080
0.0000
1.3658
0.0000
0.0000
0.0000
0.7669
0.3529
0.0000
0.0000
0.0000
0.0000
1.3336
0.0000
0.0000
0.2829
0.0000
0.0000
2.1516
0.0000
0.0000
2.1643
1.0108
0.0000
0.0000
0.0000
1.0828
0.0000
0.5420
1.4210
0.0000
0.0000
3.1821
3.1135
0.0847
0.0000
3.1795
0.0000
0.0000
0.0000
0.1460
1.3680
0.0000
0.3008
0.0000
0.0000
0.8901
0.0000
0.0000
0.2428
0.8614
0.0000
0.0000
0.4392
0.0000
0.6262
1.0921
0.0000
0.0000
0.0000
0.0000
0.0000
0.5369
0.0670
0.0000
0.0000
0.0000
0.0000
0.0000
0.0000
0.0000
0.0000
0.0000
0.0000
0.0000
0.5152
0.0000
0.0000
0.1054
0.5360
0.0000
0.0000
0.0000
0.0000
0.0000
0.0000
0.4576
0.0362
0.0000
0.0000
0.0000
0.0000
1.8027
0.0000
0.0000
0.0000
0.0000
1.0982
1.3943
1.7502
0.0000
0.0000
0.0622
1.7560
0.0000
0.0000
0.0000
2.8534
0.6576
0.0000
0.0000
0.0000
0.0000
0.0000
0.1017
0.0000
2.0162
0.6786
0.0000
0.8202
3.1676
0.1252
1.4868
0.0000
0.0000
0.0000
0.0000
2.4724
0.0000
0.0000
0.0000
0.0000
1.2581
0.2787
0.0000
0.7176
0.0000
0.0000
0.0000
0.7078
1.2081
0.0000
0.0000
0.0000
0.0000
0.0000
2.8323
0.0000
1.3240
0.0000
0.2960
1.3706
0.0000
0.5634
0.0000
2.2419
0.0000
0.1321
1.1878
0.0000
0.0000
0.5275
0.9288
0.0000
0.0000
1.9099
0.0000
0.0000
0.0000
0.2644
0.0543
0.0000
1.4924
0.0000
0.0000
0.0000
1.9164
1.6485
0.9668
0.0000
0.3746
0.5662
0.0000
0.0000
0.0000
1.2888
2.2639
0.0000
0.0000
1.1242
0.0000
4.0209
0.7517
1.6391
0.0000
1.8707
0.0271
0.0000
0.0000
0.0000
0.0000
0.0000
0.0000
0.0000
2.3031
2.2417
2.8006
0.0000
0.0000
0.5626
0.0000
0.0000
0.0000
0.0000
0.0000
1.8118
0.0000
0.0000
1.9589
0.0000
0.0000
0.0000
0.5645
0.8033
0.0000
0.0000
0.0000
0.0000
0.5371
0.0000
0.0130
0.6074
0.0000
0.8378
0.0000
1.3471
1.6454
0.0000
0.0418
0.0000
0.0000
0.0000
1.1790
1.2885
0.0000
0.0000
0.0000
0.1960
0.9464
0.7390
0.0000
0.0000
0.0000
0.1372
0.0000
2.1442
1.7445
0.0000
0.0000
0.0000
2.2243
0.0000
1.5510
0.0000
0.0000
0.0000
0.0000
0.0000
0.0000
0.0000
0.0000
0.0000
2.8707
0.0000
0.4411
1.5586
0.0000
1.0454
0.0000
1.9768
0.0000
0.0000
0.0000
1.2373
1.1457
1.1367
0.6495
0.0000
0.0000
0.0000
0.0000
0.0000
0.0000
0.4069
1.7725
0.0000
0.0000
0.0000
0.0000
0.0000
3.4151
0.3473
0.8904
0.0000
0.2966
0.3826
0.0000
0.0000
0.0000
1.4525
0.0000
0.7860
1.1438
0.0000
2.3218
1.4070
0.0000
0.0000
1.3886
0.6077
0.0000
0.0000
0.0000
0.0000
0.7283
0.7392
0.0000
0.0000
0.0000
0.0000
0.0000
0.0000
0.8085
0.4395
0.2349
0.0000
0.0000
1.4216
0.0000
0.0000
0.0000
1.5545
0.2376
0.0000
0.9014
0.6089
0.5491
0.0000
0.0000
0.1983
0.0000
0.0000
0.0000
0.7315
0.0023
0.0000
4.2505
1.6104
0.0000
2.6086
0.7695
0.4828
1.1870
0.0000
1.6142
0.8778
0.0000
0.0000
0.0000
0.0000
0.0000
0.0000
0.0000
0.9108
0.8449
0.0000
0.0000
0.0000
0.0000
0.0000
1.2404
0.0000
0.5677
0.0000
0.0000
0.5868
0.0000
