0.3834
0.0000
2.1093
0.0284
1.2708
0.0000
0.2605
0.0000
0.0000
1.7500
0.5275
0.0000
0.0000
0.0000
0.0000
0.0000
0.0000
0.0000
0.0000
0.0000
0.0000
0.0000
1.2038
2.4739
1.2506
2.4571
0.0000
3.1966
0.0000
0.0000
0.3310
0.0000
1.8912
0.0000
1.6818
0.0000
0.0000
0.3350
3.0857
1.6778
0.0000
0.4453
0.0086
0.0000
0.0000
0.3571
0.0000
0.0000
0.3568
0.9698
0.0000
0.0000
0.0000
0.0000
0.0000
0.0000
1.0596
1.1357
0.0000
0.0000
0.0000
0.9489
0.0000
2.0399
0.0000
0.0000
0.0000
0.0000
0.6080
0.4532
0.0000
2.6405
0.3871
0.0000
0.3764
1.0942
0.0000
0.0000
0.0000
1.3715
0.0000
0.0000
0.0000
0.0000
0.0000
0.0000
0.0000
2.5943
0.0000
0.0000
0.7998
0.0000
1.9612
1.2756
0.0000
0.0000
0.0000
0.0000
0.6059
0.0000
0.0000
0.0000
0.6412
0.0000
1.4003
0.6327
0.5046
0.3633
0.8756
2.8950
0.0000
0.4786
1.1621
0.5411
0.0000
0.0000
0.1587
0.0000
0.0000
0.0000
1.2954
1.1563
1.2991
0.7814
0.0000
0.0000
0.0000
0.1857
1.5637
0.6417
0.0000
0.0000
2.2260
0.0000
2.3109
0.0000
1.8047
2.9141
0.0000
2.1336
2.1953
0.0000
1.0494
1.4018
1.8245
0.0000
0.0000
0.4243
1.0278
1.1119
1.1655
1.0160
1.3387
0.0000
0.0000
0.0597
0.0000
1.1462
0.5122
0.0000
0.0000
0.0348
1.2835
0.0000
0.0000
0.3692
0.0000
0.0000
0.0000
2.4049
0.0000
0.0000
0.0000
0.0000
0.0000
0.0000
0.0000
0.4734
0.0000
4.2311
0.8427
1.7581
0.0000
0.3868
0.0000
0.0000
1.4649
0.4121
2.3896
1.5186
0.0000
0.0000
0.1137
0.0000
0.6075
0.0000
0.0000
0.0764
2.0775
2.0295
0.0000
1.2538
0.0000
0.0000
0.0000
0.0000
0.0000
1.1155
1.0527
0.0000
0.0000
0.0000
0.0000
1.2717
0.0000
0.0000
0.0000
0.0000
0.0000
0.1038
0.1477
0.0000
0.2224
0.0000
1.3385
0.0000
0.0000
0.9128
0.1858
1.6088
0.0890
1.0589
0.0000
0.0000
0.3768
0.5078
2.7128
0.0000
0.3278
0.0000
0.0000
0.0000
0.4290
0.0000
0.0000
1.5456
0.0000
0.0000
0.0461
0.0000
0.0000
0.0000
0.0000
0.0000
0.0000
1.1168
0.0000
0.0000
0.9113
0.0000
0.0000
0.1913
0.0000
0.0904
0.6827
0.0000
0.9737
0.7353
0.0000
0.7361
1.0536
0.4244
0.1063
1.9801
0.0000
0.0000
0.4224
1.0825
0.0000
0.0000
2.0200
0.0000
0.8594
0.0000
0.4070
0.2111
0.0000
0.0000
0.0000
0.0000
0.0000
0.0000
0.0000
0.0000
2.2545
0.0000
0.0000
1.1860
0.0000
3.5792
0.0000
0.0000
0.0000
0.0000
0.6119
0.0000
0.0000
0.0000
0.0000
0.0000
0.0000
0.5400
0.5191
2.3239
0.7186
0.0000
0.0000
0.0000
0.0000
2.4421
0.1275
2.2949
0.2445
0.0000
0.0000
2.2599
0.3087
2.5925
0.0000
2.0469
0.0000
0.0000
0.0000
0.0000
0.0000
2.3901
1.9981
0.0000
0.0000
2.5007
0.0000
0.0000
0.0000
0.0000
0.0000
3.7492
0.0000
0.0000
0.0000
0.0000
0.0000
2.9359
0.6612
0.0000
1.1426
0.0000
0.4461
0.0000
1.1355
0.0000
0.0000
0.0000
0.0000
0.0000
0.0000
0.0000
0.2133
0.0000
0.9214
1.3527
0.3078
0.4820
0.0000
0.0000
0.0678
0.0000
0.0000
0.5498
0.0000
0.0000
4.1867
0.0000
0.9874
0.0000
0.0000
0.0000
0.0000
0.0000
0.0000
0.0000
2.6480
0.0000
0.0000
0.0000
0.6324
1.3309
0.0000
0.0000
0.0000
0.4024
0.0000
2.1631
0.0000
0.2029
0.0000
0.0000
0.0000
0.0000
2.5332
0.0000
0.0000
0.0000
0.0000
2.4813
0.0000
2.7171
0.0000
0.1513
2.2455
0.0000
1.1296
0.3588
0.0000
0.0000
0.0000
1.1844
0.2975
1.6899
0.0000
0.9011
0.0000
0.0000
0.0000
0.3573
0.0000
0.0000
0.1933
0.0000
2.5019
0.0000
2.0880
1.0097
0.4739
0.0000
1.9732
1.7073
0.5626
0.0000
1.8641
1.5637
0.2152
0.0000
0.0191
0.6244
0.0000
2.0086
0.0000
0.9558
0.9584
0.0000
0.7808
0.9128
0.8893
0.0000
0.4848
0.0000
0.0000
0.0000
0.0000
0.1581
0.0000
0.7556
0.6682
0.0000
0.0000
0.7514
1.7635
0.0000
0.0000
0.0000
0.0000
0.0000
1.0212
0.9760
0.7901
0.2886
0.0000
1.2388
0.0000
0.7712
1.0202
0.0000
0.0000
0.0000
2.1721
0.0000
0.0000
0.0000
1.6040
0.0000
0.0000
0.7991
2.8456
0.0000
0.0000
0.7297
0.0000
0.0000
0.9857
0.0000
0.0000
2.2104
0.0000
1.0021
1.1327
0.1774
0.0000
0.9030
4.3510
0.0000
2.2170
2.1444
0.0000
1.5646
2.1435
0.5559
1.3694
0.0000
0.0000
0.0000
1.5081
0.3819
0.5042
0.0000
0.0000
3.2962
0.0000
0.0236
0.0000
0.0000
0.0000
0.8432
0.0000
0.0000
0.0000
0.0000
0.0000
0.0000
0.0000
0.0000
0.0000
3.1993
0.0000
0.1853
0.5954
0.0000
0.1378
0.0000
0.2045
0.0000
0.0000
0.8346
0.1792
0.0000
0.0000
1.9931
0.0000
0.0000
0.8802
0.0000
0.0000
0.0000
0.0000
0.0000
0.0827
0.0000
1.2089
1.7546
0.0000
0.2041
0.0000
0.0000
0.0000
0.0000
0.0000
0.0000
0.0000
0.6875
2.0170
0.5455
0.0000
0.0000
0.0000
0.0000
0.0000
0.0000
0.0000
0.0000
0.6910
0.0000
0.0000
1.8260
0.0000
0.0000
0.0000
0.1593
3.0202
0.0000
2.4632
0.0000
0.6417
0.0000
0.0000
4.5219
0.0000
3.5542
1.3676
0.7339
0.0000
0.0000
0.5514
0.0000
0.0000
0.3493
0.0000
1.9394
0.0000
1.9536
0.8678
0.0000
0.0000
0.0000
0.0000
0.1305
1.5328
1.2102
0.0000
1.6958
0.0000
0.0000
0.0000
1.7566
0.0000
0.0000
0.2426
0.0000
0.0000
0.0000
1.5685
0.0000
0.1578
0.0000
1.7242
0.0000
0.0000
0.0000
0.0000
0.0000
0.0000
1.1438
0.0000
0.2932
2.4211
0.0000
0.0000
0.0000
0.1390
0.0000
0.0000
0.0000
0.8355
0.0000
0.0000
0.0000
0.0000
0.1213
0.5854
0.0000
0.0000
0.0000
0.0000
0.9371
0.0000
0.0000
0.0000
0.0000
0.0000
1.1873
0.0000
2.5836
0.1605
0.0000
1.6447
0.0000
0.0000
0.0000
0.0000
0.0000
0.4529
0.0000
2.3223
0.0000
0.7289
0.5061
0.0000
0.0799
0.0000
0.0000
0.0000
1.6114
0.0000
0.7080
0.1430
0.4384
0.0000
0.0000
0.0000
0.0000
0.0000
0.0000
0.0000
0.0000
0.0762
0.6933
0.0000
0.0000
0.0000
0.0000
0.5427
0.0090
0.0000
0.2322
0.2970
0.0000
0.0000
0.0000
0.0000
1.2928
0.0000
2.8615
0.5433
0.0000
0.0000
1.8569
0.0000
0.0000
0.0000
1.0758
1.2801
0.0000
0.0000
0.0000
0.0000
0.0000
1.0560
0.0000
0.0000
0.0000
0.2424
0.1977
0.2264
0.0000
1.3289
0.5807
0.0000
1.7337
0.0000
0.4555
0.0000
0.0000
1.2215
0.3160
0.0000
0.0000
0.0000
0.0000
0.0000
0.0000
0.9189
0.0000
0.0000
0.0000
0.0000
0.0000
0.0000
0.0000
0.4440
0.0000
0.0000
0.0000
1.3365
0.0000
1.5412
0.1273
0.0000
0.0000
0.0000
0.0000
1.1797
0.0000
0.0000
0.7115
1.7218
0.0136
0.0000
0.4684
0.0000
0.0000
0.0000
0.0000
0.8684
0.7677
0.0000
0.9768
0.0000
0.0000
0.0000
0.0000
0.0000
0.7758
1.5805
0.0000
1.2869
0.0000
0.0000
0.0000
0.8278
0.0000
0.9105
0.0000
1.4002
0.0253
0.0000
0.0000
0.0000
0.7868
1.3770
0.0000
0.0000
0.0000
0.0000
0.0000
0.0000
0.2988
0.0000
0.0000
0.0000
0.0000
2.2307
0.0000
0.0000
0.8126
0.0000
0.0000
0.0293
0.0000
0.0000
0.0000
0.0000
0.8801
1.0651
0.0000
0.0000
1.1920
0.1376
0.0000
0.6408
2.0227
0.0000
0.0000
0.9783
0.0000
3.0176
0.0000
0.2281
0.7490
0.0000
3.1630
0.0000
0.5389
0.0000
0.0000
0.0000
0.0000
0.0000
0.0000
0.7261
0.0000
0.0000
0.4276
0.0000
0.0000
1.2411
0.0000
1.0058
0.0000
0.0000
2.0218
0.2523
0.0000
0.0000
0.0000
0.0000
0.0000
0.0000
0.0000
0.4453
0.0000
0.0000
0.2093
0.0000
0.0000
1.6680
0.0000
0.0000
1.5903
0.0000
0.7974
0.0000
0.0000
0.0000
0.0000
0.7088
0.0000
0.0000
0.3004
0.6210
0.2641
0.0000
0.0000
0.0000
0.0000
0.9436
0.5416
0.9749
1.4495
0.0000
0.5186
0.0000
0.0000
0.8990
0.0000
0.0000
0.0000
1.5293
1.5108
0.3922
0.0000
0.0000
3.1248
0.0000
0.1162
0.0000
0.5958
0.0000
0.0000
1.8577
0.0000
0.0000
1.5663
0.0000
0.0000
0.0000
2.3473
0.0000
0.0000
0.0000
0.6748
0.2819
0.0000
0.3389
0.0000
0.0000
0.0000
0.0000
0.0000
1.1257
0.0000
0.0000
0.0000
0.0000
0.3486
0.0000
0.0000
1.5552
0.6910
1.0726
0.0000
0.0000
0.0000
0.9434
0.0000
0.0000
0.0000
0.0000
0.0000
0.0000
0.0000
0.0000
2.1953
0.0645
0.0000
0.0000
0.2364
0.0000
2.3674
0.0000
0.0000
0.0000
2.2615
0.0000
0.7644
0.0000
2.9715
0.0000
0.0000
0.4877
1.7602
0.0000
1.5227
0.0000
2.4028
0.0000
0.0000
0.3818
0.4012
0.3754
0.1857
0.0000
1.5332
0.0000
0.8379
1.4432
1.1054
0.6429
0.0000
1.4506
0.0000
0.2320
0.0000
0.0000
1.1494
0.0000
0.0000
0.0000
0.0000
0.0000
0.0000
0.0000
0.0000
0.7876
0.0000
0.0000
0.0000
0.0664
0.0000
0.0000
0.0000
0.0000
0.0000
3.0303
0.0000
2.1510
0.0000
0.0000
1.3558
1.1261
0.8574
0.0000
0.2407
0.0000
0.0000
0.0000
0.0349
0.0000
0.0000
0.0000
0.0000
0.0000
0.0000
0.0000
0.0000
0.0000
0.0000
0.0000
0.2822
0.0000
0.5810
0.0000
0.0000
1.0442
0.2524
0.0000
0.0000
2.2225
0.0000
0.1478
0.0990
0.0000
0.0000
0.0000
2.0676
0.0000
0.0000
1.0101
0.0000
0.0349
0.0000
0.6450
0.3034
0.0000
0.0000
1.2585
0.0000
1.0085
0.0000
0.0000
0.0000
0.0000
0.6541
0.0000
1.6148
0.0000
0.0000
1.0676
0.0000
1.1962
0.0000
0.0000
0.2348
0.0000
0.4953
0.0000
0.2306
0.0000
0.0000
0.0000
0.0000
0.0000
0.1193
2.8021
0.0000
0.0000
0.2667
0.0000
0.0000
1.7267
0.0000
0.0000
0.5776
0.2192
2.3321
1.0530
0.0000
0.0000
0.0000
0.5459
0.0000
0.0000
0.0000
0.0000
0.9723
0.0000
0.0000
0.0000
0.0000
1.2424
0.0000
0.0000
0.0000
2.4689
0.6558
0.0000
2.0088
2.1014
0.0000
0.0000
0.7772
0.0000
0.0000
0.0000
0.1353
0.3870
0.0000
0.0000
0.0000
0.0000
0.0000
1.6330
0.0000
0.1830
1.8876
0.0000
0.0000
0.3825
0.0000
0.0000
0.0000
0.0000
0.0000
1.3850
2.3388
0.0000
0.0000
1.2349
0.0000
1.7006
0.0000
0.0000
0.3502
3.1952
0.8741
1.1487
0.0000
0.7402
0.0000
0.0000
0.0000
0.2653
0.0000
0.0000
0.0000
0.0000
3.2212
0.0000
0.1434
0.0000
0.0000
0.0000
0.0000
0.0000
0.0000
0.0000
0.0000
0.0000
0.0000
0.1477
0.0000
0.5460
0.0000
0.0000
0.0000
0.0319
0.0000
0.9341
0.0000
0.0000
0.0000
2.3614
0.1183
0.0000
0.0000
2.5310
0.0000
0.0000
0.0000
0.0000
1.4333
0.3412
0.0000
0.0000
0.0000
0.0000
0.9643
0.2877
0.0000
0.0000
0.0000
0.0000
0.0000
0.0000
0.0923
3.1173
0.0000
0.4151
0.3332
1.1246
0.0000
0.0000
1.5616
0.0000
0.0000
0.0000
0.4201
0.0000
0.1843
0.6997
0.0000
0.0000
0.3278
0.6509
2.0103
1.6737
0.0000
0.0000
0.8990
1.5999
0.4236
0.0000
0.0000
0.5534
0.0000
1.6304
0.0000
0.0000
1.0362
0.0000
0.0000
0.0000
0.0000
0.0000
0.0000
0.3550
0.4255
0.1937
2.4120
0.0000
0.0000
0.0000
0.0000
0.0000
1.6977
0.0000
0.0000
0.6800
0.1387
0.0000
0.5148
1.1824
0.0000
0.0000
0.0000
0.0000
0.0000
0.5943
0.9966
0.0813
0.6509
0.0000
0.0000
0.0000
0.0000
0.6294
0.0000
0.0000
0.0000
0.0000
0.0000
0.0000
0.0000
0.0000
0.0000
0.0000
0.0106
0.9352
0.0456
0.0519
0.4309
0.0000
0.8083
0.0000
0.0000
1.3439
0.9240
0.4837
0.0000
0.0000
0.0000
1.6043
1.5840
0.0000
2.7283
0.0000
0.0000
0.0000
0.0000
0.0000
0.0000
0.9394
0.0000
0.0000
0.0000
1.6944
3.1530
0.0000
0.6999
0.2347
0.6860
0.0000
0.5273
0.6021
0.0000
2.7094
0.9612
0.0000
0.2322
0.4238
1.0451
0.0608
4.3288
0.4363
0.1723
0.0000
0.0000
0.0000
0.3370
0.0000
0.0000
0.0000
0.0000
0.0000
0.1247
0.7550
0.8071
0.0000
0.0000
0.0000
1.2163
0.0920
1.1818
0.0000
0.7471
0.0000
0.0000
0.9784
1.5752
0.0000
3.7557
0.0000
0.3601
0.1883
0.7838
0.0000
0.2568
0.2290
2.0374
0.0000
0.0000
1.4011
0.0000
0.0000
0.0854
0.1982
0.0000
1.0290
0.0000
1.1895
1.2820
0.0000
1.3055
0.0000
0.0000
0.0000
0.0000
0.0000
1.3431
0.0000
2.0372
0.0000
0.0000
0.9638
0.0000
1.5335
1.7133
0.0000
0.0000
0.0000
1.4499
0.0000
0.1737
0.0000
0.0000
0.0000
0.0000
0.0000
0.0000
0.9234
0.0000
0.7355
0.0000
0.0000
0.0000
0.0000
0.0000
0.0000
0.3164
2.7895
3.0532
0.0000
0.6133
0.0000
0.0000
0.0000
0.5863
0.2498
1.6744
0.0000
0.0000
0.0000
0.8410
0.0000
0.0000
1.3330
0.7137
0.0000
0.1414
0.0000
0.0000
0.0000
0.5364
0.0000
0.0000
3.5641
1.3045
1.1499
1.3303
0.0000
0.0000
0.0000
1.5458
0.3968
1.1139
0.0000
0.0000
0.0000
2.3634
0.0000
0.7053
0.2026
0.0000
0.0000
0.8953
0.0000
0.0000
0.0000
0.0000
0.0000
0.8536
1.5045
1.6919
0.5282
0.0000
0.0000
0.0000
0.0000
0.0000
0.0000
0.9705
0.0000
0.0000
0.0000
1.6217
0.2942
0.0000
0.0000
0.0000
0.0730
0.0000
0.0000
0.0000
0.3748
1.6556
0.0000
0.5803
0.0000
0.0000
0.0000
1.1057
1.7005
2.5418
0.0000
0.0000
0.0000
0.8536
0.0000
2.7055
1.1078
1.0224
0.2791
0.0000
0.0000
0.0000
0.0000
0.0000
0.0000
0.0000
0.1229
0.0000
0.0000
1.8354
0.0000
0.1368
0.2765
0.4003
1.4126
0.0639
0.0000
0.4393
0.3805
1.4319
0.0000
0.0000
0.7253
1.6564
0.0000
2.0691
0.0000
0.0000
0.0000
0.0000
0.0000
0.0000
0.0000
0.0000
0.0000
2.4771
0.1594
0.2575
1.4751
1.7070
1.4642
0.0000
1.5326
0.0000
0.0000
0.0000
0.0545
0.1662
0.0000
0.0005
0.0000
0.0000
0.8931
0.0000
0.0000
1.5210
0.0000
0.0000
0.1525
1.2789
0.0000
0.0000
0.4871
0.0000
0.0000
0.0000
1.3867
0.2770
0.1427
0.9573
1.6814
0.0000
0.0000
1.3503
0.0000
0.0000
1.2783
0.2916
0.7779
0.1260
0.9975
0.0000
0.0000
0.0000
1.3557
1.9906
0.8196
0.0000
0.0000
0.0000
0.0000
0.0000
1.5807
0.0000
0.8462
0.0000
2.4186
1.6274
0.0000
0.0000
0.0000
0.2208
0.0000
0.0000
0.1437
0.9092
0.0000
0.0000
0.3377
0.0000
0.0000
0.0000
0.2525
0.0000
0.0000
0.0000
0.0000
0.0000
1.7286
0.4460
0.0000
0.1018
0.0000
0.9985
0.8276
0.2362
0.0000
0.9301
0.0000
2.1453
0.0000
0.0000
0.0000
0.0000
0.0000
2.9943
0.6152
0.7958
0.0000
1.2599
0.4913
0.4255
0.0000
0.3930
0.0000
1.1813
1.7730
0.0000
0.0000
0.0000
0.0000
0.6397
0.0000
0.0000
0.4388
2.0548
1.0437
2.2826
0.0000
0.7139
0.0000
0.0000
0.0227
0.0000
0.0000
1.8834
1.3285
1.1475
2.1407
0.0000
0.2117
0.0000
0.6583
0.0000
0.7861
1.2338
1.0474
0.0000
0.1131
0.0000
1.2472
1.3863
0.0000
0.0000
0.0797
1.3047
1.6348
0.0000
0.0000
0.0000
0.0000
0.0000
1.1645
0.7892
2.5614
0.0000
0.0000
1.6249
0.1168
1.6298
0.0000
0.0000
0.4353
0.8012
0.8262
0.0000
0.0404
0.5507
0.5043
0.0000
2.6178
0.0000
0.0251
0.0000
1.9122
0.3708
0.3750
0.0000
0.0000
0.0000
1.5785
0.4934
0.0000
0.4981
2.5554
0.0000
0.0000
3.5309
0.0000
0.0000
1.0361
0.0000
0.5224
0.0000
0.0000
1.8581
0.5719
0.0000
0.0000
0.6271
0.0000
1.9191
0.0000
0.0000
0.0000
0.0000
2.8832
0.0000
2.1186
0.0000
1.0746
0.0000
0.0000
0.4219
0.0000
0.0000
0.0000
1.7336
0.0000
0.0000
0.0000
0.0000
0.0000
0.0000
0.0000
0.3078
0.7949
0.0000
0.0000
0.0000
1.3297
0.0000
0.2635
0.0000
0.0000
1.5453
0.0000
0.0000
0.0000
0.8665
0.6596
0.0000
0.0000
0.0000
0.0000
0.8392
0.0000
1.7712
0.0000
0.0000
0.0000
0.8662
0.0000
0.8510
0.0000
0.0000
0.0000
0.0000
0.7842
0.0000
1.8028
0.0000
0.5455
0.0000
0.3033
0.0000
0.0000
0.8024
0.0000
0.0000
0.0000
2.7976
0.0000
0.0000
0.0000
0.0000
0.0000
0.0000
0.0000
0.0000
0.0000
0.0000
0.0000
0.0000
1.7249
1.8714
0.0000
0.0000
0.0000
1.9471
0.2977
0.7221
0.0843
0.0000
0.0000
1.4002
0.0000
0.0000
0.6826
0.0000
1.5011
0.1799
0.0000
0.8364
0.0000
0.0000
1.3158
0.0000
3.9202
0.0000
0.0000
1.1491
0.0000
0.0000
0.0000
0.0000
0.7703
0.0000
1.7874
0.0000
0.0000
2.2610
0.0000
0.0000
0.0000
0.0000
0.3034
0.0000
0.0000
1.3585
1.0428
0.0000
2.0430
2.1018
1.5312
0.3285
1.2505
0.0000
0.0000
0.0000
0.0000
0.0000
1.7999
0.0000
0.0000
2.7518
1.5351
0.0000
0.0000
0.0000
1.8967
1.8011
0.0739
0.1982
1.9884
0.0000
0.0000
0.0000
0.0000
0.4820
0.5237
0.5673
0.0000
0.0000
0.0000
1.3927
0.0000
0.7818
0.0000
0.0000
0.0000
0.8406
0.6329
0.0000
0.0000
0.0000
2.3515
1.0873
0.0000
0.0000
0.4273
0.0000
0.0000
3.7679
0.4586
0.0000
0.0000
0.0000
0.6284
2.0557
2.3526
0.2593
0.0000
0.0000
0.0000
0.0000
3.4109
0.3289
0.0000
0.0000
1.4912
0.5360
0.0000
0.0000
0.0000
0.0000
0.0000
0.0000
0.0000
0.0000
0.0000
0.1396
0.0657
1.7437
0.0000
0.3575
0.2956
0.0000
0.1905
0.6489
0.4027
1.7856
0.2658
0.0000
0.0000
1.1350
0.0000
0.9763
0.7024
0.3144
0.0000
0.0000
0.3624
0.0000
0.0000
0.0000
0.0000
0.0000
1.0641
0.0181
3.1348
0.0000
0.0000
0.0000
0.0861
0.0000
0.0000
0.0000
0.0247
0.0000
0.0000
0.0000
0.0000
0.0000
0.0000
0.0000
0.0000
0.0000
0.0000
1.1190
0.0000
0.0425
0.0000
0.0000
0.0019
0.1736
1.8549
0.0000
0.0000
0.0000
0.0000
0.7176
0.2691
0.0000
0.0000
0.0000
0.0000
0.0000
0.0000
1.0690
0.0127
0.0000
0.4386
0.0000
0.0000
0.0000
0.0000
1.0342
1.7401
1.8439
0.0000
1.8107
0.4994
2.4851
0.0000
0.0892
0.0000
0.0000
0.0000
0.6456
0.0000
0.9237
1.6375
0.0000
3.3155
0.0000
1.8266
0.0000
0.0000
0.9581
0.0000
0.0000
0.0000
0.0000
0.0000
0.0000
0.0000
0.0000
0.0000
0.1819
0.0000
0.0000
0.0000
1.6919
1.6331
1.6519
2.1594
0.0000
1.2461
0.0942
1.1173
0.0000
0.0000
0.0000
0.8178
1.2884
0.0000
1.2673
0.0000
0.0000
0.0000
1.8981
0.0000
0.0000
0.0000
0.0000
0.0000
0.0000
0.0000
0.0000
0.0000
0.2051
0.0000
0.0000
0.8049
1.5426
0.0000
0.0000
0.0000
0.0000
0.0713
0.0000
0.2266
0.0000
0.9144
0.0000
0.0000
0.4668
1.7628
0.2221
0.0000
0.1420
0.0000
0.5148
0.8981
0.0000
0.0000
0.0000
0.0000
0.0022
0.0000
0.0000
1.5235
0.6146
0.5943
0.0000
1.4369
1.7332
0.4023
0.0000
0.1141
0.3822
1.1099
0.0000
0.0000
0.0000
0.0000
1.4954
0.0000
1.4459
0.0000
0.0000
0.0000
1.0716
0.0000
0.0000
3.0029
1.0106
0.0000
3.6104
0.0000
0.0000
0.0000
1.7898
0.0000
2.2442
1.5575
0.0000
0.9180
0.3668
0.0000
0.9267
0.0000
0.2502
0.0000
0.0000
0.0000
0.0000
0.8757
0.0000
0.0000
0.0946
0.0000
0.0000
0.2119
0.0000
1.6887
0.0000
0.4277
0.0000
0.0000
0.0000
0.0000
0.0000
1.3745
0.0000
0.8498
1.1995
0.0000
0.0000
1.8706
1.4260
1.5592
0.2681
0.0000
0.0000
0.0000
0.0000
0.0000
0.0000
0.0000
0.0000
0.4293
0.9983
0.0000
0.0000
2.1265
0.0000
0.0000
2.2612
0.0000
0.0000
0.0000
0.0000
0.4163
1.1292
0.0000
0.4306
0.0000
0.0000
0.2652
0.1310
0.3070
0.9204
0.0000
1.6699
1.2789
0.0000
0.0000
1.1118
0.5073
0.0000
0.0000
0.0000
1.5082
1.3455
0.0000
0.0000
2.5617
0.0000
1.8197
4.4747
0.0000
0.0000
1.1937
0.0000
0.3808
0.0000
0.0000
0.0000
0.0000
0.0000
0.0000
0.2223
0.0000
0.0000
0.0000
0.0000
0.0000
0.7796
0.7294
0.0000
2.2658
0.0000
0.0000
1.6410
0.0000
0.0000
3.2637
0.0000
0.0000
1.2534
0.0000
0.0000
1.1030
0.3218
0.0000
0.0000
2.5827
0.0000
0.0051
0.0000
1.5809
0.0000
0.0000
1.8029
0.0000
0.0000
0.0000
0.0000
0.0000
2.2285
0.0000
0.0636
0.9916
0.0000
0.5753
0.0000
0.0233
0.0927
0.0000
0.0000
1.2168
0.6481
0.0000
0.0000
0.0000
0.1359
1.2932
0.9243
0.0000
0.1428
0.8241
0.0000
0.0000
0.0000
0.0000
0.7085
0.0000
0.0000
0.0000
0.0000
0.1141
0.1614
0.0000
2.3991
0.0000
0.0000
1.8359
0.7393
0.0000
0.0000
0.0000
0.0000
0.0000
1.0755
0.1709
0.0000
0.0000
0.0000
0.0000
1.0479
0.0000
0.0000
0.0000
0.0000
0.0000
0.7912
2.7269
0.0000
0.8964
0.0000
0.0000
0.0000
0.0000
0.0000
0.7190
3.7781
0.0000
2.3943
0.0000
0.0140
0.0000
1.5393
0.5371
0.0000
0.1282
0.4949
1.8786
0.0000
0.0000
0.0000
0.0000
1.0284
0.0000
0.0000
3.3347
0.7647
0.0000
0.0000
0.0000
3.8012
1.9212
0.9389
0.0000
0.2790
0.0000
0.6891
0.0000
0.0000
0.0000
0.0000
0.0000
0.0000
0.0000
0.2588
0.0000
0.0000
0.0000
1.2116
0.0000
0.0000
0.0602
0.7747
0.0000
0.5875
0.0000
0.0000
1.8819
0.0000
1.0637
0.9602
0.7099
0.0000
0.6574
0.0000
1.3698
0.0000
0.0000
2.6242
0.4962
0.0000
2.0990
0.0000
0.0000
0.0446
0.0000
0.0000
0.0000
0.0000
0.8128
0.0000
1.3968
0.3853
0.0000
0.0000
0.0000
0.3975
0.3825
0.7819
0.0000
0.0000
0.1667
0.0036
0.3420
0.0000
0.0000
0.0000
0.0000
1.4588
0.0000
0.4036
0.0000
0.0000
0.0000
0.0543
1.4792
0.0000
0.2484
0.0000
0.0000
2.1918
0.0000
0.0000
1.1919
0.0000
0.0000
0.0000
0.8874
1.2621
0.0000
0.0000
0.0000
0.0000
0.0000
0.0000
0.1916
0.7331
0.6930
1.8870
0.0000
0.0000
2.0786
0.0000
1.8978
0.0000
0.0000
0.0000
0.0000
0.0805
0.0000
0.7885
1.9140
0.0000
0.0000
1.0646
0.8956
0.0000
1.4664
0.0000
1.6335
0.0000
2.7448
0.1819
0.0000
0.0000
0.1234
0.0000
1.2791
0.0000
0.0000
2.0028
0.0000
0.0000
0.0000
0.5897
0.4150
0.0000
0.0000
1.4336
0.0000
0.0000
0.0000
1.7439
1.3401
0.9809
0.0000
0.0000
1.3609
0.1121
0.0000
0.0000
1.7819
2.1462
4.2217
0.0000
1.9914
3.2873
0.0000
0.0000
0.0000
0.0000
0.0000
0.0000
0.5037
0.0000
0.0000
2.5867
0.0000
0.0000
0.0000
0.5173
0.0000
2.4724
0.0000
1.3403
0.2864
0.0000
0.0000
1.4233
0.1823
1.2937
0.6622
0.0000
0.0000
0.4661
0.0000
3.3687
0.0000
0.0000
2.0915
0.0347
1.4190
0.1379
0.0000
0.0000
3.5884
0.0000
0.8080
0.0000
0.0004
0.1387
0.4727
0.0000
0.0000
0.0000
1.6631
1.6174
0.0504
0.0000
0.0000
0.0000
0.0000
1.1348
0.0000
0.0000
0.0000
0.0000
0.0000
0.0000
0.1926
0.1249
0.0000
0.0000
0.0000
1.2870
0.0000
2.0330
0.0000
0.0000
0.0000
1.2756
1.6214
2.0707
0.0000
0.0000
0.0000
0.0000
0.0000
0.0000
0.6985
0.7232
0.7295
0.0221
1.7322
0.0000
0.0000
3.6298
0.0000
0.0000
0.0000
0.0962
0.0000
0.7457
0.5203
0.0000
0.0000
0.0000
0.0000
1.2560
0.6457
0.0000
0.0000
0.0560
1.9931
0.0000
1.6750
3.5401
0.0000
0.0000
0.3330
0.0000
0.0000
0.0000
2.9561
0.0000
0.0000
0.0000
0.0000
0.4087
0.0000
0.9395
0.0000
0.0000
0.0000
0.0000
2.4791
1.2421
0.0000
0.1111
1.3597
0.4999
0.0000
0.0000
0.5964
0.0000
0.8598
0.0000
0.0000
0.0000
0.7253
0.0000
0.1688
2.1380
0.0000
0.4980
0.0000
0.0000
0.5618
0.3877
0.0000
0.0000
1.3621
2.5125
0.0000
0.0000
0.0000
0.0000
0.0000
1.1519
0.0000
0.0000
0.0000
0.3515
1.4875
1.5356
0.0000
0.9414
2.6019
0.5815
0.0000
0.0000
0.3193
2.6868
0.0000
0.0000
0.1796
0.0000
0.0000
0.0000
0.3370
0.0000
0.4561
0.0000
0.0000
0.1690
1.6519
2.0139
0.0000
0.0000
0.3830
0.3081
0.0000
1.8953
0.0000
0.0000
0.0000
0.0000
2.8198
0.4334
0.0000
0.0000
2.4728
0.0000
0.0000
2.2231
1.1670
1.1944
0.0000
1.5569
0.9199
0.0000
0.0000
0.0000
0.0000
0.0000
0.1606
0.0000
0.8851
0.0000
0.5366
3.9545
1.6404
2.0741
0.0000
0.1974
0.0000
0.0000
0.0000
0.0000
0.0000
0.0000
0.0024
0.0000
0.0000
0.0000
0.0000
0.0000
0.0000
0.0000
0.0000
0.0000
0.0000
0.4591
0.0000
0.0000
0.0060
1.1405
0.7862
1.1840
0.0000
1.5821
0.0000
1.0464
2.2135
0.3860
0.0000
0.0000
0.0000
0.0000
0.0000
0.0000
1.3241
0.0000
0.0000
0.0000
0.0000
0.0000
0.0000
0.0000
0.0000
2.6544
0.0000
1.0494
1.4025
0.0000
1.1218
0.0000
0.0000
0.0548
0.0000
0.0000
0.0000
0.0000
1.7114
0.1164
0.0000
0.0000
1.8892
1.0113
0.0000
0.0000
0.4106
0.0000
1.5569
0.0000
0.0000
0.0000
0.0000
0.0000
2.9355
0.0000
0.0000
0.0000
0.0000
1.0994
0.0000
0.0000
0.0786
0.0000
0.0000
0.0000
0.0000
0.0000
0.0000
1.1646
0.0000
1.8442
0.6369
0.0000
3.8967
0.0000
0.2793
2.7212
1.5282
0.0000
0.2224
0.0000
0.0000
0.7054
0.0000
0.0000
0.0000
0.3993
1.2431
0.0000
0.0000
0.0000
1.6255
0.0000
1.7734
0.0000
1.5766
0.0000
0.0000
1.3671
0.6989
4.3554
0.0000
0.0000
0.0000
0.0000
1.4688
1.3030
0.0000
1.3651
0.0000
0.0200
1.7879
0.2990
0.0000
3.1372
0.0000
0.0000
1.7963
0.0000
1.4411
0.0000
0.0000
0.0000
0.0000
2.0510
0.0000
0.0000
0.0000
0.0000
0.0000
0.5858
0.0000
0.2649
1.8168
0.0000
0.0000
0.0000
0.3324
0.0000
0.0000
1.1994
0.5747
0.0000
0.0000
0.0000
0.0000
2.2435
0.8105
0.0000
0.0000
0.2331
0.0000
2.0679
0.0000
0.6728
0.0000
0.0000
0.6779
1.5656
0.0000
0.0000
0.0000
0.6816
0.0020
0.0000
1.2008
0.0000
0.0000
1.6751
0.5876
0.0000
0.0000
0.0000
0.0000
0.0000
0.0000
0.1252
0.0000
1.2057
1.2662
0.2654
0.3285
0.0000
1.1728
0.0000
0.0000
0.0000
0.1964
1.1130
0.0000
0.0000
0.0000
0.0000
0.2687
0.0000
0.0000
0.1244
0.0000
0.0000
0.0000
0.2252
0.0000
1.1890
0.0000
1.9617
0.0000
0.0000
0.8274
1.7376
2.2622
0.0000
3.9564
0.9072
1.6081
0.0000
2.0907
0.0000
0.0000
0.0000
0.0000
0.0000
0.0000
0.0000
0.0000
0.0000
0.0000
0.0000
0.0000
0.0000
0.6337
0.2268
0.0000
0.0000
0.0000
0.8006
0.0000
0.0000
0.0000
0.9968
0.0000
0.0000
0.0000
1.6243
0.3765
0.4426
0.0000
0.4492
0.0000
0.0000
0.0000
0.0000
0.0000
0.0000
0.0000
0.0000
0.2956
0.6885
0.0000
0.0000
0.2790
0.0000
0.1664
0.0000
0.0000
0.0000
0.0000
0.5388
0.0000
1.1279
0.0000
1.4226
1.3505
0.0000
0.0000
0.0000
0.0000
0.0000
0.0000
0.1803
1.7695
0.5246
0.0000
1.2606
0.4525
0.0000
0.0889
0.0000
0.0000
0.4016
0.0000
0.0000
1.5782
2.3309
0.0000
0.0000
0.0000
0.0000
0.0000
2.7699
0.0000
0.0000
0.0000
0.6163
0.0000
1.2057
0.3296
1.5304
0.0000
0.0000
0.0000
0.0000
1.0938
0.6340
4.4270
0.0000
0.0000
0.9473
0.0000
0.0076
0.0000
0.0000
0.0000
0.6408
0.0000
0.0000
0.0000
0.0000
0.0000
0.0000
0.0000
0.0000
0.0000
0.0000
0.9668
1.3885
0.0000
1.0645
0.0000
0.0000
0.0000
1.1816
0.0000
1.5396
1.1954
0.0000
0.4337
0.0000
0.3911
0.1242
0.8382
0.0000
0.0000
0.0000
0.0000
1.5657
1.5766
0.0000
0.0668
0.0000
0.5909
1.1534
0.0190
0.0000
0.0000
0.7191
0.0000
0.0000
0.0000
0.0000
0.0000
1.0321
0.0000
0.0000
0.7391
0.0000
0.0000
1.6553
0.0000
0.0000
0.1196
0.0000
0.1809
0.2781
0.0000
0.0000
0.0000
0.0000
0.0000
0.0000
1.3394
0.0000
0.2673
0.0000
0.0000
0.0000
0.0000
0.0000
0.0000
0.8817
0.0000
0.0000
0.0000
0.0000
0.0000
0.0000
0.0000
0.0719
2.1447
0.0000
3.1293
0.0000
0.0000
0.0000
0.0000
0.0000
0.0000
0.0000
0.2281
0.3046
0.0000
0.0000
0.0000
0.0000
0.0000
0.0000
1.6914
0.7757
0.0000
0.0000
0.0000
0.0000
1.1064
0.0193
1.8687
0.0000
0.0000
0.0000
0.0000
1.1802
1.2189
0.0000
0.0000
1.6081
1.2494
1.3681
0.0480
0.0000
0.6066
0.6756
0.4089
0.0000
0.0000
0.9585
0.2329
1.4430
0.0000
0.0000
0.8730
1.6160
0.0000
1.4334
0.0000
1.9870
0.8426
0.0000
0.0000
1.3292
0.0000
1.1935
0.4985
0.0000
0.0689
0.0000
0.0000
0.0000
1.1854
0.0000
0.0000
1.9050
0.3881
0.0000
0.0000
0.9370
1.6792
2.2458
0.0000
0.0000
0.0000
0.0000
0.0000
0.3508
2.6813
0.0792
0.0000
0.0000
0.0000
0.0000
0.0000
1.0833
0.9623
1.7587
0.5588
0.0000
0.0000
0.6585
1.6236
2.8091
0.0000
0.0000
0.0000
0.0000
2.5297
3.0141
0.0000
0.0000
0.0000
0.0000
0.5187
3.0189
0.0000
0.0000
2.3782
0.0000
0.0000
0.0000
0.0000
1.8855
2.2410
0.0000
0.0000
0.0000
0.1228
1.1467
1.9877
0.0000
1.0580
0.0000
0.3912
0.0000
0.0000
1.9793
0.0806
1.3672
0.0000
0.0000
1.4569
0.0000
0.0530
0.0000
0.0000
0.0000
0.0000
3.9602
0.0000
0.0000
0.0000
0.0000
0.0000
0.0000
0.2204
0.4949
0.0000
0.0000
0.0037
0.0000
1.4636
0.0000
0.0000
1.7526
4.0994
0.0000
0.0000
0.0000
0.0000
3.2909
0.0000
0.0000
0.5276
0.0000
0.2564
0.6728
0.0000
0.1946
1.1649
0.0000
0.0000
0.2740
0.0000
0.0000
1.0197
0.8168
0.0000
0.5203
0.0000
0.0000
0.0000
0.0000
0.0000
2.9848
0.0000
0.2351
0.0000
0.0000
0.0000
0.0000
1.0976
0.7037
0.0272
0.1209
0.3290
0.3676
0.0000
0.0000
0.0000
1.3503
0.0000
2.6723
2.7310
0.0000
0.0000
0.0000
0.0000
0.0000
0.0000
0.0000
1.9815
0.0000
0.0000
0.5439
0.0000
1.8833
0.0000
0.0000
0.0000
0.0000
0.0000
1.1173
5.0473
0.6162
0.4632
0.2239
0.0000
2.6606
0.6215
0.0000
0.0000
0.0000
0.6348
0.0000
2.4361
0.0000
0.0000
0.0000
0.0000
0.0000
0.0000
0.1294
0.0000
0.0000
0.0000
0.0000
0.2871
0.0000
0.0000
0.0000
3.8114
0.0000
0.0000
0.0000
0.2645
0.5763
2.7023
0.0000
0.8686
0.0000
0.0000
0.0000
0.0000
1.7219
0.8874
3.0643
0.0000
0.7407
0.0000
0.4326
0.1994
0.0000
2.4507
0.0000
0.0302
0.0000
2.5771
0.5487
1.0848
0.0000
0.0000
0.0000
1.0751
4.5066
0.0000
0.0000
0.0590
0.0000
0.5604
0.0000
0.0000
0.7591
1.4656
0.0000
0.0000
1.7430
2.1118
0.6192
0.0000
0.3461
0.0000
1.7556
0.0000
0.0000
0.0000
0.0000
0.0000
0.5019
1.2794
0.0000
0.0000
2.7460
0.0000
0.8583
0.2461
0.2953
0.0000
0.0000
0.9018
2.9857
0.7439
0.8016
0.0000
0.1169
0.0000
1.0597
3.1495
0.0000
0.0000
0.3240
1.2184
1.3979
0.0000
1.7858
0.6266
0.0000
0.0000
1.7809
1.1561
0.0000
0.0000
0.0000
0.0000
0.0000
1.4643
0.0000
0.8995
0.4291
0.0000
0.0000
0.0000
0.0000
0.0000
0.9061
0.0000
0.0000
0.0000
0.5621
1.0701
0.0000
0.8839
0.0000
0.0000
0.0000
0.0000
0.0000
0.5185
0.0000
0.0000
0.0000
1.0943
0.0000
2.4336
0.0000
0.0000
0.0000
0.0000
0.0000
1.9305
0.0000
0.0000
0.1402
0.0000
0.0000
0.0000
1.1736
0.2728
0.0000
0.0000
0.0000
0.0000
0.0689
0.0000
0.0000
0.7338
0.1845
1.0846
0.0000
0.0000
0.0000
0.0000
0.0000
1.5887
0.0921
0.0602
0.0000
1.6758
0.0000
1.1466
0.0000
2.3195
1.5196
0.0000
0.0000
0.3834
0.0000
0.0000
2.5165
0.0515
0.0000
0.0000
0.2493
0.0000
0.0000
0.0000
0.4060
0.0000
0.7100
0.0000
2.3762
0.0000
0.0000
0.0000
0.7404
0.1251
0.0000
0.0000
0.0000
0.0000
1.6070
0.0000
0.0000
0.5000
0.0000
0.0000
2.3628
0.1130
0.0000
1.6246
1.1561
0.0000
0.0000
0.0000
2.2844
0.0000
0.8559
2.2543
0.0000
0.0000
3.5673
2.9823
0.1603
0.0000
2.9435
0.0000
0.1065
0.0000
0.5153
1.1765
0.0000
0.0000
0.0000
0.2159
1.0458
0.0000
0.5632
0.4007
0.1317
0.0000
0.0000
0.8987
0.0000
0.5543
1.4451
0.0000
0.0000
0.0000
0.0000
0.0000
0.9488
0.5719
0.0000
0.0000
0.0000
0.0000
0.0000
0.0000
0.0000
0.0000
0.0000
0.4683
0.0000
0.7725
0.2397
0.0000
0.0000
0.0000
0.0000
0.0286
0.0000
0.0000
0.0000
0.0280
0.2211
0.0000
0.0000
0.0000
0.5172
0.0000
1.0291
0.0000
0.0000
0.0000
0.0000
1.4981
1.6522
1.1253
0.0000
0.0000
0.4204
2.0091
0.0000
0.0000
0.0000
2.9142
1.3517
0.0000
0.0000
0.0000
0.0000
0.0000
0.0000
0.0000
2.4196
0.4379
0.0000
1.7668
3.6594
0.4541
1.5753
0.0000
0.0000
0.0000
0.0000
2.0315
0.0000
0.0000
0.0000
0.0000
2.1070
0.6909
0.0000
0.8748
0.3322
0.0000
0.0000
0.6207
1.7480
0.0000
0.0000
0.0000
0.0000
0.0000
3.1653
0.0000
0.9670
0.0000
0.2182
2.3145
0.0000
0.4974
0.0000
2.6616
0.0000
0.1182
1.2467
0.0000
0.0000
0.8927
0.8867
0.0000
0.0000
1.6987
0.1049
0.0000
0.0000
0.9122
0.0000
0.0000
1.4140
0.0000
0.0000
0.0000
1.6911
1.6100
0.2937
0.0000
0.0000
1.2164
0.5176
0.0000
0.0000
1.3149
3.1556
0.0000
0.0000
0.4048
0.4869
4.5044
0.6165
2.1560
0.0000
2.2415
0.0000
0.0000
0.0000
0.0000
0.0000
0.0000
0.3156
0.0000
2.7452
2.1928
3.3173
0.3994
0.0000
0.7104
0.0000
0.0000
0.0000
0.0000
0.0000
2.3032
0.0000
0.0000
2.3174
0.0000
0.0000
0.0000
0.1477
0.8729
1.0827
0.0000
0.0000
0.0000
0.6674
0.0000
0.3577
0.3106
0.0000
0.4492
0.2191
2.0124
1.4535
0.1739
0.0000
0.3671
0.0000
0.0000
1.2399
1.7897
0.0000
0.0000
0.0000
0.5804
0.1502
0.3712
0.0000
0.0000
0.0000
0.0000
0.0000
2.3056
3.0569
0.0000
0.0000
0.0000
2.8916
0.0000
1.3503
0.0000
0.0000
0.0000
0.0000
0.0611
0.0000
0.0000
0.0571
0.0000
2.8920
0.0000
0.0543
1.8517
0.6216
1.3729
0.3433
1.6168
0.0000
0.2844
0.0000
1.0360
0.9536
0.5944
0.9342
0.0844
0.0000
0.0000
0.0000
0.0000
0.0000
0.3557
1.6662
0.0299
0.0000
0.0000
0.0000
0.0000
4.0374
0.4671
0.4799
0.0000
1.0956
0.0757
0.0000
0.0000
0.0000
1.8625
0.0000
0.9899
0.6570
0.0000
1.3781
1.2772
0.3179
0.0000
0.4528
0.8243
0.0000
0.0000
0.0000
0.0000
0.4244
1.1304
0.0000
0.0000
0.0000
0.0000
0.0000
0.0000
1.0402
0.2084
1.0133
0.0000
0.0000
1.7396
0.0000
0.0000
0.0000
1.5387
0.6603
0.0000
0.4384
1.4647
0.4887
0.0163
0.0000
0.1817
0.0000
0.0000
0.0000
1.0205
0.0000
0.0000
4.7877
1.2217
0.0000
1.3821
1.8468
0.5778
2.1348
0.0000
1.3916
0.6365
0.0000
0.0000
0.0000
0.0000
0.0000
0.0000
0.1411
1.3459
0.7376
0.0000
0.0000
0.1950
0.0000
0.0000
1.8339
0.0000
0.5937
0.0000
0.0000
1.4638
0.0000
