0.0000
0.0000
1.2225
0.2517
0.0000
0.1310
0.0000
0.8339
0.0000
3.0440
0.0000
0.0000
1.0934
0.0000
0.0000
0.0000
0.3190
0.0000
0.0000
0.0000
0.0000
0.1672
1.5743
1.2186
1.2142
1.6170
0.0000
1.2235
0.0000
0.0000
0.0000
0.0000
1.8959
0.0000
1.9471
0.0000
0.0000
0.4045
2.1374
0.3917
0.0000
0.0000
0.0093
0.0000
0.0000
1.3929
0.0000
0.3102
1.4460
0.7180
0.0000
0.0000
0.0000
0.6167
0.0000
0.0000
0.3857
0.0000
0.0000
0.0000
0.0000
2.2052
0.0000
1.3787
0.0000
0.0000
0.0000
0.0000
0.0461
0.4192
1.5888
2.5297
0.0000
0.0000
0.0722
1.3214
0.0000
0.0000
1.3905
1.4071
0.7644
0.0000
0.0000
0.8721
0.0000
0.3001
0.1713
2.1590
0.6559
0.0000
0.3048
0.0000
0.6453
1.6963
0.0000
0.0000
0.0000
0.0000
2.2747
0.1007
0.0000
0.0000
0.0000
0.0000
1.2178
0.0612
0.6623
0.0000
1.9995
3.2917
0.0000
0.0000
1.4352
0.0000
0.0000
0.0000
1.5364
0.0000
0.0000
0.0000
2.5142
1.3444
0.9686
1.5708
0.0000
0.0000
0.0000
0.7064
0.3011
0.3730
0.0000
0.0000
0.3329
0.0000
2.7797
0.0000
1.5228
2.5352
0.0000
2.4166
2.8075
0.0000
0.6774
1.0955
1.4261
0.0000
0.0000
0.5681
1.2124
0.2571
1.2102
1.1885
0.6857
0.0000
0.0000
0.7837
0.0000
0.8942
0.1871
0.0000
1.9483
0.1618
0.0000
0.0000
0.0000
0.0744
0.0000
0.0000
0.0000
1.3683
0.0000
0.0000
0.0000
0.0000
0.0000
0.0000
0.0000
1.1089
0.0000
3.8778
1.6442
1.7841
0.0802
0.0000
0.0000
0.0000
1.2870
0.0000
1.5592
2.2296
0.0000
0.0000
1.1550
0.9158
1.2107
0.0000
0.0000
0.9610
3.2673
1.8882
0.0000
1.1338
0.5595
0.0000
0.4706
0.3364
0.0000
1.2729
0.9180
0.0000
0.0000
0.0000
0.0000
0.6710
0.0000
0.0000
0.0000
0.0000
0.0000
0.6735
0.1093
0.0000
0.0000
0.0000
1.6939
0.0000
0.0000
1.5205
0.0000
0.8308
1.1915
1.3578
0.0000
0.0000
1.5448
0.0000
3.0300
0.0000
1.2694
0.0000
0.0000
0.0000
1.1484
0.0000
0.0000
0.3752
0.0000
0.0000
0.9116
0.0000
0.0000
0.0000
0.0000
0.0000
0.0000
0.3791
0.0000
0.0000
1.4866
0.0000
0.0000
0.8163
0.5989
0.9144
0.0000
0.0000
0.9169
0.0000
0.0000
1.2652
1.6551
0.7898
0.0000
1.1738
0.0000
0.0000
0.0000
1.4005
0.7116
0.0000
0.9912
0.1557
0.3809
0.6370
1.5527
0.0000
0.0000
0.0000
0.0000
0.0000
0.6614
0.0000
0.0000
0.0000
2.3841
0.0000
0.6618
1.9158
0.0000
2.0870
0.0000
0.0000
0.0000
0.0000
1.1340
0.0000
0.5049
0.0000
0.0000
0.0000
0.0000
0.2931
0.0000
1.3954
0.9317
0.0000
0.0000
0.0000
1.0877
2.0892
0.0000
1.6944
0.7655
0.0000
0.0000
1.9268
0.6715
1.9243
0.0000
2.0951
0.0000
0.0000
0.0000
0.0000
0.0000
0.1993
0.9848
0.3426
0.0000
2.3229
0.0000
0.0000
0.0000
0.8402
0.0000
4.1979
0.0000
0.0000
0.0000
0.3956
0.0000
1.5239
0.0000
0.0000
1.5909
0.9869
0.0000
0.0000
1.6036
0.0000
0.0000
0.0000
0.0000
0.0000
0.0000
1.1436
0.0000
1.1399
0.0000
0.0000
0.0000
0.8433
0.0000
0.0000
1.1515
0.0000
0.0000
1.9898
0.0000
0.0000
3.8044
0.0000
1.1365
0.0000
0.0000
0.0000
1.9225
0.0000
0.0000
0.0000
2.6100
0.0000
0.0000
0.4310
0.4932
0.7274
0.0000
0.0000
0.0299
0.0000
0.0000
1.8031
0.0000
0.0000
0.0000
0.0814
0.0000
0.0000
1.9523
0.0000
0.0000
0.0000
0.0000
0.8203
0.8214
1.0136
0.0000
0.0000
0.6980
0.0000
1.1086
0.0000
0.4830
0.0000
0.0000
1.3401
0.3970
1.6486
0.0000
0.5253
0.0000
0.0000
0.0000
0.3846
0.0000
0.0000
1.0338
0.0000
0.8300
0.0000
1.9339
1.7161
0.6570
0.0000
1.5277
1.7344
1.2917
0.0000
2.3985
2.0344
0.9647
0.0000
0.0000
1.5507
0.0000
0.8915
0.0000
1.4899
1.3250
0.0000
0.0000
0.0000
1.3679
0.0000
0.4747
0.0000
0.0000
0.0000
0.0000
0.0000
0.0000
1.3706
0.2476
0.0000
0.0000
1.0798
0.5732
0.0703
0.0000
0.0000
0.2110
0.0000
0.9318
1.6609
0.0000
0.0000
0.7118
0.2304
0.0000
1.2546
0.0000
0.0000
0.0000
0.0000
0.5395
1.6099
0.0000
0.0000
2.0033
0.4705
0.0000
0.3116
2.8050
0.6283
0.0237
0.6182
0.0000
0.0000
1.0557
0.0000
0.9703
2.7663
0.0000
1.9491
0.3800
0.7856
0.0000
0.7581
2.6181
0.0000
1.7185
2.5476
0.0000
0.4059
0.5084
0.4323
2.0802
0.0000
0.0000
0.0000
0.9812
0.0000
1.1282
0.0000
0.0000
2.8931
0.0000
0.0000
0.9371
0.0000
0.0000
0.0000
0.0000
0.0000
0.1065
0.0000
0.0000
0.6024
0.0000
0.0000
0.0000
1.8069
0.0000
0.0000
0.6456
0.1129
0.9646
0.0000
0.1746
0.0000
0.0000
0.7665
0.0000
0.0000
0.9843
1.5974
0.0000
0.0000
0.9248
0.0000
0.0000
0.0000
0.0000
0.0000
0.1794
0.0000
0.6210
0.6688
0.0000
0.0000
0.6815
0.0000
0.0000
0.0000
0.0000
0.0000
0.2075
1.5271
1.1189
0.0000
1.2858
0.0000
0.0000
0.1082
0.0000
0.0000
0.0000
0.0000
1.6955
1.2622
0.0000
2.0676
0.1378
0.0000
0.6457
2.3498
2.0396
0.0000
1.3006
0.6247
1.1191
0.0000
0.0000
3.9036
0.0403
2.4080
1.1349
0.0000
0.6646
0.0000
1.3391
0.0000
0.0000
0.8185
0.0000
1.9844
0.0000
0.0000
0.0000
0.0000
0.0000
0.0000
0.0000
0.0000
0.4285
1.1879
0.0000
1.5184
0.0000
0.0000
0.0959
0.4080
0.0000
0.0000
0.0000
0.0000
0.0000
0.0000
0.9383
0.0000
0.4930
0.0150
1.3687
0.0000
0.0000
0.0000
0.4530
0.0000
0.0000
0.3656
0.0000
0.1447
0.7180
0.0000
0.0000
0.0000
0.4497
0.0273
0.0000
0.0000
1.0883
0.0000
0.0000
0.0000
0.0000
1.1411
2.0011
0.0000
0.0000
0.0000
0.0000
0.3379
0.0000
0.0000
0.2981
0.1788
0.0000
1.5210
0.0000
2.7622
1.2556
0.0000
3.1071
0.0000
0.0000
0.0000
0.0000
0.0000
0.0000
0.0000
3.2187
0.1128
0.7496
0.3677
0.0000
0.2137
0.0000
0.0000
1.2167
1.7975
0.0000
3.2234
0.0000
0.1319
0.0000
0.0000
0.0859
0.0000
0.0000
0.0000
0.0000
0.0000
0.0000
0.2537
0.0000
0.0000
0.8153
0.0000
1.1762
1.2717
0.0000
0.0000
1.7008
0.0000
0.0000
0.0279
0.0000
0.3846
0.1888
2.7826
1.2848
0.7952
0.0000
2.3933
0.0000
0.0000
0.3798
0.0000
0.7550
0.0000
0.0000
1.0409
0.0000
0.6565
0.7810
0.0000
0.0000
0.0000
0.0000
0.0000
0.0449
0.0000
1.4872
0.0000
0.0000
0.0675
0.0000
0.4268
0.0000
0.0000
1.0337
0.2226
0.0000
0.0000
0.0000
0.0000
0.0767
0.0000
0.8871
0.5849
0.0000
0.2179
0.0000
0.0817
0.0000
0.0000
0.1824
0.7530
0.0000
0.0000
0.0000
0.0000
1.2611
0.6616
0.0000
0.3057
0.0000
0.0000
0.1852
0.4142
0.0000
0.0000
1.9986
0.0000
0.0000
0.0000
0.0000
0.0000
0.0000
0.0000
0.0000
0.7442
0.0000
1.5118
0.0000
0.0000
0.0000
0.0000
0.0000
0.4490
2.3764
0.0000
0.5505
0.0000
0.0000
0.0000
0.0000
0.0000
0.3274
0.0000
0.4438
0.0000
0.0000
0.0000
0.0000
0.0000
2.0919
0.0812
0.0000
0.0000
0.0000
0.0000
0.0000
0.0000
0.0000
0.2849
0.0000
0.0000
0.8474
0.0000
0.0000
0.0000
0.0000
0.0000
0.0000
0.0000
0.0000
0.0000
0.9250
0.0000
0.7156
0.0000
0.0000
2.4204
0.0000
0.0000
1.5171
0.0000
0.0000
0.0000
0.8784
0.0000
1.3913
0.0000
0.0582
0.0000
0.0000
2.0195
0.6531
0.0000
0.0000
0.0000
0.0000
0.0000
0.0000
0.0000
0.0676
0.0000
0.0000
0.0000
0.0000
0.0000
1.6173
0.0000
0.7500
0.0000
0.9976
0.7342
0.0000
0.4726
0.0000
0.0000
0.0000
0.0000
0.0000
0.0000
0.0000
0.0000
0.0000
0.6476
0.0000
0.0000
2.9851
0.1190
0.0000
1.8297
0.0000
0.0182
0.0000
0.0920
0.0000
0.4289
0.7678
0.0000
0.0000
0.0240
1.3361
0.0000
0.0000
0.0000
0.0000
1.2709
0.6688
1.3833
0.3240
0.4308
0.0000
0.3887
0.0000
0.2205
0.0000
0.0000
0.0000
0.0000
1.2207
1.6499
0.0000
0.0000
0.0000
3.6480
0.0000
0.7386
0.0000
0.0000
0.0000
0.0000
2.4306
0.0000
0.0000
1.6267
0.0000
0.0000
0.0000
1.1391
0.1245
0.0000
0.0000
0.9521
1.7780
0.0000
0.0000
0.0000
0.0000
0.0000
0.0000
0.0000
0.5174
0.0000
0.6054
0.0000
0.0000
0.4446
0.0000
0.0000
0.4713
1.7930
1.0401
0.0000
0.0000
0.0000
1.1908
0.0000
0.0000
0.0000
0.4827
0.1686
0.0000
0.0000
0.5578
4.1417
1.2624
0.0000
0.0000
1.6829
0.0000
1.3867
0.0000
0.0000
0.0000
3.6244
0.0000
0.0000
0.0000
2.9106
0.0000
0.0000
0.0000
2.7390
0.6748
1.9186
0.0000
1.5065
0.0000
0.0000
0.0000
0.3085
0.2731
0.0000
0.0000
2.6266
0.0000
0.8678
1.7315
1.1200
1.0491
0.0000
0.0607
0.0000
0.0000
0.0000
0.0000
0.8952
0.0000
0.0000
0.0000
0.0000
0.7208
0.0000
0.0000
0.0000
1.4177
0.0000
0.0000
0.0000
0.0000
0.0000
0.0000
0.0000
0.0000
0.0000
2.1613
0.0000
3.4574
0.0000
0.0000
1.2007
0.0000
0.7028
0.0000
0.0415
0.5343
0.0000
0.0000
0.0000
0.0000
0.5043
0.0000
0.0000
0.0000
0.0000
0.0000
0.0000
0.0000
0.5286
0.0000
0.4334
0.0000
0.3859
0.0000
0.0000
0.0031
0.5363
0.0000
0.0000
2.1989
0.0000
0.0000
0.9607
0.0000
0.4813
0.0000
1.0270
0.0000
0.1462
1.4348
0.0000
0.0000
0.0000
0.0000
0.8910
0.0000
0.0000
0.6715
0.0000
1.4961
0.0000
0.8896
0.0000
0.0000
1.1167
0.0000
0.8385
0.0000
0.0000
1.1687
0.0000
0.2810
0.0000
0.0000
0.0000
0.0000
0.7355
0.0000
0.6480
0.0000
0.0000
0.0000
0.0000
0.0000
0.3367
1.0739
0.0000
0.0000
1.1608
0.0000
0.8809
3.1022
0.0000
0.0000
0.0924
0.3310
1.1132
0.0000
0.0000
0.0000
0.0000
0.5247
0.0000
0.0000
0.0000
0.0000
2.1189
0.0000
0.2142
0.0000
0.0000
1.8198
0.0000
0.2796
0.0000
2.1187
0.1982
0.0000
1.5505
2.5026
0.0000
0.0000
0.4329
0.0000
0.0000
0.0000
1.0330
0.4399
0.0000
0.0000
0.0000
0.0000
0.0000
1.5493
0.0000
0.7954
0.0000
0.0000
0.0000
0.8392
0.0000
0.0000
0.0000
0.0000
0.0000
2.4323
2.9768
0.0000
0.0000
0.0000
0.0000
3.0002
0.0000
0.0000
0.0000
1.3127
0.0000
1.2713
0.0000
2.4316
0.0000
0.0000
0.0000
0.1716
0.0000
0.2687
0.0000
0.7435
3.3293
0.0000
0.2244
0.0000
0.0000
0.0000
0.0000
0.0000
0.0000
0.0000
0.0000
0.0000
0.0000
0.5990
0.0000
0.4842
0.3208
0.0000
0.0000
0.0000
1.2456
0.8856
0.5811
0.0000
0.0000
1.8553
0.0000
0.0000
0.0000
2.4717
0.0000
0.0000
0.0000
0.0000
2.5568
1.4907
0.0000
0.0000
0.0000
0.0000
0.0000
0.8543
0.0000
0.0000
0.0000
0.0000
0.0000
0.0000
1.6405
3.4344
0.0000
1.1510
0.0076
0.2846
0.0000
0.8339
0.7204
0.0000
0.8509
2.1089
0.0000
0.0000
0.0000
1.6453
0.0000
0.0000
0.0000
0.2215
1.0068
0.4976
0.0373
0.0000
2.2145
0.3326
0.0000
0.0000
0.0000
0.2527
0.0000
1.3511
0.0000
0.0000
2.9703
0.0000
0.0000
0.0000
0.6581
0.0000
0.0000
0.0000
0.0000
0.1021
0.0000
0.0000
0.0000
0.0000
0.0000
0.2960
1.2048
0.0000
0.0000
0.6477
1.1432
0.0000
0.2000
0.4679
0.0000
0.0000
0.0000
0.0000
0.0000
0.8783
1.5534
0.0000
0.0000
0.0000
0.0000
0.0000
0.0000
0.0890
0.0000
0.0000
0.0000
0.0000
0.0000
0.0899
0.0000
0.0112
0.0000
0.0000
0.0000
0.0000
0.8461
0.2628
0.0000
0.0000
1.2798
0.0000
0.0000
2.2956
0.7591
0.0141
0.0000
0.0000
0.0000
1.6162
1.3964
0.0000
1.8710
0.0000
0.0000
0.0000
0.0000
0.0000
1.1602
0.2533
0.0000
0.0000
0.0000
0.8028
1.6950
1.3247
0.0000
0.0000
0.8137
0.0000
0.4979
1.0831
0.0449
1.8490
0.0000
0.0000
1.3025
0.9764
0.9931
2.7301
3.1408
0.2771
0.4436
0.0000
0.0000
0.1406
0.1971
0.6152
1.0922
0.0000
0.0000
0.0000
0.0000
1.3140
0.0000
0.0000
0.0000
0.0000
1.1197
1.3675
1.4894
0.0000
0.0000
0.0000
0.0000
1.4711
2.2536
0.0000
4.5023
0.0000
0.0000
0.1500
0.8080
0.0000
0.0000
0.1750
1.4475
0.0000
0.0000
0.7387
0.0000
0.0000
0.0000
0.0000
0.0000
0.4878
0.0000
0.0245
0.9577
0.0000
2.0003
0.0000
0.8717
0.0000
0.0000
0.0000
1.5708
0.0000
1.1299
0.0000
0.0000
0.0000
0.0000
2.4716
2.2635
0.0000
0.0000
0.0000
0.1534
0.0000
0.0000
0.0000
0.0000
0.0000
0.0000
0.0000
0.0000
0.5589
0.0000
2.1860
0.0000
0.0000
0.0000
0.1241
0.0447
0.0000
1.2950
3.3761
2.4672
0.0000
0.3227
0.0000
0.0000
0.0000
0.1503
0.0000
1.8878
0.0000
0.0000
0.3229
0.0000
0.0000
0.0000
0.0000
1.1646
0.0000
0.0000
0.0000
0.0000
0.0000
0.0000
0.0000
0.0000
2.3732
1.0213
2.1083
0.6911
0.9342
0.0000
0.3555
1.5815
0.2439
1.4535
0.1939
0.0000
0.0000
1.7129
0.0000
0.2108
1.3273
0.0000
0.0000
1.9663
0.0000
0.0000
0.0000
0.0000
0.0000
0.8830
2.4838
1.1241
0.0000
0.0000
0.0000
0.0000
0.0000
0.0000
0.0000
0.3642
0.0000
0.0000
0.0000
2.2336
0.3182
0.0000
0.0000
0.0000
0.0000
0.0000
0.0000
0.0000
0.0000
1.2520
0.0000
0.6410
0.0000
0.0000
0.0000
1.2925
1.5412
2.0930
0.0000
0.0000
0.0000
0.1737
0.0000
3.2439
0.5253
0.0000
0.0000
0.0000
0.0000
0.0000
0.0000
0.0000
0.1487
0.0000
0.0000
0.4344
0.0000
0.1149
0.8049
0.6934
1.0315
0.9102
1.9965
0.0000
0.0000
0.0000
0.0000
2.3733
0.7590
0.2117
0.2386
1.5000
0.4123
1.9003
0.0000
0.0000
0.7799
0.0000
0.0000
0.0000
1.0492
0.0000
0.6813
1.7407
1.3407
0.4323
1.5111
1.4497
2.4429
0.0000
3.1499
0.0000
0.0000
0.0000
0.7081
0.0000
0.0000
0.0999
0.0000
0.9072
2.0728
0.0000
0.2848
1.0087
0.0000
0.0000
0.0000
0.1431
0.0000
0.0000
0.4208
0.0000
0.0000
0.0000
0.8387
0.0000
1.2179
0.6962
0.7448
0.0000
0.0000
0.0000
0.2396
0.0000
0.1266
1.1355
1.9679
1.3038
1.4563
0.0000
0.0000
0.0000
2.4534
1.7022
2.1134
0.0000
0.0000
0.0000
0.0000
1.4548
1.1044
0.0000
0.2790
0.0000
2.5737
0.6147
0.0000
0.0000
0.0000
0.0000
0.0000
0.0000
0.1360
0.0000
0.0000
0.0000
0.0000
0.0000
0.0000
0.0000
0.0000
0.0000
0.0000
0.0000
0.2970
0.0000
1.4186
0.0000
0.0000
0.0052
0.0000
1.3742
0.0000
0.0000
0.0000
0.1610
0.0000
2.3160
0.0000
0.0000
0.0000
0.0000
0.0000
1.5035
0.2681
0.4498
0.0000
1.4392
0.3003
0.0000
0.0000
0.6208
0.6160
1.2126
1.6862
0.0000
0.0000
0.0000
0.0000
0.0000
0.0000
0.0000
0.4909
2.3118
0.0000
2.3185
0.1430
0.5657
0.0000
0.0000
0.5083
0.0000
0.0000
1.6758
1.2867
1.8337
3.3812
0.0000
0.0000
0.0000
0.6296
0.0000
0.9929
1.1438
0.6172
0.0000
0.0000
0.0000
0.8095
0.8483
0.0000
1.2019
1.1217
1.5693
2.1128
0.0000
0.0000
0.0000
0.0000
0.0000
1.0976
1.2691
2.5899
0.0000
0.5690
1.8159
0.8185
1.5359
0.0000
0.0000
0.0000
1.0630
0.3417
0.3683
0.4756
0.8777
0.3230
0.0000
1.3201
0.0000
0.7462
0.0000
0.8320
0.4779
0.4057
0.0000
0.0000
0.0000
0.1570
0.5441
0.0000
2.0913
1.6803
0.0000
0.8159
3.0905
0.0000
0.0000
1.0769
0.0000
0.5768
0.0000
0.0000
0.0000
1.6724
1.3618
0.0000
0.6536
0.0000
0.9741
0.0000
0.0000
0.0000
0.0000
3.2361
0.0000
2.4066
0.5318
0.8455
0.4827
0.0000
0.0000
0.0000
0.0000
0.0000
0.0000
0.0000
0.3181
0.0000
0.1735
0.0000
0.0000
0.0000
0.0000
0.5539
0.0000
0.0000
0.0000
0.0000
0.2067
0.3697
0.8458
0.0000
1.3860
0.0000
0.0000
0.0000
1.3954
0.9123
0.2996
0.2800
0.0000
0.0000
1.5019
0.0000
1.0543
0.0000
0.0000
0.0000
1.3125
0.0000
1.4674
0.0000
0.0000
0.0000
0.0000
2.1080
0.0000
1.0920
0.0000
0.1485
0.0000
0.7480
0.0000
0.0752
0.0000
0.0000
0.0000
0.3655
0.0869
0.4670
0.3856
0.0000
0.0000
0.0000
1.3644
0.0000
0.0000
0.0000
0.0000
0.3411
0.0000
1.8267
0.8014
0.0000
0.0000
0.0000
1.4739
0.0000
1.2617
0.0000
0.0201
0.0000
0.7928
0.0000
0.0000
1.6116
0.7737
1.2219
0.7794
0.0000
2.0146
0.4159
0.0000
0.0000
0.0000
3.4923
0.0000
0.0757
0.4155
0.0000
0.0000
0.0000
0.0000
0.3153
0.0000
1.6104
0.0000
0.0000
1.7066
0.0000
0.0000
0.0000
0.0000
0.0000
0.0000
0.0000
2.5552
0.0000
0.0000
0.8670
2.7264
0.3601
0.0000
0.8254
0.0000
0.1746
0.4870
0.0000
0.0000
2.3159
0.0000
0.0000
3.0293
1.7210
0.0000
0.0000
1.9242
1.6524
1.4941
0.0000
0.0257
2.5124
0.0000
0.0000
0.0000
0.0000
0.0000
0.0000
0.3064
0.0000
0.0000
0.0000
1.9595
0.0000
1.0182
0.0000
0.0000
0.0000
0.0000
0.1061
0.0000
0.3134
0.0000
2.0010
1.3948
0.0000
0.6360
0.0000
0.0000
0.0000
2.2080
0.5988
0.0000
0.0000
0.1738
0.3301
2.8307
0.7265
1.1784
0.0000
0.0000
0.0000
0.0000
3.0630
0.5870
0.0000
0.0000
0.5610
1.0031
0.0000
0.0000
0.0000
0.0000
0.0000
0.0000
0.0000
0.5214
0.0000
0.0000
0.6301
1.1871
0.0000
0.5153
0.0000
0.0000
0.0000
0.5270
0.0809
2.4603
0.0000
0.0000
0.0000
1.9429
0.0000
0.4540
1.3573
2.3484
0.0000
0.0000
0.2117
0.0000
0.0000
0.0000
0.0000
0.0000
0.0000
0.3704
3.4796
0.7161
0.3951
0.0000
0.0000
0.0000
0.0000
0.0000
0.2526
0.0000
0.0000
0.0000
0.0000
0.0000
0.0000
0.0000
0.0000
0.0000
0.0000
1.3533
0.0000
1.1139
0.0000
0.0000
0.0000
0.0000
2.3845
0.0000
0.0000
0.0000
0.0000
0.0000
0.0000
0.0000
0.0000
0.0000
0.0572
0.3329
0.0000
0.0002
0.5523
0.0000
0.0000
0.0000
0.0000
0.0000
0.0000
1.6348
0.2451
1.3088
0.0000
1.5168
0.0000
3.1789
0.0000
1.3627
0.0179
0.0000
0.0753
1.3022
0.0000
0.3477
1.8945
0.1740
2.2926
0.0000
0.6281
0.4103
0.0000
0.6388
0.0000
0.0000
0.0000
0.0000
0.0000
0.5081
0.0000
0.0000
0.0000
0.0000
0.0000
0.0000
0.0000
2.2079
0.5829
2.4443
1.8413
0.0144
1.1235
0.0000
0.2914
0.0000
0.0000
0.0000
0.0000
2.2121
2.6716
1.8477
0.0000
0.0000
0.0000
2.0278
0.0000
0.0000
0.0000
0.0000
0.0000
0.0000
0.0000
0.0000
0.0000
0.0000
0.0000
0.0000
1.8961
1.0132
0.0000
0.0000
0.0000
0.0000
0.0000
0.0000
0.9723
0.0000
0.5688
0.0880
0.0000
0.0000
0.7577
1.2513
0.0000
0.0000
0.0000
0.0000
0.0000
0.0000
0.0367
0.0000
0.0000
1.1168
0.0000
0.0000
1.4305
0.0000
0.8025
0.0000
1.8712
0.4179
0.6936
0.0000
0.2695
0.0000
0.2433
0.0000
0.1975
0.0000
0.0000
0.9244
0.0000
2.1225
0.0000
0.0000
0.0000
0.6079
0.6369
0.0000
1.8146
0.0000
0.3232
3.2216
0.0000
0.0000
0.0000
1.2523
0.0000
1.4131
1.4691
0.0000
1.3948
0.0000
0.0000
0.3754
0.0000
0.0000
0.0000
0.0000
0.6632
0.1790
0.9386
0.0000
0.0000
0.0000
0.0000
0.0000
0.5103
0.0000
0.2275
0.0000
0.0000
0.0000
0.0000
0.0000
0.0000
0.0000
0.0000
0.0000
0.5263
0.8664
0.0000
0.0000
0.0000
0.5860
2.6633
1.1226
0.0000
0.0000
0.0000
0.0000
0.0000
0.4917
0.0000
0.1724
0.0000
0.0902
0.0000
0.0687
1.6150
0.0000
0.0000
2.4204
0.2751
0.0000
0.1029
0.0000
0.2592
0.9213
0.0000
0.0000
0.1060
0.0000
0.0000
0.0000
1.2947
0.0000
0.1256
0.7041
2.0146
0.0000
0.0000
0.4766
1.7821
0.0000
0.0000
0.0000
1.3493
0.8119
0.3155
0.0000
1.2166
0.0000
0.9377
3.4963
0.0000
0.0000
0.5431
0.0000
1.7145
0.0000
0.1139
0.0000
0.0000
0.0000
0.0000
0.0000
0.0000
0.0000
0.0000
0.0000
0.0000
0.0564
0.0000
0.0000
0.9452
0.0000
0.0000
0.9987
0.0000
0.0000
3.1314
0.0000
0.0000
0.7994
0.0000
0.0740
2.1070
0.3624
0.0000
0.0000
3.3358
0.0000
1.1130
0.0000
1.4220
0.0000
0.0000
1.0783
0.0000
0.0000
0.0000
0.0000
0.0000
2.7069
0.8929
0.2930
1.2147
0.0000
0.5815
0.0000
0.0000
1.5122
0.0000
0.0000
0.0000
0.0000
0.0000
0.1239
0.6781
0.4516
1.3595
0.4131
0.0609
0.0000
1.6063
0.0000
0.0000
1.2227
0.0000
1.5844
0.0000
0.0000
0.0000
0.0000
0.5107
0.0000
0.0000
2.1507
0.2809
0.0000
3.4147
0.2829
0.0000
0.0000
0.0000
0.3210
0.0000
1.6589
0.0000
0.0000
0.0000
0.0000
0.0000
1.8738
0.3740
0.0000
0.4512
0.0000
0.0000
1.4327
1.9990
0.0000
1.2235
0.0000
0.0000
0.0000
0.0000
0.3820
0.0000
3.1111
0.0000
2.0048
0.2639
0.5487
0.0000
3.1511
2.4424
1.6010
0.0000
0.4457
1.2526
0.9853
0.3070
0.0000
0.0000
2.6115
0.0000
0.0000
2.7895
2.2915
0.0000
0.0000
0.0000
2.9367
0.8057
1.2302
0.0000
0.3553
0.0307
0.0000
0.0000
0.0000
0.6367
0.9766
0.0929
0.0000
0.0000
0.5595
0.3178
0.0000
0.0000
0.0750
1.3484
0.0000
0.2422
0.1544
0.0000
0.2826
0.0000
0.0000
1.3773
0.0000
1.3639
0.0000
0.2594
0.0000
0.9979
0.0000
1.6626
0.0000
0.1456
1.7149
0.0000
0.7890
1.1261
0.0000
0.0000
1.0668
0.0000
0.0000
0.0000
0.0000
0.0000
0.0000
0.0000
0.8785
0.0000
0.0000
0.0000
0.1450
0.3420
0.0000
0.9210
0.0000
0.4174
1.2931
0.0000
0.0000
0.0000
0.0000
0.0000
1.0880
0.0000
0.0000
0.0000
0.0000
0.0000
0.0051
0.0000
0.0000
0.0000
0.0000
0.0000
2.6104
0.0000
0.1600
2.7642
0.0000
0.0000
0.0000
0.0000
1.6270
0.0000
0.0000
0.0000
0.0000
0.0000
0.0000
0.0000
0.0000
2.0383
2.8554
0.0000
0.0000
2.2289
0.0000
0.7994
0.0000
0.0000
0.5888
0.0000
0.0000
0.4094
0.7316
2.0881
0.4650
0.0000
2.1216
0.7578
0.0000
0.0000
0.0000
1.8115
0.0000
2.8089
0.0000
0.0000
0.0000
0.0123
0.0000
0.7496
0.0000
0.0000
1.1547
0.0000
0.0000
0.0000
0.8381
0.4451
0.0000
0.0000
0.4802
0.0000
0.0000
0.0000
1.2473
1.5823
2.1530
0.0000
0.0890
0.0627
0.0000
0.0000
0.8347
1.2367
1.5866
3.0838
0.0000
0.8626
3.8098
1.0507
0.0000
0.0000
0.0000
0.0000
0.9870
1.8491
0.0000
0.0000
2.8281
0.0000
0.0000
0.0000
0.5344
0.3281
1.5844
0.2984
0.9420
0.0000
0.0000
0.0000
1.6157
0.0000
0.5653
1.0034
0.0000
0.0000
0.0495
0.0000
3.4784
0.0000
0.0000
2.1626
0.0000
0.6507
0.1683
0.0000
0.0000
2.7875
0.0000
0.0000
0.0000
0.2586
0.0000
0.1421
0.0000
0.0000
0.0000
3.0718
0.7816
0.3151
0.0000
0.0000
0.0000
0.0000
0.7464
0.0000
0.0000
0.0000
0.0000
0.0000
0.0000
0.0000
0.0000
0.0000
0.0000
0.4696
0.4090
0.0000
0.7174
0.0000
0.0000
0.0000
0.6073
0.7506
2.0267
0.0000
0.6069
0.0000
0.0000
0.0000
0.0000
1.1291
0.0000
0.6288
0.8223
1.8290
0.0279
0.0000
2.5904
0.0000
0.0000
0.3127
0.0000
0.0000
0.0000
0.0064
0.0000
0.0000
0.0000
0.0000
1.0551
1.6587
0.0000
0.0000
0.7525
3.4428
0.0000
2.4560
1.6212
0.0000
0.0000
1.0837
0.0000
0.3147
0.0000
3.1741
0.0000
0.3763
0.0000
0.0000
1.1299
0.0000
1.6907
0.0000
0.0000
0.0000
0.0000
1.2875
0.0000
0.0000
0.0000
0.4951
0.0000
0.0000
0.0000
0.0000
0.0000
0.0000
0.0000
0.0000
0.0000
0.8522
1.8503
0.0000
1.4533
0.0000
0.0000
0.0000
0.0000
0.4331
1.3671
0.0000
0.0000
1.2750
0.7591
1.3045
0.0000
0.0000
1.2824
0.0000
0.3620
0.0000
0.0000
0.0000
0.0000
0.7283
1.5935
0.0000
1.4329
2.9188
0.0000
0.0000
0.4029
0.7154
2.7633
0.0000
0.0519
0.0000
0.0000
0.0000
0.0000
0.0000
0.0000
0.0000
0.0000
0.0000
0.4266
2.1869
1.3986
0.0000
0.0000
1.3150
0.0000
0.0000
1.3887
0.0000
0.0000
0.0000
0.0000
3.2096
1.4540
0.0000
0.0000
1.4060
0.0000
0.0000
1.1215
0.9471
0.9531
0.0000
2.4606
1.6088
0.0000
0.0000
0.1643
0.0000
0.0000
0.3799
0.0000
0.6877
0.0000
1.0889
5.3894
0.1803
1.7270
0.0000
0.4507
0.2292
0.0000
0.0000
0.0000
0.0000
0.0000
0.2244
0.0000
0.0000
0.7402
0.0000
0.9560
0.0000
0.0000
0.0000
0.0000
0.8536
0.7648
0.0000
0.0000
0.0000
2.5501
0.1651
1.2949
0.0000
1.8110
0.0000
0.6678
2.0272
0.0000
1.2946
0.0000
0.0000
0.0000
0.3801
0.0000
1.4635
0.0000
0.0000
0.3484
0.0000
0.0000
0.0000
0.6474
0.1181
1.3310
0.0000
1.7856
0.0000
0.0000
1.4043
0.0000
0.0000
0.0000
0.0000
0.0000
0.0000
0.0586
3.3075
0.0000
0.0000
0.0000
2.0096
0.4246
0.1125
0.0000
0.3846
0.0000
3.2724
0.0000
0.0000
0.0806
0.0000
0.0000
2.0978
0.0000
0.0000
0.0000
0.0000
1.4917
0.0000
0.0671
0.0000
0.0000
0.0000
0.0000
0.0000
0.6273
0.0000
1.3097
0.0000
1.2629
0.9278
0.0000
2.0420
0.0988
0.1218
2.5757
2.0950
0.0000
0.5200
0.8313
0.1534
0.1001
0.0000
0.1322
0.0000
0.0000
0.0000
0.0000
0.0000
0.0000
1.6673
0.4856
3.1066
0.0000
5.1206
0.0000
0.0000
2.0942
0.0328
2.7373
0.0000
0.0000
0.0000
0.0000
1.5068
1.4709
0.0000
2.5001
0.0000
0.0000
1.5022
0.1516
0.0000
2.5823
0.0000
0.0000
2.4765
0.0000
1.2825
0.0000
0.0000
0.0000
0.0000
2.2828
0.0000
0.0000
0.0000
0.0000
0.0000
1.0665
0.0000
1.0758
0.1896
0.8589
0.0000
0.0000
0.3422
0.0000
0.0000
0.4416
1.1326
0.0000
0.0000
0.0000
0.0000
2.6023
0.3149
0.0000
0.0000
0.4000
0.0000
0.9158
0.0000
3.0727
0.0000
0.0000
0.0000
0.5826
0.0000
0.0000
0.1116
2.6980
0.0000
0.0000
1.7507
0.0000
0.0000
1.2319
1.4060
0.0000
0.3594
0.0000
1.4454
0.0000
0.0000
1.3624
0.0000
0.0000
1.3613
0.7278
1.1870
0.0000
0.1716
0.8015
0.0000
0.0000
1.0198
0.6474
0.4278
0.0000
0.0000
0.0000
1.7338
0.0000
0.0000
0.0000
0.0000
0.4000
0.0000
0.5322
0.0000
0.0000
0.6358
0.0000
0.0000
0.0000
0.9536
0.6689
1.1810
0.0000
3.5927
1.2226
1.1984
0.0043
1.9907
0.0000
0.0000
0.0000
0.0000
0.0000
0.0000
0.0000
0.0000
0.3221
0.0000
0.0000
0.0000
0.0000
0.0000
0.0000
0.0000
0.0000
0.0000
1.3475
0.0000
0.0000
0.0000
2.0382
0.0000
0.0000
0.0000
1.5716
0.4696
0.0000
0.0000
0.1188
0.3203
0.0000
0.0000
0.0000
1.2895
0.0000
0.0000
0.0000
0.3268
0.4025
0.0000
0.0000
0.0000
0.0000
0.4017
0.0000
0.0000
1.1283
0.0000
0.3105
0.0000
0.2182
0.0000
1.3841
1.9131
0.0000
0.0000
0.0000
0.0000
0.0000
0.4657
0.0000
1.0124
0.1222
0.0000
2.5519
0.0000
0.0000
0.1989
0.0000
0.0000
0.0000
0.0000
0.0000
1.9660
1.9692
0.2617
0.0000
0.0000
0.0000
1.1398
2.4207
0.0000
1.5431
0.0000
0.5989
0.0000
1.8624
0.7599
2.2305
0.0000
0.0000
0.0000
0.0000
1.0696
0.0000
2.6181
0.0000
0.0000
1.1162
0.0000
0.7821
0.0000
0.0000
0.3557
0.0647
0.0000
0.2770
0.0000
0.0000
0.0000
0.0000
0.0000
0.6325
0.4143
0.0000
0.3690
0.0000
0.4107
1.7652
0.0000
0.0000
0.0000
0.9662
0.1457
1.4259
0.0000
0.5949
0.8140
0.0758
0.0000
1.2566
0.5641
0.0000
0.0000
0.0000
0.0000
1.7545
1.4432
0.0000
0.0000
0.0000
1.3676
1.5147
0.2644
0.0000
0.2446
0.4387
0.6197
0.0000
0.0000
0.0000
0.0000
2.0478
0.0000
0.0000
0.3955
0.0000
0.1377
1.1672
1.5399
0.0000
0.0000
0.0000
1.2336
0.1247
0.0000
1.0641
0.0000
0.0775
0.0000
0.0000
2.3898
0.0000
0.2449
0.0000
0.0000
0.0000
0.0000
0.0000
0.0000
0.0000
0.0000
0.0583
0.0000
0.7720
0.4674
0.0000
0.0000
1.0439
1.9997
0.0000
3.0157
0.0000
0.0000
0.0000
0.0000
0.0000
0.0000
0.0000
0.4880
0.3083
0.0000
0.8452
0.3390
0.0000
0.0000
0.0000
0.6239
0.2180
0.9819
0.9993
0.0000
0.2693
0.1120
0.0000
2.4143
0.0000
0.0000
0.0000
0.0000
0.7120
2.0700
0.0000
0.0000
1.2843
1.6067
1.2298
0.0000
0.0000
0.0242
0.7086
0.0000
0.0000
0.0000
1.3198
0.0000
1.7126
0.0000
0.0000
0.0000
0.0000
0.0000
0.6079
0.1684
1.9354
1.6282
0.0000
0.0000
1.6951
0.0000
0.0000
0.3991
0.0000
0.0000
0.0000
0.0000
0.1658
1.8801
0.0000
1.0673
1.6429
0.0998
0.0000
0.0000
0.5470
0.8847
1.4878
0.0000
0.0000
0.0000
0.0000
0.0000
0.1694
2.3890
0.8003
0.0000
0.0000
0.4965
0.0000
1.0087
1.9916
0.1756
1.1073
0.4124
0.0000
0.0000
0.9498
1.0826
3.5903
0.0000
0.0564
0.0000
0.0000
2.8160
1.3825
0.0000
0.0000
0.1049
0.0000
0.0000
1.6487
0.0000
0.0000
2.8278
0.3962
0.0000
0.0000
0.0000
0.7437
0.6120
0.0000
0.0000
0.0000
0.0000
1.5335
1.9616
0.0000
1.2487
0.0000
0.0000
0.0000
0.0000
2.2712
0.0000
1.5264
0.0000
0.7721
1.1943
0.0000
0.5976
0.0000
0.0000
0.5595
0.0000
3.7008
0.0000
0.0000
0.1198
0.0000
0.0000
0.0000
0.0000
0.6583
1.2764
0.0000
0.0066
0.0000
0.8427
0.0000
0.5628
0.9240
4.5827
0.0000
0.0000
0.0000
0.4678
1.8424
0.0000
0.0000
0.0000
0.0000
0.0000
0.7069
0.0000
0.4043
2.3753
0.0000
0.0000
0.0000
0.0000
0.0000
1.3876
0.9655
0.0000
0.1071
0.0000
0.0000
0.0000
0.0000
0.0000
2.8084
0.0000
0.0000
0.0000
0.0000
0.0000
0.0000
0.0381
0.3656
0.0000
2.1706
0.6872
0.0000
0.0000
0.0000
0.0000
2.6937
0.0000
1.9079
2.3204
0.0000
0.0000
0.0000
0.0000
0.0000
0.0000
0.0000
1.4351
0.0000
0.0397
1.0242
0.0000
0.0000
0.0000
0.0000
1.0380
0.0000
0.0000
2.0056
3.4301
0.0000
0.0000
0.3348
0.0000
1.0745
0.0000
0.0000
0.0000
0.0000
0.9264
0.0000
1.2739
0.0000
0.0000
0.0040
0.9604
0.0000
0.0000
0.9798
0.0000
0.0000
0.6960
0.1647
0.1012
0.0000
0.0000
0.0000
4.0288
0.0000
0.0000
0.0000
0.0000
0.0000
3.1953
0.0000
0.0000
0.0000
0.0000
0.0000
0.0000
2.9225
0.8422
3.8058
0.0000
0.3329
0.0000
0.0000
1.5130
0.0000
2.3750
0.0000
0.0363
0.0000
1.3197
1.1244
0.3999
0.0000
0.0000
0.0000
0.0000
2.7650
0.0000
0.0000
0.0000
0.0000
0.0000
0.0381
0.0000
1.1935
1.0822
0.0000
1.1747
2.6253
3.0946
0.8183
0.0000
0.8498
0.7498
1.7758
0.0000
0.0000
0.2852
0.0000
0.0000
1.4558
1.1547
0.0000
0.0000
2.3045
0.5278
0.6232
0.0000
0.0000
0.0000
0.0000
0.0000
3.1464
1.3782
0.9916
0.0000
0.1182
0.0000
0.2343
4.1555
0.0000
0.0000
0.3058
0.7067
2.1045
0.0000
3.0188
0.1198
0.0000
0.0000
0.7727
2.3002
0.0000
0.0000
0.0000
2.3243
0.0000
1.7911
0.0000
0.3894
0.2538
0.2484
0.9427
0.0000
0.0000
0.0940
1.3051
0.0000
0.0000
0.0000
0.8219
0.1640
0.0000
2.0916
0.0000
0.0000
0.0000
0.0000
0.4938
2.2803
0.0000
0.0000
0.0000
1.4867
0.0000
1.4426
0.0000
0.0000
0.0000
0.0000
0.0000
2.2509
0.1933
0.0000
0.1298
0.0000
0.0000
0.0000
1.0960
0.0000
0.5893
0.0000
0.0000
0.0000
0.0000
0.0000
0.3876
0.6202
0.0000
0.9811
0.0000
0.0000
0.0000
0.0000
0.0000
0.0000
0.0000
1.3061
0.0000
1.4984
0.7256
0.9504
0.0000
1.1836
0.0000
0.0000
0.0000
0.0000
0.0000
0.0000
2.3580
0.0000
0.0000
0.0000
0.0000
0.0000
0.0000
1.6402
0.2299
0.0000
0.1903
0.0000
2.6412
0.0000
1.1681
0.0000
1.0339
0.0000
0.0000
0.0000
0.0000
0.6766
1.7357
0.0000
0.0000
1.4498
0.0000
0.0000
3.1403
0.0000
0.0000
2.5662
0.0000
0.0000
0.1996
0.0000
2.3889
0.0756
1.0891
1.4746
0.0000
0.0000
1.6106
3.0473
0.0193
0.0000
2.4472
0.0000
0.0000
0.2511
0.7183
1.5662
0.0000
0.0000
0.0000
0.0590
2.5289
0.0000
0.0000
1.0800
0.2360
0.0000
0.0000
1.4652
0.0000
0.5212
1.4546
0.0000
0.0000
0.0000
0.0320
0.0000
1.3252
0.0000
0.0000
0.0000
0.0000
0.0000
0.0000
0.0000
0.0000
0.0000
0.0000
0.1006
0.0000
0.8357
0.3503
0.0000
0.0000
0.0000
0.0000
0.2574
0.0000
0.0000
0.0000
0.0000
0.4151
0.0569
0.0000
0.0000
0.4795
0.0000
1.7130
0.0000
0.0000
0.0000
0.0000
2.0583
0.7476
0.0000
0.0000
0.0000
0.4709
1.9798
0.0000
0.0000
0.1086
2.3890
0.4095
0.0000
0.0000
0.0000
0.0000
0.0000
0.4966
0.0000
2.5118
0.3674
0.1488
0.3965
3.2279
0.2786
1.3366
0.0000
0.0000
0.0000
0.0000
2.0042
0.0000
0.0000
0.0000
0.0840
0.3697
0.0000
0.0000
1.2773
1.2108
0.0000
0.0000
0.7077
1.1236
0.0000
0.0000
0.2643
0.0512
0.0000
3.6506
0.0000
1.5556
0.0000
0.0000
1.3739
0.0000
1.0524
0.0000
2.1205
0.0000
1.1858
1.7648
0.0000
0.0456
1.0105
0.7739
0.0000
0.0000
0.8317
0.0000
0.0000
0.0000
1.4363
0.0000
0.0000
2.5165
0.0000
0.0000
0.0000
0.9322
2.7642
0.0000
0.0000
0.0000
0.0000
1.6284
0.0298
0.0000
0.7282
2.6299
0.0000
0.0000
0.6620
0.8385
3.7962
0.5414
1.6554
0.0000
0.4589
0.0000
0.0000
0.0000
0.0000
0.0000
0.0000
0.0000
0.4783
2.8361
2.0221
3.7658
0.5952
0.0000
0.9320
0.0000
0.0000
0.0000
0.0000
0.0000
3.2021
0.0000
0.0000
2.8307
0.0000
0.0000
0.2983
1.5040
0.3222
0.7998
0.0000
0.0000
0.0000
0.9171
0.0000
1.4945
0.0000
0.0000
0.1174
0.5222
1.8045
1.4149
0.7034
0.1883
0.4239
0.0000
0.0000
0.4434
0.5736
0.0000
0.0000
0.0000
1.8764
0.7320
1.4466
0.0000
1.1848
0.0000
0.0000
0.0000
2.1631
2.4743
0.0000
0.0000
0.0000
2.8936
0.0000
0.9496
0.0000
0.0081
0.0000
0.0000
0.9344
0.0000
0.0000
0.3717
0.0000
2.5745
0.0000
0.0000
2.1760
0.5855
0.8913
0.0000
0.5397
0.1067
0.9842
0.0000
1.6355
1.6106
0.9206
0.0000
0.0000
0.0000
0.0000
0.0000
0.0000
0.0000
0.8846
2.3573
0.2308
0.1912
0.0000
0.0000
0.0000
3.2989
1.1238
0.0000
0.0000
0.2495
0.0000
0.0000
0.0000
0.0000
1.7110
0.0000
0.3936
1.3343
0.0000
1.3421
1.1662
0.1867
0.0000
0.0000
0.3947
0.0000
0.0000
0.0000
0.0000
0.4613
0.3071
0.0000
0.0000
0.0000
1.0572
0.0000
0.0000
0.0000
0.4572
0.0000
0.0000
0.0000
1.2632
0.5206
0.0000
0.0000
1.6418
0.0000
1.8715
1.2077
1.0028
2.0204
0.9314
0.0000
1.0471
0.0000
0.0000
0.0000
1.6766
0.3455
0.0000
4.3671
0.9856
0.0000
2.6068
0.0301
2.2859
1.0514
0.0000
1.4830
0.0230
0.0000
0.0000
0.0000
0.0000
0.0000
0.0000
0.1547
2.1752
1.6141
0.0000
0.0000
0.6018
0.0000
0.0000
1.2229
0.0000
1.4574
0.0000
0.0000
0.0000
0.0000
