1.3733
0.0000
0.7699
1.4009
0.0992
0.0920
0.2893
0.0000
0.0000
3.3157
0.6867
0.0000
0.8633
0.0000
0.0000
0.0000
0.0000
0.0000
0.0000
0.0000
0.2178
0.0000
1.2289
2.7028
0.6940
1.1936
0.0000
1.3153
0.0000
0.0000
0.0000
0.0000
0.0000
0.0000
1.0708
0.0000
0.0000
0.0000
2.8817
1.3922
0.0000
0.0712
0.0000
0.0000
0.0000
0.0000
0.0000
0.0000
0.0000
0.0000
0.0000
0.0000
0.0000
0.2077
0.0000
0.0000
0.7602
0.7209
0.0000
0.0000
0.0000
1.9197
0.0000
1.5583
0.0000
0.0000
0.2996
0.0000
0.0614
0.0000
0.3582
2.9971
0.4464
0.0000
0.0000
0.7552
0.0000
0.0000
0.0000
0.0000
0.4620
0.0000
0.5782
0.0000
0.0000
1.8285
0.0000
1.7687
0.0000
0.0000
0.2141
0.0000
2.0091
0.3559
0.0000
0.0000
0.0000
0.0000
2.1220
0.0000
0.0000
0.0000
0.0586
0.0000
0.5801
1.2248
0.3177
0.0000
0.9017
2.6995
0.0000
0.0000
0.8034
0.0000
0.0000
0.0000
1.0140
0.0000
0.0000
0.0000
0.7739
0.4595
1.7901
0.0000
0.0000
0.0000
0.4153
0.4887
0.9690
0.0000
0.0000
0.0000
0.2099
0.0000
3.4026
0.0000
0.6786
1.4391
0.0000
3.3335
2.6911
0.0000
0.9942
1.5671
3.1797
0.0000
0.9418
2.0290
1.0890
0.0000
0.0000
1.1001
0.7062
0.0000
0.0000
0.0000
0.0000
0.0000
0.0000
0.0000
0.2311
0.0000
0.5336
0.0000
0.0000
0.0000
0.0000
0.0000
0.0000
2.9361
0.0000
0.3203
0.0000
0.9047
0.0000
0.0000
0.0000
0.2478
0.0000
5.0115
1.7937
2.8260
0.0000
0.0000
0.0000
0.0000
1.2425
0.0000
2.7943
0.0000
0.0000
0.0000
0.6363
0.0000
0.6365
0.0000
0.0000
0.5958
2.5321
1.1656
0.0000
0.0000
0.4478
0.0000
0.0000
0.0000
0.0000
0.6052
0.1067
0.0000
0.0345
0.0000
0.0000
0.9751
0.1574
0.0000
0.0000
0.0000
0.0000
0.0000
0.0000
0.0000
0.0000
0.0000
3.8193
0.0000
0.0000
0.0000
0.0000
0.5571
0.0464
1.2248
0.0000
0.0000
1.4957
0.0000
3.2802
0.0000
0.0000
0.0000
0.0000
0.0000
1.7857
0.0000
0.0000
0.3076
0.0000
0.0000
0.1013
0.0000
0.0000
0.0000
0.0000
0.0000
0.0000
0.0000
0.0000
0.0000
1.2247
0.0000
0.0000
0.0000
0.0000
0.0000
0.0000
0.0000
0.0000
0.0000
0.0033
0.0000
2.0822
0.0000
0.0000
1.8086
0.5099
0.0000
0.4996
0.4192
0.0000
0.0000
2.4416
0.0000
0.5293
0.3722
0.0000
0.0000
0.0000
0.4879
0.0000
0.0000
0.0000
0.0000
0.0000
0.0000
3.4048
0.0000
0.0000
0.8353
0.0000
2.1931
0.0000
0.0000
0.0000
0.0000
0.0000
0.0000
0.2399
0.0000
0.0000
0.0000
0.0000
0.8797
0.0000
1.0455
0.7364
0.0000
0.0000
0.0000
0.0000
0.9865
0.0000
1.7242
0.0000
0.0000
0.0000
1.3041
0.3158
1.2406
0.0000
1.5497
0.0000
0.0000
0.0000
0.0000
0.0000
1.5718
1.9016
0.0000
0.0000
2.4458
0.0000
0.0000
0.0000
0.0000
0.0000
3.1923
0.0000
0.0000
0.0000
0.0000
0.0000
2.5806
1.3946
0.0000
1.5584
0.0000
0.0000
0.0000
2.5313
0.0000
0.0000
0.0000
0.0000
0.0000
0.0000
0.0000
0.0000
0.1177
0.0000
0.0000
0.0000
0.4574
0.0000
0.0425
1.1244
0.0000
0.0000
0.0000
0.0000
0.0000
3.2665
0.0000
1.1737
0.0000
0.0000
0.0000
0.7520
0.0000
0.0000
0.0000
3.1223
0.0000
0.0000
0.0000
0.6200
1.9665
0.0000
0.0000
0.0000
0.7674
0.0000
0.0000
0.0000
0.8165
0.0000
0.2913
0.0000
0.0000
0.8168
0.0000
0.0000
0.0000
0.0000
1.0380
0.4412
1.0633
0.0000
0.0000
0.2915
0.0000
1.3372
0.0000
0.0000
0.0000
0.0000
0.7491
0.0000
1.2916
0.0000
0.0438
0.0000
0.0000
0.0000
0.0000
0.0000
0.0000
2.9702
0.0000
2.0886
0.0140
1.5729
0.9952
0.0000
0.0000
2.3545
0.7259
0.0800
0.0000
2.7270
0.0083
0.4011
0.0000
0.4384
0.0000
0.0000
0.0005
0.0000
0.4478
0.9451
0.0000
0.9858
0.6479
0.7593
0.0000
0.0000
0.0000
0.0000
0.0000
0.0000
0.0000
0.0000
1.4872
0.0000
0.0000
0.0000
2.5476
2.1654
0.0000
1.2144
0.0000
0.7398
0.0000
1.0153
0.1793
0.7284
0.0354
0.0000
1.5038
0.0000
1.5870
0.0000
0.0000
0.0000
0.0000
1.5010
0.4473
0.0000
0.0000
0.4837
0.0000
0.0000
0.6197
3.3405
0.0000
0.0000
0.0000
0.0000
0.0000
0.0000
0.8396
0.3045
1.6846
0.0000
0.8150
0.0000
0.0000
0.0000
0.7589
4.5977
0.0000
2.4082
2.3805
0.0000
1.9872
0.5170
0.0000
0.3900
0.0000
0.0000
0.0000
0.3145
0.0000
0.1460
0.0000
0.0000
2.7141
0.0000
0.0000
0.1429
0.0000
0.0000
0.0000
0.0000
0.0000
0.0000
0.0000
0.0000
0.0000
0.0000
0.0000
0.0000
1.9322
0.0000
0.0000
0.0000
0.0000
0.2374
0.0000
0.0000
0.0000
0.0000
0.7892
0.3161
0.0000
0.0000
0.0000
0.0000
0.0000
0.0000
0.0000
0.0000
0.0000
0.0000
0.0000
0.3721
0.0000
0.0000
0.0000
0.0000
0.4040
0.1152
0.0000
0.0000
0.0000
0.0000
0.0000
0.2965
0.2365
1.6222
0.0000
0.0000
0.0000
0.0000
0.8934
0.0000
0.0000
0.0000
0.0000
1.8069
1.6983
0.0000
1.9902
0.0000
0.0000
0.0000
1.9010
2.3525
0.0000
0.5166
0.0000
0.3893
0.0000
0.0000
3.4850
0.0000
1.5557
0.0000
0.3666
0.0000
0.0000
2.3005
0.0000
0.0000
0.0000
0.0000
0.4226
0.0000
1.3132
0.0000
0.0000
0.0000
0.0000
0.0000
0.0000
0.2248
1.9156
0.0000
1.4124
0.0000
0.0000
0.5229
2.3787
0.0000
0.0000
0.8633
0.0000
0.0000
0.0000
0.0000
0.0000
0.2608
0.8346
0.0000
0.1653
0.0000
0.0000
0.0000
0.0000
0.0000
0.0000
0.0000
0.7603
0.6861
0.0000
0.0000
0.0000
0.0000
0.0000
0.0000
0.0000
1.0037
0.0000
0.0000
0.0000
0.2558
0.0000
0.1257
0.0000
0.0000
0.0000
0.4746
1.1408
0.0000
0.0000
0.0000
0.0167
0.0000
0.0115
0.4119
1.2131
1.2829
0.0000
2.9694
0.0000
0.0000
0.0000
0.0000
0.0000
1.2953
0.0000
3.0729
0.0000
0.5124
0.0000
0.0000
0.5824
0.0000
0.0000
1.8305
4.3342
0.0000
2.0997
0.2222
0.1221
0.0000
0.0000
0.0000
0.0000
0.0000
0.0000
0.0000
0.0000
0.0000
0.1287
0.0000
0.0000
0.8594
0.0000
0.0000
0.0000
0.0000
0.0000
0.0000
1.7251
0.0000
0.0000
0.0000
0.8285
0.0000
4.1008
0.1974
0.0000
0.0161
3.1258
0.0000
0.0000
0.0000
1.6193
0.4791
0.0000
0.0000
0.0515
0.0000
0.0000
0.0000
0.0000
0.0000
0.0000
0.0000
0.0000
0.0000
0.0000
3.6595
0.0000
0.0000
0.1905
0.0000
0.9747
0.0000
0.0000
1.4118
0.0000
0.1048
0.0000
0.6697
0.0000
0.0788
0.0000
1.3078
0.0000
0.0000
0.0000
0.0000
0.0000
0.0000
0.0000
0.7536
1.0116
0.0000
0.0000
0.0000
0.0000
3.0464
0.0000
0.0000
0.0000
0.0000
0.0000
1.5685
0.1758
0.0000
0.3504
2.8066
0.8128
0.0000
0.0000
0.0000
0.5144
0.0000
0.0000
0.0000
0.2543
0.0000
0.0000
0.0000
0.0000
0.9923
0.0000
0.0000
2.7627
1.9672
0.0000
0.8935
0.0000
0.0000
0.0000
0.0000
0.0000
0.0000
0.1151
1.5754
0.0869
0.0000
0.0000
0.0000
0.0000
1.5815
0.0000
0.0000
0.0000
0.0000
0.0000
0.0000
0.0000
0.0000
0.0000
0.0067
0.0000
0.5395
0.0000
0.0000
0.1369
0.0000
0.0000
0.0000
0.0599
0.0000
0.0000
0.0000
0.0000
0.0000
0.6264
0.0000
1.5215
0.0467
0.2286
1.7975
0.0000
0.0000
0.0000
0.0000
0.0000
2.0355
0.0000
0.0000
0.0000
0.0000
2.1953
0.0000
0.6456
0.0000
0.0000
0.0000
0.0000
0.0000
0.0000
0.0000
0.0000
0.0000
0.0000
0.1701
0.0000
0.5529
0.0000
0.6912
0.0000
0.0000
0.5559
1.5381
0.0000
0.0000
0.0000
0.0000
0.0000
0.0000
0.0000
0.6377
0.0000
0.0000
0.1121
0.0000
0.0000
3.7704
0.0000
0.0000
0.0000
0.0000
0.1113
0.0000
0.0000
0.0000
0.0000
0.0000
0.0000
0.0000
2.3298
0.8834
0.0000
0.0000
0.0000
0.0000
0.0000
0.0968
0.3365
1.9216
0.0000
0.0000
0.0000
0.0000
0.0000
0.7040
0.4228
0.0000
0.0610
0.9932
2.4031
0.6713
0.0000
0.0000
4.0205
0.0000
0.5615
0.3755
0.0000
0.0000
0.0000
1.3355
0.0000
0.0000
0.1326
0.0000
0.0000
0.1939
1.3610
0.2553
0.0000
0.0000
0.5673
0.0000
0.0000
1.0699
0.0000
0.0000
0.0000
0.0000
0.0000
0.7753
0.0000
0.0000
0.0000
0.0000
1.5140
0.0000
0.0000
0.9473
1.4103
0.1559
0.0000
0.0000
0.0000
0.9032
0.0000
0.0000
0.0000
0.0000
0.5537
0.0000
0.0000
1.6073
2.8246
0.8300
0.0000
0.0000
1.1091
0.0000
2.3448
0.0000
0.0000
0.0000
1.5958
0.0000
0.7730
0.0000
3.9001
0.0000
0.0000
0.0000
1.2561
0.0000
0.0000
0.0000
2.3411
1.8160
0.0000
0.0000
0.4295
0.2880
0.3773
0.0000
1.8209
0.3867
0.8502
2.4642
1.8196
0.8581
0.0000
0.4548
0.0000
0.1255
0.0000
0.0000
0.0000
0.0000
0.0861
0.0000
0.0000
0.2173
0.0000
0.0000
0.0000
1.2189
0.0000
0.0000
0.0000
0.0000
0.0000
0.0000
0.0000
0.0000
0.0000
1.8812
0.0000
2.2828
0.0000
0.0000
1.1407
0.3074
0.0000
0.0000
1.2137
2.0037
0.0000
0.0000
0.0000
0.0000
0.2800
0.5085
0.0000
0.0000
2.2911
0.0000
0.0000
0.0000
0.5874
0.0000
0.0000
0.0000
0.0000
0.0000
0.0000
0.0000
1.8309
0.0000
0.0000
1.7988
0.0000
0.0000
2.3847
0.0000
1.3093
0.0000
1.9425
0.0000
0.0000
0.8307
0.0000
0.0000
0.0000
0.0000
0.9890
0.0000
0.0000
1.5977
0.0000
0.8664
0.0000
0.2923
0.0000
0.0000
0.0000
0.0000
0.0000
0.0000
0.0000
1.8304
0.9010
0.0000
0.0000
0.0000
0.3817
0.0000
0.2841
0.0000
0.0000
0.0000
0.0000
0.0000
0.0000
0.0000
0.0000
1.5849
0.0000
0.0000
0.0000
0.0000
0.2588
2.1520
0.0000
0.0000
0.9248
0.0166
0.9962
0.6154
0.2251
0.0000
0.0000
1.0156
0.0000
0.0000
0.0000
0.0000
0.0000
0.0000
0.0000
0.0000
0.0000
2.6320
0.0000
0.0000
0.5379
2.2784
1.9931
0.0000
2.0565
3.3378
0.0000
0.0000
0.7053
0.0000
0.0000
0.0000
0.8404
0.0000
0.0000
0.0000
0.1325
0.0000
0.0000
0.0000
0.0000
1.9641
1.0752
0.0000
0.0000
0.0000
0.0000
0.0000
0.0299
0.0000
0.0000
2.2317
1.6231
0.0000
0.0000
1.1455
0.0000
1.8935
0.0000
0.0000
0.0000
2.9815
0.0746
2.0018
0.7533
1.1024
0.0000
0.0000
0.0000
0.0000
0.0000
0.0000
0.0000
0.6713
5.1512
0.0000
0.2753
0.0000
0.0000
0.0000
0.7287
0.0000
0.0000
0.0000
0.0000
0.0000
0.0000
0.3667
0.0000
0.0000
0.0000
0.0000
0.0000
0.0000
0.0000
1.1244
0.0000
0.0000
0.0000
2.9694
0.9472
0.0000
0.0000
2.3184
0.0000
0.0000
0.0000
0.0000
1.2055
1.1856
0.0000
0.0000
0.0000
0.0000
0.0000
0.0000
0.0000
0.0000
0.0000
0.0000
0.0000
0.0000
0.1151
2.1752
0.0000
0.4876
0.0000
0.5782
0.0000
0.0000
1.2518
0.0000
0.0000
0.0000
0.1935
0.0000
0.1786
2.2050
0.0000
0.0000
0.2184
0.0000
0.2583
0.6936
0.0000
0.0000
0.5444
1.7545
0.0000
0.0000
0.0000
0.0000
0.0000
1.2511
0.0000
0.0000
1.3106
0.0000
0.0000
0.0000
0.0000
0.0000
0.0293
0.9887
0.0000
0.0000
1.3225
0.0000
0.0000
0.2318
0.0000
0.0000
0.7547
0.0000
0.0000
1.5453
1.1712
0.0000
0.0000
0.6708
0.0000
0.0000
0.0000
0.0000
0.9175
0.3042
0.0496
0.0000
1.1857
0.0000
0.3926
0.0000
0.0000
0.2344
0.0000
0.0000
0.0000
0.0000
0.0000
0.0000
0.0000
0.0000
0.0000
0.0000
0.8795
0.0000
0.0000
0.1708
0.0000
0.0000
0.3548
0.0000
0.0000
1.1037
1.6505
1.6913
0.0000
0.0000
0.0000
2.2461
2.6933
0.0000
3.1371
0.0000
0.0000
0.0000
0.0000
0.0000
0.0000
0.2090
0.0000
0.0000
0.0000
0.7911
2.8796
0.0000
0.0000
0.4722
0.0000
0.0000
0.4883
0.5617
0.0000
1.1745
0.0000
0.6157
1.8544
0.8274
1.6802
0.1603
4.8861
0.0000
0.4387
0.0000
0.0000
0.0199
0.0000
0.3601
0.3838
0.0000
0.0000
0.0000
0.0000
0.0000
0.1713
0.0000
0.0000
0.0000
3.1592
0.6146
2.5748
0.0000
0.7001
0.0000
0.0000
1.6615
1.4303
0.0000
2.4868
0.0000
0.0000
0.6884
0.0468
0.0000
0.3910
0.0000
2.3792
0.0000
0.0000
0.5498
0.0000
0.0000
0.0416
0.0000
0.0000
0.0000
0.0000
0.4512
2.3164
0.0000
1.4293
0.0000
0.0000
0.0000
0.0000
0.0000
0.0000
0.0000
1.0311
0.0000
0.0000
0.3842
0.0000
0.3742
1.7522
0.0000
0.0000
0.0000
0.1938
0.0000
0.4732
0.0000
0.0000
0.0000
0.0228
0.0000
0.0000
1.4693
0.0000
0.0000
0.0000
0.0000
0.0000
0.8402
0.6539
0.0000
1.0619
3.4259
1.4854
0.0000
0.1778
0.0000
0.0000
0.9043
0.6728
0.0000
0.6833
0.0000
0.0000
0.0000
0.0000
0.0000
0.0000
1.3931
0.0000
0.0000
0.0000
0.0000
0.0000
0.0000
0.3049
0.0000
0.0000
1.7556
2.0512
1.9743
0.4882
0.2696
0.0000
0.0000
1.8774
0.2238
1.1431
0.0000
0.0000
0.0000
0.7237
0.0000
0.0000
1.3314
1.8590
0.0000
0.0000
0.0000
0.0000
0.0000
0.0000
0.0000
0.3378
2.6429
1.0175
0.0000
0.0000
0.0000
0.1985
0.0000
0.0000
0.0000
0.7611
0.0000
0.0000
0.0000
0.8261
0.4895
0.0000
0.0000
0.0000
0.7472
0.0065
0.0000
0.4287
0.0000
1.1648
0.0000
0.7129
0.0000
0.0000
0.0000
0.5162
1.1813
0.6731
0.0000
0.0000
0.0000
0.4647
0.0000
1.7248
0.0000
0.0000
0.1737
0.0000
0.0000
0.0000
0.0000
0.0000
0.0000
0.0000
0.0000
0.0000
0.0000
0.0000
1.0769
0.0000
0.0000
0.0000
2.8739
0.6257
0.0000
0.0000
0.0000
0.9497
1.0168
0.0377
0.0000
1.0862
0.0000
1.2899
0.0000
0.0000
0.0000
0.0000
0.0000
0.0000
0.0000
0.0000
0.0000
1.4766
0.0000
0.9893
0.6702
2.3442
0.0000
0.0000
2.0292
0.0000
0.0000
0.0000
0.0000
0.0742
0.0000
0.0073
0.0000
0.0000
1.0896
0.0000
0.2022
0.0000
0.0000
0.0000
0.0000
0.0000
0.0000
0.0000
0.0000
0.0000
0.0000
0.4803
0.1490
0.4163
0.1093
0.0000
1.0692
0.0000
0.0000
0.7652
0.0000
0.0000
0.0000
0.9725
1.4148
0.8878
0.7366
0.0000
0.0000
0.0000
0.9370
0.9318
0.2553
0.0000
0.0000
0.2059
0.4020
0.0000
0.5525
0.0000
0.0000
0.0000
2.5042
1.1807
0.0000
0.0000
0.0000
0.0000
0.0000
0.0000
0.0000
0.1897
0.0000
0.0000
0.1656
0.0000
0.0000
0.0000
0.0000
0.0000
0.0000
0.0000
0.0000
0.0000
0.0000
0.0000
0.0000
0.0000
0.0000
0.4286
0.7182
1.6024
0.0000
0.0000
0.0000
1.0692
0.0000
0.0000
0.0000
0.0000
0.2293
1.9851
1.0911
0.6359
0.0000
0.0000
0.0777
1.2429
1.1078
0.0000
0.0000
0.0000
0.1175
0.0000
0.0000
0.0000
0.0000
0.9343
0.0000
0.0000
0.0000
1.8466
0.0000
1.6487
0.0000
0.0000
0.0000
0.0000
0.6897
0.0000
0.0000
1.0478
0.2112
1.5512
2.2663
0.0000
0.0000
0.0000
0.6923
0.0000
0.0000
1.6314
1.8335
0.0000
0.0000
0.0000
2.8535
0.9048
0.0000
0.0000
0.0000
0.0000
2.0931
0.0000
0.0000
0.0000
0.0000
0.0000
0.0000
0.2258
3.0084
0.0000
0.0000
2.7564
0.0254
3.4593
0.0000
0.0000
0.0000
0.6759
0.0000
0.0000
0.1818
0.0000
0.4535
0.0000
2.8451
0.0000
0.7131
0.0000
0.0000
2.5129
0.0000
0.0000
0.0000
0.0000
0.4221
0.3789
0.0000
0.5162
1.8612
0.0000
0.0000
2.7396
0.0000
0.0000
0.3479
0.0000
0.0770
0.5590
0.0000
1.1149
0.2955
0.0000
0.0000
0.1624
0.0000
2.2348
0.0000
0.0000
0.1272
0.0000
3.3448
0.0000
1.8364
1.3603
0.0000
0.0000
0.0000
0.0000
0.0000
0.0000
0.0000
0.0000
0.0000
1.0364
0.0000
0.0000
0.0000
0.0000
0.0000
0.0000
0.0000
0.0000
0.0000
0.0000
0.0000
0.0000
0.0000
0.0000
0.0000
0.7515
0.0000
0.0000
0.0000
0.3859
0.7283
1.5598
0.0000
0.0000
0.0000
0.9320
0.0000
1.1564
0.0000
0.0000
0.0000
0.7786
0.0000
0.0000
0.0000
0.0000
0.0000
0.0000
1.2689
0.0000
0.9648
0.0000
0.8255
0.0000
0.7417
0.0000
0.0000
1.5904
0.0000
0.0000
0.0000
1.2801
0.8391
0.1056
0.0000
0.0000
0.0000
1.4839
0.0000
0.0000
0.0000
0.0000
0.0000
0.6659
3.0870
2.0772
0.0000
0.0000
0.0000
0.5902
0.7187
0.6256
0.0000
1.0713
0.0000
1.1417
0.0000
0.0000
0.0000
0.0000
1.8206
1.0991
0.0000
1.9499
0.0000
0.0000
0.0000
0.0000
3.7680
0.8726
0.0000
0.0000
0.0000
0.0000
0.0000
0.0000
0.2582
0.0000
0.6535
0.0000
0.0288
1.9165
0.0000
0.0000
0.0000
0.3993
0.2791
0.0000
0.0000
1.7252
0.0000
0.0000
1.1918
1.0547
0.8936
0.0000
0.6999
0.0000
0.0000
0.0000
0.0000
0.0000
2.3406
0.1299
0.0000
2.5902
2.4851
0.0000
0.0000
0.6324
2.2986
1.3360
0.0000
0.0738
1.0117
0.0000
0.0000
0.0000
0.0000
0.0000
0.5737
0.0000
0.0000
0.0000
0.1370
1.6711
0.0000
1.7470
0.0000
0.0000
0.0000
0.0000
1.2511
0.0000
0.3032
0.0000
1.8226
0.7738
0.0000
0.2242
0.0000
0.0000
0.0000
1.4821
0.2979
0.0000
0.4398
0.0000
0.4122
1.3803
0.3795
1.4520
0.0000
0.0000
0.0000
0.0000
3.6763
0.1715
0.1854
0.0000
0.2059
0.2111
0.0000
0.0000
0.0000
0.0000
0.0000
0.0000
0.0000
1.6261
0.0000
0.0000
0.0000
0.0000
0.0000
0.3104
0.0000
0.0000
0.5671
0.3779
0.9258
0.9875
0.0496
0.0000
0.0000
0.7190
0.0000
1.2847
0.6541
0.0000
0.0000
0.0000
0.0000
0.0000
0.0000
0.0000
0.0000
0.0000
0.0514
0.0000
1.3133
0.0000
0.8706
0.0000
0.0885
0.0000
0.0000
0.0000
0.0000
0.0000
0.0000
0.0000
0.0000
0.0000
0.0000
0.0000
0.0000
0.0000
0.0000
2.6197
0.0000
0.4045
0.0000
0.0033
0.0000
0.9253
0.0000
0.0000
0.0000
0.0000
0.0000
0.0794
0.0000
0.0000
0.0000
0.0000
0.9432
0.0000
0.0000
1.4498
0.3281
0.2362
0.0000
0.0000
0.0000
0.0000
0.0000
1.2047
0.3177
0.7092
0.0000
0.5193
0.0000
2.3023
0.0000
0.0000
0.0000
0.0000
0.0000
0.5449
0.0000
0.7537
1.3282
0.0000
1.3990
0.0000
0.7628
0.0000
0.0000
1.4980
0.0000
0.0000
0.0000
0.0000
0.0000
0.0000
0.0000
0.0000
0.0000
0.0000
0.0000
0.0000
0.0000
0.9736
0.7381
0.2836
2.7260
0.0000
1.2406
0.2669
0.1854
0.0000
0.0000
0.0000
0.0000
1.5977
1.2659
2.1048
0.0000
0.0000
0.0000
1.4571
0.6298
0.0000
0.0000
0.0000
0.0000
0.0149
0.0000
0.0000
0.0000
0.0000
0.0000
0.0000
0.3636
1.3778
0.0000
0.8937
0.0000
0.0000
0.7624
0.0000
1.2476
0.0000
1.7137
0.0000
0.0000
0.0000
1.0791
0.4202
0.0000
0.0000
0.0000
0.0000
0.1450
0.3837
0.1489
0.0000
0.0000
0.0749
0.0000
0.0000
1.5999
0.1153
0.0000
0.0000
0.1986
0.0000
0.0000
0.0000
0.0000
0.0488
3.2307
0.0000
0.0000
0.0000
0.0000
0.8291
0.0000
1.2862
0.0000
0.0000
0.0000
2.2528
1.4263
0.0000
0.1873
0.0000
0.0000
4.5490
0.0000
0.0000
0.0000
0.6121
0.0469
0.4405
0.0000
0.0000
0.2600
0.0000
0.0000
0.1231
0.0000
0.0000
0.0000
0.0000
0.9999
0.0000
1.9050
0.0000
0.0000
0.0000
0.0000
0.0000
1.6594
0.0000
0.0000
0.0000
0.0000
0.0000
0.0000
0.0000
0.0000
0.0000
0.4486
0.0000
0.0361
0.5214
0.0000
0.0000
1.3019
0.0000
1.6592
0.0000
0.0000
0.2548
0.0000
0.0000
0.0000
0.0306
0.0000
0.0259
0.0000
0.1102
0.0000
0.0000
0.4600
0.0000
0.0000
0.6131
0.0000
0.0000
0.0000
0.0000
0.0000
0.0000
0.0000
0.0000
0.0000
0.0000
0.0000
0.0000
1.7956
0.0000
0.4892
0.4326
1.3588
0.0000
0.0000
0.0000
0.0840
0.0000
0.0000
0.0000
1.0764
0.0000
0.8945
0.0000
1.3399
0.0000
2.2705
3.8963
0.0000
0.0000
0.0000
0.2901
0.8517
0.0000
0.0000
0.0000
0.0000
0.0000
0.0000
0.7291
0.0000
0.0000
0.0000
0.0000
0.0000
0.0000
0.0000
0.0000
0.4191
0.0000
0.0000
0.0000
0.0000
0.0000
1.4609
0.0000
0.0000
1.5826
0.0000
0.0000
1.5172
1.0217
0.0000
0.0000
1.6229
0.0000
0.0000
0.0000
1.7936
0.0000
0.0000
0.7501
0.0000
0.0000
0.0000
0.0000
0.0000
2.0255
0.2772
0.0000
1.4731
0.0000
1.1364
0.0000
0.0000
1.1855
0.0000
0.0000
0.0000
1.1673
0.0000
0.0000
0.0000
0.0439
0.6839
0.0000
0.7453
1.3828
0.0276
0.0000
0.0000
0.0000
0.0000
1.4145
0.0000
0.0000
0.0000
0.0000
0.0000
0.0000
0.0000
4.4114
0.0000
0.0000
2.0209
0.0000
0.0000
0.0000
0.0000
1.5848
0.0000
2.3962
0.0000
0.0000
0.0000
0.0000
0.0000
0.5833
0.0000
0.0000
0.0000
0.0000
0.0000
0.0000
0.0000
0.0000
0.0000
0.0000
0.0000
0.0000
0.0000
0.0000
0.0000
3.5479
0.0000
1.3743
0.0629
0.0027
0.0000
1.2524
0.5444
0.7504
0.0000
0.0000
1.0291
0.2243
0.0000
0.0000
0.0000
1.1243
0.0000
0.0000
2.7160
1.5069
0.0000
0.0000
0.0000
2.4995
0.4468
0.0000
0.0000
0.0000
0.0000
0.8301
0.0000
0.0000
0.9094
0.2297
0.0657
0.0000
0.0000
0.0000
0.0000
0.3848
0.0000
0.9439
0.3406
0.0000
0.3342
0.0918
0.0000
0.0000
0.0000
0.2498
0.9495
0.0000
0.0000
0.0000
0.0000
0.0000
0.8723
0.0000
0.9988
0.0000
0.0000
1.3690
0.0000
0.0487
1.0448
0.0000
0.0000
0.9304
0.0000
0.0000
0.0000
0.0000
1.2728
0.0000
0.0626
0.8740
0.0000
0.0000
0.0000
0.5487
0.0000
1.0008
0.0000
0.0000
0.0000
0.8011
0.0000
0.0000
0.0000
0.0000
0.0000
0.3828
0.4318
0.0000
0.3267
0.0000
0.0000
0.2066
0.5941
0.0000
0.2549
0.0000
0.0000
1.8622
0.0000
0.0000
0.1049
0.0000
0.0000
0.0000
0.2748
1.4550
0.0000
0.0000
0.0000
0.0000
0.0000
0.0000
0.0000
0.0000
0.0000
2.0566
0.1900
0.0000
1.7700
0.0000
2.3057
0.5230
0.0000
0.0000
0.0000
0.0000
0.0000
0.7702
1.2876
1.2511
0.0000
1.5292
0.5368
0.0000
0.0075
0.0000
2.3287
0.0000
1.7355
0.0000
0.0000
0.0000
0.0000
0.0000
0.6984
0.0000
0.0000
0.0622
0.0000
0.0000
0.0000
1.4726
2.1667
0.0000
0.0000
0.0000
0.0000
0.0000
0.0000
1.3583
1.0023
1.2188
0.0000
0.0000
0.3021
0.0000
0.0000
0.0000
2.0994
2.1028
1.9684
0.0000
1.4232
3.5060
0.4779
0.0000
0.0000
0.0000
0.0000
0.0000
0.0000
0.0000
0.0000
2.6946
0.0000
0.0000
0.0000
1.1748
0.0000
0.2667
0.0000
0.6687
0.4618
0.0000
0.0000
1.3515
0.1413
0.4725
0.9157
0.0000
0.0000
0.2192
0.0000
2.7509
0.0000
0.0000
2.9348
0.0000
0.0000
0.0000
0.0000
0.8686
4.6612
0.0000
0.7993
0.0000
0.3720
0.0000
0.3063
0.0000
0.0000
0.0000
1.4142
0.5396
0.0000
0.0000
0.0000
0.0000
0.0000
0.0982
0.0000
0.0000
0.0000
0.0000
0.0000
0.0000
0.0000
0.0000
0.0000
0.7886
0.0000
0.2838
0.0000
1.1905
0.0000
0.0000
0.0000
0.3667
1.1094
0.5898
0.0000
0.7238
0.0000
1.4410
0.0000
0.0000
0.3910
1.1730
2.8060
0.0000
1.4691
0.0000
0.0000
3.2776
0.0000
0.0000
0.0000
0.0000
0.0000
0.3565
0.0000
0.0000
0.0000
0.0000
0.0000
1.7986
1.2552
0.0000
0.0000
0.9369
2.5176
0.0000
2.4625
2.3042
0.0000
0.0000
0.4027
0.0000
0.0000
0.0000
1.9080
0.0000
0.0827
0.0190
0.0000
0.9320
0.0831
0.2777
0.0000
0.0000
0.0000
0.6534
0.9847
1.8316
0.0000
0.0000
1.7071
0.0000
0.0000
0.0000
0.0000
0.0000
0.0000
0.0000
0.0000
0.0000
1.8560
0.0000
0.0000
0.6050
0.0000
0.4722
0.0000
0.0000
1.2417
1.9549
0.0000
0.0000
2.2564
2.3689
0.5906
0.0000
0.0000
0.0000
0.0000
1.1887
0.0000
0.0000
0.0000
0.3007
0.3099
1.0094
0.0000
3.4152
4.0456
0.0000
0.0000
0.3081
0.0000
2.7864
0.0000
0.0000
0.0000
0.0000
0.0000
0.0000
0.0000
0.0000
0.0000
0.0000
0.0000
0.6179
0.6569
2.1616
0.0000
0.0000
0.0000
0.0362
0.0000
1.1772
0.0000
0.0000
0.0000
0.0000
4.2628
0.6103
0.0000
0.0000
1.2181
0.0000
0.0000
0.6008
1.4921
1.3613
0.0000
0.3432
0.2144
1.2870
0.0000
0.0000
0.0000
0.0000
0.0000
0.8028
0.8368
0.0000
0.0000
5.4447
0.0000
0.8894
0.0000
1.2526
0.0000
0.0000
0.0000
0.0000
0.0000
0.0000
0.2216
0.0000
0.0000
0.0000
2.2924
0.2846
0.0000
0.0000
0.0000
0.0000
0.0000
1.3525
0.0000
0.1890
0.0729
0.9877
0.0213
0.2519
0.0000
0.3185
0.0000
1.4331
1.9370
0.0000
0.0000
0.0000
0.0000
0.0000
0.0000
0.0000
1.5955
0.6446
0.0000
0.0000
0.0000
0.0000
0.0000
0.0000
0.0000
1.6970
0.0000
0.7509
0.3756
0.0000
0.0000
0.0000
0.3594
0.0000
0.0000
0.0000
0.0000
0.0000
0.5426
0.0000
0.0000
0.0000
1.8999
1.0591
0.0223
0.0000
0.8181
0.0000
0.9722
0.0120
0.0000
0.0000
0.0000
0.0000
0.4471
0.0000
0.0000
0.0000
0.0000
0.4924
0.0000
0.0000
0.0000
0.0000
0.3274
0.0000
0.0000
1.5457
0.0000
0.0000
0.0000
1.1227
0.6060
0.0384
2.2329
0.0000
0.0346
3.0349
1.2491
0.0000
0.0000
0.0000
0.0000
0.7004
0.0000
0.0000
0.0000
1.2945
1.6687
0.0000
0.0000
0.0000
0.2566
0.0000
1.7609
0.0000
2.6505
0.0000
0.0000
1.2939
2.5487
3.4677
0.0000
0.0000
0.0000
0.0000
1.1302
2.2819
0.0000
2.1234
0.0000
0.0000
0.0000
0.0000
0.0000
3.0624
0.0000
0.0000
2.3189
0.0000
1.6860
0.0000
0.0000
0.0000
0.0000
3.1003
0.0000
0.0000
0.0000
0.0000
0.0000
1.0227
0.3268
0.4987
1.2782
1.3353
0.0000
0.0000
0.5725
0.0000
0.0000
0.0000
0.0000
0.0000
0.0000
0.0000
0.0000
2.8933
0.0228
0.0000
0.0000
0.0000
0.0000
1.2651
0.0000
1.8980
0.0000
0.5568
0.9355
1.5070
0.0000
0.0000
0.5813
2.0300
0.0000
0.0000
2.4003
0.0000
0.2308
1.9804
0.0000
0.0000
0.0000
0.0000
0.9808
0.0000
0.0000
0.4295
0.0000
1.3342
0.2260
1.9905
1.0543
0.0000
0.7630
0.0000
0.0000
0.0000
0.0000
1.6886
1.6746
0.0000
0.0000
0.0000
1.1208
0.0000
0.0000
0.0000
0.0000
0.0000
0.0000
0.5542
0.0000
0.0000
0.0000
0.0000
0.0000
0.0000
1.3070
0.4815
1.0618
0.0000
2.3251
0.0000
0.5745
0.0000
0.0875
0.0000
0.0000
0.0000
0.0000
0.0000
0.0000
0.0000
0.8888
0.8188
0.0000
0.0000
0.0000
0.0000
0.0000
0.0000
0.0000
0.0000
0.0000
0.1269
0.0000
0.0000
0.0000
1.5065
0.0000
0.0000
0.0000
2.4261
0.5716
0.0000
0.0000
1.5739
0.0000
0.0000
0.0000
0.0000
0.0000
0.0000
0.0000
0.0000
0.1538
0.3884
0.0000
0.0000
0.0000
0.1460
0.0000
0.0000
0.0000
0.4464
0.4822
0.0000
0.0000
0.0000
0.0000
1.8213
1.6216
0.0000
0.0000
0.0000
0.0000
0.0000
0.0000
0.2342
0.5990
0.0000
0.0000
2.7295
0.3464
0.0000
0.0000
0.0000
0.0000
0.0000
0.0000
0.0000
0.6732
1.0487
0.0000
0.0000
0.0000
0.0000
0.4188
1.6226
0.0000
0.3575
0.0000
0.0000
0.0000
1.2477
0.4434
0.3010
0.0000
0.0000
0.0000
0.0000
1.2807
0.0000
1.7621
0.4032
0.0000
0.3076
0.0000
1.0149
0.0000
0.0000
0.1099
0.4917
0.0000
0.0000
0.0000
0.0000
0.0000
0.0000
0.0000
0.3418
1.3566
0.0000
0.0000
0.0000
0.0819
1.2987
0.0000
0.0000
0.0000
0.4554
0.8586
0.0000
0.0000
0.7321
1.0001
1.3131
0.0000
0.0000
0.0000
0.0000
0.0000
0.0000
0.0000
0.4896
0.6909
0.0000
0.0000
0.0000
0.4825
2.2730
0.6508
0.0000
0.0000
0.0000
0.0000
0.0000
0.0000
0.0000
0.0000
1.2912
0.0000
0.0000
0.5760
0.0000
0.0000
0.5412
0.0000
0.0000
0.4176
0.0000
0.0000
0.0000
0.0000
1.1097
0.0000
0.3219
0.0000
0.0000
0.3707
0.0000
0.0000
0.0000
0.0000
0.1763
0.0000
0.0000
0.0000
1.0274
0.0000
0.0000
0.0000
0.0000
0.0000
0.0000
0.0000
0.0000
2.2319
0.0000
1.6636
0.0000
0.0000
0.0000
0.0000
0.0000
0.0000
0.0000
1.0111
0.0000
0.0000
0.0000
0.0000
0.0000
0.0000
0.0000
0.0000
0.7669
2.0636
0.0000
0.0000
0.0000
0.0000
0.0000
1.3167
0.0000
0.0000
0.0000
0.0000
0.0000
0.0000
0.0000
0.0000
2.4038
1.1928
0.8116
0.0000
0.0000
0.0000
0.0000
0.2086
0.0000
0.0000
1.2421
0.0000
2.0480
0.0000
0.0000
0.5856
0.0486
0.0000
1.9039
0.0000
2.2368
0.4822
0.0000
0.0000
0.5690
0.0000
2.4819
1.3261
0.0000
0.0000
0.2383
0.0000
0.0000
0.5959
0.0000
0.2329
1.4092
0.0000
0.4782
0.0000
0.0000
1.9066
0.7704
0.0932
0.0000
0.0000
0.0000
0.0000
0.0000
2.3155
1.2378
0.0000
0.0000
0.0000
0.0000
0.0000
1.2602
1.0969
1.8273
0.0000
0.0000
0.0000
0.2705
1.4155
3.4995
0.0000
0.0000
0.0000
0.0000
2.8363
0.8548
0.0000
0.0000
0.0530
0.0000
0.0000
0.2584
0.0000
0.0000
2.0478
0.0000
0.0000
0.0000
0.0000
0.2730
0.2882
0.9492
0.0000
0.0000
0.0000
1.4744
0.9284
0.0000
0.0000
0.0000
0.6176
0.0000
0.0000
4.1885
0.0000
0.7001
0.0000
0.0000
0.1878
0.0000
0.0000
0.0000
0.0000
0.0000
0.0000
4.0097
0.0000
0.0000
0.0084
0.0000
0.0000
0.0000
0.0000
1.0179
0.0000
0.0000
0.1515
0.0000
0.3556
0.0000
0.0000
1.3636
4.6015
0.0000
0.0264
0.0000
0.3235
1.0544
0.0000
0.0000
0.0000
0.0000
0.0000
1.0035
0.0000
0.7065
0.0000
0.0000
0.0000
0.0000
0.0000
0.0000
1.3449
1.8338
0.0000
0.3941
0.0000
0.0000
0.0000
0.0090
0.0000
2.6215
0.0000
1.1385
0.0000
0.0000
0.0000
0.0000
0.0000
0.0000
0.6978
0.8624
0.4676
0.0000
0.0000
0.0000
0.0000
1.5560
0.0000
2.2512
2.7410
0.0000
0.0000
0.0000
0.0000
0.0000
0.0000
0.0000
2.4169
0.0000
0.0000
0.9560
0.0000
0.0000
0.0000
0.0000
0.0439
0.2582
0.0000
0.9911
2.7120
0.1872
0.8411
0.4433
0.0000
0.4766
0.0000
0.0000
0.0000
0.0000
0.5325
0.0000
0.5653
0.0000
0.0000
0.0000
0.0000
0.0000
0.0000
0.0000
0.0000
0.2623
0.0000
0.3279
0.0000
0.3583
0.0000
0.0000
2.5333
0.0000
0.0000
0.0000
0.0000
0.4746
1.6126
0.0000
0.0000
0.0000
0.0000
0.6972
0.0000
1.2061
0.1634
3.4478
0.0000
0.5684
0.0000
0.5501
0.4714
0.0000
1.6067
0.0000
0.0000
0.0000
1.0306
0.0000
2.2326
0.0000
0.0000
0.0000
0.0000
2.6680
0.0000
0.0000
0.0000
0.0000
0.0000
0.0000
0.0000
0.8467
2.4050
0.0000
0.0000
1.8250
1.4765
0.0000
0.0000
0.0000
1.7489
0.0000
0.0000
0.0000
0.0000
0.0000
0.0000
0.4484
0.2027
0.0000
0.0675
1.5771
0.1386
1.4965
0.0000
0.0000
0.0000
0.0000
0.0000
3.9832
0.0000
0.0000
0.0000
0.0000
0.0000
1.0111
2.3262
0.0000
0.0000
0.0000
1.1512
1.6247
0.0000
1.4398
0.9092
0.0000
0.0000
0.0000
0.6683
0.0000
0.0000
0.0000
0.0548
0.0000
2.5940
0.0000
0.0000
0.2545
0.0000
0.9003
0.0000
0.0000
0.0000
1.1239
0.0000
0.0000
0.0000
0.2825
2.4660
0.0000
1.4933
0.0000
0.0000
0.0000
0.0000
0.0000
0.4952
0.0000
0.0000
0.9966
0.1533
0.0000
2.2563
0.0000
0.0000
0.0000
0.1798
0.0000
1.4692
0.3851
0.0000
0.0000
0.0000
0.0000
0.0000
0.4621
0.0000
1.6366
0.0000
0.0000
0.0000
0.0583
0.0000
0.0518
1.2623
0.0000
0.0000
0.0000
0.0000
0.0000
0.0000
0.0000
0.2238
0.0000
1.6269
0.0000
0.0934
0.4467
0.3673
0.0000
2.3891
0.9294
0.0000
0.2138
0.0000
0.0000
0.0000
2.4503
0.0000
0.0000
0.0000
0.0000
0.0000
0.0000
1.0138
0.0000
0.0000
0.0000
0.0000
1.5531
0.0000
0.0000
0.0000
0.0000
0.2673
0.0000
0.0000
0.0000
0.0000
2.1853
0.0000
0.0000
0.0000
0.0000
0.0000
0.9648
0.0000
0.0000
4.6800
1.0197
0.0000
0.0000
0.0000
1.0736
0.0669
0.0000
0.4362
0.0000
0.0000
2.8677
2.7162
1.2195
0.0000
1.4472
0.0000
0.3419
0.0394
0.0000
2.0372
0.0000
0.0000
0.0000
0.0000
1.4245
0.0000
0.0000
1.1847
0.0000
0.0000
0.0000
0.2058
0.0000
0.1578
1.3825
0.0000
0.0000
0.0000
0.0000
0.0000
0.1201
0.0000
0.0000
0.0000
0.0000
0.0000
0.0000
0.0000
0.0000
0.0000
0.0000
0.0000
0.0000
0.0000
0.0000
0.0000
1.3638
0.9548
0.0000
0.0014
0.0000
0.0000
0.0000
0.0000
0.0000
0.0000
0.0000
0.0000
0.0000
0.0000
1.8208
0.0000
0.0000
0.0000
0.0000
1.3930
0.3964
0.7212
0.0000
0.0000
0.9727
1.7387
0.0000
0.0000
0.0000
2.4916
1.5970
0.0000
0.0000
0.0000
0.5187
0.0000
0.2333
0.0000
1.5464
0.1757
0.0000
0.1647
2.9028
0.1152
0.8680
0.0000
0.0000
0.0000
0.0000
3.2566
0.0000
0.0000
0.0000
0.0000
0.2645
0.0000
0.0000
1.0610
0.8354
0.0000
0.0000
0.3982
0.0000
0.0000
0.0000
0.0000
0.0000
0.0000
3.2664
0.0000
1.9036
0.0000
0.0000
1.3903
0.0000
0.0472
0.0000
1.7502
0.0000
0.0000
0.7170
0.0000
0.0000
0.9844
0.0000
0.0000
0.0000
0.0000
0.0000
0.0000
0.0000
0.0953
0.0000
0.0000
0.9573
0.0000
0.0000
0.0000
1.4572
0.5013
0.3736
0.0000
0.7815
0.6272
1.2459
1.1533
0.0000
0.5470
1.6558
0.0000
0.0000
1.4097
1.1575
4.1150
0.0000
1.0617
0.0000
1.6053
0.0000
0.0000
0.0000
0.0000
0.0000
0.0000
0.0000
0.0000
1.6496
2.7010
3.3773
0.0000
0.3865
1.3251
0.0000
0.0000
0.0000
0.0000
0.0000
1.9970
1.0222
0.0000
2.8680
0.0000
0.0000
0.0000
1.8769
1.4735
0.0000
0.0000
0.0000
0.0000
1.0574
0.3835
1.4634
0.4469
0.0000
0.0000
0.4944
1.6002
1.5034
0.5756
0.0000
0.0000
0.0000
0.0000
0.0000
0.2433
0.0000
0.0000
0.0000
1.3489
0.1446
1.0343
0.0000
0.0000
0.0000
0.0000
0.0000
0.9438
2.3702
0.0000
0.0000
0.2006
3.0065
0.0000
0.6250
0.0000
0.0000
0.0723
0.0000
0.0000
0.0000
0.0000
0.2822
0.0000
2.7661
0.0000
0.0000
0.6723
0.0000
0.0000
0.1874
0.7826
0.5984
0.9998
0.0000
1.4408
0.4347
0.0502
0.7185
0.0000
0.0000
0.0000
0.0000
0.0000
0.0000
1.1702
0.2434
0.0000
0.0000
0.0000
0.0000
0.0000
2.4746
0.0000
0.0000
0.0000
0.6666
0.0000
0.0000
0.0000
0.0000
1.4525
0.0000
1.4517
0.0000
0.0000
1.5267
2.5167
0.4966
0.0000
1.1931
1.7420
0.0000
0.0000
0.0000
0.0000
0.0000
0.0059
0.0000
0.0000
0.0000
0.1460
0.0000
0.0000
0.0000
0.0000
0.0000
0.0000
0.0000
0.0322
0.1246
0.0000
0.0000
0.4248
0.0000
0.5716
1.3519
0.3001
1.4731
0.0000
0.0000
0.0000
0.0000
0.0000
0.0000
0.2768
0.3862
0.0000
4.4710
1.9212
0.0000
1.8052
0.0000
0.0000
0.1624
0.0000
2.1363
0.0000
0.0000
0.0000
0.0000
0.0000
0.0000
0.0000
0.0000
0.9045
0.0000
0.0000
0.0000
0.0000
0.0000
0.0000
1.7837
0.0000
0.7999
0.0000
0.0000
0.5906
0.0000
