0.2468
0.0000
0.0000
0.6470
0.1694
0.2407
0.0000
0.0000
0.0000
3.2172
0.0000
0.0000
2.0389
0.3647
0.0000
0.0000
0.0000
0.0000
0.0000
0.0000
0.0764
0.0000
1.6254
1.1439
1.1681
1.1940
0.0000
1.6885
0.0000
0.0000
0.0000
0.0000
0.0000
0.0000
1.8960
0.0000
0.0000
0.0000
2.9076
2.0996
0.0000
0.0000
0.0000
0.0000
0.0000
0.0000
0.0000
0.0000
0.3015
0.0000
0.0000
0.0000
0.0000
0.0000
0.0000
0.0000
0.0000
1.6382
0.0000
0.0000
0.0000
1.9732
0.0000
0.4165
0.0000
0.0000
0.0000
0.0000
0.2413
0.0000
0.5514
2.7261
0.1528
0.0000
0.0000
1.0783
0.0000
0.0000
0.0000
0.0000
0.6319
0.0000
0.0216
0.0000
0.0000
0.3915
0.1174
2.1729
1.1649
0.0000
1.3574
0.0000
2.1458
0.6605
0.3407
0.0000
0.0000
0.0000
2.0657
0.0000
0.0000
0.0000
0.1356
0.0000
0.0000
0.5955
0.0000
0.2898
0.3451
2.7741
0.0000
0.0000
0.3001
0.0000
0.0000
0.0000
0.0790
0.0000
0.0000
0.0000
2.8872
0.1081
1.9820
0.1729
0.0000
0.0000
0.0000
0.0000
0.0000
0.0000
0.0000
0.0000
0.4000
0.0000
4.6287
0.0000
0.3967
1.9371
0.0000
3.2581
4.8578
0.0000
1.1147
1.7988
3.9922
0.0000
1.5136
1.2260
0.4865
0.0000
0.0000
2.3626
0.0000
0.0000
0.0000
0.1055
0.0000
0.4843
0.4704
0.0000
0.5090
0.0000
0.2043
0.0000
0.0000
1.1126
0.0000
0.0000
0.0000
2.0161
0.0000
0.0000
0.0000
0.3350
0.0000
0.0000
0.0000
0.5900
0.0000
6.0809
1.2436
3.2121
0.0000
0.0000
0.0000
0.0000
0.0763
0.0000
2.4362
0.4310
0.0000
0.0000
0.6870
0.0000
1.1732
0.0000
0.0000
0.7923
3.3294
2.6031
0.0000
0.0000
0.1682
0.0000
0.0000
0.0000
0.0000
0.0000
0.0000
0.0000
0.0067
0.0000
0.0000
1.4394
0.7565
0.0000
0.0000
0.0000
0.0000
0.0000
0.0000
0.0000
0.0000
0.0000
4.4566
0.0000
0.0000
0.2204
0.0000
0.0000
0.0000
0.4702
0.0000
0.0000
2.1523
0.0000
2.6915
0.0000
0.0459
0.0000
0.0000
0.0000
2.6729
0.0000
0.0000
0.0000
0.0000
0.0000
0.0000
0.0000
0.0000
0.0000
0.0000
0.0000
0.0000
0.6220
0.0000
0.0000
0.5786
0.0000
0.0000
0.0000
0.0000
0.0075
0.0000
0.0000
0.0000
0.0000
0.0000
0.0002
3.2212
0.0000
0.0000
2.6732
0.0000
0.0000
0.2298
0.0000
0.0000
0.0000
3.2669
0.0000
0.0000
0.3443
0.0000
0.0000
0.0000
0.1036
0.0000
0.0000
0.0000
0.0000
0.0000
0.0000
3.4587
0.0000
0.0000
1.3662
0.0000
2.8738
0.0000
0.0000
0.0000
0.0000
0.1570
0.0000
1.3827
0.0000
0.0000
0.0000
0.0000
0.8381
0.0000
1.6789
1.2332
0.0000
0.0000
0.0000
0.0000
1.2795
0.1539
2.0316
0.0000
0.8781
0.0000
2.0924
0.6208
0.3405
0.0000
2.0185
0.0000
0.0000
0.0000
0.0000
0.0000
1.2575
2.1122
0.0000
0.0000
1.8599
0.0000
0.0000
0.0000
0.0000
0.0000
4.6810
0.0000
0.0000
0.0000
0.0000
0.0000
2.7965
1.7717
0.0000
2.1810
0.0000
0.3245
0.0000
1.5801
0.0000
0.0000
0.0000
0.0000
0.0000
0.0000
0.0000
0.0000
0.6187
0.6360
0.0000
0.0000
1.7542
0.0000
0.0404
1.0473
0.1922
0.0000
1.0524
0.0000
0.0000
3.6782
0.0000
0.9769
0.0000
0.0000
0.0000
2.2629
0.0000
0.0000
0.7835
3.6050
0.0000
0.0000
0.0000
0.0000
1.1328
0.0000
0.0000
0.0000
0.0000
0.0000
0.1768
0.0000
0.9849
0.0000
1.4293
0.0000
0.0000
0.6780
0.0000
0.0000
0.0000
0.0000
2.3284
0.5567
2.1794
0.0000
0.0000
0.0000
0.0000
0.7877
0.0000
0.0000
0.0000
0.0000
0.0000
0.0000
0.9809
0.0000
0.0000
0.0000
0.0000
0.0000
0.0000
0.0000
0.0000
3.1897
0.0000
1.3780
0.0000
2.5499
0.5910
0.7334
0.0000
2.0936
0.0000
0.0000
0.0000
3.1171
0.0301
0.2903
0.0000
0.0000
0.0548
0.0000
0.0000
0.0000
1.1375
0.0000
0.0000
1.0691
0.0293
0.3598
0.0000
0.0000
0.0000
0.0000
0.0000
0.0000
0.0000
0.0000
0.9591
0.0000
0.0000
0.0000
1.8277
2.0245
0.0000
2.0650
0.0000
0.1427
0.0000
0.4212
0.8300
0.7622
0.1629
0.0000
0.9608
0.0000
1.8401
0.0000
0.0000
0.0000
0.0000
1.5683
1.0840
0.0000
0.0000
0.0945
0.0000
0.0000
0.4808
1.7310
0.1615
0.4627
0.0000
0.0000
0.0000
0.0000
1.5539
1.3418
2.0562
0.0000
0.0000
0.0000
0.0000
0.0000
1.0830
5.0355
0.0000
2.0977
2.8569
0.0000
1.5630
0.0000
0.0000
0.6956
0.0000
0.0000
0.0000
1.1576
0.3726
0.3417
0.0000
0.0000
2.6628
0.0000
0.0000
0.4245
0.0000
0.0000
0.0000
0.0000
0.0000
0.0000
0.0000
0.0000
0.0000
0.0000
0.0000
0.0000
2.0136
0.0000
0.0000
0.0000
0.0000
0.0000
0.0000
0.0000
0.0000
0.0000
0.0000
0.0000
0.0000
0.0000
0.3473
0.0000
0.0000
0.0000
0.0000
0.0000
0.0000
0.0000
0.0000
0.0000
0.0000
0.0000
0.0721
0.0000
0.0000
0.2342
0.0000
0.0000
0.0000
0.0000
0.0000
1.2330
0.7711
1.2151
0.0000
0.0000
0.0000
0.0000
0.9951
0.0000
0.0000
0.0000
0.0000
3.7842
1.6073
0.0000
1.9751
0.0000
0.0000
0.0000
0.0000
1.7141
0.0000
0.0000
0.0000
0.0460
0.0000
0.0000
3.0461
0.0000
0.2269
0.6254
0.7475
0.4834
0.0000
3.6900
0.0000
0.0000
0.0000
0.0000
0.0000
0.0000
1.1424
0.0000
0.0000
0.0000
0.0000
0.0000
0.0000
0.9282
1.6426
0.0000
1.6294
0.0000
0.0000
0.0000
1.4148
0.0000
0.0000
0.0000
0.0000
0.0000
0.0000
1.0566
0.0000
0.0000
1.7516
0.0000
0.6286
0.0000
0.0000
0.0000
0.0000
0.0000
0.0080
0.0000
0.9371
1.2707
0.0000
0.0000
0.0000
0.0000
0.0000
0.0000
0.0000
0.4847
0.0000
0.0000
0.0000
0.0000
0.4065
0.2820
0.0000
0.0000
0.0000
0.2286
1.4142
0.0000
0.0000
0.0000
0.3200
0.0000
0.5537
0.0000
1.6084
0.7183
0.0000
3.3834
0.0000
0.0000
0.0000
0.0000
0.0000
0.7671
0.0000
3.3753
0.0000
0.6138
0.0000
0.0000
0.5411
0.0000
0.0000
1.2895
3.1895
0.0000
3.9216
0.6284
0.3535
0.0000
0.0000
0.0000
0.0000
0.0000
0.0000
0.0000
0.0000
0.4847
0.0000
0.0000
0.0000
1.7415
0.0000
0.0000
0.0000
0.0000
0.0000
0.0567
1.7756
0.3114
0.0000
0.0000
0.0000
0.0000
4.4853
0.2940
0.0000
0.0000
3.4822
0.0000
0.0000
0.1070
1.9243
0.6521
0.0000
0.0000
0.0000
0.0000
0.0000
0.0841
0.0000
0.0000
0.0000
0.0000
0.0000
0.0000
0.0000
2.7985
0.0000
0.0000
0.7529
0.0000
0.3965
0.0000
0.0000
1.1659
0.0000
0.0000
0.0000
0.3230
0.0000
0.0000
0.0000
1.8662
0.5740
0.0000
0.0000
0.0000
0.0000
0.0000
0.0000
0.0000
1.1711
0.0000
0.0000
0.0000
0.0000
2.5552
0.2199
0.0000
0.1314
0.0000
0.0000
0.8855
0.0000
0.0000
0.0000
3.5603
0.0303
0.0000
0.0000
0.0000
0.0000
0.0000
0.0000
0.4913
0.1169
0.0000
0.0000
0.0000
0.0000
2.0129
0.0000
0.0000
2.0555
1.6642
0.0000
0.2321
0.0000
0.0000
0.0000
0.0000
0.0000
0.0000
0.0532
1.3316
0.0000
0.0000
0.0000
0.0000
0.0000
0.2477
0.2959
0.0000
0.0000
0.0000
0.0000
0.0000
0.0000
0.0000
0.0000
0.0000
0.0000
0.5653
0.0000
0.0000
0.5469
0.0000
0.0000
0.0000
0.4306
0.0000
0.0000
0.0000
0.0000
0.0000
0.0598
0.0000
3.2745
0.0000
0.0787
2.1081
0.0000
0.0000
0.0000
0.0000
0.0000
1.6204
0.0000
0.0000
0.0000
0.0000
1.9591
0.8320
0.6408
0.0000
0.0000
0.0000
0.0000
0.0000
0.0000
0.0000
0.0000
0.0000
0.0000
0.3769
0.0000
0.9750
0.0000
1.9154
0.0000
0.0000
1.4021
1.5215
0.0000
0.0000
0.0000
0.0000
0.0000
0.0000
0.0000
0.0000
0.0000
0.0000
0.8399
0.0000
0.0000
4.2590
0.0000
0.0000
0.0000
0.0000
0.4839
0.0000
0.0000
0.0000
0.0000
0.4605
0.0000
0.0000
2.7580
1.8285
0.0000
0.0000
0.0000
0.0000
0.0000
0.0000
0.0000
1.4548
0.8686
0.0000
0.0000
0.0000
0.0000
0.2889
0.7975
0.0000
0.0000
0.4946
2.0028
0.0000
0.0000
0.0000
4.7830
0.0000
1.5420
0.0369
0.0000
0.0000
0.0000
2.2632
0.0000
0.0000
0.0000
0.0000
0.0000
0.0500
1.2685
0.0000
0.0000
0.0000
1.4304
0.8883
0.0000
1.0929
0.0000
0.0000
0.0000
0.0000
0.0000
0.3268
0.0000
0.7185
0.0000
0.0000
1.0922
0.0000
0.0000
2.0160
2.3175
0.0803
0.0000
0.0000
0.0000
1.1809
0.0000
0.0000
0.0000
0.0000
1.2298
0.0000
0.0000
0.5432
3.7363
1.2218
0.0000
0.0000
1.0549
0.0000
1.2721
0.0000
0.1084
0.0000
3.4151
0.0000
0.1687
0.0000
3.5583
0.0000
0.0000
0.0000
1.8414
0.0000
0.6052
0.0000
2.1511
1.2468
0.0000
0.0000
0.4159
1.0232
0.0000
0.0000
0.7012
0.0000
1.5015
1.5511
1.3112
1.8423
0.0000
0.7533
0.0000
0.4115
0.0000
0.0000
1.0452
0.8539
0.0000
0.0000
0.0000
1.2820
0.0000
0.0000
0.0000
1.5169
0.0000
0.0000
0.0000
0.0000
0.0000
0.0000
0.0000
0.0000
0.0000
2.3169
0.1768
1.0190
0.0000
0.0000
1.6506
0.0000
0.0375
0.0000
0.0000
1.5702
0.0000
0.0000
0.9502
0.0000
0.0000
1.2088
0.0000
0.0000
1.6874
0.0000
0.0000
0.0000
0.4881
0.0000
0.0000
0.0000
0.0000
0.0000
0.0000
0.0000
3.1832
0.0000
0.0000
1.7077
0.0000
0.0000
2.0138
0.0000
1.2527
0.0000
0.6480
0.0000
0.0328
0.1947
0.0000
0.3318
0.0000
0.0000
0.4328
0.0000
0.0000
0.7251
0.5135
0.1883
0.0000
0.0000
0.0000
0.0000
0.0000
0.0000
0.0000
0.0000
0.0000
1.0908
0.0000
0.0000
0.0000
0.0000
0.2564
0.0000
0.0000
0.0000
0.0000
0.0000
0.0000
0.0000
0.0000
0.0000
0.0000
0.5748
0.0000
0.0000
0.0000
1.0391
1.1371
2.8915
0.0000
0.0000
0.2658
0.0000
1.2997
0.0000
0.0000
0.0000
0.0000
0.9305
0.0000
0.0000
0.0000
0.0000
0.2362
0.0000
0.0000
0.0000
0.0000
3.7572
0.0000
0.0000
0.0000
3.3664
0.2652
0.0000
1.8938
3.4579
0.6047
0.0000
0.0000
0.0000
0.0000
0.0000
0.9584
0.0000
0.0000
0.0000
0.0000
0.0000
0.0000
0.7206
0.0000
1.9341
0.0105
0.0000
0.0000
0.0000
0.0000
0.0000
0.0374
0.0000
0.0000
3.2783
2.6985
0.0000
0.0000
1.1503
0.0000
1.5934
0.0000
0.0000
0.0000
4.1738
0.0000
2.2271
0.1866
1.1119
0.0000
0.0000
0.0000
0.0000
0.0000
0.0000
0.0000
1.4208
6.4943
0.0000
0.0000
0.0000
0.0000
0.0000
0.0000
0.0000
0.0000
0.0000
0.0000
0.0000
0.0000
1.4609
0.0000
0.0000
0.0000
0.0000
0.0000
0.0000
0.0000
1.9327
0.0000
0.0000
0.0000
1.8590
1.0904
0.0000
0.0000
2.8157
0.0000
0.0000
0.0000
0.0000
2.0249
1.0674
0.0000
0.0000
0.0000
0.0000
0.0000
0.0000
0.0000
0.0000
0.0000
0.0000
0.0000
0.0000
1.4230
3.6810
0.0000
1.0743
0.7730
1.1011
0.0000
0.0000
2.2346
0.0000
0.9596
0.0000
0.0000
0.0000
0.0000
2.6182
0.0000
0.0000
0.0000
0.0000
0.8094
1.6101
0.0000
0.0000
0.0000
0.5427
0.2580
0.0000
0.0000
0.0000
0.0000
1.7852
0.0000
0.0000
2.3054
0.0000
0.0000
0.0000
0.0000
0.0000
0.0000
0.0000
0.0000
0.0000
0.7761
0.0000
0.0000
0.0000
0.4904
0.0000
0.0000
0.0000
0.0000
2.2972
1.2440
0.0000
0.0000
0.0000
0.0000
0.0000
0.0000
0.0000
0.9311
0.0000
1.3600
0.0000
0.7422
0.0000
0.2502
0.0000
0.0000
0.0000
0.0000
0.0000
0.0000
0.0000
0.0000
0.0000
0.4526
0.0000
0.0000
0.0000
0.7664
0.0000
0.0000
0.4943
0.0000
0.0000
0.0000
0.0000
0.0000
0.9381
1.0356
0.6460
0.0499
0.0000
0.0000
2.3375
3.8129
0.0000
2.3491
0.0000
0.0000
0.0000
0.0000
0.0000
0.0000
0.0000
0.0000
0.0000
0.0000
0.5430
2.0296
0.0000
0.0000
0.0000
0.3718
0.0000
0.6436
1.8450
0.0000
0.7692
0.0000
0.3776
0.7467
0.0000
1.0822
0.7144
4.8289
0.0000
0.8368
0.0000
0.0000
0.0000
0.2606
0.0115
2.0163
0.0000
0.0000
0.0000
0.0000
0.0000
0.0000
0.0000
0.0000
0.0000
2.9090
0.6578
1.8288
0.0000
1.4111
0.0000
0.0000
1.0785
2.0612
0.0000
3.3611
0.0000
0.0000
1.0729
0.7468
0.0000
1.6016
0.0000
0.1913
0.0000
0.0000
0.6518
0.0000
0.0000
0.0000
0.0000
0.0000
0.0000
0.0000
0.0159
3.1444
0.0000
3.1665
0.0000
0.0733
0.0000
0.0000
0.0000
0.0000
0.0000
0.0000
0.0000
0.0000
0.6302
0.0000
1.1631
1.2879
0.0000
0.0000
0.0000
0.3244
0.0000
0.0000
0.0000
0.0000
0.0000
0.2113
0.3130
0.0000
2.2650
0.0000
0.0000
0.0000
0.0000
0.0000
0.3859
0.0000
0.0000
2.4327
2.8961
2.4477
0.0000
0.0000
0.0000
0.0000
0.6541
0.0000
0.0000
0.0063
0.0000
0.0000
0.0000
0.0000
0.0000
0.0000
2.0988
0.0000
0.0000
0.2287
0.0000
0.0000
0.0000
0.0000
0.0000
0.0000
0.8591
1.6076
2.0933
0.0925
0.6425
0.0000
0.0000
1.4104
0.5204
1.9447
0.0000
0.0000
0.0000
0.4928
0.0000
0.0000
1.7523
1.0568
0.0000
0.0000
0.0000
0.0000
0.0000
0.0000
0.0000
1.4183
1.1555
0.5078
0.0000
0.0000
0.0000
0.7742
0.0000
0.0000
0.0000
0.3550
0.0000
0.0000
0.0000
1.9262
0.0000
0.0000
0.0000
0.0000
1.7690
0.0000
0.0000
1.1935
0.0000
1.1541
0.0000
1.4810
0.0000
0.0000
0.0000
0.0000
0.8433
2.1272
0.0000
0.0000
0.0000
0.0000
0.0000
3.5544
0.6214
0.0000
0.0000
0.0000
0.0000
0.0000
0.0000
0.0000
0.0000
0.0000
1.0320
0.0000
0.0000
0.0000
1.8910
0.0000
0.6407
0.0000
2.7670
0.0000
0.0000
0.0000
0.0000
2.4692
0.2341
0.0000
0.0000
1.4790
0.0000
1.6356
0.0000
0.0000
0.0000
0.0000
0.0000
0.0000
0.0000
0.0000
0.0000
1.2797
0.0000
1.6064
0.0000
3.7666
0.0000
0.0000
2.5735
0.0000
0.0000
0.0000
0.0000
0.9887
0.0000
0.4330
0.0000
0.0000
2.0486
0.0000
0.4385
0.0000
0.0000
0.0000
0.0000
0.0000
0.0000
0.0000
0.0000
0.0000
0.0000
0.7388
0.3288
0.0000
0.4475
0.0000
0.8329
0.0000
0.0000
0.0000
0.2210
0.0000
0.5256
0.7727
2.3520
1.0635
2.4087
0.0000
0.0000
0.0000
1.0163
0.6555
0.0000
0.0000
0.0000
0.0000
0.7509
0.0000
0.3255
0.0000
0.1799
0.0000
3.3623
0.8838
0.0000
0.0000
0.0000
0.4569
0.0000
0.0000
0.0000
0.1700
0.0000
0.0000
0.3602
0.0000
0.0000
0.0000
0.0000
0.0000
0.0000
0.0000
0.0000
0.0000
0.0000
0.0000
0.0000
0.0000
0.0000
0.9805
0.0000
2.4802
0.0000
0.0000
0.0000
1.5154
0.0000
0.0000
0.0000
0.0000
0.0000
1.2724
1.0355
0.5967
0.8552
0.7648
0.1176
0.8976
0.3288
0.5041
0.0000
0.0000
0.0000
0.0000
0.0000
0.0000
0.0000
1.8233
0.0000
0.0000
0.0991
3.3156
0.0000
2.8113
0.0000
0.0000
0.0000
0.0000
0.0000
0.0000
0.0000
2.3926
0.0000
2.8464
3.0903
0.0000
0.0000
0.0000
1.0956
0.0000
0.0143
2.5151
1.2279
0.0000
0.0000
0.9000
2.2159
0.9584
0.0000
0.0000
0.0000
0.0000
2.6752
0.0000
0.0000
0.0000
0.0000
0.0000
0.0000
0.8509
3.2894
0.0000
0.0000
3.2336
0.0000
3.5609
0.0000
0.0000
0.0000
1.1831
0.0000
0.0000
1.2924
0.1758
0.0000
1.5715
2.7694
0.0000
2.0045
0.0000
0.0000
1.3613
0.0000
0.0000
0.0000
0.0000
1.5334
1.2560
0.0000
0.8904
2.5596
0.0000
0.0000
2.9224
0.0000
0.0000
1.1162
0.0000
0.0000
0.2127
0.0000
0.0000
0.7489
0.5093
0.0000
0.0000
0.0000
2.5486
0.0000
0.0000
0.4832
0.0000
3.0211
0.0000
2.7539
1.7342
0.5080
0.0000
0.0000
0.0000
0.0000
0.8675
0.0000
0.3280
0.0000
0.9194
0.0000
0.6548
0.0000
0.0000
0.8592
0.0000
0.0000
0.0000
0.0000
0.0000
0.0000
0.5939
0.0000
0.0000
0.0000
1.7575
0.0000
0.0000
0.0000
0.0000
0.7906
0.7434
0.0000
0.0000
0.0000
1.3066
0.0000
0.3465
0.0000
0.0000
0.0000
0.3508
0.0000
0.0832
0.0000
0.0000
0.0000
0.0000
1.0193
0.0000
1.6059
0.0000
1.8932
0.0000
0.0000
0.0000
0.0000
0.2460
0.0000
0.0000
0.0000
0.3141
0.9996
0.3886
0.2543
0.0000
0.0000
1.2709
0.0000
0.0000
0.0000
0.0000
0.0000
0.2556
2.9663
2.1557
0.0000
0.0000
0.0000
0.3189
0.0000
0.5202
0.0000
0.0000
0.0000
0.6577
0.0000
0.0000
0.0000
0.0590
2.3863
2.5946
0.0000
2.3316
0.0000
0.0000
0.0000
0.0000
4.1944
0.0500
0.0000
0.0000
0.0000
0.0000
0.0000
0.0000
0.1858
0.0000
0.9996
0.0000
0.0074
1.0447
0.0000
0.0000
0.0000
0.6170
0.0000
0.0000
0.0000
1.8151
0.0000
0.0000
0.7885
2.1213
1.5313
0.0000
1.6010
0.0000
0.0000
0.0000
0.0000
0.0000
3.2414
0.0000
0.0000
3.2606
3.3832
0.0000
0.0000
0.2491
2.3837
0.8995
0.0000
0.1288
1.1502
0.0000
0.0000
0.0000
0.0000
0.0000
0.4804
0.0000
0.0000
0.0000
0.6387
2.4868
0.0000
0.9381
0.0000
0.0000
0.0000
0.0000
0.6126
0.0000
0.0000
0.0000
2.7096
0.6236
0.0000
0.1699
0.5627
0.0000
0.0000
1.9488
0.5426
0.0000
0.0000
0.4691
0.1361
1.8351
0.4807
1.4875
0.0000
0.0000
0.0000
0.0000
4.0716
0.0000
0.0000
0.0000
0.0000
0.0000
0.0000
0.0000
0.0000
0.0000
0.6354
0.0000
0.0000
1.1710
0.0000
0.0000
0.7673
0.6980
0.0000
0.5885
0.0000
0.0000
0.2949
0.0000
1.3034
2.0904
0.1452
0.0000
0.0000
1.2105
0.0000
1.5383
0.9897
0.0000
0.0000
0.0000
0.0000
0.0000
0.0000
0.0000
0.0000
0.0000
0.0000
0.0000
1.2865
0.0000
0.8972
0.0000
0.0000
0.0000
0.0000
0.0000
0.0000
0.0000
0.0000
0.0000
0.0000
0.0000
0.0000
0.0000
0.0000
0.0000
0.0000
1.6167
0.0000
0.0000
0.0000
0.4021
0.0000
0.0000
0.8636
0.0000
0.0000
0.0000
0.0000
0.0000
0.0000
0.0000
0.0000
0.0000
0.8568
0.3354
0.0000
1.6892
1.3197
0.0000
0.7113
0.0000
0.0000
0.0000
0.0000
0.5701
0.0000
0.1701
0.0000
0.6216
0.0000
2.9094
0.0000
0.0000
0.0000
0.0000
0.0000
2.2043
0.0000
0.7581
2.7714
0.0000
0.0000
0.0000
0.0000
0.3683
0.5799
2.3449
0.0000
0.0000
0.0000
0.0000
0.0000
0.0000
0.0000
0.0000
0.0000
0.0000
0.0000
0.0000
0.0000
1.2448
0.5104
1.1720
3.9438
0.0000
1.6319
0.0000
1.0523
0.0000
0.0000
0.0000
0.0000
0.7772
1.4565
2.3620
0.0000
0.0000
0.0000
1.1890
0.0000
0.0000
0.0000
0.0000
0.0000
0.0000
0.0000
0.0000
0.0000
0.0000
0.0000
0.0000
0.3291
2.2039
0.0000
0.0000
0.0000
0.0000
1.1506
0.0000
0.2945
0.0000
1.7429
0.3506
0.0000
0.0000
0.4758
0.5295
0.0000
0.0000
0.0000
0.0000
0.3489
0.8321
0.0341
0.0000
0.0000
0.5744
0.0000
0.0000
0.3503
0.6460
0.0367
0.0000
0.0000
0.0000
1.6196
0.0000
0.0000
0.4582
3.1215
0.0000
0.0000
0.0000
0.0000
0.0000
0.0000
2.0235
0.0000
0.0000
0.0000
1.7625
1.9962
0.0000
0.0000
0.0000
0.0000
3.7240
0.0000
0.0000
0.0000
0.0000
0.0000
0.7616
0.1290
0.0000
0.0000
0.0000
0.0000
0.0000
0.0000
0.0000
0.0000
0.0000
1.1754
0.0000
1.3576
0.0000
0.0000
0.4153
0.0000
0.0000
1.8820
0.0000
0.0000
0.0000
0.0000
0.0000
0.0000
0.0000
0.0000
0.0000
0.4841
0.0000
0.0000
0.9802
0.0000
0.0000
1.2374
0.0000
3.0448
0.0000
0.0000
0.5216
0.0000
0.0000
0.4908
0.8260
0.0000
0.1661
0.0000
0.5034
0.0000
0.0000
0.0000
0.0000
0.0000
0.5911
0.0000
0.0000
0.0000
0.0000
0.0000
0.0000
0.0000
0.4041
0.0000
0.0000
0.0000
0.0000
2.9215
0.0000
0.2387
1.1934
2.9556
0.0000
0.0000
0.0000
0.0000
0.0000
0.0000
0.0000
1.3094
0.4454
0.7646
0.0000
0.8307
0.0000
1.3711
3.8803
0.0000
0.1569
0.0000
0.1766
0.9034
0.0000
0.0000
0.0000
0.0000
0.0000
0.0000
0.0000
0.0000
0.0000
0.0000
0.0000
0.0000
0.0000
0.0000
0.0000
0.0000
0.8141
0.0000
0.0000
0.8449
0.0000
2.2301
0.0000
0.0000
0.0947
0.0000
0.0000
2.4909
0.9368
0.0000
0.0000
1.8183
0.0000
0.0000
0.0000
1.5840
0.0000
0.0000
0.7937
0.0000
0.0000
0.0000
0.0000
0.0000
2.5565
0.0000
0.0000
2.4313
0.0000
0.8190
0.0000
0.0000
0.7333
0.0000
0.0000
0.0000
0.0000
0.0000
0.0000
0.0000
1.1218
0.0000
0.0000
1.5634
0.9655
0.0000
0.0000
0.0000
0.0000
0.0000
0.8974
0.0000
0.0000
0.0000
0.0000
0.2702
0.0000
0.0000
3.4532
0.0000
0.0000
0.8421
0.0000
0.0000
0.0000
0.0000
1.4316
0.0000
2.4570
0.0000
0.0000
0.0000
0.0000
0.0000
0.8490
0.0000
0.0000
0.0000
0.0000
0.0000
0.0000
0.0000
0.0000
1.5171
0.0000
0.0000
0.0000
0.0000
0.0000
0.0000
3.5838
0.0000
1.4380
0.0000
0.6018
0.0000
1.2557
0.0000
0.0917
0.0000
0.9621
1.8612
0.4130
0.0000
0.0000
0.0000
1.4174
0.0000
0.0000
4.0417
0.9035
0.0000
0.0000
0.0000
2.5686
0.8120
1.1340
0.0000
0.4676
0.0000
0.3128
0.0000
0.0000
0.6334
0.0501
0.0000
0.0000
0.0000
0.0000
0.0000
0.0000
0.0000
0.0000
0.5615
0.0000
0.8102
0.0000
0.0000
0.0391
0.0000
0.0000
0.1024
0.0000
0.0000
0.0000
0.0000
0.0000
0.6562
0.0000
1.2611
0.0000
0.0000
0.2723
0.0000
1.7921
0.1480
0.0000
0.0000
0.0000
0.0000
0.0000
0.0000
0.0000
0.7898
0.0000
0.0000
1.4231
0.0000
0.0000
0.0000
0.6239
0.0000
0.0000
0.0000
0.0000
0.2332
0.7269
0.0000
0.0000
0.0000
0.0984
0.0000
1.2889
0.0000
0.0000
0.0000
0.0000
0.0000
0.0000
0.3070
0.0000
0.0000
0.0000
0.0000
2.7969
0.0000
0.0000
0.0000
0.0000
0.0000
0.0000
0.8240
1.6433
0.0000
0.0000
0.0000
0.0000
0.0000
0.0000
0.0000
0.0575
0.0000
2.6728
0.0000
0.0000
1.8262
0.0000
2.4631
0.3152
0.0000
0.0000
0.0000
0.0000
0.3003
0.1586
2.0000
1.9484
0.0000
2.7196
0.7649
0.0000
0.0000
0.0000
3.1094
0.0000
2.4082
0.0000
0.0000
0.0000
0.0000
0.0000
0.0000
0.0000
0.0000
0.0000
0.0000
0.0000
0.0000
2.6983
1.9672
0.0000
0.0000
0.3405
0.0000
0.0000
0.0000
0.6486
1.3029
2.2433
0.0000
0.0000
0.0000
0.0000
0.0000
0.0000
2.9120
2.0664
3.2647
0.0000
1.7899
3.2957
1.6972
0.0000
0.0000
0.0000
0.0000
0.0000
1.1711
0.0000
0.0000
3.9710
0.0000
0.0000
0.0000
1.0605
0.0000
0.0000
0.0000
2.4625
0.0623
0.0000
0.0000
1.5543
0.6297
1.7227
1.5844
0.0000
0.0000
1.7669
0.0000
2.9625
0.0000
0.0000
3.4705
0.2431
0.0000
0.1246
0.0000
1.1160
4.0531
0.0000
0.6571
0.0000
0.0000
0.0000
0.2354
0.0000
0.0000
0.0000
3.0403
0.0000
0.0000
0.0000
0.0000
0.0000
0.0000
0.4781
0.0000
0.0000
0.0000
0.0000
0.0000
0.0000
0.0000
0.0000
0.0000
0.6420
0.4128
0.0000
0.0000
1.7633
0.0000
0.0000
0.0000
0.7288
0.2197
0.2849
0.2685
1.0700
0.0000
1.6699
0.0000
0.0000
0.0000
0.0000
2.8491
0.0000
1.4494
0.0000
0.0000
2.7985
0.0000
0.0000
0.8745
0.0000
0.0000
0.0000
0.0000
0.0000
0.0000
0.0000
0.0000
1.7926
1.5103
0.0000
0.0000
0.5154
2.7968
0.0000
2.3689
2.6925
0.0000
0.0000
0.4160
0.0000
0.0167
0.0000
1.9603
0.0000
0.7001
0.0000
0.0000
1.7819
0.9485
1.7856
0.0000
0.0000
0.0000
0.0000
0.1579
1.5567
0.0000
0.0000
0.6249
0.0000
0.0000
0.0000
0.0000
0.0000
0.0000
0.0000
0.0000
0.0000
1.4010
0.0000
0.0000
0.6258
0.0000
0.0000
0.0000
0.0000
1.0797
0.9695
0.0062
0.0000
2.9991
1.8007
0.9856
0.0000
0.0000
0.0000
0.0000
0.0047
0.0000
0.0000
0.0000
0.0000
0.0000
0.0000
0.0000
4.0175
4.6506
0.0000
0.0000
0.0000
0.0000
3.3519
0.0000
0.0000
0.0000
0.0000
0.0000
0.0000
0.0000
0.0000
0.4129
0.0000
0.0000
1.2623
0.1133
2.0402
0.0000
0.0000
0.1787
0.4280
0.0000
1.5732
0.0000
0.0000
0.0000
0.0000
4.8681
1.7452
0.0000
0.0000
1.2765
0.0000
0.0000
0.6236
2.6580
1.5294
0.0000
1.2302
1.0910
0.0000
0.0000
0.0000
0.0000
0.0000
0.0000
0.0000
0.8995
0.0000
0.0000
5.7558
0.2206
2.0968
0.0000
1.1031
0.0000
0.0000
0.0000
0.0000
0.0996
0.0000
1.6591
0.0000
0.0000
0.0000
1.4168
0.8300
0.0000
0.0000
0.0000
0.0000
0.0000
2.1941
0.0000
0.0000
0.8007
0.7876
0.0000
0.8747
0.0000
0.8542
0.0000
2.3743
2.6980
0.0000
0.0000
0.0000
0.0000
0.0000
0.0000
0.0000
1.9701
0.0000
0.0000
0.0000
0.0000
0.0000
0.0000
0.0000
0.0000
0.7233
0.0000
0.9380
0.0287
0.0000
0.0000
0.0000
0.9826
0.0000
0.0000
0.0000
0.0000
0.0000
1.4043
0.1081
0.0000
0.0000
1.2334
1.2557
1.5586
0.0000
1.8282
0.0000
1.7971
0.0000
0.0000
0.0000
0.0000
0.0000
0.0000
0.0000
0.0000
0.0000
0.0000
0.6083
0.0000
0.0000
0.0000
0.0000
0.8097
0.0000
0.0000
1.8187
0.0000
0.0000
0.0000
0.0000
1.3379
0.0000
3.3516
0.0000
0.0000
4.0994
1.0175
0.0000
0.0000
0.0000
0.0000
0.8621
0.0000
0.0000
0.0000
0.6648
1.4749
0.0000
0.0000
0.0638
1.0975
0.0000
2.0621
0.0000
4.4691
0.0000
0.0000
2.4479
4.1154
3.2238
0.0000
0.0000
0.0000
0.0000
1.1484
3.8243
0.0000
2.5578
0.0000
0.0000
0.0000
0.0000
0.0000
2.8590
0.0000
0.0000
3.2719
0.0000
0.8035
0.0000
0.0000
0.2991
0.0000
3.9181
0.0000
0.0000
0.0000
0.0000
0.0000
2.1966
0.5979
0.6281
0.5954
0.0000
0.5696
0.0000
0.8456
0.0000
0.0000
0.0099
0.0000
0.0000
0.0000
0.0000
0.0000
3.2494
0.4673
0.0000
0.0000
0.0000
0.0000
0.6224
0.0000
1.4135
0.0000
0.0000
0.7275
1.5652
0.0000
0.0000
0.2538
3.2823
0.0000
0.0000
2.7709
0.0000
0.0000
0.6876
0.8315
0.0000
0.0000
0.0000
2.3501
0.0000
0.0000
1.4231
0.0000
0.3152
1.0586
1.9900
1.4768
0.0000
0.1501
0.0000
0.0000
0.0000
0.2352
1.1977
1.3600
0.0000
0.0000
0.0000
0.4482
0.0000
0.0000
0.0000
0.0000
0.0000
0.0000
0.1621
0.0000
0.0000
0.0000
0.0000
0.0000
0.0000
1.8593
0.2149
0.9037
0.0000
3.4758
0.0000
0.9481
0.0000
0.2025
0.0000
0.0000
0.0000
0.0000
0.0000
0.0000
0.0000
0.0000
1.7380
0.0000
0.0000
0.0000
0.0000
0.0000
0.0000
0.0000
0.0000
0.0000
0.0000
0.0000
0.0000
0.4503
1.1269
0.0000
0.0000
0.0000
4.3888
0.0000
0.0000
0.0000
0.0000
0.0000
0.0000
0.0000
0.0000
0.0000
0.0000
0.0000
0.0000
0.5123
0.0000
0.0000
0.0000
0.0000
0.4450
0.0000
0.0000
0.0000
0.6731
0.0000
0.2754
0.0000
0.0000
0.0000
0.8279
1.6079
0.0000
0.0000
0.0000
0.0000
0.0000
0.0000
0.3298
0.2793
0.2361
0.0000
2.9059
0.0000
0.0000
0.0000
0.0000
0.0000
0.0000
0.0000
0.0000
1.9190
0.9358
0.5232
0.0000
0.0000
0.0000
0.0591
1.9349
0.1112
0.3191
0.0000
0.0000
0.0000
2.1270
0.0874
1.2330
0.0000
0.0000
0.0000
0.0000
0.9408
0.0000
1.9457
1.2520
0.0000
0.0000
0.0000
0.1891
0.0000
0.0000
0.6812
0.3987
0.0000
0.0000
0.0000
0.0000
0.0000
0.8626
0.0000
0.0000
1.8740
0.0000
0.0000
0.0000
0.1810
0.7271
0.0000
0.0000
0.0000
2.3241
0.7223
0.0000
0.3360
1.2645
1.2609
2.4729
0.0000
0.2368
0.1399
0.0000
0.0000
0.0000
0.0000
0.1311
0.3236
0.0000
0.0000
0.0000
1.5071
2.3003
0.1015
0.0000
0.0000
0.0000
0.0000
0.0000
0.0000
0.0000
0.0000
2.3336
0.3608
0.0000
0.0000
0.0000
0.0000
0.8273
0.0000
0.0000
0.0000
0.0000
0.0000
0.0000
0.0000
2.3788
0.0000
0.0237
0.0000
0.0000
1.2024
0.0000
0.0000
0.0000
0.0000
0.4735
0.0000
0.0000
0.0000
0.5558
0.0000
0.0000
0.0000
0.0000
0.0000
0.0000
0.7677
1.0445
1.2620
0.0000
2.7461
0.0000
0.0000
0.0000
0.0000
0.0000
0.0000
0.0000
1.6326
0.0000
0.0000
0.5230
0.0000
0.0000
0.0000
0.0000
0.0000
0.0417
0.5082
0.0000
0.0000
0.3067
0.0000
0.0000
2.0370
0.0000
0.0000
0.0000
0.0000
0.1229
0.5189
0.0000
0.0000
1.2741
2.2091
2.1398
0.0000
0.0000
0.7456
0.0000
0.0004
0.0000
0.0000
0.6181
0.0000
2.2148
0.0000
0.0000
0.2970
0.0000
0.2943
0.9083
0.0000
0.0000
0.9769
0.0000
0.0000
1.0746
0.0000
2.3192
1.0658
0.1986
0.0000
0.0000
0.0000
0.0000
0.9062
0.0000
1.3735
2.2764
0.0000
0.0000
0.0000
0.0000
0.5528
1.0670
0.0000
0.0000
0.0000
0.0000
0.0000
0.0000
3.8830
1.4270
0.0000
0.0000
0.0000
0.0000
0.0000
1.4463
2.0763
2.0465
0.0000
0.0000
0.0000
0.6219
0.8304
2.5473
0.0000
0.0000
0.0000
0.0000
2.4019
1.0176
0.0000
0.0000
0.0000
0.0000
0.0000
1.0124
0.0000
0.0000
1.4944
0.0000
0.0000
0.0000
0.0000
0.5940
0.1877
0.0619
0.1627
0.0000
0.0000
1.2028
0.1287
0.0000
0.0000
0.0000
0.5219
0.0000
0.0000
4.6023
0.0000
0.8577
0.0000
0.7021
0.0000
0.0000
0.3562
0.0000
0.0000
0.0000
0.0000
5.4822
0.0000
0.0000
0.0000
0.0000
0.0000
0.0000
0.0000
0.9696
0.3377
0.0000
0.0000
0.0000
0.0000
0.0000
0.3720
0.7130
5.4229
0.0000
0.0000
0.0000
0.9871
0.0000
0.0000
0.0000
0.0000
0.0000
0.0000
2.0109
0.0000
0.9452
2.0738
0.4332
0.0000
0.0000
0.0000
0.0000
0.0000
2.6006
0.0000
0.5529
0.0000
0.1953
0.0000
0.5540
0.0000
3.3307
0.0000
1.7118
0.0000
0.0000
0.0000
0.0000
0.0000
0.0000
0.0000
1.9118
1.0585
0.0000
0.0000
0.0343
0.0000
1.9404
0.0000
1.1963
1.9686
0.6181
0.0000
0.0000
0.0000
0.0000
0.0000
0.0000
2.7422
0.0000
0.0000
0.9776
0.0000
0.0000
0.0000
0.0000
0.0000
1.8043
0.0000
1.5984
2.1630
0.4295
1.0817
0.3409
0.0000
0.1468
0.0000
0.0000
0.0541
0.0000
0.3545
0.0000
1.3119
0.0000
0.0000
0.1698
0.0000
0.0000
0.0000
0.0000
0.0000
0.0000
0.0000
0.7325
0.0000
0.0000
0.0000
0.0000
3.2839
0.0000
0.0000
0.0000
0.0000
0.0000
2.0456
0.0000
0.0000
0.0000
0.0000
1.5529
0.0000
1.7887
0.4279
2.9929
0.0000
1.1730
0.0000
0.0000
1.6805
0.0000
2.2369
0.0000
0.0000
0.0000
1.1736
0.0000
1.4841
0.0000
0.0000
0.0000
0.0000
1.9235
0.0000
0.0000
0.0000
0.0000
0.0000
0.0000
0.0000
0.2823
2.2534
0.0000
0.0000
1.7617
3.3400
0.0000
0.0000
0.0000
0.9410
0.0000
0.6641
0.0000
0.0000
0.0000
0.0000
1.2927
0.0000
0.0000
0.0000
1.1777
1.1662
1.3587
0.0000
0.0000
0.0000
0.0000
0.0000
4.0630
0.0000
0.0000
0.0000
0.0000
0.0000
1.1270
2.4972
0.0000
0.0000
0.0000
1.1504
1.1451
0.0000
0.0000
0.0000
0.0000
0.0000
0.0000
1.2538
0.0000
0.0000
0.0000
0.7536
0.0000
1.4475
0.0000
0.6177
1.3201
0.0000
0.1631
0.0000
0.0000
0.0000
1.2215
0.0000
0.0000
0.0000
2.3659
2.4431
0.0000
2.8926
0.0000
0.0000
0.0000
0.0000
0.0000
0.8169
0.0000
0.0000
1.2941
0.8333
0.0000
1.8761
0.0000
0.0000
0.0000
0.5853
0.0000
1.7207
0.4753
0.0000
0.0000
0.3361
0.0000
0.0000
0.0000
0.0000
2.8587
0.0000
0.0000
0.0000
0.0000
0.0000
0.6328
1.2883
0.0000
0.0000
0.0000
0.0000
0.0000
0.0000
0.0000
0.0000
0.0000
0.4998
0.0000
0.9491
1.3269
0.3939
0.0000
2.1156
0.0000
0.0000
0.0000
0.0000
0.0000
0.0000
2.3437
0.0000
0.0000
0.0000
0.0000
0.0000
0.0000
1.5923
0.0000
0.0000
0.0000
0.0000
2.3513
0.0000
0.0000
0.0000
0.0000
0.0000
0.0000
0.0000
0.0000
0.0000
0.8519
0.0000
0.0000
0.2994
0.0000
0.0000
1.7632
0.0000
0.0000
4.9661
1.3791
0.0000
0.0000
0.0000
0.2778
0.0000
0.0000
0.0000
0.0000
0.0000
2.2117
1.9889
1.4252
0.0000
1.5088
0.0000
0.6668
0.0000
0.0000
2.6777
0.0000
0.0000
0.0000
0.0000
3.1435
0.0000
0.0000
0.2838
0.9492
0.2200
0.0000
0.5952
0.0000
0.0000
2.3326
0.0000
0.0000
0.0000
0.0000
0.5372
1.4210
0.0000
0.0000
0.0000
0.0000
0.0000
0.0000
0.0000
0.0000
0.0000
0.0000
0.0000
0.0000
0.0000
0.0000
0.0000
0.2674
0.2926
0.0000
0.3853
0.0000
0.0000
0.0000
0.2183
0.0000
0.0000
0.0000
0.0000
0.0000
0.0000
1.5587
0.0000
0.0000
0.0000
0.0000
0.8118
0.9129
0.2462
0.0000
0.0000
2.2191
0.9274
0.0000
0.0000
0.0000
1.4467
1.2512
0.0000
0.0000
0.0000
0.0000
0.1286
0.0000
0.0000
1.5451
1.2600
0.0000
0.5861
3.4267
0.0000
0.9767
0.0000
0.0000
0.0000
0.0000
4.5331
0.0000
0.0000
0.0000
0.0000
0.0000
0.0000
0.0000
0.0548
1.0150
0.0000
0.0000
0.8421
0.0000
0.0000
0.0000
0.0000
0.0000
0.0000
3.5617
0.0000
2.9707
0.0000
0.0000
1.7105
0.0000
0.8768
0.0000
2.3535
0.0000
0.0794
0.7143
0.0000
0.0000
1.9391
1.1242
0.0000
0.0000
0.0000
0.0000
0.0000
0.0000
0.1772
0.0000
0.0000
1.9891
0.0000
0.0000
0.0000
1.8178
0.0566
0.4231
0.0000
0.0000
0.1887
1.5824
0.6463
0.0000
0.0000
1.8773
0.0000
0.0000
1.7613
0.4076
5.1160
0.9215
1.1411
0.0000
0.8520
0.0000
0.0000
0.0000
0.0000
0.0000
0.0000
0.0000
0.0000
2.1169
3.1013
4.1997
0.0000
0.0000
1.7665
0.0000
0.0000
0.0000
0.0000
0.0000
2.6220
0.0594
0.0000
3.5968
0.0000
0.0000
0.0000
2.2755
0.4426
0.0000
0.0000
0.0000
0.0000
0.5678
1.1013
2.4388
0.7207
0.0000
0.0000
0.9965
1.0256
1.7433
0.7204
0.0000
0.0000
0.0000
0.0000
0.0000
0.1492
0.0000
0.0000
0.0000
0.4193
0.3347
1.6782
0.0000
0.0000
0.0000
0.0000
0.0000
0.2069
3.2287
0.0000
0.0000
1.4274
2.4749
0.0000
1.9261
0.0000
0.0000
0.0632
0.0000
0.2350
0.0000
0.0000
0.5925
0.0000
4.3210
0.0000
0.0000
1.2146
0.0000
0.0000
0.0000
1.2386
1.3097
0.8778
0.0000
2.0823
1.9216
0.0000
0.3131
0.0000
0.0000
0.0000
0.0000
0.0000
0.0000
1.0390
0.9669
0.0000
0.0609
0.0000
0.0000
0.0000
3.3386
0.0780
0.0000
0.0000
0.2917
0.0000
0.0000
0.0000
0.0000
1.9950
0.0000
0.4903
0.0449
0.0000
1.8283
2.0505
0.0000
0.0000
1.4205
2.6084
0.0000
0.0000
0.0000
0.0000
0.4818
0.1642
0.0000
0.0000
0.0000
0.0000
0.0000
0.0000
0.0000
0.0000
0.0000
0.0000
0.0000
0.0000
0.0000
0.0000
0.0000
0.8866
0.0000
1.5306
1.1936
1.0140
2.1801
0.0000
0.0000
1.1651
0.0000
0.0000
0.0000
0.5064
1.0138
0.0000
4.2628
1.4293
0.0000
4.0249
0.0000
0.5418
0.0000
0.0000
2.0689
0.0000
0.0000
0.0000
0.0000
0.0182
0.0000
0.0000
0.0000
1.8393
0.0000
0.0000
0.0000
0.0000
0.0000
0.0000
2.0941
0.0000
0.2882
0.0000
0.0000
0.0000
0.0000
