0.0000
0.0000
0.0000
0.0000
1.4184
0.2234
0.0000
0.0000
0.0000
1.7055
0.1510
0.0000
0.6833
0.0000
0.0000
0.2265
0.0000
0.0000
0.0000
0.0000
0.0000
0.0000
3.7510
1.6298
0.7110
1.7610
0.0000
1.4565
0.0000
0.0000
0.0000
0.0000
1.5495
0.0000
1.4734
0.0000
0.0000
0.0000
1.1432
0.6146
0.0000
0.0000
0.0000
0.0000
0.0000
0.0000
0.0000
0.0000
0.0000
0.0000
0.0000
0.0000
0.0000
0.0000
0.0000
0.0000
0.0173
0.0000
0.0000
0.0000
0.0000
2.7170
0.0000
0.8940
0.0000
0.0000
0.0000
0.0890
0.0000
0.0000
0.0000
2.0528
0.0000
0.0000
0.0000
1.0252
0.0000
0.0000
0.0000
0.2327
0.0000
0.0000
0.0000
0.0000
0.0000
1.1628
0.2644
2.6595
0.0000
0.0000
0.2235
0.0000
1.9227
2.7143
0.0000
0.0000
0.0000
0.0000
2.0931
0.0000
0.0000
0.0000
0.7509
0.0000
0.0000
0.0000
0.0098
0.0000
1.6545
3.1134
0.0000
0.0000
1.4454
0.7332
0.0000
0.0000
0.6937
0.0000
0.0000
0.0000
1.0606
0.0000
3.3292
0.0000
0.0000
0.0000
0.7467
1.7691
0.0000
0.3448
0.0000
0.0000
0.9579
0.0000
1.5699
0.3159
0.9859
1.5528
0.0000
1.6005
2.7307
0.0000
1.8285
0.1400
1.4224
0.0000
0.0000
0.6556
0.0000
0.0000
0.0000
1.6655
0.0000
0.4041
0.0000
0.0000
0.0000
1.4004
0.0000
0.0000
1.1356
0.0000
1.0436
0.0000
0.0000
2.1864
0.4448
0.0000
0.0000
0.2952
0.0000
0.0000
0.0000
0.3814
0.0000
0.0000
0.0000
0.0000
0.0000
4.9243
2.3015
2.7148
0.0000
0.0000
0.0000
0.0000
0.9199
0.0000
1.8499
2.5446
0.0000
0.0000
0.2990
0.0000
0.0000
0.0000
0.0000
0.0000
3.5192
2.7454
0.0000
0.0000
0.0000
0.0000
0.4970
0.0498
0.0000
0.0000
0.0489
0.0000
0.4383
0.0000
0.0000
0.1538
0.0000
0.0000
0.0000
0.0000
0.0000
0.0000
0.0000
0.0000
0.0000
0.0000
0.0000
0.0000
0.0000
0.7969
0.0000
0.0000
0.0000
0.6650
0.0000
0.0000
0.3452
0.0000
0.6010
0.0000
2.1533
0.0000
0.0000
0.0000
1.7078
0.0000
0.0000
0.0000
0.0000
0.0000
0.0837
0.0000
0.0000
0.0000
0.0000
0.0000
0.0000
0.4983
0.0000
0.0000
0.4768
0.0000
0.0000
0.0000
0.0000
0.0000
0.2533
0.0000
0.0000
0.0000
0.0000
0.1995
2.4496
0.4842
0.0000
1.0340
0.0000
0.0000
0.0000
2.0473
0.0000
0.0000
2.0849
0.0000
0.0000
0.7217
0.0000
0.3834
0.0000
0.0000
0.0000
0.0000
0.0000
0.0000
0.0000
0.0000
1.6961
0.0000
0.0172
0.0884
0.0000
2.9304
0.0000
0.0000
0.0000
0.0000
0.5595
0.0000
0.2731
0.0000
0.0000
0.0000
0.0000
0.0730
0.0000
0.5906
1.8652
0.0000
0.0000
0.0000
0.1358
2.1712
0.0000
2.5056
0.0000
1.9149
0.0000
2.9450
0.0000
0.2842
0.0000
1.2718
0.0000
0.0000
0.0000
0.0000
0.0000
2.0752
1.7898
0.0000
0.0000
2.4810
0.0000
0.0000
0.0000
0.0000
0.0000
4.4685
0.0000
0.0000
0.0000
0.0000
0.0000
3.8627
0.3603
0.0000
0.2509
0.6460
0.0000
0.0000
0.7645
0.0000
0.0000
0.0000
0.0000
0.0000
0.0000
0.0000
0.1219
0.3199
0.0000
0.0000
0.0000
1.8015
0.0000
0.0000
0.0000
0.0000
0.0000
0.6492
0.0000
0.2995
4.2938
0.0000
0.0000
0.0000
0.0000
0.0000
0.6226
0.0000
0.0000
0.0000
3.4220
0.0000
0.0000
0.0000
0.0000
0.5448
0.0000
0.0000
0.0000
0.0689
0.0000
2.7134
0.0000
0.0000
0.0000
0.9082
0.0000
0.0000
1.1751
0.0000
0.0000
0.0000
0.0000
0.7679
0.2267
1.7271
0.0000
0.0000
0.3339
0.0000
0.0000
0.6200
1.7466
0.0000
0.0000
0.0000
0.0000
0.5614
0.0000
1.3290
0.0000
0.0000
0.0000
0.0000
0.0000
0.0000
0.0000
0.0000
1.2469
0.0000
1.4072
0.0000
0.0000
0.0000
3.0836
0.4872
0.1320
0.0000
2.8045
2.0368
0.4187
0.0000
0.0000
0.0000
0.0000
1.4879
0.0000
0.0000
0.0000
0.0000
0.0000
0.0000
0.8959
0.0000
0.1791
0.0000
0.0000
0.0000
0.0000
0.0000
0.0000
1.1939
0.0304
0.0000
0.0000
3.5802
2.0383
0.0000
0.9103
0.0000
0.0000
0.0000
0.7328
0.6210
0.7192
0.2339
0.0000
0.0000
0.0000
0.0000
0.0000
0.0000
0.0000
0.0000
1.0274
0.0000
0.0000
0.0000
0.0000
0.0000
0.0000
0.0000
2.2528
0.0000
0.0000
0.0045
0.0000
0.0000
0.0000
1.5160
0.0000
2.8523
0.0000
0.1876
0.0000
0.0000
0.0000
0.7543
4.4496
0.0000
0.5245
2.9439
0.0000
0.0000
2.1183
0.0000
0.1495
0.0000
0.0000
0.0000
0.6755
0.6280
0.2548
0.0000
1.6222
1.9894
0.0000
0.0000
0.0502
0.0000
0.0000
0.3885
0.0000
0.0000
0.0000
0.0000
0.0000
1.1963
0.0000
0.0000
0.0000
0.8546
0.0000
0.0000
0.0000
0.0000
0.1244
0.0000
0.0000
0.0000
1.1705
0.4670
0.0000
0.0000
0.2069
0.6541
0.0000
0.0000
0.0000
0.0000
0.0000
0.0000
0.0000
0.0000
0.0000
0.0000
0.2317
1.0786
0.0000
0.3755
0.0000
0.0000
0.0000
0.0000
0.0000
0.0000
0.0000
0.9167
1.8884
0.0000
0.0000
0.0000
0.0000
0.0000
0.0000
0.0000
0.0000
0.0000
1.6771
0.0000
0.0000
3.5236
0.0000
0.0000
0.0000
0.1731
1.0635
0.0000
0.0000
0.0000
0.0000
0.0000
0.0000
3.0596
0.0000
0.4313
0.8769
0.6958
0.2538
0.0000
1.9794
0.0000
0.2231
0.0035
0.0000
0.9526
0.0000
0.0000
0.0000
0.0000
0.0000
0.0000
0.0000
0.1575
1.0088
1.4848
0.0000
1.2098
0.0000
0.0000
0.0000
0.0000
0.0000
0.0000
1.0219
0.0000
0.0000
0.0000
0.0000
0.0000
0.0000
1.4703
1.1584
0.0000
0.0000
0.0000
0.0000
0.0000
0.0000
0.0000
0.0000
0.8286
0.0000
0.0000
0.0000
0.0000
0.0000
0.0000
0.6649
0.0000
0.0000
0.0000
0.0000
0.0000
0.0000
0.3223
0.0000
0.0000
0.0000
0.0000
0.0000
0.0000
0.0000
0.0000
0.0000
0.6904
0.0000
0.2836
0.0000
2.5705
0.4466
0.0000
2.3984
0.0000
0.0000
0.0000
0.0000
0.0000
0.1584
0.0000
1.7653
0.0000
0.0000
0.8764
1.2925
1.3252
0.0000
0.0000
1.2287
0.6473
0.0000
3.2675
0.2477
0.2031
0.0000
0.0000
0.0000
1.0360
0.0000
0.0000
0.0000
0.0000
1.8857
1.4312
0.0000
0.0000
1.1674
0.0000
1.2333
0.0000
0.0000
0.0000
0.0000
0.3619
0.0000
0.0000
0.0000
0.9800
0.0000
1.1986
0.0000
0.0000
0.0000
2.8579
0.0000
0.0000
0.9763
0.0776
0.9292
0.0000
0.0000
0.0000
0.0000
0.0000
0.0000
0.0000
0.0000
0.0000
0.0000
0.4581
1.3301
0.0000
2.0317
0.0000
0.0000
0.8986
0.0000
0.0000
0.0000
0.0000
0.0347
0.0000
0.0000
0.0000
0.0000
0.0000
0.0000
0.0000
0.2288
0.0000
0.6556
0.0000
0.0000
0.0000
0.0000
0.0000
0.4177
0.0000
0.0000
0.0000
0.0000
0.0000
2.3611
1.8360
0.0000
0.0000
0.0000
0.0000
1.5915
0.0000
0.0000
0.8888
1.9594
0.0000
0.0000
0.0000
0.0000
0.0000
0.0000
0.0000
0.0000
0.6283
0.0000
1.4267
0.0000
0.0000
1.1659
0.0000
0.0000
1.1351
0.7831
0.0000
0.6031
0.0000
0.1076
0.0000
0.0000
0.0000
0.7715
0.0000
0.9963
0.0000
0.0000
0.0000
0.0000
0.9051
1.1126
0.0000
0.0000
0.0000
0.0000
0.0000
0.0000
0.0000
0.0000
0.0000
0.0000
0.0000
1.8499
0.0000
0.0000
0.0126
0.0000
0.0000
0.0000
0.0000
0.0000
0.0000
0.1275
0.1547
0.0000
0.0000
0.0000
1.7406
0.0000
0.0000
0.4200
0.0000
0.0000
0.0000
0.0000
0.0000
2.8426
0.0000
0.0000
0.0000
0.0000
1.3072
0.0000
0.0000
0.0000
0.0000
0.0000
0.0000
0.0000
0.0000
0.0000
0.0000
0.0000
0.0000
0.2616
0.0000
0.0000
0.0000
0.8773
0.0000
0.0000
1.1019
0.4377
0.0000
0.0000
0.0000
0.0000
0.0000
0.0000
0.0000
0.0000
0.0000
0.0000
0.3598
0.0000
0.0000
3.2235
0.0000
0.0000
0.0000
0.0000
0.5025
0.0000
0.0000
0.0000
0.0000
0.0000
0.0000
0.0000
2.7308
1.6989
0.0000
0.0000
0.0000
0.0000
0.0000
0.1832
0.0070
0.0000
1.5822
0.0000
0.0000
0.0000
0.0000
0.0000
0.0000
0.0000
0.0000
1.4923
1.1927
0.0000
0.4787
0.0000
4.2434
0.0000
0.5291
0.0000
0.0000
0.0000
0.7868
2.3330
0.0000
0.0000
0.0487
0.0000
1.3294
0.3961
1.6127
0.5838
0.0000
0.0000
0.3426
0.7917
0.0000
0.9225
0.0000
0.0000
0.0000
0.0000
0.0000
1.3891
0.0000
0.0124
0.0000
0.0000
1.0115
0.0000
0.1930
0.8286
2.1260
1.5826
0.0000
0.0000
0.0000
0.3315
0.0000
0.0000
0.0000
0.0000
1.3257
0.0000
0.0000
0.0000
3.5294
0.0000
0.0000
0.0000
0.1808
0.0000
0.0824
0.0000
0.0000
0.0000
3.1704
0.0000
0.5414
0.0000
3.7784
0.0000
0.0000
0.8293
3.8475
0.0000
1.6827
0.0000
1.6444
0.0000
0.0000
0.0000
1.0242
1.6241
0.0000
0.0000
1.0506
2.1868
1.0602
1.9851
0.0000
1.6280
0.0000
0.6709
0.0000
0.0000
0.0000
0.0000
0.0000
0.0000
0.0000
0.0000
0.0000
1.0017
0.0000
0.0000
0.0000
0.0000
0.0000
0.0000
0.0000
0.0000
0.0000
0.0000
0.0000
0.0000
0.0000
0.0000
0.0000
1.0120
0.0000
0.0000
1.6421
0.0000
0.0000
0.0000
0.0000
0.6963
0.0000
0.0000
0.0374
0.0000
0.0000
1.3959
0.0000
0.0000
0.0000
0.0000
0.0000
0.0000
0.0000
0.0000
1.5279
0.0000
1.6084
0.0000
0.0000
0.0000
1.8430
0.0000
0.0000
1.1672
0.0000
0.0000
1.6175
0.0000
1.2923
0.0000
0.0000
0.0000
0.8098
0.6178
0.0000
0.0000
0.0000
0.0000
0.8285
0.0000
0.0000
2.2319
0.5540
0.0000
0.0000
0.3500
0.0000
0.0000
0.0000
0.0000
0.1865
0.0000
0.0000
0.2058
0.0000
1.3626
0.0000
0.0000
0.0000
0.0000
0.0000
0.0000
0.0000
0.0000
0.0000
0.0000
0.0000
0.0000
0.0000
1.3744
0.0000
0.0000
0.0000
2.0425
0.2150
2.8973
0.0000
0.0000
0.2251
0.0000
1.3232
0.3048
0.0000
0.0000
0.5190
0.5226
0.0000
0.3052
0.0000
0.0000
0.0000
0.0000
0.0000
0.0000
0.0000
1.2512
0.0000
0.0000
0.0000
1.3148
0.6481
0.0000
1.4016
2.9155
2.4633
0.0000
0.0000
0.0000
0.0000
0.0000
0.4265
0.0924
0.0000
0.0000
0.0000
0.0000
0.0000
1.7116
0.0000
2.3396
0.0461
0.0000
0.0000
1.8966
0.0000
0.0000
0.5011
0.0000
0.0000
2.7368
1.7692
0.0000
0.0000
1.8705
0.0000
0.7255
0.0000
0.0000
0.0000
2.8020
1.5332
0.0000
0.0000
0.0000
0.0000
0.0000
0.0000
0.0000
0.0000
0.0000
0.0000
0.0000
3.1875
0.0000
0.2584
0.0000
0.0000
0.0000
0.0000
0.0000
0.0000
0.0000
0.0000
0.0000
0.0000
0.0000
0.0000
0.0000
0.0000
0.0000
0.0000
0.0000
0.0000
0.5594
0.2936
0.0000
0.0000
2.0908
0.0000
0.0000
0.0000
2.1773
0.0000
0.0000
0.0000
0.0000
1.6739
0.0000
0.0000
0.0000
0.0000
0.0000
0.0000
0.0000
0.0000
0.0000
0.0000
0.0000
0.0000
0.0000
0.1719
3.7206
0.0000
1.4176
1.2668
0.5389
0.0000
0.1586
1.8020
0.0000
0.0000
0.0000
0.0000
0.0000
0.0000
1.7197
0.0000
0.0000
0.3882
0.0000
1.8985
0.4476
0.0000
0.0000
0.0000
0.7764
0.0000
0.0000
0.0000
0.0000
0.0000
3.4736
0.0000
0.0000
1.1967
0.0000
0.0000
0.0000
0.0000
0.0000
0.0000
0.5654
0.0000
0.0000
0.1186
0.0000
0.0000
0.0000
0.0000
0.0000
0.0000
0.0000
0.0000
0.0000
0.1743
0.0000
0.3571
0.0000
0.0000
0.0000
0.0000
0.0000
0.0000
0.0000
1.1659
0.0000
1.2020
0.0000
0.6586
0.0000
0.0000
0.0000
0.0000
0.0000
0.0000
0.0000
0.0000
0.0000
0.0000
0.0000
0.0000
0.0000
0.0000
0.0000
0.0000
0.0000
2.8654
0.0000
1.9142
0.0000
0.0000
1.2846
0.1414
0.0000
0.0000
0.0000
0.0000
3.1154
1.4747
0.0000
1.6146
0.0000
0.0000
0.0000
0.0000
0.0000
0.0000
0.2904
0.0000
0.0000
0.0000
0.8675
2.9932
1.5119
0.0000
0.0000
0.5498
0.0000
0.0000
0.4602
0.0000
2.5551
0.0000
0.0000
1.8357
0.2945
1.3527
0.7833
4.1874
0.0000
0.0000
0.0000
0.0000
1.1675
0.0000
0.0000
0.8091
0.0000
0.0000
0.0000
0.2834
0.2884
0.0000
0.0000
0.0000
0.0000
0.8919
0.9525
0.1864
0.0000
1.4255
0.0000
0.0000
0.6823
1.0267
0.0000
2.1816
0.0000
0.0000
1.4060
1.9146
0.0000
0.0000
0.0000
0.0000
0.0000
0.0000
0.5278
0.0000
0.0000
0.1335
0.0000
0.0000
0.0000
0.3550
0.0000
1.5429
0.0000
0.8989
0.0000
0.3075
0.0000
0.0000
0.0000
0.0993
0.0000
0.0000
0.0000
0.2620
0.0000
0.0000
1.5791
1.9152
0.0000
0.0000
0.0000
2.1309
0.0000
0.0000
0.0000
0.0000
0.0000
0.0939
0.0000
0.0000
1.9081
0.0000
0.0000
0.0000
0.0000
0.0000
0.0000
0.0000
0.0000
1.2680
2.5497
2.3455
0.0000
1.8697
0.0000
0.0000
0.0000
0.8301
0.0000
0.0000
0.0000
0.0000
0.0000
0.0000
0.0000
0.0000
1.4527
1.0396
0.0000
0.0000
0.0000
0.0000
0.0000
0.7713
0.0000
0.0000
3.0466
1.2792
2.3338
0.0000
0.3308
0.0000
0.0000
1.2804
2.4762
0.8592
0.0000
0.0000
0.0000
1.1354
0.0000
0.0000
1.2238
1.3514
0.0000
0.0000
0.0000
0.0000
0.0000
0.0000
0.0000
0.0000
1.0173
2.7053
0.0000
0.0000
0.0000
0.0000
0.0000
0.0000
0.0000
1.1200
0.0000
0.0000
0.0000
0.3852
0.0000
0.0000
0.0000
0.0000
2.0869
0.0000
0.0000
0.0000
0.0000
0.2592
0.0000
1.7102
0.0000
0.0000
0.0000
1.3235
0.0000
1.5612
0.0000
0.0000
0.0000
1.0325
0.0000
3.4814
0.0000
0.0000
0.0000
0.0000
0.0000
0.0000
0.0000
0.0000
0.9712
0.0000
0.0000
0.0000
0.0000
0.0000
0.8831
0.0000
0.2974
0.0000
1.7502
0.0000
0.0000
0.0000
0.0000
3.7812
0.3290
0.9360
0.4742
1.3700
0.0000
0.4795
0.0000
0.0000
0.0000
0.0000
0.0000
0.0000
0.0000
0.0000
0.0000
2.0919
0.0000
0.3903
0.6048
3.0608
0.4883
0.0000
2.7857
0.1098
0.0000
0.0000
0.0000
0.0515
0.0000
0.0000
0.0000
0.4688
0.8195
0.0000
0.3052
0.0000
0.4405
0.0000
0.0000
0.0000
0.0000
0.0000
0.3933
0.0000
0.0000
0.0000
2.5349
0.0000
0.0888
0.6852
0.9497
0.6931
0.0000
0.0000
0.0000
0.0000
0.0000
0.2353
0.7240
0.7476
2.2270
0.0000
0.0000
0.0000
0.9025
1.6025
1.4983
0.0000
0.0000
0.0000
0.1447
0.0000
0.4690
0.0000
1.4936
0.0000
2.6878
0.0000
0.0000
0.0000
0.0000
0.2153
0.0000
0.0000
0.0000
1.0733
0.0000
0.0000
1.2403
0.0000
0.0000
0.0000
0.0000
0.0000
0.0000
0.0000
0.0000
0.0000
0.8844
0.0000
0.0000
0.4760
0.0000
0.5006
0.0000
0.0343
0.0000
1.7216
0.0000
1.8922
0.0000
0.0000
0.0000
0.0000
0.0000
1.7880
1.2247
0.9474
0.2984
0.0000
0.7760
1.6277
0.0000
0.0000
0.0000
0.0000
0.1739
0.0000
0.0000
0.1833
0.0000
0.2138
0.0000
0.0000
0.0000
2.0506
0.0000
3.2129
0.0000
0.5305
0.0000
0.0000
0.0000
0.0000
0.0000
2.2603
0.0000
2.0000
3.2721
0.0000
0.0000
0.1245
2.5891
0.0000
0.0000
2.3953
0.8214
0.0000
0.0000
0.2822
1.3129
0.6353
0.0000
0.3125
0.0000
0.0000
0.0000
0.0000
0.0000
0.0000
0.0000
0.0000
0.7295
0.5994
4.3408
0.0000
0.0000
4.3048
0.0725
1.7500
0.0000
0.0000
0.0000
1.0876
0.1869
0.0000
0.0000
0.0000
0.0000
0.0000
3.4411
0.0000
2.2713
0.0000
0.5354
0.0000
0.0000
0.0000
0.0000
0.0000
0.0000
2.1859
0.0000
0.0000
2.1156
0.0000
0.5832
2.2979
0.0000
0.0000
1.0287
0.0000
0.7836
0.0000
0.0000
2.3071
0.7110
0.0000
0.0000
0.0000
0.0000
0.8170
0.0000
0.0000
0.0000
0.0000
2.5116
0.0000
4.1302
1.3871
0.1809
0.0000
0.0000
0.0000
0.0000
0.0000
0.0000
0.3710
0.0000
0.6555
0.5182
0.0000
0.0000
0.0000
0.9019
0.0000
0.0000
0.0000
0.0000
0.0000
2.8178
0.6815
1.3315
0.0000
0.0000
2.7556
0.0000
0.0000
0.0000
0.2260
0.8750
0.6965
0.0000
0.0000
0.0000
0.9153
0.0000
0.9415
0.0000
0.0000
0.0000
0.0000
0.0000
0.0191
0.0000
0.0000
0.0000
0.0000
2.1355
0.0000
1.3461
0.0000
0.0000
0.0000
0.0000
0.0000
0.0000
0.0000
0.0000
0.0000
0.0000
1.9145
0.0000
2.2273
0.0000
0.0000
0.0000
1.8475
0.0000
0.0000
0.0000
0.0000
0.3112
0.0000
2.3556
1.0707
0.0000
0.0000
0.0000
0.0000
0.0000
1.1273
0.0000
0.0000
0.0000
1.0959
0.0000
0.0000
0.0000
0.0000
2.3653
1.9662
0.0000
1.8796
0.0000
0.0000
0.9842
0.0000
5.0711
0.0000
1.7357
0.0000
0.0000
0.0000
0.0000
0.0000
0.0000
0.0000
0.0000
0.0000
0.0000
2.5955
0.0000
0.0000
0.0000
0.0000
0.0000
0.0000
0.0000
1.1698
0.0000
0.0000
0.3573
1.0644
2.7616
0.0000
0.8926
0.0000
0.0000
0.0000
0.0000
0.0000
2.6520
0.0000
0.0000
2.9127
1.9368
0.0000
0.0000
1.0616
1.3794
0.7469
0.6785
0.4193
1.3534
0.0000
0.0000
0.0000
0.0000
0.0000
0.1617
0.0000
0.0000
0.0000
0.3564
0.3326
0.0000
1.2591
0.0000
0.0000
0.0000
0.0000
0.4556
0.0000
0.0000
0.0000
1.8235
0.1625
0.0000
0.0000
0.0000
0.0000
0.0000
1.6214
1.9701
0.0000
0.0000
0.0000
0.3051
1.7038
2.5955
0.8604
0.1647
0.0000
0.0000
0.0000
3.7484
0.0000
0.0000
0.0000
0.0000
0.0000
0.0000
0.0000
0.0000
0.0364
0.0000
0.0000
0.0000
1.3207
0.0000
0.0000
0.0548
1.4114
0.0000
0.0000
0.0000
0.0000
0.0000
0.0000
0.0000
0.2508
0.0000
0.0000
0.0000
1.5996
0.0000
1.8004
0.0000
0.0000
0.0000
0.0000
0.0000
0.0000
0.0000
0.0000
0.0000
0.0000
0.0000
0.0000
3.0386
0.0000
0.0000
0.0000
0.0000
0.0000
0.0000
0.0000
0.2271
0.0000
0.0000
0.0000
0.0000
0.0000
0.0000
0.0000
0.0000
0.0000
0.0000
1.2404
0.0000
0.7079
0.0000
1.8217
0.0000
1.4510
0.7949
0.0000
0.0000
0.0000
0.0000
0.9735
0.0000
0.0000
0.0000
0.0000
0.8332
0.7567
0.0000
1.0361
0.0000
0.0000
0.0000
0.0000
0.0000
0.0000
0.0000
1.5756
0.0000
0.9268
0.0000
1.1875
0.0000
3.1531
0.0000
0.0000
0.0000
0.0000
0.0000
1.1033
0.0000
1.3793
0.1115
0.0000
1.7056
0.0000
0.0000
0.0000
1.8694
1.9672
0.0000
0.0000
0.0000
0.0000
0.0000
0.0000
0.0000
0.0000
0.0000
0.0000
0.0000
0.0000
0.2193
1.4352
1.1008
2.0251
1.3349
0.0000
0.0000
0.0000
0.9178
0.0000
0.0000
0.0000
0.0000
1.0395
2.1819
1.3972
0.0000
0.0000
0.0000
1.6457
0.0000
0.0000
0.0000
0.0000
0.0000
0.0000
0.0000
0.0000
0.0000
0.0000
0.0000
0.0000
2.5277
1.5930
0.0000
0.4737
0.0000
0.0000
1.9958
0.0000
0.5922
0.0000
0.8252
0.5816
0.0000
0.0000
0.7845
0.0000
0.0000
0.0000
0.0000
0.0000
0.6756
0.0000
0.0000
0.0000
0.0000
0.0000
0.0000
0.0000
0.0000
0.0000
0.0000
0.0000
0.1661
0.0000
0.0000
0.0000
0.0000
0.2444
3.4803
0.0000
0.0000
0.0000
0.0000
0.0000
0.0000
3.0424
0.0000
0.0000
0.0000
1.7243
2.4194
0.0000
0.4163
0.0000
0.0000
2.7243
0.0000
0.0000
0.0000
0.5944
0.0000
1.4756
0.6496
0.0000
1.1105
0.0000
0.0000
0.2810
0.0000
0.0000
0.0000
0.0000
0.0000
0.0000
0.1321
0.0000
0.0000
0.2693
0.0000
0.0000
0.0000
0.0000
0.0000
0.0000
1.2166
0.0000
0.0000
0.0000
0.0000
0.0000
0.8068
0.0000
0.0000
4.2654
0.0000
0.0000
1.1744
0.3676
1.3990
0.0000
0.0000
0.2222
0.0000
0.0000
0.0000
1.1717
0.0000
0.0000
0.0000
1.7004
0.0000
0.0000
0.0000
0.0000
0.0000
2.8382
0.0000
0.0000
0.0000
0.0000
0.2973
0.0000
0.0000
0.1019
0.0000
0.0000
1.1772
0.0000
0.6006
1.4625
0.0000
1.0244
2.7655
0.0000
0.0000
0.0000
0.0000
0.0000
0.0000
0.0000
0.0639
0.1695
0.0000
0.0000
0.2297
0.0000
2.3699
6.8382
0.0000
0.0000
0.9490
0.0000
0.7532
0.0000
0.0000
0.0000
0.0000
0.0000
0.0000
0.0000
0.0000
0.0000
0.0000
0.0000
0.0000
0.0000
0.0000
0.0000
0.5973
0.0000
0.0000
1.6611
0.9868
0.0000
2.4821
0.0000
0.0894
1.0823
0.0000
0.0000
1.5657
0.6920
0.0000
0.0000
3.0516
0.0000
0.0000
0.0000
1.9355
0.0000
0.0000
1.1596
0.0000
0.0000
0.0000
0.7282
0.0000
0.0000
0.3620
0.0000
3.3328
0.0000
0.0000
0.0000
1.5601
0.5566
0.0000
0.0000
1.3834
0.0000
0.0000
0.1820
0.0000
0.0000
2.0872
0.0000
0.0000
1.0210
0.0000
0.0000
0.0000
0.0000
0.0000
1.2273
0.0000
0.0000
0.0000
0.0000
0.0000
0.0000
0.2566
1.9573
0.0000
0.0000
1.5118
0.0000
0.0000
0.0000
0.0000
0.0000
0.0000
0.6781
0.0000
0.0000
0.2959
0.0000
0.0000
0.0000
0.0337
0.0000
0.0000
0.0000
0.0000
0.0000
0.0000
0.0000
1.1275
0.0000
0.0000
0.0000
0.0000
0.2655
0.1454
2.8510
0.0000
2.0421
0.0000
0.0000
0.0000
1.3806
1.2346
0.0000
0.0000
0.5935
0.4839
0.0000
0.0000
0.0000
0.0000
0.1395
0.0000
0.0000
5.0314
2.6660
0.0000
0.0000
0.0000
3.7509
0.2039
0.0000
0.0000
1.0044
0.0000
0.0000
0.0000
0.0000
0.0000
0.0000
0.0000
0.0000
0.0000
0.3430
0.0000
0.0000
0.0000
0.3943
0.6004
0.0000
1.1868
0.0000
0.0000
0.9518
0.0000
0.0000
0.0000
0.0000
0.0000
0.0000
0.0000
0.0000
1.6376
0.0000
0.6002
0.0000
0.0000
0.0000
0.0000
3.1491
2.5468
0.1050
0.0000
0.0000
0.1489
0.0000
0.0000
0.0000
0.0000
0.0000
0.0000
1.2139
0.0000
0.0000
0.0000
0.0434
0.4700
0.0000
0.0000
0.0000
0.0000
0.0000
0.0603
0.0000
0.0000
0.0000
0.0000
0.7965
0.0000
1.2897
0.0000
0.0000
0.0000
0.0000
0.4585
0.0000
0.0000
0.0000
0.0000
2.8813
0.0000
0.0000
0.0000
0.0000
0.0000
0.0000
0.9196
0.0000
0.0000
0.0000
0.0000
0.0000
0.0000
1.2547
0.0000
0.0000
0.3891
2.2845
0.0000
0.0000
1.6117
0.0000
2.5144
0.0000
0.0000
0.0000
0.0000
0.0000
0.3215
0.1037
2.5964
2.0511
0.0000
4.6304
0.7001
0.0000
0.0000
0.0000
1.9165
0.0000
3.7861
0.6968
0.0000
0.0000
0.0000
0.0000
1.1107
0.0000
0.0000
0.0000
0.0000
0.0000
0.0000
0.0768
0.5468
0.0000
0.0000
0.9052
0.0000
0.0000
0.0000
0.7774
0.6000
0.4897
0.0000
0.0000
0.0104
0.0000
0.0000
0.0000
3.9032
0.3790
4.6751
0.0000
0.8229
3.1570
2.1322
0.0000
0.3439
0.0000
0.0000
0.0000
0.0000
0.0000
0.3901
3.6709
0.0000
0.0000
0.0000
2.0294
0.0000
0.3588
0.0000
3.1418
0.0000
0.0000
0.0000
1.4094
1.2928
0.0000
1.1445
0.0000
0.0000
1.1305
0.0000
0.8859
0.0000
0.0000
3.5321
0.7833
0.4198
0.1830
0.0000
0.0000
2.6680
0.0000
0.6776
0.0000
0.0000
0.0000
0.7786
0.0000
0.0000
0.0000
3.3157
0.0000
0.0000
0.0000
0.0000
0.0000
0.0000
0.0000
0.0000
0.0000
0.0000
0.0000
0.0000
0.0000
0.0000
0.0000
0.0000
0.8228
2.4712
0.2695
0.0000
0.0000
0.0000
0.0000
0.0000
0.0000
1.8207
1.5327
0.9450
0.0000
0.0000
1.5766
0.0000
0.0000
0.0000
0.0000
0.9685
0.0000
0.4493
0.0000
0.0000
3.4275
0.0000
0.0000
1.1726
0.0000
0.0000
0.0000
1.4425
0.0000
0.0000
0.0000
0.0000
1.1573
1.1155
0.0000
0.0000
0.6823
1.3490
0.0000
2.2151
3.6981
0.0000
0.0000
0.0000
0.0000
0.0000
0.0000
1.4805
0.0000
0.0000
0.0000
0.0000
1.3169
0.0000
1.8717
0.0000
0.0000
0.0000
0.0000
0.0000
0.3800
0.0000
0.0000
0.7953
0.0000
0.0000
0.0000
0.0000
0.0000
0.0000
0.0000
0.0000
0.0000
0.2007
0.0000
0.1955
0.0000
0.0000
0.0000
0.0000
0.0000
0.0000
1.7358
0.6916
0.0000
1.3202
1.6118
0.5073
0.0000
0.0000
0.0000
0.0000
1.2834
0.8808
0.0000
0.0000
0.0000
0.0000
0.0000
0.0000
1.2284
4.2140
0.0000
0.0000
0.0000
0.0000
2.6884
0.0000
0.0000
0.0000
0.0000
0.0000
0.0000
0.0000
0.0000
0.0000
0.0000
0.0000
0.5527
0.1730
3.1960
0.0000
0.0000
0.3587
0.0000
0.0000
0.2264
0.0000
0.0000
0.0000
0.0000
6.0521
0.9218
0.0000
0.0000
0.0000
0.0000
0.0000
1.7351
2.4882
1.4532
0.0000
0.9231
1.8676
0.0000
0.0000
0.0000
0.0000
0.0000
0.0000
0.0000
0.0000
0.0000
0.0000
5.6491
0.0000
0.3000
0.0000
0.2616
0.9358
0.0000
0.0000
0.0000
1.1575
0.0000
2.1448
0.0000
0.0000
0.1427
0.4932
0.0000
0.0000
0.0000
0.0000
0.0000
0.0000
1.5205
0.0000
0.0000
0.0401
0.3815
0.0000
0.0000
0.0000
0.4194
0.0000
3.2038
2.2563
0.0000
0.0000
0.0000
0.4570
0.0000
0.7146
0.0000
1.4809
0.0000
0.0000
0.0000
0.0000
0.0000
0.0000
0.0000
0.0000
1.0686
0.0000
0.8354
1.6068
0.1655
0.6980
0.0000
0.0000
0.0000
0.0000
0.0000
0.0000
0.2916
1.6000
0.2353
0.0000
0.0000
1.7597
2.0111
0.0879
0.0000
0.0000
0.0000
2.2278
0.0000
0.0000
0.0000
0.0000
0.0000
0.7258
0.0000
0.0000
0.0000
0.0000
0.0000
0.0000
1.4461
0.0000
0.0000
0.0174
0.0000
0.0000
1.3556
0.1172
0.7496
0.0000
2.1360
3.2182
0.0000
3.4463
0.0000
0.0000
0.9371
0.9783
0.0000
0.0000
0.0000
0.0000
1.0714
1.0058
0.0000
0.0000
0.7533
0.0000
0.0000
0.0000
0.0000
2.0225
0.0000
2.7888
0.0000
3.9441
0.0000
0.0000
1.9585
2.1797
1.2139
0.0000
0.8906
0.0000
0.0000
0.2460
0.5774
0.0000
1.5667
0.0000
0.0000
0.0000
0.0000
0.0000
1.9437
0.0000
0.0000
2.6778
0.0000
0.0000
0.0000
0.6645
0.0000
0.0000
2.7918
0.0000
0.0000
0.0000
0.0000
0.0000
0.9619
0.4496
1.0388
1.9160
0.0000
1.8537
0.0000
0.9131
0.0000
0.0000
1.4919
0.0000
0.0000
0.0000
0.0000
0.0000
0.1277
1.8229
0.0000
0.0000
1.0220
0.0000
1.8667
0.5358
0.0292
0.0000
0.0000
0.0000
1.5994
0.0000
0.0000
0.0000
4.4044
0.0000
0.0000
1.7622
0.0000
0.0000
0.5257
0.9371
0.0000
0.0000
0.0000
0.0931
0.0000
0.0000
0.6835
0.0000
2.3429
0.3846
1.9579
2.1505
0.0000
0.5748
0.0000
0.0000
0.0000
2.6492
0.0000
0.0000
0.0000
0.0000
0.0000
0.0000
0.0000
0.0000
0.0000
0.0000
0.0000
0.0000
0.0000
0.0000
1.0360
0.5264
0.1207
0.0000
0.0000
1.7611
0.0000
0.0000
0.0000
4.1396
0.4140
1.0844
0.5338
1.6477
0.0000
0.0000
0.0000
0.0000
0.0000
0.0000
0.0000
0.0000
1.2197
0.0000
0.0000
0.0000
0.0000
0.0000
0.0000
0.0000
0.0000
0.0000
0.3668
0.0000
0.0000
0.0000
1.4128
0.0000
0.0000
0.0000
2.9554
0.0000
0.0000
0.0000
0.0000
0.0000
0.0000
0.0000
0.0000
0.0000
0.0000
0.0000
0.0000
1.2164
0.0000
0.0000
0.0000
0.0000
0.0000
0.0000
0.0000
0.0000
0.0000
1.0222
0.0000
0.0000
0.0000
0.0000
0.0000
0.4597
0.0000
0.0000
0.0000
0.0000
0.0000
1.1224
0.0000
0.0000
1.6570
0.0000
0.3691
0.0000
0.0000
0.0000
0.0000
0.0000
0.0000
0.0000
0.0000
1.7441
0.0000
0.3120
0.0000
0.0000
0.0000
0.7524
2.1442
0.0000
0.0000
0.0000
0.0000
0.0000
2.2922
1.1998
2.6428
0.0000
0.0000
0.0000
0.0000
0.0000
0.0000
2.8457
0.4405
0.0000
0.3186
0.0000
0.1106
0.0000
0.0000
0.0000
0.0217
0.0000
1.3023
0.0000
0.0000
0.0000
0.0000
0.0000
1.4326
0.0000
0.0000
0.8210
1.0714
0.0000
0.8471
0.0000
0.0000
0.0000
2.1848
1.8293
1.4849
0.0000
0.4132
0.0000
0.0000
0.0000
0.6207
0.0000
0.0000
0.0000
0.0000
0.0000
1.2441
1.4550
0.0000
0.0000
0.2879
0.0000
0.1020
0.0000
0.0000
0.0000
0.1182
0.0000
0.0000
0.0000
0.0000
0.0000
3.7743
0.0000
0.0000
0.0000
0.0000
0.0000
0.0000
1.1385
0.0000
0.0000
0.0000
1.4559
0.0000
0.0000
1.5050
0.0000
0.2579
0.0000
0.0000
0.4183
0.0000
0.0000
0.0000
0.0000
0.3468
0.0000
0.0000
0.0000
0.0000
0.0000
0.0000
0.0000
0.0000
0.0000
0.0000
0.1945
0.0000
1.0398
0.0000
3.8231
0.0000
0.0000
0.0000
0.0000
0.0000
0.0000
0.0000
0.5081
0.0000
0.0000
0.0000
0.3354
0.3303
0.0000
0.0000
0.0000
0.0000
0.0000
0.0000
0.0000
1.4539
0.0000
0.1266
1.9850
0.0000
0.0000
0.0000
0.0000
1.5728
0.8831
0.1390
0.0000
1.4615
1.1891
0.1913
0.0000
0.0000
0.0000
0.0000
0.3478
0.0000
0.0000
2.1125
0.0000
2.4642
0.0000
0.1051
0.0000
0.5797
1.1764
1.1754
0.0000
2.3631
2.6180
0.0000
0.0000
0.8242
0.9955
0.0000
0.0000
0.0000
0.0000
0.0000
0.0000
0.0000
1.8066
0.0000
1.3201
1.9500
0.7961
0.0000
0.0000
0.0000
1.1957
2.7074
0.0000
0.0000
0.0000
0.0000
0.0000
0.0000
3.6383
1.9521
0.0000
0.0000
0.1394
0.0000
0.0000
0.0000
2.3513
2.0989
0.0000
0.0000
0.0000
0.0000
0.0000
2.9776
0.0000
0.0000
0.0000
0.0000
2.7563
2.2979
0.0000
0.0000
0.0000
0.0000
0.0000
2.5855
0.0000
0.0000
3.2596
0.0000
0.0000
0.0000
0.0000
0.1247
1.9220
1.5540
0.0000
0.0000
0.0000
1.8412
1.7507
0.0000
0.0000
0.0000
0.0000
0.0000
0.0000
5.4460
0.8804
2.9757
0.0000
0.0000
0.6323
0.0000
0.0000
0.0000
0.0000
0.2295
0.0000
4.7399
0.0000
0.0000
0.0000
0.0000
0.0000
0.0000
0.0000
0.0000
0.1351
0.0000
0.0000
0.0000
0.7354
0.0000
0.0000
1.2513
6.1262
0.0000
0.0000
0.0000
0.0000
0.0000
0.0000
0.0000
0.0000
0.0000
0.9380
2.4048
0.0000
0.1040
0.3630
0.0000
0.0000
0.0000
0.0000
0.0000
1.0241
2.4473
0.0000
0.0000
0.0000
0.0000
0.0000
0.0000
0.0000
2.8152
0.0000
1.3782
0.0000
0.0000
0.0000
0.0000
0.0000
0.0000
0.0000
0.3203
1.1112
0.0000
0.0000
0.0000
0.0000
3.1958
0.0000
0.0845
0.0000
0.0293
0.0000
0.0248
0.0000
0.0000
0.0000
0.0000
3.6309
0.0000
0.0000
0.0000
0.0000
0.8096
0.0000
0.0000
0.0000
0.7483
0.0000
1.1944
2.8458
1.0195
0.8342
0.8588
0.0143
2.4208
0.0000
0.0000
0.0000
0.0000
0.0000
0.0000
0.5499
0.0000
0.0000
0.0000
0.0000
0.0000
0.0000
0.0136
0.0000
0.0000
0.0000
0.0000
0.3300
0.0000
0.0000
0.0000
4.7706
0.0000
0.9723
0.0000
0.0000
0.0000
1.7952
0.0000
0.0000
0.0000
0.0000
0.6514
0.0000
1.3286
0.7881
2.8186
0.0000
0.0000
0.0000
0.1690
1.0339
0.0000
0.9980
0.0000
0.0000
0.0000
1.1250
0.5218
0.0000
0.0000
0.0000
0.4398
0.0000
2.9196
0.0000
0.0000
0.0000
0.0000
0.0000
0.0000
0.0000
0.0000
2.3069
0.0000
0.0000
0.2333
2.3444
0.5711
0.0000
0.0000
0.0000
1.0051
0.0000
0.0000
0.4155
0.0000
0.0000
1.6957
0.6629
0.0000
0.0000
4.7187
0.2343
1.4056
1.7782
0.3963
0.0000
1.2957
0.0000
2.8429
0.0000
0.7686
0.0000
0.0000
0.0000
0.8685
3.6830
0.0000
0.0000
0.0000
0.0000
0.0000
0.0930
1.4878
0.0000
0.0000
0.0000
0.5881
1.5625
0.0000
0.0000
0.0000
1.9066
0.5421
0.8927
0.1257
0.0000
0.9464
0.0000
0.0000
0.0000
0.0000
0.0000
1.8454
0.0000
0.0000
0.4813
2.0359
1.6990
0.0000
3.6939
0.0000
0.0000
0.0000
0.0000
0.1763
0.0000
0.0000
0.0000
0.9159
1.3473
0.0000
3.4465
0.0000
0.0000
0.0000
0.0000
0.5833
2.6998
0.0000
0.0000
0.1343
0.0000
0.0000
0.0000
0.8472
0.1823
1.0869
0.0000
0.0000
0.0000
0.0000
0.0000
0.3937
0.9014
0.1869
0.5533
0.0000
0.0000
0.0000
0.0000
0.0000
0.0000
0.0000
0.0000
0.0000
1.4608
0.0000
0.0000
0.0000
1.0582
0.0000
0.0000
1.0465
0.0000
0.0000
0.0000
3.3433
0.5831
0.0000
0.0000
0.0000
0.0000
0.0000
1.3954
0.0000
0.0000
0.0000
0.0000
1.9967
0.0000
0.0000
0.0000
1.4349
0.1067
0.0000
0.0000
0.0000
0.0000
1.9468
0.0000
0.0000
0.0000
0.0000
0.0000
3.2346
0.0000
0.0000
3.3965
0.0747
0.0000
0.0000
0.0000
1.4126
0.0000
0.0000
1.7195
0.0000
0.0000
2.4398
2.6512
0.0000
0.0000
1.4457
0.0000
1.7094
0.0342
0.0000
2.7831
0.0000
0.0000
0.0000
0.0000
2.7808
0.0000
0.3613
0.0000
0.0000
0.0000
0.0000
0.0683
0.0000
0.6413
1.7637
0.0000
0.0000
0.0000
0.0000
1.2138
0.2302
0.2175
0.0000
0.0000
0.0000
0.0000
0.0000
0.0000
0.7628
0.0000
0.0000
0.0000
0.0000
0.0000
0.4340
0.0000
0.0000
0.2124
0.0000
0.4829
0.0000
0.0000
0.0000
1.8605
0.0000
0.0000
0.0000
0.0000
0.0000
0.0000
1.3087
0.0000
0.0000
0.0000
0.0000
1.3367
2.2019
0.0000
0.2340
0.0000
0.3098
1.4784
0.0000
0.0000
0.0000
3.5836
2.1818
0.0000
0.0000
0.0000
0.0000
0.0000
0.0000
0.0000
3.7581
0.3224
0.0000
0.0000
5.1627
0.0000
0.0398
0.0000
0.0000
0.0000
0.0000
3.1959
0.0000
0.0000
0.0000
0.0000
0.5897
0.0000
0.0000
0.8664
0.0322
0.0000
0.0000
0.6566
0.2979
0.0000
0.0000
0.0000
0.0000
0.0000
3.3542
0.0000
2.5667
0.0000
1.1539
2.9138
0.0000
0.8398
0.0000
2.9427
0.2129
0.0000
1.2167
0.0000
0.9050
0.7047
0.0000
0.0000
0.0000
1.2656
0.0000
0.0000
0.0000
0.7249
0.0000
0.0000
2.4230
0.0000
0.0000
0.0000
0.9459
0.8548
0.0000
0.0000
1.0205
0.0720
2.2636
0.1407
0.0000
0.4803
2.7077
0.0000
0.0000
0.1817
0.3356
3.4710
0.6385
3.0497
0.0000
2.0517
0.0000
0.0000
0.0000
0.0000
0.0000
0.0000
0.0000
0.3107
2.1888
0.0000
3.8824
0.0000
0.0000
0.7225
0.0000
0.0000
0.0000
0.0000
0.0000
2.9278
0.0000
0.0000
2.0823
0.0000
0.0000
0.0000
3.6232
2.7863
0.1882
0.0000
0.0000
0.0000
1.6135
0.0582
2.3250
0.0000
0.0000
0.0000
1.0326
0.5832
2.7778
1.2394
0.1060
0.1603
0.0000
0.0000
0.0000
0.0859
0.0000
0.0000
0.0000
0.0000
1.8676
0.6244
0.0000
0.3026
0.0000
0.0000
0.0000
2.3753
4.4875
0.0000
0.0000
1.5056
2.1529
0.0000
0.9314
0.0000
0.0000
0.0000
0.0000
0.0000
0.0000
0.0000
0.2589
0.0000
2.7827
0.0000
0.0000
0.9573
0.0000
0.0000
0.7904
0.6058
0.0000
0.0000
0.0000
1.4289
0.5616
0.4408
0.0000
0.0000
0.0000
0.0000
0.0000
0.0000
0.0000
0.2963
1.3514
0.0000
0.8880
0.0000
0.0000
0.0000
4.0647
0.0000
0.3395
0.0000
2.6988
0.0000
0.0000
0.0000
0.0000
2.6209
0.0000
0.0000
0.5970
2.5329
3.0422
2.0325
1.3852
0.0000
0.0000
2.1958
0.0000
0.0000
0.0000
0.0000
0.0000
0.0000
0.0000
0.0000
0.0000
0.0000
0.0000
0.0000
0.5136
0.0000
0.0000
0.0000
0.0000
0.0248
1.8576
0.0000
0.0000
1.3751
0.0000
2.5793
1.9596
0.4279
0.0000
0.0000
0.0000
1.4551
0.0000
0.0000
0.0000
2.1096
0.0000
0.0000
3.2925
1.1168
0.0000
2.8099
1.3537
0.0985
1.7013
0.0000
2.5787
0.2076
0.0000
0.0000
0.0000
0.0000
0.0000
0.0000
0.5304
0.3452
0.8728
0.0000
0.0000
1.1694
0.0000
0.0000
1.8004
0.0000
0.2521
0.0000
0.0000
0.1290
0.0000
