0.0000
0.0000
0.0000
0.0000
0.0340
0.0000
0.0000
0.0000
0.0000
2.7420
0.0169
0.0000
0.9625
0.0000
0.0000
0.7715
0.0000
0.0000
0.0000
0.0000
0.1142
0.0000
3.2337
1.0223
1.0892
2.7604
0.0000
0.2301
0.0000
0.0000
0.0000
0.0000
0.4479
0.0000
2.8397
0.0000
0.0000
0.0000
1.3703
0.0000
0.0000
0.0000
0.0000
0.0000
0.0000
0.0000
0.0000
0.0000
0.0000
0.0000
0.0000
0.0000
0.0000
0.0000
0.0000
0.0000
0.0000
0.0000
0.0000
0.0000
0.0000
3.1569
0.0000
1.0263
0.0000
0.0000
0.3991
0.0000
0.0000
0.0000
0.0000
2.5620
0.0000
0.0000
0.0000
1.1599
0.0000
0.0000
0.0000
0.0000
0.0000
0.0000
0.0000
0.0000
0.0000
2.3896
0.0000
3.6480
0.0000
0.0000
0.0000
0.0000
2.0160
2.3503
0.0000
0.0000
0.0000
0.0000
3.0374
0.0000
0.0000
0.0000
0.0000
0.0000
0.0000
0.0000
0.0000
0.0000
2.2653
4.7308
0.0000
0.0000
0.0000
0.5869
0.0000
0.0000
0.6752
0.0000
0.0000
0.0000
2.6793
0.0000
2.4795
0.4375
0.0000
0.0000
1.6604
2.2108
0.0000
0.0000
0.0000
0.0000
0.0000
0.0000
2.2387
0.0000
0.1676
0.5121
0.0000
2.2777
1.8083
0.0000
1.0193
0.1798
0.2791
0.0000
0.0000
0.7590
0.0000
0.0000
0.0000
2.5428
0.0000
0.0000
0.0000
0.0199
0.0000
0.0000
0.0171
0.0000
1.0531
0.0000
1.3956
0.0000
0.0000
1.9737
2.4471
0.0000
0.0000
1.7600
0.0000
0.0000
0.0000
1.2892
0.0000
0.0000
0.0000
0.0000
0.0000
3.4648
1.9834
2.7686
0.0000
0.0000
0.0000
0.0000
0.3959
0.0000
2.2243
0.9906
0.0000
0.0000
0.0000
0.0000
0.0000
0.0000
0.0000
0.0000
3.5128
1.2881
0.0000
0.0000
0.0000
0.0000
1.5309
0.0000
0.0000
0.0000
0.0000
0.0000
0.0000
0.0000
0.0000
0.0000
0.0000
0.0000
0.0000
0.0000
0.0000
0.0000
0.0000
0.0000
0.0000
0.0000
0.0000
0.0000
0.0000
0.6114
0.0000
0.0000
0.0000
0.2270
0.0000
0.0000
0.9773
0.0000
1.4748
0.0000
2.5544
0.0000
0.0000
0.0000
0.5407
0.0000
0.0000
0.0000
0.0000
0.0000
0.0000
0.0000
0.0000
0.0000
0.0000
0.0000
0.0000
0.0000
0.0000
0.0000
0.0000
0.0000
0.0000
0.0000
0.0000
0.0000
0.0000
0.0000
0.0000
0.0000
0.0000
1.0695
3.6971
0.0000
0.0000
1.7570
0.0000
0.0000
0.0000
1.1579
0.0000
0.0000
1.7842
0.0000
0.0000
0.0397
0.0000
0.9122
0.0000
0.0000
0.0000
0.0000
0.0000
0.0000
0.0000
0.0000
2.0569
0.0000
0.0000
0.0000
0.0000
1.4398
0.0000
0.0000
0.0000
0.6906
1.3058
0.0000
0.3440
0.0000
0.0000
0.0000
0.0000
0.0000
0.0000
0.0000
1.5488
0.0000
0.0000
0.0000
0.4613
0.2714
0.0000
0.4406
0.0000
0.7208
0.0000
1.5608
0.0653
0.1984
0.0000
2.9866
0.0000
0.0000
0.0000
0.0000
0.0000
2.3443
1.5560
0.0000
0.0000
3.4885
0.0000
0.0000
0.0000
0.0000
0.0000
3.0673
0.0000
0.0000
0.0000
0.0000
0.0000
4.5004
0.0000
0.0000
0.8926
0.0000
0.0000
0.0000
1.8080
0.0000
0.0000
0.0000
0.0000
0.0000
0.0000
1.8779
0.0000
0.0000
0.0000
0.0000
0.0000
1.8552
0.0000
0.0000
0.0000
0.0000
0.0000
0.9915
0.0000
0.0000
3.6306
0.0000
0.0000
0.0000
0.0000
0.0000
0.0000
0.0000
0.0000
0.0000
3.6277
0.0000
0.0000
0.0000
0.0000
1.4845
0.0000
0.0000
0.0000
0.0000
0.0000
1.0116
0.0000
0.0000
0.0000
0.0000
0.0000
0.0000
1.1218
0.0000
0.0000
0.0000
0.0000
1.0517
0.0000
0.0580
0.0000
0.0000
0.0000
0.0000
0.0000
0.0027
0.3804
0.0000
0.0000
0.0000
0.0000
0.1017
0.0000
0.6830
0.0000
0.0000
0.0000
0.5006
0.0000
0.0000
0.0000
0.0000
1.5323
0.0000
1.1969
0.6009
0.0000
0.0000
2.7114
0.5692
0.0000
0.1370
4.6511
2.2210
0.2712
0.0000
0.0000
0.0000
0.0000
0.0857
0.0000
0.5578
0.0000
0.0000
0.0000
0.0000
1.0671
0.0000
0.0000
0.0000
0.0000
0.0000
0.0000
0.0000
0.0000
0.9461
0.2609
0.0000
0.0000
3.3701
2.9435
0.0000
0.0000
0.0000
0.0000
0.0000
0.0000
1.6366
1.6498
0.0000
0.0000
0.6607
0.0000
1.5621
0.0000
0.0000
0.0000
0.0000
0.0000
0.0000
0.0000
0.0000
0.6574
0.0000
0.0000
0.0000
1.8319
0.0000
0.3297
0.0000
0.0000
0.0000
0.0000
2.2150
1.2169
2.9559
0.0000
0.0000
0.0000
0.0000
0.0000
0.0000
4.1732
0.0000
0.4276
2.1206
0.0000
0.0970
1.5402
0.0000
0.4504
0.0000
0.0000
0.0000
0.2744
0.3047
0.0000
0.0000
1.8863
2.1126
0.0000
0.0000
0.2217
0.0000
0.0000
0.0000
0.0000
0.0000
0.0000
0.0000
0.0000
0.0000
0.0000
0.0000
0.0000
0.0000
0.0000
0.0000
0.0000
0.0000
0.0000
0.0000
0.0000
0.0000
0.1549
0.9018
0.0000
0.0000
0.6745
0.6772
0.0000
0.0000
0.0000
0.0000
0.0000
0.0000
0.0000
0.0000
0.0000
0.0000
0.0000
0.0000
0.0000
0.0000
0.0000
0.0000
0.0000
0.0000
0.0000
0.0000
0.0000
0.0000
2.5589
0.0000
0.4994
0.0000
0.0000
0.0000
0.0000
0.0000
0.0000
0.0000
3.0715
0.0507
0.0000
3.0787
0.0000
0.0000
0.0000
0.0000
0.4209
0.0000
0.0000
0.3366
0.0000
0.0000
0.0000
2.5376
0.0000
0.0000
0.6993
0.0000
0.0000
0.0000
1.3765
0.0000
0.3580
0.1804
0.0000
0.9329
0.0000
0.0000
0.0000
0.0000
0.0000
0.0000
0.0000
0.0000
1.9557
3.6649
0.0000
2.3812
0.0000
0.0000
0.0000
0.0000
0.0000
0.0000
0.0000
0.0000
0.0000
1.3390
0.0000
0.0000
0.0000
2.9039
3.7595
0.0000
0.0000
0.0000
0.0000
0.0000
0.0000
0.0195
0.0000
1.3520
0.0000
0.0000
0.0000
0.0000
0.0000
0.0000
0.0000
0.0000
0.0000
0.0000
0.0000
0.0000
0.0000
0.2252
0.9073
0.0000
0.0000
0.0000
0.0000
0.0000
0.0000
0.0000
0.0000
0.7221
0.0000
0.0000
0.3747
1.4602
1.3050
0.0000
2.7005
0.0000
0.0000
0.0000
0.0000
0.0000
0.7166
0.0000
3.1436
0.0000
0.0000
0.7564
0.0740
0.2587
0.0000
0.0000
0.6784
1.1327
0.0000
3.4441
0.0000
0.0000
0.0000
0.0000
0.0000
0.0000
0.0000
0.0000
0.0000
0.0000
1.4268
0.1105
0.0000
0.0000
0.2827
0.0000
1.8397
0.2063
0.0000
0.0000
0.0000
0.0000
0.0000
0.0000
0.0000
0.2723
0.0000
1.2324
0.0000
0.0000
0.0000
0.6615
0.0000
0.0000
0.5372
0.0000
0.8826
0.0000
0.0000
0.0000
0.0000
0.0000
0.0000
0.0000
0.0000
0.0000
0.0000
0.0000
0.8908
0.0000
3.5097
0.0000
0.2848
0.8100
0.0000
0.0000
0.0000
0.0000
0.8525
0.0000
0.0000
0.0000
0.0000
0.0000
0.0000
0.0000
1.6281
0.0000
0.0000
0.0000
0.0000
0.0000
0.0000
0.0000
0.8409
0.0000
0.0000
0.0000
0.0000
0.0000
1.2581
0.8144
0.0000
0.0000
0.0000
0.0000
0.8280
0.0000
0.0000
1.3940
1.6695
0.0000
0.0000
0.0000
0.0000
0.0000
0.0000
0.0000
0.8566
0.0000
0.0000
1.2178
0.0000
0.0000
1.7259
0.0000
0.0079
1.4259
0.8600
0.0000
0.7088
0.0000
0.0000
0.0000
0.0000
0.0000
0.0000
0.0000
0.4143
0.0000
0.0000
0.0000
0.0000
0.0000
0.2722
1.1004
0.0000
0.0000
0.0000
0.0000
0.0000
0.0000
0.0000
0.0000
0.0000
0.0000
0.6721
0.0000
0.0000
0.0000
0.0000
0.0000
0.0000
0.0000
0.0000
0.0000
0.0000
0.0000
0.0000
0.0000
0.0000
1.2996
0.0000
0.0000
0.0000
0.0000
0.0000
0.0000
0.0000
0.0000
1.7904
0.0000
0.0000
1.1562
0.0000
2.3188
0.0000
0.0000
0.0000
0.0000
0.0000
0.0000
0.0000
0.0000
0.0000
0.0000
0.0000
0.0000
0.9330
0.0000
0.0000
0.0000
0.0000
0.0000
0.0000
1.4625
0.4355
0.0000
0.0000
0.0000
0.0000
0.0000
0.0000
0.0000
0.0000
0.0000
0.0000
0.7998
0.0000
0.0000
2.3160
0.0000
0.0000
0.0000
0.0000
0.0000
0.0000
0.0000
0.0000
0.0000
2.1436
0.0000
0.0000
2.6344
3.1330
0.0000
0.0000
0.0000
0.0000
0.7716
0.0000
0.0000
0.0000
0.6486
0.0000
0.0000
0.0000
0.0000
0.0000
0.0000
0.0000
0.0000
0.6098
1.6481
0.0000
0.7682
0.0000
5.6889
0.0000
0.0293
0.0000
0.0000
0.0000
0.0000
2.6138
0.0000
0.0000
0.0000
0.0000
0.9439
0.0000
0.7175
1.0829
0.0000
0.0000
0.4938
0.0000
0.0000
0.6785
0.0000
0.0000
0.0000
0.0000
0.0000
2.9190
0.0000
0.9025
0.0000
0.0000
0.0568
0.0000
1.3404
1.3043
2.0290
0.9771
0.0000
0.0000
0.0000
1.0237
0.0000
0.0000
0.0000
0.0000
1.4136
0.0000
0.0000
0.0000
4.6702
0.0000
0.0000
0.0000
0.0000
0.0000
0.6239
0.0000
0.0000
0.0000
2.9389
0.0000
0.0000
0.0000
4.7193
0.0000
0.0000
0.5289
1.4876
0.0000
0.4695
0.0000
0.9383
0.3983
0.0000
0.0000
0.8937
2.3465
0.0000
0.0000
1.3295
1.6953
1.9318
1.4968
0.0000
1.3167
0.0000
0.0000
0.0000
0.0000
0.0000
0.0000
0.6894
0.0000
0.0000
0.0000
0.0000
1.4635
0.0000
0.0000
0.0000
0.0000
0.0000
0.0000
0.0000
0.0000
0.0000
0.0000
0.0000
0.0000
0.0000
1.1219
0.0000
1.0194
0.0000
1.8863
1.9563
0.0000
0.0000
0.0000
0.0000
0.0114
0.0000
0.0000
0.0000
0.0000
0.0000
1.3328
0.0000
0.0000
0.0000
0.0000
0.0000
0.0000
0.0000
0.0000
2.2425
0.0000
1.5891
0.0000
0.0000
0.0000
1.5784
0.0000
0.0000
0.8329
0.0000
0.0000
1.0552
0.0000
1.3088
0.0000
0.0000
0.0000
0.0000
1.1591
0.0000
0.0000
0.0000
0.0000
1.7985
0.0000
0.7810
3.3266
0.5976
0.0000
0.0000
0.0000
0.0000
0.0000
0.0000
0.0000
0.0211
0.0000
0.0000
0.9639
0.0000
0.8747
0.0000
0.0000
0.0000
0.0000
0.0000
0.0000
0.0000
0.0000
0.0000
0.0000
0.0000
0.0000
0.0000
0.0000
0.0000
0.0000
0.0000
1.0322
0.3644
5.4303
0.0000
0.0000
0.8188
0.0000
0.6482
0.7123
0.0000
0.0000
0.3154
0.5055
0.0000
0.0000
0.0000
0.0000
0.0000
0.0000
0.0000
0.0000
0.0000
0.5726
0.0000
0.0000
0.0000
2.2803
0.6241
0.0000
1.1021
3.0826
3.7500
0.0000
0.0000
0.0000
0.0000
0.0000
0.0000
0.0000
0.0000
0.0000
0.0000
0.0000
0.0000
3.1714
0.0000
3.0942
0.0000
0.0000
0.0000
1.2531
0.0000
0.0000
0.0000
0.0000
0.0000
2.9154
2.1221
0.0000
0.0000
0.0000
0.0000
0.0000
0.0000
0.0000
0.0000
3.1761
0.9448
0.6242
0.0000
0.0000
0.0000
0.0000
0.0000
0.0000
0.0000
0.0000
0.0000
0.0000
3.5860
0.0000
0.0000
0.0000
0.0000
0.0000
0.0000
0.0000
0.0000
0.0000
0.0000
0.0000
0.0000
0.0000
0.0000
0.0000
0.0000
0.0000
0.0000
0.0000
0.0000
0.0000
0.3956
0.0000
0.0000
3.2445
0.0000
0.0000
0.0000
2.8728
0.0000
0.0000
0.0000
0.0000
1.8371
0.0000
0.0000
0.0000
0.0000
0.0000
1.9401
0.0000
0.0000
0.0000
0.0000
0.0000
0.0000
0.0000
0.0000
2.3799
0.0000
0.0000
0.2201
0.0005
0.0000
0.0000
2.7750
0.0000
0.0000
0.0000
0.0000
0.0000
0.0000
1.6100
0.0000
0.0000
0.0000
0.0000
0.8932
2.0198
0.0000
0.0000
0.0000
1.8343
0.0000
0.0000
0.0000
0.1986
0.0000
1.7663
0.0000
0.0000
1.2180
0.0000
0.0000
0.0000
0.0000
0.0000
0.0000
0.0000
0.0000
0.0000
0.0000
0.0000
0.0000
1.1881
0.3340
0.0000
0.0000
0.0000
0.0000
1.1926
0.3085
0.0000
0.0000
0.0000
0.0000
0.0000
0.0000
0.0000
1.3101
0.4425
0.8707
0.0000
1.2769
0.0000
0.4163
0.0000
0.0000
0.0000
0.0000
0.0000
0.0000
0.0000
0.0000
0.0000
0.0000
0.0000
0.8473
0.0000
0.0000
0.0000
0.3721
0.0000
1.9253
0.0000
1.8911
0.0000
0.0000
0.0000
0.2240
0.0000
0.0000
0.0000
0.0000
3.2670
3.0586
0.0000
3.6190
0.0000
0.0000
0.0000
0.0000
0.0000
0.0000
0.0000
0.0000
0.0000
0.0000
0.0203
1.9083
0.7735
0.0000
0.0000
0.0000
0.0000
0.0000
0.0000
0.0000
2.8995
0.0000
0.0000
1.8959
0.0000
3.9202
1.1739
4.5023
0.0000
1.1873
0.0000
0.0000
0.1293
0.0000
0.0000
2.3676
0.0000
0.0000
0.0000
0.0000
0.6082
0.0000
0.0000
0.0000
0.0000
1.6216
0.8805
0.0000
0.0000
0.2824
0.0000
0.0000
0.5494
2.0086
0.0000
1.3581
0.0000
0.0000
0.7086
2.0647
0.0000
0.0000
0.0000
0.0000
0.0000
0.0000
0.0000
0.0000
0.0000
0.0000
0.0000
0.0000
0.0000
0.0000
0.0000
1.7770
0.0000
4.2984
0.0000
0.0000
0.0000
0.0000
0.0000
0.0000
0.0000
0.0000
0.0000
0.0000
0.0000
0.0000
1.1761
2.2806
0.0000
0.0000
0.0000
1.0831
0.0000
0.0000
0.0000
0.0000
0.0000
0.0000
0.0000
0.0000
1.4183
0.0000
0.6039
0.0000
0.0000
0.0000
0.0000
0.0000
0.0000
0.4727
2.3575
1.9367
0.0000
0.0000
0.0000
0.0000
0.0000
0.2055
0.0000
0.0000
0.0000
0.0000
0.0000
0.0000
0.0000
0.0000
0.4927
0.0000
0.0000
0.0000
0.0000
0.0000
0.0000
2.5619
0.0000
0.0000
2.9510
1.8652
0.4995
0.0000
1.1438
0.0000
0.0000
2.8763
2.0140
0.1995
0.0000
0.0000
0.0000
1.4546
0.0000
0.0000
1.3830
2.1935
0.0000
0.0000
0.0000
0.0000
0.0000
0.0000
0.0000
0.0000
0.0417
2.1602
0.0000
0.0000
0.0000
0.0000
0.0000
0.0000
0.0000
1.1280
0.0000
0.0000
0.0000
0.0403
0.0000
0.0000
0.0000
0.0000
1.2806
0.0000
0.0000
0.0000
0.0000
1.5558
0.0000
0.7919
0.0000
0.0000
0.0000
0.7335
0.0000
0.9281
0.0000
0.0000
0.0000
0.0000
0.0000
2.9054
0.0000
0.0000
0.0000
0.0000
0.0000
0.0000
0.0000
0.0000
0.2761
0.0000
0.0000
0.0000
0.0000
0.0000
0.0000
0.4432
0.0000
0.0000
3.5595
0.0825
0.0000
0.0000
0.0000
4.7351
0.0320
0.3211
0.2105
2.1436
0.0000
2.2906
0.0000
0.0000
0.0000
0.0000
0.0000
0.0000
0.0000
0.0000
0.0000
1.3707
0.0000
0.0076
0.1366
1.8602
0.0503
0.0000
3.5054
0.8338
0.0000
0.0000
0.0000
0.0000
0.0000
0.0000
0.0000
0.7128
0.6251
0.0000
0.7374
0.0000
0.0409
0.0000
0.0000
0.0000
0.0000
0.0000
0.5011
0.0000
0.0000
0.0329
1.2344
0.0000
0.0000
1.0885
0.0000
0.0000
0.0000
0.0000
0.0000
0.0000
0.0000
0.4317
1.3337
0.0000
1.0096
0.0000
0.0000
0.0000
0.0000
0.0000
2.1296
0.0000
0.0000
0.0000
0.0000
0.0000
0.0000
0.0000
3.0163
0.0000
2.4242
0.0000
0.0000
0.3427
0.0000
0.3657
0.0000
0.0000
0.0000
0.0000
0.0000
0.0000
0.6379
0.0000
0.0000
0.0000
0.0000
0.0000
0.0000
0.0000
0.0000
0.0000
0.1816
0.0000
0.0000
0.4475
0.0000
1.0033
0.0000
0.0000
0.0000
0.9677
0.0000
2.3336
0.0000
0.0000
0.0000
0.0000
0.0000
1.9937
1.0721
1.1559
0.0000
0.0000
0.0000
1.9685
0.0000
0.4119
0.0000
0.0000
0.0000
0.0000
0.0000
0.0000
0.0000
0.0000
0.0000
0.0000
0.0000
1.7901
0.0000
4.3014
0.0000
0.5149
0.0000
0.0000
0.0000
0.0000
0.0000
1.5995
0.3227
2.2478
3.8237
0.0000
0.0000
0.6475
0.8005
0.0000
0.1028
1.5633
1.1327
0.0000
0.0000
0.7568
0.0000
0.0000
0.0000
0.0000
0.0000
0.2575
0.0000
0.0000
0.0000
0.0000
0.0000
0.0000
0.0000
0.0000
4.5119
0.0000
0.0000
2.9338
0.0000
2.1611
0.0000
0.0000
0.0000
0.0000
0.0000
0.0000
0.0000
0.0000
0.0000
0.0000
2.8022
0.0000
2.5899
0.0000
0.0000
0.0000
0.0000
0.0000
0.0000
0.0000
0.0000
3.0458
0.0000
0.0000
2.4431
0.0000
0.0000
1.8372
0.0000
0.0000
0.0000
0.0000
0.0840
0.0000
0.0000
0.0000
0.0000
0.5046
0.0000
0.0000
0.0000
0.7716
0.0000
0.0000
0.0000
0.0000
3.2022
0.0000
5.7847
1.4934
0.0000
0.0000
0.0000
0.0000
0.0000
0.0000
0.0000
0.0000
0.0000
0.0000
0.0000
0.0000
0.0000
0.0000
0.0000
0.0000
0.0000
0.0000
0.0000
0.0000
2.5173
0.0000
0.3848
0.0000
0.0000
2.7507
0.0000
0.0000
0.0000
0.0000
0.7812
0.0000
0.0000
0.0000
0.0000
1.7049
0.0000
1.5435
0.0000
0.0000
0.0000
0.0000
0.0000
0.0000
0.0000
0.0000
0.0000
0.0000
0.3813
0.0000
0.5524
0.0000
0.1021
0.0000
0.0000
0.0000
0.0000
0.0000
0.0000
0.0000
0.0000
1.0167
0.0000
3.6390
0.0000
0.0000
0.0000
2.5042
0.0000
0.0000
0.0000
0.0000
0.0000
0.0000
1.1532
0.7788
0.0000
0.0000
0.0000
0.0000
0.0000
0.2736
1.0719
0.0000
0.0000
1.5065
0.0000
0.0000
0.0000
0.0000
1.1043
3.2645
0.0000
2.8510
0.0000
0.0000
0.9927
0.0000
5.8880
0.0000
0.4030
0.0000
0.0000
0.0000
0.0000
0.0000
0.0000
0.0000
0.0000
0.0000
0.0000
1.7787
0.0000
0.0000
0.0000
0.2787
0.0000
0.0000
0.0000
1.4600
0.0000
0.0000
1.3331
1.3862
1.5458
0.0000
1.6040
0.0000
0.0000
0.0000
0.0000
0.0000
3.5172
0.3213
0.0000
2.7617
1.9319
0.0000
0.0000
2.3423
0.2670
0.0000
0.0186
0.7484
2.3354
0.0000
0.0000
0.0000
0.0000
0.0000
0.0000
0.0000
0.0000
0.0000
0.0000
0.0000
0.0000
1.5150
0.0000
0.0000
0.0000
0.0000
0.0000
0.0000
0.0000
0.0000
1.3233
1.2704
0.0000
0.0000
0.0000
0.0000
0.0000
1.2245
1.8109
0.0000
0.0000
0.3219
0.2301
3.2653
1.5730
0.0000
0.0000
0.0000
0.0000
0.0000
2.6784
0.0000
0.0000
0.0000
0.0000
0.0000
0.0000
0.0000
0.0000
0.0000
0.0000
0.0000
0.0000
1.7239
0.0000
0.0000
0.0000
0.2842
0.0000
0.3834
0.0000
0.0000
0.0000
0.0000
0.0000
1.3109
0.0000
0.0000
0.0000
0.9961
0.0000
0.0000
0.0000
0.0000
0.0000
0.0000
0.0000
0.0000
0.0000
0.0000
0.0000
0.0000
0.0000
0.0000
2.7943
0.0000
0.0000
0.0000
0.0000
0.0000
0.0000
0.0000
0.8138
0.0000
0.0000
0.0000
0.0000
0.0000
0.0000
0.0000
0.0000
0.0000
0.0000
1.1100
0.0000
1.1763
0.0000
1.0009
0.0000
0.0000
0.8495
0.0000
0.0000
0.0000
0.0000
1.6269
0.0000
0.0000
0.0000
0.0000
0.1347
2.2726
0.0000
0.4418
0.0000
0.0000
0.1730
0.0000
0.0000
0.0000
0.0000
1.6847
0.0000
0.0000
0.0000
1.2765
0.0000
3.0729
0.0000
0.0000
0.0000
0.0000
0.0000
1.4271
0.0000
0.6161
0.7234
0.0000
1.5118
0.0000
0.2139
0.0000
0.0000
1.6695
0.0000
0.0000
0.0000
0.0000
0.0008
0.0000
0.0000
0.0000
0.0000
0.0000
0.0000
0.0000
0.0000
0.3768
0.7503
1.9287
2.1012
0.0000
0.0000
0.1935
1.1268
0.0000
0.0000
0.0000
0.0000
2.3213
0.9759
0.6851
0.0000
0.0000
0.0000
0.3632
0.0000
0.0000
0.0000
0.0000
0.0000
0.0000
0.0000
0.0000
0.0000
0.0000
0.0000
0.0000
1.5235
0.0660
0.0000
0.4528
0.0000
0.0000
2.1086
0.0000
1.5607
0.0000
1.4005
0.0000
0.0000
0.0000
0.0000
0.0000
0.0000
0.0000
0.0000
0.0000
0.0000
0.0000
0.0000
0.0000
0.0000
0.0000
0.0000
0.0000
0.0000
0.0000
0.0000
0.0000
0.0000
0.0000
0.0000
0.0000
0.0000
0.0000
3.8703
0.0000
0.0000
0.0000
0.0000
0.0000
0.0000
2.7816
0.0000
0.0000
0.0000
2.1171
0.7863
0.0000
0.0000
0.0000
0.0000
2.1949
0.0000
0.0000
0.0000
0.0000
0.0000
3.7065
0.0000
0.0000
0.5252
0.0000
0.0000
0.0000
0.0000
0.0000
0.0000
0.0000
0.5273
0.0000
0.0000
0.0000
0.0000
0.0000
0.0000
0.0000
0.0000
0.0000
0.0000
0.0000
2.2109
0.0000
0.0000
0.0000
0.0000
0.0000
0.7200
0.0000
0.0000
3.7123
0.0000
0.0000
2.2002
0.0000
3.0190
0.0000
0.0000
0.0000
0.0000
0.0000
0.0000
0.3562
0.0000
0.0000
0.4441
0.0000
0.0000
0.0000
0.0000
0.0000
0.0000
1.9725
0.0000
0.0000
0.0000
0.0000
0.0000
0.0000
0.0000
0.0000
0.0000
0.0000
0.0000
0.0000
0.6895
0.7862
0.0000
0.0000
3.0231
0.0000
0.0000
0.3776
0.6650
0.0000
0.0000
0.0000
0.0000
0.0000
0.0000
0.0000
0.0000
0.0000
2.3969
7.0734
0.0000
0.0000
1.4865
0.0000
0.0000
0.0000
0.0000
0.0000
0.0000
0.0000
0.0000
0.0000
0.0000
0.0000
0.0000
0.0000
0.0000
0.0000
0.0000
0.0000
0.0000
0.6422
0.0000
1.2655
0.2884
0.0000
1.5077
0.0000
0.0000
0.0098
0.0000
0.0089
1.7414
0.0498
0.0000
0.0000
3.3595
0.0000
0.7374
0.0000
1.6327
0.0000
0.0000
0.5279
0.0000
0.0000
0.0000
0.1819
0.0000
0.4420
0.6334
0.0000
5.0424
0.0000
0.3306
0.0000
0.3514
0.0599
0.0000
0.0000
0.4108
0.0000
0.0000
0.0000
0.0339
0.0000
1.9575
0.0000
0.0000
2.5155
0.1472
0.0000
0.0000
0.0000
0.0000
0.0000
0.0000
0.0000
0.0000
0.0000
0.0000
0.0000
0.1413
2.8729
0.2497
0.0000
1.7720
0.0000
0.0000
0.0000
0.0000
0.0000
0.0000
0.8452
0.0000
0.0000
0.0000
0.0000
0.0000
0.3361
0.4267
0.0000
0.0000
0.0000
0.0000
0.0000
0.0000
0.0000
0.8768
0.0000
0.0000
0.0000
0.0000
0.0000
0.0000
1.8223
0.0000
1.1979
0.0000
0.0000
0.0000
1.0070
1.3855
0.0000
0.0000
0.2227
0.3553
0.0000
0.0000
0.0000
0.0000
0.0000
0.0000
0.0000
4.5179
3.0433
0.0000
0.0000
0.0000
2.7875
0.8192
0.0000
0.0000
1.1373
0.0000
0.0000
0.0000
0.0000
0.0000
0.0000
0.0000
0.0000
0.0000
0.0000
0.0000
0.0000
0.0000
0.0000
1.6877
0.0000
0.2288
0.0000
0.0000
0.0399
0.0000
0.0000
0.0000
0.0000
1.9715
0.0000
0.0000
0.0000
1.8558
0.0000
0.5007
0.0000
0.0000
1.5546
0.0000
1.2210
2.8434
0.0000
0.0000
0.0000
0.0000
0.0000
0.0000
0.0000
0.0000
0.0000
0.0000
0.8481
0.0000
0.0000
0.0000
0.0000
0.0858
0.0000
0.0000
0.0000
0.0000
0.0000
0.0000
0.0000
0.0000
0.0000
0.0000
0.0000
0.0000
1.3292
0.0000
0.0000
0.0000
0.0000
0.0000
0.0000
0.0000
0.0000
0.0000
3.3413
0.0000
0.0000
0.1735
0.0000
0.0000
0.0000
0.1108
1.0973
0.0000
0.0000
0.0000
0.0000
0.0000
0.0000
0.0000
0.0000
0.0000
2.2100
0.0000
0.0000
2.2994
0.0000
2.5598
0.9713
0.0000
0.3410
0.0000
0.0000
1.7158
0.7911
1.2791
2.6229
0.0000
6.2616
0.0000
0.0000
0.0000
0.0000
1.3359
0.0000
4.8163
0.0000
0.0000
0.0000
0.0000
0.0000
1.8112
0.0000
0.0000
0.0000
0.0000
0.0000
0.0000
0.9149
0.0000
0.0000
0.0000
0.0000
0.0000
0.0000
0.0000
0.0000
0.0000
0.0000
0.0000
0.0000
0.0000
0.0000
0.0000
0.0000
3.3020
0.1302
5.9113
0.0000
0.8094
3.9156
2.6907
0.0000
0.0000
0.0000
0.0000
0.0000
0.3026
0.0000
0.0000
4.0490
0.0000
0.0000
0.0000
0.4688
0.4609
0.0000
0.0000
1.8381
0.0000
0.0000
0.0000
0.9738
1.3613
0.0000
0.6254
0.0000
0.0000
0.8278
0.0000
1.0133
0.0000
0.0000
2.5042
0.0000
0.6084
0.0000
0.0000
0.0000
2.5853
0.0000
0.0000
0.0000
0.0000
0.0000
0.6492
0.0000
0.0000
0.0000
0.8925
0.0000
0.0000
0.0000
0.0000
0.0000
0.0000
0.8265
0.0000
0.0000
0.0000
0.0000
0.0000
0.0000
0.0000
0.0000
0.0000
0.0000
2.4692
0.0000
0.0000
0.0000
0.0000
0.0000
0.0000
0.4707
1.2190
0.8197
1.0639
0.0000
0.0000
1.3918
0.0000
0.0000
0.0000
0.0000
0.7154
0.0000
0.8841
0.0000
0.0000
4.5161
0.0000
0.0000
0.0536
0.0000
0.0000
0.0000
1.0903
0.0000
0.0000
0.0000
0.0000
1.1941
1.4466
0.0000
0.0000
0.3299
1.2921
0.0000
2.0193
1.7942
0.0000
0.0000
0.4061
0.0000
0.0452
0.0000
1.0950
0.0000
0.7274
0.1146
0.0000
2.2954
0.0000
0.0000
0.0000
0.0000
0.1815
0.0000
0.0000
0.7833
0.0000
0.0000
2.4063
0.0000
0.0000
0.0000
0.1068
0.0000
0.0000
0.0000
0.0000
0.0000
0.4272
0.0000
0.0000
0.0000
0.0000
0.0000
0.0000
1.0696
0.0000
0.0000
0.0000
0.0000
1.2456
0.0284
0.7642
0.0000
0.0000
0.0000
0.0000
1.8553
1.9397
0.0000
0.0000
0.0000
0.0000
0.0000
0.0000
0.3538
2.7986
0.0000
0.0000
0.0000
0.0000
1.5158
0.0000
0.0000
0.0000
0.0000
0.0000
0.0000
0.0000
0.0000
0.0000
0.0000
0.0000
0.4985
0.0000
3.8495
0.0000
0.0000
0.7719
0.0000
0.0000
0.0000
0.0000
0.0000
0.0000
0.0000
6.4994
1.4458
0.0000
0.0000
0.0000
0.0000
0.0000
0.0000
3.5045
0.7194
0.0000
1.2973
1.9464
0.1865
0.0000
0.0000
0.0000
0.0000
0.0000
0.0000
0.0000
0.0000
0.0000
8.0505
0.0000
0.2949
0.0000
0.0000
0.0000
0.0000
0.0000
0.0000
0.3782
0.0000
0.7028
0.0000
0.0000
0.0000
0.0000
0.0488
0.0000
0.0526
0.0000
0.2181
0.0000
1.6650
0.0000
0.0000
0.3570
0.6452
0.0000
0.0000
0.0000
0.8706
0.0000
2.5414
2.8032
0.0000
0.0000
0.0000
0.0000
0.0000
0.0000
0.0000
0.2033
0.0000
0.0000
0.0000
0.0000
0.0000
0.0000
0.0000
0.0000
0.3858
0.0000
0.8047
0.4083
0.0000
1.7075
0.0000
0.0000
0.0000
0.0000
0.0000
0.0000
1.3387
2.4527
0.0905
0.0000
0.0000
1.1803
0.0752
1.1366
0.0000
0.0000
0.0000
2.1638
0.0000
0.0000
0.0000
0.0000
0.0000
0.0000
0.0000
0.0000
0.0000
0.0000
0.0000
0.0000
0.7965
0.0000
0.0000
0.0000
0.0000
0.0000
1.8269
0.5911
0.3941
0.0000
2.6622
2.6303
0.0000
2.5424
0.0000
0.0000
0.8658
0.1812
0.0000
0.0000
0.0000
0.0000
0.0000
0.6064
0.0000
0.0000
0.0000
0.0000
0.0000
0.0000
0.0000
2.8763
0.0000
2.7378
0.0000
3.6415
0.0000
0.0000
1.3101
2.8242
0.9620
0.0000
0.5192
0.0000
0.0000
0.0000
0.3517
0.0000
2.0311
0.0000
0.0000
0.0000
0.0000
0.0000
0.0000
0.0000
0.0000
3.4206
0.0000
0.0000
0.0000
0.9938
0.0000
0.0000
2.4956
0.0000
0.0000
0.0000
0.0000
0.0172
0.0000
0.0000
0.0000
2.2432
0.0000
1.6718
0.0000
0.0000
0.0000
0.0000
1.8558
0.0000
0.0000
0.0000
0.0000
0.0000
0.0000
2.1839
0.0000
0.0000
0.0000
0.0000
1.7313
0.0000
0.0000
0.0000
0.0000
0.0000
0.3593
0.0000
0.0000
0.0000
4.1093
0.0000
0.0000
1.5976
0.0000
0.0000
0.2226
0.6510
0.0000
0.0000
0.0000
0.1984
0.0000
0.0000
0.7139
0.0000
0.0000
0.0000
1.3895
2.0458
0.0000
0.0000
0.0000
0.0000
0.0000
1.0905
0.0000
0.0000
0.0000
0.0000
0.0000
0.0000
0.0000
0.0000
0.0000
0.0000
0.0000
0.0000
0.2141
0.0000
0.0000
1.3128
0.0000
0.0000
0.0000
2.1298
0.0000
0.0000
0.0000
6.3845
0.0000
0.5454
0.8606
2.2598
0.0000
0.0000
0.0000
0.0000
0.0000
0.0000
0.0000
0.0748
1.4284
0.0000
0.0000
0.0000
0.0000
0.0000
0.0000
0.0000
0.0000
0.0000
0.0000
0.0000
0.0000
0.0000
2.4205
0.0000
0.0000
0.0000
4.6065
0.0000
0.4472
0.0000
0.3558
0.0000
0.0000
0.0000
0.0000
0.0000
0.0000
0.0000
0.0000
0.6548
0.0000
0.0000
0.0000
0.0000
0.0000
0.0000
0.0000
0.0000
0.0000
0.0000
0.0000
0.0000
0.0000
0.0000
0.0000
1.5063
0.0000
0.0000
0.0000
0.0000
0.0000
2.0910
0.0000
0.0000
0.9504
0.0000
3.7418
0.0000
0.0000
0.6717
0.0000
0.0000
0.0000
0.0000
0.0000
2.0491
0.0000
0.0000
0.0000
0.0000
0.0000
1.5116
2.4422
0.0000
0.0508
0.0000
0.0000
0.0000
0.9282
0.3525
1.8005
0.0000
0.0000
0.0000
0.0000
0.1573
0.0000
4.0716
0.0000
0.6042
0.1908
0.0000
0.0000
0.0000
0.0000
0.0000
0.0000
0.0000
0.6887
0.0000
0.0000
0.0000
0.0000
0.0000
0.2912
0.0000
0.0000
0.0000
1.7183
0.0000
1.1293
0.0000
0.4992
0.0000
2.1592
0.8897
1.1030
0.0000
1.5585
0.0000
0.0000
0.0000
0.0000
0.0000
0.0000
0.0000
0.0000
0.0000
2.4738
0.0000
0.0000
0.0000
0.0000
0.0000
0.2018
0.0000
0.0000
0.0000
0.0000
0.0000
0.0000
0.0000
0.0000
0.0000
4.0147
0.0000
0.0000
0.0000
0.0000
0.0000
0.2330
1.2135
0.0000
0.0000
0.0000
1.1838
0.0000
0.0000
0.4206
0.0000
0.0000
0.0000
0.0000
0.0000
0.0000
0.0000
0.0000
0.0000
0.0000
0.0000
0.0000
0.0000
0.0000
0.0000
0.0000
0.0000
0.0000
0.0000
0.0000
0.0000
0.0000
0.6164
0.0000
3.5420
0.0000
0.0000
0.0000
0.0000
0.0000
0.3905
0.0000
0.0000
0.0000
0.0000
0.0000
0.0000
0.1173
0.0000
0.0000
0.0000
0.0000
0.3494
0.5336
0.0000
1.1119
0.0000
0.0000
1.5891
0.0000
0.0000
0.0000
0.0000
2.4197
0.7118
0.0000
0.0000
1.4353
0.1714
0.6017
0.0000
0.0000
0.0000
0.0000
0.3400
0.0000
0.0000
2.5201
0.0000
2.2239
0.0000
0.0000
0.0000
1.3285
0.2916
0.1114
0.0000
2.8880
1.2845
0.0000
0.0000
0.7842
0.0000
0.0000
0.0000
0.1061
0.0000
0.0000
0.0000
0.0000
1.5393
0.0000
0.7550
2.6453
0.8592
0.0000
0.0000
0.0000
1.6384
1.5122
0.0000
0.0000
0.0000
0.0000
0.0000
0.0000
5.0024
1.3241
0.0000
0.0000
0.0000
0.0000
1.2865
0.1147
0.0938
1.2599
0.0000
0.0000
0.0000
0.0000
0.0000
4.8733
0.0000
0.0000
0.0000
0.0000
3.7324
1.9927
0.0000
0.0000
0.0000
0.0000
0.0000
2.1167
0.0000
0.0000
3.3412
0.0000
0.0000
0.0000
0.0000
0.0000
0.0000
2.9225
0.0000
0.0000
0.0000
0.9950
1.5095
0.0000
0.0000
0.0000
0.0000
0.0000
0.0000
3.3012
0.0000
2.2093
0.0000
0.0000
0.7157
0.0000
0.0000
0.0000
0.0000
0.9819
0.0000
3.7564
0.0000
0.0000
0.0000
0.0000
0.0000
0.0000
0.0000
0.0000
0.5986
0.0000
0.9319
0.0000
0.0000
0.0000
0.0000
1.1502
6.2460
0.0000
0.5145
0.0000
0.0000
0.0000
0.0000
0.0000
0.0000
0.0000
0.0000
1.9158
0.0000
1.2662
0.0000
0.4713
0.0000
0.0000
0.0000
0.0000
1.1613
2.7080
0.0000
0.0000
0.0000
0.0000
0.0000
0.0000
0.0000
3.8619
0.0000
0.0923
0.0000
0.0000
0.0000
0.0000
0.0000
0.0000
0.0000
0.8499
1.3955
0.0000
0.0000
0.0000
0.0000
3.6960
0.0000
0.0000
0.0000
0.0000
0.0000
0.0000
0.0000
0.0000
0.0000
0.0000
3.1078
0.0000
0.0000
0.0000
0.0000
0.2719
0.0000
0.0000
0.0000
0.2395
0.0000
1.5214
1.7519
0.5182
1.1933
0.7643
0.0000
2.8904
0.0000
0.0000
0.0000
0.0000
0.0000
0.0000
0.0000
0.0000
0.0000
0.4846
0.0000
0.0000
0.0000
0.0000
0.0000
0.0000
0.0000
0.0000
0.0000
0.0000
0.0000
0.0000
2.9071
0.0000
0.5839
0.0000
0.0000
0.0000
1.0375
0.0000
0.0000
0.0000
0.0000
1.3778
0.0000
2.3782
0.2366
4.0924
0.0000
1.1040
0.0000
0.2099
0.0000
0.0000
0.3892
0.0000
0.0000
0.0000
1.4340
1.7699
0.0000
0.0000
0.0000
0.0000
0.0000
2.8347
0.0000
0.0000
0.0000
0.0000
0.0000
0.0000
0.0000
0.0000
2.0073
0.0000
0.0000
0.0000
1.6113
0.5138
0.0000
0.0785
0.0000
0.5999
0.0000
0.0000
0.0000
0.0000
0.0000
2.1948
0.1841
0.0000
0.0000
4.0551
1.0886
3.0129
1.4041
0.0000
0.0000
0.6201
0.0000
4.0678
0.0000
0.9593
0.0000
0.0000
0.0000
1.3086
3.0567
0.0000
0.0000
0.0000
0.0000
0.0000
0.0000
1.6198
0.0000
0.0000
0.0000
0.3293
3.1534
0.0000
0.0000
0.0000
0.8168
0.0000
1.4080
0.0000
0.0000
0.0000
0.0000
0.0000
0.0000
0.0000
0.0000
0.5669
0.0000
0.0000
0.0000
2.6906
1.4092
0.0000
3.4587
0.0000
0.0000
0.0000
0.0000
0.0000
0.0000
0.0000
0.0000
0.0000
0.5541
0.0000
2.4473
0.0000
0.0000
0.0000
0.0000
0.4656
1.8616
0.0000
0.0000
0.0000
0.0000
0.0000
0.0000
0.0000
0.0000
2.5355
0.0000
0.0000
0.0000
0.0000
0.0000
0.0000
1.9673
0.0000
0.0000
0.1381
0.0000
0.0000
0.0000
0.0000
0.0000
0.0000
0.0000
0.0000
0.0000
0.0000
0.0000
0.0000
2.5034
0.0000
0.0000
0.8219
0.0000
0.0000
0.0000
3.2901
0.0000
0.0000
0.0000
0.0000
0.6838
0.0000
1.7959
0.0000
0.0000
0.0000
0.0000
1.5636
0.0000
0.0000
0.0000
1.4059
1.1118
0.0000
0.0000
0.0000
0.0000
2.4748
0.0000
0.0000
0.0000
0.0000
0.0000
3.0219
0.0000
0.0000
3.4913
0.0000
0.0000
0.0000
0.0000
1.0336
0.0000
0.0000
0.9597
0.0000
0.0000
1.8004
3.8469
0.0359
0.0000
2.2212
0.0000
2.0915
0.0000
0.0000
0.7187
0.0000
0.0000
0.0000
0.0000
2.3306
0.0000
0.0000
0.0000
0.0000
0.0000
0.0000
0.0000
0.0000
0.0000
1.6959
0.0000
0.0000
0.0000
0.0000
1.2891
1.0535
0.0000
0.0000
0.0000
0.0000
0.0000
0.0000
0.0000
0.7577
0.0000
0.0000
0.0000
0.0000
0.0000
0.0000
0.0000
0.0000
0.2977
0.0000
0.0517
0.0000
0.0000
0.0000
0.9067
0.0000
0.0000
0.0000
0.0000
0.0000
0.0000
0.0000
0.0000
0.0000
0.0000
0.0000
0.4539
1.4184
0.0000
0.6739
0.0000
0.0000
2.2330
0.0000
0.0000
0.0000
3.0650
1.6271
0.0000
0.0000
0.0000
0.0000
0.0000
0.0000
0.0000
4.7497
0.0000
0.0000
0.0000
3.6214
0.0000
0.0000
0.0000
0.0000
0.0000
0.0000
1.9442
0.0000
0.0000
0.0000
0.0000
0.1682
0.0000
0.0000
0.4008
0.0000
0.0000
0.0000
0.0648
0.0291
0.0000
0.0000
0.0000
0.0000
0.0000
2.7756
0.0000
1.9658
0.0000
0.0000
1.8045
0.0000
0.0000
0.0000
3.4035
0.0000
0.0000
1.1337
0.0000
0.5781
0.0000
0.7223
0.0000
0.0000
1.0690
0.0000
0.0000
0.0000
0.7938
0.0000
0.0000
2.4688
0.0000
0.0000
0.0000
1.4678
0.0000
0.0000
0.0000
1.2284
0.0000
1.9902
0.0000
0.0000
0.8326
2.6407
0.0000
0.0000
1.3802
0.0000
4.1445
0.0000
3.5962
0.0000
1.0152
0.0000
0.0000
0.0000
0.0000
0.0000
0.3018
0.0000
0.6272
2.4321
0.0000
4.5841
0.6345
0.0000
0.8138
0.0000
0.0000
0.0000
0.0000
0.0000
3.5726
0.0000
0.0000
2.6113
0.0000
0.0000
0.0000
2.4634
3.4072
0.7497
0.0000
0.0000
0.0000
1.1247
0.2533
3.5772
0.0000
0.0000
0.0000
0.5047
0.0000
1.5782
0.1040
0.4417
0.0000
0.0000
0.0000
0.0000
1.4523
0.0000
0.0000
0.0000
0.0000
0.9527
0.7051
0.0000
0.0000
0.0000
0.0000
0.0000
1.2330
2.6963
0.0000
0.0000
1.1826
1.8472
0.0000
0.6628
0.0000
0.0000
0.0000
0.0000
0.0000
0.0000
0.0000
0.0000
0.0000
2.7958
0.0000
0.0000
0.2243
0.0000
0.0000
0.2225
0.2249
0.5231
0.0000
0.0000
2.9470
0.2272
1.1439
0.0000
0.0000
0.0000
0.0000
0.0000
0.0000
0.0000
1.0007
0.8026
0.0000
1.0385
0.0000
0.0000
0.0000
2.9741
0.0000
0.3246
0.0000
1.7503
0.0000
0.0000
0.0000
0.0000
1.7507
0.0000
0.1092
0.7901
1.9172
2.4105
2.7203
0.0000
0.0000
0.7895
2.5944
0.0000
0.0000
0.0000
0.0000
0.0000
0.0000
0.0000
0.0000
0.0000
0.8387
0.0000
0.0000
1.1497
0.0000
0.0000
0.0000
0.0000
0.0000
0.0000
0.0000
0.0000
0.8860
0.0000
3.2414
1.1947
0.0650
0.8403
0.0000
0.0000
2.2567
0.0000
0.0000
0.0000
2.7052
0.0000
0.0000
4.8932
0.8620
0.0000
4.0810
0.0000
0.6731
0.5011
0.0000
2.4951
1.5141
0.0000
0.0000
0.0000
0.0000
0.0000
0.0000
0.0529
1.6393
0.0000
0.0000
0.0000
1.0106
0.0000
0.0000
2.2628
0.0000
0.0000
0.0000
0.0000
0.0000
0.0000
