0.0000
0.0000
0.0000
0.0000
0.0000
0.0000
0.0000
0.0000
0.0000
2.7080
0.0000
0.0000
0.8845
0.0000
0.0000
0.0000
0.0000
0.0000
0.0000
0.0000
0.0000
0.0000
2.9301
2.1649
0.6383
0.7568
0.0000
0.0000
0.0000
0.0000
0.0000
0.0000
0.0000
0.0000
0.4318
0.0000
0.0000
0.0000
1.2074
1.1941
0.0000
0.0000
0.0000
0.0000
0.0000
0.0000
0.0000
0.0000
0.0000
0.0000
0.0000
0.0000
0.0000
0.0000
0.0000
0.0000
0.0000
0.0000
0.0000
0.0000
0.0000
1.4477
0.0000
0.0000
0.0000
0.0000
0.0000
0.0000
0.0000
0.0000
0.0262
3.4361
0.0000
0.0000
0.0000
0.5035
0.0000
0.0000
0.0000
0.0000
1.0804
0.0000
0.2741
0.0000
0.0000
1.7701
0.0000
2.2242
0.0000
0.0000
0.0000
0.0000
0.6900
1.5224
0.0000
0.0000
0.0000
0.0000
3.3188
0.0000
0.0000
0.0000
0.0000
0.0000
0.0000
0.0000
0.0000
0.0000
1.3652
3.0753
0.0000
0.0000
1.0724
0.0000
0.0000
0.0000
1.1580
0.0000
0.0000
0.0000
1.6984
0.0000
2.5671
0.0000
0.0000
0.0000
0.7287
1.3543
0.0000
0.0000
0.0000
0.0000
0.0000
0.0000
3.8687
0.0000
0.0000
0.5254
0.0000
2.7462
3.6004
0.0000
0.6041
0.8940
1.7550
0.0000
0.0801
0.5765
0.0000
0.0000
0.0000
1.8070
0.0000
0.0000
0.0000
0.6353
0.0000
0.1852
0.2508
0.0000
0.4106
0.0000
0.4927
0.0000
0.0000
1.2674
0.6863
0.0000
0.0000
1.2201
0.0000
0.0000
0.0000
1.2093
0.0000
0.0000
0.0000
0.8096
0.0000
3.5539
1.6254
3.4505
0.0000
0.0000
0.0000
0.0000
0.2716
0.0000
1.6026
0.4867
0.0000
0.0000
0.0000
0.5299
0.0000
0.0000
0.0000
0.2087
3.5075
0.0996
0.0000
0.0000
0.0000
0.0000
1.4445
0.0000
0.0000
0.0000
0.0000
0.0000
0.0000
0.0000
0.0000
0.7717
0.0000
0.0000
0.0000
0.0000
0.0000
0.0000
0.0000
0.0000
0.0000
0.0000
2.0338
0.0000
0.0000
0.5144
0.0000
0.0000
0.0000
0.0000
0.0000
0.0000
1.7000
0.0000
0.9607
0.0000
1.0652
0.0000
0.0000
0.0000
1.9288
0.0000
0.0000
0.0000
0.0000
0.0000
0.2242
0.0000
0.0000
0.0000
0.0000
0.0000
0.0000
0.0000
0.0000
0.0000
0.6386
0.0000
0.0000
0.0000
0.0000
0.0000
0.0000
0.0000
0.0000
0.0000
0.0000
0.0000
3.7003
0.0000
0.0000
1.3981
0.0276
0.0000
0.0000
0.1242
0.0000
0.0000
2.2230
0.0000
0.0000
0.2539
0.0000
2.4818
0.0000
0.0000
0.0000
0.0000
0.0000
0.0000
0.0000
0.0000
3.4943
0.0000
0.0000
0.5984
0.0000
0.4101
0.0000
0.0000
0.0000
0.0000
0.0000
0.0000
0.2326
0.0000
0.0000
0.9189
0.0000
0.0000
0.0000
0.2044
1.1615
0.0000
0.0000
0.0000
0.0000
0.3255
0.0000
0.3291
0.0000
0.9957
0.0000
0.6559
0.1411
0.0000
0.0000
2.9256
0.0000
0.0000
0.0000
0.0000
0.0000
0.6900
0.9245
0.0000
0.0000
2.4307
0.0000
0.0000
0.0000
0.0000
0.0000
4.6682
0.0000
0.0000
0.0000
0.0000
0.0000
2.7016
1.5968
0.0000
2.2220
0.0000
0.0000
0.0000
0.9429
0.0000
0.0000
0.0000
0.0000
0.0000
0.0000
2.5030
0.0000
0.0000
0.0000
0.0000
0.0000
1.4223
0.0000
0.0000
0.0986
0.8017
0.0000
0.4285
0.0000
0.0000
3.3038
0.0000
0.0000
0.0000
0.0000
0.0000
2.3032
0.0000
0.0000
0.3310
4.5624
0.0000
0.0000
0.0000
0.0000
2.4192
0.0000
0.0000
0.0000
0.9894
0.0000
0.0000
0.0000
0.0000
0.0000
0.3068
0.0000
0.0000
0.2519
0.0000
0.0000
0.0000
0.0000
0.3616
0.2876
0.4937
0.0000
0.0000
0.0000
0.0000
0.0000
0.0000
0.6939
0.0000
0.0000
0.0000
0.0000
0.0000
0.0000
0.0000
0.0000
0.0000
0.0000
0.0000
0.0000
0.0000
1.5551
0.0000
0.5395
0.0000
1.8744
0.0000
0.0000
0.0000
2.1181
0.0000
0.0000
0.2720
3.3493
1.3863
0.0000
0.0000
0.0000
0.0000
0.0000
0.0000
0.0000
0.0000
0.0000
0.0000
0.0000
0.0000
0.1381
0.0000
0.0000
0.0000
0.0000
0.0000
0.0000
0.0000
0.0000
1.8130
0.0000
0.0000
0.0000
4.0236
1.8251
0.0000
0.5829
0.0000
0.0000
0.0000
0.0000
0.3952
0.7465
0.0000
0.0000
0.0000
0.0000
0.6735
0.0000
0.0000
0.0000
0.0000
0.0000
0.0000
0.0000
0.0000
0.0000
0.0000
0.0000
0.0000
1.4722
0.0000
0.3339
0.0000
1.4907
0.0000
0.0000
1.1126
1.3151
3.1703
0.0000
0.0000
0.0000
0.0000
0.0000
0.0000
5.5429
0.0000
1.6401
2.9421
0.0000
0.9140
0.0000
0.0000
0.0000
0.0000
0.0000
0.0000
0.0000
0.0000
0.0000
0.0000
0.0000
1.7955
0.0000
0.0000
2.5117
0.0000
0.0000
0.0000
0.0000
0.0000
0.0000
0.0000
0.0000
0.0000
0.0000
0.0000
0.0000
0.0000
0.0000
0.0000
0.0000
0.0000
0.0000
0.0000
0.0000
0.0000
0.2810
0.2744
0.0000
0.0000
0.0000
0.8780
0.0000
0.0000
0.0000
0.0000
0.0000
0.0000
0.0000
0.0000
0.0000
0.0000
0.0000
0.0000
0.0000
0.0000
0.0000
0.0000
0.0000
0.0000
0.0000
0.0000
0.0000
0.9846
1.9313
0.0000
0.0000
0.0000
0.0000
0.0480
0.0000
0.0000
0.0000
0.0000
3.2119
0.4106
0.0000
2.0912
0.0000
0.0000
0.0000
0.0000
0.3929
0.0000
0.0000
0.0000
0.0969
0.0000
0.0000
2.6328
0.0000
0.0000
0.0789
0.2265
0.0000
0.0000
2.8676
0.0000
0.0000
0.0000
0.0000
0.0000
0.0000
0.0000
0.0000
0.0000
0.0000
0.0000
0.0000
0.0000
0.4053
1.6140
0.0000
1.9389
0.0000
0.0000
0.0000
0.0000
0.0000
0.0000
0.0000
0.0000
0.0000
0.0404
0.0000
0.0000
0.0000
1.9061
1.3410
0.0336
0.0000
0.0000
0.0000
0.0000
0.0000
0.0000
0.0000
2.1927
0.3237
0.0000
0.0000
0.0000
0.0000
0.0000
0.0000
0.0000
0.3392
0.0000
0.0000
0.0000
0.0000
0.0000
0.0000
0.0000
0.0000
0.0000
0.0000
1.5301
0.0000
0.0000
0.0000
0.6737
0.0000
0.0000
0.0000
0.9701
0.5718
0.0000
4.4623
0.0000
0.0000
0.0000
0.0000
0.0000
0.0000
0.0000
2.3547
0.0000
0.1984
0.4453
0.0000
0.0000
0.0000
0.0000
2.2601
0.4634
0.0000
4.3691
0.0000
0.0000
0.0000
0.0000
0.0000
0.0000
0.0000
0.0000
0.0000
0.0000
0.9456
0.2623
0.0000
0.0000
0.8479
0.0000
0.0000
0.1329
0.0000
0.0000
0.0645
1.5843
0.1802
0.0000
0.0000
0.0000
0.0000
3.0597
0.0000
0.0000
0.0000
2.9314
0.0000
0.0000
0.0000
0.3659
0.2623
0.0000
0.0000
0.0000
0.0000
0.0000
0.0000
0.0000
0.0000
0.0000
0.0000
0.0000
0.0000
0.0000
2.5266
0.0000
0.0000
0.0000
0.0000
0.5191
0.0000
0.0000
0.0000
0.0000
0.0000
0.0000
0.0000
0.0000
0.0000
0.0000
0.6674
0.0000
0.0000
0.0000
0.0000
0.0000
0.0000
0.0000
0.6953
0.0000
0.0000
0.0000
0.0000
0.0000
2.4371
1.0678
0.0000
0.0000
0.0000
0.0000
0.7916
0.0000
0.0000
0.0000
2.8253
0.0000
0.0000
0.0000
0.0000
0.0000
0.0000
0.0000
0.0000
0.0000
0.0000
0.5885
0.0000
0.0000
1.0302
0.0000
0.0000
2.9182
0.7460
0.0000
0.0000
0.0000
0.1849
0.0000
0.0000
0.0000
0.0000
0.0000
1.2441
0.0000
0.0000
0.0000
0.0000
0.0000
0.0000
1.1613
0.0000
0.0000
0.0000
0.0000
0.0000
0.0000
0.0000
0.0000
0.0000
0.0000
0.1288
0.0000
0.0000
0.0000
0.0000
0.0000
0.0000
0.7915
0.0000
0.0000
0.0000
0.0000
0.0000
0.0000
0.0000
3.6359
0.0000
0.7459
0.4606
0.0000
0.0000
0.0000
0.0000
0.0000
1.0061
0.2351
0.0000
0.0000
0.0000
0.6258
0.4645
0.0000
0.0000
0.0000
0.0000
0.0000
0.0000
0.0000
0.0000
0.0000
0.0000
0.0000
2.0561
0.0000
0.0000
0.0000
0.9251
0.0000
0.0000
2.2115
1.1770
0.0000
0.0000
0.0000
0.0000
0.0000
0.0000
0.0000
0.0000
0.0000
0.0000
1.7138
0.0000
0.0000
4.8542
0.0000
0.0000
0.0000
0.0000
0.0000
0.0000
0.0000
0.0000
0.0000
1.2227
0.0000
0.0000
3.3428
2.4497
0.0000
0.0000
0.0000
0.0000
0.0000
0.0000
0.1614
0.0725
0.0000
0.0000
0.0000
0.0000
0.0000
0.0000
1.0503
0.0000
0.0000
0.3110
2.0831
0.0000
1.0194
0.0000
5.7001
0.0000
0.5585
0.0000
0.0000
0.0000
0.0000
1.1955
0.0000
0.0000
0.0000
0.0000
0.7558
0.0000
0.4784
1.3168
0.0000
0.0000
0.3214
0.4372
0.0000
0.0000
0.0000
0.0000
0.0000
0.0000
0.0000
0.9303
0.0000
0.3866
0.0000
0.0000
0.3961
0.0000
0.0000
0.6478
2.4438
0.3656
0.0000
0.0000
0.0000
0.2000
0.0000
0.0000
0.0000
0.0000
1.1358
0.0000
0.0000
0.2284
4.8167
0.8561
0.0000
0.0000
0.6131
0.0000
0.0796
0.0000
0.0000
0.0000
3.0683
0.0000
1.2215
0.0000
5.5537
0.0000
0.0000
0.1490
2.5431
0.0000
0.0098
0.0000
2.8990
0.0384
0.0000
0.0000
0.0000
1.2932
0.0000
0.0000
0.4542
1.1095
0.5509
2.0698
0.2213
1.2535
0.0000
0.0000
0.0000
0.7366
0.0000
0.0000
0.0000
0.0000
0.0000
0.0000
0.0000
0.6804
0.0000
0.0000
0.0000
0.0000
0.0000
0.0000
0.0000
0.0000
0.0000
0.0000
0.0000
0.0000
0.0000
0.5779
0.0000
1.5081
0.0000
0.2060
2.1702
0.0000
0.0000
0.0000
0.0000
1.7190
0.0000
0.0000
0.0404
0.0000
0.0000
0.2161
0.0000
0.0000
1.0269
0.0000
0.0000
0.0000
0.0795
0.0000
0.4766
0.0000
0.0000
0.0000
0.0000
0.0000
2.4684
0.0000
0.0000
1.6631
0.0000
0.0000
1.2763
0.0000
0.8302
0.0000
0.0000
0.0000
0.0000
0.0000
0.0000
0.0000
0.0000
0.0000
1.8574
0.0000
0.5407
0.0000
0.0000
0.0000
0.0000
0.0000
0.0000
0.0000
0.0000
0.0000
0.0000
0.0000
0.0000
0.4311
0.0000
0.0736
0.0000
0.0000
0.0000
0.0000
0.0000
0.0000
0.0000
0.0000
0.0000
0.0000
0.0000
0.0000
0.0000
0.0000
0.0000
0.0000
0.0000
0.7123
0.0000
4.9239
0.0000
0.0000
0.0000
0.0000
0.0000
0.0000
0.0000
0.0000
0.0000
0.0000
0.0000
1.0044
0.2969
0.0000
0.0000
0.0000
0.0000
0.0000
0.0000
1.8786
0.0000
0.0000
0.0000
2.7417
0.0000
0.0000
0.0313
4.4079
1.5863
0.0000
0.0000
0.0000
0.0000
0.0000
0.0000
0.0000
0.0000
0.0000
0.0000
0.0000
0.0000
1.0755
0.0000
2.2937
0.0000
0.0000
0.0000
0.0000
0.0000
0.0000
0.0000
0.0000
0.0000
2.2285
3.4742
0.0000
0.0000
0.0000
0.0000
0.4364
0.0000
0.0000
0.0000
2.8164
0.7672
0.3186
0.3535
1.1006
0.0000
0.0000
0.0000
0.0000
0.0000
0.0000
0.0000
1.0807
4.4367
0.0000
0.0000
0.0000
0.0000
0.0000
0.0000
0.0000
0.0000
0.0000
0.0000
0.0000
0.0000
0.0000
0.0000
0.0000
0.0000
0.0000
0.0000
0.0000
0.0000
2.4564
0.0000
0.0000
0.0000
2.4824
0.0000
0.0000
0.0000
4.2036
0.0000
0.0000
0.0000
0.0000
2.1246
0.0000
0.0000
0.0000
0.0000
0.0000
0.0000
0.0000
0.0000
0.0000
0.0000
0.0000
0.0000
0.0000
1.8829
3.8554
0.0000
0.0000
0.0000
0.0000
0.0000
0.7675
2.3792
0.0000
0.0000
0.0000
0.0000
0.0000
0.0000
3.5870
0.0000
0.0000
0.0000
0.0000
1.4249
0.8528
0.0000
0.0000
0.0000
1.8032
0.0000
0.0000
0.0000
0.0000
0.0000
1.6127
0.0000
0.0000
0.3569
0.0000
0.0000
0.0000
0.0000
0.0000
0.0000
0.0000
0.0000
0.0000
0.0000
0.0000
0.0000
1.8230
0.0000
0.0000
0.0000
0.0000
0.0000
1.5195
1.0096
0.0000
0.0000
0.0000
0.0000
0.0000
0.0000
0.0000
0.5701
0.0505
0.9718
0.0000
1.9153
0.0000
0.7262
0.0000
0.0000
0.0000
0.0000
0.0000
0.0000
0.0000
0.0000
0.0000
0.0000
0.0000
0.0000
0.0000
0.0000
0.0000
0.0000
0.0000
0.8139
0.0000
0.1861
0.0000
0.0000
0.3234
0.4530
0.0000
0.0000
0.0000
0.0000
2.6848
3.5089
0.0000
1.7305
0.0000
0.0000
0.0000
0.0000
0.0000
0.0000
0.0000
0.0000
0.0000
0.0000
0.0000
1.4903
0.0000
0.0000
0.0000
0.3517
0.0000
0.0000
0.0000
0.0000
1.3165
0.0000
0.0000
2.6235
0.4740
1.3569
1.3266
6.3877
0.0000
0.9491
0.0000
0.0000
0.0000
0.0000
0.0000
2.1939
0.0000
0.0000
0.0000
0.0000
0.0000
0.0000
0.0000
0.0000
0.0000
1.7191
1.2777
1.3429
0.0000
1.1065
0.0000
0.0000
1.5096
0.4132
0.0000
2.8831
0.0000
0.0000
1.4773
0.0855
0.0000
0.0000
0.0000
0.0000
0.0000
0.0000
0.7368
0.0000
0.0000
0.0474
0.0000
0.0000
0.0000
0.0000
0.0000
3.4007
0.0000
3.1539
0.0000
0.0000
0.0000
0.0000
0.0000
0.0000
0.0000
0.0000
0.0000
0.0000
0.1927
0.0000
0.0899
2.4560
0.0000
0.0000
0.0000
0.5123
0.0000
0.0000
0.0000
0.0000
0.0000
0.5519
0.0000
0.0000
3.3706
0.0000
0.0000
0.0000
0.0000
0.0000
0.0000
0.0000
0.0000
1.5992
1.6387
1.3208
0.0000
0.6717
0.0000
0.0000
0.0000
0.0000
0.0000
0.0000
0.0000
0.0000
0.0000
0.0000
0.0000
0.0000
1.9065
0.0000
0.0000
0.0000
0.0000
0.0000
0.0000
0.0267
0.0000
0.0000
1.8554
1.8666
2.5979
0.0000
0.0000
0.0000
0.0000
2.4537
1.3435
0.1791
0.0000
0.0000
0.0000
0.0000
0.0000
0.0000
1.3212
1.4485
0.0000
0.0000
0.0000
0.0000
0.0000
0.0000
0.0000
0.2011
1.2809
0.8295
0.0000
0.0000
0.0000
0.0000
0.0000
0.0000
0.0000
1.6312
0.0000
0.0000
0.0000
0.6177
0.0000
0.0000
0.0000
0.0000
1.7824
0.0000
0.0000
0.0000
0.2235
0.5414
0.0000
1.3525
0.0000
0.0000
0.0000
0.8793
1.0536
0.1233
0.0000
0.0000
0.0000
0.0000
0.0000
2.7177
0.0000
0.0000
0.0000
0.0000
0.0000
0.0000
0.0000
0.0000
0.4555
0.0000
0.0000
0.0000
0.0000
0.0000
1.0971
0.2464
0.0000
0.1102
4.0235
1.0805
0.0000
0.0000
0.0000
4.9415
0.0000
0.0000
0.0000
2.0067
0.0000
0.8081
0.0000
0.0000
0.0000
0.0000
0.0000
0.0000
0.0000
0.0000
0.1964
1.2938
0.0000
2.3946
0.0000
2.8098
0.0000
0.0000
3.8357
0.0000
0.0000
0.0000
0.0000
0.0668
0.0000
0.0715
0.0000
0.7770
0.6065
0.0000
0.0000
0.0000
0.0000
0.0000
0.0000
0.0000
0.0000
0.0000
0.0000
0.0000
0.0000
1.0207
1.2478
0.0000
0.0000
0.0000
0.0000
0.1917
0.0000
0.0000
0.0748
0.0000
0.0000
1.0471
0.1671
0.0000
0.5924
0.0000
0.0000
0.0000
0.0000
0.8354
0.7315
0.0000
0.0000
0.0000
0.0000
0.0000
0.0000
0.0000
0.0000
0.0000
1.4491
0.0898
0.0000
0.5129
0.0000
0.0162
0.0000
0.0000
0.0000
0.0000
0.0000
0.0000
0.5776
0.0000
0.0000
0.0000
0.0000
0.0000
0.0000
0.0000
0.0000
0.0000
0.0000
0.0000
0.0000
0.0205
0.0000
1.2273
0.0000
0.0000
0.0000
0.0039
0.0000
0.6827
0.0000
0.0000
0.0000
0.0000
0.0000
0.8838
2.1265
0.9348
0.0000
0.0000
0.2748
0.0032
0.0000
0.0000
0.0000
0.0000
0.0000
0.0000
0.0000
0.0000
0.0000
0.5196
0.0000
0.0000
0.0000
4.5003
0.0000
2.5899
0.0000
0.0000
0.0000
0.0000
0.0000
0.0000
0.0000
0.6359
0.0000
1.4783
3.3220
0.0000
0.0000
0.0000
1.3325
0.0000
0.0000
2.3273
0.9104
0.0000
0.0000
0.0000
0.6908
0.0000
0.0000
0.0000
0.0000
0.0000
0.2937
0.0000
0.0000
0.0000
0.0000
0.0000
0.0000
0.0000
3.8827
0.0000
0.0000
2.5780
0.0000
3.4830
0.0000
0.0000
0.0000
0.0000
0.0000
0.0000
0.0000
0.0000
0.0000
0.0000
1.4868
0.0000
1.4723
0.0000
0.0000
0.0000
0.0000
0.0000
0.0000
0.0000
0.0000
2.2526
0.0000
0.0000
1.0254
0.0000
0.0000
1.2369
0.0000
0.0000
0.1089
0.0000
0.0000
0.0000
0.0000
0.0000
0.0000
0.7134
0.0000
0.0000
0.0000
1.0851
0.0000
0.0000
0.0000
0.0000
2.2812
0.0000
3.6350
1.5243
0.0000
0.0000
0.0000
0.0000
0.0000
0.0000
0.0000
0.0000
0.0000
0.8220
0.0000
0.0000
0.0000
0.0000
0.2296
0.0000
0.0000
0.0000
0.0000
0.0000
0.0000
0.0000
0.0000
0.0000
0.0000
2.4279
0.0000
0.0000
0.0000
0.0000
2.6433
0.0000
0.0622
0.0000
0.0000
0.0000
0.0000
0.0000
0.0000
0.0000
0.0000
0.7556
0.0000
0.0000
0.0000
0.0000
0.0000
0.0000
0.5420
0.0000
0.2700
0.0000
1.3164
0.0000
0.0000
0.0000
0.0000
0.0000
0.0000
0.0000
0.0000
0.6272
0.7179
2.1368
0.0000
0.0000
0.0000
2.0212
0.0000
0.0000
0.0000
0.0000
0.0000
0.0000
2.1620
1.1080
0.0000
0.0000
0.0000
0.0000
0.0000
1.1013
0.0000
0.0000
0.0000
1.0146
0.0000
0.0000
0.0000
0.0000
1.8523
3.2650
0.0000
2.0089
0.0000
0.0000
0.0000
0.0000
5.0067
0.0000
0.0000
0.0000
0.0000
0.0000
0.0000
0.0000
0.0000
0.0000
0.0000
0.0000
0.2425
0.0000
0.0000
0.0000
0.0000
0.0000
0.0000
0.0000
0.0000
2.9292
0.0000
0.0000
0.7854
1.1215
1.7478
0.0000
0.5627
0.0000
0.0000
0.0000
0.0000
0.0000
4.5169
0.0000
0.0000
2.6410
1.5594
0.0000
0.0000
2.1551
1.0788
0.0000
0.0000
1.3485
0.7661
0.0000
0.0000
0.0000
0.0000
0.0000
0.1187
0.0000
0.0000
0.0000
0.0000
1.1906
0.0000
1.2585
0.0000
0.0000
0.0000
0.0000
0.0000
0.0000
0.0000
0.0000
2.4072
0.0000
0.0000
0.0000
0.0000
0.0000
0.0000
0.8938
1.5365
0.0000
0.0000
0.2398
0.0000
2.9612
0.2667
0.0000
0.0000
0.0000
0.0000
0.0000
2.1653
0.0000
0.0000
0.0000
0.0000
0.0000
0.0000
0.0000
0.0000
0.0000
0.0000
0.0000
0.0000
2.0528
0.0000
0.0000
0.0000
0.0000
0.0000
1.4760
0.0000
0.0000
0.0000
0.0000
0.0000
1.2836
0.0000
0.0000
0.0000
0.2411
0.0000
0.6408
0.0000
0.0000
0.0000
0.0000
0.0000
0.0000
0.0000
0.0000
0.0000
0.0000
0.0000
0.0000
1.3691
0.0000
0.0000
0.0000
0.0000
0.0000
0.0000
0.0000
0.5766
0.0000
0.0000
0.0000
0.0000
0.0000
0.0000
0.0000
0.0000
0.0000
0.0000
0.2414
0.0000
1.0904
0.0000
0.6849
0.0000
0.1365
0.0000
0.0000
0.0000
0.0000
0.0000
0.0000
0.0000
0.0000
0.0000
0.0000
0.0204
1.5319
0.0000
0.2301
0.0000
0.0000
0.0000
0.0000
0.0000
0.0000
0.0000
2.0310
0.0000
0.0000
0.0000
0.6446
0.0000
2.3874
0.0000
0.0000
0.0000
0.0000
0.0000
1.4012
0.0000
0.0000
2.1605
0.0000
0.0000
0.0000
0.0000
0.0000
1.2428
1.8822
0.0000
0.0000
0.0000
0.0000
0.0000
0.0000
0.0000
0.0000
0.0000
0.0000
0.0000
0.0000
0.0000
0.0000
0.0000
1.5854
4.6753
0.0000
0.0102
0.7179
1.6770
0.0000
0.0000
0.0000
0.0000
1.3249
2.7826
1.4860
0.0000
0.0000
0.0000
0.4122
0.0000
0.0000
0.0000
0.0000
0.0000
0.0000
0.0000
0.0000
0.0000
0.0000
0.0000
0.0000
0.0000
0.9233
0.0000
0.4557
0.0000
0.0000
1.9520
0.0000
1.1597
0.0000
0.8534
0.0000
0.0000
0.0000
0.7393
0.4247
0.0000
0.0000
0.0000
0.0000
0.0000
0.0000
0.0000
0.0000
0.0000
0.0000
0.0000
0.0000
0.0000
0.0000
0.0000
0.0000
0.0000
0.0000
0.2466
0.0000
0.0000
0.0000
4.5177
0.0000
0.0000
0.0000
0.0000
0.0000
0.0000
2.3233
0.0000
0.0000
0.0000
2.2638
1.9362
0.0000
0.0000
0.0000
0.0000
2.5519
0.0000
0.0000
0.0000
0.0889
0.0000
0.5089
0.3660
0.0000
0.0000
0.0000
0.0000
0.0000
0.0000
0.0000
0.0000
0.0000
0.5345
0.0000
0.3356
0.0000
0.0000
0.0459
0.0000
0.0000
1.6264
0.0000
0.0000
0.0000
1.2685
0.0000
0.0000
0.0000
0.0000
0.0000
1.2497
0.0000
0.0000
0.7751
0.0000
0.0000
1.5106
0.0000
2.9546
0.0000
0.0000
0.2239
0.0000
0.0000
0.0000
0.2512
0.0000
0.0000
0.0000
0.4595
0.0000
0.0000
0.0000
0.0000
0.0000
0.0000
0.0000
0.0000
0.0000
0.0000
0.0000
0.0000
0.0000
0.0000
0.0000
0.0000
0.0000
0.0000
1.6634
0.0000
0.0000
0.0000
1.3811
0.0000
0.0000
0.0000
0.0000
0.0000
0.0000
0.0000
0.4877
0.0000
0.0000
0.0000
0.0000
0.0000
2.7046
3.8223
0.0000
1.2135
0.0000
0.0000
0.0000
0.0000
0.0000
0.0000
0.0000
0.0000
0.0000
0.0000
0.0000
0.0000
0.0000
0.0000
0.0000
0.0000
0.0000
0.0000
0.0000
0.3847
0.0000
0.9374
0.8358
0.0000
1.3751
0.0000
0.0000
0.0000
0.0000
0.0000
2.5987
0.0000
0.0000
0.0000
2.0615
0.0000
0.0000
0.0000
0.6842
0.0000
0.0000
0.1609
0.0000
0.0000
0.0000
0.1455
0.0000
0.8595
0.5007
0.0000
3.9790
0.0000
0.1403
0.0000
0.0000
0.3907
0.0000
0.0000
0.0000
0.0000
0.0000
0.0000
0.0000
0.0000
0.7729
0.0000
0.0000
1.9544
0.0000
0.0000
0.0000
0.0000
0.0000
1.1090
0.0000
0.0000
0.0000
0.0000
0.0000
0.0000
0.2593
4.2925
0.0000
0.5626
1.3290
0.0000
0.0000
0.0000
0.0000
0.6137
0.0000
0.0000
0.0000
0.0000
0.0000
0.0000
0.0000
0.1902
0.7285
0.0000
0.0000
0.0000
0.0000
0.0000
0.0000
0.0000
0.9539
0.0000
0.0000
0.0000
0.0000
0.1241
0.0000
1.8789
0.0000
0.5435
0.0000
0.0000
0.0000
1.5979
0.8425
0.0000
0.0000
1.1599
1.2326
0.0000
0.0000
0.0000
0.0000
0.0000
0.0000
0.0000
3.9912
1.5957
0.0000
0.0000
0.0000
2.6096
0.2312
0.0000
0.0000
0.0000
0.0000
0.0000
0.0000
0.0000
0.0356
0.2892
0.0000
0.0000
0.0000
0.0000
0.0000
0.0000
0.0000
0.0000
1.4670
0.0000
1.1865
0.0000
0.0000
1.1641
0.0000
0.0000
0.0000
0.0000
0.0000
0.0000
0.0000
0.0000
0.7066
0.0000
0.0000
0.0000
0.0000
0.6096
0.0000
1.5689
0.2831
0.0000
0.0000
0.0000
0.0000
0.0000
0.0000
0.0000
0.0563
0.0000
0.0000
0.8150
0.0000
0.0000
0.0000
0.3531
0.0000
0.0000
0.0000
0.0000
0.0000
0.0000
0.0000
0.0000
0.0000
0.0537
0.0000
0.3251
0.0000
0.0000
0.0000
0.0000
0.0000
0.0000
0.0000
0.0000
0.0000
0.0000
0.0000
5.5375
0.0000
0.0000
0.0000
0.0000
0.0000
0.0000
0.9264
0.0000
0.0000
0.0000
0.0000
0.0000
0.0000
0.0000
0.0000
0.0000
0.0000
2.6583
0.0000
0.0000
1.9715
0.0000
1.9970
0.1410
0.0000
0.0000
0.0000
0.0000
0.5075
1.0542
0.2621
1.9360
0.0000
5.3387
0.0000
0.0000
0.0000
0.0000
2.6000
0.0000
2.1230
0.0000
0.0000
0.0000
0.0000
0.0000
1.0463
0.0000
0.0000
0.0000
0.0000
0.0000
0.0000
0.6729
1.0708
0.0000
0.0000
0.4053
0.0000
0.0000
0.0000
0.0000
0.0000
0.3865
0.0000
0.0000
0.0000
0.0000
0.0000
0.0000
2.8362
0.5371
3.6437
0.0000
0.0000
2.7540
2.9265
0.0000
0.0951
0.0000
0.0000
0.0000
0.0000
0.0000
0.0000
3.0169
0.0000
0.0000
0.0000
0.6057
0.0000
0.0000
0.0000
1.6511
0.5888
0.0000
0.0000
1.1159
0.2224
1.3725
1.4285
0.0000
0.0000
1.3268
0.0000
2.7096
0.0000
0.0000
3.1095
0.0000
0.0000
0.0000
0.0000
0.0000
3.6936
0.0000
0.0000
0.0000
0.0000
0.0000
0.2552
0.0000
0.0000
0.0000
2.5916
0.0000
0.0000
0.0000
0.0000
0.0000
0.0000
0.1359
0.0000
0.0000
0.0000
0.0000
0.0000
0.0000
0.0000
0.0000
0.0000
0.0000
2.3946
0.0000
0.0000
0.4129
0.0000
0.0000
0.0000
0.4873
1.6867
0.6503
0.0000
0.0000
0.0000
2.3262
0.0000
0.0000
0.0000
0.0000
1.2354
0.0000
0.0000
0.0000
0.0000
3.0640
0.0000
0.0000
0.1741
0.0000
0.0000
0.0000
0.5843
0.0000
0.0000
0.0000
0.0000
0.8570
2.0468
0.0000
0.0000
0.0000
1.8942
0.0000
1.1338
2.9161
0.0000
0.0000
0.0145
0.0000
1.2002
0.0000
0.3811
0.0000
0.0563
1.0648
0.0000
1.7775
0.0000
1.7327
0.0000
0.0000
0.0000
0.0000
0.0000
1.0666
0.0000
0.0000
1.3726
0.0000
0.0000
0.0000
0.0000
0.0000
0.0000
0.0000
0.0000
0.0000
0.5131
0.0000
0.0859
0.0298
0.0000
0.0000
0.0000
0.0000
1.6528
1.4376
0.0000
0.0000
1.7825
0.8234
2.6583
0.0000
0.0000
0.0000
0.0000
0.2142
0.1655
0.0000
0.0000
0.0000
0.0000
0.0000
0.0000
2.9196
3.9258
0.0000
0.0000
0.0000
0.0145
1.8653
0.0000
0.0000
0.0000
0.0000
0.0000
0.0000
0.0000
0.0000
0.0000
0.0000
0.0000
1.0587
0.0000
5.2541
0.0000
0.0000
0.0000
0.0000
0.0000
0.3276
0.0000
0.0000
0.0000
0.0000
5.0174
0.5530
0.0000
0.0000
0.0000
0.0000
0.0000
0.0000
2.8882
0.4901
0.0000
0.0000
1.4080
1.7471
0.0000
0.0000
0.0000
0.0000
0.0000
0.7339
0.0000
0.0000
0.3951
7.6658
0.0000
0.2632
0.0000
0.8698
0.0000
0.0000
0.0000
0.0000
0.0000
0.0000
0.0000
0.0000
0.0000
0.3896
1.5728
0.0000
0.0000
0.0000
0.0000
0.1293
0.0000
1.5441
0.0000
0.1758
0.0000
0.0000
0.0000
0.0000
0.0000
0.0000
0.0000
0.1790
2.5345
0.0000
0.0000
0.0000
0.0000
0.0000
0.0000
0.0000
0.5837
0.0000
0.0000
0.0000
0.0000
0.0000
0.0000
0.0000
0.0000
0.9847
0.0000
0.0319
0.0000
0.0000
0.0000
0.0000
0.0000
0.0000
0.0000
0.0000
0.0000
0.1682
2.2946
0.0000
0.0000
0.0000
1.7776
0.3169
1.2129
0.0000
1.0550
0.0000
1.3712
0.0000
0.0000
0.0000
0.0000
0.0000
0.0000
0.0000
0.0000
0.0000
0.0000
0.3519
0.0000
0.0000
0.0000
0.0000
0.0000
0.0000
0.0000
1.3386
0.9179
0.0000
0.0000
0.8556
0.7285
0.0000
2.4360
0.0000
0.0000
2.8029
1.6217
0.0000
0.0000
0.2033
0.0000
0.0000
0.0000
0.0000
0.0000
0.0000
0.0000
0.0000
0.0000
0.0000
0.3288
0.0000
3.1079
0.0000
3.9959
0.0000
0.0000
1.3003
3.8020
0.3842
0.0000
0.0000
0.0000
0.0000
0.1336
0.6633
0.0000
1.8722
0.0000
0.0000
0.0000
0.0000
0.0000
0.8723
0.0000
0.0000
3.0906
0.0000
0.0812
0.0000
0.0000
0.0000
0.0000
3.1133
0.0000
0.0000
0.0000
0.0000
0.0000
3.0269
0.3513
1.1772
0.9217
0.0000
1.4835
0.0000
0.1230
0.0000
0.0000
1.2012
0.0000
0.0000
0.0000
0.0000
0.0000
0.2954
1.1275
0.0000
0.0000
0.0000
0.0000
0.0000
0.0000
1.2128
0.0000
0.0000
0.0000
1.6426
0.0000
0.0000
0.0000
5.2884
0.0000
0.0000
1.8515
0.0000
0.0000
0.1760
0.0000
0.0000
0.0000
0.0000
1.2699
0.0000
0.0000
0.2429
0.0000
0.0000
0.0000
3.8069
2.5322
0.0000
0.0000
0.0000
0.0000
0.0000
1.0038
1.0659
0.1861
0.0000
0.0000
0.0000
0.0000
0.0000
0.0000
0.0000
0.0000
0.0000
0.0000
0.0000
0.0000
0.0000
0.0178
0.0000
0.0000
0.0000
3.0837
0.0000
0.5695
0.0000
4.0847
0.0000
0.3336
0.3950
0.5039
0.0000
0.0000
0.0000
0.0000
0.0000
0.0000
0.2127
0.0000
0.8708
0.0000
0.0000
0.0000
0.0000
0.0000
0.0000
0.0000
0.0000
0.0000
0.0000
0.0000
0.0000
0.0000
1.7514
0.0000
0.0000
0.0000
4.3461
0.0000
0.0000
0.0000
0.0000
0.0000
0.0000
0.0000
0.0000
0.0000
0.0000
0.0000
0.0000
0.0000
0.0000
0.0000
0.0000
0.0000
0.0000
0.0000
0.0000
0.0000
0.0000
1.9025
0.0000
0.0000
0.0000
0.0000
0.0000
1.7055
0.0000
0.0000
0.0000
0.0000
0.0000
0.0000
0.0000
0.0000
0.1931
0.0000
3.4933
0.0000
0.0000
0.0000
0.0000
0.0000
0.0000
0.0000
0.0000
0.9053
0.0000
0.3331
0.0000
0.0000
0.0000
0.8817
0.9047
0.0000
0.0000
0.0000
0.0000
0.0000
2.2033
0.0000
0.5644
0.0000
0.0000
0.0000
0.0000
0.0000
0.0000
2.3793
1.1277
0.0000
0.0000
0.0000
0.0000
0.0000
0.0000
0.2478
0.0000
0.0000
0.2493
0.0000
0.0000
0.0000
0.0000
0.0000
0.0000
0.6038
0.0000
0.0000
0.2890
0.0000
0.0000
0.0000
0.0000
0.0000
0.8472
1.8850
0.0000
0.0000
1.9477
0.6350
1.4831
0.0000
0.0000
0.0000
0.0000
0.0000
0.0000
0.8923
0.8034
0.3836
0.0000
0.0000
0.0000
0.0000
0.5297
0.0000
0.0000
0.0000
0.0000
0.0000
0.0000
0.0000
0.0000
0.0000
3.4627
0.0000
0.0000
0.0000
0.0000
0.0000
1.0977
1.0822
0.0000
0.0000
0.0000
1.1351
0.0000
0.0000
3.3256
0.0000
0.5186
0.0000
0.0000
1.0153
0.0000
0.0000
0.0000
0.0000
0.0000
0.0000
0.0000
0.0000
0.0000
0.0000
0.0000
0.0000
0.1245
0.0000
0.0000
0.0000
0.0000
0.5196
0.0000
3.7861
0.0000
0.0000
0.0000
0.0000
0.0000
0.0000
0.0000
0.0080
0.0000
0.0000
0.5777
0.2293
0.0000
0.0000
0.0000
0.0000
0.0000
0.5299
0.0000
0.0000
0.9504
0.0000
0.0000
0.8558
0.0000
0.0000
0.0000
0.0000
0.3294
0.0000
0.0000
0.0000
0.9972
2.6463
0.0000
0.0000
0.0000
0.0000
0.0000
0.0000
0.0000
0.0000
2.8965
0.0000
2.0805
0.0000
0.0000
0.0000
0.0000
0.3658
0.4588
0.0000
1.5735
2.2165
0.0000
0.0000
1.3236
0.0000
1.4757
0.0000
0.0000
0.0000
0.0000
0.0000
0.0000
0.4418
0.0000
1.6049
0.8747
0.0000
0.0000
0.0000
0.0000
1.3535
0.6170
0.0000
0.0000
0.0000
0.0000
0.0000
0.0000
4.6764
0.9662
0.0000
0.0000
0.0000
0.0000
0.0000
0.0000
0.1051
0.9247
0.0000
0.0000
0.0000
0.0000
0.0770
3.9975
0.0000
0.0000
0.0000
0.0000
2.6248
1.2295
0.0000
0.0000
0.0000
0.0000
0.0000
0.0000
0.0000
0.0000
3.1423
0.0000
0.0000
0.0000
0.0000
0.0000
0.6428
1.8818
0.0000
0.0000
0.0000
0.5605
1.0315
0.0000
0.0000
0.0000
0.0000
0.0000
0.0000
4.5815
0.0000
1.1466
0.0000
0.1133
0.0000
0.0000
0.0000
0.0000
0.0000
0.7475
0.0000
3.4002
0.0000
0.0000
0.0000
0.0000
0.0000
0.0000
0.0000
0.0000
0.6602
0.0000
0.0000
0.0000
0.1512
0.0000
0.0000
0.9001
5.7255
0.0000
1.0587
0.0000
0.0000
0.0000
0.0000
0.0000
0.0000
0.0000
0.0000
2.2753
0.0000
0.7571
0.0000
0.0000
0.0000
0.0000
0.0000
0.0000
0.0000
2.7659
0.0000
0.0000
0.0000
0.0000
0.0000
0.1226
0.0000
2.2916
0.0000
1.7800
0.0000
0.0000
0.0000
0.0000
0.0000
0.0000
0.0000
0.2001
0.0000
0.0000
0.0000
0.0000
0.0000
4.5245
0.0000
2.0524
1.6953
0.2524
0.0000
0.0000
0.0000
0.0000
0.0000
0.0000
2.4068
0.0000
0.0000
0.0000
0.0000
0.0000
0.0000
0.0000
0.0000
0.1985
0.0000
1.3981
1.5199
0.0000
2.4056
1.1960
0.0000
0.5886
0.0000
0.0000
0.0000
0.0000
0.0000
0.0000
0.0000
0.0000
0.0000
0.0000
0.0000
0.0000
0.0000
0.0000
0.0000
0.0000
0.0000
0.1486
0.0000
0.0000
0.0000
0.0000
4.6903
0.0000
0.0000
0.0000
0.0000
0.0000
0.3897
0.0000
0.0000
0.0000
0.0000
1.8030
0.0000
2.3392
0.0000
4.2447
0.0000
0.0000
0.0000
0.1629
1.4851
0.0000
0.2504
0.0000
0.0000
0.0000
0.3066
0.0000
0.0000
0.0000
0.0000
0.0000
0.0000
2.0316
0.0000
0.0000
0.0000
0.0000
0.0000
0.0000
0.0000
0.0000
1.5633
0.0000
0.0000
0.3365
2.2716
0.0000
0.0000
0.0000
0.0000
0.0000
0.0000
0.0000
0.0000
0.0000
0.0000
0.7320
0.0000
0.0000
0.0000
1.7662
1.5004
1.7760
0.1524
0.0000
0.0000
0.0300
0.0000
4.2099
0.0000
0.4578
0.0000
0.0000
0.0000
1.3327
1.5615
0.0000
0.0000
0.0000
0.1990
0.0000
0.0000
0.6519
0.0000
0.0000
0.0000
0.0000
1.6277
0.0000
0.0000
0.0000
1.8389
0.0000
1.4383
0.0000
0.0000
0.0000
0.0000
0.0000
0.0000
0.0000
0.0000
0.3338
0.0000
0.0000
0.0000
1.1459
2.1890
0.0000
3.4786
0.0000
0.0000
0.0000
0.0000
0.0000
0.0000
0.0000
0.0000
0.1564
0.9932
0.0000
1.4894
0.0000
0.0000
0.0000
0.0000
0.0000
3.1215
0.0000
0.0000
0.0000
0.0000
0.0000
0.0000
0.0000
0.0000
2.3702
0.0000
0.0000
0.0000
0.0000
0.0000
0.0000
0.8781
0.0000
0.1248
0.0000
0.0000
0.0000
0.0000
0.0000
0.0000
0.0000
0.0000
0.0000
0.0000
0.8106
0.0000
0.0000
1.6058
0.0000
0.0000
0.0000
0.0000
0.0000
0.0000
3.1284
0.0000
0.0000
0.0000
0.0000
0.3636
0.0000
2.1925
0.0000
0.0000
0.0000
0.0000
1.8255
0.0000
0.0000
0.0000
0.2175
0.0000
0.0000
0.0000
0.0000
0.0000
2.1552
0.0000
0.0000
0.0000
0.0000
0.0000
2.6647
0.0000
0.0000
4.4820
1.2576
0.0000
0.0000
0.0000
0.0000
0.0000
0.0000
0.0000
0.0000
0.0000
1.5458
2.7473
0.0000
0.0000
1.9177
0.0000
0.4123
0.0000
0.0000
2.7942
0.0000
0.0000
0.0000
0.0000
2.6655
0.0000
0.0000
0.0000
0.2351
0.0000
0.0000
0.0000
0.0000
0.0000
2.2156
0.0000
0.0000
0.0000
0.0000
1.1835
1.7963
0.0000
0.0000
0.0000
0.0000
0.0000
0.0000
0.0000
0.6641
0.0000
0.0000
0.0000
0.0000
0.1112
0.0000
0.0000
0.0000
0.3189
0.0000
1.0629
0.0000
0.0000
0.0000
0.8544
0.0000
0.0000
0.0000
0.0000
0.0000
0.0000
0.7895
0.0000
0.0000
0.0000
0.0000
0.2524
0.1642
0.1866
0.0000
0.0000
0.0000
1.9508
0.0000
0.0000
0.0000
2.1735
2.4189
0.0000
0.0000
0.0000
0.0000
0.0000
0.2380
0.0000
2.7577
0.9447
0.0000
0.0000
3.3832
0.0000
0.2582
0.0000
0.0000
0.0000
0.0000
4.7885
0.0000
0.0000
0.0000
0.0000
0.0000
0.0000
0.0000
0.0000
0.7666
0.1789
0.0000
0.6385
0.0000
0.0000
0.0000
0.0000
0.0000
0.0000
4.2307
0.0000
3.1168
0.0000
0.0000
1.5141
0.0000
0.0423
0.0000
2.2147
0.0000
0.3288
1.8246
0.0000
0.0000
0.6891
0.0000
0.0000
0.0000
0.4602
0.0000
0.0000
0.0000
0.7468
0.0000
0.0000
1.6189
0.0000
0.0000
0.0000
0.0000
0.2816
0.0000
0.0000
0.2528
0.0000
2.3102
0.5367
0.0000
0.0000
2.3721
0.0000
0.0000
1.7571
0.0000
0.9892
0.0000
3.6842
0.0000
0.3319
0.0000
0.0000
0.0000
0.0000
0.0000
0.0000
0.0000
0.0000
2.0508
1.3088
5.1418
0.0000
0.0000
1.8036
0.0000
0.0000
0.0000
0.0000
0.0000
2.3472
0.0000
0.0000
3.4006
0.0000
0.0000
0.0000
3.3497
2.8137
0.0000
0.0000
0.0000
0.0000
1.0565
0.5103
3.9686
0.0000
0.0000
0.0000
0.6772
0.0000
1.4374
0.2330
0.5894
0.0000
0.0000
0.0000
0.0000
0.5861
0.0000
0.0000
0.0000
0.0000
0.6283
2.4496
0.0000
0.0473
0.0000
0.0000
0.0000
0.2558
2.6234
0.0000
0.0000
1.8639
1.8138
0.0000
0.0000
0.0000
0.0000
0.0000
0.0000
0.0000
0.0000
0.0000
0.0288
0.0000
3.6246
0.0000
0.0000
0.0000
0.0000
0.0000
0.0000
1.2367
1.9503
1.3678
0.0000
2.3706
1.7897
0.0000
0.0000
0.0000
0.0000
0.0000
0.0000
0.0000
0.0000
0.6706
1.5661
0.0000
0.0000
0.0000
0.0000
0.0000
2.2092
0.0000
0.0000
0.0000
1.4021
0.0000
0.0000
0.0000
0.0000
1.9682
0.0000
0.0000
0.0000
0.0000
1.7042
2.7381
0.0000
0.0000
0.0000
2.1334
0.0000
0.0000
0.0000
0.0000
0.0000
0.0000
0.0000
0.0000
0.0000
0.0000
0.0000
0.0000
0.7212
0.0000
0.0000
0.0000
0.0000
0.0000
0.0000
0.0000
0.0000
0.0000
0.0000
2.0381
0.9972
0.0000
1.2470
0.0000
0.0000
1.5075
0.0000
0.0000
0.0000
0.0000
0.0000
0.0000
2.1129
1.8989
0.0000
4.8840
0.0000
0.0000
0.0000
0.0000
0.6583
0.2586
0.0000
0.0000
0.0000
0.0000
0.0000
0.0000
0.0000
1.0971
0.7563
0.0000
0.0000
0.0000
0.0000
0.0000
1.6061
0.0000
0.0000
0.0000
0.0000
0.0000
0.0000
