0.2952
0.0000
0.0000
0.0000
0.0000
0.0000
0.0000
0.0000
0.0000
3.4307
0.0000
0.0000
1.3112
0.0000
0.0000
0.0000
0.0000
0.0000
0.0000
0.0000
0.0000
0.0163
2.5905
1.6838
0.5011
1.4988
0.0000
2.5966
0.0000
0.0000
0.0000
0.0000
0.0000
0.0000
2.2778
0.0000
0.0000
0.0000
1.5463
2.2179
0.0000
0.0000
0.0000
0.0000
0.0000
0.2599
0.0000
0.0000
0.4238
0.0000
0.0000
0.0000
0.0000
0.0000
0.0000
0.0000
0.2298
0.9194
0.0000
0.0000
0.0000
1.5509
0.0000
0.4478
0.0000
0.0000
0.0000
0.0000
0.0000
0.0000
0.4093
2.9847
0.0000
0.0000
0.0000
1.2150
0.0000
0.0000
0.0000
0.0000
0.3987
0.0000
0.0000
0.0000
0.0000
0.0000
0.9593
2.2742
0.0000
0.0000
1.2593
0.0000
2.6326
1.4441
0.0000
0.0000
0.0000
0.0000
1.9878
0.0000
0.0000
0.0000
0.0000
0.0000
0.0000
0.2663
0.0000
0.1506
1.6624
3.0077
0.2373
0.0000
0.8561
0.0000
0.0000
0.0000
0.6546
0.0000
0.0000
0.0000
2.2304
0.8250
2.6113
0.0723
0.0000
0.0000
0.0329
0.6669
0.0000
0.0000
0.0000
0.0000
1.0168
0.0000
2.4030
0.0000
1.3511
2.1913
0.0000
2.7330
3.0369
0.0000
1.3581
0.9482
2.4163
0.0000
0.0000
0.0000
0.2976
0.0000
1.0984
1.1267
0.1049
0.0000
0.0000
0.2064
0.0000
0.5335
0.5144
0.0000
1.0872
0.0000
0.0000
0.0000
0.0000
2.0381
0.2646
0.0000
0.0000
1.5168
0.0000
0.0000
0.0000
0.3247
0.0000
0.0000
0.0000
0.7012
0.0000
4.4202
1.7201
1.6674
0.0000
0.0000
0.0000
0.0000
1.5226
0.0720
1.1491
0.7842
0.0000
0.0000
0.8083
0.0000
0.0000
0.0000
0.0000
0.0000
4.6252
2.5745
0.0000
0.0000
0.0000
0.0000
0.0000
0.1110
0.0000
0.0000
0.3736
0.0000
0.0000
0.0000
0.0000
0.8887
0.0000
0.0000
0.0000
0.0000
0.0000
0.0088
0.5249
0.0000
0.0000
0.0000
1.4197
0.0000
0.0000
1.0991
0.0000
0.0000
0.0000
0.5735
0.0000
0.0000
0.7098
0.0000
2.1776
0.0000
0.9910
0.0000
0.0000
0.0000
2.7454
0.0000
0.0000
0.0000
0.0000
0.0000
0.0000
0.0000
0.0000
0.0000
0.0000
0.0000
0.0000
0.5899
0.0000
0.0000
1.0331
0.0000
0.0000
0.2532
0.0000
0.0000
0.0000
0.0000
0.0000
0.0000
0.0000
0.7730
2.1719
0.2735
0.0000
1.8000
0.0000
0.0000
0.9575
0.3332
0.0000
0.0000
2.2414
0.0000
0.7840
0.1795
0.0000
0.0000
0.0000
0.0000
0.0000
0.0000
0.0000
0.0000
0.0000
0.0000
2.4118
0.0000
0.0000
1.3724
0.0000
3.0936
0.0000
0.0000
0.0000
0.0000
0.6173
0.0000
1.2066
0.0000
0.0000
0.0000
0.0000
0.4322
0.0000
2.1309
0.9720
0.0000
0.0000
0.0000
0.6444
1.9642
0.2409
2.4792
0.0000
0.8314
0.0000
1.5792
0.0000
1.5959
0.0000
1.7662
0.0000
0.0000
0.0000
0.0000
0.0000
2.0470
1.8472
0.0000
0.0000
2.6961
0.0000
0.0000
0.0000
0.0000
0.0000
4.7976
0.0000
0.0000
0.0000
0.0000
0.0000
3.1978
0.0000
0.0000
1.3083
0.5754
0.0000
0.0000
1.5350
0.0000
0.0000
0.0000
0.0000
0.0000
0.0000
0.2583
0.0000
0.4543
0.1987
0.0000
0.0000
1.1486
0.0000
0.0000
0.0445
0.0000
0.0000
2.1583
0.0000
0.0000
4.5490
0.0000
0.8600
0.0000
0.0000
0.0000
0.8953
0.0000
0.0000
0.8459
3.6122
0.0000
0.0000
0.0000
0.0000
0.5539
0.0000
0.0000
0.0000
0.4303
0.0000
0.7906
0.0000
0.0000
0.0000
0.4148
0.0000
0.0000
2.5914
0.0000
0.0000
0.0000
0.0000
1.6276
0.5477
2.2677
0.0000
0.0000
0.7029
0.0000
0.3252
0.0000
0.4091
0.0000
0.0000
0.1204
0.0000
0.8910
0.0000
0.0000
0.0000
0.0000
0.0000
0.0000
0.0000
0.0000
0.7056
0.0000
2.3337
0.0000
1.2583
1.2952
0.7590
0.0000
1.9849
0.3465
0.0000
0.0000
2.1955
1.3353
1.1373
0.0000
0.5348
1.2507
0.0000
0.4593
0.0000
0.2076
1.1143
0.0000
0.0000
0.0344
1.5843
0.0000
0.0000
0.0000
0.0000
0.0000
0.0000
0.0000
0.0000
1.2823
0.0000
0.0000
0.0000
2.3804
2.0247
0.0000
1.4221
0.0000
0.7404
0.0000
0.4166
0.2286
1.2372
0.8751
0.0000
0.0000
0.0000
1.4320
0.0000
0.0000
0.0000
0.0000
1.2145
0.2602
0.0000
0.0000
0.7255
0.0000
0.0000
0.0000
1.8815
0.6773
0.3648
0.4189
0.0000
0.0000
0.0000
1.1658
0.5910
2.2820
0.0000
0.8229
0.0000
0.0000
0.0000
0.0000
5.1231
0.0000
1.5119
2.7625
0.0000
0.7529
0.7440
0.5892
1.1363
0.0000
0.0000
0.0000
1.1248
0.0000
1.0689
0.0000
0.0000
3.6208
0.0000
0.0000
0.0000
0.0000
0.0000
0.0000
0.0000
0.0000
0.0000
0.0000
0.0000
0.0000
0.0000
0.0000
0.0000
1.8069
0.0000
0.0000
0.0000
0.0000
0.0000
0.0000
0.0000
0.0000
0.0643
0.0566
0.0000
0.0000
0.3146
0.9534
0.0000
0.0000
0.0000
0.0000
0.0000
0.0000
0.0000
0.0000
0.0000
0.0000
0.0000
1.2669
0.0000
0.0000
0.0000
0.0000
0.0000
0.0000
0.0000
0.0000
0.0000
0.4975
1.2743
0.0781
0.3760
0.0000
0.0000
0.1888
0.0000
0.0000
0.0000
0.0000
3.6635
1.5914
0.0000
2.7232
0.0000
0.0000
0.0000
0.4806
2.3012
0.0000
0.8334
0.0695
0.1813
0.0000
0.0000
3.0513
0.0000
1.4168
0.2357
0.0000
0.0000
0.0000
2.0392
0.0000
0.0000
0.2486
0.0000
1.2650
0.0000
0.1476
0.0000
0.0000
0.0000
0.0000
0.0000
0.0000
0.4486
1.7370
0.0000
2.1661
0.0000
0.0000
0.0000
0.2625
0.0000
0.0000
1.2481
0.0000
0.0000
0.0000
1.0277
0.0000
0.0000
1.1399
0.4186
0.0000
0.0000
0.0000
0.0000
0.0000
0.0000
0.2602
0.0000
0.4302
0.9887
0.0000
0.0000
0.0000
0.2020
0.0000
0.0000
0.0000
0.0000
0.0000
0.0000
0.0000
0.0000
0.4109
0.3528
0.0000
0.0000
0.0000
0.0000
0.0667
0.0000
0.0000
0.0000
0.0000
0.0000
0.1641
0.0000
1.9574
0.7973
0.0000
3.1104
0.0000
0.0000
0.0000
0.0000
0.0000
1.3917
0.3618
2.1983
0.0000
0.6491
0.0702
0.0000
0.0000
0.0000
0.0000
1.1199
1.6198
0.0000
3.7704
0.0000
0.1355
0.0000
0.0000
0.0000
0.4772
0.0000
0.0000
0.0000
0.0000
0.0857
0.0000
0.2275
0.0000
1.2946
0.0000
1.1658
0.0838
0.0000
0.0000
0.4051
0.4724
0.0000
0.0000
0.0216
0.0000
0.0000
3.5367
0.0278
0.7960
0.0000
3.9006
0.0000
0.0000
0.4377
1.5654
1.0204
0.0000
0.0000
0.1028
0.0000
0.0000
0.0000
0.0000
0.0000
0.0000
0.0000
0.0000
1.4362
0.0000
1.4293
0.0000
0.0000
0.8643
0.0000
0.0000
0.0000
0.0000
0.4265
0.0000
0.0000
0.0000
0.0000
0.0000
0.0000
0.0000
1.8963
0.0000
0.0091
0.0000
0.0000
0.0000
0.0000
0.0000
0.0000
0.5811
0.0000
0.0000
0.0000
0.0000
1.7969
1.2674
0.0000
0.0000
0.0000
0.0000
1.8356
0.0000
0.0000
0.0000
1.0933
0.0000
0.8577
0.0000
0.0000
0.0000
0.0000
0.0000
0.1699
0.7147
0.0000
1.1617
0.0000
0.0000
0.9383
0.0000
0.0000
0.6280
1.9188
0.0000
2.1150
0.0000
0.0000
0.0000
0.0000
0.0000
0.0000
0.0000
0.8664
0.3156
0.0000
0.0000
0.0000
0.0000
0.0000
0.0000
0.0000
0.0000
0.0000
0.0000
0.0000
0.0000
0.0000
0.0000
0.0000
0.0000
1.7052
0.0000
0.0000
0.8716
0.0000
0.0000
0.0000
0.9232
0.0000
0.0000
0.0000
0.0000
0.1823
0.0000
0.0000
2.8158
0.0000
0.0000
1.1616
0.0000
0.0000
0.0000
0.2260
0.0000
2.8106
0.0000
0.0000
1.1436
0.0000
2.2675
0.0000
0.0000
0.0000
0.0000
0.0000
0.0000
0.0000
0.0000
0.0000
0.0000
0.0000
0.0000
0.5127
0.0000
1.0175
0.0000
2.2596
0.0000
0.0000
1.4364
0.3075
0.0000
0.0000
0.0000
0.0000
0.0000
0.0000
0.0000
0.3805
0.0000
0.0000
0.5389
0.0000
0.0000
3.9057
0.0000
0.0000
0.4266
0.0000
0.0000
0.0000
0.0000
0.0000
0.0000
1.6811
0.0000
0.0000
2.1684
2.6496
0.0000
0.0000
0.0000
0.0000
0.1529
0.0000
1.2033
1.6077
1.8190
0.0000
0.0000
0.0000
0.0000
0.0000
0.0000
0.0000
0.0000
0.3894
1.2493
0.0000
0.0558
0.0000
4.5582
0.0000
1.5752
0.0000
0.0000
0.0000
0.6986
2.1268
0.0000
0.0000
1.6362
0.0000
0.0000
0.3430
0.8154
0.2755
0.0000
0.0000
0.8321
0.7283
0.0000
1.0517
0.0000
0.0000
0.0000
0.0000
0.0000
0.8322
0.0000
0.0000
0.0000
0.0000
0.6436
0.0000
0.0000
1.3977
3.3609
0.6147
0.0000
0.0000
0.0000
2.0591
0.0000
0.0000
0.0000
0.0000
1.7365
0.0000
0.0000
0.0000
3.6982
0.0000
0.0000
0.0000
1.4742
0.0000
0.9407
0.0000
0.0000
0.0000
3.5442
0.0000
0.9380
0.0000
3.5279
0.0000
0.0000
1.3751
3.1189
0.0000
0.0701
0.0000
2.8569
0.0000
0.0000
0.0000
0.3240
1.3799
0.0000
0.0000
1.6214
0.0000
1.8721
1.8287
0.7278
1.4845
0.0000
0.3428
0.0000
0.0000
0.0000
0.0000
1.3961
0.0000
0.0000
0.0000
0.0000
1.5931
0.0000
0.0000
0.0000
0.6124
0.0000
0.0000
0.0000
0.0000
0.0000
0.0000
0.0000
0.0000
0.0000
2.7229
0.0000
1.0128
0.0000
0.5475
1.2780
0.0000
0.3597
0.0000
0.0000
0.0000
0.0000
0.0000
0.5717
0.0000
0.3458
1.2866
0.0000
0.0000
0.5766
0.0000
0.0000
0.0000
0.6810
0.0000
0.5785
0.0000
0.4117
0.0000
0.0000
0.0000
1.1241
0.0000
0.0000
3.0522
0.0000
0.0000
1.3279
0.0000
1.6178
0.0000
0.0000
0.0000
0.0000
0.6117
0.0000
0.9317
0.4042
0.0000
2.2252
0.0000
0.0000
0.7728
0.2483
0.0000
0.0000
0.5991
0.0000
0.0000
0.0000
0.0000
0.0000
0.0000
0.0000
0.2978
0.0000
0.4953
0.0000
0.0000
0.4096
0.0000
0.0000
0.0000
0.0000
0.0000
0.0000
0.0000
0.0000
0.0000
0.0000
0.8845
0.0000
0.0000
0.3307
0.2683
0.0000
3.3061
0.0000
0.0000
0.0000
0.0000
1.8824
0.4444
0.0000
0.0000
0.2198
0.9594
0.0000
0.0000
0.0000
0.0000
0.2976
0.0000
0.0000
0.0000
0.0000
2.1712
0.0000
0.0000
0.0000
2.8552
0.0783
0.0000
2.1550
3.8940
0.7777
0.0000
0.0000
0.0000
0.0000
0.0000
0.9475
0.2914
0.0000
0.0000
0.0000
0.0000
0.0000
0.5774
0.0000
2.0032
0.5742
0.0000
0.0000
0.0000
0.0000
0.0000
0.2526
0.0000
0.0000
2.4935
3.2180
0.0000
0.0000
0.9130
0.0000
1.5796
0.0000
0.0000
0.0000
2.3873
1.1396
1.8828
0.0551
1.1342
0.0000
0.0000
0.0000
0.3574
0.0000
0.0000
0.1327
0.9275
4.5149
0.0000
0.0000
0.0000
0.0000
0.0000
0.0000
0.0000
0.0000
0.0000
0.0000
0.0000
0.0000
1.4490
0.0000
0.0000
0.0000
0.0000
0.0000
0.0000
0.0790
0.9643
0.0000
0.0000
0.0000
1.2938
0.0000
0.0000
0.0000
2.5255
0.0000
0.0000
0.0000
0.0000
1.2589
0.3283
0.0000
0.0000
0.0000
0.0000
1.2863
0.0000
0.0000
0.0000
0.0000
0.0000
0.0000
0.0000
1.2536
3.9509
0.0000
1.1401
1.0901
0.4060
0.0000
0.0000
2.5015
0.0000
0.8765
0.0000
0.0000
0.0000
0.0000
2.3048
0.0000
0.0000
0.2200
0.0000
2.0670
2.1448
0.0000
0.0000
0.1518
1.0668
0.2038
0.0000
0.0000
0.0000
0.0000
2.5721
0.0000
0.0000
2.3290
0.0000
0.0000
0.0000
0.0000
0.0000
0.0000
0.0000
0.0000
0.0000
0.7514
0.0000
0.0000
0.1426
0.2891
0.0000
0.3628
0.0000
0.0000
1.8851
1.6587
0.0000
0.1972
0.0000
0.0000
0.0000
0.0000
0.0000
0.1930
0.5989
1.5685
0.0000
0.1679
0.0000
0.2273
0.0000
0.0000
0.0000
0.0000
0.0000
0.0000
0.0000
0.0000
0.0000
0.0000
0.0000
0.0000
0.0000
0.0000
0.0000
0.0000
0.0000
0.1751
0.0000
0.0000
0.0000
0.0000
1.3556
0.0000
0.0000
0.0000
0.0000
0.0000
1.2502
2.3092
0.0000
1.9206
0.0000
0.0000
0.0000
0.0000
0.0000
0.0000
0.0000
0.0000
0.0000
0.0000
1.5527
1.2233
0.2534
0.0000
0.1361
0.0000
0.0000
0.4909
0.7519
0.2633
2.2268
0.0000
0.3351
1.2827
1.1694
2.5241
1.1930
4.4166
0.2886
0.5487
0.0000
0.0000
1.5402
0.2157
0.0000
1.7517
0.0000
0.0000
0.0000
0.9388
1.2232
0.0000
0.0000
0.0000
0.0000
2.1500
0.4007
0.4870
0.0000
1.2512
0.0000
0.0000
2.0001
1.4612
0.0000
1.8652
0.0000
0.0000
1.7414
0.0000
0.0000
0.4050
0.0466
0.0738
0.0000
0.0000
0.8419
0.0000
0.0000
0.4449
0.0000
0.0000
0.0000
0.4276
0.0000
1.7719
0.0000
2.9263
0.0000
1.4488
0.0000
0.0000
0.0000
0.1221
0.0000
0.0000
0.0000
0.0000
0.0000
0.0000
1.8967
2.0250
0.0000
0.0000
0.0000
0.8133
0.0000
0.0000
0.0000
0.0000
0.0000
0.0627
0.0140
0.0000
0.7329
0.0000
0.8380
0.0000
0.0000
0.0000
0.0229
0.0000
0.0000
2.0780
2.9914
4.0342
0.0000
0.5176
0.0000
0.0000
0.0000
0.4178
0.0000
0.0000
0.0000
0.0000
0.0000
0.0000
0.0000
0.0000
1.1445
0.8650
0.0000
0.0000
0.0000
0.0000
0.0000
0.0000
0.0000
0.0000
3.1966
1.5499
2.1022
0.0000
1.8463
0.0000
0.0000
1.1645
0.4319
1.4018
0.0000
0.0000
0.0000
0.8731
0.0000
0.0000
1.9363
0.3487
0.0000
0.3305
0.0000
0.0000
0.0000
0.0000
0.0000
0.5558
1.7817
2.3924
0.0000
0.0000
0.0000
0.0000
0.0000
0.0000
0.0000
0.9597
0.0000
0.0000
0.0000
0.0929
0.0000
0.1107
0.0000
0.0000
0.6204
0.3167
0.0000
0.0000
0.0000
1.0414
0.0000
1.3456
0.0000
0.0000
0.0000
1.4120
0.5674
2.4040
0.0000
0.0000
0.0000
0.6872
0.0000
2.9933
0.0000
0.0000
0.0000
0.0656
0.0000
0.0000
0.0000
0.0000
0.2869
0.0000
0.4147
0.0000
0.0000
0.0000
1.1046
0.0000
0.5186
0.4621
2.2475
0.0000
0.0000
0.0000
0.0000
2.2834
0.7076
0.6511
0.0000
1.3087
0.0000
0.2289
0.0000
0.0000
0.0000
0.0000
0.0000
0.0000
0.0000
0.0000
0.1689
1.0210
0.1869
1.3694
0.0000
3.3196
0.6639
0.3668
2.6518
1.5586
0.0000
0.0000
0.0000
0.6522
0.0000
0.0000
0.0000
0.0000
0.7616
0.0000
0.0000
0.0000
0.0000
0.4837
0.0000
0.0000
0.0000
0.0000
0.0353
0.0000
0.0000
0.8124
0.8915
0.0000
0.0000
1.1493
0.6367
0.0000
0.0000
1.2304
0.0837
0.0000
0.3488
0.8453
1.8821
0.6941
2.0920
0.0000
0.0000
0.0000
1.2794
0.9398
1.0131
0.0000
0.0184
0.0000
0.4611
0.0000
1.8845
0.0000
1.4211
0.0000
3.3721
0.0831
0.0000
0.0000
0.0000
0.8590
0.0000
0.0000
0.0000
0.4584
0.0000
0.0000
0.5636
0.0000
0.0000
0.0000
0.0000
0.0000
0.0000
0.0000
0.0000
0.0000
1.3838
0.0000
0.0000
0.2634
0.0000
1.0413
0.0000
1.3248
0.0000
1.1114
0.0000
2.1322
0.0000
0.0000
0.0000
0.0000
0.0000
2.1978
0.0000
0.7739
0.0000
0.3441
2.2191
1.3509
0.0000
0.7902
0.0835
0.0000
0.6825
0.0000
0.0000
0.0000
0.0000
1.5146
0.0000
0.0000
0.3534
3.0018
0.0000
4.0187
0.0000
0.0000
0.0000
0.0000
0.0000
0.0000
0.0000
1.6613
0.0000
2.8914
2.9050
0.0000
0.0000
0.0000
0.8918
0.0000
0.3549
2.4381
0.6822
0.0000
0.0000
0.9194
1.8078
1.4500
0.0000
0.0000
0.0000
0.6800
0.7791
0.0000
0.0000
0.0000
0.0000
0.0000
0.0000
0.0000
3.8756
0.0000
0.0000
2.3765
0.0000
3.3872
0.0000
0.0000
0.0000
1.1344
0.0000
0.0000
0.2738
0.0566
0.0000
0.0000
2.1493
0.0000
1.7654
0.0000
0.0000
0.0000
0.6930
0.0000
0.0000
0.0000
1.9677
1.0209
0.0000
0.4208
2.2001
0.0000
0.0373
3.4463
0.0000
0.0000
0.7452
0.0000
0.0027
0.1130
0.0000
0.4567
1.7458
1.0732
0.0000
0.5736
0.0000
2.3457
0.0000
0.0000
0.0000
0.0000
2.7968
0.0000
3.5021
1.4409
0.3721
0.0000
0.0000
0.0000
0.0000
0.0000
0.0000
0.0712
0.0000
0.0000
0.0000
0.4789
0.0000
0.0000
0.1822
0.0000
0.0000
0.0000
0.0000
0.0000
0.1677
0.0000
0.2160
0.0000
0.0000
1.0204
0.0000
0.0000
0.0000
0.5804
2.1045
0.0000
0.0000
0.0000
0.0000
0.8914
0.0000
0.5197
0.0000
0.0000
0.0000
0.0900
0.0000
0.9780
0.0000
0.0000
0.0000
0.0000
1.0494
0.0000
1.2306
0.0000
1.1407
0.0000
0.0000
0.0000
0.0000
0.0000
0.0000
0.0000
0.0000
1.6253
0.0000
0.7802
0.0000
0.0000
0.0000
1.0955
0.0000
0.0000
0.0000
0.0000
0.0000
0.0000
1.7364
0.6442
0.0000
0.0000
0.0000
1.2497
0.0000
0.0747
0.0000
0.0000
0.0000
1.5254
0.2111
0.0000
0.0000
0.0000
1.9051
2.1703
0.0000
1.2529
0.6885
0.0000
0.0000
0.0000
4.5702
0.0000
0.0000
0.0000
0.0000
0.0000
0.0000
0.0000
0.0000
0.0000
0.9084
0.0000
0.0000
2.6177
0.0000
0.0000
0.0000
0.0000
0.0000
0.0000
0.0000
2.6710
0.0000
0.0000
0.7768
1.8080
1.1258
0.0000
1.8464
0.0000
0.0000
0.0000
0.0000
0.0000
2.6940
0.0000
0.0000
3.3741
2.1545
0.0000
0.0000
0.4749
2.0571
1.2981
1.1506
0.4126
1.8594
0.0000
0.0000
0.0000
0.0000
0.0000
0.0000
0.0000
0.0000
0.0000
0.3295
1.7606
0.0000
1.4571
0.3704
0.0000
0.0000
0.0000
0.2116
0.0000
0.0000
0.0000
3.1017
1.5428
0.0000
0.0000
0.2316
0.0000
0.0000
2.0107
1.1049
0.0000
0.0000
1.7588
0.7014
1.8522
1.1214
0.0000
0.0000
0.0000
0.0000
0.0000
4.4799
0.0000
0.0000
0.0000
0.0000
0.0000
0.0000
0.0000
0.0000
0.0000
0.0000
0.0000
0.0000
0.3725
0.0000
0.0000
0.0000
0.7529
0.0000
0.0000
0.0000
0.0000
0.0000
0.0000
0.4676
2.8948
0.0000
0.0000
0.0000
1.0050
0.0000
1.2222
0.4118
0.0000
0.0000
0.0000
0.0000
0.0000
0.0000
0.0000
0.0000
0.0000
0.8802
0.0000
2.9563
0.5960
0.3105
0.0000
0.0993
0.0000
0.0000
0.0000
0.3572
0.0000
0.0000
0.0000
0.0000
0.0000
0.0000
0.0000
0.0000
0.0000
0.0000
2.5820
0.0000
0.0000
0.0000
0.4307
0.0000
0.9040
1.0269
0.0000
0.0000
0.0000
0.2760
0.0000
0.0000
0.0000
0.0000
0.0000
0.4738
1.3480
0.0000
2.3714
1.3659
0.0000
0.3915
0.0000
0.2992
0.0000
0.0000
1.8185
0.0000
0.9480
0.0000
2.2762
0.0000
2.6167
0.0000
0.0000
0.0000
0.0000
0.0000
2.4912
0.0000
1.4497
1.6557
0.0000
0.5753
0.0000
0.0000
0.0000
0.4057
1.1913
0.0000
0.0000
0.0000
0.0000
0.0000
0.0000
0.0000
0.0000
0.0000
0.2591
0.0000
0.0000
0.0000
2.5391
0.0000
1.4888
3.0830
0.0000
1.4320
0.0000
0.1748
0.0000
0.0000
0.0000
0.0000
1.6899
1.2898
1.5194
0.0000
0.0000
0.0000
1.2532
0.0000
0.0000
0.0000
0.0000
0.0000
0.0000
0.0000
0.2500
0.0000
0.0000
0.0000
0.0000
1.7719
2.6019
0.0000
0.0000
0.0000
0.0000
1.1683
0.0000
0.6133
0.0000
2.3409
0.3435
0.0000
0.0000
0.1097
0.4044
0.0000
0.0000
0.0000
0.0000
0.4834
0.9122
0.0000
0.0000
0.0000
0.0000
0.0000
0.0000
1.0610
0.0000
0.5480
0.0000
0.9931
0.0000
1.3843
0.0000
0.0000
0.0000
2.2744
0.0000
0.0000
0.0000
0.0000
0.8088
0.0000
2.6453
0.0000
0.0000
0.0000
1.4748
1.8015
0.0000
0.1384
0.0000
0.0000
3.3242
0.0000
0.0000
0.0000
0.7587
0.0000
2.5084
0.9860
0.0000
1.5513
0.0000
0.0000
0.5068
0.0000
0.0000
0.0000
0.0000
1.0558
0.0000
1.5596
0.0000
0.0000
0.4746
0.0000
0.0000
0.8645
0.0000
0.0000
0.0000
0.4528
0.0000
0.0000
0.0000
0.0000
0.0000
1.2177
0.0000
0.0000
1.6080
0.0000
0.0000
0.4132
0.6097
2.0334
0.0000
0.0000
0.0000
0.0000
0.0000
0.0000
0.2259
0.0000
0.0157
0.3965
0.4690
0.0000
0.0000
0.0000
0.0000
0.0000
1.8719
0.0000
0.0000
0.0000
0.0000
0.0000
0.0000
0.0000
0.5245
0.0000
0.0000
0.8056
0.4347
1.1623
0.4985
0.6481
0.6889
2.9997
0.0000
0.0000
0.0000
1.2608
0.0000
0.0000
0.0000
1.6506
0.5721
0.1777
0.0000
0.6095
0.0000
1.9306
3.1017
0.0000
1.0526
0.1816
0.3956
0.6629
0.0000
0.0000
0.0000
0.0000
0.0000
0.0000
0.0000
0.0000
0.0000
0.0000
0.0000
0.0000
0.0000
0.0000
0.0000
0.0000
0.4398
0.0000
1.2337
0.2259
0.0000
2.6165
0.0000
0.0000
0.8429
0.0000
0.0000
1.6699
0.0000
0.0000
0.0000
1.7425
0.0000
0.0000
0.0000
1.7688
0.0000
0.0000
1.2384
0.0000
0.0000
0.0000
0.0000
0.0000
1.6051
0.0634
0.1938
2.7364
0.0000
0.3182
0.0000
0.7921
0.8020
0.0000
0.0000
1.3961
0.0000
0.0000
0.0000
0.5339
0.0000
0.4156
0.0000
0.0000
0.1399
0.0000
0.0000
0.0000
0.0000
0.0000
2.3043
0.0000
0.0000
0.0000
0.0000
0.0000
0.0000
0.0000
2.7377
0.2899
0.0000
1.1786
0.0000
0.0000
0.0000
0.0000
0.6201
0.0000
1.7503
0.0000
0.0000
0.0000
0.0000
0.0000
1.5035
0.0000
0.0000
0.0000
0.0000
0.0000
0.0000
0.8725
0.0000
1.3052
0.0000
0.0000
0.0000
0.0000
0.0000
0.0000
3.5840
0.0000
2.1511
0.0000
0.0000
0.0000
1.4302
0.0000
0.0000
0.0000
0.9033
2.0831
0.2169
0.0000
0.0000
0.0000
1.2770
0.0000
0.0000
4.0633
2.0342
0.0000
0.0000
0.0000
2.8317
0.0000
0.9019
0.0000
0.2675
0.0000
0.1825
0.0000
0.0000
0.5031
0.0000
0.0000
0.0000
0.0000
0.1509
0.0000
1.0150
0.0000
0.8142
1.4998
0.0000
1.3346
0.0000
0.0000
0.1867
0.0000
0.0000
0.7015
0.0000
0.3788
0.0000
0.0000
0.0000
0.3113
0.0000
1.3084
0.0000
0.0000
1.0537
0.0000
1.5563
0.6760
0.0000
0.0000
0.0000
0.0000
0.0000
0.0000
0.0000
0.0000
0.0000
0.1745
1.0676
0.0000
0.0000
0.0000
0.0000
0.0000
0.0000
0.1925
0.0000
0.0000
0.0000
0.1689
0.0000
0.0000
0.0000
0.0000
1.8591
0.0000
0.9384
0.0000
0.0000
0.0000
0.0000
0.7043
0.0000
0.0000
0.0000
0.0000
3.5510
0.0000
0.0000
0.6022
0.0000
0.0000
0.0000
1.2096
1.1429
0.0000
0.0000
0.0000
0.0000
0.0000
0.0000
0.0000
0.0000
0.0000
1.9440
0.0174
0.0000
3.1035
0.0000
2.6038
0.0000
0.0000
0.0000
0.0000
0.0000
0.5464
1.0239
1.1183
2.1173
0.0000
1.5103
0.3795
0.0000
0.0000
0.0000
1.8013
0.0000
3.0069
0.7591
0.1152
0.0000
0.0000
0.0000
0.0000
0.0000
0.0000
0.3173
0.0000
0.0000
0.0000
1.3051
1.2144
0.0000
0.0000
1.2337
0.0000
0.0000
0.0000
2.1308
1.1912
0.3092
0.0000
0.0000
0.0000
0.0000
0.0000
0.0000
3.1671
1.2963
5.2030
0.0000
1.9726
3.2985
1.1350
0.0000
0.0000
0.0000
0.0000
0.0000
0.1376
0.0000
0.0000
4.0181
0.0000
0.0000
0.0000
0.8098
0.0000
0.1063
0.0000
2.4664
1.0436
0.0000
0.0000
1.4692
0.7040
1.4822
1.3880
0.0000
0.0000
1.0714
0.0000
3.1277
0.0000
0.0000
2.6730
0.0000
0.0000
0.0000
0.0000
0.0000
3.0299
0.0000
0.0000
0.0000
0.2911
0.0000
0.5014
0.0000
0.0000
0.0000
2.7984
0.0000
0.0000
0.0000
0.0000
0.0000
0.0000
0.5247
0.0000
0.0000
0.0000
0.0000
0.0000
0.0000
0.0000
0.0000
0.0000
0.0377
0.7424
0.0000
0.0000
0.9452
0.0000
0.0000
0.0000
1.2585
0.7499
1.8662
1.1073
0.3793
0.0000
0.5163
0.0000
0.0000
0.0000
0.0000
2.2325
0.0000
1.3237
0.0000
0.0000
3.0173
0.0000
0.0000
1.1924
0.0000
0.0000
0.0000
0.0000
0.0000
0.0000
0.0000
0.0000
1.8063
1.0647
0.0000
0.0000
2.4876
2.6270
0.0000
1.6017
3.3973
0.0000
0.0000
1.0135
0.0000
0.1475
0.0000
2.8151
0.0000
0.0000
0.0000
0.0000
1.1588
0.7541
3.1609
0.0000
0.0000
0.0000
0.0000
0.0000
0.0000
0.0000
0.0000
1.1104
0.0000
0.0000
0.0000
0.0000
0.0000
0.0000
0.0000
0.0000
0.0000
0.4870
0.4469
0.0000
0.4900
0.5162
0.3983
0.0000
0.0000
1.2565
1.6228
0.3815
0.0000
1.0165
1.7366
0.3717
0.0000
0.0000
0.0000
0.0000
0.4162
0.0602
0.0000
0.0000
0.0757
0.0000
0.0000
0.0000
3.0396
2.9395
0.0000
0.0000
0.2449
0.0000
3.1265
0.0000
0.0000
0.0000
0.0000
0.0000
0.0000
0.0000
0.4525
0.6646
0.0265
0.0000
1.7430
0.3886
2.6824
0.0000
0.0000
1.1391
0.0000
0.0000
1.1709
0.0000
0.0000
0.0000
0.0000
4.3265
1.2698
0.0000
0.0000
1.2075
0.0000
0.0000
1.0004
2.5649
0.6644
0.0000
1.4590
1.8260
0.0000
0.0000
0.0000
0.0000
0.0000
0.0000
0.0000
0.2535
0.0000
0.1272
5.0351
0.7824
1.9739
0.0000
0.6585
0.4474
0.0000
0.0000
0.0000
0.2824
0.0000
0.6766
0.0000
0.0000
0.5514
0.2825
0.9116
0.0000
0.1187
0.0000
0.5116
0.3650
1.1763
0.0000
0.0000
0.1137
0.4419
0.0000
0.4790
0.0000
1.5325
0.0000
2.1466
2.3590
0.2337
0.0555
0.0000
0.0000
0.0000
0.1600
0.0000
2.1163
0.0000
0.0000
0.0000
0.0000
0.0000
0.0000
0.0000
0.0000
0.5714
0.0000
0.8286
0.0000
0.0000
0.3021
0.0000
0.1399
0.0000
0.0000
0.0000
0.0000
0.8480
2.5764
0.0000
0.0000
0.0000
0.8335
1.5564
1.3919
0.0000
0.2115
0.0000
2.1461
0.0000
0.0000
0.0000
0.0000
0.0000
0.5982
0.0000
0.0000
0.0000
0.0000
0.5849
0.0000
0.0000
0.0000
0.0000
0.0000
0.0000
0.0000
1.5655
0.0000
0.0000
0.0000
0.9682
1.0887
0.0000
4.0144
0.0000
0.9092
2.5614
1.2736
0.0000
0.0000
0.0000
0.0000
0.3799
0.0000
0.0000
0.0000
0.3468
0.0000
0.0000
0.0000
0.0000
1.0515
0.0000
3.0996
0.0000
4.7875
0.0000
0.0000
3.0534
3.1089
3.2697
0.0000
0.0000
0.0000
0.0000
1.1287
2.1659
0.0000
2.4894
0.0000
0.0463
0.0000
0.0000
0.0000
2.1979
0.0000
0.0000
1.9101
0.0000
1.6999
0.0000
0.0000
0.0000
0.0000
3.7448
0.0000
0.0000
0.0000
0.0000
0.0000
1.3761
0.8137
0.0980
1.9664
0.0000
1.3074
0.0000
0.7218
0.0000
0.0000
0.7229
0.0247
0.0000
0.0000
0.0000
0.0000
0.5395
1.1365
0.0000
0.0000
0.0000
0.0000
0.7807
0.0000
1.1838
0.0000
0.0000
0.2730
1.3495
0.0000
0.0000
0.0000
3.0305
0.0000
0.0000
2.2700
0.0000
0.0000
1.7040
0.0000
0.0000
0.0000
0.0000
2.0332
0.0000
0.0000
0.6879
0.0000
0.7311
1.3259
1.3562
2.3596
0.0000
0.5529
0.0000
0.0000
0.0000
1.6878
0.1330
0.0000
0.0000
0.0000
0.0000
0.0000
0.0000
0.0000
0.0000
0.0000
0.0000
0.0000
0.0000
0.0000
0.0000
0.2010
0.0000
0.0000
0.0000
1.1404
0.0000
1.1010
0.0000
4.5664
0.2425
1.6168
0.5761
0.3239
0.0000
0.0000
0.0000
0.0000
0.0000
0.0000
0.0000
0.0000
1.7915
0.0000
0.0000
0.0000
0.0000
0.0000
0.0000
0.0000
0.0000
0.0000
0.0786
0.0000
0.0000
0.0000
1.3703
0.0000
0.0000
0.0000
3.3827
0.0000
0.1878
0.0000
0.0000
0.0000
0.0000
0.0000
0.0000
0.0000
0.0000
0.0000
0.0000
0.2582
0.1540
0.0000
0.0000
0.0000
0.0000
0.0000
0.0000
0.0000
0.0000
0.4302
0.0000
0.0000
0.0000
0.0000
0.5682
1.7524
0.0000
0.0000
0.0000
0.0000
0.0000
0.0000
0.0000
0.3330
1.2400
0.0000
2.1547
0.0000
0.0000
0.0000
0.0000
0.0000
0.0000
0.0000
0.0000
3.1890
1.1532
0.0000
0.0000
0.0000
0.0000
0.2657
3.1771
0.0000
1.9145
0.3795
0.0000
0.0000
1.7405
0.0000
2.0048
0.0000
0.0000
0.0000
0.0000
1.2451
0.0000
3.0456
0.1242
0.0000
0.0000
0.0000
0.0000
0.0000
0.0000
0.0171
0.2441
0.0000
0.4035
0.0000
0.0000
0.0000
0.0000
0.0000
0.0000
0.2131
0.0000
0.0000
0.0522
0.0000
2.1328
0.0000
0.0000
0.0311
1.3529
0.5172
0.2029
0.7135
1.0512
0.1080
0.0000
0.0000
0.6863
0.9647
0.0000
0.0000
0.0000
0.0000
0.5873
0.7235
0.0000
0.0000
0.0000
0.3397
1.5486
0.0000
0.0000
0.0000
0.0000
0.0000
0.0000
0.0000
0.0000
0.0000
2.7651
0.0000
0.0000
0.0000
0.0000
0.0000
1.0671
0.4655
0.0000
0.0000
0.0000
1.6867
0.0000
0.0000
0.9581
0.0000
0.0000
0.0000
0.0000
1.3366
0.0000
0.1041
0.0000
0.0000
0.0000
0.0000
0.0000
0.0000
0.0000
0.0000
0.0000
0.0000
0.0000
0.0000
0.0000
0.0000
0.5121
0.2564
0.0000
3.1937
0.0000
0.0000
0.0000
0.0000
0.0000
0.0000
0.0000
2.0119
0.3997
0.0000
1.8693
0.8297
0.0000
0.0000
0.3826
0.0488
0.0000
0.0000
0.0000
0.0000
0.1781
0.0000
0.4033
2.4769
0.0000
0.0000
0.0000
0.0000
0.2036
0.0000
0.0000
0.0000
2.0034
1.0697
0.6970
0.0000
0.0000
0.3700
0.0480
0.0000
0.0000
0.0000
1.6301
0.0000
2.4130
0.0000
0.0000
0.0000
0.1091
0.0000
0.9559
0.0000
0.7136
0.3106
0.0000
0.0000
0.3926
0.0000
2.0073
1.0073
0.4357
0.0000
0.0000
0.0000
0.0000
1.3835
0.0000
1.4444
0.7752
0.0000
0.0000
0.0000
0.2168
1.2789
2.0215
0.0000
0.0000
0.0000
0.0000
0.0000
0.0000
3.8290
2.3518
0.0000
0.0000
0.3076
0.0000
0.0000
1.5345
1.5832
2.1305
0.0000
0.0000
0.0000
0.7188
0.9975
3.2801
0.0000
0.0000
0.0000
0.0000
2.3494
3.5834
0.0000
0.0000
0.4078
0.0000
0.0000
2.7502
0.0000
0.0000
2.2448
0.0000
0.0000
0.0000
0.0000
1.2512
0.5390
0.0000
0.0000
0.0000
0.0000
1.4574
1.3196
0.0000
0.0000
0.0000
0.0000
0.0000
0.0000
3.5122
0.0000
0.6883
0.0000
0.5834
1.3350
0.0000
0.8647
0.0000
0.0000
0.0000
0.0000
4.8644
0.0000
0.0000
0.0000
0.0000
0.0000
0.0000
0.0000
1.0003
0.1204
0.0000
0.0000
0.0000
0.4484
0.0000
0.7280
0.1715
4.4154
0.0000
0.0000
0.0000
0.0000
1.3413
0.0000
0.0000
0.0000
0.0000
0.0000
1.8359
0.0000
0.9854
2.3433
0.0000
0.0000
0.0000
0.0000
0.0000
1.0265
1.4622
0.0000
0.5359
0.0000
0.0000
0.0000
0.0000
0.0000
1.9452
0.0000
0.8192
0.0000
0.0000
0.0000
0.0000
0.0000
0.0000
0.0000
1.3318
0.8498
0.0000
0.0000
0.0000
0.0000
2.0175
0.0000
1.7177
2.1722
0.0000
0.0000
0.0000
0.0000
0.0000
0.0000
0.0000
1.7869
0.0000
0.2180
0.8384
0.0000
0.4102
0.0000
0.0000
0.0000
0.2598
0.0000
1.4206
3.6125
0.5886
0.5174
0.8861
0.0000
1.2838
0.0000
0.0000
0.0000
0.0000
1.7278
0.0000
0.9673
0.0000
0.0000
0.5217
0.0000
0.0000
0.0000
0.0000
0.0000
0.0000
0.0000
0.2016
1.0516
0.0000
0.0000
0.0000
4.1010
0.0000
0.0000
0.0000
0.0000
0.0000
2.4362
0.0000
0.0000
0.0000
0.6143
0.4858
0.0000
2.3055
0.6000
2.9919
0.0000
0.5329
0.0000
0.0000
0.0000
0.0000
1.5353
0.0000
0.0000
0.0000
1.7847
0.0000
1.3635
0.0000
0.0000
0.0000
0.0000
3.4371
0.0000
0.0000
0.0000
0.0000
0.0000
0.0000
0.0000
0.1699
1.5419
0.0000
0.0218
0.9210
2.4963
0.0000
0.0000
0.0334
0.0005
0.2204
0.1375
0.0000
0.0000
0.0000
0.0000
1.3846
0.3378
0.0000
0.0000
1.6996
1.0624
1.2930
0.3144
0.0000
0.0000
0.0374
0.0000
3.0609
0.0000
1.7099
0.0000
0.0000
0.0000
1.3691
2.8360
0.0000
0.0000
0.0000
1.8665
0.4880
0.5204
1.0812
0.0000
0.0000
0.0000
0.8544
2.5137
0.0000
0.0000
0.0000
1.2969
0.0000
0.8978
0.0000
0.5074
0.5707
0.0000
0.0625
0.0000
0.0000
0.0000
1.7520
0.0000
0.0000
0.0000
1.5953
1.9723
0.0000
2.5514
0.0000
0.0000
0.0000
0.0000
0.0000
0.6731
0.0000
0.0000
1.1086
1.0353
0.0000
2.2444
0.0000
0.0000
0.0000
0.0000
0.0000
1.2989
0.0000
0.0000
0.0000
0.0000
0.0000
0.0000
0.0029
0.0000
1.6388
0.0000
0.0000
0.0000
0.0000
0.0000
0.0000
1.7201
0.0000
0.4293
0.0000
0.0000
0.0000
0.0000
0.0000
0.0000
0.0000
0.0000
0.0000
0.9693
0.4583
0.7209
0.0000
1.8128
0.0000
0.0000
0.0000
0.0665
0.0000
0.0000
2.9390
0.0000
0.0000
0.0000
0.0000
0.9497
0.0000
1.5529
0.0000
0.0000
0.0000
0.0000
2.9625
0.0000
0.0000
0.0000
0.3570
0.0000
0.0000
0.0000
0.0000
0.0000
2.5149
0.0000
0.0000
0.0000
0.0000
0.0000
3.1312
0.0000
0.0000
4.2085
1.5245
0.0000
0.0000
0.0000
0.8140
0.0000
0.6927
0.6483
0.0000
0.0000
1.9094
2.8105
0.0000
0.0000
2.1132
0.0000
0.1926
0.0000
0.0000
1.3709
0.0000
0.0000
0.0000
0.0000
3.6515
0.0000
0.0000
0.0000
0.0000
0.0000
0.0000
0.6619
0.0000
0.9340
2.5717
0.0000
0.0000
0.0000
0.0000
0.1835
1.2990
0.0000
0.0000
0.0000
0.0000
0.0000
0.0000
0.0000
0.0000
0.0000
0.0000
0.6283
0.0000
1.2471
0.5826
0.0000
0.2224
1.0004
0.0000
0.0000
0.0000
0.0000
0.0000
0.8068
0.0000
0.0000
0.0000
0.0000
0.0000
0.0000
1.0419
0.0000
0.0000
0.0000
0.0000
1.1676
1.1297
0.0000
0.2720
0.0000
0.0000
1.2252
0.0000
0.0000
0.0000
1.8536
1.6102
0.0000
0.0000
0.0000
0.0926
0.3321
0.0000
0.0000
3.1603
0.0000
0.0000
1.1938
3.6596
0.0000
0.3836
0.0000
0.0000
0.0000
0.0000
2.5963
0.0000
0.0000
0.0000
0.0000
0.1504
0.0000
0.0911
0.7941
0.8272
0.0000
0.0000
0.0000
0.0000
0.0000
0.0000
0.0000
0.0000
0.0000
2.7447
0.0000
2.5995
0.0000
0.0000
1.7482
0.0000
1.8488
0.0000
2.4242
0.1786
0.0000
1.2512
0.0000
0.0000
2.2840
0.2326
0.0000
0.0000
1.1439
0.0000
0.0000
0.0000
1.5834
0.3086
0.0000
3.0655
0.0000
0.0000
0.0000
2.1405
0.5696
0.3889
0.0000
0.0000
0.0000
1.7732
0.6734
0.0000
0.0000
2.0615
0.0000
0.0000
0.8959
0.9594
3.1473
0.0000
2.6278
0.0000
1.7167
0.0000
0.0000
0.0000
0.0000
0.0000
0.0000
0.4976
0.0000
2.3348
2.6868
4.1144
1.5175
0.0000
1.6752
0.0000
0.0000
0.0000
0.0000
0.0000
2.0769
0.0000
0.0000
3.7938
0.0000
0.0000
0.0000
2.6846
1.7503
0.0000
0.0000
0.0000
0.0000
1.5278
0.8257
1.8747
0.0000
0.0000
0.0000
2.3514
0.7215
1.2198
0.5409
0.0000
0.0241
0.0000
0.0000
0.0000
1.2813
0.0000
0.0000
0.0000
0.4538
0.0000
1.7847
0.0000
0.9176
0.0000
0.0000
0.0000
1.0801
3.2039
0.0000
0.0000
0.2210
2.3493
0.0000
1.0153
0.0000
0.0000
0.6796
0.0000
0.0000
0.0000
0.0000
0.0000
0.0000
4.0684
0.0000
0.0000
1.3595
0.0000
0.0000
1.5461
0.4450
0.9114
1.5098
0.0000
0.6508
2.3607
0.0000
0.0000
0.0000
0.0000
0.0000
0.0000
0.0000
0.0000
0.6409
1.2671
0.0000
0.4522
0.0000
0.0000
0.0000
4.1497
0.3714
0.5508
0.0000
0.3940
0.0000
0.0000
0.0000
0.0000
2.6812
0.0000
1.3736
0.0000
0.2620
2.2223
1.8984
0.0000
0.0000
0.5050
2.5589
0.0000
0.0000
0.0000
0.0000
0.0000
0.0000
0.0000
0.0000
0.0000
0.6070
0.0000
0.0000
0.0000
0.0000
0.0000
0.0000
0.0000
0.0278
1.0782
0.0000
0.0000
0.3114
0.0000
3.5844
0.9678
1.3452
0.7170
0.0000
0.0000
1.6127
0.0000
0.0000
0.0000
1.0659
0.0000
0.0000
4.2805
1.2855
0.0000
3.2730
0.0000
1.5161
0.9370
0.0000
1.2771
1.1114
0.0000
0.0000
0.0000
0.0000
0.0000
0.0000
1.2661
1.3879
0.0000
0.0000
0.0000
0.7050
0.0000
0.0000
1.8775
0.0000
1.1982
0.0000
0.0000
0.0000
0.0000
