0.0000
0.0000
0.0000
0.0000
0.0000
0.0000
0.0000
0.0000
0.0000
2.4513
0.2034
0.0000
0.4769
0.0000
0.0000
0.0000
0.0000
0.0000
0.0000
0.0000
0.0000
0.0000
2.5215
2.2483
0.7037
0.8406
0.0000
0.0000
0.0000
0.0000
0.0000
0.0000
0.0000
0.0000
0.3135
0.0000
0.0000
0.0000
1.5331
0.6883
0.0000
0.0000
0.0000
0.0000
0.0000
0.0000
0.0000
0.0000
0.0000
0.0000
0.0000
0.0000
0.0000
0.0000
0.0000
0.0000
0.0000
0.0000
0.0000
0.0000
0.0000
1.5887
0.0000
0.0000
0.0000
0.0000
0.0000
0.0000
0.0000
0.0000
0.1613
3.5214
0.2360
0.0000
0.0000
0.5742
0.0000
0.0000
0.0000
0.0000
1.3216
0.0000
0.5629
0.0000
0.0000
2.1037
0.0000
2.4284
0.0000
0.0000
0.0000
0.0000
0.8221
1.5334
0.0000
0.0000
0.0000
0.0000
2.8825
0.0000
0.0000
0.0000
0.0000
0.0000
0.1000
0.0000
0.0000
0.0000
1.6305
2.6937
0.0000
0.0000
0.8767
0.0000
0.0000
0.0000
1.2133
0.0000
0.0000
0.0000
1.4315
0.0000
2.1957
0.0000
0.0000
0.0000
0.5672
1.0290
0.0000
0.0000
0.0000
0.0000
0.0000
0.0000
3.6102
0.0000
0.0000
0.5703
0.0000
2.4181
3.5676
0.0000
0.5384
0.6632
1.8606
0.0000
0.0000
0.8722
0.0000
0.0000
0.0000
1.4484
0.0000
0.0000
0.0000
0.8114
0.0000
0.0000
0.2722
0.0000
0.0000
0.0000
0.8612
0.0000
0.0000
1.2058
0.2473
0.0000
0.0000
1.4474
0.0000
0.0000
0.0000
1.1468
0.0000
0.0000
0.0000
0.8170
0.0000
3.7110
1.5838
3.5659
0.0000
0.0000
0.0000
0.0000
0.1224
0.0000
1.8932
0.4326
0.0000
0.0000
0.0000
0.2830
0.0000
0.0000
0.0000
0.3581
3.5559
0.0000
0.0000
0.0000
0.0000
0.0000
1.6221
0.0000
0.0000
0.0000
0.0000
0.0000
0.0000
0.0000
0.0000
1.2588
0.0000
0.0000
0.0000
0.0000
0.0000
0.0000
0.0000
0.0000
0.0000
0.0000
2.3691
0.0000
0.0000
0.6913
0.0000
0.0000
0.0000
0.0000
0.0000
0.0000
1.9841
0.0000
0.9698
0.0000
0.7417
0.0000
0.0000
0.0000
2.0628
0.0000
0.0000
0.0000
0.0000
0.0000
0.4840
0.0000
0.0000
0.0000
0.0000
0.0000
0.0000
0.0000
0.0000
0.0000
0.4990
0.0000
0.0000
0.0000
0.0000
0.0000
0.0000
0.0000
0.0000
0.0000
0.0000
0.0000
3.4904
0.0000
0.0000
1.4082
0.2850
0.0000
0.0000
0.4651
0.0000
0.0000
2.0731
0.0000
0.0435
0.7670
0.0000
2.6975
0.0000
0.0000
0.0000
0.0000
0.0000
0.0000
0.0000
0.0000
4.2076
0.0000
0.0000
0.7052
0.0000
0.0360
0.0000
0.0000
0.0000
0.0000
0.0000
0.0000
0.0000
0.0000
0.0000
1.3211
0.0000
0.0000
0.0000
0.0000
0.7156
0.0000
0.0000
0.0000
0.0000
0.2131
0.0000
0.0543
0.0000
1.0326
0.0000
1.1703
0.0000
0.0000
0.0000
3.2701
0.0000
0.0000
0.0000
0.0000
0.0000
0.7921
1.0621
0.0000
0.0000
2.4838
0.0000
0.0000
0.0000
0.0000
0.0000
4.5079
0.0000
0.0000
0.0000
0.0000
0.0000
2.8595
2.0665
0.0000
2.1786
0.0000
0.0000
0.0000
0.9731
0.0000
0.0000
0.0000
0.0000
0.0000
0.0000
2.0897
0.0000
0.0000
0.0000
0.0000
0.0000
1.6536
0.0000
0.0000
0.2494
0.8388
0.0000
0.1828
0.0000
0.0000
3.1312
0.0000
0.0000
0.0000
0.0000
0.0000
2.6347
0.0000
0.0000
0.3349
3.7909
0.0000
0.0000
0.0000
0.0000
2.3701
0.0000
0.0000
0.0000
0.8718
0.0000
0.3792
0.0000
0.0000
0.0000
0.0025
0.0000
0.0000
0.1459
0.0000
0.0000
0.0000
0.0000
0.6774
0.4142
0.1293
0.0000
0.0000
0.0000
0.0000
0.0000
0.0000
0.4689
0.0000
0.0000
0.0000
0.0000
0.0000
0.0000
0.0000
0.0000
0.0000
0.0000
0.0000
0.0000
0.0000
1.1468
0.0000
0.2933
0.0000
1.9965
0.1573
0.0000
0.0000
2.5846
0.0000
0.0000
0.3261
3.2128
1.1027
0.0000
0.0000
0.0000
0.0000
0.0000
0.0000
0.0000
0.0000
0.0559
0.0000
0.0000
0.0000
0.2608
0.0000
0.0000
0.0000
0.0000
0.0000
0.0000
0.0000
0.0000
1.8813
0.0000
0.0000
0.0000
3.7872
1.6342
0.0000
0.6551
0.0000
0.0000
0.0000
0.0000
0.6199
0.2884
0.0000
0.0000
0.2973
0.0000
0.8301
0.0000
0.0000
0.0000
0.0000
0.0100
0.0000
0.0000
0.0000
0.0000
0.0000
0.0000
0.0000
1.8219
0.0000
0.0067
0.0000
1.3296
0.0000
0.0000
1.0700
0.9237
3.2060
0.0000
0.0000
0.0000
0.0000
0.0000
0.0010
5.1997
0.0000
1.7142
3.3755
0.0000
1.2264
0.0000
0.0000
0.0000
0.0000
0.0000
0.0000
0.0000
0.0000
0.0000
0.0000
0.2563
1.8461
0.0000
0.0000
2.3979
0.0000
0.0000
0.0000
0.0000
0.0000
0.0000
0.0000
0.0000
0.0000
0.0000
0.0000
0.0000
0.0000
0.0000
0.0000
0.0000
0.0000
0.0000
0.0000
0.0000
0.0000
0.0691
0.6064
0.0000
0.0000
0.0000
0.9163
0.0000
0.0000
0.0000
0.0000
0.0000
0.0000
0.0000
0.0000
0.0000
0.0000
0.0000
0.0000
0.0000
0.0000
0.0000
0.0000
0.0000
0.0000
0.0000
0.0000
0.1319
0.6630
2.2036
0.0000
0.0000
0.0000
0.0000
0.1213
0.0000
0.0000
0.0000
0.0000
2.8310
0.9399
0.0000
1.9079
0.0000
0.0000
0.0000
0.0000
0.5141
0.0000
0.0000
0.0000
0.0000
0.0000
0.0000
2.4321
0.0000
0.0000
0.2798
0.3745
0.0000
0.0000
2.5720
0.0000
0.0000
0.0000
0.0000
0.0000
0.0000
0.0000
0.0000
0.0000
0.0000
0.0000
0.0000
0.0000
0.3684
1.5622
0.0000
1.6610
0.0000
0.0000
0.0000
0.0000
0.0000
0.0000
0.0000
0.0000
0.0000
0.3708
0.0000
0.0000
0.0000
1.8023
1.3664
0.2901
0.0000
0.0000
0.0000
0.0000
0.0000
0.0000
0.0000
2.0311
0.1531
0.0000
0.0000
0.0000
0.0000
0.0000
0.0000
0.0000
0.6269
0.0000
0.0000
0.0000
0.0000
0.0000
0.0000
0.0000
0.0000
0.0000
0.0000
1.7671
0.0000
0.0000
0.0000
0.3450
0.0000
0.0000
0.0000
1.2695
0.6557
0.0000
4.7841
0.0000
0.0000
0.0000
0.0000
0.0000
0.0000
0.0000
2.3905
0.0000
0.0000
0.6751
0.0000
0.0000
0.0000
0.0000
2.2738
0.9083
0.0000
4.1389
0.1336
0.0000
0.0000
0.0000
0.0000
0.0000
0.0000
0.0000
0.0000
0.0000
0.8936
0.0650
0.0000
0.0000
0.5858
0.0000
0.0000
0.4579
0.0000
0.0000
0.0000
1.6945
0.0000
0.0000
0.0000
0.0000
0.0000
2.7546
0.0000
0.0000
0.0000
2.7371
0.0000
0.0000
0.0000
0.4574
0.4649
0.0000
0.0000
0.0000
0.0000
0.0000
0.0000
0.0000
0.0000
0.0000
0.0000
0.0000
0.0000
0.0000
2.5247
0.0000
0.0000
0.0000
0.0000
0.2804
0.0000
0.0000
0.0000
0.0000
0.0000
0.0000
0.0000
0.0000
0.0000
0.0000
0.5633
0.0000
0.0000
0.0000
0.0000
0.0000
0.0000
0.0000
0.5814
0.0000
0.0000
0.0000
0.0000
0.0000
2.9214
1.2849
0.0000
0.0000
0.0000
0.0000
0.9538
0.0000
0.0000
0.0000
2.7162
0.0000
0.0000
0.0000
0.0000
0.0000
0.0000
0.0000
0.0917
0.0000
0.0000
0.6865
0.0000
0.0000
1.2642
0.0000
0.0000
3.1115
0.6533
0.0000
0.0000
0.0000
0.1692
0.0000
0.0000
0.0000
0.0000
0.0000
1.2711
0.0000
0.0000
0.0000
0.0000
0.0000
0.0000
1.2175
0.0000
0.0000
0.0000
0.0000
0.0000
0.0000
0.0000
0.0000
0.0000
0.0000
0.0000
0.0000
0.0000
0.0000
0.0000
0.0000
0.0000
0.7119
0.0000
0.0000
0.0000
0.0000
0.0000
0.0000
0.0000
2.7458
0.0000
0.7289
0.7593
0.0000
0.0000
0.0000
0.0000
0.0000
0.5859
0.0198
0.0000
0.0000
0.0000
0.1088
0.3883
0.0000
0.0000
0.0000
0.0000
0.0000
0.0000
0.0000
0.0000
0.0000
0.0000
0.0000
2.1135
0.0000
0.0000
0.0000
0.7865
0.0000
0.0000
2.2786
1.1321
0.0000
0.0000
0.0000
0.0000
0.0000
0.0000
0.0000
0.0000
0.0000
0.0000
1.3464
0.0000
0.0000
4.5983
0.0000
0.0000
0.0000
0.0000
0.1286
0.0000
0.0000
0.0000
0.0000
1.3530
0.0000
0.0000
3.0707
2.5770
0.0000
0.0000
0.0000
0.0000
0.0000
0.0000
0.4532
0.2902
0.0000
0.0000
0.0000
0.0000
0.0000
0.0000
1.0658
0.0000
0.0000
0.5737
2.0798
0.0000
0.4580
0.0000
5.3734
0.0000
0.5147
0.0000
0.0000
0.0000
0.0000
1.3888
0.0000
0.0000
0.0000
0.0000
0.8147
0.0000
0.9091
0.7813
0.0000
0.0000
0.6240
0.5616
0.0000
0.0000
0.0000
0.0000
0.0000
0.0000
0.0000
0.7778
0.0000
0.2835
0.0000
0.0000
0.3774
0.0000
0.0000
0.7669
2.1926
0.6967
0.0000
0.0000
0.0000
0.6834
0.0000
0.0000
0.0000
0.0000
1.0022
0.0000
0.0000
0.0839
4.3381
1.0015
0.0000
0.0000
0.0875
0.0000
0.0342
0.0000
0.0000
0.0000
2.6073
0.0000
1.2959
0.0000
5.1316
0.0000
0.0000
0.0000
2.6441
0.0000
0.0000
0.0000
2.4513
0.3793
0.0000
0.0000
0.0000
1.1978
0.0000
0.0000
0.0000
1.3872
0.7011
1.8966
0.1491
0.9506
0.0000
0.0000
0.0000
0.5844
0.0000
0.0000
0.0000
0.0000
0.0000
0.0000
0.0000
0.7721
0.0000
0.0000
0.0000
0.0000
0.0000
0.0000
0.0000
0.0000
0.0000
0.0000
0.0000
0.0000
0.0000
1.1376
0.0227
1.4631
0.0000
0.0000
2.3646
0.0000
0.0000
0.0000
0.0000
1.6275
0.0000
0.0000
0.0000
0.0000
0.0000
0.2093
0.0000
0.0000
1.3730
0.0000
0.0000
0.0000
0.3505
0.0000
0.2466
0.0000
0.0000
0.0000
0.0000
0.0000
2.5004
0.0000
0.0000
1.8151
0.0000
0.0000
0.9698
0.0000
0.9807
0.0000
0.0000
0.0000
0.0000
0.2454
0.0000
0.0000
0.0000
0.0000
1.5591
0.0000
0.5731
0.0000
0.0000
0.0000
0.0000
0.0000
0.0000
0.0000
0.0000
0.0000
0.0000
0.0000
0.0000
0.4924
0.0000
0.4481
0.0000
0.0000
0.0000
0.0000
0.0000
0.0000
0.0000
0.0000
0.0000
0.0000
0.0000
0.0000
0.0000
0.0000
0.0000
0.0000
0.0000
0.4324
0.0000
4.8296
0.0000
0.0000
0.0000
0.0000
0.0000
0.0000
0.0000
0.0000
0.0000
0.0000
0.0000
1.2368
0.4614
0.0000
0.0000
0.0000
0.0000
0.0000
0.0000
2.0861
0.0000
0.0000
0.0000
2.5558
0.1471
0.0000
0.0000
4.3867
1.4015
0.0000
0.0000
0.0000
0.0000
0.0000
0.0000
0.0000
0.0000
0.0000
0.0000
0.0000
0.0000
1.1581
0.0000
2.4226
0.0000
0.0000
0.0000
0.2494
0.0000
0.0000
0.0000
0.0000
0.0000
2.1701
3.3650
0.0000
0.0000
0.0000
0.0000
0.4283
0.0000
0.0000
0.0000
3.1825
0.4342
0.0000
0.6608
1.3898
0.0000
0.0000
0.0000
0.0000
0.0000
0.0000
0.0000
0.5055
4.9440
0.0000
0.0000
0.0000
0.0000
0.0000
0.0000
0.0000
0.0000
0.0000
0.0000
0.0000
0.0000
0.0000
0.0000
0.0000
0.0000
0.0000
0.0000
0.0000
0.0000
2.3667
0.0000
0.0000
0.0000
2.6888
0.0000
0.0000
0.0000
3.8350
0.0000
0.0000
0.0000
0.0000
1.8677
0.0000
0.0000
0.0000
0.0000
0.0000
0.0000
0.0000
0.0000
0.0000
0.0000
0.0000
0.0000
0.0000
1.8493
3.4945
0.0000
0.0632
0.0000
0.0000
0.0000
0.7601
2.5039
0.0000
0.0000
0.0000
0.0000
0.0000
0.0000
2.8391
0.0000
0.0000
0.0000
0.0000
0.8199
0.8436
0.0000
0.0000
0.0000
1.9158
0.0000
0.0000
0.0000
0.0000
0.0000
1.8356
0.0000
0.0000
0.2379
0.0000
0.0000
0.0000
0.0000
0.0000
0.0000
0.0000
0.0000
0.0000
0.0000
0.0000
0.0000
1.2939
0.0000
0.0000
0.0000
0.0000
0.0000
1.3975
1.1462
0.0000
0.0000
0.0000
0.0000
0.0000
0.0000
0.0000
0.2069
0.0131
0.9384
0.0000
1.5812
0.0000
0.3974
0.0000
0.0000
0.0000
0.0000
0.0000
0.0000
0.0000
0.0000
0.0000
0.0000
0.0000
0.0000
0.0000
0.0412
0.0000
0.0000
0.0000
0.7827
0.0000
0.4524
0.0000
0.0000
0.1518
1.0269
0.0000
0.0000
0.0000
0.0000
3.0055
3.3989
0.0000
1.5255
0.0000
0.0000
0.0000
0.0000
0.0000
0.0000
0.0000
0.0000
0.0000
0.0000
0.0000
1.9562
0.0000
0.0000
0.0000
0.3105
0.0000
0.1538
0.0000
0.0000
1.6862
0.0000
0.0000
2.2940
0.2111
1.1026
1.1022
6.2809
0.0000
0.6102
0.0000
0.0000
0.0000
0.0000
0.0000
1.7929
0.0000
0.0000
0.0000
0.0000
0.0000
0.0000
0.0000
0.0000
0.0000
1.6199
1.1773
1.4646
0.0000
0.6364
0.0000
0.0000
1.2428
0.8300
0.0000
2.5198
0.0000
0.0000
1.2774
0.3839
0.0000
0.0000
0.0000
0.0000
0.0000
0.0000
0.9089
0.0000
0.0000
0.0000
0.0000
0.0000
0.0000
0.0000
0.0000
3.4630
0.0000
2.1933
0.0000
0.0000
0.0000
0.0000
0.0000
0.0000
0.0000
0.0000
0.0000
0.0000
0.0000
0.0000
0.0326
2.2958
0.0000
0.0000
0.0000
0.1048
0.0000
0.0000
0.0000
0.0000
0.0000
0.3410
0.0000
0.0000
3.0905
0.0000
0.0000
0.0000
0.0000
0.0000
0.0000
0.0000
0.0000
1.0888
1.7226
0.9472
0.0000
0.8237
0.0000
0.0000
0.0000
0.0000
0.0000
0.0000
0.0000
0.0000
0.0000
0.0000
0.0000
0.0000
1.9813
0.0000
0.0000
0.0000
0.0000
0.0000
0.0000
0.3860
0.0000
0.0000
1.8364
1.9341
2.8805
0.0000
0.0000
0.0000
0.0000
2.5156
1.3906
0.0000
0.0000
0.0000
0.0000
0.0000
0.0000
0.0000
1.4572
1.4087
0.0000
0.0000
0.0000
0.0000
0.0000
0.0000
0.0000
0.3387
1.0399
0.4865
0.0000
0.0000
0.0000
0.0000
0.0000
0.0000
0.0000
1.7924
0.0000
0.0000
0.0000
0.6629
0.0000
0.0000
0.0000
0.0000
2.0977
0.0000
0.0000
0.0000
0.3059
0.5486
0.0000
1.3819
0.0000
0.0000
0.0000
0.8748
0.6307
0.0000
0.0000
0.0000
0.0000
0.0000
0.0000
2.9453
0.0000
0.0000
0.0000
0.0000
0.0000
0.0000
0.0000
0.0000
0.0888
0.0000
0.0000
0.0000
0.0000
0.0000
1.3557
0.1990
0.0000
0.0286
3.8335
1.5852
0.0000
0.0000
0.0000
4.8765
0.0000
0.0000
0.0000
2.1649
0.0000
1.0950
0.0000
0.0000
0.0000
0.0000
0.0000
0.0000
0.0000
0.0000
0.0228
1.0961
0.0000
1.5721
0.0000
2.1920
0.0000
0.0000
3.9747
0.0000
0.0000
0.0000
0.0000
0.4369
0.0000
0.1295
0.0000
0.7988
0.8051
0.0000
0.0000
0.0000
0.0000
0.0000
0.0000
0.0000
0.0000
0.0000
0.2041
0.0000
0.0000
0.9357
0.7135
0.0000
0.0000
0.0000
0.0000
0.0000
0.0000
0.0000
0.0000
0.0000
0.0000
0.5920
0.1901
0.0000
0.8618
0.0000
0.0000
0.0000
0.1064
0.7941
0.2203
0.0000
0.0000
0.0000
0.0000
0.0000
0.0000
0.0000
0.0000
0.0000
1.3869
0.8501
0.0000
0.4227
0.0000
0.0000
0.0000
0.0000
0.0000
0.0000
0.0000
0.0000
0.4364
0.0000
0.0000
0.0000
0.0000
0.0000
0.0000
0.0000
0.0000
0.0000
0.0000
0.0000
0.0000
0.1416
0.0000
1.4189
0.0000
0.0000
0.0000
0.0000
0.0000
0.9069
0.0000
0.0000
0.0000
0.0000
0.0000
0.6335
1.9382
0.3725
0.0000
0.0000
0.0196
0.0000
0.0000
0.0000
0.0000
0.0000
0.0000
0.0000
0.0000
0.0000
0.0000
0.5427
0.0000
0.0000
0.0000
4.2907
0.0000
2.0553
0.0000
0.0000
0.0000
0.0000
0.0000
0.0000
0.0000
0.8875
0.0000
0.6817
3.3883
0.0000
0.0000
0.0000
1.3475
0.0000
0.0000
1.8216
0.9122
0.0000
0.0000
0.0000
0.7373
0.0000
0.0000
0.0000
0.0000
0.0000
0.5690
0.0000
0.0000
0.0000
0.0000
0.0000
0.0000
0.0000
3.8219
0.0000
0.0000
2.5256
0.0000
3.6506
0.0000
0.0000
0.0000
0.0000
0.0000
0.0000
0.0000
0.0000
0.0000
0.0000
1.6817
0.0000
1.3502
0.0000
0.0896
0.0000
0.0000
0.0000
0.0000
0.0000
0.0365
2.3336
0.0000
0.0000
0.9389
0.0000
0.0000
1.4998
0.0000
0.0000
0.0000
0.0000
0.0000
0.0000
0.0000
0.0000
0.0000
0.7393
0.0000
0.0000
0.0000
1.0833
0.0000
0.0000
0.0000
0.0000
1.9533
0.0000
2.9195
1.2108
0.0000
0.0000
0.0000
0.0000
0.0000
0.0000
0.0000
0.0000
0.0000
1.2158
0.0000
0.0000
0.0000
0.0000
0.1432
0.0000
0.0000
0.0000
0.0000
0.0000
0.0000
0.0000
0.0000
0.0000
0.0000
2.4492
0.0000
0.0000
0.0000
0.0000
2.1958
0.0000
0.2162
0.0000
0.0000
0.0000
0.0000
0.1475
0.0000
0.0000
0.0000
0.8111
0.0000
0.0102
0.0000
0.0000
0.0000
0.0000
0.9740
0.0000
0.2764
0.0000
0.8410
0.0000
0.0000
0.0000
0.0000
0.0000
0.0000
0.0000
0.0000
0.5184
1.1360
1.8023
0.0000
0.0000
0.0000
2.2953
0.0000
0.0000
0.0000
0.0000
0.2303
0.0000
2.1516
1.1807
0.0000
0.0000
0.0000
0.0000
0.0000
1.4387
0.0000
0.0000
0.0000
0.8926
0.0000
0.0000
0.0000
0.0000
1.9526
3.3170
0.0000
2.3833
0.0000
0.0000
0.0000
0.0000
4.6562
0.0000
0.0000
0.0000
0.0000
0.0000
0.0000
0.0000
0.0000
0.0000
0.1451
0.0000
0.0000
0.0000
0.0000
0.0000
0.0000
0.0000
0.0000
0.0000
0.0000
2.6867
0.0000
0.0000
0.5028
1.2082
1.7249
0.0000
0.4709
0.0000
0.0000
0.0000
0.0000
0.0000
4.0045
0.0000
0.0000
2.1211
1.8321
0.0000
0.0000
2.1845
0.9951
0.0000
0.0000
1.4568
0.6756
0.0000
0.0000
0.0000
0.0000
0.0000
0.0256
0.0000
0.0000
0.0000
0.0000
1.5203
0.0000
1.2629
0.0000
0.0000
0.0000
0.0000
0.0000
0.0000
0.0000
0.0000
2.2500
0.0000
0.0000
0.0000
0.0000
0.0000
0.0000
1.1792
1.6830
0.0000
0.0000
0.0000
0.0000
3.1831
0.2167
0.0000
0.0000
0.0000
0.0000
0.0000
1.8730
0.0000
0.0000
0.0000
0.0000
0.0000
0.0000
0.0000
0.0000
0.0000
0.0000
0.0000
0.0000
2.1081
0.0000
0.0000
0.0000
0.0000
0.0000
1.8808
0.0000
0.0000
0.0541
0.0000
0.0000
0.7306
0.0000
0.0000
0.0000
0.4679
0.0000
0.4016
0.0000
0.0000
0.0000
0.0000
0.0000
0.0000
0.0000
0.0000
0.0000
0.0000
0.0000
0.0000
1.3004
0.0000
0.0000
0.0000
0.0000
0.0000
0.0000
0.0000
0.6532
0.0000
0.0000
0.0000
0.0000
0.0000
0.0000
0.0000
0.0000
0.0000
0.0000
0.1558
0.0000
1.1883
0.0000
0.8366
0.0000
0.0283
0.0000
0.0000
0.0000
0.0000
0.0000
0.0000
0.0000
0.0000
0.0000
0.0000
0.0000
1.4508
0.0000
0.7666
0.0000
0.0000
0.0000
0.0000
0.0000
0.0000
0.0000
1.4335
0.2393
0.0000
0.0000
0.9113
0.0000
2.4038
0.0000
0.0000
0.0000
0.0000
0.0000
1.3671
0.0000
0.0000
2.1569
0.0000
0.2439
0.0000
0.0000
0.0000
1.1980
2.0892
0.0000
0.0000
0.0000
0.0000
0.0000
0.0000
0.0000
0.0000
0.0000
0.0000
0.0000
0.0000
0.0000
0.0000
0.0000
1.4396
4.8640
0.0000
0.1685
0.5030
1.8354
0.0000
0.0000
0.0000
0.0000
1.3375
2.3116
1.8537
0.0000
0.0000
0.0000
0.4902
0.0000
0.0000
0.0000
0.0000
0.0000
0.0000
0.0000
0.0000
0.0000
0.0000
0.0000
0.0000
0.0956
0.7655
0.0000
0.3956
0.0000
0.0000
1.5977
0.0000
1.0895
0.0000
0.7337
0.0000
0.0000
0.0000
1.3530
0.5845
0.0000
0.0000
0.0000
0.0000
0.0000
0.0000
0.0000
0.0000
0.0000
0.0000
0.0000
0.0000
0.0000
0.0000
0.0000
0.0000
0.0000
0.0000
0.0000
0.0000
0.0000
0.0000
4.4499
0.0000
0.0000
0.0000
0.0000
0.0000
0.0000
2.0784
0.0000
0.0000
0.0000
2.4281
1.4855
0.0000
0.0000
0.0000
0.0000
2.7228
0.0000
0.0000
0.0000
0.2435
0.0000
0.2352
0.3067
0.0000
0.0000
0.0000
0.0000
0.0000
0.0000
0.0000
0.0000
0.0000
0.5118
0.0000
0.1107
0.0000
0.0000
0.0000
0.0000
0.0000
1.6480
0.0000
0.0000
0.0000
1.3478
0.0000
0.0000
0.0000
0.0000
0.0000
1.0156
0.0000
0.0000
0.2957
0.0000
0.0000
1.6613
0.0000
2.5368
0.0000
0.0000
0.2279
0.0000
0.0000
0.0000
0.0000
0.0000
0.0000
0.0000
0.2450
0.0000
0.0000
0.0000
0.0000
0.0000
0.0000
0.0000
0.0000
0.0000
0.0000
0.0000
0.0000
0.0000
0.0000
0.0000
0.0000
0.0000
0.0000
1.9508
0.0000
0.0000
0.1386
1.1017
0.0000
0.0000
0.0000
0.0000
0.0000
0.0000
0.0000
0.2007
0.0000
0.0000
0.0000
0.0000
0.0000
2.6662
4.2815
0.0000
0.9379
0.0000
0.0000
0.0000
0.0000
0.0000
0.0000
0.0000
0.0000
0.0000
0.0000
0.0000
0.0000
0.0000
0.0000
0.0000
0.0000
0.0000
0.0000
0.0000
0.1231
0.0000
0.7501
0.8818
0.0000
1.3122
0.0000
0.0000
0.0000
0.0000
0.0000
2.3652
0.1279
0.0000
0.0000
1.8711
0.0000
0.0000
0.0000
0.8930
0.0000
0.0000
0.4177
0.0000
0.0000
0.0000
0.2849
0.0000
1.4322
0.0000
0.0000
3.6461
0.0000
0.1170
0.0000
0.0000
0.2390
0.0000
0.0000
0.0000
0.0000
0.0000
0.0000
0.0000
0.1389
1.0801
0.0000
0.0000
1.9141
0.0000
0.0000
0.0000
0.0000
0.0000
0.7176
0.0000
0.0000
0.0000
0.0000
0.0000
0.0000
0.0890
4.2920
0.0000
0.9177
1.5495
0.0000
0.0000
0.0000
0.0000
0.6119
0.0000
0.0000
0.0000
0.0000
0.0000
0.0000
0.0000
0.1224
0.2113
0.0000
0.0000
0.0000
0.0000
0.0000
0.0000
0.0000
0.9386
0.0000
0.0000
0.0000
0.0000
0.1306
0.0000
1.6360
0.0000
0.5593
0.0000
0.0000
0.0000
1.2529
0.8691
0.0000
0.0000
0.7999
0.8468
0.0000
0.0000
0.0000
0.0000
0.0000
0.0000
0.0000
3.6457
1.0278
0.0000
0.0000
0.0000
2.2529
0.4131
0.0000
0.0000
0.0000
0.0000
0.0000
0.0000
0.0000
0.0000
0.5396
0.0000
0.0000
0.0000
0.0000
0.0000
0.0000
0.0000
0.0000
1.2113
0.0000
1.2329
0.0000
0.0000
1.0501
0.0000
0.0000
0.0000
0.0000
0.0000
0.0000
0.0000
0.0000
0.2907
0.0000
0.0000
0.0000
0.0000
0.7402
0.0000
1.6192
0.8775
0.0000
0.0000
0.0000
0.0000
0.0000
0.0000
0.0000
0.4096
0.0000
0.0000
0.9028
0.0000
0.0000
0.0000
0.4567
0.0000
0.0000
0.0000
0.0000
0.0000
0.0000
0.0000
0.0000
0.0000
0.0000
0.0000
0.0000
0.0000
0.0000
0.0000
0.0000
0.0000
0.0000
0.0000
0.0000
0.0000
0.0000
0.0000
5.2895
0.0000
0.0000
0.0000
0.0000
0.0000
0.0000
0.9163
0.0878
0.0000
0.0000
0.0000
0.0000
0.0000
0.0000
0.0000
0.0000
0.0000
2.3887
0.0000
0.0000
1.8037
0.0000
1.8960
0.6622
0.0000
0.0000
0.0000
0.0000
0.8289
1.0374
0.1826
1.5526
0.0000
5.3642
0.0000
0.0000
0.0000
0.0000
2.6093
0.0000
1.9882
0.0000
0.0000
0.0000
0.0000
0.0000
1.4300
0.0000
0.0000
0.0000
0.0000
0.0000
0.0000
0.6613
0.9877
0.0000
0.0000
0.5669
0.0000
0.0000
0.0000
0.0000
0.1086
0.3218
0.0000
0.0000
0.0000
0.0000
0.0000
0.0000
3.0722
0.5567
3.7890
0.0000
0.0833
3.0250
2.6640
0.0000
0.0462
0.0000
0.0000
0.0000
0.0000
0.0000
0.0000
3.0925
0.0000
0.0000
0.0000
0.7908
0.0000
0.0000
0.0000
1.4655
0.0604
0.0000
0.0000
1.4001
0.3523
0.8183
1.1879
0.0000
0.0000
1.4102
0.0000
2.2864
0.0000
0.0000
3.0667
0.0000
0.0000
0.0000
0.0000
0.0000
3.6934
0.0000
0.0000
0.0000
0.0000
0.0000
0.5549
0.0000
0.0000
0.0000
2.5688
0.0000
0.0000
0.0000
0.0000
0.0000
0.0000
0.2359
0.0000
0.0000
0.0000
0.0000
0.0000
0.0000
0.0000
0.0000
0.0000
0.0000
2.1380
0.0000
0.0000
0.8040
0.0000
0.0000
0.0000
0.3794
1.7182
0.3610
0.0000
0.0000
0.0000
1.7199
0.0000
0.0000
0.0000
0.0000
0.9895
0.0000
0.3391
0.0000
0.0000
2.9569
0.0000
0.0000
0.3694
0.0000
0.0000
0.0000
0.0865
0.0000
0.0000
0.0000
0.0000
0.9337
1.7410
0.0000
0.0000
0.0000
1.4662
0.0000
1.1421
2.5434
0.0000
0.0000
0.0782
0.0000
1.1107
0.0000
0.0206
0.0000
0.2299
0.3127
0.0000
1.7280
0.0000
1.2681
0.0000
0.0000
0.0000
0.0000
0.0000
1.6393
0.0000
0.0000
1.0790
0.0000
0.0000
0.0000
0.0000
0.0000
0.0000
0.0000
0.0000
0.0000
0.8191
0.0000
0.1250
0.0567
0.0000
0.0000
0.0000
0.0000
2.1563
1.5450
0.0000
0.0000
1.7696
0.9655
2.8228
0.0000
0.0000
0.0000
0.0000
0.2196
0.7550
0.0000
0.0000
0.0000
0.0000
0.0000
0.0000
2.5837
4.0088
0.0000
0.0000
0.0000
0.0000
2.0343
0.0000
0.0000
0.0000
0.0000
0.0000
0.0000
0.0000
0.0000
0.0000
0.0000
0.0000
0.7272
0.0000
5.0189
0.0000
0.0000
0.0000
0.0000
0.0000
0.4778
0.0000
0.0000
0.0000
0.0000
5.0017
0.5114
0.0000
0.0000
0.0000
0.0000
0.0000
0.0000
2.4048
0.3836
0.0000
0.0000
1.6226
1.2115
0.0000
0.0000
0.0000
0.0000
0.0000
1.0127
0.0000
0.0000
0.4876
7.9864
0.0000
0.5628
0.0000
0.4850
0.0000
0.0000
0.0000
0.0000
0.0000
0.0000
0.0000
0.0000
0.0000
0.3764
1.3090
0.0000
0.0000
0.0000
0.0000
0.1446
0.0000
1.8930
0.0000
0.0321
0.0000
0.0000
0.0114
0.0000
0.0000
0.0000
0.0000
0.8888
2.3234
0.0000
0.0000
0.0000
0.0000
0.0000
0.0000
0.0000
0.5189
0.0000
0.0000
0.0000
0.0000
0.0000
0.0000
0.0000
0.0000
1.6329
0.0000
0.0217
0.0000
0.0000
0.0000
0.0000
0.0000
0.0000
0.0000
0.0000
0.0000
0.0000
1.5017
0.0000
0.0000
0.0000
2.1927
0.0814
0.8374
0.0000
1.2139
0.0000
0.6983
0.0000
0.0000
0.0000
0.0000
0.0000
0.0000
0.0000
0.0000
0.0000
0.0000
0.5400
0.0000
0.0000
0.0000
0.0000
0.0000
0.0000
0.0000
1.3996
1.0303
0.0000
0.0000
0.8331
0.8861
0.0000
1.5874
0.0000
0.0000
2.9581
1.8479
0.0000
0.0000
0.4974
0.0000
0.0000
0.0000
0.0000
0.0000
0.0000
0.0000
0.0000
0.0000
0.0000
0.2985
0.0000
2.8629
0.0000
4.0997
0.0000
0.0000
1.1710
3.3368
0.0462
0.0000
0.0000
0.0000
0.0000
0.4157
0.6902
0.0000
2.0603
0.0000
0.0000
0.0000
0.0000
0.0000
1.3631
0.0000
0.0000
2.6869
0.0000
0.3576
0.0000
0.0000
0.0000
0.0000
3.4028
0.0000
0.0000
0.0000
0.0000
0.0000
2.9961
0.4758
1.3391
0.6199
0.0000
0.6285
0.0000
0.0713
0.0000
0.0000
1.3701
0.0000
0.0000
0.0000
0.0000
0.0000
0.5707
1.1612
0.0000
0.0000
0.0000
0.0000
0.0000
0.0000
1.2054
0.0000
0.0000
0.0000
1.7645
0.0000
0.0000
0.0000
5.2626
0.0000
0.0000
1.3305
0.0000
0.0000
0.5206
0.2725
0.0000
0.0000
0.0000
1.1673
0.0000
0.0000
0.4635
0.0000
0.0000
0.0000
3.3923
2.2021
0.0000
0.0000
0.0000
0.0000
0.0000
0.8844
1.0274
0.7050
0.0000
0.0000
0.0000
0.0000
0.0000
0.0000
0.0000
0.0000
0.0000
0.0000
0.0000
0.0000
0.0000
0.0551
0.0000
0.0000
0.0000
3.0713
0.0000
0.5162
0.0000
3.5693
0.0000
0.0000
0.3934
0.8735
0.0000
0.0000
0.0000
0.0000
0.0000
0.0000
0.2023
0.0000
0.5686
0.0000
0.0000
0.0000
0.0000
0.0000
0.0000
0.0000
0.0000
0.0000
0.0000
0.0000
0.0000
0.0000
2.2264
0.0000
0.0000
0.0000
4.2111
0.0000
0.0000
0.0000
0.0000
0.0000
0.0000
0.0000
0.0000
0.0000
0.0000
0.0000
0.0000
0.0000
0.0000
0.0000
0.0000
0.0000
0.0000
0.0000
0.0000
0.0000
0.0000
1.5185
0.0000
0.0000
0.0000
0.0000
0.0000
1.3288
0.0000
0.0000
0.0000
0.0000
0.0000
0.0000
0.0000
0.0000
0.0000
0.0000
3.6275
0.0000
0.0000
0.0000
0.0000
0.0000
0.0000
0.0000
0.0000
0.6052
0.0000
0.0000
0.0000
0.0000
0.0000
0.8621
1.0154
0.0000
0.1479
0.0000
0.0000
0.0000
1.5463
0.2411
0.8527
0.0000
0.0000
0.0000
0.0000
0.0000
0.0000
2.1898
1.2294
0.0000
0.1423
0.0000
0.0000
0.0000
0.0000
0.0119
0.0000
0.0000
0.0263
0.0000
0.0000
0.0000
0.0000
0.0000
0.0000
0.4353
0.0000
0.0000
0.3026
0.0834
0.0000
0.0000
0.0000
0.0000
1.2095
1.7928
0.0000
0.0000
1.6619
0.9504
1.5482
0.0000
0.0000
0.0000
0.0000
0.0000
0.0000
1.0007
0.8670
0.0949
0.0000
0.0000
0.0000
0.0000
0.7361
0.0000
0.0000
0.0000
0.0000
0.0000
0.0000
0.0000
0.0000
0.0000
3.4751
0.4146
0.0000
0.0000
0.0000
0.0000
1.2919
0.6000
0.0000
0.0000
0.0000
0.5610
0.0000
0.0000
3.0397
0.0000
0.6086
0.0000
0.0000
1.2227
0.0000
0.0000
0.0000
0.0000
0.0000
0.0000
0.0000
0.0000
0.0000
0.0000
0.0000
0.0000
0.0000
0.0000
0.0000
0.0000
0.0000
0.4423
0.0000
3.3220
0.0000
0.0000
0.0000
0.0000
0.0000
0.0000
0.0000
0.0633
0.0000
0.0000
0.1219
0.1083
0.0000
0.0000
0.0000
0.0000
0.0000
0.6025
0.0000
0.0000
0.7920
0.0000
0.0000
0.2157
0.0000
0.0000
0.0000
0.0000
0.6359
0.0000
0.0000
0.0000
0.9497
2.4991
0.0000
0.0000
0.0000
0.0000
0.0000
0.0000
0.0000
0.0000
2.7949
0.0000
1.8418
0.0000
0.0000
0.0000
0.0000
0.6476
0.3462
0.0000
1.6553
2.3750
0.0000
0.0000
1.2670
0.0000
1.5516
0.0000
0.0000
0.0000
0.0000
0.0000
0.0000
0.9133
0.0000
1.7799
0.8527
0.0000
0.0000
0.0000
0.0000
1.3373
0.3635
0.0000
0.0000
0.0000
0.0000
0.0000
0.0000
4.0683
1.0730
0.0000
0.0000
0.0000
0.0000
0.0000
0.1394
0.0000
0.9153
0.0000
0.0000
0.0000
0.0000
0.4784
4.1576
0.0000
0.0000
0.0000
0.0000
2.5210
0.8923
0.0000
0.0000
0.0000
0.0000
0.0000
0.0000
0.0000
0.0000
2.7898
0.0000
0.0000
0.0000
0.0000
0.0000
1.0079
2.4339
0.0000
0.0000
0.0000
0.6236
1.1006
0.0000
0.0000
0.0000
0.0000
0.0000
0.0000
4.4413
0.0000
0.9101
0.0000
0.0000
0.0000
0.0000
0.0000
0.0000
0.0000
0.3897
0.0000
3.3246
0.0000
0.0000
0.0000
0.0000
0.0000
0.0000
0.0000
0.0000
0.8870
0.0000
0.1087
0.0000
0.2645
0.0000
0.0000
1.3711
6.1320
0.0000
0.9488
0.0000
0.0000
0.0000
0.0000
0.0000
0.0000
0.0000
0.0000
1.9859
0.0000
0.6571
0.0000
0.0000
0.0000
0.0000
0.0000
0.0000
0.0000
2.6172
0.0000
0.0000
0.0000
0.0000
0.0000
0.2472
0.0000
2.3468
0.0000
1.5923
0.0000
0.0000
0.0000
0.0000
0.0000
0.0000
0.0000
0.1728
0.0000
0.0000
0.0000
0.0000
0.0000
4.4728
0.0000
1.9129
1.6243
0.0000
0.0000
0.0000
0.0000
0.0000
0.0000
0.0000
2.4666
0.0000
0.0000
0.0000
0.0000
0.0000
0.0000
0.0000
0.0000
0.0353
0.0000
1.3393
1.0326
0.0000
2.3441
0.9261
0.0000
0.5225
0.0000
0.0000
0.0000
0.0000
0.0000
0.0000
0.0000
0.0000
0.0000
0.0000
0.0000
0.0000
0.0000
0.0000
0.0000
0.0000
0.0000
0.0000
0.0000
0.0000
0.0000
0.0000
4.6135
0.0000
0.0000
0.0000
0.0000
0.0000
0.5078
0.0000
0.0000
0.0000
0.0000
2.1591
0.0000
2.0804
0.0000
4.0324
0.0000
0.0000
0.0000
0.0000
1.6275
0.0000
0.4654
0.0000
0.0000
0.0000
0.6224
0.0000
0.0000
0.0000
0.0000
0.0000
0.0000
1.8865
0.0000
0.0000
0.0000
0.0000
0.0000
0.0000
0.0000
0.0000
1.4502
0.0000
0.0000
0.3685
2.5861
0.0000
0.0000
0.0000
0.0000
0.0000
0.0000
0.0000
0.0000
0.0000
0.0000
0.9491
0.0000
0.0000
0.0000
1.9790
1.1676
1.6670
0.0000
0.0000
0.0000
0.1539
0.0000
4.7383
0.0000
0.0987
0.0000
0.0000
0.0000
0.9288
1.3140
0.0000
0.0000
0.0000
0.2783
0.0000
0.0000
0.4398
0.0000
0.0000
0.0000
0.0000
1.2734
0.0000
0.0000
0.0000
1.1415
0.0000
1.7014
0.0000
0.0000
0.0000
0.0000
0.0000
0.0000
0.0000
0.0000
0.6695
0.0000
0.0000
0.0000
1.2109
2.1501
0.0000
3.3093
0.0000
0.0000
0.0000
0.0000
0.0000
0.0000
0.0000
0.0000
0.0000
1.0684
0.0000
1.9107
0.0000
0.0000
0.0000
0.0000
0.0000
3.0973
0.0000
0.0000
0.0000
0.0000
0.0000
0.0000
0.0000
0.0000
2.2459
0.0000
0.0000
0.0000
0.0000
0.0000
0.0093
0.6560
0.0000
0.0000
0.0000
0.0604
0.0000
0.0000
0.0000
0.0000
0.0000
0.2351
0.0000
0.0000
0.5695
0.0000
0.0000
1.5421
0.0000
0.0000
0.0000
0.0000
0.0000
0.0000
3.0744
0.0000
0.0000
0.0000
0.0000
0.0000
0.0000
2.1960
0.0000
0.0000
0.0000
0.0000
1.2621
0.0000
0.0000
0.0000
0.2006
0.0000
0.0000
0.0000
0.0000
0.0000
2.6524
0.0000
0.0000
0.0972
0.0000
0.0000
2.4707
0.0000
0.0000
4.7023
1.1189
0.0000
0.0000
0.0000
0.2422
0.0000
0.0000
0.0000
0.0000
0.0000
1.7628
2.4884
0.0000
0.0000
1.4086
0.0000
0.5746
0.0000
0.0000
2.4032
0.0000
0.0000
0.0000
0.0000
2.5665
0.0000
0.0000
0.0000
0.3045
0.0000
0.0000
0.0000
0.0000
0.0000
1.9905
0.0000
0.0000
0.0000
0.0000
1.2968
1.7220
0.0000
0.0000
0.0000
0.0000
0.0000
0.0000
0.0000
0.7966
0.0000
0.0000
0.0000
0.0000
0.0000
0.0000
0.0000
0.0000
0.2722
0.0000
0.9579
0.0000
0.0000
0.0000
0.3629
0.0000
0.0000
0.0000
0.0000
0.0000
0.0000
0.5994
0.0000
0.0000
0.0000
0.0000
0.1875
0.3607
0.1581
0.0000
0.0000
0.2186
2.3933
0.0000
0.0000
0.0000
2.4006
2.0966
0.0000
0.0000
0.0000
0.0000
0.0000
0.4417
0.0000
2.5321
0.9068
0.0000
0.0000
3.2113
0.0000
0.5428
0.0000
0.0000
0.0000
0.0000
4.8624
0.0000
0.0000
0.0000
0.0000
0.0000
0.0000
0.0000
0.0000
1.0245
0.5813
0.0000
0.7930
0.0674
0.0000
0.0000
0.0238
0.0877
0.0000
4.2844
0.0000
2.9604
0.0000
0.0000
1.4897
0.0000
0.0940
0.0000
2.0794
0.0000
0.3200
1.7982
0.0000
0.0000
0.3520
0.0000
0.0000
0.0000
0.3831
0.0000
0.0000
0.0000
0.2475
0.0000
0.0000
1.2902
0.0000
0.0000
0.0000
0.1893
0.0000
0.0000
0.0000
0.1064
0.0000
2.0384
0.2440
0.0000
0.0000
2.1693
0.0000
0.0000
1.5344
0.0000
1.0826
0.0000
3.3844
0.0000
0.6665
0.0000
0.0000
0.0000
0.0000
0.0000
0.0000
0.0000
0.0000
2.1677
1.2898
4.8844
0.0000
0.0000
1.6027
0.0000
0.0000
0.0000
0.0000
0.0000
2.1637
0.0000
0.0000
2.8314
0.0000
0.0000
0.0000
3.0351
2.6018
0.0000
0.0000
0.0000
0.0000
0.5820
0.3355
4.2461
0.0000
0.0000
0.0000
0.3027
0.0000
1.4422
0.2772
0.8370
0.0000
0.0000
0.0000
0.0000
0.6418
0.0000
0.0000
0.0000
0.0000
0.9667
2.0773
0.0000
0.0000
0.0000
0.0000
0.0103
0.7055
2.2287
0.0000
0.0000
1.9252
1.4764
0.0000
0.0349
0.0000
0.0000
0.0000
0.0000
0.0000
0.0000
0.0000
0.0000
0.0000
3.3218
0.0000
0.0000
0.0000
0.0000
0.0000
0.0000
1.0789
1.4079
1.2657
0.0000
1.8429
1.4903
0.0000
0.0000
0.0000
0.0000
0.0000
0.0000
0.0000
0.0000
0.6579
1.6936
0.0000
0.0000
0.0000
0.0000
0.0000
2.2385
0.0000
0.0000
0.0000
1.1033
0.0000
0.0000
0.0000
0.0000
1.7707
0.0000
0.0000
0.0000
0.0191
1.6528
2.9685
0.0000
0.0000
0.1929
1.9564
0.0000
0.0000
0.0000
0.0000
0.0000
0.0000
0.0000
0.0000
0.0000
0.0000
0.0000
0.0000
0.6490
0.0000
0.0000
0.0000
0.0000
0.0000
0.0000
0.0000
0.0000
0.0000
0.0000
1.6376
0.7031
0.0000
0.7491
0.0000
0.0000
1.0512
0.0000
0.0000
0.0000
0.0000
0.0000
0.0000
2.3437
1.8879
0.0000
4.8744
0.0000
0.0000
0.0000
0.0000
0.7557
0.0000
0.0000
0.0000
0.0000
0.0000
0.0000
0.0000
0.0000
0.8945
0.2991
0.0000
0.0000
0.0000
0.0000
0.0000
1.8974
0.0000
0.0000
0.0000
0.0000
0.0000
0.0000
