0.0000
0.0000
0.0000
0.0000
0.1388
0.5399
0.0000
0.0000
0.0000
2.2522
0.0000
0.0000
0.2221
0.0000
0.0000
0.0000
0.0000
0.0000
0.0000
0.0000
0.3584
0.0000
4.1452
1.3620
0.0000
2.4678
0.0000
1.9004
0.0000
0.0000
0.0000
0.0000
2.0394
0.0000
1.5073
0.0000
0.0000
0.0000
1.2172
0.0000
0.0000
0.0000
0.0000
0.0000
0.0000
0.0000
0.0000
0.0000
0.0000
0.0000
0.0000
0.0000
0.0000
0.0000
0.0000
0.0000
0.0000
0.0000
0.0000
0.0000
0.0000
4.0760
0.0000
1.6127
0.0000
0.7629
0.0000
0.0000
0.0000
0.0000
0.8127
1.4217
0.0000
0.0000
0.0000
0.5382
0.0000
0.0000
0.4285
0.0000
1.1697
0.0000
0.0000
0.0000
0.0000
0.5516
0.0000
2.3025
0.0000
0.0000
1.7344
0.0000
1.2761
1.6571
0.0000
0.0000
0.0000
0.0000
2.4394
0.0000
0.0000
0.0000
0.4152
0.0000
0.0000
0.1513
0.0000
0.0000
2.3729
4.2707
0.0000
0.0000
0.0160
0.6522
0.0000
0.0000
0.8285
0.0000
0.0000
0.0000
0.9958
0.0000
2.9094
0.0000
0.0000
0.0000
0.9739
3.0228
0.0000
0.0000
0.0000
0.0000
0.1017
0.0000
1.3469
0.6000
1.9463
1.8412
0.0000
1.7295
2.3207
0.0000
1.4427
0.9751
1.2742
0.0000
0.0000
0.6424
0.0000
0.0000
0.0000
2.0629
0.0000
0.1105
0.0000
0.0000
0.0000
0.9833
0.0000
0.0000
1.3152
0.0000
0.9684
0.0000
0.0000
0.3185
0.8492
0.0000
0.0000
0.4725
0.0000
0.0000
0.0000
0.6572
0.0000
0.0000
0.0000
0.0000
0.0000
4.8366
1.6761
2.6225
0.0000
0.0000
0.0000
0.0000
0.6012
0.0000
1.6048
1.3280
0.0000
0.0000
0.0000
0.0000
0.0000
0.0000
0.0000
0.0000
2.9762
3.8842
0.0000
0.0000
0.0000
0.0000
1.3190
0.0000
0.0000
0.0000
0.0412
0.0000
0.0000
0.0000
0.0000
0.0000
0.0000
0.0000
0.0000
0.0000
0.0000
0.0000
0.0000
0.0000
0.0000
0.0000
0.0000
0.0000
0.0000
0.0000
0.0000
0.0000
0.3517
0.0000
0.0000
0.0000
0.8641
0.0000
2.2083
0.0000
2.5850
0.0000
0.0000
0.0000
1.3022
0.0000
0.0000
0.0000
0.0000
0.0000
0.0000
0.0000
0.0000
0.0000
0.0000
0.1897
0.0000
0.4052
0.0000
0.0000
0.0000
0.0000
0.0000
0.0000
0.0000
0.0000
0.0000
0.0000
0.0000
0.0000
0.0000
1.3326
3.0775
0.0000
0.0000
1.6471
0.0000
0.0000
0.0000
1.6467
0.0000
0.0000
2.3674
0.0000
0.0000
0.0000
0.0000
0.0000
0.0000
0.0000
0.0000
0.0000
0.0000
0.0000
0.0000
0.0000
1.4082
0.0000
0.5553
0.0000
0.0000
2.6600
0.0000
0.0000
0.0000
0.3101
1.5878
0.0000
0.7875
0.0000
0.0000
0.0000
0.0000
0.0000
0.0000
0.2567
1.5206
0.0000
0.0000
0.0000
1.0044
2.2503
0.0000
1.7900
0.0000
1.3614
0.0000
3.2045
0.0000
0.3122
0.0000
1.0747
0.0000
0.0000
0.0000
0.0000
0.0000
1.3626
2.2993
0.0000
0.0000
3.1074
0.0000
0.0000
0.0000
0.0000
0.0000
3.8947
0.0000
0.0000
0.0000
0.0000
0.0000
4.0809
0.0000
0.0000
0.0000
0.1870
0.0000
0.0000
1.0757
0.0000
0.0000
0.0000
0.0000
0.0000
0.0000
1.0376
0.0000
0.0000
0.0000
0.0000
0.0000
1.8445
0.0000
0.0000
0.0000
0.0000
0.0000
0.3493
0.0000
0.0000
4.5037
0.0000
0.0000
0.0000
0.0000
0.0000
0.0000
0.0000
0.0000
0.0000
3.4334
0.0000
0.0000
0.0000
0.0000
0.0000
0.0000
0.0000
0.0000
0.0000
0.0000
2.3254
0.0000
0.0000
0.0000
0.5734
0.0000
0.0000
1.0754
0.0000
0.0000
0.0000
0.0000
0.7579
0.0000
0.7162
0.0000
0.0000
0.0000
0.0000
0.0000
0.1417
0.1439
0.0000
0.0000
0.0000
0.0000
0.8619
0.0000
0.3519
0.0000
0.0000
0.0000
0.0000
0.0000
0.0000
0.0000
0.0000
1.5309
0.0000
0.8139
0.0000
0.0000
0.0000
3.1016
1.0570
0.0000
0.0000
3.7704
2.0214
0.9545
0.0000
0.0000
0.0000
0.0000
1.8729
0.0000
0.0000
0.0000
0.0000
0.0000
0.0000
0.3789
0.0000
0.4740
0.0000
0.0000
0.7776
0.0000
0.0000
0.0000
1.2290
0.0125
0.0000
0.0000
3.2687
2.0110
0.0000
0.0000
0.0000
0.0000
0.0000
0.8311
0.8451
0.3641
0.8632
0.0000
0.1697
0.0000
0.5366
0.0000
0.0000
0.0000
0.0000
0.0000
0.0000
0.0000
0.0000
0.0000
0.0000
0.0000
0.0000
2.4684
0.0000
0.4974
0.2094
0.0000
0.0000
0.0000
2.6868
0.5673
2.2794
0.0000
0.2330
0.0000
0.0000
0.0000
0.1540
4.0282
0.0000
0.0000
3.2335
0.0000
0.0000
2.2379
0.0000
1.3153
0.0000
0.0000
0.0000
0.4542
0.0000
0.1911
0.0000
2.2802
1.1414
0.0000
0.0000
0.0000
0.0000
0.0000
0.8067
0.0000
0.0000
0.0000
0.0000
0.0000
0.9995
0.0000
0.0000
0.0000
0.2586
0.0000
0.0000
0.0000
0.0000
1.1832
0.0000
0.0000
0.0000
0.6158
1.0260
0.0000
0.0000
0.4612
0.2894
0.0000
0.0000
0.0000
0.0000
0.0000
0.0000
0.0000
0.0000
0.0000
0.0000
0.0000
0.0705
0.0000
0.0000
0.0000
0.0000
0.0000
0.0000
0.0000
0.0000
0.0000
0.0000
0.5294
0.0000
0.0000
0.0000
0.0000
0.0000
0.0000
0.0000
0.0000
0.0000
2.7553
0.0000
0.0000
2.3635
0.0000
0.0000
0.0000
0.0000
1.4317
0.0000
0.0000
0.0650
0.0000
0.0000
0.0000
3.1480
0.0000
0.8110
1.3024
0.0000
0.0000
0.0000
0.4732
0.0000
0.0000
0.0000
0.0000
0.6443
0.0000
0.0000
0.0000
0.0000
0.0000
0.0000
0.0000
0.0000
1.1232
2.3338
0.0000
2.1955
0.0000
0.0000
0.0000
0.0000
0.1656
0.0000
0.0000
0.0000
0.0000
0.0000
0.3561
0.0000
0.0000
2.5015
3.2680
0.3173
0.0000
0.0000
0.0964
0.0000
0.0000
0.0000
0.0000
1.8427
0.0000
0.0000
0.0000
0.0000
0.0000
0.0000
0.0000
0.0000
0.0000
0.0000
0.0000
0.0000
0.0000
0.0000
0.1259
0.0000
0.0000
0.0000
0.0000
0.0000
0.0000
0.0000
0.0000
1.0104
0.0000
0.0000
0.0000
1.3975
0.0000
0.0000
1.5004
0.0000
0.0000
0.0000
0.0000
0.0000
0.8211
0.0000
3.2093
0.8231
0.0000
0.3573
0.7192
0.7808
0.0000
0.0000
1.7951
1.7897
0.0000
3.0014
0.0000
1.3289
0.0000
0.0000
0.0000
1.7217
0.0000
0.0000
0.0000
0.0000
1.6030
1.4230
0.0000
0.0000
1.3777
0.0000
2.1622
0.2847
0.0000
0.0000
0.1631
0.0000
0.0000
0.0000
0.0000
0.2723
0.0000
0.8281
0.0000
0.0000
0.0000
2.2867
0.0000
0.0000
0.0000
0.0000
1.5189
0.0000
0.0000
0.0000
0.0000
0.0000
0.0000
0.0000
0.0000
0.0000
0.0000
0.0000
1.1917
0.0000
1.6877
0.0000
0.0000
0.0224
0.0000
0.0000
0.0000
0.0000
0.6497
0.0000
0.0000
0.0000
0.0000
0.0000
0.0000
0.0000
0.1123
0.0000
0.0000
0.0000
0.0000
0.0183
0.0000
0.0000
1.1224
0.0000
0.0000
0.0000
0.0000
0.0000
1.5233
0.9186
0.1050
0.0000
0.0000
0.0000
1.3346
0.0000
0.0000
1.0178
1.5162
0.0000
0.0000
0.0000
0.0000
0.0000
0.0000
0.6188
0.0987
0.5212
0.0000
0.5693
0.0000
0.0000
0.7402
0.0000
0.0000
0.7071
0.7209
0.0000
0.9083
0.0000
0.0000
0.0000
0.0000
0.0000
0.4632
0.0000
0.6652
0.0000
0.0000
0.0000
0.0000
0.4295
1.4830
0.3472
0.0000
0.0000
0.0000
0.0000
0.0000
0.0000
0.0000
0.0000
0.1501
0.0000
1.2354
0.0000
0.0000
0.7387
0.0000
0.0000
0.0000
0.0000
0.0000
0.0000
0.0000
0.0000
0.0000
0.0000
0.0000
1.6435
0.0000
0.0000
0.0000
0.0000
0.0000
0.0000
0.0000
0.0000
3.1639
0.0000
0.0000
0.0000
0.0000
1.9064
0.0000
0.0000
0.0000
0.0000
0.0000
0.0000
0.0000
0.0000
0.1613
0.0000
0.0000
0.0000
0.1822
0.0000
0.2425
0.0000
0.4196
0.0000
0.0000
0.6905
0.0000
0.0000
0.0000
0.0000
0.0000
0.0000
0.0000
0.0000
0.0000
0.0000
0.0000
0.0000
0.0000
0.0000
2.8215
0.0000
0.0000
0.0000
0.0000
0.3740
0.0000
0.0000
0.0000
0.0000
0.7324
0.0000
0.0000
1.8981
2.5983
0.0000
0.0000
0.0000
0.0000
0.0048
0.5475
0.0000
0.0000
0.0000
0.0000
0.0000
0.0000
0.0000
0.0000
0.0000
0.0000
0.0000
1.6003
1.1630
0.0000
0.6090
0.0000
4.3270
0.0000
0.1922
0.0000
0.0000
0.0000
0.4058
1.6969
0.0000
0.0000
0.0000
0.0000
1.3483
0.0000
1.3341
0.2674
0.0000
0.0000
0.0000
0.1521
0.0000
1.3208
0.0000
0.0000
0.0000
0.0000
0.0000
1.4735
0.0000
0.0000
0.0000
0.0000
0.0000
0.0000
1.3150
0.3587
2.0925
1.5419
0.0000
0.0000
0.0000
0.0000
0.0000
0.0000
0.0000
0.0000
1.7363
0.0000
0.0000
0.0000
3.2329
0.0000
0.0000
0.0000
0.3410
0.0000
0.0000
0.0000
0.0000
0.0000
3.6135
0.0000
0.0000
0.0000
3.2255
0.0000
0.0000
0.4927
2.4440
0.0000
2.4146
0.0000
0.2579
0.0000
0.0000
0.0000
1.3963
2.2358
0.0000
0.0000
2.4858
1.1773
0.2568
2.2711
0.0000
1.5529
0.0000
0.1702
0.0000
0.0000
0.0000
0.0000
1.0533
0.0000
0.0000
0.0000
0.0000
0.7614
0.0000
0.0000
0.0000
0.0000
0.0000
0.0000
0.0000
0.0000
0.0000
0.0000
0.0000
0.0503
0.0000
0.0000
0.0000
1.6623
0.0000
0.4957
1.6515
0.0000
0.0000
0.0000
0.0000
0.1972
0.0000
0.0000
0.3077
0.0000
0.0000
1.3329
0.0000
0.0000
0.0000
0.0000
0.0000
0.0000
0.0000
0.0000
1.9181
0.0000
0.5942
0.0000
0.0000
0.0000
1.3510
0.0000
0.0000
0.8344
0.0000
0.0000
1.7679
0.0000
0.8493
0.0000
0.0000
0.0000
0.4279
1.3872
0.0000
0.0000
0.0000
0.0000
1.3166
0.0000
0.0000
2.7502
0.8816
0.0000
0.0000
0.0281
0.0000
0.0000
0.0601
0.0000
0.5407
0.0000
0.0000
1.4698
0.0000
1.7806
0.0000
0.0000
0.0000
0.0000
0.0000
0.0000
0.0000
0.0000
0.0000
0.0000
0.0000
0.0000
0.0000
0.6100
0.0000
0.0000
0.0000
1.1564
2.0174
3.4751
0.0000
0.0000
0.0000
0.0000
0.7133
1.0419
0.0000
0.0000
0.4833
0.3422
0.0000
0.0000
0.0000
0.0000
0.0000
0.0000
0.0000
0.0000
0.0000
2.1509
0.0000
0.0000
0.0000
1.5297
0.7548
0.0000
0.7635
3.1390
2.7919
0.0000
0.0000
0.0000
0.0000
0.0000
0.0860
0.0244
0.0000
0.0000
0.0000
0.0000
0.0000
1.7361
0.0000
2.7225
0.9692
0.0000
0.0000
1.9044
0.0000
0.0000
0.0873
0.0000
0.0000
2.4709
1.5085
0.0000
0.0000
1.0717
0.0000
0.3054
0.0000
0.0000
0.0000
2.5066
1.3935
0.0000
0.0000
0.0000
0.0000
0.0000
0.0000
0.0000
0.0000
0.0000
0.0000
0.0000
3.0517
0.0000
0.0000
0.0000
0.0000
0.0000
0.0000
0.0000
0.0000
0.0000
0.0000
0.0000
0.0000
0.0495
0.0000
0.1485
0.0000
0.0000
0.0000
0.0000
0.6824
0.7667
0.0000
0.0000
0.0000
1.6524
0.0000
0.0000
0.0000
1.8024
0.0000
0.0000
0.0000
0.0000
2.4189
0.0000
0.0000
0.0000
0.0000
0.0000
1.2986
0.0000
0.0000
0.0000
0.0000
0.0000
0.0000
0.0000
0.9809
2.3675
0.0000
0.6271
1.4249
0.0000
0.0000
0.0000
1.8494
0.0000
0.4283
0.0000
0.0000
0.0000
0.0000
2.0916
0.0000
0.0000
0.0000
0.0000
1.1290
0.6885
0.0000
0.0000
0.0000
1.4401
0.0000
0.0000
0.0000
0.0000
0.0000
2.1977
0.0000
0.0000
1.8536
0.0000
0.0000
0.0000
0.0000
0.0000
0.0000
0.0000
0.0000
0.6640
0.0000
0.0000
0.0000
0.0000
0.1649
0.0000
0.0000
0.0000
0.0000
0.1205
1.0012
0.0000
0.0000
0.0000
0.0000
0.0000
0.0000
0.0000
0.0000
1.1706
1.3080
0.0000
0.7352
0.0000
0.7395
0.0000
0.0000
0.0000
0.0000
0.0000
0.0000
0.0000
0.0000
0.0000
0.0000
0.0000
0.0000
0.0000
0.0000
0.0000
0.9865
0.0000
2.6936
0.0000
2.5939
0.0000
0.0000
0.5172
0.0000
0.0000
0.0000
0.0000
0.0000
3.1888
2.1576
0.0000
2.0911
0.0000
0.0000
0.0000
0.0000
0.0000
0.0000
0.0000
0.0000
0.0000
0.0000
0.3919
3.1749
2.2813
0.0000
0.0000
0.9461
0.0000
0.0000
0.1774
0.0000
3.2841
0.0000
0.0000
1.5285
0.5972
2.6981
2.1024
3.5742
0.0000
0.4420
0.0000
0.0000
0.5631
0.0000
0.0000
1.6373
0.0000
0.0000
0.0000
0.0000
0.0000
0.0000
0.0000
0.0000
0.0000
0.3929
2.2524
0.6000
0.0000
1.2653
0.0000
0.0000
0.7474
0.9078
0.0000
1.4062
0.0000
0.0000
0.0000
2.0517
0.0000
0.0000
0.0000
0.0000
0.0000
0.0000
0.0000
0.0000
0.0000
0.6309
0.0000
0.0000
0.1934
0.3638
0.0000
2.1581
0.0000
1.6110
0.0000
0.0000
0.0000
0.0000
0.0000
0.0000
0.0000
0.0000
0.0000
0.0000
0.0000
0.0000
1.7467
2.2062
0.0000
0.0000
0.0000
2.0828
0.0000
0.0000
0.0000
0.0000
0.0000
0.0000
0.1559
0.0000
1.4350
0.0000
0.3757
0.0000
0.0000
0.0000
0.0000
0.0000
0.0000
1.6803
3.2347
3.5418
0.0000
0.8230
0.0000
0.0000
0.0000
0.2424
0.0864
0.0000
0.0000
0.0000
0.0000
0.0000
0.0000
0.0000
0.0000
0.1931
0.0000
0.0000
0.0000
0.0000
0.0000
0.8412
0.0000
0.0000
2.5269
1.0960
1.8236
0.0000
0.5807
0.0000
0.0000
1.3030
2.8103
0.4547
0.0000
0.0000
0.0000
1.4826
0.0000
0.6720
1.7630
1.4735
0.0000
0.1800
0.0000
0.0000
0.0000
0.0000
0.0000
0.0000
0.8073
2.2792
0.0000
0.0000
0.0000
0.0000
0.0000
0.0000
0.0000
0.3998
0.0000
0.0000
0.0000
0.1359
0.0000
0.0000
0.0000
0.0000
0.9970
0.0000
0.0000
0.0000
0.0000
0.0000
0.0000
0.3100
0.0000
0.0000
0.0000
2.0506
0.0000
1.7268
0.0000
0.0000
0.0000
0.6216
0.0000
2.5220
0.0000
0.0000
0.0000
0.0000
0.0000
0.0000
0.0000
0.0000
1.6689
0.0000
0.0000
0.0000
0.0000
0.0000
0.3272
0.0000
0.0000
0.0000
1.9122
0.0000
0.0000
0.0000
0.0000
3.9376
0.6416
0.7251
0.4035
1.2715
0.0000
1.6020
0.0000
0.0000
0.0000
0.0000
0.0000
0.0000
0.0000
0.0000
0.0000
2.1785
0.0000
0.1648
1.3285
3.4664
0.0000
0.0000
2.8786
1.1272
0.0000
0.0000
0.0000
0.0000
0.0000
0.0000
0.0000
0.3155
0.5015
0.0000
0.5796
0.0000
0.4484
0.0000
0.0000
0.0000
0.0000
0.0000
0.0000
0.0000
0.0000
0.0000
1.6116
0.0000
0.6247
0.3434
1.1164
0.2454
0.0000
0.0000
0.0000
0.0000
0.0000
0.2339
1.9103
0.0538
2.0120
0.0000
0.0000
0.0000
0.9997
1.4993
0.6559
0.0000
0.0000
0.0000
0.0663
0.0000
0.0000
0.0000
3.1810
0.0000
2.7852
0.0000
0.0000
0.0000
0.0000
0.3649
0.0000
0.0000
0.0000
0.0000
0.0000
0.0000
0.7729
0.0000
0.0000
0.0000
0.0000
0.0000
0.0000
0.0000
0.0000
0.0000
2.0229
0.0000
0.0000
0.7385
0.0000
0.9767
0.0000
0.0000
0.0000
0.9010
0.0000
3.2400
0.0000
0.0000
0.0000
0.0000
0.0000
1.6613
1.8002
0.3061
0.1469
0.2268
0.8553
1.5201
0.0000
0.0000
0.0000
0.0000
0.6572
0.0000
0.0000
0.0000
0.1571
0.0000
0.0000
0.0000
0.0000
1.8621
0.0000
2.5913
0.0000
0.0000
0.0000
0.0000
0.0000
0.0000
0.0000
1.6225
0.0000
2.9706
3.7355
0.0000
0.0000
0.2584
2.4825
0.0000
0.0460
2.1722
1.0662
0.0000
0.0000
0.0000
0.5715
0.2585
0.0000
0.2138
0.0000
0.9369
0.0000
0.0000
0.0000
0.0000
0.0000
0.0000
1.2515
1.2875
5.1244
0.0000
0.0000
3.6966
0.3535
1.3363
0.0000
0.0000
0.0000
1.0633
0.6991
0.0000
0.0000
0.0000
0.0000
0.0000
2.8659
0.0000
2.9735
0.0000
0.6812
0.0000
0.0000
0.0000
0.0000
0.0000
0.0000
2.0760
0.0000
0.0000
2.4350
0.0000
0.0000
2.1110
0.0000
0.0000
0.2122
0.0000
0.6016
0.0000
0.0000
1.6233
0.8887
0.0000
0.0000
0.0000
0.0000
0.4103
0.0000
0.0000
0.0000
0.0000
2.6030
0.0000
4.5356
1.9399
0.0000
0.0000
0.0000
0.0000
0.0000
0.0000
0.0000
0.0000
0.0000
0.0000
0.1961
0.0000
0.0000
0.0000
0.7950
0.0000
0.0000
0.0000
0.0000
0.0000
1.8287
0.0000
1.1776
1.4535
0.0000
3.1482
0.0000
0.0000
0.0000
0.4471
1.2325
0.0000
0.0000
0.0000
0.0000
1.7551
0.0000
1.1516
0.0000
0.0000
0.0000
0.0000
0.0000
0.2933
0.0000
0.0000
0.0000
0.0000
1.6825
0.0000
1.5785
0.0000
0.2524
0.0000
0.4255
0.0000
0.0000
0.0000
0.0000
0.0000
0.0000
1.4877
0.0000
2.8599
0.0000
0.0000
0.0000
1.6241
0.0000
0.0000
0.0000
0.0000
0.1436
0.0000
1.7240
0.8848
0.0000
0.0000
0.0000
0.0000
0.0000
1.2251
0.3339
0.0000
0.0000
0.8433
0.0000
0.0000
0.0000
0.0000
2.1973
1.1265
0.0000
1.5775
0.3202
0.0000
0.7759
0.0000
6.3368
0.0000
1.9460
0.0000
0.0000
0.0000
0.0000
0.0000
0.0000
0.0000
0.1449
0.0000
0.0000
3.0485
0.0000
0.0000
0.0000
0.0000
0.0000
0.0000
0.0000
2.5727
0.0000
0.0000
0.0000
1.7839
3.0101
0.0000
1.0780
0.0000
0.0000
0.0000
0.0000
0.0000
2.8074
0.1117
0.0000
3.1642
2.7394
0.0000
0.0000
2.0235
0.4593
1.8466
0.8650
0.0000
1.7249
0.0000
0.0000
0.0000
0.0000
0.0000
0.4114
0.0000
0.0000
0.0000
0.0000
0.0509
0.0000
0.8684
0.2228
0.0000
0.0000
0.0000
0.2026
0.0000
0.0000
0.0000
2.4564
2.2706
0.0000
0.0000
0.0000
0.0000
0.0000
1.2806
1.4594
0.0000
0.0000
0.4338
0.2059
2.2825
2.8272
0.3394
0.0000
0.0000
0.0000
0.0000
4.3042
0.0000
0.0000
0.0000
0.0000
0.0000
0.0000
0.0000
0.0000
0.0000
0.0000
0.0000
0.0000
0.4699
0.0000
0.0000
0.0000
1.1696
0.0000
0.0000
0.0000
0.0000
0.0000
0.0000
0.0000
0.7586
0.0000
0.0000
0.0000
0.7769
0.0000
1.8285
0.4768
0.0056
0.0000
0.0000
0.0000
0.0000
0.0000
0.0000
0.0000
0.0000
0.0000
0.0000
3.4009
0.9190
0.0000
0.0000
0.0000
0.0000
0.0000
0.0000
1.5655
0.0000
0.0000
0.0000
0.0000
0.0000
0.0000
0.0000
0.0000
0.0000
0.0000
1.4823
0.0000
0.9917
0.0000
0.2990
0.0000
0.9391
0.0000
0.0000
0.0000
0.0000
0.0000
0.0000
0.0000
0.0000
0.0000
0.0000
0.6654
1.2667
0.0000
0.0000
0.0000
0.0000
0.0000
0.0000
0.0000
0.0000
0.0000
2.7009
0.0000
0.3540
0.0000
0.0263
0.0000
2.3307
0.0000
0.0676
0.0000
0.0000
0.0000
0.8793
0.0000
1.3979
0.8317
0.0000
2.5066
0.0000
0.5640
0.0000
1.3706
1.1582
0.0000
0.0000
0.0000
0.0000
0.0000
0.0000
0.0000
0.0000
0.0000
0.0000
0.0000
0.0000
0.1393
0.4643
1.3724
0.7642
0.7699
0.1891
0.0000
0.0000
0.5033
0.0000
0.0000
0.0000
0.0000
1.2640
1.0027
2.2863
0.0000
0.0000
0.0000
1.2919
0.0000
0.0000
0.0268
0.0000
0.0000
0.0000
0.0000
0.0000
0.0000
0.0000
0.0000
0.0000
2.5204
0.7812
0.0000
0.9295
0.0000
0.0000
1.0776
0.0000
0.3999
0.0000
2.0533
0.1380
0.0000
0.0000
0.1632
0.0000
0.0000
0.0000
0.0000
0.0000
0.0392
0.0000
0.0000
0.0000
0.0000
0.0000
0.0000
0.0000
0.0000
0.0000
0.0000
0.0000
0.6602
0.0000
0.0000
0.0000
0.0000
0.6404
2.9248
0.0000
0.0000
0.0000
0.0000
0.0000
0.0000
3.6564
0.0000
0.0000
0.0000
1.5055
2.1999
0.0000
0.0000
0.0000
0.0000
3.3224
0.0000
0.0000
0.0000
1.4691
0.0000
2.1991
0.2279
0.0000
1.4515
0.0000
0.0000
0.1189
0.0000
0.0000
0.0000
0.0000
0.3696
0.0000
0.0000
0.0000
0.0000
0.0812
0.0000
0.0000
1.0525
0.0000
0.0000
0.0000
0.9714
0.0000
0.0000
0.0000
0.0000
0.0000
0.3785
0.0000
0.3576
4.3543
0.0000
0.0000
0.3686
0.9518
0.5873
0.0224
0.0000
0.0000
0.0000
0.0000
0.0000
1.4420
0.0000
0.0000
0.0000
1.0664
0.0000
0.0000
0.0000
0.0000
0.0000
1.8371
0.0000
0.0000
0.0000
0.0000
0.7122
0.1872
0.0000
0.0379
0.0000
0.0000
0.2871
0.0000
0.2265
0.7687
0.0000
0.0000
3.5067
0.0000
0.0000
0.0000
0.0000
0.0000
0.0000
0.0000
0.0000
0.0000
0.0000
0.0000
0.0000
0.0000
2.0526
8.4094
0.0000
0.0000
1.7660
0.0000
0.1541
0.0000
0.0000
0.0000
0.0000
0.0000
0.0000
0.0000
0.0000
0.0000
0.0000
0.0000
0.0000
0.0000
0.0000
0.0000
0.5426
0.0000
0.0000
2.0645
1.1605
0.0000
1.9286
0.0000
0.0000
0.5203
0.0000
0.6066
0.8931
0.0000
0.0000
0.0000
3.2790
0.0000
0.5966
0.0000
1.9175
0.0000
0.0000
0.6469
0.0000
0.0000
0.0000
0.5590
0.0000
0.2350
1.5045
0.0000
3.3223
0.0000
0.0000
0.0000
0.6106
0.8360
0.0000
0.0000
2.1866
0.0000
0.0000
0.0000
2.0850
0.0108
1.9949
0.5658
0.0000
0.6976
0.5734
0.0000
0.0000
0.0000
0.0000
1.0467
0.0000
0.0000
0.0000
0.0000
0.0000
0.0000
0.0000
1.7445
0.5623
0.0000
2.0805
0.0000
0.0000
0.0000
0.0000
0.0000
0.0000
0.2225
0.0000
0.0000
0.0000
0.0000
0.0000
0.4502
0.0000
0.0000
0.0000
0.0000
0.0000
0.0000
0.6924
0.0000
0.6105
0.0000
0.0000
0.0000
0.0000
0.0992
0.0000
3.9464
0.0000
2.5074
0.0000
0.0000
0.0000
1.2058
0.8063
0.0000
0.0000
1.0199
0.2684
0.0000
0.0000
0.0000
0.0000
0.0000
0.0000
0.0000
5.8913
3.2352
0.0000
0.0000
0.0000
3.3966
0.0000
0.4790
0.0000
0.4318
0.0000
0.0000
0.1933
0.0000
0.0000
0.0000
0.0000
0.0000
0.0000
0.0511
0.0000
0.0000
0.0000
0.0000
0.2439
0.0000
0.5229
0.0000
0.0000
0.5549
0.0000
0.0000
0.0000
0.0000
1.5521
0.0000
0.0000
0.0000
2.8684
0.0000
0.0548
0.0000
0.0000
0.5831
0.0000
3.0412
2.4580
0.7153
0.0000
0.0000
0.0000
0.0000
0.0000
0.0000
0.0000
0.0000
0.0000
0.2984
0.0000
0.0000
0.0000
0.0000
0.0000
0.0000
0.8636
0.0000
0.0000
0.0000
0.0000
0.0000
0.0000
0.0000
0.0000
0.1159
0.0000
0.3345
0.0000
0.0000
0.0000
0.0000
0.0000
0.0000
0.0000
0.0000
0.0000
3.2187
0.0000
0.0000
1.2490
0.0000
0.0000
0.0000
0.0000
0.0000
0.0000
0.0000
0.0000
0.0000
0.0000
0.8683
0.0000
0.0000
0.1060
1.9251
0.0000
0.0000
2.7884
0.0000
1.3728
0.0000
0.0000
0.0000
0.0000
0.0000
1.8131
0.3729
2.8138
2.4773
0.0000
5.1645
0.0000
0.0000
0.0000
0.0000
1.4132
0.0000
3.7549
0.8807
1.2655
0.0000
0.0000
0.0000
1.1398
0.0000
0.0000
0.0000
0.0000
0.0000
0.0000
0.6042
0.3818
0.0000
0.0000
0.0300
0.0000
0.0000
0.0000
0.7610
0.0000
0.0000
0.0000
0.0000
0.0000
0.0000
0.0000
0.0000
4.3591
0.0987
5.5811
0.0000
0.5765
4.1280
2.5249
0.0000
0.0000
0.0000
0.0000
0.0000
0.2604
0.0000
0.0709
4.1838
0.0000
0.0000
0.0000
1.7899
0.5531
0.0000
0.0000
2.8313
0.0000
0.0000
0.0000
0.5310
1.7129
0.0000
1.1071
0.0000
0.0000
0.7402
0.0000
0.9024
0.0000
0.0000
2.1461
0.0000
0.2564
0.5651
0.0000
0.0000
2.4412
0.0000
0.7085
0.0000
0.0000
0.0000
1.2129
0.0000
0.0000
0.0000
2.2178
0.0000
0.0000
0.0000
0.0000
0.0000
0.0000
0.0000
0.0000
0.0000
0.0000
0.0000
0.0000
0.0000
0.0000
0.0000
0.0000
0.0319
1.8116
0.2592
0.0000
0.0000
0.0000
0.0000
0.0000
0.0000
1.4155
1.4534
1.7560
0.0000
0.0000
1.2540
0.0000
0.0000
0.0000
0.0000
0.8189
0.0000
1.5675
0.0000
0.0000
5.0399
0.0000
0.0000
0.6627
0.5081
0.0000
0.0000
1.6111
0.0000
0.0000
0.0000
0.0000
1.3561
1.1818
0.0000
0.0000
0.5720
2.5473
0.0000
2.5032
2.9917
0.0000
0.0000
0.3405
0.0000
0.0000
0.0000
1.8471
0.0000
1.1582
0.0433
0.0000
1.8072
0.0000
0.0000
0.0000
0.0000
0.0000
0.0000
0.2043
0.6865
0.0000
0.0000
1.8323
0.0000
0.0000
0.0000
0.0000
0.0000
0.0000
0.0000
0.0000
0.0000
0.7185
0.0000
0.0000
0.2377
0.0000
0.0000
0.0000
0.2262
0.2486
1.3218
0.0265
0.0000
1.5506
0.8662
0.0000
0.0000
0.0000
0.0000
0.0000
1.4824
2.1797
0.0000
0.0000
0.0000
0.0000
0.0000
0.0000
0.7357
4.2565
0.0000
0.0000
0.0000
0.0000
1.8909
0.0000
0.0000
0.0000
0.0000
0.0000
0.0000
0.0000
0.0000
0.0000
0.0000
0.0000
0.6052
0.0000
3.3500
0.0000
0.0000
0.0000
0.0000
0.0000
0.4568
0.0000
0.0000
0.0000
0.0000
6.3697
1.1880
0.0000
0.0000
0.0000
0.0000
0.0000
1.2315
2.9304
0.0000
0.0000
2.0375
2.0134
0.0000
0.0000
0.0000
0.0000
0.0000
0.0000
0.0000
0.0000
0.0000
0.0000
6.8512
0.0000
0.3568
0.0000
0.0000
0.0000
0.0000
0.0000
0.0000
0.5331
0.0000
2.0307
0.0000
0.0000
0.0000
0.0565
0.0450
0.0000
0.5350
0.0000
0.0000
0.0000
1.5594
0.0000
0.0000
0.2910
1.3893
0.0000
0.0000
0.0000
2.4413
0.0000
3.1876
3.1880
0.0000
0.0000
0.0000
0.3964
0.0000
0.3504
0.0000
1.7199
0.0000
0.0000
0.0000
0.0000
0.0000
0.0000
0.0000
0.0000
0.5173
0.0000
1.4972
2.0983
1.0931
0.3486
0.0000
0.0000
0.0000
0.0000
0.0000
0.0000
0.7316
2.9008
0.6434
0.0000
0.0000
0.7250
1.7488
0.6139
0.0000
0.0000
0.0000
3.2731
0.0000
0.0000
0.0000
0.0000
0.0000
0.2689
0.0000
0.0000
0.0000
0.0000
0.0000
0.0000
0.7121
0.0000
0.0000
0.5595
0.0000
0.0000
1.4177
0.0000
1.1794
0.0000
2.5872
3.5952
0.0000
2.5476
0.0000
0.1864
1.2613
0.6085
0.0000
0.0000
0.0000
0.0000
1.2232
0.9180
0.0000
0.0000
0.3386
0.0000
0.0000
0.0000
0.0000
2.2437
0.0000
2.8054
0.0000
4.8866
0.0000
0.0000
2.1381
1.4103
1.2852
0.0000
1.6140
0.0000
0.0000
0.7358
0.4728
0.0000
1.5177
0.0000
0.0000
0.0000
0.0000
0.0000
1.7870
0.0000
0.0000
2.8334
0.0000
0.0000
0.0000
0.4810
0.0000
0.0000
3.2065
0.0000
0.0000
0.0000
0.0000
0.0000
0.0000
0.0192
0.0000
2.4749
0.0000
1.2537
0.0000
1.2867
0.0000
0.0000
1.0885
0.1356
0.0000
0.0000
0.0000
0.0000
0.0000
1.7388
0.0000
0.0000
0.8047
0.0000
1.9888
0.0104
0.0000
0.0000
0.0000
0.0000
0.4994
0.0000
0.0000
0.0000
5.6966
0.0000
0.0000
1.6213
0.0000
0.0000
2.0578
1.6282
0.0000
0.0000
0.0000
0.0000
0.0000
0.0000
0.7954
0.0000
1.9794
0.1006
1.8450
2.8569
0.0000
0.1582
0.0000
0.0000
0.0000
2.2374
0.0000
0.0000
0.0000
0.0000
0.0000
0.0000
0.0000
0.0000
0.0000
0.0000
0.0000
0.0000
0.0000
0.0000
0.9726
0.1437
0.0000
0.1877
0.0000
0.7324
0.0000
0.0000
0.0000
5.7780
0.0000
0.7564
0.2368
2.5698
0.0000
0.0000
0.0000
0.0000
0.0000
0.0000
0.0000
0.0000
1.5182
0.0000
0.0000
0.0000
0.0000
0.0000
0.0000
0.0000
0.0000
0.0000
0.0000
0.0000
0.0000
0.0000
2.2532
0.0000
0.0000
0.0000
3.2816
0.0000
0.0000
0.0000
0.8009
0.0000
0.0000
0.0000
0.0000
0.0000
0.0000
0.0000
0.0000
1.3314
0.0000
0.0000
0.0000
0.0000
0.0000
0.0000
0.0000
0.0000
0.0000
0.0000
0.0000
0.0000
0.0000
0.0000
0.0000
0.3521
0.0000
0.0000
0.0000
0.0000
0.0000
1.7953
0.0000
0.0000
1.8055
0.0000
0.5097
0.0000
0.0000
0.2576
0.0000
0.0000
0.0000
0.0000
0.0000
2.3948
0.0000
1.0630
0.0000
0.0000
0.0000
0.7505
2.6386
0.0000
0.5158
0.0000
0.0000
0.0000
1.7013
1.4805
2.1758
0.0000
0.0000
0.0000
0.0000
0.9139
0.0000
2.9697
0.4183
0.0000
0.3351
0.0000
0.0000
0.0000
0.0000
0.0000
0.7521
0.0000
0.3597
0.0000
0.0000
0.0000
0.0000
0.0000
1.1514
0.0000
0.0000
1.3652
1.9436
0.0000
2.1543
0.0000
0.0000
0.0000
2.0109
1.9898
3.0961
0.0000
0.9271
0.0000
0.0000
0.0000
0.0000
0.0000
0.0000
0.0000
0.0000
0.0000
1.1843
1.1041
0.0000
0.0000
0.0000
0.0000
0.0000
0.0000
0.0000
0.0000
0.6254
0.0000
0.0000
0.0000
0.0000
0.0000
3.0920
0.0000
0.0000
0.0000
0.0000
0.0000
0.0000
1.4877
0.0000
0.0000
0.0000
2.0426
0.0000
0.0000
0.9198
0.0000
0.2795
0.0000
0.0000
0.0000
0.0000
0.0000
0.0000
0.0000
0.6213
0.0000
0.0000
0.0000
0.0000
0.0000
0.0000
0.0000
0.0000
0.0000
0.0000
0.0000
0.0000
0.0000
0.0000
4.3786
0.0000
0.0000
0.0000
0.0000
0.0000
0.1830
0.0000
1.5145
0.0770
0.0000
0.0000
1.0476
0.5665
0.0000
0.0000
0.0000
0.0000
0.0000
0.0000
0.0000
1.2515
0.0000
0.0000
2.2946
0.0000
0.0000
0.0000
0.0000
1.6837
0.9110
0.0000
0.0000
2.4918
0.1868
0.3249
0.0000
0.0000
0.0000
0.0000
0.0000
0.0000
0.0000
2.8857
0.0000
3.2941
0.0000
0.0000
0.0000
1.1370
1.0394
1.1061
0.0000
2.9045
2.5339
0.0000
0.0000
0.8093
1.6366
0.0000
0.0000
0.0000
0.0000
0.0000
0.0000
0.0000
1.9265
0.0000
0.0000
2.5449
0.4234
0.0000
0.0000
0.0000
2.2298
2.2183
0.0000
0.0000
0.0000
0.0000
0.0000
0.0000
4.1056
1.0215
0.0000
0.0000
0.0000
0.0000
0.7118
0.4408
2.7605
1.6166
0.0000
0.0000
0.0000
0.0000
0.0000
3.4181
0.0000
0.0000
0.0000
0.0000
3.2411
1.8326
0.0000
0.0000
0.0000
0.0000
0.0000
2.5782
0.0000
0.0000
3.8098
0.0000
0.0000
0.0000
0.0000
0.0000
0.6099
1.0473
0.0000
0.0000
0.0000
2.4105
1.9203
0.0000
0.0000
0.0000
0.0000
0.0000
0.0000
4.7193
0.0000
3.0477
0.0000
0.0000
1.0957
0.0000
0.0000
0.0000
0.0000
0.0000
0.0000
4.4124
0.0000
0.0000
0.0000
0.0000
0.0000
0.0000
0.0000
0.0000
1.1281
0.0000
0.9701
0.0000
0.0863
0.0000
0.0000
0.4156
6.7734
0.0000
0.0000
0.0000
0.0000
0.4392
0.0000
0.0000
0.0803
0.0000
1.1492
2.8788
0.0000
1.1053
0.8547
0.7639
0.0000
0.0000
0.0000
0.0000
2.2614
2.6970
0.0000
0.0000
0.0000
0.0000
0.0000
0.0000
0.0000
4.5124
0.0000
0.4334
0.0000
0.0000
0.0000
0.0000
0.0048
0.0000
0.0000
0.6232
1.1347
0.0000
0.0000
0.0000
0.0000
3.4052
0.0000
0.0000
0.0000
0.0000
0.0000
0.0029
0.0000
0.0000
0.0000
0.0000
3.2124
0.0000
0.0000
0.0000
0.0000
0.3553
0.0000
0.0000
0.6012
1.2244
0.0000
1.1998
3.1455
0.6001
0.5979
0.0000
0.0000
3.0494
0.0000
0.0000
0.0000
0.0000
0.0000
0.0000
0.0000
0.0000
0.0000
0.2194
0.0000
0.0000
0.0000
0.1738
0.0000
0.0000
0.0000
0.0000
0.0000
0.0000
0.0000
0.0000
4.1797
0.0000
1.0189
0.0000
0.0000
0.0000
2.1024
0.0000
0.0000
0.0000
0.0000
0.5020
0.0000
1.8262
1.2219
2.9863
0.0000
0.5850
0.0000
0.0000
0.3688
0.0000
0.9858
0.0000
0.0000
0.0000
0.9775
1.1576
0.0000
0.0000
0.0000
0.0377
0.0000
3.4526
0.0000
0.0000
0.0000
0.0000
0.0000
0.0000
0.0000
0.0000
2.3491
0.0000
0.0000
0.5772
2.4099
0.6641
0.0000
0.0000
0.0000
2.0625
0.0000
0.0000
0.0000
0.0000
0.0000
1.7709
0.9269
0.0000
0.0000
4.0261
0.0604
1.7646
1.6297
0.0000
0.0000
0.7797
0.0000
2.1876
0.0000
0.7335
0.0000
0.0000
0.0000
1.4203
4.2501
0.0000
0.0000
0.0000
0.0000
0.1142
0.0000
2.6824
0.0000
0.0000
0.0000
0.4978
2.8224
0.0000
0.0000
0.0000
2.4843
0.0000
1.3490
0.0000
0.0000
1.2950
0.0000
0.0000
0.0000
0.0000
0.0000
2.4762
0.0000
0.0000
0.3755
2.8809
1.1261
0.0000
3.7232
0.0000
0.0000
0.0000
0.0000
0.0000
0.0000
0.0000
0.0000
0.5576
0.7884
0.0000
3.8589
0.0000
0.0000
0.0000
0.0000
0.2547
1.9070
0.0000
0.0000
0.0000
0.0000
0.0000
0.0000
0.8775
0.0000
2.5158
0.0000
0.0000
0.0000
0.0000
0.0000
0.8840
1.5363
0.2697
0.9465
0.0000
0.0000
0.0000
0.0000
0.0000
0.0000
0.0000
0.0000
0.0000
1.3518
0.2497
0.0000
0.0000
1.7078
0.0000
0.0000
1.1567
0.0000
0.0000
0.0000
2.3820
1.7576
0.0000
0.0000
0.0000
0.0000
0.0000
1.8223
0.0107
0.0000
0.0000
0.0000
2.0575
0.0000
0.0000
0.0000
1.9317
0.3037
0.0000
0.0000
0.0000
0.0000
1.4720
0.0000
0.0000
0.0000
0.0000
0.0000
4.1902
0.0000
0.0000
4.1077
0.0000
0.0000
0.0000
0.0000
2.0353
0.0000
0.0834
1.2600
0.0000
0.0000
1.5436
2.1518
0.0000
0.0000
0.4733
0.0000
0.4892
0.5100
0.0000
1.2818
0.0000
0.0000
0.0000
0.0000
3.8045
0.0000
0.0000
0.0000
0.0000
0.0000
0.0000
0.0000
0.0000
0.0000
2.3260
0.0000
0.0000
0.0000
0.0000
0.0000
1.4657
0.0000
0.0000
0.0000
0.0000
0.0000
0.0000
0.0000
0.2725
0.0000
0.0000
0.1981
0.0000
0.0000
0.3778
0.0000
0.0000
0.1143
0.0000
0.1448
0.0000
0.0000
0.0000
2.9207
0.0000
0.0000
0.0000
0.0000
0.0000
0.0000
0.9479
0.0000
0.0000
0.0000
0.0000
0.3431
2.8704
0.0000
0.1175
0.0000
0.4979
2.1436
0.0000
0.0000
0.0000
4.6239
2.0857
0.0000
0.0000
0.0000
0.0000
0.0000
0.0000
0.0000
4.1490
0.1637
0.0000
0.0294
5.0327
0.0000
0.0000
0.0000
0.0000
0.0000
0.0000
2.6862
0.0000
0.0000
0.0000
0.3106
0.0000
0.0000
0.0000
1.7686
0.0000
0.0000
0.0000
0.0477
0.0000
0.0000
0.0000
0.0000
0.0000
0.0000
3.7909
0.0000
1.7940
0.0000
0.5703
2.3278
0.0000
0.4074
0.0000
3.3552
0.0947
0.0000
0.0000
0.0000
0.9258
0.0718
0.0000
0.0000
0.0000
0.4605
0.0000
0.0000
0.0000
0.6926
0.0000
0.0000
2.9404
0.0000
0.0000
0.0000
0.5586
0.0000
0.0000
0.0000
0.5737
0.0000
1.8831
0.0976
0.0000
0.0000
2.4347
0.0000
0.0000
0.0000
0.0000
4.8828
0.1496
3.0753
0.0000
1.7357
0.0000
0.0000
0.0000
0.0000
0.0000
0.0000
0.0000
0.9131
3.6691
0.0000
4.1932
0.2772
0.0000
0.4055
0.0000
0.0000
0.0000
0.0000
0.0000
3.5096
0.0000
0.0000
1.7224
0.0000
0.0000
0.0000
2.9316
2.4752
1.4402
0.0000
0.0000
0.0000
1.0691
0.4962
2.4315
0.0000
0.0000
0.0000
0.9338
1.2442
2.1822
0.6662
0.0000
0.3214
0.0000
0.0000
0.0000
0.6033
0.0000
0.0000
0.0000
0.0000
1.0101
0.1889
0.0000
0.0927
0.0000
0.0000
0.0000
2.7293
4.5210
0.0000
0.0000
1.0880
2.1268
0.0000
0.6497
0.0000
0.0000
0.0000
0.0000
0.0000
0.0000
0.0000
0.0000
0.0000
3.0819
0.0000
0.0000
0.4229
0.0000
0.0000
0.5434
0.0000
0.0370
0.0000
0.0000
1.9439
0.5172
0.0573
0.0000
0.0000
0.0000
0.0000
0.0000
0.0000
0.0000
1.1827
1.3058
0.2242
1.1816
0.0000
0.0000
0.0000
4.3050
0.1687
0.1371
0.0000
2.6915
0.0000
0.0000
0.0000
0.0000
2.4983
0.0000
0.4058
0.3469
1.6811
3.1513
1.5956
1.5420
0.0000
0.0000
1.9030
0.0000
0.0000
0.0000
0.0000
0.0000
0.0000
0.0000
0.0000
0.0000
1.1022
0.0000
0.0000
0.0000
0.0000
0.0000
0.0000
0.0000
0.1296
1.2156
0.0000
0.0000
0.7782
0.0000
3.2244
1.3182
0.0000
1.5434
0.0000
0.0000
0.8584
0.0000
0.0000
0.0000
2.1313
0.0000
0.0000
5.0256
0.1074
0.0000
3.0080
1.0229
0.9165
2.5920
0.0000
3.0036
0.5671
0.0000
0.0000
0.0000
0.0000
0.0000
0.0000
0.9476
0.4974
1.1933
0.0000
0.0000
1.6971
0.0000
0.0000
2.2133
0.0000
0.0000
0.0000
0.0000
0.0000
0.0000
