0.0000
0.0000
0.0000
0.0000
0.3874
0.0835
0.0000
0.0000
0.0000
1.9498
0.0000
0.0000
0.3225
0.0000
0.0000
0.0694
0.0000
0.0000
0.0000
0.0000
0.5527
0.0000
4.0256
0.8372
1.0647
2.7808
0.0000
1.3396
0.0000
0.0000
0.0000
0.0000
1.1120
0.0000
1.9934
0.0000
0.0000
0.0000
0.6932
0.0170
0.0000
0.0000
0.0000
0.0000
0.0000
0.0000
0.0000
0.0000
0.0000
0.0000
0.0000
0.0000
0.0000
0.0000
0.0000
0.0000
0.0000
0.0000
0.0000
0.0000
0.0000
4.2248
0.0000
0.4524
0.0000
0.0000
0.0000
0.0000
0.0000
0.0000
1.0935
1.0246
0.0000
0.0000
0.0000
0.1884
0.0000
0.0000
0.0000
0.1454
0.3670
0.0000
0.0000
0.0000
0.0000
0.8125
0.0000
2.6509
0.0641
0.0000
1.9193
0.0000
1.8955
1.9637
0.0000
0.0000
0.0000
0.0000
3.3364
0.0000
0.0000
0.0000
0.1944
0.0000
0.0000
0.0000
0.0000
0.0000
2.6667
4.2980
0.0000
0.0000
0.0000
0.4683
0.0000
0.0000
0.0418
0.0000
0.0000
0.0000
1.5842
0.0000
2.5891
0.0000
0.0000
0.0000
1.0887
2.4059
0.0000
0.0000
0.0000
0.0000
0.1180
0.0000
1.5282
0.2080
1.7046
1.2416
0.0000
1.6452
2.8601
0.0000
0.9027
0.2676
1.2755
0.0000
0.0000
0.8047
0.0000
0.0000
0.0000
2.5426
0.0000
0.0000
0.0000
0.0000
0.0000
0.8468
0.0000
0.0000
1.9065
0.0000
0.5320
0.0000
0.0000
0.2050
0.8532
0.0000
0.0000
0.2989
0.0000
0.0000
0.0000
0.0988
0.0000
0.0000
0.0000
0.0000
0.0000
4.1387
1.2257
3.5491
0.0000
0.0000
0.0000
0.0000
0.1521
0.0000
1.8473
1.2987
0.0000
0.0000
0.0000
0.0000
0.0000
0.0000
0.0000
0.0000
2.4228
3.8189
0.0000
0.0000
0.0000
0.0000
1.0906
0.0000
0.0000
0.0000
0.0000
0.0000
0.0000
0.0000
0.0000
0.0000
0.0000
0.0000
0.0000
0.0000
0.0000
0.0000
0.0000
0.0000
0.0000
0.0000
0.0000
0.0000
0.0000
0.0000
0.0000
0.0000
0.6076
0.0000
0.0000
0.0000
0.6388
0.0000
2.0900
0.0000
3.7221
0.0000
0.0000
0.0000
1.2612
0.0000
0.0000
0.0000
0.0000
0.0000
0.0000
0.0000
0.0000
0.0000
0.0000
0.0000
0.0000
0.2577
0.0000
0.0000
0.0000
0.0000
0.0000
0.0000
0.0000
0.0000
0.0000
0.0000
0.0000
0.0000
0.0000
1.4699
4.1667
0.0000
0.0000
2.1719
0.0000
0.0000
0.0000
1.5194
0.0000
0.0000
1.9231
0.0000
0.0000
0.0000
0.0000
0.0000
0.0000
0.0000
0.0000
0.0000
0.0000
0.0000
0.0000
0.0000
2.0074
0.0000
0.3870
0.0000
0.0000
2.4140
0.0000
0.0000
0.0000
1.2745
1.2273
0.0000
0.1201
0.0000
0.0000
0.0000
0.0000
0.4871
0.0000
0.0000
1.1495
0.0000
0.0000
0.0000
0.9293
2.2966
0.0000
1.5981
0.0000
1.3836
0.0000
3.2332
0.0000
0.0857
0.0000
1.0437
0.0000
0.0000
0.0000
0.0000
0.0000
1.9873
2.0342
0.0000
0.0000
2.4501
0.0000
0.0000
0.0000
0.0000
0.0000
3.9668
0.0000
0.0000
0.0000
0.0000
0.0000
3.1047
0.0000
0.0000
0.0000
0.2430
0.0000
0.0000
0.7352
0.0000
0.0000
0.0000
0.0000
0.0000
0.0000
0.7799
0.0000
0.0000
0.0000
0.0000
0.0000
2.2106
0.0000
0.0000
0.0000
0.0000
0.0000
0.5735
0.0000
0.0000
3.9527
0.0000
0.0000
0.0000
0.0000
0.0000
0.0000
0.0000
0.0000
0.0000
3.6193
0.0000
0.0000
0.0000
0.0000
0.0000
0.0000
0.0000
0.0000
0.0000
0.0000
1.6760
0.0000
0.0000
0.0000
0.4517
0.0000
0.0000
1.2413
0.0000
0.0000
0.0000
0.0000
0.9687
0.0000
0.7112
0.0000
0.0000
0.0000
0.0000
0.0000
0.0000
0.1438
0.0000
0.0000
0.0000
0.0000
0.7403
0.0000
0.0174
0.0000
0.0000
0.0000
0.0000
0.0000
0.0000
0.0000
0.0000
1.7520
0.0000
1.0184
0.0000
0.0000
0.0000
2.4519
1.0264
0.0000
0.0000
3.5521
2.2148
0.6874
0.0000
0.0000
0.0000
0.0000
1.4988
0.0000
0.0000
0.0000
0.0000
0.0000
0.0000
0.0000
0.0000
0.1662
0.0000
0.0000
0.0678
0.0000
0.0000
0.0000
0.2315
0.0000
0.0000
0.0000
2.8422
2.6331
0.0000
0.1117
0.0000
0.0000
0.0000
0.0000
1.7941
0.0107
0.9865
0.0000
0.0000
0.0000
0.5839
0.0000
0.0000
0.0000
0.0000
0.0000
0.0000
0.0000
0.0000
0.0000
0.0000
0.0000
0.0000
1.6301
0.0000
0.1326
0.0000
0.0000
0.0000
0.0000
3.2074
0.7541
2.5090
0.0000
0.0000
0.0000
0.0000
0.0000
0.3053
3.0998
0.0000
0.0693
3.1968
0.0000
0.0000
1.4964
0.0000
0.9891
0.0000
0.0000
0.0000
0.0000
0.0000
0.1368
0.0000
1.6443
1.2073
0.0000
0.0000
0.0000
0.0000
0.0000
0.2842
0.0000
0.3062
0.0000
0.0000
0.0000
0.9938
0.0000
0.0000
0.0000
0.6203
0.0000
0.0000
0.0000
0.0000
1.1548
0.0000
0.0000
0.0000
1.0068
0.4222
0.0000
0.0000
0.1639
0.1197
0.0000
0.0000
0.0000
0.0000
0.0000
0.0000
0.0000
0.0000
0.0000
0.0000
0.0000
0.0000
0.0000
0.0000
0.0000
0.0000
0.0000
0.0000
0.0000
0.0000
0.0000
0.7722
0.7735
0.0000
0.0000
0.0000
0.0000
0.0000
0.0000
0.0000
0.0000
0.0000
2.5141
0.0000
0.0000
2.0527
0.0000
0.0000
0.0000
0.0000
1.0907
0.0000
0.0000
0.2220
0.0000
0.0000
0.0000
1.9343
0.0000
0.0937
1.0862
0.0000
0.0000
0.0000
0.9803
0.0000
0.0000
0.0482
0.0000
0.2716
0.0000
0.0000
0.0000
0.0000
0.0000
0.0000
0.0000
0.3784
1.8647
2.1716
0.0000
2.2412
0.0000
0.0000
0.0000
0.0000
0.0000
0.0000
0.0000
0.0000
0.0000
0.6144
0.1443
0.0000
0.0000
2.6063
3.4970
0.0713
0.0000
0.0000
0.0000
0.0000
0.0000
0.0000
0.0000
2.2393
0.0000
0.0000
0.0000
0.0000
0.0000
0.0000
0.0000
0.0000
0.0000
0.0000
0.0000
0.0000
0.0000
0.0963
0.0000
0.0000
0.0000
0.0000
0.0000
0.0000
0.0000
0.0000
0.0000
1.0674
0.0271
0.0000
0.0000
1.9124
0.0000
0.0000
1.8140
0.0000
0.0000
0.0000
0.0000
0.0000
0.6640
0.0000
3.8881
0.0000
0.0000
0.0000
0.4409
1.2119
0.0000
0.0000
1.8098
1.6487
0.0000
3.5005
0.0000
1.2847
0.0000
0.0000
0.0000
1.0635
0.0000
0.0000
0.0000
0.0000
1.5193
1.2161
0.0000
0.0000
1.1160
0.0000
2.2729
0.5052
0.0000
0.0000
0.6939
0.1699
0.0000
0.0000
0.0000
0.1201
0.0000
0.0000
0.0000
0.0000
0.0000
1.7684
0.0000
0.0000
0.0599
0.0000
1.4817
0.0000
0.0000
0.0000
0.0000
0.0000
0.0000
0.0000
0.0000
0.0000
0.0000
0.0000
1.8370
0.0000
1.6165
0.0000
0.0000
0.0000
0.0000
0.0000
0.0000
0.0000
0.3881
0.0000
0.0000
0.0000
0.0000
0.0000
0.0000
0.0000
0.3829
0.0000
0.0000
0.0000
0.0000
0.0000
0.0000
0.0000
1.0563
0.0000
0.0000
0.0000
0.0000
0.0000
0.4888
0.2706
0.0000
0.0000
0.0000
0.0000
0.7012
0.0000
0.0000
0.5366
1.6049
0.0000
0.0000
0.0000
0.0000
0.0000
0.0000
0.7508
0.0000
0.0000
0.0000
0.2005
0.0000
0.0000
0.8386
0.0000
0.1169
0.2816
1.1452
0.0000
0.9633
0.0000
0.0000
0.0000
0.0000
0.0000
0.5360
0.0000
1.0676
0.0000
0.0000
0.0000
0.0000
0.3870
0.1012
0.5788
0.0000
0.0000
0.0000
0.0000
0.0000
0.0000
0.0000
0.0000
0.0000
0.0000
0.6583
0.0000
0.0000
0.2500
0.0000
0.0000
0.0000
0.0000
0.0000
0.0000
0.0000
0.0000
0.0000
0.0000
0.0000
1.7624
0.0000
0.0000
0.0000
0.0000
0.0000
0.0000
0.0000
0.0000
2.3637
0.0000
0.0000
0.0008
0.0000
1.2667
0.0465
0.0000
0.0000
0.0000
0.0000
0.0000
0.0000
0.0000
0.5506
0.0000
0.0000
0.0000
0.3324
0.0000
0.1673
0.0000
0.0000
0.0000
0.0000
1.0125
0.0000
0.0000
0.0000
0.0000
0.0000
0.0000
0.0000
0.0000
0.0000
0.0000
0.0000
0.0000
0.0000
0.0000
2.1995
0.0000
0.0000
0.0000
0.0000
0.4966
0.0000
0.0000
0.0000
0.0000
1.2421
0.0000
0.0000
1.0426
2.9333
0.0000
0.0000
0.0000
0.0000
0.0994
0.0000
0.0000
0.0000
0.0000
0.0000
0.0000
0.0000
0.0000
0.0000
0.0000
0.0000
0.0000
0.8857
0.6117
0.0000
0.2337
0.0000
5.0719
0.0000
0.2904
0.0000
0.0000
0.0000
0.0000
1.8527
0.0000
0.0000
0.0000
0.0000
0.9571
0.0000
1.2121
0.0922
0.0000
0.0000
0.0000
0.0256
0.0000
0.3676
0.0000
0.0000
0.0000
0.0000
0.0000
1.8960
0.0000
0.0000
0.0000
0.0000
0.0000
0.0000
0.6110
0.1057
2.4213
1.0278
0.0000
0.0000
0.0000
0.4633
0.0000
0.0000
0.0000
0.0000
2.0799
0.0000
0.0000
0.0000
4.0029
0.0000
0.0000
0.0000
0.2266
0.0000
0.0000
0.0000
0.0000
0.0000
4.4488
0.0000
0.0000
0.0000
2.9449
0.0000
0.0000
0.1132
2.5481
0.0000
2.3695
0.0000
0.0341
0.0000
0.0000
0.0000
1.4904
2.2048
0.0000
0.0000
1.7198
1.2660
0.2707
1.6733
0.0000
2.0295
0.0000
0.0000
0.0000
0.0000
0.0000
0.0000
0.7370
0.0000
0.0000
0.0000
0.0000
0.3391
0.0000
0.0000
0.0000
0.0000
0.0000
0.0000
0.0000
0.0000
0.0000
0.0000
0.0000
0.0000
0.0000
0.0906
0.0000
1.5198
0.0000
0.7468
2.5557
0.0000
0.0000
0.0000
0.0000
0.0969
0.0000
0.0000
0.0000
0.0000
0.0000
1.0663
0.0000
0.0000
0.0000
0.0000
0.0000
0.0000
0.0000
0.0000
1.6882
0.0000
0.6481
0.0000
0.0000
0.0000
1.9202
0.0000
0.0000
0.4074
0.0000
0.0000
0.9205
0.0000
0.8424
0.0000
0.0000
0.0000
0.4445
1.3219
0.0000
0.0000
0.0000
0.0000
1.4085
0.0000
0.0000
3.0562
1.4578
0.0085
0.0000
0.0000
0.0000
0.0000
0.0000
0.0000
0.4784
0.0000
0.0000
1.7991
0.0000
1.4298
0.0000
0.0000
0.0000
0.0000
0.0000
0.0000
0.0000
0.0000
0.0000
0.0000
0.0000
0.0000
0.0000
0.1736
0.0000
0.0000
0.0000
0.3240
2.0886
3.9747
0.0000
0.0000
0.0000
0.0000
0.9642
0.3227
0.0000
0.0000
0.2242
0.0000
0.0000
0.0000
0.0000
0.0000
0.0000
0.0000
0.0000
0.0000
0.0000
1.8747
0.0000
0.0000
0.0000
1.9594
0.7675
0.0000
0.4174
3.3763
3.5772
0.0000
0.0000
0.0000
0.0000
0.0000
0.0000
0.0000
0.0000
0.0000
0.0000
0.0000
0.0000
1.2318
0.0000
3.1324
0.3425
0.0000
0.0000
2.6097
0.0000
0.0000
0.0000
0.0000
0.0000
2.8461
2.2293
0.0000
0.0000
0.0000
0.0000
0.4113
0.0000
0.0000
0.0000
2.0548
0.2663
0.0263
0.0000
0.0000
0.0000
0.0000
0.0000
0.0000
0.0000
0.0000
0.0000
0.0000
2.6169
0.0000
0.0000
0.0000
0.0000
0.0000
0.0000
0.0000
0.0000
0.0000
0.0000
0.0000
0.0000
0.4620
0.0000
0.0904
0.0000
0.0000
0.0000
0.0000
0.4337
0.7093
0.3562
0.0000
0.0000
2.1282
0.0000
0.0000
0.0000
2.0113
0.0000
0.0000
0.0000
0.0000
2.7813
0.0000
0.0000
0.0000
0.0000
0.0000
0.4538
0.0000
0.0000
0.0000
0.0000
0.0000
0.0000
0.0000
0.8225
2.6433
0.0000
0.0000
1.0635
0.0000
0.0000
0.0000
1.7432
0.0000
0.4876
0.1168
0.0000
0.0000
0.0000
2.0544
0.0000
0.0000
0.0000
0.0000
0.5681
0.5001
0.0000
0.0000
0.0000
0.8535
0.0000
0.0000
0.0000
0.0000
0.0000
2.7368
0.0000
0.0000
1.7113
0.0000
0.0000
0.0000
0.0000
0.0000
0.0000
0.0000
0.0000
0.6801
0.0000
0.0000
0.0000
0.0000
0.1338
0.0000
0.0000
0.0000
0.0000
0.1906
0.2864
0.0000
0.0000
0.0000
0.0000
0.0000
0.0000
0.0000
0.2605
1.0119
1.5840
0.0000
0.0000
0.0000
0.0000
0.0000
0.0000
0.0000
0.0000
0.0000
0.0000
0.0000
0.0000
0.0000
0.0000
0.0000
0.0000
0.0000
0.0000
0.0000
0.7645
0.0000
2.8707
0.0000
2.7290
0.0000
0.0000
0.4080
0.0000
0.0929
0.0000
0.0000
0.0000
2.6511
2.3527
0.0000
1.7508
0.0000
0.0000
0.0000
0.0000
0.0000
0.0000
0.0000
0.0000
0.0000
0.0000
0.5295
1.5321
2.3444
0.0000
0.0000
1.2688
0.0000
0.0000
0.0000
0.0000
2.5020
0.0000
0.0000
2.2247
0.0000
2.6039
2.0902
2.9825
0.0000
0.3808
0.0000
0.0000
0.1457
0.0000
0.0000
1.9802
0.0000
0.0000
0.0000
0.0000
0.0000
0.0000
0.0000
0.0000
0.0000
0.0345
1.8498
0.1773
0.0000
1.0725
0.0000
0.0000
0.6407
1.5929
0.0000
1.9261
0.0000
0.0000
0.0000
1.9858
0.0000
0.0000
0.0000
0.0000
0.0000
0.0000
0.0000
0.0000
0.0000
0.3158
0.0000
0.0000
0.8046
0.0000
0.0000
1.9294
0.0000
1.8554
0.0000
0.0000
0.0000
0.0000
0.0000
0.0000
0.0000
0.0000
0.0000
0.0000
0.0000
0.0000
1.7270
1.6930
0.0000
0.0000
0.0000
1.6480
0.0000
0.0000
0.0000
0.0000
0.0000
0.0000
0.0000
0.0000
1.6546
0.0000
0.3719
0.0000
0.0000
0.0000
0.0000
0.0000
0.0000
1.6281
2.9969
3.3306
0.0000
0.3198
0.0000
0.0000
0.0000
0.3748
0.0000
0.0000
0.0000
0.0000
0.0000
0.0000
0.0000
0.0000
0.0000
0.2957
0.0000
0.0000
0.0000
0.0000
0.0000
1.0138
0.0000
0.0000
2.4325
0.2366
1.2217
0.0000
0.9975
0.0000
0.0000
2.1121
2.2226
0.2976
0.0000
0.0000
0.0000
1.4603
0.0000
0.0000
2.4040
1.1510
0.0000
0.1842
0.0000
0.0000
0.0000
0.0000
0.0000
0.0000
0.6381
2.7005
0.0000
0.0000
0.0000
0.0000
0.0000
0.0000
0.0000
0.0000
0.0000
0.0000
0.0000
0.2083
0.0000
0.0000
0.0000
0.0000
1.4590
0.0000
0.0000
0.0000
0.0000
0.7368
0.0000
0.8563
0.0000
0.0000
0.0000
1.9169
0.0000
2.7348
0.0000
0.0000
0.0000
0.0000
0.0000
2.4369
0.0000
0.0000
0.0000
0.0000
0.0000
0.0000
0.0000
0.0000
0.7896
0.0000
0.0000
0.0000
0.0000
0.0000
0.5257
0.0000
0.1352
0.0000
2.2567
0.0000
0.0000
0.0000
0.0000
4.3737
0.3193
0.1404
1.0931
1.1973
0.0000
1.8722
0.0000
0.0000
0.0000
0.0000
0.0000
0.0000
0.0000
0.0000
0.0000
1.6330
0.0000
0.2319
1.5201
3.5765
0.0000
0.0000
3.3776
1.0337
0.0000
0.0000
0.0000
0.0000
0.0000
0.0000
0.0000
0.2855
0.8005
0.0000
0.8002
0.0000
0.6667
0.0000
0.0000
0.0000
0.0000
0.0000
0.0000
0.0000
0.0000
0.0000
1.4351
0.0000
0.6787
0.0000
0.4220
0.0000
0.0000
0.0000
0.0691
0.0000
0.0000
0.0704
2.1543
0.1246
1.9982
0.0000
0.0000
0.0000
0.4410
0.7984
0.8613
0.0000
0.0000
0.0000
0.1120
0.0000
0.0000
0.0000
3.5129
0.0000
2.7192
0.0000
0.0000
0.0000
0.0000
0.2916
0.0000
0.0000
0.0000
0.0000
0.0000
0.0000
1.0223
0.0000
0.0000
0.0000
0.0000
0.0000
0.0000
0.0000
0.0000
0.0000
1.0540
0.0000
0.0000
0.0000
0.0000
1.0187
0.0000
0.0000
0.0000
0.0000
0.0000
3.2740
0.0000
0.0000
0.0000
0.0000
0.0000
0.8934
1.1095
1.0353
0.0000
0.4195
0.2309
1.5187
0.0000
0.0000
0.0000
0.0000
0.1700
0.0000
0.0000
0.0000
0.0000
0.0000
0.0000
0.0000
0.0000
1.5008
0.0000
2.9834
0.0000
0.3669
0.0000
0.0000
0.0000
0.0000
0.0000
1.7159
0.0000
3.1333
4.4031
0.0000
0.0000
0.3716
2.4378
0.0000
0.0000
2.3746
0.8933
0.0000
0.0343
0.5177
0.0114
0.0000
0.0000
0.1428
0.0000
0.8837
0.0000
0.0000
0.0000
0.0000
0.0000
0.0000
0.7269
1.7177
4.5259
0.0000
0.0000
4.1706
0.0000
1.1725
0.0000
0.0000
0.0000
0.8550
0.7461
0.0000
0.0000
0.0000
0.0000
0.0000
3.3089
0.0000
3.3003
0.0000
0.0000
0.0000
0.0000
0.0000
0.0000
0.0000
0.4468
2.6076
0.0000
0.0000
2.3546
0.0000
0.0000
2.0575
0.0000
0.0000
0.5021
0.0000
1.0010
0.0000
0.0000
1.0415
0.6358
0.0000
0.0000
0.0000
0.0000
0.8140
0.0000
0.0000
0.0000
0.0000
2.0672
0.0000
5.1089
1.6504
0.0000
0.0000
0.0000
0.0000
0.0000
0.0000
0.0000
0.0000
0.0000
0.0223
0.0374
0.0000
0.0000
0.0000
0.8721
0.0000
0.0000
0.0000
0.0000
0.0000
1.5611
0.1352
1.1603
1.4411
0.0000
2.5810
0.0000
0.0000
0.0000
0.0000
1.2791
0.0000
0.0000
0.0000
0.0000
2.3111
0.0000
0.9688
0.0000
0.0000
0.0000
0.0000
0.0000
0.3139
0.0000
0.0000
0.0000
0.0000
0.8941
0.0000
1.3307
0.0000
0.0000
0.0000
0.0000
0.0000
0.0000
0.0000
0.0000
0.0000
0.0000
0.4612
0.0000
2.9100
0.0000
0.0000
0.0000
1.8369
0.0000
0.0000
0.0000
0.0000
0.0000
0.0000
1.2198
0.6121
0.0000
0.0000
0.0000
0.0000
0.0000
0.7675
0.2273
0.0000
0.0000
0.2827
0.0000
0.0000
0.0000
0.0000
1.9097
0.8422
0.0000
2.6293
0.6699
0.0000
0.3048
0.0000
6.4462
0.0000
1.5307
0.0000
0.0000
0.0000
0.0000
0.0000
0.0000
0.0000
0.0000
0.0000
0.0000
3.2610
0.0000
0.0000
0.0000
0.0000
0.0000
0.0000
0.0000
2.0747
0.0000
0.0000
0.0000
1.5927
2.2797
0.0000
1.1371
0.0000
0.0000
0.0000
0.0000
0.0000
2.9446
0.0000
0.0000
3.1690
2.1813
0.0000
0.0000
2.1282
0.0000
1.4187
0.6971
0.0000
1.6171
0.0000
0.0000
0.0000
0.0000
0.0000
0.0000
0.0000
0.0000
0.0000
0.0000
0.0000
0.0000
0.2716
0.0000
0.0000
0.0000
0.0000
0.0000
0.0000
0.0000
0.0000
2.2297
2.0815
0.0000
0.0000
0.0000
0.0000
0.0000
1.6078
2.0870
0.0000
0.0000
0.0346
0.5024
2.9063
2.1588
0.5011
0.0000
0.0000
0.0000
0.0000
3.9560
0.0000
0.0000
0.0000
0.0000
0.0000
0.0000
0.0000
0.0000
0.0000
0.0000
0.0000
0.0000
0.5751
0.0000
0.0000
0.0000
0.8509
0.0000
0.0000
0.0000
0.0000
0.0000
0.0000
0.0000
0.2203
0.0000
0.0000
0.0000
1.1379
0.0000
1.4634
0.5042
0.3195
0.0000
0.0000
0.0000
0.0000
0.0000
0.0000
0.0000
0.0000
0.0000
0.0000
3.2847
0.7407
0.0000
0.0000
0.0000
0.0000
0.0000
0.0000
0.9639
0.0000
0.0000
0.0000
0.0000
0.0000
0.0000
0.0000
0.0000
0.0000
0.0000
1.0726
0.0000
1.4103
0.0000
0.0000
0.0000
0.8965
0.1000
0.0000
0.0000
0.0000
0.0000
0.3062
0.0000
0.0000
0.0000
0.0000
0.4441
1.4190
0.0000
0.0000
0.0000
0.0000
0.0000
0.0000
0.0000
0.0000
0.0000
2.3361
0.0000
0.3591
0.0000
0.3770
0.0000
3.4613
0.0000
0.0000
0.0000
0.0000
0.0000
0.0000
0.0000
1.2583
1.0830
0.0000
2.6624
0.0000
0.0000
0.0000
2.1648
0.7105
0.0000
0.0000
0.0000
0.0000
0.0000
0.0000
0.0000
0.0000
0.0000
0.0000
0.0000
0.0000
0.0000
0.1909
1.4967
1.2154
0.7965
0.0000
0.0000
0.0000
0.8949
0.0000
0.0000
0.0000
0.0000
1.8439
0.7289
1.4022
0.0000
0.0000
0.0000
0.8745
0.0000
0.0000
0.0000
0.0000
0.0000
0.0000
0.0000
0.0000
0.0000
0.0000
0.0000
0.0000
2.2676
0.2013
0.0000
0.5440
0.0000
0.0000
1.4570
0.0000
0.0000
0.0000
1.3481
0.7576
0.0000
0.0000
0.0000
0.0539
0.0000
0.0000
0.0000
0.0000
0.0700
0.0000
0.0000
0.0000
0.0000
0.0000
0.0000
0.0000
0.0000
0.0000
0.0000
0.0000
0.8818
0.0000
0.0000
0.0000
0.0000
0.7036
2.9720
0.0000
0.0000
0.0000
0.0000
0.0000
0.0000
3.9193
0.0000
0.0000
0.0000
1.1005
3.0506
0.0000
0.0000
0.0000
0.0000
2.1244
0.0000
0.0000
0.0000
0.5254
0.0000
1.6702
0.0000
0.0000
0.7419
0.0000
0.0000
0.0588
0.0000
0.0000
0.0000
0.0000
0.0000
0.0000
0.0000
0.0000
0.0000
0.2491
0.0000
0.0000
0.7428
0.0000
0.0000
0.0000
1.4177
0.0000
0.0000
0.0000
0.0000
0.0000
0.0000
0.0000
0.0000
4.8681
0.0000
0.0000
0.4067
0.5753
1.3073
0.2226
0.0000
0.0000
0.0000
0.0000
0.0000
1.0722
0.0000
0.0000
0.0000
0.6190
0.0000
0.0000
0.0000
0.0000
0.0000
1.8642
0.0000
0.0000
0.0000
0.0000
0.0000
0.0000
0.0000
0.0000
0.0000
0.0000
0.0000
0.0000
0.2953
0.5703
0.0000
0.0000
3.1472
0.0000
0.0000
0.0000
0.3380
0.0000
0.0000
0.0000
0.0000
0.0000
0.0000
0.0000
0.0000
0.0000
2.3935
8.7264
0.0000
0.0000
2.5889
0.0000
0.0000
0.0000
0.0000
0.0000
0.0000
0.0000
0.0000
0.0000
0.0000
0.0000
0.0000
0.0000
0.0000
0.0000
0.0000
0.0000
0.2902
0.0000
0.0000
1.8991
0.9177
0.0000
2.1028
0.0000
0.0000
0.0000
0.0000
0.9571
0.8713
0.0000
0.0000
0.0000
3.7456
0.0000
0.5730
0.0000
0.9959
0.0000
0.0000
1.2859
0.0000
0.0000
0.0000
0.0000
0.0000
0.1461
1.3429
0.0000
3.4252
0.0000
0.0000
0.0000
0.4994
1.1463
0.0000
0.0000
1.1979
0.0000
0.0000
0.1155
1.9964
0.0000
1.9960
0.0000
0.0000
0.4293
0.9441
0.0000
0.0000
0.0000
0.0000
0.2912
0.0000
0.0000
0.0000
0.0000
0.0000
0.0000
0.0000
1.1705
0.3728
0.0000
2.2365
0.0000
0.0000
0.0000
0.0000
0.0000
0.0000
0.4258
0.0000
0.0000
0.4228
0.0000
0.0000
0.8755
0.0000
0.0000
0.0000
0.0000
0.0000
0.0000
0.4996
0.0000
0.8766
0.0000
0.0000
0.0000
0.0000
0.2705
0.0000
3.9305
0.0000
2.8885
0.0000
0.0000
0.0000
1.9676
1.4408
0.0000
0.0000
0.9949
0.2041
0.0000
0.0000
0.0000
0.0000
0.0991
0.0000
0.0000
5.1967
3.6864
0.0000
0.0000
0.0000
3.4303
0.0000
0.0000
0.0000
0.4247
0.0000
0.0000
0.0000
0.0000
0.0000
0.0000
0.0000
0.0000
0.0000
0.6133
0.0000
0.0000
0.0000
0.0000
0.5420
0.0000
0.0574
0.0000
0.0000
0.0000
0.0000
0.0000
0.0000
0.0000
1.4529
0.0000
0.0000
0.0000
3.0787
0.0000
0.1657
0.0000
0.0000
0.6147
0.0000
3.0227
2.1893
0.6634
0.0000
0.0000
0.0000
0.0000
0.0000
0.0000
0.0000
0.0000
0.0000
0.0000
0.0000
0.0000
0.0000
0.0000
0.0000
0.0000
0.5099
0.0000
0.0000
0.0000
0.0000
0.0000
0.0000
0.0000
0.0000
0.1853
0.0000
0.0897
0.0000
0.0000
0.0000
0.0000
0.0000
0.0000
0.0000
0.0000
0.0000
3.1990
0.0000
0.0000
1.2274
0.0000
0.0000
0.0000
0.0000
0.1036
0.0000
0.0000
0.0000
0.0000
0.0000
0.8954
0.0000
0.0000
0.0000
1.8485
0.0000
0.0000
2.8145
0.0000
1.2342
0.0000
0.0000
0.0000
0.0000
0.0000
2.0814
0.0268
2.8532
1.9312
0.0000
6.4813
0.0000
0.0000
0.0000
0.0000
1.1940
0.0000
3.7646
1.0962
1.1393
0.0000
0.0000
0.0000
1.3305
0.0000
0.0000
0.0000
0.0000
0.0000
0.0000
0.6517
0.0307
0.0000
0.0000
0.9275
0.0000
0.0000
0.0000
0.0605
0.0000
0.0000
0.0000
0.0000
0.0000
0.0000
0.0000
0.0000
3.6813
0.0000
5.9794
0.0000
0.6000
3.6414
3.0928
0.0000
0.0000
0.0000
0.0000
0.0000
0.9509
0.0000
0.0000
4.4259
0.0000
0.0000
0.0000
1.3998
0.0000
0.0000
0.0000
3.2668
0.0000
0.0000
0.0000
0.0000
1.8652
0.0000
0.9391
0.0000
0.0000
0.8516
0.0000
0.9633
0.0000
0.0000
2.0428
0.0000
0.1692
0.3089
0.0000
0.0000
1.5438
0.0000
0.0000
0.0000
0.0000
0.0000
0.9849
0.0000
0.0000
0.0000
2.2802
0.0000
0.0000
0.0000
0.0000
0.0000
0.0000
0.0000
0.0000
0.0000
0.0000
0.0000
0.0000
0.0000
0.0000
0.0000
0.0000
0.4040
2.5745
0.1685
0.0000
0.0000
0.0000
0.0000
0.0000
0.0000
0.8535
0.8073
1.3946
0.0000
0.0000
0.7729
0.0000
0.0000
0.0000
0.0000
0.8451
0.0000
1.1871
0.0000
0.0000
4.4674
0.0000
0.0000
0.9192
0.6137
0.0000
0.0000
0.8728
0.0000
0.0000
0.0000
0.0000
0.7907
0.9534
0.0000
0.0000
0.6808
2.5845
0.0000
3.4067
2.5255
0.0000
0.0000
0.7104
0.0000
0.0000
0.0000
1.0945
0.0000
1.2012
0.0000
0.0000
1.9116
0.0000
0.0000
0.0000
0.0000
0.0000
0.0000
0.0000
0.7357
0.0000
0.0000
2.0312
0.0000
0.0000
0.0000
0.0000
0.0000
0.0000
0.0000
0.0000
0.0000
0.6950
0.0000
0.0000
0.0000
0.0000
0.0000
0.0000
1.1618
0.0000
1.1913
0.0000
0.0000
2.2003
0.0000
0.0000
0.0000
0.0000
0.0000
0.0000
0.8027
1.9862
0.0000
0.0000
0.0000
0.0000
0.0000
0.0000
0.6593
4.6125
0.0000
0.0000
0.0000
0.0280
1.8390
0.0000
0.0000
0.0000
0.0000
0.0000
0.0000
0.0000
0.0000
0.0000
0.0000
0.0000
1.0101
0.0000
3.0017
0.0000
0.0000
0.0000
0.0000
0.0000
1.8182
0.0000
0.0000
0.0000
0.0000
5.6961
2.3358
0.0000
0.0000
0.0000
0.0000
0.0000
0.4011
3.5406
0.0000
0.0000
1.6843
1.8403
0.0000
0.0000
0.0000
0.0000
0.0000
0.0000
0.5952
0.0000
0.0000
0.0000
7.3910
0.0000
0.0374
0.0000
0.0000
0.0000
0.0000
0.0000
0.0000
0.1342
0.0000
2.2354
0.0000
0.0000
0.0000
0.4900
0.0998
0.0000
0.1536
0.0000
0.0000
0.0000
1.2242
0.0000
0.0000
0.7900
1.9723
0.0000
0.0000
0.0000
1.7801
0.0000
3.0137
3.3800
0.0000
0.0000
0.0000
0.1050
0.0000
0.0000
0.0000
1.0568
0.0000
0.0000
0.0000
0.0000
0.0000
0.0000
0.0000
0.0000
0.0000
0.0000
2.0998
1.5144
0.9843
0.7169
0.0000
0.0000
0.0000
0.0000
0.0000
0.0000
1.1133
3.3478
0.7051
0.0000
0.0000
0.8968
2.2400
0.7935
0.0000
0.0000
0.0000
4.2010
0.0000
0.0000
0.0000
0.0000
0.0000
0.0000
0.0000
0.0000
0.0000
0.0000
0.0000
0.0000
1.5688
0.0000
0.0000
0.6002
0.0000
0.0000
1.5872
0.3746
1.1819
0.0000
2.8551
4.4279
0.0000
2.4235
0.0000
0.0000
1.0137
0.6336
0.0000
0.0000
0.0000
0.0000
0.8095
0.5919
0.0000
0.0000
0.0213
0.0000
0.0000
0.0000
0.0000
2.4077
0.0000
2.9100
0.0000
5.0515
0.0000
0.0000
1.8525
1.1701
0.8438
0.0000
1.9414
0.0000
0.0000
1.0368
0.0000
0.0000
1.7215
0.0000
0.0000
0.0000
0.0000
0.0000
1.0603
0.0000
0.0000
3.0194
0.0000
0.0000
0.0000
0.5412
0.0000
0.0000
2.4496
0.0000
0.0000
0.0000
0.0000
0.0000
0.0000
0.0000
0.0000
1.8539
0.0000
1.7390
0.0000
1.0049
0.0000
0.0000
0.9476
0.0000
0.0000
0.0000
0.0000
0.0000
0.0000
1.4776
0.0000
0.0000
0.0245
0.0000
1.5117
0.0000
0.0000
0.0000
0.0000
0.0000
0.0000
0.0000
0.0000
0.0000
5.7233
0.0000
0.0000
1.3106
0.0000
0.0000
1.2787
2.1400
0.0000
0.0000
0.0000
0.2885
0.0000
0.0000
0.4943
0.0000
1.3331
0.5717
1.6448
2.6913
0.0000
0.0000
0.0000
0.0000
0.0000
1.8382
0.0000
0.0000
0.0000
0.0000
0.0000
0.0000
0.0000
0.0000
0.0000
0.0000
0.0000
0.0000
0.0000
0.0000
0.4880
0.0745
0.0000
0.1596
0.0000
0.7070
0.0000
0.0000
0.0000
5.6060
0.3860
1.1209
0.0856
1.9850
0.0000
0.0000
0.0000
0.0000
0.0000
0.0000
0.0000
0.0000
1.6515
0.0000
0.0000
0.0000
0.0000
0.0000
0.0000
0.0000
0.0000
0.0000
0.0000
0.0000
0.0000
0.0000
1.5635
0.0000
0.0000
0.0000
3.4978
0.0000
0.0000
0.0000
0.4385
0.0000
0.0000
0.0000
0.0000
0.0000
0.0000
0.0000
0.0000
1.1115
0.0000
0.0000
0.0000
0.0000
0.0000
0.0000
0.0000
0.0000
0.0000
0.0000
0.0000
0.0000
0.0000
0.0000
0.0000
0.0000
0.0000
0.0000
0.0000
0.0000
0.0000
2.4780
0.0000
0.0000
1.5923
0.0000
0.4523
0.0000
0.0000
0.0742
0.0000
0.0000
0.0000
0.0000
0.0000
2.6122
0.0000
1.1818
0.0000
0.0000
0.0000
0.8188
1.2775
0.0000
0.4883
0.0000
0.0000
0.0000
2.6471
2.2130
2.0351
0.0000
0.0000
0.0000
0.0000
0.2949
0.0000
3.0059
0.4989
0.0000
0.1908
0.0000
0.3302
0.0000
0.0000
0.0000
0.0000
0.0000
0.3843
0.0000
0.0000
0.0000
0.0000
0.0000
1.3905
0.0000
0.0000
1.3729
1.6403
0.0787
2.3244
0.0000
0.0000
0.0000
2.7304
1.7023
2.9591
0.0000
0.6733
0.0000
0.0000
0.0000
0.0000
0.0000
0.0000
0.0000
0.0000
0.0000
1.1142
0.2792
0.0000
0.0000
0.0000
0.0000
0.0000
0.0000
0.0000
0.0000
0.6189
0.0000
0.0000
0.0000
0.0000
0.0000
3.8462
0.0000
0.0000
0.0000
0.0000
0.0000
0.0000
1.1091
0.0000
0.0000
0.0000
2.2910
0.0000
0.0000
0.7601
0.0000
0.0000
0.0000
0.0000
0.0000
0.0000
0.0000
0.0000
0.0000
0.3899
0.0000
0.0000
0.0000
0.0000
0.0000
0.0000
0.0000
0.0000
0.0000
0.0000
0.0498
0.0000
0.0000
0.0000
5.4308
0.0000
0.0000
0.0000
0.0000
0.0000
0.3288
0.0000
1.5265
0.0000
0.0000
0.0000
0.8047
0.0755
0.0000
0.0000
0.0000
0.0000
0.0000
0.0000
0.0000
1.1735
0.0000
0.0000
1.2011
0.0000
0.0000
0.0000
0.0000
1.7875
0.4348
0.0000
0.0000
1.9478
1.0350
0.8709
0.0000
0.0000
0.0000
0.0000
0.0000
0.0000
0.0000
3.3071
0.0000
3.0536
0.0000
0.0000
0.0000
1.4535
0.6097
0.2328
0.0000
2.2875
1.8303
0.0000
0.0000
1.1015
0.9342
0.0000
0.0000
0.0000
0.0000
0.0000
0.0000
0.0000
1.3496
0.0000
1.0842
2.7761
1.1643
0.0000
0.5932
0.0000
1.3174
1.6787
0.0000
0.0000
0.0000
0.0000
0.0000
0.0000
4.3118
0.9608
0.0000
0.0000
0.0000
0.0000
0.8111
0.1852
1.7565
1.1854
0.0000
0.0000
0.0000
0.0000
0.0000
3.8353
0.0000
0.0000
0.0000
0.0000
3.8954
0.7406
0.0000
0.0000
0.0000
0.0000
0.0000
2.0905
0.0000
0.0000
3.0483
0.0000
0.0000
0.0000
0.0000
0.0000
0.0731
0.7909
0.0000
0.0000
0.0000
1.8528
1.8078
0.0000
0.0000
0.0000
0.0000
0.0000
0.0000
4.0509
0.0000
3.2981
0.0000
0.0000
1.1066
0.0000
0.0000
0.0000
0.0000
0.7051
0.0000
4.4778
0.0000
0.0000
0.0000
0.0000
0.0000
0.0000
0.0000
0.0000
1.8557
0.0000
0.3890
0.0000
0.0000
0.0000
0.0000
0.2343
6.7271
0.0000
0.0000
0.0000
0.0000
0.3236
0.0000
0.0000
0.0052
0.0000
0.1594
2.8938
0.0000
0.7755
1.4872
0.8176
0.0000
0.0000
0.0000
0.0000
0.8167
2.7558
0.0000
0.0000
0.0000
0.0000
0.0000
0.0000
0.0000
4.9593
0.0000
0.0000
0.0000
0.0000
0.0000
0.0000
0.0000
0.0000
0.0000
1.0330
1.1528
0.0000
0.0000
0.0000
0.0000
2.9920
0.0000
0.0000
0.0000
0.1605
0.0000
0.0000
0.0000
0.0000
0.0000
0.0000
3.6697
0.0000
0.0000
0.0000
0.0000
0.0000
0.0000
0.0000
0.3837
0.8630
0.0000
1.1509
2.1322
0.6684
1.3003
0.0000
0.0000
3.0121
0.0000
0.0000
0.0000
0.0000
0.0000
0.0000
0.0000
0.0000
0.0000
0.2627
0.0000
0.0000
0.0000
0.0761
0.0000
0.0000
0.0000
0.0000
0.0000
0.0000
0.0000
0.0000
4.4656
0.0000
0.6083
0.0000
0.0000
0.0000
1.8934
0.0000
0.0000
0.0000
0.8771
0.0000
0.0000
2.1458
0.8185
2.9937
0.0000
0.0000
0.0000
0.0000
0.9763
0.0000
1.2671
0.0000
0.0000
0.0000
1.1516
1.3633
0.0000
0.0000
0.0000
0.0000
0.0000
2.8886
0.0000
0.0000
0.0000
0.0000
0.0000
0.0000
0.0000
0.0000
2.3620
0.0000
0.0000
0.2566
3.4651
0.4018
0.0000
0.0282
0.0000
2.1374
0.0000
0.0000
0.0000
0.0000
0.0000
2.3599
0.8943
0.0000
0.0000
4.1064
0.0000
1.5840
1.5064
0.0000
0.0000
0.4686
0.0000
1.9602
0.0000
0.0000
0.0000
0.0000
0.0000
0.3799
4.5432
0.0000
0.0000
0.0000
0.0000
0.0870
0.0000
2.4330
0.0000
0.0000
0.0000
0.5326
3.2514
0.0000
0.0000
0.0000
2.7019
0.0000
0.6401
0.0000
0.0000
1.4265
0.0000
0.0000
0.0000
0.0000
0.0000
2.0131
0.0000
0.0000
0.0000
2.9993
0.0000
0.0000
4.1187
0.0000
0.0000
0.0000
0.0000
0.0000
0.0000
0.0000
0.0000
0.5298
0.9510
0.0000
3.8864
0.0000
0.0000
0.0000
0.0000
0.0000
1.7968
0.0000
0.0000
0.0000
0.0000
0.0000
0.0000
0.0167
0.0000
3.0858
0.0000
0.0000
0.0000
0.0000
0.0000
0.6786
1.6451
0.0000
1.0354
0.0000
0.0000
0.0000
0.0000
0.0000
0.0000
0.0000
0.0000
0.0000
0.9224
0.4459
0.0000
0.0000
1.6257
0.0000
0.0000
0.6848
0.0000
0.0000
0.0000
2.4767
1.3307
0.0000
0.0000
0.0000
0.0000
0.0000
2.0479
0.0000
0.0000
0.0000
0.0000
1.5917
0.0000
0.2237
0.0000
2.2553
0.5652
0.0000
0.0000
0.0000
0.0000
1.6196
0.0000
0.0000
0.0000
0.0000
0.0000
4.2018
0.0000
0.0000
3.4938
0.0000
0.0000
0.0000
0.0000
1.1344
0.0000
0.0000
0.5681
0.0000
0.0000
0.9772
2.7505
0.7444
0.0000
1.0762
0.0000
1.1395
0.0000
0.0000
1.6450
0.0000
0.0000
0.0000
0.0000
3.7028
0.0000
0.0000
0.0000
0.0000
0.0000
0.0000
0.0000
0.0000
0.0000
2.3152
0.0000
0.0000
0.0000
0.0000
0.1272
1.1935
0.0000
0.0000
0.0000
0.0000
0.0000
0.0000
0.0000
0.0000
0.0000
0.0000
0.0000
0.0000
0.0000
0.0000
0.0000
0.0000
0.0000
0.0000
0.2652
0.0000
0.0000
0.0000
2.4349
0.0000
0.0000
0.0000
0.0000
0.0000
0.0000
0.3922
0.0000
0.0000
0.0000
0.0000
0.0000
2.2456
0.0000
0.4724
0.0000
0.7633
1.8666
0.0000
0.0000
0.0000
4.7720
1.8162
0.0000
0.0000
0.0000
0.0000
0.0000
0.0000
0.0000
3.3332
0.1225
0.0000
0.0000
4.8470
0.0000
0.0000
0.0000
0.0000
0.0000
0.0000
2.4668
0.0000
0.0000
0.0000
0.0000
0.0000
0.0000
0.0000
1.0432
0.0000
0.0000
0.0000
0.0000
0.0000
0.0000
0.0000
0.0000
0.2823
0.0000
4.0837
0.0000
1.0592
0.0000
0.4938
2.3042
0.0000
0.3965
0.0000
2.7997
0.0000
0.0000
0.0068
0.0000
1.1361
0.0000
0.3380
0.0000
0.0337
1.0074
0.0000
0.0000
0.0000
0.4850
0.0000
0.0000
2.9492
0.0000
0.0000
0.0000
0.6331
0.0000
0.0000
0.0000
0.6910
0.0000
2.3906
0.0000
0.0000
0.0000
2.3253
0.0000
0.0000
0.0000
0.0000
5.1093
0.0127
2.4795
0.0000
1.0239
0.0000
0.0000
0.0000
0.0000
0.0000
0.0000
0.0000
0.8588
3.0121
0.0000
4.5633
0.2299
0.0000
0.9877
0.0000
0.0000
0.0000
0.0000
0.0000
3.3847
0.2507
0.0000
2.2282
0.0000
0.0000
0.0000
2.7070
1.8634
1.1894
0.0000
0.0000
0.0000
0.5729
0.9161
2.8350
0.0000
0.0000
0.0000
1.1515
0.3452
2.4427
0.0871
0.0000
0.0000
0.0000
0.0000
0.0000
0.1014
0.0000
0.0000
0.0000
0.0000
1.4299
0.8188
0.0000
0.0000
0.0000
0.0000
0.0000
2.4644
4.6037
0.0000
0.0000
0.2880
1.2601
0.0000
0.7315
0.0000
0.0000
0.0000
0.0000
0.0000
0.0000
0.0000
0.0000
0.0000
3.6111
0.0000
0.0000
0.7450
0.0000
0.0000
0.0000
0.2407
0.1691
0.0000
0.0000
2.0126
0.7518
0.0000
0.0000
0.0000
0.0000
0.0000
0.0000
0.0000
0.0000
1.0682
1.5066
0.0000
1.3571
0.0000
0.0000
0.0000
3.6349
0.0000
0.0000
0.0000
1.7519
0.0000
0.0000
0.0000
0.0000
2.0919
0.0000
0.0000
1.2482
1.5833
2.9837
1.1921
0.5717
0.0000
0.0000
2.6061
0.0000
0.0000
0.0000
0.0000
0.0000
0.0000
0.0000
0.0000
0.0000
0.3241
0.0000
0.0000
0.3876
0.0000
0.0000
0.0000
0.0000
0.0682
0.1953
0.0000
0.0000
0.8412
0.0277
2.8226
2.0020
0.0000
1.5767
0.0000
0.0000
0.8221
0.0000
0.0000
0.0000
2.0797
0.4187
0.0000
5.4894
0.4659
0.0000
3.9441
0.2745
1.4027
2.1281
0.0000
2.0977
0.9369
0.0000
0.0000
0.0000
0.0000
0.0000
0.0000
0.5491
0.2148
1.2498
0.0000
0.0000
2.1028
0.0000
0.0000
2.2699
0.0000
0.0000
0.0000
0.0000
0.0000
0.0000
