0.0000
0.0000
0.0000
0.0000
0.0000
0.0000
0.0000
0.0000
0.0000
2.7842
0.0000
0.0000
0.5470
0.0000
0.0000
0.0000
0.0000
0.0000
0.0000
0.0000
0.0000
0.0000
3.0120
0.8941
0.9060
0.5990
0.0000
0.0000
0.0000
0.0000
0.0000
0.0000
0.0000
0.0000
0.5009
0.0000
0.0000
0.0000
1.3357
0.6729
0.0000
0.0000
0.0000
0.0000
0.0000
0.0000
0.0000
0.0000
0.0000
0.0000
0.0000
0.0000
0.0000
0.0000
0.0000
0.0000
0.0000
0.0000
0.0000
0.0000
0.0000
1.5031
0.0000
0.0000
0.0000
0.0000
0.0000
0.0000
0.0000
0.0000
0.0000
3.2288
0.0000
0.0000
0.0000
0.5557
0.0000
0.0000
0.0000
0.0000
0.8099
0.0000
0.1417
0.0000
0.0000
1.5380
0.0000
2.2610
0.0000
0.0000
0.0000
0.0000
1.2004
1.1796
0.0000
0.0000
0.0000
0.0000
3.2209
0.0000
0.0000
0.0000
0.0000
0.0000
0.0000
0.0000
0.0000
0.0000
1.2910
3.4324
0.0000
0.0000
0.7004
0.2703
0.0000
0.0000
1.3206
0.0000
0.0000
0.0000
2.0293
0.0000
3.0700
0.0000
0.0000
0.0000
0.7768
1.2094
0.0000
0.0000
0.0000
0.0000
0.0000
0.0000
4.0399
0.0000
0.0000
0.0039
0.0000
2.7534
4.1225
0.0000
0.3083
0.9567
1.3906
0.0000
0.0000
0.2911
0.0000
0.0000
0.0000
2.0585
0.0000
0.0000
0.0000
0.0848
0.0000
0.2864
0.3681
0.0000
0.6925
0.0000
0.4998
0.0000
0.0000
1.5671
0.7275
0.0000
0.0000
0.6981
0.0000
0.0000
0.0000
0.6737
0.0000
0.0000
0.0000
0.1937
0.0000
3.8222
2.1866
4.1629
0.0000
0.0000
0.0000
0.0000
0.1711
0.0000
1.7926
0.5769
0.0000
0.0000
0.0000
0.5371
0.0000
0.0000
0.0000
0.1691
3.3213
0.7099
0.0000
0.0000
0.0000
0.0000
1.3616
0.0000
0.0000
0.0000
0.0000
0.0000
0.0000
0.0000
0.0000
0.6028
0.0000
0.0000
0.0000
0.0000
0.0000
0.0000
0.0000
0.0000
0.0000
0.0000
1.7946
0.0000
0.0000
0.7415
0.0000
0.0000
0.0000
0.0000
0.0000
0.0000
1.4214
0.0000
0.6580
0.0000
1.5043
0.0000
0.0000
0.0000
1.7028
0.0000
0.0000
0.0000
0.0000
0.0000
0.2664
0.0000
0.0000
0.0000
0.0000
0.0000
0.0000
0.0000
0.0000
0.0000
0.1915
0.0000
0.0000
0.0000
0.0000
0.0000
0.0000
0.0000
0.0000
0.0000
0.0000
0.0000
3.2228
0.0000
0.0000
1.4764
0.3940
0.0000
0.0000
0.3731
0.0000
0.0000
2.4277
0.0000
0.0000
0.1840
0.0000
2.4247
0.0000
0.0000
0.0000
0.0000
0.0000
0.0000
0.0000
0.0000
3.8396
0.0000
0.0000
0.1963
0.0000
0.5054
0.0000
0.0000
0.0000
0.0000
0.0000
0.0000
0.0000
0.0000
0.0000
1.0611
0.0000
0.0000
0.0000
0.0000
1.4074
0.0000
0.0000
0.0000
0.0303
0.1369
0.0000
0.2660
0.0000
1.3372
0.0000
1.1080
0.0000
0.0000
0.0000
2.7631
0.0000
0.0000
0.0000
0.0000
0.0000
0.3960
1.1139
0.0000
0.0000
2.9899
0.0000
0.0000
0.0000
0.0000
0.0000
4.7660
0.0000
0.0000
0.0000
0.0000
0.0000
2.8139
1.1893
0.0000
1.8729
0.0000
0.0000
0.0000
0.5549
0.0000
0.0000
0.0000
0.0000
0.0000
0.0000
2.4378
0.0000
0.0000
0.0000
0.0000
0.0000
2.0129
0.0000
0.0000
0.0000
1.1629
0.0000
0.5846
0.0000
0.0000
3.4044
0.0000
0.0000
0.0000
0.0000
0.0000
2.2637
0.0000
0.0000
0.5124
4.2744
0.0000
0.0000
0.0000
0.0000
1.8863
0.0000
0.0000
0.0000
0.8365
0.0000
0.2999
0.0000
0.0000
0.0000
0.3342
0.0000
0.0000
0.1070
0.0000
0.0000
0.0000
0.0000
0.8672
0.1187
0.0000
0.0000
0.0000
0.0000
0.0000
0.0000
0.0000
1.0544
0.0000
0.0000
0.0000
0.0000
0.0000
0.0000
0.0000
0.0000
0.0000
0.0000
0.0000
0.0000
0.0000
0.4408
0.0000
0.0000
0.0000
2.3092
0.0000
0.0000
0.0000
2.2778
0.0000
0.0000
0.0000
3.8078
1.1607
0.0000
0.0000
0.0000
0.0000
0.0000
0.0000
0.0000
0.0000
0.0000
0.0000
0.0000
0.0000
0.0000
0.0000
0.0000
0.0000
0.0000
0.0000
0.0000
0.0000
0.0000
1.4241
0.0000
0.0000
0.0000
4.1542
1.5097
0.0000
0.5246
0.0000
0.0000
0.0000
0.0000
0.6825
0.2996
0.0000
0.0000
0.0000
0.0000
0.6003
0.0000
0.0000
0.0000
0.0000
0.0000
0.0000
0.0000
0.0000
0.0000
0.0000
0.0000
0.0000
1.2320
0.0000
0.1532
0.0000
1.2050
0.0000
0.0000
0.8764
1.4846
2.9366
0.0000
0.0000
0.0000
0.0000
0.0000
0.0000
5.2594
0.0000
1.6050
3.2497
0.0000
0.5974
0.0000
0.0000
0.0000
0.0000
0.0000
0.0000
0.0000
0.0000
0.0761
0.0000
0.0000
1.6450
0.0000
0.0000
2.1119
0.0000
0.0000
0.0000
0.0000
0.0000
0.0000
0.0000
0.0000
0.0000
0.0000
0.0000
0.0000
0.0000
0.0000
0.0000
0.0000
0.0000
0.0000
0.0000
0.0000
0.0000
0.3064
0.4994
0.0000
0.0000
0.0000
0.7543
0.0000
0.0000
0.0000
0.0000
0.0000
0.0000
0.0000
0.0000
0.0000
0.0000
0.0000
0.0000
0.0000
0.0000
0.0000
0.0000
0.0000
0.0000
0.0000
0.0000
0.0398
1.0344
2.1658
0.0000
0.0000
0.0000
0.0000
0.0000
0.0000
0.0000
0.0000
0.0000
3.9946
0.0491
0.0000
1.8401
0.0000
0.0000
0.0000
0.0000
0.2891
0.0000
0.0000
0.0000
0.1558
0.0000
0.0000
1.9716
0.0000
0.0000
0.3969
0.0000
0.0000
0.0000
2.7486
0.0000
0.0000
0.0000
0.0000
0.0000
0.0000
0.0000
0.0000
0.0000
0.0000
0.0000
0.0000
0.0000
0.3632
1.9603
0.0000
1.4812
0.0000
0.0000
0.0000
0.0000
0.0000
0.0000
0.0000
0.0000
0.0000
0.3261
0.0000
0.0000
0.0000
2.2967
1.5643
0.0456
0.0000
0.0000
0.0000
0.0000
0.0000
0.0000
0.0000
2.6447
0.0000
0.0000
0.0000
0.0000
0.0000
0.0000
0.0000
0.0000
0.4759
0.0000
0.0000
0.0000
0.0000
0.2549
0.0000
0.0000
0.0000
0.0000
0.0000
1.4621
0.0000
0.0000
0.0000
0.5898
0.0000
0.0000
0.0000
1.5138
0.1309
0.0000
4.6584
0.0000
0.6145
0.0000
0.0000
0.0000
0.0000
0.0000
2.2020
0.0000
0.0000
0.7639
0.0000
0.0000
0.0000
0.0000
2.1484
0.0000
0.0000
4.4317
0.0000
0.0000
0.0000
0.0000
0.0000
0.0000
0.0000
0.0000
0.0000
0.0000
0.8855
0.3180
0.0000
0.0000
0.5285
0.0000
0.0000
0.2397
0.0000
0.0000
0.0000
2.0181
0.0436
0.0000
0.0000
0.0000
0.0000
2.3702
0.0000
0.0000
0.0000
2.9956
0.0000
0.0000
0.0000
0.0000
0.0000
0.0000
0.0000
0.0000
0.0000
0.0000
0.0000
0.0000
0.0000
0.0000
0.0000
0.0000
0.0000
0.0000
2.6654
0.0000
0.0000
0.0000
0.0000
0.5117
0.0000
0.0000
0.0000
0.0000
0.0000
0.0000
0.0000
0.0000
0.0000
0.0000
0.8896
0.0000
0.0000
0.0000
0.0000
0.0000
0.0000
0.0000
0.5282
0.0000
0.0000
0.0000
0.0000
0.0000
2.6174
1.3760
0.0000
0.0000
0.0000
0.0000
0.1131
0.0000
0.0000
0.0000
3.0330
0.0000
0.0000
0.0000
0.0000
0.0000
0.0000
0.0000
0.0000
0.0000
0.0000
0.4648
0.0000
0.0000
0.8631
0.0000
0.0000
2.5959
0.3944
0.0000
0.0000
0.0000
0.4712
0.0000
0.0000
0.0000
0.0000
0.0000
0.7735
0.0000
0.0000
0.0000
0.0000
0.0000
0.0000
1.4967
0.0000
0.0000
0.0000
0.0000
0.0000
0.0000
0.0000
0.0000
0.0000
0.0000
0.1338
0.0000
0.0000
0.0000
0.0000
0.0000
0.0000
0.8456
0.0000
0.0000
0.0000
0.0000
0.0000
0.0000
0.0000
3.3514
0.0000
0.2299
0.6179
0.0000
0.0000
0.0000
0.0000
0.0000
0.8134
0.1764
0.0000
0.0000
0.0000
0.0000
0.2571
0.0000
0.0000
0.0000
0.0000
0.0000
0.0000
0.0000
0.0000
0.0000
0.0000
0.0000
2.1633
0.0000
0.0000
0.0000
0.4195
0.0000
0.0000
2.2252
0.6124
0.0000
0.0000
0.0000
0.0000
0.0000
0.0000
0.0000
0.0000
0.0000
0.0000
1.1475
0.0000
0.0000
4.7416
0.0000
0.0000
0.0000
0.0000
0.0000
0.0000
0.0000
0.0000
0.0000
1.2886
0.0000
0.0000
3.3554
2.6505
0.0000
0.0000
0.0000
0.0000
0.0000
0.0000
0.0000
0.0000
0.0000
0.0000
0.0000
0.0000
0.0000
0.0000
1.1325
0.0000
0.0000
0.8140
2.0412
0.0000
0.9731
0.0000
6.1174
0.0000
0.1024
0.0000
0.0000
0.0000
0.0000
1.3166
0.0000
0.0000
0.0000
0.0000
1.2290
0.0000
0.4724
1.6181
0.0000
0.0000
0.3871
0.6735
0.0000
0.0000
0.0000
0.0000
0.0000
0.0000
0.0000
0.7819
0.0000
0.0000
0.0000
0.0000
0.5962
0.0000
0.0000
0.5767
2.0476
0.3796
0.0000
0.0000
0.0000
0.3813
0.0000
0.0000
0.0000
0.0000
1.3241
0.0000
0.0000
0.0000
5.0829
1.0967
0.0000
0.0000
0.7703
0.0000
0.0012
0.0000
0.0000
0.0000
3.2713
0.0000
1.5120
0.0000
5.4801
0.0000
0.0000
0.0000
2.7223
0.0000
0.0600
0.0000
2.6899
0.4630
0.0000
0.0000
0.0000
1.1252
0.0000
0.0000
0.0766
1.2509
0.6197
1.6850
0.0000
1.5823
0.0000
0.0000
0.0000
0.3145
0.0000
0.0000
0.0000
0.0000
0.0000
0.0000
0.0000
0.7084
0.0000
0.0000
0.0000
0.0000
0.0000
0.0000
0.0000
0.0000
0.0000
0.0000
0.0000
0.0000
0.0000
0.6582
0.0000
1.3473
0.0000
0.2330
2.1985
0.0000
0.0000
0.0000
0.0000
1.7247
0.0000
0.0000
0.2974
0.0000
0.0000
0.2603
0.0000
0.0000
0.3045
0.0000
0.0000
0.0000
0.0000
0.0000
0.9691
0.0000
0.0000
0.0000
0.0000
0.0000
2.1456
0.0000
0.0000
1.6077
0.0000
0.0000
1.4987
0.0000
0.5545
0.0000
0.0000
0.0000
0.0000
0.0000
0.0000
0.0000
0.0000
0.0000
1.5080
0.0000
0.9225
0.0425
0.0000
0.0000
0.0000
0.1878
0.0000
0.0000
0.0000
0.0000
0.0000
0.0000
0.0000
0.6799
0.0000
0.2791
0.0000
0.0000
0.0000
0.0000
0.0000
0.0000
0.0000
0.0000
0.0000
0.0000
0.0000
0.0000
0.0000
0.0000
0.0000
0.0000
0.0000
0.7093
0.0000
5.2033
0.0000
0.0000
0.0000
0.0000
0.0000
0.0000
0.0000
0.0000
0.0000
0.0000
0.0000
1.4198
0.4310
0.0000
0.0000
0.0000
0.0000
0.0000
0.0000
1.6579
0.0000
0.0000
0.0000
2.6706
0.0000
0.0000
0.0000
4.1138
2.3365
0.0000
0.0000
0.0000
0.0000
0.0000
0.0000
0.0000
0.0000
0.0000
0.0000
0.0000
0.0000
1.2005
0.0000
1.9536
0.0000
0.0000
0.0000
0.7125
0.0000
0.2884
0.0000
0.0000
0.0000
2.4138
3.0627
0.0000
0.0000
0.0000
0.0000
0.8541
0.0000
0.0000
0.0000
2.6394
0.0941
0.1883
0.2064
1.1193
0.0000
0.0000
0.0000
0.0000
0.0000
0.0000
0.0000
0.4229
4.8262
0.0000
0.0000
0.0000
0.0000
0.0000
0.0000
0.0000
0.0000
0.0000
0.0000
0.0000
0.0000
0.0000
0.0000
0.0000
0.0000
0.0000
0.0000
0.0000
0.0000
2.0224
0.0000
0.0000
0.0000
2.7498
0.0000
0.0000
0.0000
3.9110
0.0000
0.0000
0.0000
0.0000
2.2057
0.0000
0.0000
0.0000
0.0000
0.0000
0.0000
0.0000
0.0000
0.0000
0.0000
0.0000
0.0000
0.0000
1.3787
4.2417
0.0000
0.0000
0.0000
0.0000
0.0000
0.8654
2.2050
0.0000
0.0000
0.0000
0.0000
0.0000
0.0000
3.4339
0.0000
0.0000
0.0000
0.0000
1.1569
0.9058
0.0000
0.0000
0.0000
1.2468
0.0000
0.0000
0.0000
0.0000
0.0000
2.1699
0.0000
0.0000
0.5503
0.0000
0.0000
0.0000
0.0000
0.0000
0.0000
0.0000
0.0000
0.0000
0.0000
0.0000
0.0000
1.3935
0.0000
0.0000
0.0000
0.0000
0.0000
1.3740
0.9246
0.0000
0.0000
0.0000
0.0000
0.0000
0.0000
0.0000
0.5986
0.0000
0.8005
0.0000
1.2917
0.0000
0.4391
0.0000
0.0000
0.0000
0.0000
0.0000
0.0000
0.0000
0.0000
0.0000
0.0000
0.0000
0.0000
0.0000
0.0249
0.0000
0.0000
0.0000
0.9621
0.0000
0.2195
0.0000
0.0000
0.0154
0.4074
0.0000
0.0000
0.0000
0.0000
2.9872
4.0217
0.0000
1.8462
0.0000
0.0000
0.0000
0.0000
0.0000
0.0000
0.0000
0.0000
0.0000
0.0000
0.0000
1.1571
0.0000
0.0000
0.0000
0.0000
0.0000
0.0000
0.0000
0.0000
1.1511
0.0000
0.0000
2.1301
0.0000
1.3895
1.4397
6.7574
0.0000
0.5783
0.0000
0.0000
0.0000
0.0000
0.0000
1.8635
0.0000
0.0000
0.0000
0.0000
0.0000
0.0000
0.0000
0.0000
0.0000
1.2247
1.2431
0.8936
0.0000
0.8445
0.0000
0.0000
0.7520
0.1125
0.0000
2.9526
0.0000
0.0000
1.8322
0.3294
0.0000
0.0000
0.0000
0.0000
0.0000
0.0000
0.4273
0.0000
0.0000
0.0000
0.0000
0.0000
0.0000
0.0000
0.0000
4.0472
0.0000
2.9907
0.0000
0.0000
0.0000
0.0000
0.0000
0.0000
0.0000
0.0000
0.0000
0.0000
0.0944
0.0000
0.0000
2.0690
0.0000
0.0000
0.0000
0.4024
0.0000
0.0000
0.0000
0.0000
0.0000
0.3063
0.0000
0.0000
3.1669
0.0000
0.0000
0.0000
0.0000
0.0000
0.0000
0.0000
0.0000
1.9336
2.1930
1.4814
0.0000
0.4831
0.0000
0.0000
0.0000
0.0000
0.0000
0.0000
0.0000
0.0000
0.0000
0.0000
0.0000
0.0000
2.0292
0.0000
0.0000
0.0000
0.0000
0.0000
0.0000
0.0000
0.0000
0.0000
1.7448
1.6680
2.2325
0.0000
0.0000
0.0000
0.0000
2.3769
1.5598
0.0000
0.0000
0.0000
0.0000
0.0000
0.0000
0.0000
1.4447
1.4427
0.0000
0.0000
0.0000
0.0000
0.0000
0.0000
0.0000
0.0304
0.9320
0.9650
0.0000
0.0000
0.0000
0.0000
0.0000
0.0000
0.0000
1.4541
0.0000
0.0000
0.0000
0.5238
0.0000
0.0000
0.0000
0.0000
2.1281
0.0000
0.0000
0.0000
0.0000
0.6650
0.0000
1.5458
0.0000
0.0000
0.0000
1.2268
0.8568
0.0000
0.0000
0.0000
0.0000
0.0000
0.0000
3.1643
0.0000
0.0000
0.0000
0.0000
0.0000
0.0000
0.0000
0.0000
0.3347
0.0000
0.0000
0.0000
0.0000
0.0000
1.3451
0.3151
0.0000
0.0000
3.7482
0.6057
0.0000
0.0000
0.0000
5.2779
0.0000
0.0000
0.0000
1.8584
0.0000
0.7283
0.0000
0.0000
0.0000
0.0000
0.0000
0.0000
0.0000
0.0000
0.0000
1.1210
0.0000
2.2120
0.0000
2.7026
0.0000
0.0000
3.7537
0.0000
0.0000
0.0000
0.0000
0.1502
0.0000
0.0000
0.0000
1.0918
0.6415
0.0000
0.0000
0.0000
0.0000
0.0000
0.0000
0.0000
0.0000
0.0000
0.0000
0.0000
0.0000
0.5084
1.2725
0.0000
0.0000
0.0000
0.0000
0.0979
0.0000
0.0000
0.1082
0.0000
0.0000
0.8533
0.4825
0.0000
0.8620
0.0000
0.0000
0.0000
0.0000
0.6714
0.3234
0.0000
0.0000
0.0000
0.0000
0.0000
0.0000
0.0000
0.0000
0.0000
1.1604
0.0000
0.0000
0.4504
0.0000
0.0000
0.0000
0.0000
0.0000
0.0000
0.0000
0.0000
0.1796
0.0000
0.0000
0.0000
0.0000
0.0000
0.0000
0.0000
0.0000
0.0000
0.0000
0.0000
0.0000
0.5727
0.0000
1.4359
0.0000
0.0000
0.0000
0.0000
0.0000
1.1680
0.0000
0.0000
0.0000
0.0000
0.0000
0.2907
2.2370
0.5750
0.0000
0.0000
0.3168
0.1451
0.0000
0.0000
0.0000
0.0000
0.0000
0.0000
0.0000
0.0000
0.0000
0.0011
0.0000
0.0000
0.0000
4.6759
0.0000
2.3189
0.0000
0.0000
0.0000
0.0000
0.0000
0.0000
0.0000
0.7861
0.0000
1.7448
3.3463
0.0000
0.0000
0.0000
0.8542
0.0000
0.0000
2.3794
0.6718
0.0000
0.0000
0.0248
0.6491
0.0000
0.0000
0.0000
0.0000
0.0000
0.9822
0.0000
0.0000
0.0000
0.0000
0.0000
0.0000
0.0209
4.3358
0.0000
0.0000
2.8055
0.0000
3.0868
0.0000
0.0000
0.0000
0.0000
0.0000
0.0000
0.0000
0.0000
0.0000
0.0000
1.5588
0.0000
1.6877
0.0000
0.0000
0.0000
0.0000
0.0000
0.0000
0.0000
0.0000
2.3689
0.0000
0.0000
1.1007
0.0000
0.0000
1.3243
0.0000
0.0000
0.2243
0.0000
0.0000
0.0000
0.0000
0.0000
0.0000
0.5081
0.0000
0.0000
0.0000
1.1310
0.0000
0.0000
0.0000
0.0000
1.8122
0.0000
3.3456
1.6393
0.0000
0.0000
0.0000
0.0000
0.0000
0.0000
0.0000
0.0000
0.0000
1.3099
0.0000
0.0000
0.0000
0.0000
0.1552
0.0000
0.0000
0.0000
0.0000
0.0000
0.0000
0.0000
0.0000
0.0000
0.0000
2.2163
0.0000
0.0000
0.0000
0.0000
2.4930
0.0000
0.1222
0.0000
0.0000
0.0000
0.3748
0.0000
0.0000
0.0000
0.0000
0.1944
0.0000
0.0000
0.0000
0.0000
0.0000
0.0000
0.6486
0.0000
0.0000
0.0000
1.1302
0.0000
0.0000
0.0000
0.0000
0.0000
0.0000
0.0000
0.0000
0.0000
0.3416
2.7396
0.0000
0.0000
0.0000
2.0797
0.0000
0.0000
0.0000
0.0000
0.3333
0.0000
2.5917
0.7457
0.0000
0.0000
0.0000
0.0000
0.0000
1.0718
0.0000
0.0000
0.0000
1.2898
0.0000
0.0000
0.0000
0.0000
1.5528
3.8128
0.0000
2.3635
0.0000
0.0000
0.0000
0.0000
4.3306
0.0000
0.0000
0.0000
0.0000
0.0000
0.0000
0.0000
0.0000
0.0000
0.0000
0.0000
0.0260
0.0000
0.0000
0.0000
0.0000
0.0000
0.0000
0.0000
0.0000
2.6105
0.0000
0.0000
0.5936
1.1499
0.9713
0.0000
0.1423
0.0000
0.0000
0.0000
0.0000
0.0000
4.4237
0.0000
0.0000
2.7623
1.3678
0.0000
0.0000
2.1058
0.6823
0.0000
0.0000
1.1114
0.8764
0.0000
0.0000
0.0000
0.0000
0.0000
0.0052
0.0000
0.0000
0.0000
0.0000
0.9708
0.0000
1.4745
0.0000
0.0000
0.0000
0.0000
0.0000
0.0000
0.0000
0.0000
3.0134
0.0000
0.0000
0.0000
0.0000
0.0000
0.0000
1.2892
1.7558
0.0000
0.0000
0.2232
0.0000
3.7483
0.2972
0.0000
0.0000
0.0000
0.0000
0.0000
2.2284
0.0000
0.0000
0.0000
0.0000
0.0000
0.0000
0.0000
0.0000
0.0000
0.0000
0.0000
0.0000
2.2722
0.0000
0.0000
0.0000
0.0000
0.0000
1.6166
0.0000
0.0000
0.0000
0.0000
0.0000
1.0715
0.0000
0.0000
0.0000
0.5615
0.0000
0.8593
0.0000
0.0000
0.0000
0.0000
0.0000
0.0000
0.0000
0.0000
0.0000
0.0000
0.0000
0.0000
1.3210
0.0000
0.0000
0.0000
0.0000
0.0000
0.0000
0.0000
0.6307
0.0000
0.0000
0.0000
0.0000
0.0000
0.0000
0.0000
0.0000
0.0000
0.0000
0.0000
0.0000
1.3289
0.0000
1.5580
0.0000
0.3167
0.0000
0.0000
0.0000
0.0000
0.0000
0.0000
0.0000
0.0000
0.0000
0.0000
0.0230
1.7109
0.0000
0.3652
0.0000
0.0000
0.0000
0.0000
0.0000
0.0000
0.0000
1.5320
0.0000
0.0000
0.0000
0.4161
0.0000
2.7390
0.0000
0.0000
0.0000
0.0000
0.0000
1.4438
0.0000
0.0332
2.1263
0.0000
0.0000
0.0000
0.0000
0.0000
0.6268
1.7219
0.0000
0.0000
0.0000
0.0000
0.0000
0.0000
0.0000
0.0000
0.0000
0.0000
0.0000
0.0000
0.0000
0.0000
0.0000
2.1102
4.6252
0.0000
0.0000
0.2745
2.0213
0.0000
0.0000
0.0000
0.0000
1.2467
3.3517
1.4633
0.0000
0.0000
0.0000
0.0000
0.0000
0.0000
0.0000
0.0000
0.0000
0.0000
0.0000
0.0000
0.0000
0.0000
0.0000
0.0000
0.1081
0.9313
0.0000
0.1274
0.0000
0.0000
1.6016
0.0000
0.8888
0.0000
1.0205
0.0000
0.0000
0.0000
0.2611
0.3374
0.0000
0.0000
0.0000
0.0000
0.0000
0.0000
0.0000
0.0000
0.0000
0.0000
0.0000
0.0000
0.0000
0.0000
0.0209
0.0000
0.0000
0.0000
0.0000
0.0000
0.0000
0.0000
4.6858
0.0000
0.0000
0.0000
0.0000
0.0000
0.0000
2.0952
0.0000
0.0000
0.0000
2.4224
1.4880
0.0000
0.0000
0.0000
0.0000
2.2566
0.0000
0.0000
0.0000
0.0000
0.0000
0.5165
0.1386
0.0000
0.0000
0.0000
0.0000
0.0000
0.0000
0.0000
0.0000
0.0000
0.3147
0.0000
0.0000
0.0000
0.0000
0.0000
0.0000
0.0000
1.3745
0.0000
0.0000
0.0000
1.2651
0.0000
0.0000
0.0000
0.0000
0.0000
0.9772
0.0000
0.0000
0.8813
0.0000
0.0000
1.1849
0.0000
3.0260
0.0000
0.0000
0.0943
0.0000
0.0000
0.0000
0.1159
0.0000
0.0000
0.0000
0.0000
0.0000
0.1676
0.0000
0.0000
0.0000
0.0000
0.0000
0.0000
0.0000
0.0000
0.0000
0.0000
0.0000
0.0000
0.0000
0.0000
0.0000
0.0000
1.9508
0.0000
0.0000
0.0000
1.7273
0.0000
0.0000
0.0000
0.0000
0.0000
0.0000
0.0000
0.1296
0.0000
0.0000
0.0000
0.0000
0.0000
2.8120
4.1259
0.0000
0.7916
0.0000
0.0000
0.0000
0.0000
0.0000
0.0000
0.0000
0.0000
0.0000
0.0000
0.0000
0.0000
0.0000
0.0000
0.0000
0.0000
0.0000
0.0000
0.0000
0.5433
0.0000
0.9703
1.0073
0.0000
1.0290
0.0000
0.0000
0.0000
0.0000
0.0000
2.5527
0.0000
0.0000
0.0000
1.9905
0.0000
0.0000
0.0000
1.0263
0.0000
0.0000
0.3607
0.0000
0.0000
0.0000
0.2749
0.0000
0.7517
0.3593
0.0000
4.5662
0.0000
0.5940
0.0000
0.0000
0.0084
0.0000
0.0000
0.0000
0.0000
0.0000
0.0000
0.0000
0.0000
0.7595
0.0000
0.0000
1.5591
0.0000
0.0000
0.0000
0.0000
0.0000
1.1023
0.0000
0.0000
0.0000
0.0000
0.0000
0.0000
0.3417
3.9213
0.0000
0.1538
0.7610
0.0000
0.0000
0.0000
0.0000
0.3915
0.0000
0.0000
0.0000
0.0000
0.0000
0.0000
0.0000
0.3398
0.6355
0.0000
0.0000
0.0000
0.0000
0.0000
0.0000
0.0000
1.1808
0.0000
0.0000
0.0000
0.0000
0.1807
0.0000
2.0802
0.0000
0.6067
0.0000
0.0000
0.0000
1.5290
0.9652
0.0000
0.0000
1.1921
1.1433
0.0000
0.0000
0.0000
0.0000
0.0000
0.0000
0.0000
3.7276
1.8047
0.0000
0.0000
0.0000
2.0567
0.0000
0.0000
0.0000
0.0000
0.0000
0.0000
0.0000
0.0000
0.0000
0.1449
0.0000
0.0000
0.0000
0.0000
0.0000
0.0000
0.0000
0.0000
1.2165
0.0000
0.9803
0.0000
0.0000
0.8042
0.0000
0.0000
0.0000
0.0000
0.0000
0.0000
0.0000
0.0000
0.7126
0.0000
0.0000
0.0000
0.0000
0.4282
0.0000
1.8349
0.6134
0.3793
0.0000
0.0000
0.0000
0.0000
0.0000
0.0000
0.0000
0.0000
0.0000
0.8343
0.0000
0.0000
0.0000
0.1323
0.0000
0.0000
0.0000
0.0000
0.0000
0.0000
0.0000
0.0000
0.0000
0.0000
0.0000
0.0000
0.0000
0.0000
0.0000
0.0000
0.0000
0.0000
0.0000
0.0000
0.0000
0.0000
0.0000
5.5750
0.0000
0.0000
0.0000
0.0000
0.0000
0.0000
0.7538
0.0000
0.0000
0.0000
0.0000
0.0000
0.0000
0.0000
0.0000
0.0000
0.0000
2.9702
0.0000
0.0000
1.5437
0.0000
2.3325
0.0000
0.0000
0.0000
0.0000
0.0000
0.9935
0.6230
0.3016
2.3073
0.0000
5.9945
0.0000
0.0000
0.0000
0.0000
3.0730
0.0000
2.4002
0.0000
0.0000
0.0000
0.0000
0.0000
1.2619
0.0000
0.0000
0.0000
0.0000
0.0000
0.0000
0.6785
1.2566
0.0000
0.0000
0.7323
0.0000
0.0000
0.0000
0.0000
0.0000
0.4330
0.0000
0.0000
0.0000
0.0000
0.0000
0.0000
3.2590
0.5213
3.6100
0.0000
0.0000
2.8745
3.4869
0.0000
0.0000
0.0000
0.0000
0.0000
0.0000
0.0000
0.0000
3.1344
0.0000
0.0000
0.0000
1.0640
0.0000
0.0000
0.0000
2.0009
0.0000
0.0000
0.0000
1.1287
0.1341
0.5342
1.1660
0.0000
0.0000
1.6950
0.0000
2.5374
0.0000
0.0000
3.2822
0.0000
0.0000
0.0000
0.0000
0.0000
3.4432
0.0000
0.0000
0.0000
0.0000
0.0000
0.4714
0.0000
0.0000
0.0000
2.7479
0.0000
0.0000
0.0000
0.0000
0.0000
0.0000
0.1795
0.0000
0.0000
0.0000
0.0000
0.0000
0.0000
0.0000
0.0000
0.0000
0.0000
2.3853
0.0000
0.0000
0.0084
0.0000
0.0000
0.0000
0.3489
1.7078
0.4686
0.3984
0.0000
0.0000
2.4832
0.0000
0.0000
0.0000
0.0000
1.2898
0.0000
0.0000
0.0000
0.0000
3.1884
0.0000
0.0000
0.5551
0.0000
0.0000
0.0000
0.1620
0.0000
0.0000
0.0000
0.0000
0.7371
1.6534
0.0000
0.0000
0.0000
1.6146
0.0000
1.3603
2.7465
0.0000
0.0000
0.0000
0.0000
1.0967
0.0000
0.0000
0.0000
0.4495
0.6456
0.0000
1.7393
0.0000
1.0617
0.0000
0.0000
0.0000
0.0000
0.0000
1.3538
0.0000
0.0000
0.8558
0.0000
0.0000
0.0000
0.0000
0.0000
0.0000
0.0000
0.0000
0.0000
0.8423
0.0000
0.0000
0.0305
0.0000
0.0000
0.0000
0.0000
1.5306
1.4061
0.0000
0.0000
1.7206
0.5790
2.8366
0.0000
0.0000
0.0000
0.0000
0.0000
0.5221
0.0000
0.0000
0.0000
0.0000
0.0000
0.0000
2.5588
4.0208
0.0000
0.0000
0.0000
0.1631
1.8439
0.0000
0.0000
0.0000
0.0000
0.0000
0.0000
0.0000
0.0000
0.0000
0.0000
0.0000
0.9746
0.0000
5.0337
0.0000
0.0000
0.0000
0.0000
0.0000
0.0790
0.0000
0.0000
0.0000
0.0000
5.7442
0.8201
0.0000
0.0000
0.0000
0.0000
0.0000
0.0000
2.8640
0.1898
0.0000
0.0000
1.9389
1.7669
0.0000
0.0000
0.0000
0.0000
0.0000
0.5874
0.0000
0.0000
0.4490
8.1809
0.0000
0.0000
0.0000
0.5404
0.0000
0.0000
0.0000
0.0000
0.0000
0.0000
0.2643
0.0000
0.0000
0.1201
1.3666
0.1289
0.0000
0.0000
0.0000
0.0000
0.0000
1.4098
0.0000
0.0000
0.0000
0.0000
0.0000
0.0000
0.0000
0.0000
0.0000
0.5163
3.0290
0.0000
0.0000
0.0000
0.0000
0.0000
0.0000
0.0000
0.3715
0.0000
0.0000
0.0000
0.0000
0.0000
0.0000
0.0000
0.0000
0.8101
0.0000
0.0067
0.0000
0.0000
0.0000
0.0000
0.0000
0.0000
0.0000
0.0000
0.0000
0.4194
2.3188
0.0000
0.0000
0.0000
2.0023
0.5055
0.8280
0.0000
0.5340
0.0000
0.6695
0.0000
0.0000
0.0000
0.0000
0.0000
0.0000
0.0000
0.0000
0.0000
0.0000
0.0000
0.0000
0.6642
0.0000
0.0000
0.0000
0.0000
0.0000
1.7010
0.2674
0.0000
0.0000
0.8562
1.3168
0.0000
2.1580
0.0000
0.0000
2.4657
2.0256
0.0000
0.0000
0.1846
0.0000
0.2897
0.0000
0.0000
0.0000
0.0000
0.0000
0.0000
0.0000
0.0000
0.6052
0.0000
3.3215
0.0000
3.8585
0.0000
0.0000
1.3606
4.2530
0.0000
0.0000
0.0000
0.0000
0.0000
0.1151
0.9019
0.0000
1.8838
0.0000
0.0000
0.0000
0.0000
0.0000
0.7731
0.0000
0.0000
3.3816
0.0000
0.7498
0.0000
0.0000
0.0000
0.0000
3.7786
0.0000
0.0000
0.0000
0.0000
0.0000
2.8152
0.0000
1.1609
0.2713
0.0000
1.7305
0.0000
0.2085
0.0000
0.0000
0.9976
0.0000
0.0000
0.0000
0.0000
0.0000
0.2861
1.2360
0.0000
0.0000
0.0000
0.0000
0.0000
0.0000
1.1466
0.0000
0.0000
0.0000
0.9044
0.0000
0.0000
0.0000
5.6199
0.0000
0.0000
1.7481
0.0000
0.0000
0.0000
0.2354
0.0000
0.0000
0.0000
1.1343
0.0000
0.0000
0.4204
0.0000
0.4056
0.0000
3.6296
2.6045
0.0000
0.0000
0.0000
0.0000
0.0000
1.0445
0.1647
0.0000
0.0000
0.0000
0.0000
0.0000
0.0000
0.0000
0.0000
0.0000
0.0000
0.0000
0.0000
0.0000
0.0000
0.0000
0.0000
0.0000
0.0000
2.8547
0.0000
0.0000
0.0000
3.6096
0.0000
0.0000
0.3548
0.3801
0.0000
0.0000
0.0000
0.0000
0.0000
0.0000
0.2877
0.0000
0.9335
0.0000
0.0000
0.0000
0.0000
0.0000
0.0000
0.0000
0.0000
0.0000
0.0000
0.0000
0.0000
0.0000
1.9122
0.0000
0.0000
0.0000
4.7177
0.0000
0.0000
0.0000
0.0000
0.0000
0.0000
0.0000
0.0000
0.0000
0.0000
0.0000
0.0000
0.0000
0.0000
0.0000
0.0000
0.0000
0.0000
0.0000
0.0000
0.0000
0.0000
2.0127
0.0000
0.0000
0.0000
0.0000
0.0000
1.0393
0.0000
0.0000
0.0000
0.0000
0.0000
0.0000
0.0000
0.0000
0.0000
0.0000
3.5520
0.0000
0.0000
0.0000
0.0000
0.0000
0.0000
0.0000
0.0000
1.0024
0.0000
0.1651
0.0000
0.0000
0.0000
1.1412
0.9084
0.0000
0.0819
0.0000
0.0000
0.0000
2.2126
0.0382
0.6258
0.0000
0.0000
0.0000
0.0000
0.0000
0.0000
2.2945
0.7589
0.0000
0.0000
0.0000
0.0000
0.0000
0.0000
0.0000
0.0000
0.0000
0.7535
0.0000
0.0000
0.0000
0.0068
0.0000
0.0000
0.2143
0.0000
0.0000
0.6056
0.0000
0.0000
0.0000
0.0000
0.0000
1.5787
1.2481
0.0000
0.0000
1.7818
0.0288
1.6665
0.0000
0.0000
0.0000
0.0000
0.0000
0.0000
0.4834
0.7237
0.0000
0.0000
0.0000
0.0000
0.0000
0.9085
0.0000
0.0000
0.0000
0.0000
0.0000
0.0000
0.0000
0.0000
0.0000
3.5037
0.0879
0.0000
0.0000
0.0000
0.0000
1.0798
1.0236
0.0000
0.0000
0.0000
0.8029
0.0000
0.0000
3.4127
0.0000
0.5823
0.0000
0.0000
1.0491
0.0000
0.0000
0.0000
0.0000
0.0000
0.0000
0.0000
0.0000
0.0000
0.0000
0.0000
0.0000
0.6171
0.0000
0.0000
0.0000
0.0000
0.0000
0.0000
3.8659
0.0000
0.0000
0.0000
0.0000
0.0000
0.0000
0.0000
0.0000
0.0000
0.0000
0.7933
0.2320
0.0000
0.0000
0.0000
0.0000
0.0000
0.5929
0.0000
0.0000
1.2708
0.0000
0.0000
1.0585
0.0000
0.0000
0.0000
0.0000
0.2684
0.0000
0.0000
0.0000
0.2080
2.2819
0.1505
0.0000
0.0000
0.0000
0.0000
0.0000
0.0000
0.0000
2.5892
0.0000
2.3172
0.0000
0.0000
0.0000
0.0000
0.2041
0.2177
0.0000
1.5905
2.4344
0.0000
0.0000
1.0982
0.0000
1.5299
0.0000
0.0000
0.3708
0.0000
0.0000
0.0000
0.1988
0.0000
1.7035
1.2986
0.0000
0.0000
0.0000
0.0000
1.1054
0.6017
0.0000
0.0000
0.0000
0.0000
0.0000
0.0000
4.3531
0.9999
0.0000
0.0000
0.0000
0.0000
0.0000
0.0000
0.0000
0.7258
0.0000
0.0000
0.0000
0.0000
0.0000
3.8804
0.0000
0.0000
0.0000
0.0000
3.2573
0.9362
0.0000
0.0000
0.0000
0.0000
0.0000
0.0000
0.0000
0.0000
2.5476
0.0000
0.0000
0.0000
0.0000
0.0000
0.7390
1.9143
0.0000
0.0000
0.0000
0.2381
1.0111
0.0000
0.0000
0.0000
0.0000
0.0000
0.0000
4.4276
0.0000
0.8787
0.0000
0.0000
0.0252
0.0000
0.2657
0.0000
0.0000
0.6317
0.0000
3.6579
0.0000
0.0000
0.0000
0.0000
0.0000
0.0000
0.0000
0.0000
0.7911
0.0000
0.0000
0.0000
0.0000
0.0000
0.0000
1.1397
5.7638
0.0000
0.7121
0.0000
0.0000
0.0000
0.0000
0.0000
0.0000
0.0000
0.0000
2.0032
0.0000
0.2722
0.0000
0.0000
0.0000
0.0000
0.0000
0.0000
0.0000
2.3872
0.0000
0.0000
0.0000
0.0000
0.0000
0.0000
0.0000
2.6799
0.0000
1.9512
0.0000
0.0000
0.0000
0.0000
0.0000
0.0000
0.0000
0.3243
0.0000
0.0000
0.0000
0.1599
0.0000
4.9439
0.0000
1.4675
0.5822
0.3838
0.0000
0.0000
0.0000
0.0000
0.0000
0.0000
2.9073
0.0000
0.0000
0.0000
0.0000
0.0000
0.0000
0.0000
0.0000
0.1114
0.0000
1.0212
1.2458
0.0000
3.0348
0.8957
0.0000
0.5981
0.0000
0.0000
0.0000
0.0000
0.0000
0.0000
0.0000
0.0000
0.0000
0.0000
0.0000
0.0000
0.0000
0.0000
0.0000
0.0000
0.0000
0.0000
0.0000
0.0000
0.0000
0.0000
4.8457
0.0000
0.0000
0.0000
0.0000
0.0000
0.3332
0.0000
0.0000
0.0000
0.0000
1.8329
0.0000
1.9637
0.0000
3.9323
0.0000
0.0000
0.0000
0.0000
1.6228
0.0000
0.6745
0.0000
0.0000
0.0000
0.6341
0.0000
0.0000
0.0000
0.0000
0.0000
0.0000
1.6088
0.0000
0.0000
0.0000
0.0000
0.0000
0.0000
0.0000
0.0000
1.1075
0.0000
0.0000
0.0000
2.6800
0.0930
0.0000
0.0000
0.0000
0.0766
0.0000
0.0000
0.0000
0.0000
0.0000
0.7926
0.0000
0.0000
0.0000
1.3518
1.4574
1.6581
0.2978
0.0000
0.0000
0.3103
0.0000
4.3846
0.0000
0.1979
0.0000
0.0000
0.0000
1.2335
1.2666
0.0000
0.0000
0.0000
0.0000
0.0000
0.0000
0.5266
0.0000
0.0000
0.0000
0.0000
1.6108
0.0000
0.0000
0.0000
0.8783
0.0000
1.0359
0.0000
0.0000
0.0000
0.0000
0.0000
0.0000
0.0000
0.0000
0.5571
0.0000
0.0000
0.0000
1.1332
2.2547
0.0000
4.1628
0.0000
0.0000
0.0000
0.0000
0.0000
0.0000
0.0000
0.0000
0.0000
0.7637
0.0000
1.9283
0.0000
0.0000
0.0000
0.0000
0.0000
3.1748
0.0000
0.0000
0.0000
0.0000
0.0000
0.0000
0.0000
0.0000
2.6319
0.0000
0.0000
0.0000
0.0000
0.0000
0.0000
0.7914
0.0000
0.0000
0.0000
0.0000
0.0000
0.0000
0.0000
0.0000
0.0000
0.0000
0.0000
0.0000
0.9947
0.0000
0.0000
1.4982
0.0000
0.0000
0.0000
0.0000
0.0000
0.0000
2.7753
0.0000
0.0000
0.0000
0.0000
0.0000
0.0000
2.3005
0.0000
0.0000
0.0000
0.0000
0.9472
0.0000
0.0000
0.0000
0.0187
0.0000
0.0000
0.0000
0.0000
0.0000
2.6352
0.0000
0.0000
0.0000
0.0000
0.0000
3.1129
0.0000
0.0000
4.8648
1.1996
0.0000
0.0000
0.0000
0.4748
0.0000
0.0000
0.0000
0.0000
0.0000
1.2896
2.6526
0.0000
0.0000
1.9950
0.0000
0.3261
0.0000
0.0000
2.7795
0.0000
0.0000
0.0000
0.0000
2.7666
0.0000
0.0000
0.0000
0.6009
0.0000
0.0000
0.0000
0.0000
0.0000
2.6349
0.0000
0.0000
0.0000
0.0000
1.7518
1.8567
0.0000
0.0000
0.0000
0.0000
0.0000
0.0000
0.0000
0.5813
0.0000
0.0000
0.0000
0.0000
0.0000
0.0000
0.0000
0.0000
0.0000
0.0000
1.4557
0.0000
0.0000
0.0000
0.6452
0.0000
0.0000
0.0000
0.0000
0.0000
0.0000
0.5472
0.0000
0.0000
0.0000
0.0000
0.2239
0.3608
0.0000
0.0000
0.0000
0.0000
2.1831
0.0000
0.0000
0.0000
2.7344
2.4355
0.0000
0.0000
0.0000
0.0000
0.0000
0.0000
0.0000
2.4810
0.7553
0.0000
0.0000
3.2417
0.0000
0.0460
0.0000
0.0000
0.0000
0.0000
4.3884
0.0000
0.0000
0.0000
0.0000
0.0000
0.0000
0.0000
0.0000
0.3204
0.0000
0.0000
0.7512
0.0000
0.0000
0.0000
0.0000
0.3469
0.0000
4.6093
0.0000
2.7223
0.0000
0.0000
1.1398
0.0000
0.0000
0.0000
2.2956
0.0000
0.7880
1.6078
0.0000
0.0000
0.5028
0.0000
0.0000
0.0000
0.2879
0.0000
0.0000
0.0000
0.5999
0.0000
0.0000
1.0270
0.0000
0.0000
0.0000
0.0000
0.0000
0.0000
0.0000
0.3499
0.0000
3.0182
0.6523
0.0000
0.0000
2.9390
0.0000
0.0000
1.6583
0.0000
0.9141
0.0000
3.5487
0.0000
0.0000
0.0000
0.0000
0.0000
0.0000
0.0000
0.0000
0.0000
0.0000
2.3293
0.7089
5.2740
0.0000
0.0000
2.3526
0.0000
0.0000
0.0000
0.0000
0.0000
2.6240
0.0000
0.0000
3.3095
0.0000
0.0000
0.0000
3.6969
2.5638
0.0000
0.0000
0.0000
0.0000
0.3804
0.3095
3.7429
0.0000
0.0000
0.0000
0.3705
0.0000
1.5839
0.3828
0.5291
0.0000
0.0000
0.0000
0.0000
0.8067
0.0000
0.0000
0.0000
0.0000
0.8586
2.7084
0.0000
0.0000
0.0000
0.0000
0.0000
0.0835
2.5461
0.0000
0.0000
2.1407
1.6458
0.0000
0.0828
0.0000
0.0000
0.0000
0.0000
0.0000
0.0000
0.0000
0.0000
0.0000
3.4399
0.0000
0.0000
0.0000
0.0000
0.0000
0.0000
0.9247
2.2056
1.0922
0.0000
2.5909
1.9862
0.0000
0.0000
0.0000
0.0000
0.0000
0.0000
0.0000
0.0000
0.6191
1.2140
0.0000
0.0000
0.0000
0.0000
0.0000
2.6067
0.0000
0.0000
0.0000
1.1473
0.0000
0.0000
0.0000
0.0000
1.8783
0.0000
0.0000
0.0000
0.1607
2.1329
2.8071
0.0000
0.0000
0.0000
2.5094
0.0000
0.0000
0.0000
0.0000
0.0000
0.0000
0.0000
0.0000
0.0000
0.0000
0.0000
0.0000
0.5897
0.0000
0.0000
0.0000
0.0000
0.0000
0.0000
0.0000
0.0000
0.0000
0.0000
2.5851
1.5558
0.0000
1.2857
0.0000
0.0000
1.3608
0.0000
0.0000
0.0000
0.0000
0.0000
0.0000
2.0998
1.9465
0.0000
5.7781
0.0000
0.4693
0.0000
0.0000
0.9399
0.4125
0.0000
0.0000
0.0000
0.0000
0.0000
0.0000
0.0000
1.0206
0.6622
0.0000
0.0000
0.0000
0.0000
0.0000
2.1195
0.0000
0.0000
0.0000
0.0000
0.0000
0.0000
