0.5378
0.0000
0.0000
0.0000
0.0000
0.1447
0.0000
0.0000
0.0000
3.2084
0.0000
0.0000
1.8482
0.0000
0.0000
0.0000
0.0000
0.0000
0.0000
0.0000
0.0000
0.0000
2.9497
1.5133
0.3240
1.5240
0.0000
2.8125
0.0000
0.0000
0.0000
0.0000
0.0000
0.0000
1.9240
0.0000
0.0000
0.0000
1.6566
2.1710
0.0000
0.0000
0.0000
0.0000
0.0000
0.4132
0.0000
0.0000
0.4785
0.0000
0.0000
0.0000
0.0000
0.0000
0.0000
0.0000
0.0513
0.6477
0.0000
0.0000
0.0000
1.4634
0.0000
0.7386
0.0000
0.0000
0.0000
0.0000
0.0000
0.0000
0.9118
2.8534
0.0000
0.0000
0.0000
1.4879
0.0000
0.0000
0.0000
0.0000
0.5087
0.0000
0.0000
0.0000
0.0000
0.0000
0.9247
2.1753
0.0000
0.0000
0.9655
0.0000
2.7786
0.7215
0.0000
0.0000
0.0000
0.0000
1.4948
0.0000
0.0000
0.0000
0.0000
0.0000
0.0000
0.3283
0.0000
0.0321
1.1581
3.3834
0.3635
0.0000
0.8703
0.0000
0.0000
0.0000
0.5634
0.0000
0.0000
0.0000
2.3352
0.0561
2.3845
0.0000
0.0000
0.0000
0.2890
0.7175
0.0000
0.0000
0.0000
0.0000
0.8804
0.0000
2.7210
0.0000
1.4475
2.2399
0.0000
2.9595
3.4070
0.0000
1.0811
0.9846
2.3024
0.0000
0.0000
0.0000
1.0195
0.0000
0.8102
1.5098
0.0000
0.0000
0.0000
0.0000
0.0000
0.3600
0.3994
0.0000
1.2459
0.0000
0.0000
0.0000
0.0000
1.8689
0.3189
0.0000
0.0000
2.0187
0.0000
0.0866
0.0000
0.0891
0.0000
0.0000
0.0000
0.6066
0.0000
4.8299
2.2004
1.6467
0.0000
0.0000
0.0000
0.0000
1.5504
0.1437
0.8907
0.5091
0.0000
0.0000
0.9139
0.0000
0.0397
0.0000
0.0000
0.0000
4.5416
2.4994
0.0000
0.0000
0.0000
0.0000
0.0000
0.1486
0.0000
0.0979
0.0196
0.0000
0.0000
0.0000
0.0000
0.2755
0.0000
0.0000
0.0000
0.0000
0.0000
0.0000
0.1537
0.0000
0.0000
0.0000
1.9840
0.0000
0.0000
0.5867
0.0000
0.0000
0.0000
0.3731
0.0000
0.0000
0.7443
0.0000
1.8185
0.0000
1.0338
0.0000
0.0000
0.0000
2.8417
0.0000
0.0000
0.0000
0.0000
0.0000
0.0000
0.0000
0.0000
0.0000
0.0000
0.0000
0.0000
0.7812
0.0000
0.0000
0.7069
0.0000
0.0000
0.0000
0.0000
0.0000
0.0000
0.0000
0.0000
0.0000
0.0000
0.6923
2.1243
0.0000
0.0000
1.9779
0.0000
0.0000
1.1753
0.3238
0.0000
0.0000
2.1948
0.0000
0.5145
0.1286
0.0000
0.0000
0.0000
0.0000
0.0000
0.0000
0.0000
0.0000
0.0000
0.0000
2.3257
0.0000
0.0000
1.3597
0.0000
3.2495
0.0000
0.0000
0.0000
0.0000
0.1648
0.0000
0.8369
0.0000
0.0000
0.0000
0.0000
0.8061
0.0000
1.7964
1.5268
0.0000
0.0000
0.0000
0.2589
1.9374
0.0774
2.2289
0.0000
1.1561
0.0000
2.1097
0.0000
1.7354
0.0000
1.4111
0.0000
0.0000
0.0000
0.0000
0.0000
1.7305
1.8570
0.0000
0.0000
2.7050
0.0000
0.0000
0.0000
0.0000
0.0000
4.5560
0.0000
0.0000
0.0000
0.0000
0.0000
2.5578
0.0000
0.0000
1.7380
0.0000
0.0000
0.0000
1.7293
0.0000
0.0000
0.0000
0.0000
0.0000
0.0000
0.0000
0.0000
0.2512
0.3937
0.0000
0.0000
1.3851
0.0000
0.0000
0.0518
0.0000
0.0000
2.1272
0.0000
0.0000
4.6981
0.0000
0.7217
0.0000
0.0000
0.0000
0.2807
0.0000
0.0000
0.2376
3.8141
0.0000
0.0000
0.0000
0.0000
0.3256
0.2389
0.0000
0.0000
0.7401
0.0000
0.6540
0.0000
0.0000
0.0000
0.4819
0.0000
0.0000
2.3773
0.0000
0.0000
0.0000
0.0000
1.3873
0.4750
2.1612
0.0000
0.0000
0.3930
0.0000
0.9073
0.0000
0.4417
0.0000
0.0000
0.0000
0.0000
0.9366
0.0000
0.0000
0.0000
0.0000
0.0000
0.0000
0.0000
0.0000
1.1631
0.0000
1.9294
0.0000
1.3949
0.9062
0.6719
0.0000
1.9112
0.7964
0.0000
0.0000
2.4244
1.1218
0.8345
0.0000
0.3538
1.0793
0.0000
0.4395
0.0000
0.0380
0.5599
0.0000
0.0000
0.0000
1.1557
0.0000
0.0000
0.0000
0.0000
0.0000
0.0000
0.0000
0.0000
1.2128
0.0000
0.0000
0.0000
2.7291
2.0948
0.0000
1.6278
0.0000
0.6331
0.0000
0.8357
0.2244
1.0552
0.8328
0.0000
0.0000
0.0000
1.1476
0.0000
0.0000
0.0000
0.0000
1.1821
0.0000
0.0000
0.0000
0.5163
0.0000
0.0000
0.0000
1.7670
0.6337
0.4748
0.0000
0.0000
0.0000
0.0000
1.1536
1.1135
1.6006
0.0000
0.6223
0.0000
0.0000
0.0000
0.0000
5.1308
0.0000
1.3602
2.4106
0.0000
0.9172
0.6797
0.7262
0.8234
0.0000
0.0000
0.0000
1.0844
0.0000
1.4860
0.0000
0.0000
3.1106
0.0000
0.0000
0.0000
0.0000
0.0000
0.0000
0.0000
0.0000
0.0000
0.0000
0.0000
0.1435
0.0000
0.0000
0.0000
1.6192
0.0000
0.0000
0.0384
0.0000
0.6533
0.0000
0.0000
0.0000
0.2152
0.3231
0.0000
0.0000
0.0000
0.0754
0.0000
0.0000
0.0000
0.0000
0.0000
0.0000
0.0000
0.0000
0.0000
0.0000
0.0245
1.4416
0.0000
0.0000
0.1267
0.0000
0.0000
0.0000
0.0000
0.0000
0.0000
0.1423
0.9609
0.1018
0.3747
0.0000
0.0000
0.4271
0.0000
0.0000
0.0000
0.0000
3.2139
1.4147
0.0000
3.0029
0.0000
0.0000
0.0000
0.0000
2.4936
0.0000
0.7110
0.0000
0.0619
0.0000
0.0000
3.3105
0.0000
1.4086
0.0615
0.0000
0.0000
0.0000
1.7840
0.0000
0.0000
0.0000
0.0000
1.1866
0.0000
0.4432
0.0000
0.0000
0.0000
0.0000
0.0000
0.0000
0.3134
2.0320
0.0000
2.1903
0.0000
0.0000
0.0000
0.5944
0.0000
0.0000
1.3946
0.0000
0.0000
0.0000
0.8678
0.0000
0.0000
1.5259
0.0000
0.0000
0.0000
0.0000
0.0000
0.0878
0.0000
0.2756
0.0000
0.6768
1.0886
0.0000
0.0000
0.0000
0.4130
0.0000
0.0000
0.0000
0.0000
0.0000
0.0000
0.0000
0.0000
0.5439
0.2913
0.0000
0.0000
0.0000
0.0000
0.2853
0.0000
0.0000
0.0000
0.0000
0.0000
0.2941
0.0000
1.5906
1.1044
0.0000
2.7728
0.0000
0.0000
0.0000
0.0000
0.0000
1.4774
0.0000
1.9008
0.0000
0.5914
0.1535
0.0000
0.0000
0.0000
0.0000
0.7790
1.6330
0.0000
3.3414
0.0000
0.0000
0.0000
0.0000
0.0000
0.5325
0.0000
0.0000
0.0000
0.0000
0.0000
0.0000
0.8887
0.0000
1.6423
0.0000
0.8193
0.2824
0.0000
0.0000
0.3486
0.8479
0.0000
0.0000
0.0000
0.0223
0.0000
3.6378
0.0000
0.8573
0.0000
4.1280
0.0000
0.0000
0.4628
1.7105
0.6268
0.0000
0.0000
0.0149
0.0000
0.0000
0.0000
0.0000
0.0000
0.0000
0.0000
0.0000
1.1111
0.0000
1.8558
0.0000
0.0523
0.8355
0.0000
0.0000
0.0000
0.0000
0.2243
0.0000
0.0000
0.0000
0.0000
0.0000
0.0000
0.0000
1.9501
0.0000
0.0279
0.0000
0.0000
0.0000
0.0000
0.0000
0.0000
0.9870
0.0000
0.0000
0.0000
0.0000
1.9549
0.8577
0.0000
0.0000
0.0000
0.0000
1.6312
0.0000
0.0000
0.0000
1.0607
0.0000
0.5479
0.0000
0.0000
0.0000
0.0000
0.0000
0.2010
0.5219
0.0000
1.1641
0.0000
0.0000
0.7452
0.0000
0.0000
0.9634
1.5150
0.0000
1.9328
0.0000
0.0000
0.0000
0.0000
0.0000
0.0000
0.0000
0.9386
0.1321
0.0000
0.0000
0.0000
0.0000
0.0096
0.0997
0.0000
0.0000
0.0000
0.0000
0.0000
0.0000
0.0000
0.0000
0.0000
0.0000
1.6575
0.0000
0.0000
1.0720
0.0000
0.0000
0.0000
0.7777
0.0000
0.0000
0.0000
0.0000
0.0346
0.3430
0.0000
3.1706
0.2837
0.0000
1.8644
0.0000
0.0000
0.0000
0.0000
0.0000
3.0613
0.0000
0.0000
0.2774
0.0000
2.2805
0.0000
0.0000
0.0000
0.0000
0.0000
0.0000
0.0000
0.0000
0.0000
0.0000
0.0000
0.0000
0.0000
0.0000
1.1320
0.0000
2.0617
0.0000
0.0000
0.8650
0.2083
0.0000
0.0000
0.0000
0.0000
0.0000
0.0000
0.0000
0.7346
0.0000
0.0000
0.1990
0.0000
0.0000
4.1530
0.0000
0.0000
0.2806
0.0000
0.1123
0.0000
0.0000
0.0000
0.0000
0.7636
0.0000
0.0000
2.3991
1.7584
0.0000
0.0000
0.0000
0.0000
0.0000
0.0000
0.9181
2.0926
1.5826
0.0000
0.0000
0.0000
0.0000
0.0000
0.0000
0.0000
0.0000
0.4197
1.7498
0.0000
0.0000
0.0000
4.8341
0.0000
1.3624
0.0000
0.0000
0.0000
0.8746
1.4960
0.0000
0.0000
0.9847
0.0000
0.3545
0.2759
0.8673
0.5238
0.0000
0.0000
0.6435
0.3838
0.0000
0.9150
0.0000
0.3065
0.0000
0.0000
0.0000
0.6687
0.0000
0.0000
0.1809
0.0000
1.1401
0.0000
0.0000
1.3794
2.4877
0.6903
0.0000
0.0000
0.0000
1.8190
0.0000
0.0000
0.0000
0.0000
1.1906
0.0000
0.0000
0.0000
3.6916
0.0000
0.0000
0.0000
1.8324
0.0000
1.2850
0.0000
0.0000
0.0000
3.3572
0.0000
0.8391
0.0000
3.4510
0.0000
0.0000
0.9310
2.9403
0.0000
0.0000
0.0000
2.6505
0.0000
0.0000
0.0000
0.5344
1.3281
0.0000
0.0000
1.5005
0.0000
1.4537
1.5356
0.6947
1.4712
0.0000
0.4153
0.0000
0.0000
0.0000
0.0000
1.6501
0.0000
0.0000
0.0000
0.0000
1.3589
0.0000
0.0000
0.0000
0.4425
0.0000
0.0000
0.0000
0.0000
0.0000
0.0000
0.0000
0.0000
0.0000
2.0556
0.0000
0.9447
0.0000
0.4046
1.0716
0.0000
0.2574
0.0000
0.0000
0.1280
0.0000
0.0000
0.6759
0.0000
0.2082
1.5078
0.0000
0.0000
0.6592
0.0000
0.0000
0.0000
0.4472
0.0000
0.3097
0.0000
0.4553
0.0000
0.0000
0.0000
1.2624
0.0000
0.0000
2.0791
0.0000
0.0000
1.5372
0.0000
1.7978
0.0000
0.2228
0.0000
0.0000
0.5084
0.0000
0.5569
0.0519
0.0000
2.1151
0.0000
0.0000
1.3401
0.2956
0.0000
0.0000
0.9638
0.0000
0.0000
0.0000
0.0000
0.0000
0.0000
0.0000
0.1065
0.0000
0.2048
0.0000
0.0000
0.3542
0.0000
0.0619
0.0000
0.0000
0.0000
0.0000
0.0000
0.0000
0.0000
0.0000
0.4032
0.0000
0.0000
0.1774
0.1012
0.0000
3.1074
0.0000
0.0000
0.4300
0.0000
1.7186
0.7237
0.0000
0.0000
0.0000
1.3828
0.0000
0.0000
0.0000
0.0000
0.0000
0.0000
0.0000
0.0000
0.0000
2.4394
0.0000
0.0000
0.0000
2.6272
0.0000
0.0000
2.6007
3.5834
0.8117
0.0000
0.1834
0.0000
0.0000
0.0000
0.9798
0.5051
0.0000
0.0000
0.1241
0.0000
0.0000
0.3112
0.0000
1.8137
0.9048
0.0000
0.0000
0.0000
0.0000
0.0000
0.6873
0.0000
0.0000
2.6335
2.9031
0.0000
0.0000
1.1883
0.0000
1.7129
0.0000
0.0000
0.0000
2.5152
1.1011
1.8974
0.2417
0.9293
0.0000
0.0000
0.0000
0.0470
0.0000
0.0000
0.0000
0.5999
4.5745
0.0000
0.0000
0.0000
0.0000
0.0000
0.0457
0.0000
0.0000
0.0000
0.0000
0.0000
0.0000
1.3313
0.0000
0.0000
0.0000
0.0000
0.0000
0.0000
0.1897
1.0443
0.0000
0.0000
0.0000
1.5584
0.0000
0.0000
0.0000
2.8731
0.0000
0.0000
0.0000
0.0000
1.0732
0.0852
0.0000
0.0000
0.0000
0.0000
1.0688
0.3671
0.0000
0.0000
0.0000
0.0000
0.0000
0.0000
1.4891
3.6191
0.0000
1.3260
1.6096
0.5336
0.0000
0.0000
2.3848
0.0000
1.1380
0.0000
0.0000
0.0000
0.0000
2.3708
0.0000
0.0000
0.4711
0.0000
1.6878
1.9070
0.0000
0.0000
0.0531
0.9161
0.1163
0.0000
0.0000
0.0000
0.0000
2.6795
0.0000
0.0000
2.8541
0.0000
0.0000
0.0000
0.0000
0.0000
0.0000
0.0000
0.0000
0.0000
0.7814
0.0000
0.0000
0.2676
0.1738
0.0000
0.4927
0.0000
0.0000
1.7946
1.5283
0.0000
0.2810
0.0000
0.0000
0.0000
0.0000
0.0000
0.0679
0.7515
1.1979
0.0000
0.5597
0.0000
0.0721
0.0000
0.0000
0.0000
0.0000
0.0000
0.0000
0.0000
0.0000
0.0000
0.0000
0.0000
0.0000
0.0000
0.2887
0.0000
0.0000
0.0000
0.0000
0.0000
0.0000
0.0000
0.0000
1.5329
0.0000
0.0000
0.0000
0.0000
0.0000
1.2987
2.9273
0.0000
2.5545
0.0000
0.0000
0.0000
0.0000
0.0000
0.0000
0.0000
0.0000
0.0000
0.0000
1.1423
1.6072
0.3619
0.0000
0.0000
0.0000
0.0000
0.1114
1.1350
0.2993
1.8317
0.0000
0.4473
1.0080
1.2167
2.2825
0.7179
5.0810
0.6136
0.6314
0.0000
0.0000
1.2562
0.0000
0.0000
1.0657
0.0000
0.0000
0.0000
1.0571
0.0461
0.1776
0.0000
0.0000
0.0000
1.9787
0.4360
0.3471
0.0000
1.7552
0.0000
0.0000
1.7061
1.1912
0.0000
2.0979
0.0000
0.0000
1.1910
0.0000
0.0000
0.5447
0.0000
0.2881
0.0000
0.0000
0.9430
0.0000
0.0000
0.0000
0.0000
0.0000
0.0000
0.3864
0.0000
1.9100
0.0000
2.6684
0.0000
1.3382
0.0000
0.0000
0.0000
0.0000
0.0000
0.0000
0.0000
0.0000
0.0000
0.0000
1.0612
1.9199
0.0000
0.0000
0.0000
0.2796
0.0000
0.0000
0.0000
0.0000
0.0000
0.0332
0.1342
0.0000
0.4465
0.0000
1.2131
0.0000
0.0000
0.0000
0.1341
0.0000
0.0000
2.1713
3.0115
3.9535
0.0000
0.2472
0.0000
0.0000
0.0000
0.4792
0.0000
0.0000
0.0000
0.0000
0.0000
0.0000
0.0000
0.0000
1.1236
0.9145
0.0000
0.2957
0.0000
0.0000
0.0000
0.0000
0.0000
0.0000
2.5419
2.0476
2.2452
0.0000
2.2410
0.0000
0.0000
0.5333
0.3734
0.9058
0.0000
0.0000
0.0000
1.1680
0.0000
0.0000
2.1267
0.7466
0.0000
0.0000
0.0000
0.0000
0.0000
0.0000
0.0000
0.8574
2.1797
2.2473
0.0000
0.0000
0.0000
0.0000
0.0000
0.0000
0.0000
1.0373
0.0000
0.0000
0.0000
0.0000
0.0000
0.1113
0.0000
0.0000
0.6639
0.1525
0.0000
0.0000
0.0000
1.1236
0.0000
1.3171
0.0000
0.0000
0.0000
1.3446
0.6236
2.3899
0.0000
0.0000
0.0000
0.5362
0.0000
2.9351
0.0000
0.0000
0.0000
0.0183
0.0000
0.0000
0.0000
0.0000
0.1934
0.0000
0.0957
0.0000
0.0000
0.0000
1.1149
0.1553
0.3571
0.2918
2.7281
0.0000
0.0000
0.0000
0.0000
1.9175
0.6383
0.7966
0.0308
1.3857
0.0000
0.0000
0.0000
0.0000
0.0000
0.0000
0.0000
0.0000
0.0000
0.0000
0.3966
0.8964
0.0000
1.2960
0.0000
2.9416
0.5178
0.5498
2.1898
1.5958
0.0000
0.0000
0.0000
0.4559
0.0000
0.0000
0.0000
0.0000
1.0590
0.0000
0.0000
0.0000
0.0000
0.4378
0.0000
0.0000
0.0000
0.0000
0.2058
0.0000
0.0000
0.7948
0.7433
0.0000
0.0677
1.0295
0.4925
0.0000
0.0000
0.5350
0.2293
0.0000
0.0000
0.3922
1.6104
0.6218
1.8498
0.0000
0.0000
0.0000
0.9604
0.4980
1.0961
0.0000
0.0000
0.0000
0.3355
0.0000
1.6911
0.0000
1.2122
0.0000
2.9525
0.0205
0.0000
0.0000
0.0000
0.4080
0.0000
0.0000
0.0000
0.6864
0.0000
0.0000
0.2695
0.0000
0.0000
0.0000
0.0000
0.0000
0.0000
0.0000
0.0000
0.0000
0.9227
0.0000
0.0000
0.0000
0.0000
1.0437
0.0000
1.3583
0.0000
0.7130
0.0000
1.9913
0.0000
0.0000
0.0000
0.0000
0.0000
1.7549
0.0000
1.0398
0.0000
0.3059
2.0249
1.1524
0.0000
0.5061
0.0000
0.0000
0.8241
0.0000
0.0000
0.0383
0.0000
0.9660
0.0000
0.0000
0.0000
3.2493
0.0000
4.0337
0.0000
0.0000
0.0000
0.0000
0.0000
0.0000
0.0000
1.6842
0.0000
2.9810
2.9210
0.0000
0.0000
0.0000
0.8261
0.0000
0.1180
2.3628
0.9984
0.0000
0.0000
1.1759
2.4225
1.7265
0.0000
0.0000
0.0000
0.4862
0.9208
0.0000
0.0000
0.0000
0.0000
0.0000
0.1855
0.3598
3.7745
0.0000
0.0000
2.1151
0.0000
4.0454
0.0000
0.0000
0.0000
1.3794
0.0000
0.0000
0.2269
0.0000
0.0000
0.0000
2.2115
0.0000
1.7302
0.0000
0.0000
0.0073
0.8776
0.0000
0.0000
0.0000
0.9536
1.4572
0.0000
0.3733
2.2398
0.0000
0.0000
3.1271
0.0000
0.0000
0.8437
0.0000
0.0000
0.2590
0.0000
0.6489
1.7712
1.4318
0.0000
0.0000
0.0000
2.3008
0.0000
0.0000
0.0000
0.0000
2.5944
0.0000
3.5366
1.4614
0.0000
0.0000
0.0000
0.0000
0.0000
0.0000
0.0000
0.0000
0.0000
0.0000
0.0000
0.0000
0.0000
0.0000
0.2595
0.0000
0.0000
0.0000
0.0000
0.0000
0.0000
0.0000
0.4239
0.0000
0.0000
1.0598
0.0000
0.0000
0.0000
0.4137
2.2067
0.0000
0.0000
0.0000
0.0000
0.8421
0.0000
0.7365
0.0000
0.0000
0.0000
0.2978
0.0000
0.8215
0.0000
0.0000
0.0000
0.0000
0.8848
0.0000
1.2020
0.0000
1.8277
0.0000
0.0653
0.0000
0.0000
0.0000
0.0000
0.0000
0.0000
1.6267
0.0801
0.6777
0.0000
0.0000
0.0000
1.2471
0.0000
0.0000
0.0000
0.0000
0.0000
0.1077
2.2703
0.7564
0.0000
0.0000
0.0000
0.9021
0.0000
0.3154
0.0000
0.0000
0.0000
1.5532
0.0000
0.0000
0.0000
0.0000
2.0739
2.4370
0.0000
1.0468
0.0000
0.0000
0.0000
0.0000
4.2397
0.0000
0.0000
0.0000
0.0000
0.0000
0.0000
0.0000
0.3639
0.0000
0.2524
0.0000
0.0000
2.3303
0.0000
0.0000
0.0000
0.0000
0.0000
0.0000
0.0000
2.1639
0.0000
0.0000
0.6022
1.9658
1.4285
0.0000
1.9297
0.0000
0.0000
0.0000
0.0000
0.0000
2.6688
0.0000
0.0000
3.3604
2.6651
0.0000
0.0000
0.2217
1.8584
1.4474
1.3171
0.1473
1.7452
0.0000
0.0000
0.0000
0.0000
0.0000
0.0000
0.0000
0.0000
0.0000
0.0000
1.5438
0.0000
1.6250
0.7017
0.0000
0.0000
0.0000
0.0000
0.0000
0.0000
0.0000
2.7996
1.7411
0.0000
0.0000
0.0000
0.0000
0.0000
1.9992
1.3918
0.0000
0.0000
1.7010
0.5910
1.5849
1.3286
0.1244
0.0000
0.0000
0.0000
0.0000
4.5680
0.0000
0.0000
0.0000
0.0000
0.0000
0.0000
0.0000
0.0000
0.0000
0.0000
0.0000
0.0000
0.5808
0.0000
0.0000
0.0000
0.9595
0.0000
0.0000
0.0000
0.0000
0.0000
0.0000
0.1461
2.6401
0.0000
0.0000
0.0000
0.9163
0.0000
1.3889
0.1326
0.0000
0.0000
0.0000
0.0000
0.0000
0.0000
0.0000
0.0000
0.0000
0.5325
0.0000
2.6946
0.5905
0.7347
0.0000
0.0000
0.0000
0.0000
0.0000
0.0140
0.0000
0.0000
0.0000
0.0000
0.0000
0.0000
0.0000
0.0000
0.0000
0.0000
2.4075
0.0000
0.0000
0.0000
0.7173
0.0000
0.8162
0.6722
0.0000
0.0000
0.0000
0.0708
0.0000
0.0000
0.0000
0.0000
0.0000
0.6714
1.0692
0.0000
1.8111
0.7353
0.0000
0.3477
0.0000
0.5407
0.0000
0.0000
1.8282
0.0000
0.5383
0.0000
2.0785
0.0000
2.2192
0.0000
0.0522
0.0000
0.0000
0.0000
2.1523
0.0000
1.0748
1.2968
0.0000
0.2993
0.0000
0.0000
0.0000
0.6580
1.3971
0.0000
0.0000
0.0000
0.0000
0.0000
0.0000
0.0000
0.0000
0.0000
0.0000
0.0000
0.0000
0.0934
2.4291
0.0253
1.3495
3.0509
0.0000
1.4705
0.0000
0.4470
0.0000
0.0000
0.0000
0.0000
1.7754
0.9385
1.4161
0.0000
0.0000
0.0000
1.0360
0.0000
0.0000
0.0000
0.0000
0.0000
0.0000
0.0000
0.0000
0.0000
0.0000
0.0000
0.0000
1.3638
2.9390
0.0000
0.1393
0.0000
0.0000
1.0382
0.0000
0.4055
0.0000
2.4612
0.3225
0.0000
0.0000
0.0000
0.1921
0.0000
0.0000
0.0000
0.0000
0.1393
0.7425
0.0000
0.0000
0.0000
0.0000
0.0000
0.0000
1.2524
0.0000
0.3736
0.0000
1.3110
0.0000
0.8279
0.0000
0.0000
0.0000
1.9164
0.0000
0.0000
0.0000
0.0000
0.5970
0.0000
2.3517
0.0000
0.0000
0.0000
1.7130
1.8186
0.0000
0.0000
0.0000
0.0000
3.3357
0.0000
0.0000
0.0000
0.5488
0.0000
2.1720
0.8200
0.0000
1.0099
0.0000
0.0000
0.1009
0.0000
0.0000
0.0000
0.0000
1.5450
0.0000
1.2473
0.0000
0.0000
0.7480
0.0000
0.0000
0.9684
0.0000
0.0000
0.0000
0.0000
0.0000
0.0000
0.0000
0.0000
0.0000
0.9737
0.0000
0.2251
2.3873
0.0000
0.0000
0.1395
0.9066
2.2947
0.0000
0.0000
0.0000
0.0000
0.0000
0.1331
0.1290
0.0000
0.0000
0.7313
0.5092
0.0000
0.0000
0.0000
0.0000
0.0000
1.4062
0.0000
0.0000
0.0000
0.0000
0.0000
0.3817
0.0000
0.6448
0.0000
0.0000
0.2821
0.0000
1.1458
0.3059
0.8997
0.3240
2.1298
0.0000
0.0000
0.0000
1.0873
0.0000
0.0000
0.0000
1.4320
0.2494
0.5383
0.0000
0.4719
0.0000
1.9337
3.5636
0.0000
0.8141
0.4542
0.2860
0.5309
0.0000
0.0000
0.0000
0.0000
0.0000
0.0000
0.0000
0.0000
0.0000
0.0000
0.0000
0.0000
0.0000
0.0000
0.0000
0.0000
0.9591
0.0000
1.2667
0.5090
0.0000
2.1621
0.0000
0.0000
0.3902
0.0000
0.0000
1.6980
0.0000
0.0000
0.0000
1.8600
0.0000
0.0000
0.0000
1.4589
0.0000
0.0000
1.3043
0.0000
0.0000
0.0000
0.0000
0.0000
1.3324
0.1776
0.0000
2.5770
0.0000
0.1811
0.0000
0.9094
1.0016
0.0000
0.0000
1.1696
0.0000
0.0000
0.0000
0.5625
0.0000
0.4256
0.0000
0.0000
0.7179
0.0000
0.0000
0.0000
0.0000
0.0000
2.5346
0.0000
0.0000
0.0000
0.0000
0.0000
0.0000
0.0000
2.9983
0.0000
0.0000
0.8372
0.0000
0.0000
0.0000
0.0000
0.7364
0.0000
1.7338
0.0000
0.0000
0.0000
0.0000
0.0000
1.5803
0.0000
0.0000
0.0000
0.0000
0.0000
0.0440
0.5802
0.0000
1.4205
0.0000
0.0000
0.0000
0.0000
0.0000
0.0000
3.7614
0.0000
2.1313
0.0000
0.0000
0.0000
1.2295
0.0000
0.0000
0.0000
0.6973
1.8253
0.4657
0.0000
0.0000
0.0000
1.1549
0.0000
0.0000
4.4483
1.9847
0.0000
0.0000
0.0000
2.7694
0.0000
0.9706
0.0000
0.4049
0.0000
0.2220
0.0000
0.0000
0.9068
0.0000
0.0269
0.0000
0.0000
0.4409
0.0000
0.7408
0.0000
0.5609
1.3257
0.0000
0.7642
0.0000
0.0000
0.0000
0.0000
0.0000
0.6341
0.0000
0.1469
0.0000
0.0000
0.0000
0.5864
0.0000
1.1955
0.0000
0.0000
0.8719
0.0000
1.5992
0.5441
0.0000
0.0000
0.0000
0.0000
0.0000
0.0000
0.0000
0.0000
0.0000
0.7628
0.9448
0.0000
0.0000
0.0000
0.0000
0.0000
0.0000
0.0992
0.0000
0.0000
0.0000
0.0000
0.0000
0.0000
0.0789
0.0000
2.2915
0.0000
0.2216
0.0000
0.0000
0.0000
0.0000
0.3866
0.0000
0.0000
0.0000
0.0000
3.6609
0.0000
0.0000
0.6131
0.0000
0.0000
0.0000
1.1864
1.0302
0.0000
0.0000
0.0000
0.0000
0.0000
0.0000
0.0000
0.0000
0.0000
1.9269
0.0000
0.0000
3.1712
0.0000
2.2936
0.0000
0.0000
0.0000
0.0000
0.0000
0.7472
0.8215
1.2397
2.7933
0.0000
2.0088
0.4255
0.0000
0.0000
0.0000
1.8469
0.0000
3.4751
0.3275
0.1089
0.0000
0.0000
0.0000
0.0000
0.0000
0.0000
0.0000
0.0000
0.0000
0.0000
1.3175
1.1731
0.0000
0.0000
0.8219
0.0000
0.0000
0.0000
2.5621
1.0764
0.2064
0.0000
0.0000
0.0000
0.0000
0.0000
0.0000
3.0959
1.4671
4.5733
0.0000
1.4258
3.0201
1.4026
0.0000
0.0000
0.0000
0.0000
0.0000
0.0556
0.0000
0.0000
4.4902
0.0000
0.0000
0.0000
1.2844
0.0000
0.0909
0.0000
2.2792
0.8451
0.0000
0.0000
1.1531
0.8722
1.1741
1.2517
0.0000
0.0000
0.5676
0.0000
3.0499
0.0000
0.0000
2.8682
0.0000
0.0000
0.0000
0.0000
0.0000
3.2974
0.0000
0.0000
0.0000
0.0630
0.0000
0.3751
0.0000
0.0000
0.0000
2.3213
0.0000
0.0000
0.0000
0.0000
0.0000
0.0000
0.5429
0.0000
0.0000
0.0000
0.0000
0.0000
0.0000
0.0000
0.0000
0.0000
0.4695
0.8680
0.0000
0.0000
0.5351
0.0000
0.0000
0.0000
0.8550
0.9109
1.5258
0.7444
0.7211
0.0000
0.8885
0.0000
0.0000
0.0000
0.0000
2.6173
0.0000
1.2135
0.0000
0.0000
2.5379
0.0000
0.0000
0.7317
0.0000
0.0000
0.0000
0.0000
0.0000
0.0000
0.0000
0.0000
1.6895
0.9810
0.0000
0.0000
2.7054
2.6802
0.0000
1.6258
2.9922
0.0000
0.0000
0.8072
0.0000
0.0000
0.0000
2.4701
0.0000
0.1690
0.0000
0.0000
1.0791
1.2475
2.6569
0.0000
0.0000
0.0000
0.1144
0.0000
0.0000
0.0000
0.0000
1.2138
0.0000
0.0000
0.0000
0.0000
0.0000
0.0000
0.0000
0.0000
0.0000
0.8431
0.4268
0.0000
0.5688
0.6058
0.0000
0.0000
0.0000
1.4913
1.7867
0.0000
0.0000
1.2519
1.6420
0.0597
0.0000
0.0000
0.0000
0.0000
0.5625
0.0575
0.0000
0.0000
0.0542
0.0000
0.0000
0.0000
3.4475
3.2185
0.0000
0.0000
0.1879
0.0000
3.0369
0.0000
0.0000
0.0000
0.0000
0.0000
0.0000
0.0000
0.2095
0.6180
0.0000
0.0000
1.9301
0.0000
2.2825
0.0000
0.0000
0.9403
0.2516
0.0000
0.8264
0.0000
0.0000
0.0000
0.0000
4.8143
1.1140
0.0000
0.0000
1.1353
0.0000
0.0000
0.9437
2.5546
0.6901
0.0000
1.6202
2.1758
0.0000
0.0000
0.0000
0.0000
0.0000
0.0000
0.0000
0.2394
0.0000
0.0073
4.7926
0.4239
1.4462
0.0000
0.9320
0.6655
0.0000
0.0000
0.0000
0.4175
0.0000
0.7674
0.0000
0.0000
0.5531
0.4942
0.4442
0.0000
0.0000
0.0000
0.1592
0.1286
1.2681
0.0000
0.0696
0.3052
0.4777
0.0000
0.1532
0.0000
1.3633
0.0000
1.6854
2.3529
0.0443
0.5593
0.0000
0.0000
0.0000
0.0918
0.0000
2.2461
0.0000
0.0000
0.0000
0.0000
0.0000
0.0000
0.0000
0.0000
0.2285
0.0000
1.0579
0.0000
0.0000
0.0000
0.0000
0.4828
0.0000
0.0000
0.0000
0.0000
0.7385
2.6837
0.0000
0.0000
0.0000
0.6311
1.6209
0.8520
0.0000
0.0000
0.0000
2.7991
0.0000
0.0000
0.0000
0.0000
0.0000
0.0000
0.0000
0.0000
0.0000
0.0000
0.4865
0.0000
0.0000
0.0000
0.0000
0.3791
0.0000
0.0000
1.5174
0.0000
0.0000
0.0000
0.8831
0.8735
0.0000
3.6354
0.0000
0.8662
2.4938
1.4654
0.0000
0.0000
0.0000
0.0000
0.8752
0.0000
0.0000
0.0000
0.6282
0.2670
0.0000
0.0000
0.0000
0.8283
0.0000
3.3475
0.0000
4.5809
0.0000
0.0000
2.5465
3.1208
3.3547
0.0000
0.0000
0.0000
0.0000
1.4594
2.5778
0.0000
2.6753
0.0000
0.0000
0.3017
0.1228
0.0000
2.5286
0.0000
0.0000
2.5346
0.0000
1.5349
0.0000
0.0000
0.0000
0.0000
4.0088
0.0000
0.0000
0.0000
0.0000
0.0000
1.3067
0.7050
0.0680
2.0247
0.0000
1.8317
0.0000
1.3716
0.0000
0.0000
0.0193
0.0000
0.0000
0.0000
0.0000
0.0000
0.6632
1.2271
0.0000
0.0000
0.0000
0.0000
0.7152
0.0000
1.1912
0.0000
0.0000
0.5962
1.1969
0.0000
0.0000
0.2831
2.9226
0.0000
0.0000
2.7593
0.0000
0.0000
1.6510
0.0000
0.0000
0.0000
0.0000
1.7276
0.0000
0.0000
0.7566
0.0000
0.9717
1.1805
1.4810
2.3374
0.0000
0.2668
0.0000
0.0000
0.0000
1.5945
0.0000
0.0000
0.0000
0.0000
0.0000
0.0000
0.0000
0.0000
0.0000
0.0000
0.0000
0.0000
0.0000
0.0000
0.3607
0.0000
0.0000
0.0000
0.0000
0.8737
0.0000
1.1567
0.0000
3.8641
0.0391
1.7005
0.3883
0.0563
0.0000
0.0000
0.0000
0.0000
0.0000
0.0000
0.0000
0.0000
1.8582
0.0000
0.0000
0.0000
0.0000
0.0000
0.0000
0.0000
0.0000
0.0000
0.2600
0.0000
0.0000
0.0000
1.3175
0.0000
0.0000
0.0000
3.3802
0.0000
0.0000
0.0000
0.0000
0.0000
0.0000
0.0000
0.0000
0.0000
0.0000
0.0000
0.0000
0.8394
0.4131
0.0000
0.0000
0.0000
0.0000
0.0000
0.0000
0.0000
0.0000
0.6746
0.0000
0.0000
0.0000
0.0000
0.4628
1.7491
0.0000
0.0000
0.0000
0.0000
0.0000
0.0000
0.0000
0.0000
1.0497
0.0000
1.9600
0.0000
0.0000
0.0000
0.0000
0.0000
0.0000
0.0000
0.0000
2.8156
1.0112
0.2372
0.0000
0.0000
0.0000
0.0000
3.0931
0.0000
1.8417
0.1074
0.0000
0.0000
2.1018
0.0000
1.5898
0.0000
0.0000
0.0000
0.0000
1.7501
0.0000
2.5568
0.0000
0.0000
0.0000
0.0000
0.0000
0.0000
0.0000
0.0431
0.4617
0.0000
0.5781
0.0000
0.0000
0.0000
0.0000
0.0000
0.0409
0.1346
0.0000
0.0000
0.0000
0.0000
1.7544
0.0000
0.0000
0.0000
1.6750
0.5045
0.0266
0.6596
0.7426
0.3493
0.0813
0.0000
0.9364
0.8512
0.0000
0.0000
0.0000
0.0000
0.5222
0.3743
0.0000
0.0000
0.0000
0.2684
1.3851
0.0000
0.0000
0.0000
0.0000
0.0000
0.0000
0.0000
0.0000
0.0000
2.5259
0.0000
0.0000
0.0000
0.0000
0.0000
0.1491
0.4665
0.0000
0.0000
0.0000
1.5320
0.0000
0.0000
1.2181
0.0000
0.0000
0.0000
0.0000
0.9009
0.0000
0.0000
0.0000
0.0000
0.0000
0.0000
0.0000
0.0000
0.0000
0.0000
0.0000
0.0000
0.0000
0.0000
0.0000
0.0000
0.5051
0.0172
0.0000
2.5932
0.0000
0.0000
0.0000
0.0000
0.0000
0.0000
0.0000
1.6735
0.1604
0.0000
1.4177
0.8640
0.0000
0.0000
0.4587
0.0000
0.1211
0.0000
0.0000
0.0000
0.1457
0.0000
0.0000
2.5526
0.0000
0.0000
0.0000
0.0000
0.1920
0.0000
0.0000
0.0000
2.3083
0.3494
0.8911
0.0000
0.0000
0.1563
0.0000
0.0000
0.0000
0.0000
1.3172
0.0000
2.0138
0.0000
0.0000
0.0000
0.3045
0.0000
1.0470
0.0000
0.9228
0.3194
0.0000
0.0000
0.1325
0.0683
2.0183
1.4976
0.1997
0.0000
0.0000
0.0000
0.0000
1.3121
0.0000
0.5741
1.0433
0.0000
0.0000
0.0000
0.0000
1.4239
1.4534
0.0000
0.0000
0.0000
0.0000
0.0000
0.0000
3.5361
2.1591
0.0000
0.0000
0.4065
0.0000
0.0000
1.3597
2.1500
2.4678
0.0000
0.0000
0.0000
0.9517
0.8378
3.3613
0.0000
0.0000
0.0000
0.0000
2.5622
2.6100
0.0000
0.0000
0.4295
0.0000
0.0000
2.3863
0.0000
0.0000
2.1888
0.0000
0.0000
0.0000
0.0000
1.1325
0.1790
0.0000
0.0000
0.0000
0.0000
1.1957
0.7051
0.0000
0.0000
0.0000
0.0000
0.0000
0.0000
3.7522
0.0000
0.9092
0.0000
0.2883
1.4182
0.0000
0.8535
0.0000
0.0000
0.0532
0.0000
4.4104
0.0000
0.0000
0.0000
0.0000
0.0000
0.0000
0.0000
0.4555
0.1925
0.0000
0.0000
0.0000
0.1242
0.0000
0.4813
0.3423
4.6186
0.0000
0.0000
0.0000
0.0000
0.9442
0.0000
0.0000
0.0000
0.0000
0.0000
1.6704
0.0000
1.0763
1.3845
0.0000
0.0000
0.0000
0.0000
0.0000
1.4222
1.8862
0.0000
0.0000
0.0000
0.0000
0.0000
0.0000
0.0000
1.5851
0.0000
0.8588
0.0000
0.0000
0.0000
0.0000
0.0000
0.0000
0.0000
1.5566
0.7181
0.0000
0.0000
0.0000
0.0000
1.9049
0.0000
1.8717
2.1200
0.0000
0.0000
0.0000
0.0000
0.0000
0.0000
0.0000
2.1450
0.0000
0.0000
1.2069
0.0000
0.1319
0.0000
0.0000
0.0000
0.2910
0.0000
1.3104
3.7870
0.5867
0.6443
0.3961
0.0000
1.3018
0.0000
0.0000
0.0000
0.0000
1.2517
0.0000
0.7537
0.0000
0.0000
0.5782
0.0000
0.0000
0.0000
0.0000
0.0000
0.0000
0.0000
0.7939
1.1598
0.0000
0.0000
0.0000
4.0280
0.0000
0.0000
0.0000
0.0000
0.0000
2.4476
0.0000
0.0000
0.0000
0.4408
0.6294
0.0000
2.0802
0.4140
2.6075
0.0000
0.7931
0.0000
0.1348
0.0000
0.0000
1.3766
0.0000
0.0000
0.0000
1.4877
0.0000
1.4572
0.0000
0.0000
0.0000
0.0000
3.3144
0.0000
0.0000
0.0000
0.0000
0.0000
0.0000
0.0000
0.5646
1.6257
0.0000
0.0000
1.2010
2.3371
0.0000
0.0000
0.1209
0.0000
0.0000
0.6171
0.0000
0.0000
0.0000
0.0000
1.2103
0.2209
0.0000
0.0000
1.7264
1.1982
1.3410
0.0000
0.0000
0.0000
0.4163
0.0000
2.7822
0.0000
1.3553
0.0000
0.0000
0.0000
1.0625
3.1615
0.0000
0.0000
0.0000
1.8217
0.1761
0.0902
1.0995
0.0000
0.0000
0.0000
1.0612
2.4438
0.0000
0.0000
0.0000
1.1813
0.0000
1.4112
0.0000
0.6419
0.5988
0.0000
0.0799
0.0000
0.0000
0.0000
1.9008
0.0000
0.0000
0.0000
1.8890
2.1205
0.0000
2.7098
0.0000
0.0000
0.0000
0.0000
0.0000
0.7851
0.0000
0.0000
0.8810
0.4725
0.0000
2.2796
0.0000
0.1142
0.0000
0.0000
0.0000
1.5572
0.0000
0.0000
0.0000
0.0000
0.0000
0.0000
0.1068
0.0000
1.7839
0.0000
0.0000
0.0000
0.0000
0.0000
0.0000
1.3095
0.0000
0.0000
0.0000
0.0000
0.0000
0.0000
0.0000
0.0000
0.0000
0.0000
0.0000
1.1509
0.1959
0.6156
0.0000
1.8535
0.0000
0.0000
0.0000
0.0000
0.0000
0.0000
2.9359
0.0000
0.0000
0.0000
0.0000
0.5882
0.0000
1.2412
0.0000
0.0000
0.0000
0.0000
2.2948
0.0000
0.0000
0.0000
0.0000
0.0000
0.0000
0.0000
0.0000
0.0000
2.2873
0.0000
0.0000
0.0382
0.0000
0.0000
2.6659
0.0000
0.0000
4.8029
1.4016
0.0000
0.2731
0.0000
0.9073
0.0000
0.6489
0.6994
0.0000
0.0000
1.9501
2.2507
0.0000
0.0000
2.0923
0.0000
0.0072
0.0000
0.0000
1.0637
0.0000
0.0000
0.0000
0.0000
3.7576
0.0000
0.0000
0.0000
0.0000
0.0000
0.0000
0.4074
0.0000
1.1025
2.4974
0.0000
0.0000
0.0000
0.0000
0.0936
1.1341
0.0000
0.0000
0.0000
0.0000
0.0000
0.0000
0.0000
0.0000
0.0000
0.0000
0.6563
0.0000
0.6291
0.4505
0.0000
0.4407
0.6140
0.0000
0.0000
0.0000
0.0000
0.0000
0.8116
0.0000
0.0000
0.0000
0.0000
0.0000
0.0000
1.1326
0.0000
0.0000
0.0000
0.0000
1.0170
1.1707
0.0000
0.5704
0.0000
0.1702
0.7344
0.0000
0.0000
0.0000
1.5941
1.5935
0.0000
0.0000
0.0000
0.0132
0.9398
0.0000
0.0000
3.1242
0.2812
0.0000
1.2500
3.8271
0.0000
0.4041
0.0000
0.0000
0.0000
0.0000
2.6839
0.0000
0.0000
0.0000
0.0000
0.4599
0.0000
0.0000
0.5840
1.0747
0.0000
0.0000
0.0000
0.0000
0.0000
0.0000
0.0000
0.0000
0.0000
2.3816
0.0000
2.8703
0.0000
0.0000
1.9415
0.0000
1.9006
0.0000
2.3703
0.2158
0.0000
0.7655
0.0000
0.0000
2.4001
0.0000
0.0000
0.0000
0.6174
0.0000
0.0000
0.0000
1.5814
0.0000
0.0000
2.4774
0.0000
0.0000
0.0000
1.9737
0.2155
0.0457
0.0000
0.0000
0.0000
2.0996
0.9229
0.0000
0.0000
2.4745
0.0000
0.0000
0.5752
0.9883
3.2002
0.0000
2.5296
0.0000
1.0044
0.0000
0.0000
0.0000
0.0000
0.0000
0.0000
0.4580
0.0000
2.4741
2.8790
4.2896
1.3367
0.0000
1.6195
0.0000
0.0000
0.0000
0.0000
0.0000
1.6471
0.0000
0.0000
4.1147
0.0000
0.0000
0.0000
2.8088
1.5091
0.0000
0.0000
0.0000
0.0000
1.6712
1.0706
2.1187
0.0000
0.0000
0.0726
1.9749
0.6258
1.2830
0.1614
0.0000
0.3214
0.0000
0.0000
0.0000
0.9643
0.0000
0.0000
0.0000
0.7652
0.0000
1.9339
0.0000
1.3483
0.0000
0.0000
0.0000
0.5936
3.5866
0.0000
0.0000
0.0000
3.0358
0.0000
0.8816
0.0000
0.0000
0.5384
0.0000
0.0000
0.0000
0.0000
0.3628
0.0000
3.7091
0.0000
0.0000
0.6910
0.0000
0.0000
1.2915
0.3209
1.4504
1.1716
0.0000
1.0330
2.4186
0.0000
0.0000
0.0000
0.0000
0.0000
0.0000
0.0000
0.0000
0.7014
1.3697
0.0000
0.3891
0.0000
0.0000
0.0000
3.8146
0.4796
0.5937
0.0000
0.2078
0.0000
0.0000
0.0000
0.0000
2.7274
0.0000
1.4733
0.0000
0.3778
2.5557
1.7694
0.0289
0.0000
0.0427
2.8406
0.0000
0.0000
0.0000
0.0000
0.0000
0.0000
0.0000
0.0000
0.0000
0.8471
0.0000
0.0000
0.0000
0.0000
0.0000
0.0000
0.0000
0.0746
0.8805
0.0000
0.0000
0.2417
0.0000
3.0167
0.7443
1.2608
1.1093
0.0000
0.0000
1.3539
0.0000
0.0000
0.0000
1.4598
0.0014
0.0000
3.9405
1.3268
0.0000
3.1250
0.0000
1.6069
0.6671
0.0000
2.1234
0.9992
0.0000
0.0000
0.0000
0.0000
0.0000
0.0000
0.7625
1.4233
0.0000
0.0000
0.0000
0.4577
0.0000
0.0000
1.7068
0.0000
0.9021
0.0000
0.0000
0.0000
0.0000
