0.0000
0.0000
0.0000
0.0000
0.1391
0.0000
0.0000
0.0000
0.0000
1.8850
0.0000
0.0000
0.1251
0.0000
0.0000
0.3511
0.0000
0.0000
0.0000
0.0000
0.0112
0.0000
3.7118
1.7132
0.8554
2.3048
0.0000
1.3080
0.0000
0.0000
0.0000
0.0000
0.6673
0.0000
3.0004
0.0000
0.0000
0.0000
1.0964
0.0000
0.0000
0.0000
0.0000
0.0000
0.0000
0.0000
0.0000
0.0000
0.0000
0.0000
0.0000
0.0000
0.0000
0.0000
0.0000
0.0000
0.0000
0.0000
0.0000
0.0000
0.0000
3.6194
0.0000
0.6083
0.0000
0.0000
0.0000
0.0000
0.0000
0.0000
0.9206
1.8925
0.0000
0.0000
0.0000
0.4199
0.0000
0.0000
0.0000
0.4129
0.7310
0.0000
0.0000
0.0000
0.0000
1.7910
0.0000
3.1681
0.0000
0.0000
0.8873
0.0000
2.1015
2.7204
0.0000
0.0000
0.0000
0.0000
2.5836
0.0000
0.0000
0.0000
0.3620
0.0000
0.0000
0.0000
0.0000
0.0000
2.8116
4.7380
0.0000
0.0000
0.0000
0.0430
0.0000
0.0000
0.2677
0.0000
0.0000
0.0000
2.4581
0.2098
2.6941
0.0930
0.0000
0.0000
1.2444
2.1929
0.0000
0.0000
0.0000
0.0000
0.0000
0.0000
1.9247
0.0000
1.2472
0.3209
0.0000
2.6339
2.7092
0.0000
0.7338
0.3223
0.2162
0.0000
0.0000
0.8581
0.0000
0.0000
0.0000
2.1412
0.0000
0.0000
0.0000
0.1006
0.0000
0.0000
0.0000
0.0000
2.8327
0.0000
1.5437
0.0000
0.0000
1.1088
2.1046
0.0000
0.0000
1.3259
0.0000
0.0000
0.0000
0.0806
0.0000
0.0000
0.0000
0.0000
0.0000
3.5270
1.7488
3.5812
0.0000
0.0000
0.0000
0.0000
0.4831
0.0000
2.2515
0.7457
0.0000
0.0000
0.3988
0.0000
0.0000
0.0000
0.0000
0.0362
3.8751
2.3539
0.0000
0.0000
0.0000
0.0000
0.7966
0.0000
0.0000
0.0000
0.0000
0.0000
0.0000
0.0000
0.0000
0.0000
0.0000
0.0000
0.0000
0.0000
0.0000
0.0000
0.0000
0.0000
0.0000
0.0000
0.0000
0.0000
0.0000
0.6252
0.0000
0.0000
0.0000
0.0000
0.0000
0.0000
0.4115
0.0000
2.3613
0.0000
2.6764
0.0000
0.0000
0.0000
1.5703
0.0000
0.0000
0.0000
0.0000
0.0000
0.0000
0.0000
0.0000
0.0000
0.0000
0.0000
0.0000
0.0000
0.0000
0.0000
0.0000
0.0000
0.0000
0.1402
0.0000
0.0000
0.0000
0.0000
0.0000
0.0000
0.0000
1.4026
3.2410
0.0000
0.0000
2.0629
0.0000
0.0000
0.0000
1.9663
0.0000
0.0000
1.3118
0.0000
0.0000
0.0000
0.0000
0.3826
0.0000
0.0000
0.0000
0.0000
0.0000
0.0000
0.0000
0.0000
2.0119
0.0000
0.0000
0.0000
0.0000
1.0492
0.0000
0.0000
0.0000
1.2033
1.4264
0.0000
0.1542
0.0000
0.0000
0.0000
0.0000
0.0000
0.0000
0.0000
1.5665
0.0000
0.0000
0.0000
0.8964
2.5377
0.0000
0.5507
0.0000
0.5016
0.0000
1.7855
0.0000
0.8338
0.0000
2.2534
0.0000
0.0000
0.0000
0.0000
0.0000
1.4095
1.9938
0.0000
0.0000
3.2963
0.0000
0.0000
0.0000
0.0000
0.0000
3.7466
0.0000
0.0000
0.0000
0.0000
0.0000
3.8568
0.0000
0.0000
0.4688
0.0000
0.0000
0.0000
1.2979
0.0000
0.0000
0.0000
0.0000
0.0000
0.0000
1.3784
0.0000
0.0000
0.0000
0.0000
0.0000
1.9440
0.0000
0.0000
0.0000
0.0000
0.0000
1.0707
0.0000
0.0000
4.0543
0.0000
0.0000
0.0000
0.0000
0.0000
0.0000
0.0000
0.0000
0.0000
4.0752
0.0000
0.0000
0.0000
0.0000
0.4897
0.0000
0.0000
0.0000
0.0000
0.0000
2.1510
0.0000
0.0000
0.0000
0.0000
0.0000
0.0000
2.2907
0.0000
0.0000
0.0000
0.0000
1.2184
0.0000
0.5965
0.0000
0.0000
0.0000
0.0000
0.0000
0.0000
0.0366
0.0000
0.0000
0.0000
0.0000
1.3116
0.0000
0.5013
0.0000
0.0000
0.0000
0.5802
0.0000
0.0000
0.0000
0.0000
0.7507
0.0000
1.1570
0.4489
0.0000
0.0000
2.0357
0.7025
0.0000
0.0000
3.6968
1.8894
1.1299
0.0000
0.0000
0.0000
0.0000
0.3125
0.0000
0.0000
0.8999
0.0000
0.0000
0.0000
0.3166
0.0000
0.0000
0.0000
0.0000
0.0000
0.0000
0.0000
0.0000
1.0839
0.0000
0.0000
0.0000
3.4420
2.6385
0.0000
0.0000
0.0000
0.0000
0.0000
0.0000
1.8898
0.9505
1.0072
0.0000
0.2715
0.0000
0.0000
0.0000
0.0000
0.0000
0.0000
0.0000
0.0000
0.0000
0.0000
0.1220
0.0000
0.0000
0.0000
1.8189
0.0000
0.9935
0.0000
0.0000
0.0000
0.0000
3.0324
1.2953
3.3503
0.0000
0.1838
0.0000
0.0000
0.0000
0.0000
4.0866
0.0000
0.0000
3.1672
0.0000
0.0000
1.5548
0.0000
0.1888
0.0000
0.0000
0.0000
0.0000
0.0000
0.0000
0.0000
0.9578
2.3910
0.0000
0.0000
0.0000
0.0000
0.0000
0.0000
0.0000
0.0000
0.0000
0.0000
0.0000
0.2901
0.0000
0.0000
0.0000
0.3337
0.0000
0.0000
0.0000
0.0000
0.9317
0.0000
0.0000
0.0000
0.4649
0.3144
0.0000
0.0000
1.3872
1.3350
0.0000
0.0000
0.0000
0.0000
0.0000
0.0000
0.0000
0.0000
0.0000
0.0000
0.6514
0.1254
0.0000
0.0000
0.0000
0.0000
0.0000
0.0000
0.0000
0.0000
0.0000
0.3228
1.7142
0.0000
0.4025
0.0000
0.0000
0.0000
0.0000
0.0000
0.0000
0.0000
2.4117
0.0000
0.0000
2.4255
0.0000
0.0000
0.0000
0.0000
0.9478
0.0000
0.0000
0.6407
0.0000
0.0000
0.0000
2.5954
0.0000
0.0098
0.5864
0.0000
0.0000
0.0000
1.1933
0.0000
0.0000
0.0327
0.0000
0.0000
0.0000
0.0000
0.0000
0.0000
0.0000
0.0000
0.0000
0.1681
2.2265
2.6064
0.0000
2.9276
0.0000
0.0000
0.0000
0.0000
0.5032
0.0000
0.0000
0.0000
0.0000
0.9163
0.0000
0.0000
0.0000
3.2227
4.3762
0.0000
0.0000
0.0000
0.0000
0.0000
0.0000
0.0000
0.0000
1.1101
0.0000
0.0000
0.0000
0.0000
0.0000
0.0000
0.0000
0.0000
0.0000
0.0000
0.0000
0.0000
0.0000
0.4225
0.2202
0.0000
0.0000
0.0000
0.0000
0.0000
0.0000
0.0000
0.0000
0.0000
0.1644
0.0000
0.0000
1.7248
0.7780
0.0000
3.4014
0.0000
0.0000
0.0000
0.0000
0.0000
1.5606
0.0000
3.6753
0.0000
0.0000
0.2543
0.8121
0.4165
0.0000
0.0000
1.1756
1.5340
0.0000
2.9455
0.0000
0.3732
0.0000
0.0000
0.0000
0.3908
0.0000
0.0000
0.0000
0.0000
1.3639
0.1048
0.0000
0.0000
1.1420
0.0000
2.1793
1.2391
0.0000
0.0000
0.3729
0.0000
0.0000
0.0000
0.0000
0.3908
0.0000
0.4904
0.0000
0.0000
0.0000
2.8997
0.0000
0.0000
0.6784
0.0000
1.1580
0.0000
0.0000
0.0000
0.0000
0.0000
0.5087
0.0000
0.0000
0.0000
0.0000
0.0000
1.1728
0.0000
3.1903
0.0000
0.0433
0.0000
0.0000
0.0000
0.0000
0.0000
1.0134
0.0000
0.0000
0.0000
0.0000
0.0000
0.0000
0.0000
1.1513
0.0000
0.0000
0.0000
0.0000
0.0000
0.0000
0.0000
1.6029
0.0000
0.0000
0.0000
0.0000
0.0000
1.1095
0.6637
0.0000
0.0000
0.0000
0.0000
0.6186
0.0000
0.0000
1.5148
1.2095
0.0000
0.0000
0.0000
0.0000
0.0000
0.0000
0.0000
0.7860
0.2955
0.0000
1.5915
0.0000
0.0000
0.9171
0.0000
0.0000
0.3590
1.7748
0.0000
1.3044
0.0000
0.0000
0.0000
0.0000
0.0000
0.0000
0.0000
1.6345
0.0000
0.0000
0.0000
0.0000
0.4234
0.3472
0.6685
0.0000
0.0000
0.0000
0.0000
0.0000
0.0000
0.0000
0.0000
0.0000
0.0000
0.9532
0.0000
0.0000
0.0000
0.0000
0.0000
0.0000
0.0000
0.0000
0.0000
0.0000
0.0000
0.0000
0.0000
0.0000
0.5323
0.0000
0.0000
0.0316
0.0000
0.0000
0.0000
0.3484
0.0000
1.9744
0.0000
0.0000
0.5500
0.0000
2.3204
0.0000
0.0000
0.0000
0.0000
0.0000
0.0000
0.0000
0.0000
0.0000
0.0000
0.0000
0.0000
0.8751
0.0000
0.5376
0.0000
0.0000
0.0000
0.0000
1.6330
0.0000
0.0000
0.0000
0.0000
0.0000
0.0000
0.0000
0.0000
0.0000
0.0000
0.0000
0.3879
0.0000
0.0000
2.4179
0.0000
0.0000
0.0000
0.0000
0.0000
0.0000
0.0000
0.0000
0.0000
1.9948
0.0000
0.0000
1.3670
3.2700
0.0000
0.0000
0.0000
0.0000
0.5887
0.0000
0.3988
0.0508
0.0858
0.0000
0.0000
0.0000
0.0000
0.0000
0.0000
0.0000
0.0000
1.2585
1.5301
0.0000
0.2306
0.0000
5.5939
0.0000
0.0000
0.0000
0.0000
0.0000
0.0000
2.4876
0.0000
0.0000
0.0000
0.0000
0.7055
0.0000
1.4107
0.2607
0.0000
0.0000
0.3073
0.0716
0.0000
0.0229
0.0000
0.0000
0.0000
0.0000
0.0000
2.0757
0.0000
0.3188
0.0000
0.0000
0.0000
0.0000
0.0943
0.2209
2.3260
0.7640
0.0000
0.0000
0.0000
1.2142
0.0000
0.0000
0.0000
0.0000
2.4868
0.0000
0.0000
0.0000
4.7430
0.0000
0.0000
0.0000
0.0000
0.0000
0.0000
0.0000
0.0000
0.0000
4.4619
0.0000
0.0000
0.0000
4.3413
0.0000
0.0000
0.3338
2.3232
0.0000
1.0142
0.0000
0.9598
0.0000
0.0000
0.0000
1.2992
2.3765
0.0000
0.0000
2.0111
1.7226
1.7228
1.8395
0.0000
1.3819
0.0000
0.0000
0.0000
0.0000
0.0000
0.0000
0.5960
0.0000
0.0000
0.0000
0.0000
0.9084
0.0000
0.0000
0.0000
0.0000
0.0000
0.0000
0.0000
0.0000
0.0000
0.0000
0.0000
0.0000
0.0000
0.5689
0.0000
1.0525
0.0000
0.9490
1.3935
0.0000
0.0000
0.0000
0.0000
0.0000
0.0000
0.0000
0.0000
0.0000
0.0000
0.6432
0.0000
0.0000
0.0000
0.0000
0.0000
0.0000
0.0000
0.0000
1.8567
0.0000
0.9597
0.0000
0.0000
0.0000
1.2320
0.0000
0.0000
0.5674
0.0000
0.0000
0.8237
0.0000
0.9409
0.0000
0.0000
0.0000
0.0000
1.3916
0.0000
0.0000
0.0000
0.0000
1.2933
0.0000
0.3297
3.1243
1.2834
0.0000
0.0000
0.0000
0.0000
0.0000
0.0000
0.0000
0.0000
0.0000
0.0000
1.4366
0.0000
1.1194
0.0000
0.0000
0.0000
0.0000
0.0000
0.0000
0.0000
0.0000
0.0000
0.0000
0.0000
0.0000
0.0000
0.1878
0.0000
0.0000
0.4393
0.6903
1.0835
4.4523
0.0000
0.0000
0.6177
0.0000
0.8807
1.4572
0.0000
0.0000
0.2336
0.6014
0.0000
0.0000
0.0000
0.0000
0.0000
0.0000
0.0000
0.0000
0.0000
1.0675
0.0000
0.0000
0.0000
1.7103
0.7016
0.0000
0.8949
3.5498
2.2684
0.0000
0.0000
0.0000
0.0000
0.0000
0.0000
0.4032
0.0000
0.0000
0.0000
0.0000
0.0000
2.0432
0.0000
2.1881
0.0000
0.0000
0.0000
1.8244
0.0000
0.0000
0.0000
0.0000
0.0000
3.4800
2.9573
0.0000
0.0000
0.0000
0.0000
0.2310
0.0000
0.0000
0.0000
2.0794
0.0000
0.5853
0.0000
0.0613
0.0000
0.0000
0.0000
0.0000
0.0000
0.0000
0.0000
0.0000
2.6405
0.0000
0.0000
0.0000
0.0000
0.0000
0.0000
0.0000
0.0000
0.0000
0.0000
0.0000
0.0000
0.0000
0.0000
0.0000
0.0000
0.0000
0.0000
0.0000
0.0000
0.8893
0.0000
0.0000
0.0000
2.7735
0.0000
0.0000
0.0000
2.5881
0.0000
0.0000
0.0000
0.0000
2.7523
0.0000
0.0000
0.0000
0.0000
0.0000
0.8580
0.0000
0.0000
0.0000
0.0000
0.0000
0.0000
0.0000
0.8939
3.8601
0.0000
0.0000
0.3324
0.0000
0.0000
0.0000
2.7457
0.0000
0.0000
0.0000
0.0000
0.0000
0.0000
1.7815
0.0000
0.0000
0.0000
0.0000
0.4074
1.1444
0.0000
0.0000
0.0000
1.2595
0.0000
0.0000
0.0000
0.0000
0.0000
2.3358
0.0000
0.0000
1.6000
0.0000
0.0000
0.0000
0.0000
0.0000
0.0000
0.0000
0.0000
0.0000
0.0000
0.0000
0.0000
0.7714
0.0000
0.0000
0.0000
0.0000
0.0000
1.2970
0.0000
0.0000
0.0000
0.0000
0.0000
0.0000
0.0000
0.0000
0.1769
1.2649
1.0853
0.0000
0.0000
0.0000
0.0000
0.0000
0.0000
0.0000
0.0000
0.0000
0.0000
0.0000
0.0000
0.0000
0.0000
0.0000
0.0000
0.0000
0.0000
0.0000
0.1118
0.0000
2.3371
0.0000
2.6017
0.0000
0.0000
0.0000
0.0000
0.0000
0.0000
0.0000
0.0000
3.1792
3.5072
0.0000
3.6509
0.0000
0.0000
0.0000
0.0000
0.0000
0.0000
0.0000
0.0000
0.0000
0.0000
0.0000
2.3766
1.6550
0.0000
0.0000
0.7213
0.0000
0.0000
0.0000
0.0000
3.4922
0.0000
0.0000
2.4955
0.0000
3.2582
2.1049
4.5354
0.0000
0.6669
0.0000
0.0000
0.5891
0.0000
0.0000
1.9362
0.0000
0.0000
0.0000
0.0000
1.0987
0.0000
0.0000
0.0000
0.0000
1.1245
0.6869
0.0000
0.0000
0.4821
0.0000
0.0000
0.6400
1.8865
0.0000
2.1425
0.0000
0.0000
0.0000
2.2557
0.0000
0.0000
0.0000
0.0000
0.0000
0.0000
0.0000
0.0000
0.0000
0.0000
0.0000
0.0000
0.0000
0.0913
0.0000
1.6302
0.0000
3.0603
0.0000
0.0000
0.0000
0.0000
0.0000
0.0000
0.0000
0.0000
0.0000
0.0000
0.0000
0.0000
2.4710
2.7022
0.0000
0.0000
0.0000
0.9533
0.0000
0.0000
0.0000
0.0000
0.0000
0.3908
0.0000
0.0000
1.4291
0.0000
0.8518
0.0000
0.0000
0.0000
0.0000
0.0000
0.0000
1.3608
2.0302
2.4915
0.0000
0.0000
0.0000
0.0000
0.0000
0.0000
0.0000
0.0000
0.0000
0.0000
0.0000
0.0000
0.0000
0.0000
0.0883
0.0000
0.0000
0.0000
0.0000
0.0000
0.0000
1.2276
0.0000
0.0000
2.7619
1.2603
1.2752
0.0000
1.2648
0.0000
0.0000
2.0285
1.9823
0.1828
0.0000
0.0000
0.0000
2.2957
0.0000
0.0000
2.7846
2.1648
0.0000
0.8288
0.0000
0.0000
0.0000
0.0000
0.0000
0.0000
0.7540
2.9449
0.0000
0.0000
0.0000
0.0000
0.0000
0.0000
0.0000
0.4088
0.0000
0.0000
0.0000
0.0573
0.0000
0.0000
0.0000
0.0000
1.7796
0.0000
0.0000
0.0000
0.0000
1.5930
0.0000
0.8077
0.0000
0.0000
0.0000
1.5401
0.0000
1.5449
0.0000
0.0000
0.0000
0.0000
0.0000
3.3890
0.0000
0.0000
0.0000
0.0727
0.0000
0.0000
0.0000
0.0000
0.2081
0.0000
0.0000
0.0000
0.0000
0.0000
0.4296
0.0000
0.0000
0.0000
3.0413
0.0000
0.0000
0.0000
0.0000
4.8924
0.1501
0.8075
0.1355
2.3161
0.0000
1.7706
0.0000
0.0000
0.0000
0.0000
0.0000
0.0000
0.0000
0.0000
0.0000
1.5050
0.0000
0.5760
0.8481
2.6901
0.0000
0.0000
3.6096
0.5287
0.0000
0.0000
0.0000
0.0000
0.0000
0.0000
0.0000
0.1782
0.8654
0.0000
0.7175
0.0000
0.2531
0.0000
0.0000
0.0000
0.0000
0.0000
0.4818
0.0000
0.0000
0.0000
1.2189
0.0000
1.2189
0.8057
0.1924
0.0000
0.0000
0.0000
0.3035
0.0000
0.0000
0.2452
2.5763
0.0000
1.3020
0.0000
0.0000
0.0000
0.4608
0.0000
1.5327
0.0000
0.0000
0.0000
0.0698
0.0000
0.0000
0.0000
3.4024
0.0000
3.8065
0.0000
0.0000
0.0000
0.0000
0.6270
0.0000
0.0000
0.0000
0.0000
0.0000
0.0000
0.6582
0.0000
0.0000
0.0000
0.0000
0.0000
0.0000
0.0000
0.0000
0.0000
1.3407
0.0000
0.0000
0.4357
0.0000
1.7491
0.0000
0.0000
0.0000
0.0960
0.0000
3.4271
0.0000
0.0000
0.0000
0.0000
0.0000
1.0038
1.2670
0.0231
0.2430
0.0000
0.2035
1.4855
0.0000
0.0000
0.4879
0.0000
0.0000
0.0000
0.0000
0.0000
0.7406
0.0000
0.0000
0.0000
0.0000
1.8935
0.0000
4.0070
0.0000
0.0000
0.0000
0.0000
0.0000
0.0000
0.0000
1.5192
0.0919
3.0195
3.9173
0.0000
0.0000
0.5413
0.9714
0.0000
0.0000
1.4309
1.2317
0.0000
0.0000
0.0534
0.0000
0.0000
0.0000
0.0000
0.0000
0.7607
0.0000
0.0000
0.0000
0.0000
0.0000
0.0000
0.0000
1.3056
5.0893
0.0000
0.0000
3.2067
0.0000
1.6496
0.0000
0.0000
0.0000
0.3281
0.8784
0.0000
0.0000
0.0000
0.0000
0.0000
2.7574
0.0000
2.6732
0.0000
0.0000
0.0000
0.2451
0.0000
0.0000
0.0000
0.0000
3.4079
0.0000
0.0000
2.7479
0.0000
0.0000
1.6120
0.0000
0.0000
0.1673
0.0000
0.8131
0.0000
0.0000
0.2451
0.0123
0.0000
0.0000
0.0000
0.0000
0.7991
0.0000
0.0000
0.0000
0.0000
1.9749
0.0000
6.0082
1.3318
0.0000
0.0000
0.0000
0.0000
0.0000
0.0000
0.0000
0.0000
0.0000
0.2551
0.0000
0.0000
0.0000
0.0000
0.0234
0.0000
0.0000
0.0000
0.0000
0.0000
1.2351
0.0000
0.6588
0.0000
0.0000
3.0609
0.0000
0.0000
0.0000
0.0000
1.3584
0.0000
0.0000
0.0000
0.0000
1.5893
0.0000
0.7356
0.0000
0.0000
0.0000
0.0000
0.0000
0.2930
0.0000
0.0000
0.0000
0.0000
1.2028
0.0000
1.5932
0.0000
0.0000
0.0000
0.0000
0.0000
0.0000
0.0000
0.0000
0.0000
0.0000
0.7810
0.0000
2.4183
0.0000
0.0000
0.0000
2.3274
0.0000
0.0000
0.0000
0.0000
0.0000
0.0000
0.7296
0.6575
0.0000
0.0000
0.0000
0.3603
0.0000
0.2874
0.6979
0.0000
0.0000
0.4573
0.0000
0.0000
0.0000
0.0000
1.6931
2.2776
0.0000
2.8062
0.0000
0.0000
0.2268
0.0000
6.4365
0.0000
0.3999
0.0000
0.0000
0.0000
0.0000
0.0000
0.0000
0.0000
0.1047
0.0000
0.0000
2.8393
0.0000
0.0000
0.0000
0.0000
0.0000
0.0000
0.0000
1.2134
0.2265
0.0000
1.0374
0.8672
1.3457
0.0000
1.5984
0.0000
0.0000
0.3482
0.0000
0.0000
3.5198
0.0000
0.0000
2.9987
2.3036
0.0000
0.0000
1.9881
0.3354
0.3273
0.2068
0.0000
2.2502
0.0000
0.0000
0.0000
0.0000
0.0000
0.0000
0.0000
0.0000
0.0000
0.0000
0.0000
0.0000
0.3551
0.0000
0.0000
0.0000
0.0000
0.0000
0.0000
0.0000
0.0000
2.6382
1.5566
0.0000
0.0000
0.0000
0.0000
0.0000
1.2568
2.4756
0.0000
0.0000
0.2388
0.5704
3.9984
1.3033
0.1711
0.0000
0.0000
0.0000
0.0000
3.0910
0.0000
0.0000
0.0000
0.0000
0.0000
0.0000
0.0000
0.0000
0.0000
0.0000
0.0000
0.0000
1.0516
0.0000
0.0000
0.0000
0.6841
0.0000
0.0000
0.0000
0.0000
0.0000
0.0000
0.0000
1.1613
0.0000
0.0000
0.0000
1.2098
0.0000
0.7116
0.1073
0.3618
0.0000
0.0000
0.0000
0.0000
0.0000
0.0000
0.0000
0.0000
0.0000
0.0000
4.2900
0.7775
0.0000
0.0000
0.0000
0.0000
0.0000
0.0000
0.0000
0.0000
0.0000
0.0000
0.0000
0.0000
0.0000
0.0000
0.0000
0.0000
0.0000
0.9103
0.0000
1.8610
0.0000
0.5789
0.0000
0.0000
0.8211
0.0000
0.0000
0.0000
0.0000
1.1297
0.0000
0.0000
0.0000
0.0000
1.1926
1.0840
0.0000
0.0000
0.0000
0.0000
0.2857
0.0000
0.0000
0.0000
0.0000
2.2212
0.0000
0.2718
0.0000
0.7961
0.0000
3.6364
0.0000
0.0000
0.0000
0.0000
0.0000
0.8522
0.0000
1.0379
0.8675
0.0000
1.9071
0.0000
0.4131
0.0000
0.9016
1.4360
0.0000
0.0000
0.0000
0.0000
0.0000
0.0000
0.0000
0.0000
0.0000
0.0000
0.0000
0.0000
0.0000
0.6942
1.1907
2.0736
1.7161
0.0093
0.0000
0.0000
1.3798
0.0000
0.0000
0.0000
0.0000
1.9249
1.4411
1.3060
0.0000
0.0000
0.0000
1.9956
0.0000
0.0000
0.0000
0.0000
0.0000
0.0000
0.0000
0.0000
0.0000
0.0000
0.0000
0.0000
1.4553
0.3702
0.0000
0.6753
0.0000
0.0000
1.9299
0.0000
0.9428
0.0000
1.4021
0.0000
0.0000
0.0000
0.3460
0.0000
0.0000
0.0000
0.0000
0.0000
0.2229
0.0000
0.0000
0.0000
0.0000
0.0000
0.0000
0.0000
0.0000
0.0000
0.0000
0.0000
0.3115
0.0000
0.0000
0.0000
0.0000
0.5495
3.0069
0.0000
0.0000
0.0000
0.0000
0.0000
0.0000
3.2642
0.0000
0.0000
0.0000
1.1266
1.7314
0.0000
0.0000
0.0000
0.0000
2.3025
0.0000
0.0000
0.0000
0.0000
0.0000
2.6358
0.2617
0.0000
0.0000
0.0000
0.0000
0.0000
0.0000
0.0000
0.0000
0.0000
0.0000
0.0000
0.0000
0.0000
0.0000
0.0000
0.0000
0.0000
0.1948
0.0000
0.0000
0.0000
1.9528
0.0000
0.0000
0.0000
0.0000
0.0000
0.0000
0.0000
0.1427
4.1016
0.0000
0.0000
1.1602
0.9464
2.1119
0.0000
0.0000
0.0000
0.0000
0.0000
0.0000
0.0000
0.0000
0.0000
0.0000
0.0000
0.0000
0.0000
0.0000
0.0000
0.0000
1.6046
0.0000
0.0000
0.0000
0.0000
0.0000
0.2698
0.0000
0.0000
0.0000
0.0000
0.0000
0.0000
1.2512
0.8465
0.0000
0.0000
3.6134
0.0000
0.0000
0.0000
1.3026
0.0000
0.0000
0.0000
0.0768
0.0000
0.0000
0.0000
0.0000
0.0000
1.5997
7.9825
0.0000
0.0000
1.7018
0.0000
0.0000
0.0000
0.0000
0.0000
0.0000
0.0000
0.0000
0.0000
0.0000
0.0000
0.0000
0.0000
0.0000
0.0000
0.0000
0.0000
0.0000
0.3289
0.0000
1.5307
0.6447
0.0000
2.0297
0.0000
0.0000
0.0000
0.0000
0.4719
2.2104
0.0000
0.0000
0.0000
3.5806
0.0000
0.5406
0.0000
1.0065
0.0000
0.0000
1.2785
0.0000
0.0000
0.0000
0.0000
0.0000
0.4121
1.1679
0.0000
4.4779
0.0000
0.0000
0.0000
0.0656
0.5988
0.0000
0.0000
0.7873
0.0000
0.0000
0.0000
0.8700
0.3630
1.8043
0.0000
0.0000
1.4961
0.1621
0.0000
0.0000
0.0000
0.0000
0.0000
0.0000
0.0000
0.0000
0.0000
0.0000
0.0000
0.0000
2.1240
0.4932
0.0000
2.1785
0.0000
0.0000
0.0000
0.0000
0.0000
0.0000
0.4356
0.0000
0.0000
0.0000
0.0000
0.0000
0.5960
0.0000
0.0000
0.0000
0.0000
0.0000
0.0000
0.3893
0.0000
1.1430
0.0000
0.0000
0.0000
0.0000
0.0574
0.0000
2.5283
0.0000
2.2403
0.0000
0.0000
0.0000
2.1943
1.8102
0.1671
0.0000
0.6374
0.0000
0.0000
0.0000
0.0000
0.0000
0.1453
0.0000
0.0000
4.2644
3.3627
0.0000
0.0000
0.0000
3.1613
0.0000
0.5162
0.0000
0.7751
0.0000
0.0000
0.0000
0.0000
0.0000
0.0000
0.0000
0.0000
0.0000
0.1850
0.0000
0.0000
0.0000
0.0000
1.4450
0.0000
0.3594
0.0000
0.0000
0.6666
0.0000
0.0000
0.0000
0.0000
2.1163
0.0000
0.0000
0.0000
2.6863
0.0000
0.0000
0.0000
0.0000
0.4156
0.0000
2.3346
2.5119
0.0000
0.0000
0.0000
0.0000
0.0000
0.0000
0.0000
0.0000
0.0000
0.0000
0.0631
0.0000
0.0000
0.0000
0.0000
0.2887
0.0000
0.0000
0.0000
0.0000
0.0000
0.0000
0.0000
0.0000
0.0000
0.0000
0.3385
0.0000
0.0878
0.0000
0.0000
0.0000
0.0000
0.0000
0.0000
0.0000
0.0000
0.0000
2.5513
0.0000
0.0000
0.4180
0.0000
0.0000
0.0000
0.0000
0.1505
0.0000
0.0000
0.0000
0.0000
0.0000
0.8286
0.0000
0.0000
0.3516
1.8364
0.0000
0.0000
3.1260
0.0000
2.2814
0.3811
0.0000
0.0000
0.0000
0.0000
2.0970
0.0000
1.6495
2.3043
0.0000
5.4030
0.0000
0.0000
0.0000
0.0000
0.8569
0.0000
5.2163
0.2495
0.4806
0.0000
0.0000
0.0000
1.4419
0.0000
0.0000
0.0000
0.0000
0.0000
0.0000
0.6144
0.0000
0.0000
0.0000
0.7324
0.0000
0.0000
0.0000
0.0000
0.0000
0.0000
0.0000
0.0000
0.0000
0.0000
0.0000
0.0000
3.5344
0.0000
6.5348
0.0000
1.2415
4.0133
3.0762
0.0000
0.0000
0.0000
0.0000
0.0000
0.4600
0.0000
0.1467
4.4598
0.0000
0.0000
0.0000
1.2392
0.4032
0.0000
0.0000
3.3443
0.0000
0.0000
0.0000
0.8978
1.6736
0.0000
1.0176
0.0000
0.0000
1.5689
0.0000
1.4476
0.0000
0.0000
2.8104
0.0000
0.4016
0.0000
0.0000
0.0000
2.8285
0.0000
0.0000
0.0000
0.0000
0.0000
0.1139
0.0000
0.0000
0.0000
1.9147
0.0000
0.0000
0.0000
0.0000
0.0000
0.0000
0.1721
0.0000
0.0000
0.0000
0.0000
0.0000
0.0000
0.0000
0.0000
0.0000
0.0000
2.7353
0.0467
0.0000
0.0000
0.0000
0.0000
0.0000
0.6933
1.5502
0.7638
1.0724
0.0000
0.0000
1.9915
0.0000
0.0000
0.0000
0.0000
1.1161
0.0000
1.1196
0.0000
0.0000
4.3374
0.0000
0.0000
0.9028
0.0000
0.0000
0.0000
1.0931
0.0000
0.0000
0.0000
0.0000
0.7928
1.4647
0.0000
0.0000
0.6087
1.6375
0.0000
3.7884
2.4816
0.0000
0.0000
0.2849
0.0000
0.1086
0.0000
1.6247
0.0000
0.6669
0.0000
0.0000
1.2581
0.0000
0.0000
0.0000
0.0000
0.2243
0.0702
0.0000
0.6951
0.0000
0.0000
2.3333
0.0000
0.0000
0.0000
0.0000
0.0000
0.0000
0.0000
0.0000
0.0000
0.6897
0.2253
0.0000
0.0000
0.0000
0.0000
0.0000
0.3170
0.0000
0.4523
0.0000
0.0000
1.5591
0.0000
0.2352
0.0000
0.0000
0.0000
0.0000
1.0639
2.0467
0.0000
0.0000
0.0000
0.0000
0.0000
0.0000
1.2069
4.3437
0.0000
0.0000
0.0000
0.1411
1.7252
0.0000
0.0000
0.0000
0.0000
0.0000
0.0000
0.0000
0.0000
0.0000
0.0000
0.0000
1.1383
0.0000
3.5835
0.0000
0.0000
0.4623
0.0000
0.0000
1.4484
0.0000
0.0000
0.0000
0.0000
4.5839
1.7346
0.0000
0.0000
0.0000
0.0000
0.0000
0.1516
3.3759
0.5043
0.0000
1.3252
2.2021
0.0000
0.0000
0.0000
0.0000
0.0000
0.0000
0.0000
0.0000
0.0000
0.0000
8.3341
0.0000
1.2065
0.0000
0.0000
0.0000
0.0000
0.0000
0.0000
0.0000
0.0000
0.8906
0.0000
0.0000
0.0000
0.0763
0.0000
0.0000
0.0522
0.0000
0.6475
0.0746
1.9107
0.0000
0.0000
0.3162
0.7453
0.0000
0.4267
0.0000
2.0413
0.0000
3.1581
2.8028
0.0000
0.0000
0.0000
0.8476
0.0000
0.0000
0.0000
1.6199
0.0000
0.0000
0.0000
0.0000
0.0000
0.0000
0.0000
0.0000
0.0253
0.0000
1.0233
0.5660
0.0000
1.0982
0.0000
0.0000
0.0000
0.0000
0.0000
0.0000
0.5307
3.9329
1.0062
0.0000
0.0000
0.8408
0.5119
1.2900
0.0000
0.0000
0.0000
4.4741
0.0000
0.0000
0.0000
0.0000
0.0000
0.0000
0.0000
0.0000
0.0000
0.0000
0.0000
0.0000
1.3757
0.0000
0.0000
0.0000
0.0000
0.0000
1.2029
0.0000
0.0000
0.0000
3.1464
3.4522
0.0000
2.1385
0.0000
0.0000
0.6535
0.4847
0.0000
0.0000
0.0000
0.0000
0.0000
0.1108
0.0000
0.0000
0.0000
0.0000
0.0000
0.0000
0.0000
2.0978
0.0000
2.5977
0.0000
4.8838
0.0000
0.0000
2.1563
1.3928
0.9451
0.0000
0.9342
0.0000
0.0000
0.3283
0.0000
0.0000
2.7042
0.0000
0.0000
0.0000
0.0000
0.0000
0.5722
0.0000
0.0000
3.3391
0.0000
0.0000
0.0000
0.6484
0.0000
0.0000
2.3009
0.0000
0.0000
0.0000
0.0000
0.0000
0.0000
0.0000
0.0000
2.0622
0.0000
1.9026
0.0000
0.0000
0.0000
0.0000
1.2227
0.0965
0.0000
0.0000
0.0000
0.0000
0.0000
1.9177
0.0000
0.0000
0.0000
0.0000
2.1366
0.0000
0.0000
0.0000
0.0000
0.0000
0.0861
0.0000
0.0000
0.0000
4.9305
0.0000
0.0000
1.9471
0.0000
0.0000
0.3220
1.8466
0.0000
0.0000
0.0000
0.0472
0.0000
0.0000
0.6242
0.0000
0.3626
0.0000
2.0562
2.7325
0.0000
0.0000
0.0000
0.0000
0.0000
1.1723
0.0000
0.0000
0.0000
0.0000
0.0000
0.0000
0.0000
0.0000
0.0000
0.0000
0.0000
0.0000
0.0000
0.0000
0.0000
0.8039
0.0000
0.0000
0.0000
1.3481
0.0000
0.0000
0.0000
6.4964
0.6660
1.3524
1.3214
2.1878
0.0000
0.0000
0.0000
0.0000
0.0000
0.0000
0.0000
0.0000
2.4608
0.0000
0.0000
0.0000
0.0000
0.0000
0.0000
0.0000
0.0000
0.0000
0.0000
0.0000
0.0000
0.0000
1.7504
0.0000
0.0000
0.0000
4.6061
0.0000
0.0000
0.0000
0.3466
0.0000
0.0000
0.0000
0.0000
0.0000
0.0000
0.0000
0.0000
0.5562
0.0000
0.0000
0.0000
0.0000
0.0000
0.0000
0.0000
0.0000
0.0000
0.1484
0.0000
0.0000
0.0000
0.0000
0.0000
0.6557
0.0000
0.0000
0.0000
0.0000
0.0000
2.2372
0.0000
0.0000
1.2642
0.0000
2.6609
0.0000
0.0000
0.2331
0.0000
0.0000
0.0000
0.0000
0.0000
2.6578
0.0000
0.5532
0.0000
0.0000
0.0000
0.6099
2.1161
0.0000
0.7033
0.0000
0.0000
0.0000
2.3058
1.1701
2.2871
0.0000
0.0000
0.0000
0.0000
0.2583
0.0000
3.6696
0.7347
0.1083
0.0103
0.0000
0.0000
0.0000
0.0000
0.0000
0.0000
0.0000
0.9664
0.0000
0.0000
0.0000
0.0000
0.0000
0.5582
0.0000
0.0000
0.6868
2.0263
0.0000
2.3569
0.0000
0.0000
0.0000
1.6555
0.9448
0.7054
0.0000
1.0635
0.0000
0.0000
0.0000
0.0000
0.1816
0.0000
0.0000
0.0000
0.0000
2.2417
0.0547
0.0000
0.0000
0.0000
0.0000
0.2026
0.0000
0.0000
0.0000
0.1946
0.0000
0.0000
0.0000
0.0000
0.0000
3.9367
0.0000
0.0000
0.0000
0.0000
0.0000
0.0000
0.9077
0.0000
0.0000
0.0000
2.2811
0.0000
0.0000
0.7925
0.0000
0.5719
0.0000
0.0000
0.0000
0.0000
0.0000
0.0000
0.0000
0.3049
0.0000
0.0000
0.0000
0.0000
0.0000
0.0000
0.0000
0.0000
0.0000
0.0000
0.0017
0.0000
0.9620
0.0000
5.7805
0.0000
0.0000
0.0000
0.0000
0.0000
0.0000
0.0000
0.4326
0.0000
0.0000
0.0000
0.0000
0.0000
0.0000
0.0000
0.0000
0.0000
0.0000
0.6683
0.0000
1.7345
0.0000
0.0000
2.4069
0.0000
0.0000
0.0000
0.0000
1.8879
0.4472
0.0000
0.0000
0.9937
1.1581
0.3684
0.0000
0.0000
0.0000
0.0000
0.0000
0.0000
0.0000
3.2547
0.0000
1.6163
0.0000
0.0000
0.0000
1.4159
0.3995
0.3093
0.0000
1.6999
2.3844
0.0000
0.0000
0.1251
0.4051
0.0000
0.0000
0.0000
0.1001
0.0000
0.0000
0.0000
1.4865
0.0000
1.6747
1.9813
1.3742
0.0000
0.0000
0.0000
1.5960
1.6043
0.0000
0.0000
0.0000
0.0000
0.0000
0.0000
4.3588
1.2428
0.0000
0.0000
0.0000
0.0000
1.1277
0.0000
0.2437
1.0285
0.0000
0.0000
0.0000
0.0000
0.0000
4.8069
0.0000
0.0000
0.0000
0.0000
3.7077
1.7587
0.0000
0.0000
0.0000
0.0000
0.0000
1.8750
0.0000
0.0000
3.1684
0.0000
0.0000
0.0000
0.0000
0.0000
0.1765
1.4323
0.0000
0.0000
0.0000
0.7810
1.4714
0.0000
0.0000
0.0000
0.0000
0.0000
0.0000
3.6972
0.0000
3.3738
0.0000
0.0000
1.7259
0.0000
0.0000
0.0000
0.0000
0.6010
0.0000
4.4984
0.0000
0.0000
0.0000
0.0000
0.0000
0.0000
0.0000
0.0000
0.9896
0.0000
0.4576
0.0000
0.0000
0.0000
0.0000
0.5984
7.1809
0.0000
0.0000
0.0000
0.0000
0.8532
0.0000
0.0000
0.0000
0.0000
0.5722
1.7385
0.0000
1.4136
1.3131
0.0000
0.0000
0.0000
0.0000
0.0000
1.0306
3.2035
0.0000
0.0000
0.0000
0.0000
0.0000
0.0000
0.0000
3.8266
0.0000
0.0000
0.0000
0.0000
0.0000
0.0000
0.0000
0.0000
0.0000
0.4188
0.5671
0.0000
0.0000
0.0000
0.0000
4.3580
0.0000
0.0000
0.0000
0.0000
0.0000
0.0000
0.0000
0.0000
0.0000
0.0000
3.5219
0.0000
0.0000
0.0000
0.0000
0.0000
0.0000
0.0000
0.0000
0.2760
0.0000
2.1894
1.8602
0.4698
0.9118
1.1511
0.0000
2.4092
0.0000
0.0000
0.0000
0.0000
0.0000
0.0000
0.0000
0.0000
0.0000
0.6675
0.0000
0.0000
0.0000
0.0000
0.0000
0.0000
0.0000
0.0000
0.0000
0.0000
0.0000
0.0000
3.4887
0.0000
0.3222
0.0000
0.0000
0.0000
2.0021
0.0000
0.0000
0.0000
0.1797
0.0000
0.0000
3.4279
1.7447
4.1884
0.0000
0.5692
0.0000
0.0000
0.8563
0.0000
1.4356
0.0000
0.0000
0.0000
0.7758
1.4251
0.1681
0.0000
0.0000
0.0000
0.0000
2.9729
0.0000
0.0000
0.0000
0.0000
0.0000
0.0000
0.0000
0.0000
2.2325
0.0000
0.0000
0.0029
2.9748
1.0990
0.0000
0.1055
0.0000
1.1997
0.9215
0.0000
0.0000
0.0000
0.0000
2.9434
0.9975
0.0000
0.0000
3.9032
0.1125
2.0551
1.4963
0.0000
0.0000
0.0524
0.0000
3.4655
0.0000
0.4315
0.0000
0.0000
0.0000
0.6916
3.9376
0.0000
0.0000
0.0000
0.6216
0.0000
0.0000
2.2598
0.0000
0.0000
0.0000
0.7293
3.6483
0.0000
0.0000
0.0000
2.0225
0.0000
0.1139
0.0000
0.0000
0.0000
0.0000
0.0000
0.0000
0.0000
0.0000
1.3758
0.0000
0.0000
0.0000
2.0834
0.0000
0.0000
4.7003
0.0000
0.0000
0.0000
0.0000
0.0000
0.0000
0.0000
0.0000
0.0000
0.7927
0.0000
3.7778
0.0000
0.0000
0.0000
0.0000
0.0000
1.9852
0.0000
0.0000
0.0000
0.0000
0.0000
0.0000
0.0000
0.0000
3.0814
0.0000
0.0000
0.0000
0.0000
0.0000
0.0000
2.1106
0.4371
0.6769
0.0000
0.0000
0.0000
0.0000
0.0000
0.0000
0.0000
0.0000
0.0000
0.0000
0.5148
0.0000
0.0000
2.5507
0.0000
0.0000
0.0000
0.0000
0.0000
0.0000
3.5611
0.6052
0.0000
0.0000
0.0000
0.0000
0.0000
2.9896
0.0000
0.0000
0.0000
0.0000
1.6502
0.0000
0.2846
0.0000
2.1921
1.2345
0.0000
0.0000
0.0000
0.0000
3.1854
0.0000
0.0000
0.0000
0.0000
0.0000
3.3459
0.0000
0.0000
3.8331
0.0000
0.0000
0.0000
0.0000
0.9833
0.0000
0.0000
1.5581
0.0000
0.0000
2.3904
2.9342
0.0000
0.0000
2.0448
0.0000
1.3546
0.0000
0.0000
1.6431
0.0000
0.0000
0.0000
0.0000
2.9580
0.0000
0.0000
0.0000
0.0000
0.0000
0.0000
0.0000
0.0000
0.0000
1.6976
0.0000
0.0000
0.0000
0.0000
0.9879
0.8068
0.0000
0.0000
0.0000
0.0000
0.0000
0.0000
0.0000
0.0928
0.0000
0.0000
0.0000
0.0000
0.0000
0.0888
0.0000
0.0000
0.5098
0.0000
1.2440
0.0000
0.0000
0.0000
2.1818
0.0000
0.0186
0.0000
0.0000
0.0000
0.0000
0.2571
0.0000
0.0000
0.0000
0.0000
0.1608
1.5551
0.0000
0.8817
0.0000
0.0000
2.2948
0.0000
0.0000
0.0000
2.8040
2.5162
0.0000
0.0000
0.0000
0.0000
0.0000
0.0000
0.0000
4.4216
0.8301
0.0000
0.5744
4.4075
0.0000
0.0882
0.0000
0.0000
0.0000
0.0000
1.7872
0.0000
0.0000
0.0000
0.0000
0.0000
0.0000
0.0000
0.5101
0.0000
0.0000
0.0000
0.2534
0.2810
0.0000
0.0000
0.0000
0.0440
0.0000
4.6846
0.0000
0.4873
0.0000
0.0000
2.1019
0.0000
0.7486
0.0000
3.7586
0.4293
0.0000
1.1255
0.0000
0.3540
0.0000
0.1686
0.0000
0.0000
1.4608
0.0000
0.0000
0.0000
0.7013
0.0000
0.0000
2.5606
0.0000
0.0000
0.0000
0.6903
0.0000
0.0000
0.0000
0.5172
0.0000
2.5754
0.0000
0.0000
0.0000
3.1028
0.0000
0.0000
0.0000
0.0000
4.3830
0.2937
3.0657
0.0000
0.0988
0.0000
0.0000
0.0000
0.0000
0.0000
0.0000
0.0000
0.5088
3.4092
0.1149
5.1864
0.6748
0.0000
0.4598
0.0000
0.0000
0.0000
0.0000
0.0000
4.1773
0.0000
0.0000
2.5729
0.0000
0.0000
0.0000
2.5483
3.1659
1.8817
0.0000
0.0000
0.0000
0.6077
0.2976
3.6587
0.0000
0.0000
0.0000
1.6745
0.3902
2.8299
0.8316
0.0579
0.0423
0.0000
0.0000
0.0000
1.3207
0.0000
0.0000
0.0000
0.0000
1.6694
0.9142
0.0000
0.0000
0.0000
0.0000
0.0000
1.7590
2.9879
0.0000
0.0000
0.8730
1.9364
0.0000
0.9049
0.0000
0.0000
0.0000
0.0000
0.0000
0.0000
0.0000
0.0000
0.0000
3.7864
0.0000
0.0000
0.0295
0.0000
0.0000
0.0059
0.5414
0.0786
0.0807
0.0000
1.5331
0.7590
0.0000
0.0000
0.0000
0.0000
0.0000
0.0000
0.0000
0.0000
0.9471
1.1710
0.0000
0.9848
0.0000
0.0000
0.0000
3.1776
0.0000
0.0000
0.0000
2.2575
0.0000
0.0000
0.0000
0.0000
1.3762
0.0000
0.0000
1.0137
1.6842
2.9256
1.6052
0.1478
0.0000
0.0000
3.0544
0.0000
0.0000
0.0000
0.0000
0.0000
0.0000
0.0000
0.0000
0.0000
0.5884
0.0000
0.0000
0.5752
0.0000
0.0000
0.0000
0.0000
0.0000
0.0000
0.0000
0.0000
1.3633
0.0000
3.0526
1.6612
0.0000
1.0758
0.0000
0.0000
2.0893
0.0000
0.0000
0.0000
2.6244
0.0000
0.0000
4.8529
0.8530
0.0000
3.9152
0.0280
1.7444
0.9304
0.0000
2.2606
1.3540
0.0000
0.0000
0.0000
0.0000
0.0000
0.0000
0.0000
1.2803
0.7165
0.0000
0.0000
2.0248
0.0000
0.0000
1.9899
0.0000
0.0000
0.0000
0.0000
0.0000
0.0000
