0.3749
0.0000
0.0000
0.0000
0.0000
0.3800
0.0000
0.0000
0.0000
0.9330
0.1071
0.0000
0.0962
0.0000
0.0000
0.0000
0.0000
0.0000
0.2388
0.0000
0.0000
0.0000
2.1508
0.0000
0.9267
1.3070
0.0000
1.2266
0.0000
0.0000
0.0000
0.0000
2.0837
0.0000
1.0221
0.0000
0.0000
0.0000
1.2298
0.0000
0.0000
0.0000
0.0000
0.0000
0.0000
0.0000
0.0000
0.0000
0.9590
0.0150
0.0000
0.0000
0.0000
0.0000
0.0000
0.0000
0.2240
0.0000
0.0000
0.0000
0.0000
2.6115
0.0000
1.1565
0.0000
0.0000
0.0000
0.0000
0.0000
0.0000
0.2481
2.7393
0.0000
0.0000
0.0000
0.0000
0.0000
0.0000
0.0174
0.0000
0.0000
0.0000
0.0000
0.0000
0.0000
0.8755
1.0985
0.9875
1.6870
0.0000
0.4319
0.0000
0.0000
1.5934
0.0000
0.0000
0.0000
0.0000
2.5862
0.0000
0.0000
0.0000
0.2367
0.0000
0.1571
0.0000
0.0000
0.0000
0.9872
3.8006
0.0000
0.0000
0.5221
0.7841
0.0000
0.0000
0.9866
0.0000
0.0000
0.0000
1.1252
0.2744
1.3482
0.5518
0.0544
0.0000
0.6349
0.9625
0.0000
0.1714
0.0000
0.0000
0.0000
0.0000
3.6621
0.0000
1.1231
1.9880
0.0000
2.9884
1.8645
0.0000
0.2934
1.6145
1.8650
0.0000
0.0489
1.1541
0.6321
0.0000
0.0000
1.5515
0.0000
0.7549
0.0000
0.0000
0.0000
0.0000
0.0000
0.0000
2.4539
0.0000
1.1051
0.0000
0.0000
1.1847
0.0000
0.5272
0.0000
2.4616
0.0000
0.0000
0.0000
0.0000
0.0000
0.0000
0.0000
0.4172
0.0000
4.5290
0.8620
3.4998
0.0000
0.0000
0.0000
0.0000
0.0000
0.0000
0.6689
1.2990
0.0000
0.0000
0.0000
0.6774
0.2250
0.0000
0.0000
1.6016
1.6556
2.7674
0.0000
0.0000
0.0000
0.0000
0.3787
0.0000
0.0000
0.0000
0.0000
0.0000
0.0000
0.0000
0.0000
0.0000
0.0000
0.0000
0.0000
0.0000
0.1502
0.0000
0.0000
0.0000
0.0000
0.0000
1.4737
0.0000
0.0000
0.8579
0.0000
0.0000
0.0000
0.0000
0.0000
0.0000
2.9853
0.0000
0.3462
0.0000
2.7187
0.0000
0.0000
0.0000
0.0000
0.0000
0.0000
0.0000
0.0000
0.0000
0.0502
0.0000
0.0000
0.0000
0.0000
0.0000
0.0000
0.4006
0.0000
0.0000
1.1758
0.0000
0.0000
0.9737
0.0000
0.0000
0.0000
0.0000
1.5156
0.0000
0.0000
0.0000
2.3270
0.0000
0.0000
2.2784
0.0869
0.0000
0.0000
0.8307
2.0136
0.0000
0.4445
0.0000
0.0685
0.0000
0.0000
0.0000
0.0000
0.0000
0.0000
0.0000
0.0000
0.0000
0.0000
0.0000
2.5493
0.0000
0.4690
0.0000
0.0000
1.9593
0.0000
0.0000
0.0000
0.7708
1.6128
0.0000
0.0000
0.0000
0.0000
0.0000
0.0000
0.4090
0.0000
0.0000
1.5579
0.0000
0.0000
0.0000
0.0828
0.4234
0.0000
0.2017
0.0000
0.2437
0.0000
1.4024
0.0000
0.2057
0.0000
2.1716
0.0000
0.0000
0.0000
0.0000
0.0000
0.4645
0.0000
0.0000
0.0000
2.4692
0.0000
0.0000
0.0000
0.0000
0.0000
4.1887
0.0000
0.3305
0.0000
0.0000
0.0000
3.1915
0.0000
0.0000
1.0587
3.8896
0.9779
0.0000
0.8194
0.0000
0.0000
0.0000
0.0000
0.0000
0.0000
0.9060
0.0000
0.0000
0.0000
0.0000
0.0000
0.5867
0.0000
0.0000
1.2332
0.0000
0.0000
2.1569
0.0000
0.0000
2.8168
0.0000
0.0000
0.0000
0.0000
0.0000
1.2193
0.0000
0.0000
0.3941
2.9632
0.0000
0.0000
0.0000
0.0000
0.1648
0.2994
0.0000
0.0000
0.0000
0.0000
0.0000
0.0000
0.0000
0.0000
0.0000
0.0000
0.0000
2.4457
0.0000
0.0000
0.0000
0.0000
3.0036
0.0489
0.0000
0.0000
0.0000
0.0000
0.0000
0.0000
0.0000
1.6820
0.0000
0.0000
0.0000
1.4089
0.0000
0.0000
0.0000
0.0000
0.0000
0.0000
0.0000
0.0000
0.0000
0.8176
0.0000
1.3557
0.0000
2.1507
0.0000
0.0000
0.0000
4.3057
1.7810
0.0000
0.0000
2.8087
1.8248
0.0000
0.0000
0.0000
0.0000
0.0000
0.0000
0.0000
1.0299
0.0000
0.0000
0.2512
0.0000
0.2772
0.0000
0.0759
0.0000
0.4384
0.4490
0.0000
0.0000
0.0000
0.7935
0.0000
0.1295
0.0000
2.0532
0.3999
0.0000
0.0000
0.0000
0.0000
0.0000
0.0000
2.1302
1.6204
0.6512
0.0000
1.7445
0.0000
2.2258
0.0000
0.0000
0.0000
0.0000
0.1012
0.5475
0.0000
0.0000
0.2969
0.0000
0.0000
0.0000
2.3205
0.0000
0.8072
0.0000
0.5843
0.0000
0.1033
1.3520
2.7170
0.8422
0.0000
0.0000
0.0000
0.3179
0.0000
0.0000
5.4192
0.0000
1.6562
3.0432
0.0000
0.5672
0.0000
0.0000
0.2361
0.0000
0.0000
0.0000
1.0991
0.3964
1.0981
0.0000
0.0000
0.8711
0.0000
0.1177
1.4125
0.0000
0.0000
0.0000
0.0000
0.0000
0.0000
0.0000
0.0000
0.0000
0.0000
0.0000
0.0000
0.8533
0.0000
0.0000
0.0000
0.0000
0.0982
0.0000
0.4236
0.0000
1.0665
1.4081
0.0000
0.0000
0.9142
1.0735
0.0000
0.0000
0.0000
0.0000
0.0000
0.0000
0.0000
0.0000
0.0000
0.0000
0.0000
0.7834
0.0000
0.0000
0.0000
0.0000
0.0000
0.0000
0.0000
0.0000
0.0000
1.8398
1.9655
0.0000
0.8451
0.1443
0.0000
0.0000
0.0000
0.0000
0.0000
0.0000
2.6627
0.0000
0.0000
1.0796
0.0000
0.0000
0.0000
0.4372
0.4581
0.0000
0.0000
0.0000
0.0000
0.9716
0.0000
2.9603
0.0000
0.4363
1.1450
0.0000
0.0290
0.0000
0.4154
0.0000
0.0000
0.0000
0.0000
0.0000
0.0000
0.0000
0.0000
0.0000
0.0000
0.0000
0.0000
1.0342
2.1455
1.9414
0.0000
0.0000
0.0000
0.0000
0.0000
0.0000
0.0000
0.0000
0.0038
0.0000
0.0000
0.5998
0.0665
0.0000
0.0000
0.3050
3.2211
0.0000
0.0000
0.0000
0.0000
0.0000
0.0000
0.0193
0.0000
2.9752
0.5718
0.0000
0.0000
0.0000
0.3763
0.0000
0.0000
0.0000
0.6266
0.0000
0.0000
0.0000
0.0000
0.8886
0.4264
0.0000
0.0000
0.0000
0.0000
1.0586
0.0000
0.0000
0.0000
2.2981
0.0000
0.0000
0.0000
3.2138
0.5815
0.0000
2.2026
0.0000
1.7779
0.0000
0.0000
0.0000
0.0000
0.0000
1.0478
0.0000
0.4142
0.2336
0.0000
0.1421
0.0000
0.0000
0.4626
0.0698
0.0000
4.3815
0.0000
0.4835
0.0000
0.0000
0.0000
0.3617
0.0000
0.0000
0.0000
0.0000
2.1588
1.7443
0.0000
0.0000
0.0944
0.0000
0.0000
3.3672
0.0000
0.0000
0.0000
1.3806
0.0000
0.0000
0.0000
0.1433
0.0000
2.7332
0.0000
0.0000
0.0000
0.0000
0.0000
0.0000
0.0000
0.0000
1.0066
0.0000
0.0000
0.0000
0.0000
0.0000
0.0000
0.0000
0.0000
0.0000
0.0000
0.0000
0.2886
0.0000
1.8583
0.0000
0.0000
0.6776
0.0000
0.2642
0.0000
0.0000
0.5537
0.0000
0.0000
0.0000
0.0000
0.0000
0.0000
0.0000
2.1472
0.0000
0.0000
0.2053
0.0000
0.0000
0.0000
0.0000
1.1854
0.0017
0.0000
0.0000
0.0000
0.0000
0.2453
2.3538
0.0000
0.0000
0.0000
0.0000
0.0000
0.0000
0.0000
0.0000
3.6447
0.0000
0.0000
0.0000
0.0000
0.0000
0.0000
0.0000
0.4099
0.1099
0.0000
0.6402
0.0000
0.0000
1.1836
0.0000
0.0000
1.2270
0.3737
0.1439
0.0000
0.0000
0.0000
0.0000
0.0000
0.0000
0.0000
0.0000
0.4973
0.0000
0.0000
0.0000
0.0000
0.0000
0.0000
1.1242
0.0000
0.0000
0.0000
0.0000
0.0000
0.0000
0.0000
0.2944
0.0000
0.0000
0.8008
0.0000
0.0000
0.0000
0.0000
0.0000
0.0000
0.0000
0.0000
0.0000
0.0000
0.0000
0.1342
0.7518
0.0000
2.8464
0.0000
0.0000
0.7621
0.0000
0.0000
0.0000
0.0000
0.0000
2.4123
0.0000
0.0000
0.6949
0.0000
1.4323
0.4781
0.0000
0.0000
0.0000
0.0000
0.0000
0.0000
0.0000
0.0000
0.0000
0.0000
0.0000
1.7405
0.0000
0.1361
0.0000
0.0579
0.0000
0.0000
0.3476
0.2553
0.0000
0.0000
0.0000
0.0000
0.0000
0.0000
0.0000
0.0000
0.0000
0.0000
0.8099
0.0000
0.0000
3.3287
0.0000
0.0000
0.0000
0.0000
0.1181
0.0000
0.0000
0.0000
0.0611
2.0791
0.0000
0.0000
1.6596
1.6783
0.0000
0.0000
0.0000
0.0000
0.0000
0.0000
0.5061
0.0000
0.0000
0.0000
0.0000
0.0000
0.0000
0.0000
0.0000
0.0000
0.0000
0.7093
2.1441
0.0000
0.0000
0.0000
6.1343
0.0000
0.4305
0.0000
0.0000
0.0000
0.0000
1.5311
0.0000
0.0000
0.0000
0.0000
0.8985
0.0000
0.6017
0.9416
0.0000
0.0000
0.2048
1.9881
0.0000
0.3501
0.0000
0.5261
0.0000
0.0000
0.0000
0.0000
0.0000
0.0000
0.0000
0.0000
1.7035
0.0000
1.3583
2.6541
0.8564
1.8165
0.0000
0.0000
0.0107
0.1677
0.0000
0.0000
0.0000
0.0000
0.0000
0.0000
0.0000
0.0000
3.0213
0.8826
0.0000
0.0000
0.0000
0.0000
0.2610
0.0000
0.0000
0.0000
3.1152
0.0000
0.8193
0.0000
1.7848
0.0000
0.0000
0.7077
2.1320
0.0000
1.6260
0.0000
0.0000
0.0000
0.0000
0.0000
0.7753
1.6289
0.0000
0.0000
0.2266
1.8458
0.0000
0.0000
0.0000
0.8976
0.0000
0.0000
0.0000
1.6222
0.0000
0.0000
1.4574
0.0000
0.0000
0.0000
0.0000
2.1015
0.0000
0.0000
0.0000
1.1532
0.0000
0.0000
0.0000
0.0000
0.0000
0.0000
0.0000
0.0000
0.0000
3.1153
1.1359
1.7958
0.0000
1.9984
0.0000
0.0000
0.0000
0.0000
0.1826
4.1562
0.0000
0.0000
0.0000
0.0000
0.0000
0.9431
0.0000
0.0000
0.0000
0.0000
0.0000
0.0000
0.0000
0.0000
1.0001
0.0000
1.0644
0.0000
0.0000
0.0000
1.3363
0.0000
0.0000
1.3542
0.0000
0.0000
0.7699
0.0000
0.4613
0.0000
0.0142
0.0000
0.5426
0.8551
0.0000
0.0000
0.0000
0.0000
1.0302
0.0000
0.0000
1.5839
0.0000
0.3733
0.0000
2.1369
0.0000
0.0000
0.5490
0.0000
0.0000
0.0000
0.0000
0.3807
0.0000
0.0000
0.0000
0.0000
0.0000
0.0000
0.0000
0.0000
0.4857
0.0000
0.0000
0.0000
0.0000
0.0000
0.0000
0.0000
0.0000
0.0000
0.0000
1.4783
0.7794
3.2143
0.0000
0.0000
0.0000
0.0000
0.8736
0.0000
0.0000
0.0000
0.0000
1.2964
0.0000
0.0000
0.1975
0.0000
0.0000
0.0000
0.0000
0.0000
0.0000
2.2258
0.0000
0.0000
0.0000
2.8677
0.0000
0.0000
0.0000
2.6207
1.9399
0.0000
0.1009
0.0000
0.0000
0.0000
1.6323
0.0000
0.0000
0.0000
0.0000
0.0000
0.0000
0.6513
0.0000
2.2460
0.0000
0.0000
0.0000
1.4453
0.0000
0.0000
0.0000
0.0000
0.0000
2.7498
0.8319
0.0000
0.0000
0.4560
0.0000
0.0000
0.0000
0.0000
0.0000
1.2063
0.0000
1.3261
0.0000
0.5497
0.0000
0.0000
0.0000
0.0000
0.0000
0.0000
0.0000
0.0000
4.6312
0.0000
0.0000
0.0000
0.0000
0.0000
0.0000
0.0000
0.0000
0.0000
0.0000
0.0000
0.0000
2.0008
0.0000
0.0000
0.0000
0.0000
0.0000
0.0000
0.5078
0.1367
0.0000
0.0000
0.0000
2.6763
0.0000
0.0000
0.0000
2.5735
0.0000
0.0000
0.0000
0.0000
2.8549
0.0000
0.0000
0.0000
0.0000
0.0000
0.8487
0.0000
0.0000
0.0000
0.0000
0.0000
0.0000
0.0000
2.4853
2.9484
0.0000
0.0000
0.9976
0.0000
0.0000
1.5662
0.3719
0.0000
0.0000
1.6164
0.0000
0.0000
0.0000
2.1498
0.0000
0.0000
0.0000
0.0000
0.5969
0.0000
0.0000
0.0000
0.2770
0.1912
0.0000
0.0000
0.0000
0.0000
0.0000
1.2438
0.0000
0.0000
1.9353
0.0000
0.0000
0.0000
0.0000
0.0000
0.0000
0.0000
0.0000
0.6628
1.3237
0.0000
0.0000
0.0815
0.0000
0.0000
0.0000
0.0000
0.0000
1.6353
0.8736
0.0000
0.0000
0.0000
0.0000
0.0000
0.0000
0.0000
1.3366
1.1209
0.7803
0.0000
1.0455
0.0000
0.3981
0.0000
0.0000
0.0000
0.0000
0.0000
0.0000
0.0000
0.0000
0.0000
0.0000
0.0000
0.0000
0.0000
0.0000
0.0000
0.0000
0.0000
0.0000
0.0000
2.0357
0.0000
0.0000
0.0000
0.1395
0.0000
0.0000
0.0000
0.0000
1.5930
3.4321
0.0000
1.3870
0.0000
0.0000
0.0000
0.0000
0.0000
0.0000
0.0423
0.0000
0.0000
0.0000
0.0000
1.0970
0.8992
0.0000
0.0000
0.4940
0.0000
0.0000
1.4962
0.0000
3.8163
0.0000
0.0000
1.0509
0.1235
3.0376
3.2932
3.6788
0.0000
0.1934
0.0000
0.0000
0.0000
0.0000
0.0000
0.9828
0.0000
0.0000
0.0000
0.0000
0.0000
0.0000
0.0000
0.0000
0.0000
0.4384
0.5044
0.0333
0.0000
1.0659
0.0000
0.0000
0.0000
0.0000
0.0000
3.0009
0.0000
0.0000
0.8251
0.7777
0.0000
0.0000
0.1396
0.0000
0.0000
0.0000
0.0000
0.0000
0.0000
0.0000
0.0000
0.0000
0.6706
0.0000
0.4233
2.0257
0.0000
3.2565
0.0000
0.3012
0.0000
0.0000
0.0000
0.0000
0.0000
0.0000
0.0000
0.0000
0.0000
0.0000
1.1753
2.1550
0.0000
0.0000
0.0000
0.2025
0.0000
0.0000
0.0000
0.0000
0.0000
0.0000
0.0493
0.0000
2.3192
0.0000
1.6013
0.0000
0.0000
0.0000
0.0000
0.0000
0.0000
1.7043
4.8501
0.9917
0.0000
1.8339
0.0000
1.1605
0.0000
0.1447
0.0000
0.1327
0.0040
0.0000
0.0000
0.0000
0.0000
0.0000
0.0000
2.1489
0.0000
0.9622
0.0000
0.0000
0.0000
0.0000
0.0000
0.0000
3.0586
0.1071
0.0171
0.0000
0.0000
0.0000
0.2181
1.9362
1.6129
1.0964
0.0000
0.0000
0.0000
0.3559
0.0000
0.0000
1.4201
1.1965
0.0000
0.0000
0.0000
0.0000
0.0000
0.0000
0.0000
0.1865
0.0000
1.0648
0.0000
0.0000
0.0000
0.1488
0.0000
0.0000
0.0000
0.0695
0.0000
0.0000
0.0000
2.8926
0.0000
0.0000
0.0000
0.0000
1.3037
0.0000
0.0000
0.0000
0.5059
0.4707
0.0000
0.7432
0.0000
0.0000
0.0000
0.8691
0.2916
0.0000
0.0000
0.0000
0.0000
0.0000
0.0000
3.5762
0.0000
0.0000
0.0000
0.0000
0.0000
0.0000
0.0000
0.0000
0.0000
0.0000
0.0000
0.0000
0.0000
0.0000
0.0000
0.5585
0.1627
0.0000
1.6686
0.0000
0.0000
0.0000
0.0000
2.7083
0.0000
0.0000
0.6288
2.5244
0.0000
2.9539
0.0000
0.0000
0.2018
0.0000
0.0000
0.0000
0.0000
0.0000
0.0000
0.9637
0.0000
0.1859
0.7223
1.2921
2.0371
0.2166
3.2043
0.0000
0.0000
0.0000
0.0000
1.0092
0.0000
0.0000
0.0000
2.8606
1.3423
0.0000
0.0000
0.0000
0.0000
0.0000
0.0000
0.0000
0.0000
0.0000
0.0000
0.0000
0.0000
0.0000
1.4585
0.0000
0.8989
0.0000
1.4679
0.0000
0.0000
0.0000
0.0000
0.0000
0.0000
0.0000
1.8668
1.9761
0.4621
0.0000
0.0000
0.0000
0.6241
0.3865
2.2221
0.4510
0.0000
0.0000
0.0000
0.0000
0.6944
0.0000
1.0175
0.0000
1.7184
0.8642
0.0000
0.0000
0.0000
1.0828
0.0000
0.0000
0.0000
0.0000
0.0000
0.0000
0.5124
0.0000
0.0000
0.0000
0.0000
0.0000
0.0000
0.0000
0.0000
0.0000
0.0000
0.0000
0.0000
0.0000
0.0000
1.3351
0.0000
1.2273
0.0000
0.0000
0.0000
4.1201
0.0000
0.0000
0.0000
0.0000
0.0000
0.9593
2.4069
2.8527
0.0000
0.5139
0.0000
2.4456
0.0000
0.7592
0.0000
0.0000
0.1681
0.0000
0.0000
0.0000
0.0000
0.0000
0.0000
0.0000
0.9882
1.8618
0.0000
1.2464
0.0000
0.2022
0.0000
0.0000
0.0000
0.0000
0.0000
1.3387
0.0000
1.2895
4.2169
0.0000
0.0000
0.7144
0.8736
0.0000
0.4981
1.8206
0.0000
0.0000
0.4984
0.0000
1.3660
1.8636
0.0000
2.4428
0.9451
0.0000
0.2263
0.0000
0.0000
0.0000
0.0000
0.0000
1.5504
1.3526
3.9519
0.0000
0.0000
2.4218
0.0000
1.9416
0.0000
0.0000
0.0000
0.0000
0.0000
0.0000
0.0000
0.2325
0.0000
0.0000
0.8659
0.0000
2.2730
0.0000
0.5427
0.0000
0.1606
0.0000
0.0000
0.0000
0.9070
1.9898
0.0000
0.0274
0.2230
0.0000
0.0000
3.0571
0.0000
0.0000
0.0000
0.0000
0.3807
0.0000
0.0000
0.0000
0.0000
0.0000
0.0000
0.0000
0.0000
1.4323
0.0000
0.0000
0.0000
0.0000
2.3401
0.0000
4.9951
1.6722
0.2310
0.0000
0.0000
0.0000
0.0000
0.0000
0.0000
1.3454
0.0000
1.5926
0.0000
0.0000
0.0000
0.0000
1.0327
0.0000
0.0026
0.0000
0.0000
0.0000
0.0000
0.0000
0.5400
0.0000
0.0000
1.1308
0.0000
0.0000
0.0000
0.0000
0.9860
0.0000
0.0000
0.0000
0.0000
0.3348
0.0000
1.0186
0.0000
0.0000
0.0000
0.5253
0.0000
0.6434
0.0000
0.0000
0.0000
0.0000
0.3076
0.0000
0.4027
0.0000
0.6021
0.0000
0.0000
0.0000
0.0000
0.0000
0.0000
0.0000
0.5500
0.7435
0.0000
0.0000
0.0000
0.0000
0.0000
3.6933
0.0000
0.0000
0.0000
0.0000
0.0000
0.0000
2.2325
2.1986
0.0000
0.0000
0.0000
0.0000
0.0000
0.6391
0.0000
0.8595
0.0000
1.4296
0.0000
0.0000
0.0093
0.0000
1.1201
2.2441
0.0000
1.0582
2.0232
0.0000
0.0000
0.0000
4.6829
0.0000
1.0945
0.0000
0.0000
0.0000
0.0000
0.0000
0.9189
0.0000
1.2280
0.0000
0.6478
0.4950
0.0000
0.0000
0.0000
0.0105
0.0000
0.0000
0.0000
2.6563
0.0000
0.0000
1.0548
2.9561
1.4824
0.0000
0.3125
0.0000
0.0000
0.0000
0.0000
0.0000
4.0441
0.0000
0.0000
2.3070
1.7688
0.0000
0.0000
3.0485
0.0000
0.0000
0.0000
0.0000
1.5026
0.0000
0.0000
0.0000
0.0000
0.0000
0.0000
0.0000
0.0000
0.0000
0.0000
1.3101
0.0000
0.4695
0.0000
0.0000
0.0000
0.0000
1.2954
0.0000
0.0000
0.0000
1.4569
1.3623
0.0000
0.0000
0.0000
0.0000
0.0000
1.2548
1.0743
0.0000
0.0000
0.8162
0.0000
2.6692
0.1735
0.7076
0.0000
0.0000
0.0000
0.0000
1.9219
0.0000
0.0000
0.0000
0.0000
0.0000
0.0000
0.0000
0.0000
0.0000
0.0000
0.0000
0.0000
1.0051
0.0000
0.0000
0.7739
1.4137
0.0000
2.9933
0.0000
0.0000
0.0000
0.3714
0.0000
2.8910
0.0000
0.0000
0.4883
1.4178
0.0000
0.0000
0.0000
0.8661
0.0000
0.0000
0.9366
0.0000
0.0000
0.0000
0.0000
0.0000
0.0000
0.0000
4.0438
0.0000
0.0814
0.0000
0.0000
0.0000
0.0164
0.0000
2.0167
0.0000
0.0000
0.0000
0.0000
0.0000
0.0000
0.0000
0.0000
0.0000
0.0000
0.0000
0.0000
1.6174
0.0000
0.0000
0.0000
0.0000
0.8524
0.0000
0.0000
0.0000
0.0000
0.2065
0.0000
0.0292
0.0000
0.0000
0.1591
3.4097
0.0000
2.4515
0.0000
1.6301
0.0000
0.0000
0.0000
0.0000
0.0000
1.2053
0.0000
0.0000
0.0000
0.9572
0.0000
2.4017
0.0000
1.4432
0.0000
0.0000
0.0000
0.7437
0.0000
0.0000
2.2460
0.0000
0.3637
0.0000
0.0000
0.0000
0.1025
1.7066
0.0000
0.0000
0.0000
0.0000
0.1526
0.0000
0.0000
0.0000
0.0000
0.0000
0.0000
0.0000
0.0000
0.0000
0.0000
2.7143
1.6216
0.0000
0.0000
0.0000
0.5287
0.0000
0.0000
0.0000
0.0000
0.5580
4.2459
1.2397
0.0000
0.0000
0.0000
0.4090
0.0000
0.0000
0.0000
0.0000
0.0000
0.0000
0.0000
0.0000
0.0000
0.0000
0.0000
0.0000
2.6390
0.0000
0.0000
0.5048
0.0000
0.0000
0.0000
0.0000
0.0000
0.0000
0.0000
2.0981
0.0000
0.0000
0.3710
0.9785
0.0000
0.0000
0.0000
0.0000
0.0000
1.5219
0.0000
0.0000
0.0000
0.0000
0.0000
0.0000
0.0000
0.0000
0.0000
0.0000
1.1664
0.3850
0.0000
0.0000
0.0000
0.0000
2.6280
0.0000
0.0000
0.0000
0.5320
0.0000
0.0000
1.9884
0.0000
0.0000
0.0000
2.2447
1.4394
0.0000
0.0000
0.0000
0.0000
2.6176
0.0000
0.0000
0.0000
0.7141
0.0000
0.0000
0.9274
0.0000
1.4094
0.0000
0.0000
0.3005
0.0000
0.0000
0.0000
0.0000
0.5848
0.0000
0.0000
0.0000
0.0000
0.0000
0.0000
0.0000
0.9081
0.0000
0.0000
0.0000
0.0000
0.0000
0.0000
0.0000
0.0000
0.0000
1.0985
0.0000
0.0000
2.1026
0.0000
0.0000
1.0579
0.0000
1.1272
0.0000
0.0000
0.5336
0.0000
0.0000
0.0000
0.0000
0.0000
0.0971
0.6718
0.0000
0.0000
0.8142
0.0000
0.0000
0.0000
1.4606
0.0000
0.0000
0.0000
0.0000
0.0000
0.2774
0.0000
0.0000
0.0000
0.0000
0.0000
0.0000
0.8075
0.0000
0.0000
0.0000
1.1009
0.0000
0.0000
0.0000
0.2838
0.0000
0.0000
0.0000
0.0000
1.4597
0.0000
0.0000
0.0000
0.0000
2.2767
6.4313
0.0000
0.0000
1.6203
0.0000
0.0000
0.0000
0.0000
0.0000
0.0000
0.0000
0.0000
0.0000
0.0000
0.0000
0.0000
0.0000
0.0000
0.0000
0.0000
0.0000
1.3904
0.0000
0.0000
0.5979
0.4566
0.0000
0.6296
0.0000
0.0000
0.0000
0.0000
0.3286
2.1690
0.0000
0.0000
0.0000
2.1593
0.0000
0.9477
0.0000
2.5388
0.0000
0.0000
1.5208
0.0000
0.0000
0.0000
0.0000
0.0000
1.2527
1.3142
0.0000
2.7218
0.0000
0.0000
0.0000
0.0000
0.0000
0.0000
0.0000
0.0000
0.0000
0.0000
0.0000
2.6915
0.3525
1.1065
0.0000
0.0000
0.9432
0.0000
0.0000
0.0000
0.0000
0.0201
1.5823
0.0000
0.0000
0.0000
0.0000
0.0000
0.0000
0.1001
2.7698
0.0000
0.3346
1.8875
0.0000
0.0000
0.0000
0.0000
0.4192
0.0000
0.0000
0.0000
0.0000
0.5500
0.0000
0.0000
1.2498
0.5955
0.0000
0.0000
0.0000
0.0000
0.0587
0.0000
0.0000
0.7377
0.0000
0.0000
0.0000
0.0000
0.0000
0.0000
1.3481
0.0000
1.2621
0.0000
0.0000
0.0000
1.4276
0.5484
0.8865
0.0000
1.9565
0.0000
0.0000
0.0000
0.0000
0.0000
0.0883
0.0000
0.0000
3.3391
2.0923
0.0000
0.0000
0.0000
3.5728
0.0000
0.0000
0.0000
0.0000
0.0000
0.0000
0.0000
0.0000
0.0000
0.0000
0.0000
0.0000
0.0000
0.0000
0.0000
0.0000
0.0000
0.0000
1.7431
0.0000
0.0000
0.0000
0.0000
0.0000
0.0000
0.0000
0.3857
0.0000
1.7636
0.0000
0.0000
0.0000
4.0120
0.0000
0.0601
0.0000
0.0000
0.0000
0.0000
0.2708
3.0902
1.1965
0.3915
0.1050
0.0000
0.0000
0.0000
0.0000
0.0000
0.0000
0.0000
0.0000
0.0000
0.0000
0.0000
0.0000
1.6399
0.0000
0.0355
0.0000
0.0000
0.2697
0.0000
0.0000
0.0000
0.0000
0.0000
1.3558
0.0000
0.0000
1.1949
0.0000
0.0000
0.0000
0.0000
0.0000
0.0000
0.3867
0.0000
2.1658
0.0000
0.0000
1.2986
0.0000
0.5907
0.0000
0.0000
1.8827
0.0000
0.0000
0.0000
0.0000
0.0000
0.0000
0.0000
0.1293
0.0000
1.9904
0.0000
0.0000
3.5315
0.0000
2.8663
0.0000
0.0000
0.0000
0.0000
0.0000
1.7503
1.5476
1.6038
1.8302
0.0000
6.5095
0.0000
0.0000
0.0000
0.0000
1.6083
0.0000
1.9841
0.0000
0.0000
0.0000
0.0000
0.0000
2.3159
0.0000
0.0000
2.7137
0.0000
0.0000
0.0000
1.2622
0.0000
0.0000
0.0000
3.4180
0.0000
0.0000
0.0000
0.0000
0.8035
1.0046
0.0000
0.0000
0.0000
0.0000
0.0000
0.0000
2.1599
1.0258
3.6095
0.0000
0.0057
3.0090
1.0315
0.0000
0.0000
0.0000
0.0000
0.0000
1.1949
0.0000
0.0000
1.2735
0.0000
0.0000
0.0000
0.0000
1.3625
0.0000
0.0000
1.9105
0.0000
0.0000
0.0000
1.3516
0.1048
0.7496
1.6082
0.0000
0.0000
1.4302
0.0000
1.6454
0.0000
0.0000
2.6962
0.0000
1.3754
0.0000
0.0000
0.0000
2.8619
0.0000
0.0000
0.0000
0.0000
0.0000
0.9821
0.0000
0.0000
0.0000
1.6383
0.5592
0.2202
0.0000
0.0000
0.0000
0.0000
0.0000
0.0000
0.0000
0.0000
0.0000
0.0000
0.0000
0.0000
0.0000
0.0000
0.0355
1.4798
0.0000
0.0000
0.5309
0.0000
0.0000
0.0000
1.3759
0.4779
1.1506
0.8110
0.0303
0.0000
1.1118
0.0000
0.0000
0.3594
0.0000
0.1207
0.0000
1.0098
0.0000
0.0000
5.1394
0.0000
0.0000
2.1007
0.0000
0.0000
0.0000
0.0000
0.0000
0.0000
0.0000
0.0000
0.7749
0.7679
0.0000
0.0000
0.0000
1.5742
0.0000
1.7811
1.9118
0.0000
0.0000
0.0000
0.0000
1.7325
0.0000
1.7046
0.0000
1.8286
0.3515
0.0000
1.5652
0.0000
0.0000
0.0000
0.0000
0.0000
0.6444
1.2470
1.2658
0.0000
0.0000
2.0531
0.0000
0.0000
0.0000
0.0000
0.0000
0.2566
0.0000
0.0000
0.0000
0.9385
0.0000
0.0000
0.6874
0.0000
0.0000
0.0000
0.0000
1.5731
0.6967
0.0000
0.0000
2.6864
0.0000
0.6138
0.0000
0.0000
0.0000
0.0000
0.0000
0.9921
0.0000
0.0000
0.0000
0.0000
0.0000
0.0000
1.2783
2.9910
0.0000
0.0000
0.0000
1.5038
3.0410
0.0000
0.0000
0.0000
0.0000
0.0000
0.0000
0.0000
0.0000
0.0000
0.0000
0.0000
0.0000
0.0000
1.7958
0.0000
0.0000
1.8025
0.0000
0.0000
0.0414
0.0000
0.0000
0.0000
0.0000
3.4121
2.0984
0.0000
0.0000
1.0226
0.0000
0.0000
0.0000
1.8225
0.0000
0.0000
3.0395
5.5951
0.9954
0.0000
0.0000
0.0000
0.0000
0.0000
0.0853
1.7010
0.0000
0.0000
5.9837
0.0000
0.0000
0.0000
0.2692
0.0000
0.0000
0.0000
0.0000
0.0000
0.0000
1.1974
0.0000
0.0000
0.0000
0.0000
0.4998
0.0000
0.0000
0.0000
0.2324
0.0000
0.0000
0.0000
0.0000
1.1017
1.6099
0.0000
0.0000
0.0000
0.0000
0.0000
0.7041
2.1628
0.0000
0.0000
0.0000
0.0000
0.0000
0.0000
0.0000
0.0000
0.0000
0.0000
0.0000
0.0000
0.0000
0.0000
0.0000
0.0000
2.5093
0.0000
3.1097
0.0000
0.0000
0.8918
0.0000
0.0000
0.0000
0.0000
0.0000
0.0000
0.0000
3.4867
1.0888
0.0000
0.0000
2.0982
0.0000
0.0000
0.0000
0.0000
0.0000
1.8535
0.0000
0.0000
0.0000
0.0000
0.0000
0.0000
0.0000
0.0000
0.0000
0.0000
0.7866
0.0000
0.0000
0.0000
0.0000
0.0797
0.0000
0.0000
0.0000
0.1055
0.0000
0.0000
0.5189
1.0669
0.0000
1.8961
0.3966
1.0230
1.4429
1.9792
0.0000
0.0000
0.7800
0.0000
0.8881
0.1139
0.0000
0.0000
0.0000
0.0000
0.0000
0.0000
0.0000
1.6314
0.0000
2.0036
0.0000
1.9460
0.3575
0.0000
0.3406
1.1988
0.3616
0.0000
0.0000
0.0000
0.0000
0.8142
1.0681
0.0000
0.4649
0.0000
0.0000
1.8946
0.0000
0.0000
1.0362
0.0000
0.0000
3.7613
0.0000
0.2216
0.0000
0.0000
0.0000
0.0000
2.8116
0.0000
0.0000
0.0000
0.0000
0.0000
1.8224
0.0000
0.0000
0.0000
0.0000
0.0000
0.0000
0.0000
0.0000
0.0000
0.2386
0.1948
0.0000
0.0000
0.0000
0.0000
0.9289
0.1173
0.0000
0.0000
0.5912
0.0000
0.8384
0.2407
0.0000
0.0000
0.0000
0.0000
0.0000
0.0000
0.0000
0.0000
3.5479
0.0000
0.0000
2.6213
0.0000
0.0000
0.8760
1.0971
0.0000
0.0000
0.0000
1.5796
0.0000
0.0000
0.8099
0.0000
0.0000
0.0000
1.2437
0.0000
0.0000
0.0000
0.0000
0.0000
0.0000
0.5729
0.0000
0.0000
0.0000
0.0000
0.0000
0.5678
0.0000
0.0000
0.0000
0.0000
1.1083
0.0000
0.0256
0.0000
0.0000
0.9613
0.0000
0.0000
0.0000
2.5245
0.0000
0.9736
0.0000
5.8113
0.0000
0.0000
0.3765
1.2866
0.0000
0.0000
0.0000
0.7756
0.0000
0.0000
0.0000
0.0000
0.0000
0.0000
0.0000
0.0000
0.0000
0.0000
0.0000
0.0000
0.0000
0.0000
0.0000
0.0000
0.0000
0.0000
2.9294
0.0000
0.0000
0.0000
2.3351
0.0000
0.2422
0.0000
0.0000
0.0000
0.0000
0.0000
0.0000
0.0000
0.0000
0.0000
0.0000
0.0142
0.0000
0.0000
0.0000
0.0000
0.0000
0.0000
0.0000
0.0000
0.0000
0.0000
0.0000
0.0000
0.0000
0.0000
0.0000
0.5400
0.0000
0.0000
0.8088
0.0000
0.0000
0.4621
0.0000
0.0000
0.0000
0.0000
3.3208
0.0000
0.0000
1.7007
0.0000
0.0000
0.0000
0.0000
0.0000
1.7695
0.0000
0.0000
0.0000
0.0000
0.0000
2.4026
2.4332
0.0000
0.3969
0.0000
0.0000
0.0000
1.9911
0.9272
0.5522
0.0000
0.0000
0.0000
0.0000
0.0000
0.0000
2.2210
0.1410
0.0000
0.0000
0.0000
0.0000
0.0000
0.0000
0.0000
0.3929
0.0000
0.0000
0.0000
0.0000
0.0000
0.6204
0.0000
2.6419
0.0000
0.0000
0.1630
1.3981
0.0000
0.6876
0.0000
0.0000
0.0000
0.9608
0.9979
2.5907
0.0000
2.1063
0.0000
0.5213
0.0000
1.1175
0.0707
0.0000
0.0000
0.0000
0.0000
1.5318
0.0000
0.0000
0.0000
0.0000
0.4717
0.0000
0.0000
0.0000
0.0000
0.4724
0.0000
0.0000
0.0000
0.0000
0.0000
2.5301
0.0000
0.0000
0.0000
0.5151
0.0000
0.0000
3.7369
0.0000
0.0000
0.0000
0.0000
0.7864
0.0000
0.0096
0.0000
0.0000
0.0000
0.0000
3.1270
0.0000
0.3381
0.0000
0.0000
0.2484
0.0000
0.0000
0.0000
0.0000
0.0000
0.0000
0.0000
0.0000
0.0216
0.0000
0.5541
0.0000
0.0000
0.0000
3.8885
0.0000
0.0000
0.0000
0.0000
0.0000
0.0000
0.0000
0.0000
0.0000
0.0000
0.0000
0.0000
0.0000
0.0000
0.0000
0.0000
0.2275
2.0997
0.0000
0.0000
1.1685
0.0000
0.0000
2.2474
0.7573
0.0000
0.0000
0.0000
1.3460
2.7521
0.0000
0.0000
0.2030
2.1370
1.4537
0.0000
0.0000
0.0000
0.0000
0.4540
0.0000
0.0000
2.2821
0.0969
1.4258
0.0000
0.8004
0.0000
0.6882
0.0000
0.7786
0.0000
3.4251
1.4938
0.0000
0.0000
2.3068
0.0000
0.8431
0.0000
0.0000
0.0000
0.0000
0.0000
0.0000
1.9808
0.0000
0.3413
4.1681
0.0000
0.0000
0.0000
0.0000
2.5187
2.1101
0.0000
0.0000
0.0000
0.0000
0.0000
0.0000
2.0637
0.0000
0.0000
0.0000
0.0000
0.0000
0.6186
1.8628
0.4815
0.0000
0.0000
0.0000
0.0000
0.0000
0.0470
4.1264
0.0000
0.0000
0.0000
0.0000
4.7132
0.2320
0.0000
0.0000
0.0000
0.0000
0.0000
1.5919
0.0000
0.0000
2.7312
0.0000
0.0000
0.0000
0.0000
0.0000
0.1579
0.0614
0.2857
0.0000
0.0000
1.5031
2.0161
0.0000
0.0000
0.0000
0.0000
0.0000
0.0000
4.0689
0.0000
2.1899
0.0000
0.0000
0.7501
0.0000
0.0000
0.0000
0.0000
0.9821
0.0000
3.2698
0.0000
0.0000
0.0000
0.0000
0.0000
0.0000
0.0000
0.2813
0.8794
0.0000
0.0000
0.0000
0.0000
0.0000
0.2194
2.7413
5.8614
0.0000
0.0000
0.0000
0.0000
0.0000
0.0000
0.0000
0.0000
0.0000
0.0000
1.7971
0.9460
0.6350
2.0534
0.0000
0.0000
0.0000
0.0000
0.0000
0.5456
0.0000
0.0000
0.0000
0.0000
0.0000
0.0000
0.0000
0.0000
5.1691
0.0000
0.0155
0.0000
0.0000
0.0000
0.0000
0.0000
0.0000
0.0000
2.2513
1.6152
0.0000
0.0000
0.4739
0.0000
4.5165
0.0000
0.0435
0.0000
2.2281
0.0000
0.1322
0.0000
0.0000
0.0000
0.0000
2.9104
0.0000
0.0000
0.0000
0.0000
0.0000
0.0000
0.0000
0.0000
0.0000
0.0000
1.2710
2.0710
1.2302
2.7905
0.0000
0.0000
1.8599
0.0000
0.0000
0.0000
0.0000
0.0000
0.0000
0.0000
0.0000
0.0000
0.0000
1.0706
0.0000
0.0000
0.0000
0.0000
0.0000
0.3867
0.4883
0.0000
0.0000
0.0000
0.0000
4.7443
0.0000
0.0000
0.0000
0.0000
0.0000
0.8536
0.0000
0.0000
0.0000
0.0000
0.0000
0.0000
0.0405
0.0000
2.9429
0.0000
0.0000
0.0000
0.0000
0.9178
0.0000
1.5275
0.0000
0.0000
0.0000
0.1802
0.0000
0.0000
0.0000
0.0000
0.0000
0.0000
1.6649
0.0000
0.0000
0.0000
0.0000
0.0000
0.0000
0.0000
0.0000
0.9233
0.0000
0.0996
1.8111
1.6886
2.1216
0.0000
0.0000
0.0000
1.5724
0.1103
0.0000
0.0000
0.0000
0.0000
0.2886
0.2589
0.0000
0.0000
2.4487
0.0000
0.0055
2.3360
0.0000
0.0000
0.0000
0.0000
3.1154
0.0000
0.0000
0.0000
0.0000
0.0000
0.8947
2.1748
0.0000
0.0000
0.0000
0.6757
0.8606
0.0000
0.6865
0.0000
0.0000
0.0000
0.0000
3.5543
0.0000
0.0000
0.0000
0.6335
0.0000
1.4888
0.0000
0.0000
0.0000
0.0000
0.0000
0.0000
0.0000
0.0000
0.5771
0.0000
0.0000
0.0000
0.0309
1.4767
0.0000
3.7288
0.0000
0.0000
0.0000
0.0000
0.0653
0.0000
0.0000
0.0000
0.0000
0.3336
0.0000
1.7636
0.0000
0.0000
0.0000
0.0000
0.0000
2.7413
0.0000
0.0000
0.0000
0.0000
0.0000
0.0000
0.0000
0.0000
1.3757
0.0000
0.0000
0.0000
0.0000
0.0000
0.0000
2.0427
0.0000
0.0000
0.0000
0.0000
0.0000
0.0000
0.0000
0.0000
0.0000
0.2938
0.0000
0.4776
0.9790
0.0000
0.0000
3.4635
0.0000
0.0000
0.2293
0.0000
0.0000
0.0000
2.5747
0.0000
0.0000
0.0000
0.0000
0.0000
0.9041
1.2638
0.0000
0.0000
0.0000
0.0000
0.2292
0.0000
0.0000
0.0000
2.0626
0.0000
0.0000
0.0000
0.0000
0.0000
0.0000
0.0000
0.0000
0.0000
0.0000
0.0000
5.8974
0.0000
0.0000
3.2107
0.7094
0.0000
0.0000
0.0000
0.5327
0.0000
0.0000
0.0000
0.0000
0.0000
0.3810
3.4864
0.0000
0.5334
1.0890
0.0000
0.0000
0.0000
0.0000
1.0960
0.0000
0.0000
0.0000
0.0000
4.4332
0.0000
0.0000
0.0000
0.0000
0.0000
0.0000
0.8965
0.0000
0.0000
0.3752
0.0000
0.0000
0.0000
0.1477
0.0000
2.0355
0.0000
0.0000
0.0000
0.0000
0.0000
0.0000
0.0000
3.5674
0.0000
0.0000
0.0000
0.0000
0.0000
0.0000
0.0000
0.0000
0.0000
0.0000
0.0000
0.0000
0.0000
0.0000
1.2331
0.0000
0.0000
0.0000
0.0000
0.0000
0.0000
1.1538
1.6922
0.0000
0.0000
0.0000
2.4058
0.4022
0.0000
0.0000
0.0000
0.0000
2.3764
0.0000
0.1223
0.0000
4.7646
0.9273
0.0000
0.0000
0.0000
0.0000
0.0000
0.7538
0.0000
1.5218
0.0000
0.0000
0.0000
3.8846
0.0000
0.0000
0.0000
0.0000
0.0000
0.0000
3.1205
0.0000
0.0000
0.0000
0.0000
0.0000
0.7632
0.8717
0.0000
0.0605
0.0000
0.0000
1.1874
0.4856
0.0000
0.0000
0.0000
0.0000
0.0000
3.5084
0.0000
2.5374
0.0000
0.0000
1.0050
0.0000
1.1528
0.0000
2.4622
0.0000
0.1480
1.1994
0.0000
0.4433
0.0000
0.2090
0.0000
0.0000
0.0000
0.0000
0.0000
0.0000
0.0000
0.0000
0.0000
1.5450
0.0000
0.0000
0.0000
0.0504
0.7312
0.0000
0.0000
0.9943
0.0000
2.8476
1.4659
0.0000
0.2180
3.1406
0.0000
0.0000
0.2013
0.0000
5.6471
0.0273
0.8813
0.0000
0.0000
0.0000
0.0000
0.0000
0.0000
0.0000
0.0000
0.0000
0.5795
2.2769
0.0000
3.4043
0.7269
0.0000
2.2468
0.0000
0.0000
0.0000
0.0000
0.0000
3.4797
0.0000
0.0000
1.3952
0.0000
0.0000
0.0000
3.0249
1.6361
0.6733
0.0000
0.0000
0.0000
0.1546
0.0000
0.8191
0.1700
0.0000
0.0000
0.1293
0.7305
1.1560
0.3450
0.0000
0.0000
0.0000
0.0000
0.0000
1.3617
0.0000
0.0000
0.0000
0.0000
0.3143
0.7529
0.3599
0.2040
0.0000
0.0000
0.8630
1.9718
2.0078
0.1221
0.0000
1.4563
2.0252
0.0000
0.7670
0.0000
0.0000
0.0000
0.0000
1.5667
0.0000
0.0000
0.0000
0.0000
3.7968
1.2614
0.2166
0.0000
0.0000
0.1587
0.0000
1.5439
0.0000
0.0000
0.2303
1.6220
1.7914
2.1076
0.0000
0.0000
0.7281
0.0000
0.0000
0.0000
0.0000
0.0000
0.6156
0.0000
0.0000
0.0000
0.0000
0.0000
4.0199
0.0000
0.2481
0.0000
1.0639
0.0000
0.0000
0.0000
0.0000
1.5019
0.0000
0.1298
2.2423
0.0000
4.0989
0.6379
0.0000
0.0000
0.2346
2.0147
0.7704
0.0000
0.0000
0.0000
0.0000
0.0000
0.2966
0.0000
0.0000
0.4384
0.0000
0.0000
0.0000
0.0000
0.0000
0.0000
0.0000
1.3081
0.0000
1.3103
0.0000
1.0953
0.0000
2.1946
1.3676
0.0000
1.8135
0.0000
0.0000
2.1336
0.0000
0.0000
0.0000
0.0000
0.5673
0.0000
5.5581
1.2036
0.0000
5.4702
0.3901
3.0556
0.4914
0.0000
2.2686
0.4457
1.0167
0.0000
0.0000
0.0000
0.0000
0.2676
0.8918
1.4641
1.9444
0.0000
0.0000
0.1953
0.0000
0.0000
1.1885
0.0000
0.0000
0.0000
0.0000
0.0000
0.0000
