0.0000
0.0000
0.0000
0.0000
0.8133
0.0857
0.0000
0.2939
0.0000
1.8247
0.0000
0.0000
0.0000
0.0000
0.0000
0.0000
0.1110
0.0000
0.0000
0.0000
0.0000
0.0000
3.4519
0.0000
1.6830
2.7790
0.0000
1.8832
0.0000
0.0000
0.0000
0.0000
1.7360
0.0000
3.2542
0.0000
0.0000
0.4320
1.1904
0.0000
0.0000
0.0000
0.0000
0.0000
0.0000
0.3664
0.0000
0.0000
0.8206
0.4216
0.0000
0.0000
0.0000
0.1106
0.0000
0.0000
0.0000
0.0000
0.0000
0.0000
0.0000
3.4182
0.0000
0.2220
0.0000
0.0000
0.0000
0.0000
0.0000
0.0000
0.5612
3.9545
0.0000
0.0000
0.0000
0.1618
0.0000
0.0000
0.0000
0.4953
0.0000
0.0000
0.0000
0.0000
0.0000
0.0000
1.4315
1.1066
3.8287
0.0000
0.6501
0.0000
0.0000
2.0378
0.0810
0.0000
0.0000
0.0000
3.6209
0.0000
0.2265
0.0000
0.0000
0.0000
0.0496
0.0000
0.0000
0.0000
1.8637
4.3431
0.2367
0.0000
0.3753
0.8081
0.0000
0.0000
0.1992
0.0000
0.0000
0.0000
2.6055
0.4069
2.2414
0.8663
0.0000
0.0000
0.2371
0.0000
0.0000
0.7200
0.0000
0.0000
0.0000
0.0000
3.6080
0.0000
0.2911
1.8400
0.0000
3.0981
2.3769
0.0000
2.1503
1.2693
2.2517
0.0000
0.1581
0.4600
0.0000
0.0000
0.0803
1.0062
0.0386
0.0000
0.0000
0.0000
0.0000
1.0585
0.9907
0.0000
2.2299
0.0000
0.0000
0.0000
0.0000
1.4977
0.0000
0.1018
0.0000
1.2571
0.0000
0.0000
0.0000
0.0000
0.0000
0.0000
0.0000
0.4201
0.0000
5.5288
1.3740
3.6356
0.0000
0.0000
0.0000
0.0000
0.0000
0.0000
0.7632
1.3673
0.0232
0.0000
0.0000
0.7688
0.1701
0.0000
0.0000
0.9469
2.1334
2.5886
0.0000
0.0000
0.0000
0.0000
0.0000
0.8114
0.0000
0.0000
0.0000
0.0000
0.0000
0.0000
0.0000
0.0000
0.0000
0.0000
0.0000
0.0000
0.0000
0.0000
0.0000
0.0000
0.0000
0.0000
0.0000
0.0000
0.0000
0.9853
0.0000
0.0000
0.0000
0.0000
0.0000
0.0000
1.7644
0.0000
0.5140
0.0000
2.1732
0.0000
0.0000
0.0000
0.0000
0.0000
0.0000
0.0000
0.0000
0.0000
0.0000
0.0000
0.0000
0.0000
0.0000
0.1226
0.0000
0.3256
0.0000
0.0000
0.1290
0.0000
0.0000
1.5521
0.0000
0.0000
0.0000
0.0000
1.5812
0.0000
0.0000
0.0000
3.0161
0.0000
0.0000
2.7781
0.0000
0.0000
0.0000
1.2501
1.4272
0.0000
0.6108
0.0000
0.0000
0.0000
0.0000
0.1145
0.0000
0.0000
0.0000
0.0000
0.0000
0.0000
0.0000
0.0000
1.8212
0.0000
0.0000
0.3465
0.0000
2.1957
0.0000
0.0000
0.0000
0.9928
2.7316
0.0000
0.0409
0.0000
0.0000
0.0000
0.0000
0.5289
0.0000
0.0000
1.5056
0.0000
0.0000
0.0000
0.1319
0.9443
0.0701
1.5900
0.2364
0.0000
0.0000
1.5450
0.0000
0.4618
0.0000
1.8445
0.0000
0.0000
0.0000
0.4733
0.0000
0.5731
0.8660
0.0000
0.0000
1.7998
0.0000
0.0000
0.0000
0.0000
0.0000
6.1302
0.0000
0.0000
0.0000
0.0000
0.0000
4.4865
0.0000
0.0000
1.6330
4.8749
1.7237
0.0000
0.0000
0.0000
0.0000
0.0000
0.0000
0.0000
0.0000
0.0185
0.0000
0.0000
0.0000
0.0000
0.0000
0.8337
0.0000
0.0000
1.5238
0.0000
0.0000
3.5530
0.0000
0.0000
3.9822
0.0000
0.0000
0.0000
0.0000
0.0000
1.5603
0.0000
0.0000
0.9556
2.4037
0.0000
0.0000
0.0000
0.0000
0.2050
0.0000
0.0000
0.0000
0.0000
0.0000
1.4443
0.0000
0.0000
0.0000
0.7940
0.0000
0.0000
3.8407
0.0000
0.0000
0.0000
0.0000
4.4104
0.0000
0.0000
0.0000
0.0000
0.0000
0.0000
0.0000
0.0000
1.0516
0.0000
0.0000
0.0000
0.1700
0.0000
0.0000
0.0000
0.0000
0.0000
0.0000
0.0000
0.0000
0.0000
0.0000
0.0000
1.0808
0.0000
3.2528
0.3937
0.5175
0.0000
3.0035
0.7929
0.0000
0.0000
1.7903
1.4805
0.0000
0.0000
0.0000
0.1528
0.0000
0.8602
0.0000
1.1671
0.0000
0.0000
0.2382
0.0000
0.0000
0.0000
1.0046
0.0000
0.0000
0.0000
0.0000
0.0000
0.0000
0.9498
0.0000
0.1962
0.0000
0.0000
0.8300
0.0000
0.0000
0.0000
0.0000
0.0000
0.0000
2.0196
0.4566
0.6609
0.0000
2.2935
0.0000
2.8059
0.0000
0.0000
0.0000
0.0000
0.0000
0.8591
0.0000
0.0000
0.0000
0.0000
0.0000
0.0000
1.2679
0.0000
1.0989
0.0000
0.0000
0.0000
0.0000
2.2466
2.6389
0.6385
0.0000
0.0883
0.0275
1.2207
0.0000
0.0000
4.9898
0.0000
1.4450
2.6695
0.0000
0.0000
0.0000
0.0000
1.2872
0.0000
0.0000
0.0000
1.4119
0.0000
1.4468
0.0000
0.4931
1.4633
0.0000
0.1945
1.6355
0.0000
0.0000
0.0000
0.0000
0.0000
0.0000
0.0000
0.0000
0.0000
0.0000
0.0000
0.0000
1.0417
0.0000
0.0000
0.0000
0.0000
0.0000
0.0000
0.7208
0.0000
0.0000
0.5647
0.0000
0.0000
0.0000
1.6416
0.0000
0.0000
0.0000
0.0000
0.0000
0.0000
0.0000
0.0000
0.0000
0.0000
0.0000
0.5717
0.0000
0.0000
0.0000
0.0000
0.0000
0.0000
0.0000
0.0000
0.0000
2.8999
1.2011
0.0000
0.2789
0.1348
0.0000
0.0000
0.0000
0.0000
0.0000
0.0000
4.2472
0.0000
0.0000
1.1981
0.0000
0.0000
0.0000
0.0000
0.0000
0.0000
0.0000
0.5402
0.0000
0.1237
0.0000
2.6114
0.0000
0.2546
2.1224
0.0000
0.5679
0.0000
1.8037
0.0000
0.0000
0.0000
0.0000
0.1348
0.0000
0.0000
0.0000
0.0000
0.0000
0.0000
0.0000
1.0476
2.2489
1.9455
0.0000
0.6709
0.0000
0.0000
0.0000
0.0000
0.0000
0.0000
0.0000
0.0000
0.0000
0.0000
1.1221
0.0000
0.0000
0.7666
2.5820
0.0000
0.0000
0.0000
0.0000
0.0000
0.0000
0.1990
0.0000
1.8129
0.6543
0.0000
0.0000
0.0000
0.5023
0.0000
0.0000
0.0000
0.0000
0.0000
0.0000
0.0000
0.0000
1.7663
0.7131
0.0000
0.0000
0.0000
0.0000
0.8672
0.0000
0.0000
0.0000
0.9959
0.0000
0.0000
0.0000
2.1232
0.0000
0.0000
2.4714
0.0000
0.5134
0.0000
0.0000
0.0000
0.0000
0.0000
0.4592
0.0000
0.8054
0.5883
0.0000
0.3751
0.0000
0.0000
0.0536
0.0000
0.0000
4.8234
0.0000
0.7195
0.0000
0.0000
0.0000
0.0000
0.0000
0.0000
0.0000
0.0000
3.1847
0.0000
0.0000
0.0000
0.0000
0.0000
0.8538
1.4169
0.0000
0.0000
0.0000
1.8125
0.0000
0.0000
0.0000
0.1364
0.7350
3.0895
0.0000
0.0000
0.0000
1.4446
0.0000
0.0000
0.0000
0.0000
0.8888
0.0000
0.0000
0.0000
0.0000
0.0000
0.0000
0.0000
0.0000
0.0000
0.0000
0.0000
1.0695
0.0000
0.0110
0.0000
0.0000
1.1685
0.0000
0.1321
0.0000
0.0000
0.1353
0.0000
0.0000
0.0000
0.0000
0.0000
0.0000
0.0000
1.0159
1.5405
0.0000
0.0000
0.0000
0.0000
0.0000
0.0000
1.3078
0.0000
0.0000
0.0000
0.0000
0.0000
0.3360
0.8779
0.0000
0.0000
0.0000
0.0000
0.0000
0.0000
0.0000
0.0000
3.8184
0.0000
0.0000
0.0000
0.0000
0.0000
0.0000
0.0000
0.1610
0.0000
0.0000
0.7868
0.0000
0.0000
0.1043
0.0000
0.0000
0.8217
2.1364
0.0000
0.0000
0.0000
0.0000
0.0000
0.0000
0.0000
0.0000
0.0000
0.0000
0.0000
0.0000
0.0000
0.0000
0.0000
0.0000
1.1639
0.0000
0.0000
0.0000
0.0000
0.0000
0.0000
0.0000
0.0000
0.0000
0.0000
1.3507
0.0000
0.0000
0.0000
0.0000
0.3485
0.0000
0.0000
0.0000
0.0000
0.0000
0.0000
1.1801
0.0000
0.0000
3.0208
0.0000
0.6449
0.0000
0.0000
0.0000
0.0000
0.0000
0.0000
1.4497
0.0000
0.0000
1.4072
0.0000
1.3163
1.2125
0.0000
0.0000
0.0000
0.0000
0.0000
0.0000
0.0000
0.8086
0.0000
0.0000
0.0000
1.0105
0.0000
0.6231
0.0000
0.0000
0.0000
0.0000
1.4377
0.0000
0.0000
0.0000
0.0000
0.0000
0.0000
0.0000
0.0000
0.0000
0.0000
0.0000
0.4235
0.0000
0.0000
3.6569
0.0000
0.0000
0.0000
0.0000
0.0000
0.0000
0.0000
0.0000
0.0000
2.2558
0.0000
0.0000
1.2463
2.5954
0.0000
0.0000
0.0000
0.0000
0.0000
0.0000
0.5331
0.0000
0.0000
0.0000
0.0000
0.0000
0.0000
0.0000
0.0000
0.0000
0.0000
0.9285
0.7705
0.0000
0.0000
0.0000
5.5374
0.0000
0.0000
0.0000
0.0000
0.0000
0.0000
2.8431
0.0000
0.0000
0.0000
0.0000
0.0000
0.0000
0.0000
0.0000
0.0000
0.0000
1.9876
2.2246
0.0000
0.0000
0.0000
0.0000
0.0000
0.0000
0.0000
0.0000
0.0000
0.0000
0.0000
0.0000
0.0000
0.0000
1.5198
1.9086
0.2707
1.7124
0.0000
0.0000
0.0000
0.3019
0.0000
0.0000
0.0000
0.0000
0.0000
0.0000
0.0000
0.0000
4.0021
0.9374
0.0000
0.0000
0.0000
0.0000
0.8113
0.0000
0.0000
0.0000
5.0982
0.0000
0.9533
0.0000
2.8556
0.0000
0.0000
0.0788
2.2186
0.0000
2.5684
0.0000
0.3968
0.0000
0.0000
0.0000
0.0000
1.1763
0.0000
0.0000
0.9367
0.2495
0.0000
0.0000
0.0000
2.2310
0.0000
0.0000
0.0000
1.5583
0.0000
0.0000
2.6681
0.0000
0.0000
0.0000
0.0000
2.2962
0.0000
0.3066
0.0000
0.7717
0.0000
0.0000
0.0000
0.0000
0.0000
0.0000
0.0000
0.0000
0.0000
4.1995
0.6078
0.0000
0.0000
1.8788
0.9381
0.2729
0.1751
0.0000
0.0000
0.9889
0.0000
0.0000
0.1675
0.0000
0.0000
0.5717
0.0000
0.0000
0.0000
0.0000
0.0000
0.0000
0.0000
0.0000
0.2065
0.0000
0.8648
0.0000
0.0000
0.0000
0.9686
0.0000
0.0000
1.3324
0.0000
0.0000
0.0000
0.0000
0.0000
0.0000
0.0000
0.0000
0.8600
0.7658
0.0000
0.0000
0.0000
0.0000
0.0000
0.0000
0.0000
0.2369
0.0000
0.0000
0.0000
0.9337
0.0000
0.0000
0.2437
0.0000
0.0000
0.0000
0.0000
0.2374
0.0000
0.5809
0.0000
0.0000
0.0000
0.0000
0.0000
0.0000
0.0000
0.0000
0.0000
0.0000
0.0000
0.0000
0.0000
0.3808
0.0000
0.0000
0.0000
1.3244
1.3949
3.6833
0.0000
0.0000
0.0000
0.0000
0.0000
0.0000
0.2569
0.0000
0.1562
0.0000
0.0000
0.0000
0.8796
0.0000
0.0000
0.0000
0.0000
0.0000
0.0000
1.2668
0.7686
0.0000
0.1770
4.0774
0.0000
0.0000
0.1086
2.8095
3.2777
0.0000
0.0000
0.0000
0.0000
0.0000
0.9433
0.0000
0.0000
0.0000
0.0000
0.0000
0.0000
1.5262
0.0000
2.3621
0.0000
0.0000
0.0000
1.3456
0.0000
0.0000
0.0000
0.0000
0.0000
2.4454
1.9726
0.0000
0.0000
0.0000
0.0000
0.2731
0.0000
0.0000
0.0000
1.3610
0.0000
0.3625
0.0000
1.0180
0.0000
0.0000
0.0000
0.0000
0.0000
0.0000
0.0000
0.0000
4.2239
0.0000
0.0000
0.0000
0.4574
0.0000
0.0000
0.0000
0.0000
0.0000
0.0000
0.0000
0.0000
2.4022
0.0000
0.0000
0.0000
0.0000
0.0000
0.0000
0.0000
1.0952
0.0000
0.0000
0.0000
1.9948
0.0000
0.0000
0.0000
3.2745
0.0000
0.2971
0.0000
0.1799
2.6260
0.0000
0.0000
0.0000
0.0000
0.0000
0.0000
0.0000
0.0000
0.0000
0.0000
0.0000
0.0000
0.0000
1.1080
3.4758
0.0000
0.0000
0.0000
0.2701
0.0000
2.8680
0.7768
0.0000
0.0000
1.9312
0.0000
0.0000
0.0000
1.1380
0.0000
0.0000
0.0000
0.0000
0.7705
0.2295
0.0000
0.0000
0.6680
0.0991
0.0000
0.0000
0.0000
0.1337
0.0000
2.5224
0.0000
0.0000
1.8261
0.0000
0.0000
0.0000
0.0000
0.0000
0.0000
0.0000
0.0000
0.0000
0.0000
0.0000
0.0000
0.0000
1.3320
0.0000
0.0000
0.0000
0.0000
0.7786
0.0212
0.0000
0.0000
0.0000
0.0000
0.0000
0.0000
0.0000
1.6022
0.5068
0.2458
0.0000
0.0000
0.0000
0.0000
0.0000
0.0000
0.0000
0.0000
0.0000
0.0000
0.0000
0.0000
0.0000
0.0000
0.0000
0.0000
0.0000
0.0000
0.0000
0.0000
0.0000
0.1268
0.0000
1.5692
0.0000
0.0000
1.1570
0.0000
0.0000
0.0000
0.0000
0.0000
1.2251
3.7035
0.0000
0.1247
0.0000
0.0000
0.0000
0.0000
0.0000
0.4548
0.0000
0.0000
0.0000
0.0000
0.0000
0.3581
2.3971
0.0000
0.0000
0.0000
0.0000
0.0000
3.2819
0.0000
3.4402
0.0000
0.0000
1.7003
0.0000
3.1836
2.1542
3.8567
0.0000
0.6645
0.0000
0.0000
0.0000
0.0000
0.0000
1.7319
0.0000
0.0000
0.0000
0.0000
1.0677
0.0000
0.0000
0.0000
0.0000
0.9195
1.0205
0.1854
0.0000
0.2503
0.0000
0.0000
0.0000
0.1210
0.0000
3.7000
0.0000
0.0000
1.5419
0.8730
0.0000
0.6338
0.0000
0.0000
0.0000
0.1238
0.0000
0.0000
0.0000
0.0000
0.0000
0.0000
1.0535
0.0000
0.0000
1.8294
0.0000
4.0207
0.0000
0.4165
0.0000
0.0000
0.0000
0.0000
0.0000
0.0000
0.0000
0.0000
0.0000
0.0000
2.2720
2.2348
0.0000
0.0000
0.0000
0.0029
0.0000
0.0000
0.0000
0.0000
0.0000
0.0000
0.1852
0.0000
2.3091
0.0000
0.9637
0.0000
0.0000
0.0000
0.0000
0.0000
0.0000
2.7675
4.9272
1.3621
0.0000
1.5638
0.0000
0.0000
0.0000
0.0000
0.0000
0.4228
0.0000
0.0000
0.0000
0.0000
0.0000
0.0000
0.6657
3.1799
0.0000
1.0437
0.0000
0.0000
0.0000
0.0000
0.0000
0.0000
3.0450
0.0000
0.0000
0.0000
0.7647
0.0000
1.5407
2.4490
1.8616
2.2242
0.6793
0.0000
0.0000
0.1711
0.0000
0.0000
0.0000
0.0000
0.0000
0.0000
0.0000
0.0000
0.0000
0.0000
0.0000
0.0000
0.0000
1.3134
0.0000
0.0000
0.0000
0.0000
0.0000
0.0000
0.0000
0.0000
0.0000
0.0000
0.0000
2.9468
0.0000
0.0000
0.0000
0.0000
0.3910
0.0000
0.0000
0.0000
0.7395
2.3623
0.0000
1.8586
0.0000
0.0000
0.0000
1.0302
0.2769
0.3701
0.0000
0.0000
0.0000
0.0000
0.0000
3.6353
0.0000
0.0000
0.0000
0.0000
0.0000
0.0000
0.0000
0.0000
0.0000
0.0000
0.6327
0.0000
0.0000
0.0000
0.0000
0.3814
1.4064
0.0000
1.9453
0.0000
0.0000
0.0000
0.0000
3.2624
0.0000
0.0000
0.8294
2.4092
0.0000
2.8885
0.0000
0.0000
0.0000
0.0000
0.0000
0.0000
0.0000
0.0000
0.0000
1.9230
0.0000
0.2581
0.1938
1.8639
2.9219
0.0696
4.2303
0.1597
0.0000
0.0000
0.0000
1.6816
0.0000
0.0000
0.0000
2.6199
2.1185
0.0000
0.0000
0.0000
0.0000
0.0000
0.1028
0.0000
0.0000
0.0000
0.0000
0.0000
0.0000
0.0000
0.9765
0.0000
2.0492
0.0000
1.7729
0.0000
0.0000
0.0481
0.3499
0.4230
0.0000
0.3116
2.5151
1.7843
2.0947
0.0000
0.0000
0.0000
0.0436
0.0000
1.1742
1.3630
0.0000
0.0000
0.0000
0.0000
0.0000
0.0000
1.5600
0.0000
2.2184
0.0000
0.0000
0.0000
0.0000
0.7991
0.0000
0.0000
0.0000
0.0000
0.0000
0.0000
0.2186
0.0000
0.0000
0.0000
0.0000
0.0000
0.0000
0.0000
0.0000
0.0000
0.0000
0.0000
0.0000
0.0941
0.0000
1.0424
0.3247
0.5673
0.0000
0.0000
0.0000
4.5099
0.0000
0.0000
0.0000
0.0000
0.0000
0.7620
2.3356
2.0657
0.0000
1.1539
0.0000
1.5441
0.0000
1.6502
0.1927
0.0000
1.0116
0.0000
0.0000
0.0000
0.0000
0.0000
0.0000
0.0000
1.9072
1.9133
0.0000
2.6321
0.0000
0.3277
0.0000
0.0000
0.0000
0.0000
0.0000
2.0502
0.0000
2.9556
3.9169
0.0000
0.0000
0.2689
0.8218
0.0000
0.5979
2.3365
0.1041
0.0000
0.4071
0.0000
0.4570
0.8668
0.0000
4.1695
0.2991
0.0000
1.4308
0.0000
0.0000
0.0000
0.0000
0.0000
0.5245
1.8048
2.8591
0.0000
0.0000
3.7334
0.0000
1.5854
0.0000
0.0000
0.0000
0.0000
0.0000
0.0000
0.1794
1.0872
0.0000
0.5063
0.0254
0.0000
3.1539
0.0000
0.0000
0.0000
1.0857
0.0000
0.0000
0.0000
1.6637
1.6826
0.0000
0.3976
0.5688
0.0000
0.0000
4.0848
0.0000
0.0000
0.3300
0.0000
0.7167
0.0000
0.0000
0.0000
0.0000
0.0000
0.0000
0.0000
0.0000
1.7132
0.0000
0.0000
0.0000
0.0000
2.5164
0.0000
5.2556
1.6746
0.9361
0.0000
0.0000
0.0000
0.0000
0.0000
0.0000
1.0035
0.0000
0.0000
0.0000
0.0000
0.0000
0.0000
0.1949
0.0000
0.8343
0.0000
0.0000
0.0000
0.0000
0.7306
0.7814
0.0000
0.0000
0.8899
0.0000
0.0000
0.0000
0.0000
1.5192
0.0000
0.0000
0.0000
0.0000
0.0000
0.0000
0.0000
0.0000
0.0000
0.0000
0.0000
0.0000
1.8606
0.0000
0.0000
0.0000
0.0000
0.0120
0.0000
1.1639
0.0000
1.6265
0.0000
0.0000
0.0000
0.0895
0.0000
0.0000
0.0000
0.0000
0.0000
0.0000
0.9957
0.0000
0.0000
0.0000
2.1520
0.0000
0.0000
0.0000
0.0000
0.0000
0.0000
0.1678
2.0397
0.0000
0.0000
0.0000
1.7871
0.0000
0.0000
0.0000
0.0000
0.0000
1.2016
0.0000
0.0000
0.7747
0.0000
1.0122
2.2830
0.0000
1.3419
3.5808
0.0000
0.0000
0.0000
2.9690
0.0000
0.7503
0.0000
0.0000
0.0000
0.0000
0.0000
0.2067
0.0000
1.9870
0.0000
1.2606
0.8897
0.0000
0.0000
0.0000
0.0000
0.0000
0.0000
0.0000
2.1052
0.0000
0.0000
0.9266
3.7791
1.6481
0.0000
0.0000
0.0000
0.0000
2.0146
0.0000
0.0000
4.0667
0.0000
0.0000
3.9166
2.5520
0.0000
0.0000
2.0871
0.0000
0.3893
0.0000
0.0000
2.3981
0.0000
0.0000
0.0000
0.0000
0.0000
0.0000
0.0000
0.0000
0.0000
0.0000
0.2444
0.0000
0.5597
0.0000
0.0000
0.0000
0.0000
0.4656
0.0000
0.0000
0.0000
2.1978
2.1473
0.0000
0.0000
0.0000
0.0000
0.0000
1.1447
1.7151
0.0000
0.0000
0.0000
0.0000
3.5666
0.6967
1.6990
0.0000
0.0000
0.0000
0.0000
2.0403
0.0000
0.0000
0.0000
0.0000
0.0000
0.0000
0.0000
0.0000
0.0000
0.0000
0.0000
0.0000
0.0000
0.0000
0.0000
0.1220
1.9931
0.0000
1.5232
0.0000
0.0000
0.0000
0.0000
0.0000
3.5417
0.0000
0.0000
1.0543
1.6184
0.0000
0.0000
0.1958
1.6537
0.0000
0.0000
0.0000
0.0000
0.0000
0.0000
0.0000
0.0000
0.0000
0.0000
4.8763
0.2753
1.1215
0.0000
0.0000
0.0000
0.0000
0.0000
2.2632
0.0000
0.0000
0.0000
0.0000
0.0000
0.0000
0.0000
0.0000
0.0000
0.0000
0.0000
0.0000
0.4290
0.0000
0.0000
0.0000
0.0000
2.1947
0.0000
0.0000
0.0000
0.0000
0.0000
0.0000
0.9496
0.0000
0.0000
0.0285
4.3634
0.0000
1.4257
1.0389
0.0620
0.0000
0.0000
0.0000
0.0000
0.0000
1.2024
0.0000
0.0000
0.0000
1.4679
0.0000
3.6143
0.0000
1.9213
0.0000
0.0000
0.0000
2.0640
0.0000
0.2716
3.6309
0.0000
1.0674
0.0000
0.0000
0.0000
0.0000
1.5359
0.0000
0.0000
0.0000
0.0000
0.0000
0.0000
0.0000
0.0000
0.0000
0.0000
0.0000
0.0000
0.0000
0.0000
0.0000
3.7026
1.4904
0.7052
0.0000
0.0000
0.8529
0.0000
0.0000
0.0000
0.0000
0.0000
4.2055
1.6450
0.0000
0.0000
0.0000
0.3572
0.0000
0.0000
0.0000
0.0000
0.0000
0.0000
0.0000
0.7506
0.0000
0.9695
0.0000
0.0000
1.5475
0.0000
0.0000
0.0000
0.0000
0.0000
0.1942
0.0000
0.0000
0.0000
0.0000
1.0595
0.0000
0.0000
0.6312
1.1356
0.0000
0.0000
0.0000
0.0000
0.0000
1.3327
0.0000
0.0000
0.0000
0.0000
0.0000
0.0000
0.0000
0.0000
0.0000
0.0000
0.3455
0.9785
0.6522
0.0000
0.0000
0.0084
2.1555
0.0000
0.0000
0.0000
0.4953
0.0000
0.0000
1.0240
0.0000
0.0000
0.0000
1.1675
1.9435
0.0000
0.1763
0.0000
0.0000
1.5542
0.0000
0.0000
0.0000
0.0000
0.0000
0.7418
1.1893
0.0000
1.9414
0.0000
0.0000
0.6464
0.1684
0.0000
0.0000
0.0000
0.0780
0.0000
0.0000
0.0000
0.0000
0.0000
0.0000
0.0000
0.6965
0.0000
0.0000
0.0000
0.0000
0.0000
0.0000
0.0000
0.0000
0.0000
0.4904
0.0000
0.0000
0.0000
0.0000
0.0000
0.5471
0.0000
2.3728
0.0000
0.0000
0.0123
0.0000
0.0000
0.1284
0.0000
0.0000
0.0000
0.0000
0.0000
0.0000
1.6713
0.0000
0.0000
0.0000
1.8206
0.0000
0.0000
0.7438
0.2642
0.0000
0.4693
0.0000
0.0000
0.0000
0.0000
0.0000
0.0000
1.4116
0.0000
0.0000
0.0000
2.4256
0.0000
0.0000
0.0000
0.2538
0.0000
0.0000
0.0000
0.6556
2.1966
0.0000
0.0000
0.0000
0.0000
2.1289
4.8500
0.0000
0.0000
0.4479
0.0000
0.0000
0.0000
0.0000
0.0000
0.0000
0.0000
0.0000
0.0000
0.0000
0.0000
0.0000
0.0000
0.0000
0.0000
0.0000
0.0000
0.0000
0.0000
0.0000
0.0000
0.0000
0.0000
2.4631
0.0000
0.0000
0.0000
0.0000
0.0000
1.8761
0.0000
0.0000
0.0000
1.9069
0.0000
0.2083
0.0000
0.7685
0.0000
0.0000
1.3818
0.0000
0.0000
0.0000
0.0000
0.0000
1.8576
1.2887
0.4527
2.4162
0.0000
0.7848
0.0000
0.1521
0.0000
0.0000
0.0000
0.0000
0.0000
0.0000
0.0000
3.6863
0.0616
0.1661
0.0000
0.0000
0.0000
0.0000
0.0000
0.0000
0.0232
0.0000
1.6058
0.0000
0.0000
0.0000
0.0000
0.0000
0.0000
0.0000
2.4228
0.4541
0.0000
1.7920
0.0000
0.0000
0.0000
0.0000
0.0000
0.0000
0.0000
0.0000
0.0000
0.6410
0.0000
0.0000
1.7112
1.1107
0.0000
0.0000
0.0000
0.0000
0.0000
1.1734
0.0000
1.3102
0.0000
0.0000
0.0000
0.0000
0.0000
0.0000
0.8570
0.0000
2.9081
0.0000
0.0000
0.0000
2.1008
1.6841
0.0000
0.0000
2.3952
0.6883
0.0000
0.0000
0.0000
0.0000
0.9530
0.0000
0.0000
3.4960
1.1782
0.0000
0.0318
0.0000
2.7022
0.0000
0.0000
0.0000
0.6726
0.0000
0.0000
0.0000
0.0000
0.0000
0.0000
0.0000
0.0000
0.0000
0.0000
0.0000
0.0000
0.0000
0.0000
2.0812
0.0000
0.0000
0.0000
0.0000
0.8010
0.0000
0.0000
0.0000
0.0000
2.0678
0.0000
0.0000
0.0000
1.4868
0.0000
0.8485
0.0000
0.0000
0.2448
0.0000
0.4946
1.9277
2.1767
0.0000
0.0000
0.0000
0.0000
0.0000
0.0000
0.0000
0.0000
0.0000
0.4282
0.0000
0.0000
0.0000
0.0000
1.1935
0.0000
1.5889
0.0000
0.0000
0.5004
0.0000
0.0000
0.0000
0.0000
0.0000
1.8137
0.0000
0.0000
0.0000
0.0000
0.0000
0.0000
0.0000
0.0000
0.0000
0.0000
0.0000
2.3821
0.0000
0.0000
1.9561
0.0000
0.0000
0.0000
0.0000
1.3220
0.0000
0.0000
0.0000
0.0000
0.0000
0.0000
0.0000
0.0000
0.5009
2.9644
0.0000
0.0000
1.5838
0.0000
2.3828
0.0000
0.0000
1.5591
0.0000
0.0000
0.6671
0.9756
2.2268
1.9566
0.0000
5.3782
1.3927
0.0000
0.0000
0.0000
2.0544
0.0000
2.9035
0.4518
0.0000
0.0000
0.0000
0.0000
1.6913
0.0000
0.0000
2.2603
0.0000
0.0000
0.0000
2.5302
0.0000
0.0000
0.0000
3.7830
0.4395
0.0000
0.0000
0.0000
0.7725
0.4734
0.0000
0.0000
0.0000
0.0000
0.0000
0.0000
2.0194
2.0261
3.7620
0.0000
0.5639
1.8231
1.4910
0.0000
0.0000
0.0000
0.0000
0.0000
1.1603
0.0000
0.0000
3.5543
0.0000
0.0000
0.0000
0.0000
0.3554
0.0000
0.5967
2.5075
0.0000
0.0000
0.0000
1.8158
0.0000
1.2458
1.2496
0.0000
0.0000
1.1938
0.0000
2.0926
0.0000
0.0000
2.1171
0.0000
0.8900
0.0000
0.0000
0.0000
1.7898
0.0000
0.0000
0.0000
0.0000
0.0000
1.0233
0.0000
0.0000
0.0000
2.3043
0.0000
0.0000
0.0000
0.0000
0.0000
0.0000
0.4150
0.0000
0.0000
0.0000
0.7230
0.0000
0.0000
0.0000
0.0000
0.0000
0.0000
0.5212
0.0000
0.0000
0.3621
0.0000
0.0000
0.0000
1.1064
0.2788
0.9517
0.0000
0.9914
0.0000
1.4671
0.0000
0.0000
0.3662
0.0000
0.0000
0.0000
0.0000
0.0000
0.0000
4.7014
0.0000
0.0000
1.0545
0.0000
0.0000
0.0000
1.0459
0.0000
0.0000
0.0000
0.0000
0.0000
0.0000
0.1747
0.0000
0.0000
2.2465
0.0000
1.3966
2.1612
0.0000
0.0000
0.0000
0.0000
0.0000
0.0000
2.1089
0.0000
0.4176
0.6637
0.0000
1.6592
0.0000
0.5571
0.0000
0.0000
0.0000
0.0000
1.4523
0.0000
0.0000
0.0000
1.4388
0.0000
0.0000
0.0000
0.0781
0.0000
0.0000
0.0000
0.0000
0.0000
0.7995
0.0000
0.0000
0.8717
0.0000
0.0000
0.0000
0.0000
0.0000
0.0000
0.0000
0.0000
1.8575
0.0000
1.2522
0.0000
0.0000
0.0000
0.0000
0.0000
1.4405
0.0000
0.0000
0.0000
0.0000
0.0017
0.0000
1.6809
2.5731
0.0000
0.0000
0.0000
1.5338
3.4855
0.0000
0.0000
0.0000
0.0000
0.0000
0.0000
0.0000
0.0000
0.0000
0.0000
0.0000
0.2857
0.1808
1.8409
0.0000
0.0000
2.9489
0.0000
0.0000
0.7025
0.0000
0.0000
0.0000
0.0000
4.4883
1.7640
0.0000
0.0000
1.5639
0.0000
0.0000
0.2008
2.2317
0.0000
0.0000
3.5523
4.5973
0.0000
0.0000
0.0000
0.0000
0.0000
0.0000
0.0000
0.4924
0.0000
0.0000
4.7967
0.0866
1.6391
0.0000
0.0000
0.0000
0.0000
0.0000
0.0000
0.0000
0.0000
2.6593
0.0000
0.0000
0.0000
0.0000
0.9515
0.0000
0.0000
0.0000
0.0000
0.0000
0.0000
0.0000
0.0000
2.4036
1.6966
0.0000
0.8864
0.0000
0.0000
0.0000
0.9903
2.5888
0.0000
0.0000
0.0000
0.0000
0.0000
0.0000
0.0000
0.3546
0.0000
0.0000
0.0000
0.0000
0.0000
0.0000
0.0000
0.0000
0.9582
0.0000
3.1844
0.0000
0.0000
0.9638
0.0000
0.0000
0.0000
0.0000
0.0000
0.0000
0.7155
3.4905
0.8893
0.0000
0.0000
1.4102
0.0000
0.0000
0.0000
0.0000
0.0000
2.9202
0.0000
0.0000
0.9463
0.0000
0.0000
0.0682
0.0000
0.0000
0.0000
0.0000
0.2140
0.0000
0.0000
0.0000
0.0000
0.0164
0.0000
0.0000
0.9907
0.0000
0.6217
0.0000
1.8881
0.6213
0.0000
1.7692
0.0000
0.0000
1.6648
2.0083
0.0000
0.4155
0.1735
0.0000
0.0550
0.0000
0.0000
0.0000
0.0000
0.0000
0.0000
0.0000
0.0000
1.0992
0.0000
1.4195
0.0000
3.6530
0.0373
0.0000
1.4363
2.8421
1.4528
0.0000
0.0000
0.0000
0.0000
1.2561
1.8222
0.0000
0.0000
0.0000
0.0000
3.9007
0.0000
0.0000
0.0066
0.0000
0.0000
4.0282
0.0000
0.4755
0.0000
1.1457
0.0000
0.0000
2.0994
0.0000
0.0000
0.0000
0.0000
0.0000
1.5374
0.0000
0.0866
0.0000
0.0000
0.2549
0.0000
0.0000
0.0000
0.0000
1.6575
0.0000
0.0000
0.0000
0.0000
0.0000
1.1099
0.0000
0.0000
0.0000
0.0556
0.0000
0.0000
0.6190
1.1659
0.0000
0.0000
0.0000
0.0000
0.0000
0.0000
0.0000
4.4951
0.0000
0.0000
1.1924
0.0000
0.0000
0.0000
1.7190
0.0000
0.0000
0.0000
2.9570
0.0000
0.0000
1.9027
0.0000
0.0000
0.0000
0.0152
0.0000
0.0000
0.0000
0.0000
0.0000
0.0000
0.0000
0.0000
0.0000
0.0000
0.0000
0.0000
0.0000
0.0000
0.0000
0.0000
0.0000
0.5636
0.0000
0.2622
0.0000
0.0000
1.3442
0.0000
0.0000
0.0000
1.9224
0.5305
0.0275
0.0000
6.9178
0.0000
1.3552
1.1952
2.4370
0.0000
0.0000
0.0000
0.0000
0.0000
0.0000
0.0000
0.0000
0.0806
0.0000
0.0000
0.0000
0.0000
0.0000
0.0000
0.0000
0.6881
0.0000
0.0000
0.0000
0.0000
0.0000
1.9849
0.0000
0.0000
0.0000
3.0238
0.0000
0.0000
0.0000
0.0000
0.0000
0.0000
0.0000
0.0000
0.0000
0.0000
0.0000
0.0000
0.0000
0.0000
0.0000
0.0000
0.0000
0.0000
0.0000
0.0000
0.0000
0.0156
0.0000
0.5988
0.0000
0.2745
0.0000
0.0000
0.4232
0.0000
0.0000
0.0000
0.0000
0.0000
0.7903
0.0000
0.0000
0.0000
0.7716
1.6013
0.0000
0.0000
0.8560
0.3044
0.0000
0.0000
0.0000
0.0000
3.8559
0.0000
0.3049
0.0000
0.0000
0.0000
1.2379
1.3687
0.0000
0.0000
0.0000
1.5868
0.0000
3.3549
0.0000
1.3845
0.0000
0.0000
0.0000
0.0000
0.0000
0.0000
3.4867
0.3924
0.0000
0.0000
0.0000
0.0000
0.0000
0.0000
0.0000
0.0000
0.0000
0.0000
0.0000
0.0000
0.0000
0.2060
0.0000
0.1704
0.0000
0.0000
0.3596
0.0000
0.0000
0.0910
0.0000
0.0000
0.0000
1.7490
0.0000
3.2497
0.0000
0.3661
0.0000
0.0000
0.0000
1.8416
1.3274
0.0000
0.0000
0.0000
0.0000
1.4860
0.0000
0.0000
0.0000
0.0000
1.7448
0.0000
0.0000
0.0000
0.0000
0.0000
0.0000
0.0000
0.0000
0.0000
0.0000
3.3204
0.0000
0.0000
0.0000
0.3177
0.0000
0.0000
3.3122
0.0000
0.0000
0.1729
0.0000
0.0000
0.0000
0.0000
0.0000
0.0000
0.0000
0.0000
4.5604
0.0000
0.2331
0.0000
0.0000
0.0000
0.0000
0.0000
0.0000
0.0000
0.0000
0.0000
0.0000
0.0000
0.9325
0.0000
0.3471
0.4639
0.0000
0.0000
3.8574
0.0000
0.0000
0.0000
0.0000
0.0000
0.0000
0.0000
0.7883
0.0000
0.0000
1.5439
0.0635
0.0000
0.2462
0.0000
0.0000
0.0000
1.2741
0.0000
0.0000
1.6378
0.0000
0.3266
3.1491
1.2976
0.0000
0.0000
0.0000
1.4915
2.9577
0.0000
0.0000
0.0000
2.6172
2.6118
0.0000
0.0000
0.0000
0.0000
0.4814
0.0000
0.0000
1.5645
0.3650
1.5634
0.0000
0.2989
0.0000
0.5208
0.0000
0.0000
0.0000
0.9440
1.1792
0.0000
0.0000
1.9647
0.0000
0.0000
0.0000
0.5274
0.0000
0.0000
0.0000
0.0000
1.3365
0.0000
1.0440
3.7967
0.0000
0.0000
0.0000
0.0000
0.5908
2.9002
0.0000
0.0000
0.0000
0.0000
0.0000
1.4026
4.0924
0.0000
0.0000
0.0000
0.0000
0.0000
0.5155
0.9645
0.3731
0.0000
0.0000
0.0000
0.0000
0.0000
0.0000
2.2776
0.0000
1.1002
0.0000
0.0000
3.4475
1.4388
0.0000
0.0000
0.0000
0.0000
0.0000
2.7565
0.0000
0.0000
2.2792
0.0000
0.0000
0.0000
0.0000
0.0000
0.6501
0.0000
0.1302
0.0000
0.0000
0.8627
0.6829
0.0000
0.0000
0.0000
0.0000
0.0000
0.0000
3.4474
0.0000
1.8021
0.0000
1.3310
1.1188
0.0000
0.0000
0.0000
0.0000
1.2946
0.0000
3.1215
0.0000
0.0000
0.0000
0.0000
0.0000
0.0000
0.0000
0.0000
0.3103
0.0000
0.0000
0.0000
0.0000
0.0000
0.0000
3.5917
5.9313
0.0000
0.0000
0.0000
0.0000
0.0000
0.0000
0.0000
0.0000
0.0000
0.0000
2.4595
0.0000
0.0000
3.5661
0.0000
0.0000
0.0000
0.0000
0.0000
0.1028
0.0000
0.0000
0.0000
0.0000
0.0000
0.0000
0.2917
0.0000
5.6608
0.0000
0.0000
0.0000
0.0000
0.0000
0.0000
0.0000
0.0000
0.0000
1.0343
1.6056
0.0000
0.0000
0.6303
0.0000
3.1370
0.0000
0.0000
0.0000
1.7397
0.0000
0.0000
0.0000
0.0000
0.0000
0.0000
2.5617
0.0000
1.0449
0.0000
0.0000
0.0000
0.0000
0.0000
0.0000
0.1110
0.0000
1.3948
2.3400
0.2481
1.6542
0.0000
0.0000
2.0932
0.0000
0.0000
0.6502
0.0000
0.0000
0.0000
0.4178
0.0000
0.0000
0.1091
0.0489
0.0000
0.0000
0.0000
0.0000
0.0000
0.2818
0.0000
0.0000
0.0000
0.0000
0.0000
5.2492
0.0000
0.0000
0.0000
0.0000
0.0000
1.8883
0.0000
0.0000
0.0000
0.0000
0.0000
0.0000
1.5791
0.0635
3.2371
0.0000
0.0000
0.0000
0.0000
2.1929
0.0000
2.3453
0.0000
0.0000
0.0000
1.6094
0.0000
0.0000
0.0000
0.0000
0.0000
0.0000
1.5028
0.0000
0.0000
0.0000
0.0000
0.0000
0.0000
0.0000
0.0000
1.6486
0.0000
0.9472
1.4413
3.1474
0.5975
0.0000
0.0000
0.0000
3.1474
0.3260
0.0000
0.0000
0.0000
0.0000
0.6530
0.0000
0.0000
0.0000
1.3033
0.0000
0.0000
1.6783
0.0000
0.0000
0.0000
0.0000
3.2673
0.0000
0.0000
0.0000
0.0000
0.0000
0.1943
3.3062
0.0000
0.1760
0.0000
0.1208
1.0284
0.0000
0.6182
0.0000
0.0000
0.0000
0.0241
3.1157
0.0000
0.0000
0.0000
1.9374
0.0000
0.0000
0.0000
0.0000
0.0000
0.0000
0.0000
0.0000
0.0000
0.0000
0.7633
0.0000
0.0000
0.0000
0.9798
0.3763
0.0000
3.2794
0.0000
0.0000
0.0000
0.0000
0.0000
0.8932
0.0000
0.0000
0.0000
1.5463
0.0000
1.3034
0.0000
0.0000
0.0000
0.0000
0.0000
2.6672
0.0000
0.0000
0.0000
0.0719
0.0000
0.0000
0.1447
0.0000
1.5781
0.0000
0.0000
0.0000
0.0000
0.0000
0.6402
1.3835
0.0000
0.2074
0.0000
0.0000
0.0000
0.0000
0.0000
0.0000
0.2135
0.0000
0.0000
0.7918
1.6020
0.0000
0.0000
1.6670
0.0000
0.0000
0.0000
0.0000
0.0000
0.0000
1.5879
0.0000
0.0000
0.0000
0.0000
0.0613
2.8577
0.8728
0.0000
0.0000
0.0000
0.0000
1.1361
0.0000
0.0000
0.0000
1.9562
0.0000
0.0000
0.0000
0.0000
0.0000
0.3254
0.0000
0.0000
0.0931
0.0000
0.0000
6.8695
0.0000
0.0000
2.6821
0.9048
0.0000
0.0000
0.0000
0.0000
0.0000
0.0000
0.0000
0.0000
0.0000
0.2206
3.2256
0.0000
0.3295
2.3564
0.0000
0.0899
0.0000
0.0000
0.4431
0.0000
0.0000
0.0000
0.0000
4.8053
0.0000
0.0000
0.0000
1.0435
0.0000
0.0000
1.6775
0.0000
0.0000
0.4087
0.0000
0.0000
0.0000
0.0000
1.5772
3.7054
0.0000
0.0000
0.0000
0.0000
0.0000
0.0000
0.0000
0.3067
0.0000
0.0000
0.0000
0.0000
0.0000
0.0000
0.0000
0.0000
0.0000
0.0000
0.0000
0.0000
0.0000
0.0000
0.0000
0.0000
0.2642
0.0000
0.0000
0.0000
0.0000
2.0523
1.6392
0.0000
0.0000
0.0000
2.4740
0.0000
0.0000
0.0000
0.0000
0.0000
0.8056
0.0000
0.3819
0.0000
4.9634
0.0000
0.0000
0.0000
0.0000
0.0000
0.0000
0.3489
0.0000
1.6539
0.0000
0.0000
0.0000
4.2840
0.0000
0.0000
0.0000
0.0000
0.0000
0.0000
1.9122
0.0000
0.0000
0.0000
0.0000
0.0000
0.5807
0.2498
0.0000
0.0000
0.0000
0.0000
1.4475
0.0000
0.0000
0.0000
0.0000
0.0000
0.0000
4.8374
0.0000
2.0234
0.0000
0.0000
1.7292
0.0000
2.2413
0.0000
2.0296
0.0000
0.0000
0.7489
0.0000
0.0000
0.0000
1.6255
0.0000
0.0000
1.8677
0.0000
0.0000
0.0000
0.0000
0.0000
0.0000
3.0466
0.0000
0.0000
0.0000
0.5004
2.3474
0.0000
0.0000
0.0000
0.0000
1.9563
0.0000
0.0000
1.3572
3.4058
0.0000
0.0000
0.8429
0.0000
4.6721
0.0000
1.5667
0.0000
0.0000
0.0000
0.0000
0.0000
0.0000
0.0000
0.0000
0.0000
0.5563
3.4781
0.0000
3.3755
0.4057
0.0000
1.7441
0.0000
0.0000
0.0000
0.0000
0.0000
3.1989
0.0000
0.0000
1.9177
0.0000
0.0000
0.0000
2.1256
0.0000
2.1930
0.1312
0.0000
0.0000
0.0000
0.0000
0.4981
0.0459
0.0000
0.0000
0.0000
0.5366
0.7889
0.0000
0.0000
0.0000
0.0000
0.0000
0.0000
0.2663
0.0000
0.0000
0.0000
0.0000
0.4008
0.9270
0.0000
0.5072
0.0000
0.0000
0.0000
1.4789
1.2104
0.0000
0.0000
1.7415
1.6862
0.0000
1.1194
0.0000
0.0000
0.0000
0.0000
1.5970
0.0000
0.0000
0.0000
0.0000
4.3975
0.0000
0.8844
0.8891
0.0000
0.4510
0.0000
0.4655
0.0000
0.0752
0.0000
1.5833
2.7025
1.5163
0.0000
0.0000
0.0000
0.0000
0.0000
0.0000
0.0000
0.0000
1.3061
0.0000
0.7153
0.0000
0.0000
0.0000
5.2018
0.7014
0.1234
0.0000
0.3112
0.0000
0.0000
0.0000
0.0778
1.2062
0.0000
0.1506
2.2146
0.0000
4.7854
0.0000
0.0000
0.0000
0.0000
1.6679
1.0576
0.0000
0.0000
0.0000
0.0000
0.0000
0.6080
0.0000
0.0000
0.0946
0.0000
0.0000
0.0000
0.0000
0.0000
0.0000
0.0000
0.3697
0.0000
0.0000
0.0000
1.6118
0.0000
3.2497
1.5212
0.6724
1.6527
0.0000
0.0000
2.7805
0.0000
0.0000
0.0000
0.3837
0.6731
0.0000
5.8494
0.0280
0.0000
6.9681
0.0000
2.6779
1.1518
0.0000
0.8908
0.1150
0.0000
0.0000
0.0000
0.0000
0.0000
0.0398
1.7106
1.3970
1.7646
0.0000
0.0000
0.4810
0.0000
0.0000
0.4875
0.0000
0.0000
0.0000
0.0000
0.0000
0.0000
