0.9396
0.0000
0.2203
0.0000
0.9762
0.1887
0.0000
0.0000
0.0000
3.0718
0.0000
0.0000
0.2620
0.0000
0.6066
0.0000
0.0000
0.0000
0.0000
0.0238
0.6033
0.0000
1.4060
1.4097
2.5417
1.9662
0.0000
2.2286
0.0000
0.0000
0.7831
0.0000
0.6253
0.0000
1.8772
0.0000
0.0000
0.3884
2.1778
2.6771
0.0000
0.0000
0.0000
0.0000
0.0000
1.0584
0.0000
0.0000
0.0000
0.5251
0.0000
0.0000
0.0000
0.9205
0.0000
0.0000
0.0000
0.8952
0.0000
0.0000
0.0000
1.2130
0.0000
1.6458
0.0000
0.0000
0.2260
0.0000
0.1489
0.0000
0.3000
3.3512
0.7296
0.0000
0.0000
0.9685
0.0000
0.0000
0.0000
0.0000
1.8664
0.0000
0.7584
0.0000
0.0000
0.8271
2.2657
0.4770
1.4987
0.0000
1.1229
0.0000
1.2430
2.1145
0.0000
0.0000
0.0000
0.0000
0.8004
0.0000
0.1708
0.0000
0.1056
0.0000
0.3208
0.0000
0.6941
0.0613
1.9297
1.0272
0.0000
0.0000
0.0000
0.0000
0.0000
0.0000
0.0000
0.0000
0.0000
0.0000
2.5285
1.2437
1.9170
1.9955
0.0000
0.0000
0.0000
0.0000
0.0000
2.0342
0.0000
0.0000
0.0365
0.0000
4.0094
0.0000
1.3114
2.5583
0.0000
2.4424
3.1648
0.0000
1.5350
0.9486
3.3005
0.0000
0.8166
1.6337
1.1521
0.3770
0.0000
0.7225
0.8472
0.0000
0.0000
0.0000
0.0000
1.7557
0.0000
0.0000
0.7958
0.3613
0.6099
0.0000
0.0000
1.4891
0.0000
0.0000
0.0000
2.8889
0.0000
0.4573
0.0000
0.0000
0.0000
0.0000
0.0000
0.7971
0.0000
6.3412
1.6891
2.3056
0.0000
0.0000
0.0000
0.0000
0.0807
0.7744
1.1508
2.3729
0.0000
0.0000
0.3637
0.0000
0.0579
0.0000
0.0000
1.7786
2.2781
2.7420
0.0000
0.5382
0.0000
0.0000
0.0000
0.0000
0.0000
0.0000
0.1219
0.0000
0.0000
0.0000
0.0000
0.9934
0.0000
0.0000
0.0000
0.0000
0.0000
1.0672
0.9375
0.0000
0.0000
0.0000
1.5297
0.0000
0.0000
1.3918
0.0000
0.0000
0.0000
0.0000
0.0000
0.0350
0.5905
0.0000
1.9370
0.0000
1.6437
0.0000
0.0000
0.0000
0.5385
0.0000
0.0000
0.0000
0.0000
0.0000
0.2351
0.0000
0.0000
0.0000
0.0000
0.0000
0.0000
1.3565
0.0000
0.0000
0.8651
0.0000
0.0000
0.6663
0.1356
0.3016
0.0000
0.0000
1.3928
0.1652
0.2774
0.8532
1.8414
0.8993
0.0000
0.5583
0.0000
0.0000
0.0000
0.1035
2.0350
0.0000
1.4560
0.7223
0.5441
0.0000
0.0000
0.0000
0.0000
0.3160
0.0000
0.0000
0.0000
0.0000
0.0000
0.0000
3.6718
0.0000
1.1720
0.0000
0.0000
3.8331
0.0000
0.0000
0.0000
0.0000
0.0000
0.0000
0.0000
0.0000
0.0000
0.0000
0.0000
1.0580
0.0000
1.4029
0.4278
0.0000
0.1709
0.0000
0.8219
2.1768
0.4937
1.1723
1.5793
0.0000
0.0000
2.9688
0.0000
0.0000
0.0000
0.1633
0.0000
0.0000
0.0000
0.0000
0.0000
0.9591
2.3683
0.0000
0.0000
3.5788
0.0000
0.0000
0.0000
0.0000
0.0000
5.0297
0.0000
0.0000
0.0000
0.0000
0.0000
1.7525
1.2793
0.0000
2.0838
1.2157
0.0000
0.0000
0.8037
0.0000
0.0000
0.0000
0.0000
0.0000
0.0000
0.4383
0.5622
0.7113
0.0000
0.2063
0.2683
0.0000
0.0000
0.0000
0.7302
0.2967
0.0000
2.5702
0.0000
0.0000
3.0139
0.2817
0.6872
0.0000
0.0000
0.0000
1.8214
0.0000
0.0000
0.0000
2.0041
0.0000
0.0000
0.0463
0.0000
2.4274
0.0000
0.5265
0.0000
0.0000
0.0000
0.6970
0.0000
0.2841
0.0000
0.0000
0.0000
0.0000
1.6146
0.0000
0.0000
0.0000
0.0000
3.1935
0.5227
1.1624
0.0000
0.0000
0.3309
0.0000
0.8185
0.0512
0.7953
0.0000
0.3735
0.5451
0.0000
1.2527
0.0000
0.0000
0.0000
0.0000
0.0000
0.1010
0.0000
0.0000
0.0000
0.0000
1.2931
0.2016
1.5623
1.1225
0.8884
0.0000
2.0626
0.0000
0.0000
0.0000
1.1812
0.1355
0.8439
0.0000
0.0000
1.7458
0.0000
0.6717
0.0000
0.0000
0.0000
0.0000
0.1396
0.0000
1.3160
0.0000
0.5457
0.4319
0.0000
0.6026
0.0000
0.0000
0.0000
0.0389
0.0000
0.1958
0.0000
0.0407
1.3234
1.3746
1.8006
0.0000
0.1200
0.0000
0.9409
0.8935
0.0000
0.0000
0.0000
0.1617
0.0000
2.8214
0.0000
0.0000
0.0000
0.0000
1.0240
2.1246
0.0000
0.0000
1.1687
0.0000
0.0000
0.0000
2.9562
0.0000
0.4916
0.0000
1.1140
0.0000
0.4728
0.9987
0.0000
1.0549
0.0000
2.3088
0.0000
0.8232
0.0000
0.0000
4.1558
0.0000
0.6789
2.0781
0.0000
0.1909
0.0858
0.0000
1.4317
0.0000
0.0000
0.1009
1.3001
1.0327
0.0000
0.0000
0.1385
2.2766
0.0000
0.0000
2.2418
0.0000
0.0000
0.3362
0.0000
0.0000
1.2189
0.0000
0.0000
0.4158
0.0000
0.0000
0.0000
1.5126
0.0000
0.0000
0.0000
0.0000
0.0000
0.0000
0.0000
0.0992
0.8001
0.4686
0.0000
0.0490
0.0000
0.7536
0.0000
0.0000
0.2266
0.0000
0.0000
0.0000
0.0000
0.0000
0.0000
0.0000
0.0000
0.0000
0.0000
0.0000
0.0000
0.0000
0.0000
0.0000
0.0000
0.0000
0.0000
2.1765
1.2178
0.0347
0.0000
0.0000
0.0000
0.0000
0.0000
0.0000
0.0000
0.0000
2.8580
1.1630
0.0000
2.2131
0.0000
0.0000
0.0000
1.9045
2.0179
0.0000
1.1429
0.3613
0.0000
0.0867
0.0000
4.2809
0.0000
0.7736
0.7170
0.2269
0.8478
0.0000
1.8026
0.0000
0.8066
0.7271
0.0000
1.4409
0.0000
1.0822
0.0000
0.0000
0.0000
0.0000
0.0000
0.4452
0.2450
0.6629
0.0000
0.0000
0.0000
0.0000
0.6938
0.0000
0.0000
0.0000
0.5048
0.0000
0.0000
0.0000
1.3078
0.0000
0.1782
0.0000
0.3751
0.0000
0.0000
0.0000
0.0000
0.5958
0.0000
0.0000
0.0000
0.0000
0.1961
0.0000
0.0000
0.0000
0.0000
0.0000
0.0000
0.0000
0.0000
0.0000
0.0000
0.0000
0.0000
0.4885
0.0000
0.0000
0.0000
0.0000
0.4755
0.0000
0.0000
0.0000
0.0000
0.0625
0.0000
0.4198
0.0000
2.5836
0.6547
0.0000
1.7909
0.0000
0.0000
0.0000
0.0000
0.0000
1.3186
0.0000
1.9746
0.0000
1.3485
0.0000
0.0000
0.0000
0.0000
0.0000
0.0000
1.8987
0.0000
2.7080
0.7852
0.0000
0.0000
0.0000
0.0000
0.1807
0.0000
0.0000
0.0000
0.0000
1.1862
1.1968
0.2097
0.0000
0.5601
0.0000
0.0000
0.2159
0.0000
0.0000
1.5082
0.3754
0.0000
0.0000
0.0000
1.5941
0.1921
5.6739
1.0621
0.1261
0.0000
1.9591
0.0000
0.1642
0.0000
0.0000
1.0822
0.0000
0.0000
0.0000
0.0000
0.0000
0.0000
0.0000
0.1297
0.0000
0.0000
0.0000
0.7406
0.0000
2.2655
0.0000
0.0000
1.3065
0.0000
0.0000
0.0000
0.0000
0.0000
0.0342
0.0000
0.0000
0.6666
0.0000
0.0000
0.0000
0.4771
1.4273
0.0000
0.0000
0.0000
0.0000
0.0000
0.0000
0.0000
1.3407
0.0000
0.0000
0.0000
0.0000
1.4952
0.0000
0.0000
0.0000
0.0000
0.0000
0.2503
0.0000
0.0000
0.0000
1.6800
1.2752
0.0000
0.0000
0.0000
0.0000
0.0000
0.0101
0.0000
1.0263
0.0000
1.2086
0.0000
0.0000
0.9083
0.0000
0.4408
1.1182
0.8398
0.0000
0.3193
0.0000
0.0000
0.0000
0.0000
0.0000
0.3568
0.0000
1.2407
0.6295
0.0000
0.0000
0.0000
0.2954
1.0960
0.0665
0.0000
0.0000
0.0000
0.0000
0.0000
0.6301
0.0000
0.0000
0.0000
0.0000
0.4594
0.0000
0.0000
0.8663
0.0000
0.0000
0.0000
0.0000
0.0000
0.0000
0.0000
0.0000
0.2825
0.2847
0.0000
1.7128
0.0000
1.2539
0.2652
0.0000
0.0000
0.0000
0.0000
0.0000
1.2341
0.0000
0.0000
0.0000
0.0000
2.6935
0.1869
0.0000
0.0000
0.0000
0.0000
0.0000
0.5102
0.0000
0.2537
0.0000
0.0000
0.0000
0.0000
0.0000
0.8369
0.0000
0.0000
0.0000
0.0000
1.1163
1.5088
0.0000
0.0000
0.0000
0.0000
0.0000
0.0000
0.0000
0.0000
0.0000
0.0000
0.0322
0.0000
0.0000
3.0790
0.1392
0.0000
2.2799
0.0000
0.1069
0.0000
0.0000
0.0000
0.0000
0.0000
0.0000
0.0000
3.2663
1.6377
0.0000
0.0000
0.0000
0.0000
0.0000
0.0000
0.8995
0.0000
0.4511
0.0000
0.0000
0.0000
0.0000
0.1863
0.0000
0.0000
0.1170
0.0000
1.2230
0.0000
0.6052
0.0000
3.6522
0.0000
1.3329
0.0000
0.0000
0.0000
0.0000
1.9485
0.0000
0.6169
0.0000
0.0000
0.0000
0.1836
0.0000
0.0000
0.0000
0.0000
1.8306
1.2610
0.0000
1.3459
0.0000
0.0000
0.0000
0.0000
0.0000
0.5266
0.0000
1.9508
0.0000
0.0000
0.1995
0.0000
0.4753
1.9293
2.0436
2.1056
0.0000
0.0000
0.0000
2.4069
0.0000
0.0000
0.0000
0.0000
0.0000
0.0000
0.0000
0.5795
3.7233
0.0000
0.9133
0.0000
0.0000
0.0000
1.3321
0.0000
0.0000
0.0000
2.3361
0.0000
0.4136
0.0000
2.6031
0.0000
0.0000
1.5556
2.4241
1.0122
1.6102
0.0000
0.9266
0.0000
0.0000
0.0000
0.0000
1.0617
0.0000
0.0000
1.4281
0.0000
0.2934
1.6688
2.4198
0.2944
0.0000
0.3164
0.0000
1.8588
0.0000
0.4739
0.2169
0.0000
0.0000
0.0000
0.0000
0.3922
0.0000
0.7786
0.0000
1.4404
0.0000
0.0000
0.0000
0.0000
0.0000
0.0000
0.0000
0.0000
0.0000
2.9318
0.0000
2.6442
0.0000
0.6494
0.8820
1.6721
0.5305
0.0000
0.0250
0.0000
0.0000
0.0000
0.0000
0.0000
0.0000
1.5309
0.0000
0.0000
0.4613
0.0000
0.0000
0.0000
0.0000
0.0000
0.0000
0.0000
0.6604
0.0000
0.0000
0.6374
1.3195
0.0000
0.0000
2.4938
0.0000
0.0000
1.0087
0.0000
1.6320
0.0000
0.3248
0.0000
1.2055
1.7890
0.0000
0.0025
0.0000
0.0000
0.7694
0.5598
0.0000
1.2770
0.0000
1.4858
0.0000
0.6909
0.0000
0.0000
0.0000
0.0000
0.6034
0.0000
0.0000
1.4349
0.5048
0.1905
0.0000
0.0000
1.1947
0.0000
0.8627
0.0000
0.0000
0.0000
0.0000
0.0000
0.0000
0.0000
0.0000
0.7433
0.0000
0.0000
0.0000
0.0000
0.4072
2.1202
0.0000
0.0000
0.0000
0.0000
1.0325
0.0000
0.0000
0.0000
0.5062
0.2521
0.0000
0.0000
0.0000
0.0000
0.9127
0.0000
0.0000
0.0000
0.0535
4.1432
0.5995
0.9300
0.2014
3.9723
0.0000
0.0000
2.3729
1.1702
1.2941
0.0000
0.6175
0.0000
0.0000
0.0000
3.0745
0.5295
0.0000
0.0000
0.0000
0.0000
0.0000
0.6170
0.0000
3.2995
0.0000
0.0000
0.0000
0.0000
0.0000
0.0000
0.0000
0.0000
0.0000
2.5222
2.1875
0.0000
0.0845
0.3014
0.0000
2.0376
0.0000
0.0000
0.0000
3.0357
1.4016
2.1290
0.0000
0.6495
0.0000
0.0000
0.0000
0.0000
0.0000
0.0000
0.0000
0.0000
4.6902
0.0000
0.6606
0.0000
0.0000
0.0000
0.0000
0.0000
0.0000
1.1393
0.0000
0.0000
0.0000
1.5774
0.0000
0.2927
0.0000
0.0000
0.0000
0.0000
0.0000
0.2231
0.1843
0.0000
0.0000
2.5199
0.0000
0.0000
0.4355
1.4345
0.0000
0.8413
0.0000
0.0000
3.2205
0.0000
0.0000
0.0000
0.0000
0.0000
1.5756
0.0000
0.0000
0.0000
0.0000
0.0000
0.0000
0.0000
0.0002
3.0598
0.0000
1.0580
0.3206
0.3133
0.0000
0.0887
0.7622
0.0000
0.0000
0.0000
0.0000
0.0000
0.5428
2.0852
0.0000
0.0000
0.4676
0.0000
1.8830
1.4977
0.0000
0.0000
0.7849
0.0000
0.0000
0.0000
0.0000
0.3786
0.0000
2.4154
0.7803
0.0000
1.8684
0.0000
0.0000
0.0000
0.0000
0.4613
0.0000
0.1361
0.0000
0.1619
1.6770
0.0000
0.0000
0.0000
0.0000
0.0000
0.0000
0.0000
0.0000
0.3089
0.7523
0.0000
1.3679
0.0000
0.0000
0.0000
0.0000
0.0000
0.5863
0.0000
0.6059
0.0000
1.1619
0.0000
0.0000
0.0000
0.0000
0.0000
0.0000
0.0000
0.0000
0.0000
0.0000
0.0000
0.0000
0.0000
0.0000
0.0000
0.0000
0.0000
0.0000
0.0000
0.6427
0.0000
0.0000
0.0000
0.0000
0.2687
0.0000
0.0000
0.0000
0.0000
0.0000
1.9014
0.3202
0.0000
1.0091
0.0000
0.6501
0.0000
0.0000
0.0000
0.0000
0.0000
0.0977
0.0000
0.0000
0.6908
1.7202
1.5755
0.0000
0.0000
0.0000
0.0000
0.0000
2.0916
0.0000
1.6590
0.0000
0.0000
1.6409
0.5980
1.0692
2.1019
3.3831
0.2245
0.0000
0.0000
0.0000
0.6303
0.0588
0.4305
0.8366
0.0000
0.0000
0.0000
0.0000
1.0522
0.0000
0.0000
0.0000
0.0000
2.1255
0.2302
2.7516
0.0000
0.9149
0.0000
0.0000
0.5316
0.5220
0.0000
2.9341
0.0000
0.0000
1.2959
0.3884
0.0000
0.7150
0.0000
1.6952
0.0000
0.1150
0.6706
0.0000
0.0000
0.8897
0.0000
0.0000
1.1671
0.0000
0.3228
1.1277
0.0000
1.8361
0.0000
0.0000
0.0000
0.0000
0.0000
0.0000
0.0000
0.0000
0.0000
0.0000
1.0009
0.0000
2.9795
1.6140
0.0000
0.0000
0.0000
0.0000
0.0000
0.0000
0.0000
0.0000
0.0000
0.0000
1.6659
0.0000
0.3240
0.0000
0.2241
0.0000
0.0000
0.0000
0.2634
0.0000
0.0000
2.3043
2.5674
2.4179
0.0000
0.8581
0.0000
0.0000
0.0000
1.3655
0.3019
0.0000
0.0000
0.0000
0.0000
0.0000
0.0000
0.0000
0.9470
0.7041
0.0000
0.0768
0.0000
0.0000
0.0000
0.0000
0.0000
0.0000
2.9142
0.0000
1.4510
0.0000
1.0399
0.0000
0.0000
1.7190
1.0952
1.1248
0.0236
0.0000
0.0000
0.8099
0.0000
0.0000
0.5701
0.0000
0.0000
0.0000
0.0000
0.0000
0.0000
0.0000
0.0000
0.7335
1.0874
0.6549
0.5719
0.0000
0.0000
0.1508
0.0000
0.0000
0.0000
0.0000
0.0000
0.0000
0.0000
2.8673
0.2733
0.7070
0.0000
0.0000
1.2022
0.5752
0.0000
0.3820
1.1236
0.7325
0.0000
1.8978
0.0000
0.0000
0.0000
0.0220
0.4404
1.8797
0.0000
0.0000
0.0000
0.5937
0.0000
4.0600
0.3986
0.0000
0.0000
0.0000
0.0000
0.4095
0.0000
0.7182
0.0000
0.0000
0.6388
0.3779
0.0000
0.9141
1.8452
0.0000
1.5870
0.0000
3.0665
0.0000
0.0000
0.0000
0.0000
0.0000
0.0000
0.0000
0.5360
1.0426
0.0000
2.2441
0.0000
0.0000
0.3623
0.0000
0.0000
0.0000
0.0000
0.0000
0.0000
1.8051
0.8436
0.6464
0.0000
2.3026
0.2964
1.5578
1.7780
0.0000
0.0000
0.0000
0.1058
1.8261
0.0000
0.0000
0.0000
1.0355
3.0562
0.0000
0.0000
0.3303
0.0000
0.0000
0.0000
0.0000
0.0000
0.0000
0.0000
0.0000
0.0000
0.0000
1.9972
0.0000
1.0700
0.0000
0.9856
0.1229
0.0000
2.2701
0.0000
0.0000
1.2105
0.0000
2.5537
2.2176
3.3875
0.0000
0.0000
0.0000
1.4344
0.0000
0.3584
1.2476
0.0000
0.1079
0.0000
0.6250
0.9496
0.0000
1.2924
0.0000
3.1643
0.1155
0.0000
0.0000
0.0000
0.0000
0.0000
0.0000
0.0000
2.0562
0.0000
0.0000
0.6276
0.0000
0.0000
0.0000
0.0262
0.0000
0.0000
0.0000
0.0000
0.0000
0.6097
0.0000
0.0000
0.6101
0.0000
1.5861
0.1554
1.8527
0.0000
0.7856
0.3284
2.6778
0.0000
0.0000
0.0000
0.0000
0.5293
1.7046
0.7353
2.4549
0.0000
0.4514
0.0000
1.8075
0.0000
1.0337
0.0000
0.7659
0.2614
0.0000
0.0000
0.0000
0.0000
1.3346
0.0000
0.0000
0.4335
2.1538
0.0000
0.8871
1.2951
0.0000
0.0255
0.0000
0.2377
0.0000
0.0000
3.3113
0.0000
1.7801
3.0064
0.0000
0.0000
0.0312
1.8791
0.0000
1.0798
0.9696
1.5105
0.0000
1.5240
0.0108
0.9652
1.7961
0.1254
1.5188
0.0000
2.1391
2.0047
0.0000
0.0000
0.1063
0.0000
0.0000
1.1057
0.6520
1.9880
0.0000
0.0000
3.2142
0.0000
2.2675
0.0000
0.0216
0.0000
0.4359
0.0000
0.0000
0.0000
0.0000
0.0000
0.0000
2.0180
0.0000
2.1935
0.0000
0.1192
1.0423
0.0000
0.0000
0.0000
0.0000
1.1024
0.2902
0.0000
2.3859
1.3387
0.0000
0.0000
3.5406
0.0000
0.0000
0.0000
0.0000
0.5059
0.0000
0.0000
1.0086
0.0000
0.0000
0.0000
0.3796
0.0000
2.4518
0.0000
0.0000
0.0000
0.0000
1.5980
0.0000
4.9250
2.5899
1.2573
0.0000
0.0000
0.0000
0.0000
0.0000
0.0000
1.7781
0.0000
0.0000
0.1110
0.0000
0.0000
0.0000
1.1505
0.0000
0.0000
0.0000
0.0000
0.0000
0.0000
0.2838
0.9632
0.5249
0.0000
0.0000
0.0000
0.0000
0.0000
0.2046
0.0000
1.2052
0.0000
0.0000
0.0000
0.6510
0.0000
1.4699
0.0000
0.0000
0.0000
0.0000
0.0000
0.5867
0.0000
0.0000
0.3693
0.0000
1.3527
0.0000
1.6398
0.0000
0.7989
0.0000
0.0000
0.0000
0.4126
2.2274
0.0000
0.0000
0.0000
1.3834
0.0000
0.0000
0.0000
0.0000
0.0000
2.4410
0.0000
0.0000
0.0000
0.0000
0.4660
0.0894
1.3161
1.4522
0.0000
0.0000
0.0000
0.8496
0.0000
0.0000
0.0000
0.0000
0.0000
0.3299
0.0000
0.0000
1.1325
0.8742
1.2552
0.4950
0.0000
0.5345
1.8950
0.0000
0.1699
0.0000
2.9911
1.9485
0.0000
0.4243
0.0000
0.0000
0.0000
0.0000
0.6912
0.0000
0.0000
0.0000
0.9995
0.8559
0.0000
0.0000
0.0000
0.0000
0.0000
0.0000
0.0000
2.7600
0.0000
0.0000
1.9617
2.9310
0.4685
0.0026
0.0000
0.0000
0.0000
0.1771
0.0000
0.0000
3.0164
0.0000
0.0000
1.7888
2.1658
0.0000
0.0000
0.0000
1.2112
0.8152
0.0000
0.0000
0.0343
0.0000
0.0000
0.0000
0.0000
0.0000
1.5527
0.0000
0.0000
0.0000
0.4036
2.6507
0.0000
2.1040
0.0000
0.3708
0.0000
0.0000
0.9849
0.0000
0.0000
0.0000
2.3542
1.6116
0.0000
0.0000
0.0000
0.0000
0.0000
2.2346
1.0230
0.0000
0.0000
0.0000
0.0000
0.1416
1.4675
0.5049
0.0000
0.0000
0.0000
0.0000
2.2114
0.2623
0.1673
0.0000
0.0000
1.1139
0.0000
0.0000
0.0000
0.0000
0.0000
0.0000
0.0000
0.0000
0.0000
0.0000
1.6031
2.3990
0.0000
0.0000
0.0000
0.0000
0.0000
0.0000
0.7181
1.5368
0.0000
0.0000
0.0000
1.9014
0.0000
0.0000
1.8073
2.0004
0.0000
0.0000
0.0000
0.0000
0.0000
0.0000
0.0000
0.0000
0.3619
0.0000
2.7927
0.0000
0.5170
0.0000
0.0000
0.0000
0.0000
0.0000
1.4793
0.0000
0.0000
0.0000
0.0000
0.0000
0.0000
0.0000
0.0000
0.0000
0.0000
2.5964
0.0000
0.5586
0.0000
0.8047
0.0000
0.0000
2.2299
0.0000
0.0000
0.0343
0.0000
0.5997
0.0000
0.0000
0.0000
0.0000
1.1696
1.4610
0.0000
2.9893
1.3310
1.0896
0.0000
0.0000
0.0000
0.2939
0.0000
0.0000
0.0000
0.9455
0.0000
1.0325
0.0000
3.9281
0.0000
1.1409
0.0000
0.0000
0.0000
3.1818
0.0000
0.0000
1.9348
0.0000
1.2683
0.0000
0.0000
1.1777
0.0993
1.6698
0.0000
0.0000
0.0000
0.0000
0.0000
0.0000
0.0000
0.0000
0.0000
0.0000
0.0000
0.0000
0.0000
1.1071
1.4236
1.5082
2.5307
0.4500
0.7375
0.6246
0.0000
0.3762
0.0000
0.0000
0.0000
1.5114
2.4584
2.5087
0.0000
0.0000
0.0000
0.0189
0.0000
0.0000
0.0000
0.0000
0.0000
0.0000
0.0000
0.2690
0.0000
0.0876
0.0000
0.0000
1.5079
0.0352
0.0000
0.8918
0.0000
0.0000
0.4374
0.0000
0.1451
0.0000
1.2822
0.9513
0.0000
0.0000
2.0486
1.1415
0.0000
0.0000
0.0000
0.0000
1.0398
2.0878
1.2194
0.0000
0.6533
0.0000
0.0000
0.0000
0.7062
0.4412
0.0000
0.0000
0.0000
1.1648
2.6601
0.0000
0.0000
0.0000
1.7868
0.0000
0.0000
0.0000
1.3926
0.4291
0.0000
2.7398
0.0395
0.0000
0.0000
0.3553
1.4906
0.0000
1.0104
0.0000
0.2220
3.6074
0.0000
1.2481
0.0000
0.2699
0.5460
1.8188
0.8745
0.0000
1.7421
0.0000
0.0000
0.0000
0.0000
0.0000
0.0000
0.0000
0.1294
0.0000
0.6633
0.0000
0.0000
0.0000
0.0000
0.0000
0.8652
0.0000
0.0000
0.0000
0.0000
0.0000
0.0000
0.0000
0.0000
0.0000
0.8687
0.0000
0.0000
0.1091
0.0000
0.0000
0.4563
0.3136
3.1487
0.8410
0.0000
0.4482
0.0000
0.0000
0.0370
0.9220
0.0000
0.0000
0.1032
1.3871
0.0000
0.0000
0.0405
0.0000
0.0000
2.9165
0.0000
0.0000
0.0000
0.8970
0.0000
0.7049
0.0000
0.2365
0.1885
0.0000
0.0000
0.4396
1.6455
0.3174
0.0000
1.9635
4.1537
0.0000
0.0000
0.4233
0.0000
0.0000
0.0000
0.0000
1.7509
2.5179
0.3091
0.0000
0.7797
0.0000
2.0379
5.3750
0.0000
0.2231
0.2704
0.0000
0.0000
0.0000
0.0000
0.0000
0.0000
0.0000
0.0000
0.0000
0.0000
0.0000
0.0000
0.0000
0.0000
0.0000
0.0000
0.0000
1.6837
0.0349
0.0000
0.0000
0.1587
0.0000
3.2814
0.0000
0.0000
2.2929
0.0000
0.0000
2.4160
1.3689
0.0000
0.0000
2.9850
0.0000
0.0000
0.0000
1.6275
0.0000
0.0000
1.8763
0.0000
0.0000
0.0000
0.0000
0.0000
1.7722
0.0000
0.0000
0.8304
0.1268
0.0000
0.0000
1.5443
1.0004
0.0000
0.0000
1.4137
0.3412
0.0000
0.0000
1.8788
0.5938
0.0000
0.0476
0.0000
0.0000
0.0000
0.0000
0.0000
0.1116
0.0000
1.0975
0.0000
0.0000
0.0000
0.0000
0.2853
0.0000
0.0000
2.6614
0.0000
0.0000
2.6263
0.0000
0.0000
0.0000
0.0000
0.0000
0.0000
0.7559
0.0000
0.0000
0.1824
0.0000
0.0000
0.0000
0.0000
0.0000
0.0000
0.0000
0.0000
0.7299
0.0000
0.0000
1.0040
0.0000
0.0000
0.0000
0.0000
0.0000
0.0000
2.7736
0.0000
1.1495
0.0000
1.1892
0.0000
1.6367
0.0927
0.0000
0.1464
1.4365
1.6898
0.0000
0.0000
0.0000
0.0000
2.0540
0.0000
0.0000
3.3059
1.6871
0.0000
0.0000
0.0000
2.4490
0.5608
0.6267
0.0000
0.0000
0.0000
0.0000
0.0000
0.0000
2.1457
0.0000
0.0000
0.0000
0.0000
0.0000
0.0000
0.0000
0.0000
1.8286
1.4495
0.0000
0.0000
0.1993
0.0000
1.7900
0.0000
0.0000
1.2490
0.0000
1.6624
0.0000
0.0000
0.0000
0.6991
0.0000
2.6671
0.0000
1.4392
1.0171
0.0000
1.5702
0.4313
0.0000
0.4295
0.0000
0.0000
0.0000
0.0000
0.0000
0.4632
0.0000
0.3020
0.2124
0.0000
0.0000
0.0000
1.0082
0.0000
0.0000
0.0000
0.0000
0.0000
0.4901
1.2032
0.0000
0.0000
0.0000
0.0000
1.3576
1.1336
1.0038
0.0000
0.0000
0.0000
0.2397
1.3321
0.0000
0.0000
0.0000
0.0000
1.1077
0.0000
0.0251
0.0000
0.0000
0.0000
0.0000
0.3147
2.2949
0.0000
0.0000
0.0000
0.0000
0.0000
0.0000
0.0000
0.0000
0.5469
3.2411
0.0000
0.0000
1.3585
0.0000
3.0220
0.0000
0.0000
1.4549
0.0000
0.0000
0.0000
0.2423
0.8008
1.4214
0.0000
2.1741
1.6560
0.0000
0.0000
0.0000
3.4276
0.0000
1.5632
0.0000
0.0000
0.0000
0.0000
0.0000
0.0000
0.0000
0.0000
1.7712
0.0000
0.0000
0.0000
1.8809
0.0000
0.0000
0.0000
0.9197
0.0000
0.0000
0.0000
1.5671
2.8536
1.3634
0.0000
0.0000
0.0000
0.0000
0.0000
0.0000
1.1878
1.1979
1.4529
0.4656
1.9236
2.9506
0.6183
0.0000
0.0000
0.0000
0.0000
0.0000
2.9133
0.0000
0.0000
1.3944
0.0000
0.0000
0.0000
0.0000
0.0000
1.1354
0.8819
2.1291
0.0000
0.0000
0.0000
1.5770
0.2205
0.0000
1.5366
0.0000
0.0000
0.8182
0.0000
1.0009
0.0000
0.0000
1.0906
0.1296
0.0000
0.3784
0.0000
0.6326
2.2582
0.0000
0.0000
0.0000
0.0000
0.2447
0.6083
0.0000
0.0000
0.1534
3.1416
0.3276
0.6356
0.0000
0.0000
0.0000
0.0000
1.3019
0.0000
0.0000
0.0000
0.0000
0.0000
0.0850
0.8657
0.0000
0.0000
0.1143
0.0000
0.0000
0.0000
1.7434
0.0000
0.0000
0.0000
0.0916
0.5056
0.2744
0.0000
1.0835
0.0000
0.3073
0.0000
0.0000
2.0148
0.0000
1.7833
0.0000
1.2663
0.0000
0.0000
3.8942
0.0000
0.0000
1.2700
0.0000
0.0000
0.3525
0.7710
0.0000
0.0000
0.0000
0.4220
1.0581
0.8976
0.5824
0.0000
0.1741
3.0751
0.0000
3.2988
1.4544
0.0000
0.0000
0.7183
0.0722
0.0000
0.0000
1.3026
0.0000
0.3449
0.0000
0.0000
1.4260
1.6774
1.1770
0.0000
0.0000
0.0000
0.0000
2.2169
0.0000
0.0000
0.0000
1.8019
0.8618
0.0000
0.0000
0.8323
0.0000
0.0000
0.0000
0.0000
0.0000
1.2719
0.2168
0.3848
0.5399
0.0000
0.0000
0.0000
0.0000
0.0000
1.1976
0.0000
1.2964
1.4398
1.4011
2.2891
0.0000
0.0000
0.0000
0.0000
0.6378
1.5241
0.0000
0.0000
1.3734
0.0000
0.1676
0.0000
2.1949
3.0087
0.0000
0.0000
0.6660
0.6035
4.1047
0.0000
0.0000
0.0000
0.0000
0.0000
0.0000
0.0000
0.0000
0.0000
0.0000
0.0000
0.9702
0.5195
0.0000
0.0000
0.0000
1.2959
0.4467
0.0000
1.0723
0.0000
0.0000
0.0000
0.0000
4.9851
3.0902
0.0000
0.0000
1.2504
0.0000
0.4419
0.0000
1.7762
0.0000
0.0000
1.8333
0.9316
0.0000
0.0000
0.0000
0.0000
0.0000
0.4052
0.0000
1.2830
0.0319
0.0000
2.3698
0.0000
1.8154
0.0000
0.4661
0.0000
0.0000
0.0000
0.0000
0.5179
0.0000
0.0000
0.0000
0.0000
0.9104
0.3670
0.9769
0.0000
0.0000
0.0000
0.3922
0.0000
0.6426
0.0000
0.0000
0.6848
1.4151
0.0000
0.0706
0.0000
0.3253
0.0000
1.2520
2.1453
0.0000
0.0000
0.0000
0.0000
0.0000
0.0582
0.0000
0.1075
0.0000
0.0000
0.0000
0.0000
0.0000
0.0000
0.0000
0.0000
1.9758
0.0000
2.1956
0.0000
0.0000
2.0476
0.0000
0.0000
0.0000
0.0000
0.7915
0.0000
0.0000
1.2693
0.7297
0.0000
0.0000
1.2993
1.4560
1.8911
0.0000
0.3645
0.0000
1.4778
0.0000
0.0000
0.0000
0.0000
0.0000
0.7171
0.0000
0.0000
0.0000
0.0000
0.8872
0.0000
0.0000
0.0000
0.0000
0.3922
0.0000
0.0000
0.9986
0.3352
0.6756
0.0000
0.3625
0.8354
0.0000
3.9442
0.1256
1.3364
3.7428
1.4777
0.0000
1.7446
0.3188
0.0000
0.0000
0.0000
0.0000
0.0000
0.0000
0.0000
0.0000
0.0000
0.0000
1.5020
0.0000
0.9428
0.0000
3.7113
0.3353
0.0000
0.6418
2.6999
3.2504
0.0000
0.9464
0.0000
0.0000
1.2224
3.8839
0.0000
0.0000
0.0000
0.5256
0.5783
0.0000
0.0000
2.8134
0.0000
0.0000
2.2748
0.0000
0.9305
0.0000
0.0000
0.0000
0.0000
2.9542
0.0000
0.0000
0.0000
0.0000
0.0000
1.4149
0.0000
1.3487
0.3527
0.7952
0.0000
0.0000
2.5063
0.0000
0.0000
1.4541
0.0000
0.0000
0.0000
0.0000
0.0000
2.4327
0.0000
0.0000
0.0000
0.0000
0.0000
0.6430
0.1975
0.7719
0.0000
0.0000
0.0000
0.0051
0.0000
0.0000
0.0000
1.8702
0.0000
0.0000
1.4986
0.0000
0.0000
0.1756
1.2258
0.0000
0.0000
0.2919
3.8974
0.0000
0.0000
1.9613
0.0000
0.0000
1.3154
0.3891
0.0000
0.0000
1.4340
0.0000
0.0000
0.0000
0.0000
0.0000
1.6078
0.0000
0.0000
0.0000
0.1316
0.0000
0.0000
1.1053
0.0000
0.4431
0.0000
0.2363
0.0000
0.0000
0.0000
0.0000
0.0000
0.0000
0.0000
1.4405
1.2384
0.0000
3.1326
0.0000
0.0377
0.1064
0.7661
0.0000
0.0000
0.0000
0.0000
0.0000
0.0000
0.0000
0.0000
0.9654
0.0000
0.0000
0.0000
0.0000
0.0000
0.0000
0.0000
0.0000
0.0000
0.1318
0.0000
0.0000
0.8707
0.8357
0.0000
0.0000
0.0000
4.2910
0.0000
0.0000
0.0000
0.0000
0.0000
0.0000
0.0000
0.0000
0.2534
0.0000
0.0000
0.0000
1.0255
0.0000
0.0978
0.0000
0.0000
0.0000
0.0000
0.0000
0.0000
1.8207
0.0000
0.1883
0.0000
0.0000
0.0000
0.0000
1.5340
0.0000
0.0000
0.0000
0.0000
0.0000
1.0446
0.0000
0.5422
0.2914
0.0000
0.0000
0.1194
0.0000
0.0000
0.0000
0.0000
0.1187
0.0000
0.0000
1.7176
0.9186
1.7559
0.0000
0.0000
0.0000
0.0000
0.8132
0.1071
1.4915
0.1635
1.6684
0.0000
2.1973
0.0000
1.8334
0.5537
0.0000
0.0000
0.0000
0.3159
0.0000
1.6786
0.0000
0.0000
0.0000
0.0000
1.3249
0.0000
0.0000
0.6579
0.5567
0.0000
0.0000
0.0000
0.0000
0.0000
0.0000
0.0000
1.1655
0.0000
0.3073
0.0000
0.0059
0.6400
0.6981
0.0000
0.0000
0.0000
1.9775
0.1675
0.9168
0.0000
0.0000
1.1361
1.5113
0.0000
0.9780
0.9327
0.0000
0.0000
0.0000
0.0000
0.9035
0.7614
0.0942
0.0000
0.0000
1.3325
0.5061
0.0000
0.0000
0.0000
1.5141
0.0000
0.0000
0.0000
0.0000
0.0000
1.3339
0.5986
0.0000
0.0000
0.0000
0.0000
0.6165
1.8238
0.0000
0.0000
0.3116
0.0000
0.0000
0.0000
0.0000
0.0000
0.0000
0.0000
0.0000
2.5066
0.0000
0.0000
0.0000
0.0000
0.9576
0.0000
0.0000
0.0000
0.0000
0.0000
0.0436
0.0000
0.0000
0.0000
0.0000
0.7440
1.1303
0.0000
0.0000
2.1264
0.0000
0.0000
0.0000
0.0000
0.0000
0.0000
0.0000
0.8263
0.0000
0.0000
0.0000
0.0000
0.0000
0.0000
0.0000
0.6769
0.0000
0.0000
0.0000
0.0000
0.0731
0.2038
0.0000
0.7193
0.0000
0.0000
0.0000
0.0000
0.0000
0.1368
0.0000
0.0000
1.9663
3.8825
2.1516
0.0000
0.0000
0.4161
0.0000
0.2077
0.0000
0.0000
0.6130
0.4259
2.2186
0.0000
0.6478
0.0000
0.9102
0.0000
2.3641
0.1535
1.8464
0.0000
0.0000
0.0000
2.4292
0.0000
1.1764
0.0000
0.1050
0.0000
0.0000
0.0000
0.0000
1.3613
0.0000
0.6739
2.8835
0.2119
0.0000
0.4117
0.0000
1.6236
1.1080
0.0000
0.0000
0.0000
0.0000
0.0000
0.6890
2.3709
1.1404
0.0000
0.0000
0.3506
0.0000
0.0000
1.4662
1.2362
1.9183
0.0000
0.0000
0.0000
0.4602
0.2990
4.1038
0.3923
0.6294
0.0000
0.0000
3.2736
1.2729
0.0000
0.0000
0.0000
0.0000
0.0000
2.6782
0.0000
0.0000
2.1289
0.0000
0.0000
0.0000
0.0000
1.3425
0.8802
0.0000
0.6723
0.0000
0.0000
2.6434
1.6292
0.0000
0.3377
0.0000
0.2619
0.0000
0.0000
3.4335
0.3165
0.0000
0.0000
1.9164
0.1628
0.0000
0.0000
0.0000
0.0000
0.6108
0.0000
4.9973
0.0000
0.0000
0.0000
0.0000
0.0000
0.0000
1.8331
0.3365
0.0000
0.0000
0.6262
0.0000
0.0000
0.0000
0.0000
1.0457
4.8505
0.0000
0.0000
0.0000
0.0000
0.0000
0.0000
0.0000
0.0000
0.0000
0.0010
1.8027
0.0000
0.9329
3.7857
0.7284
0.0000
0.0000
0.0000
0.0000
0.0000
1.0985
0.0000
1.2985
0.0000
0.0000
0.0000
0.3254
0.0000
2.9108
0.0000
1.1831
0.0000
0.0000
0.0000
0.0000
0.8466
0.0000
0.0000
0.6689
0.6926
0.0000
0.0000
0.0000
0.0000
2.6368
0.0000
1.6313
0.2747
0.9969
0.0000
0.0000
0.0000
0.0000
0.0000
0.0000
2.1921
0.1286
1.1321
0.1098
0.0000
0.3036
0.0000
0.0000
0.0000
0.0000
0.0000
1.4407
3.1482
0.0000
0.0000
0.0000
0.0000
0.7666
0.0000
0.0000
0.6045
0.0000
0.5304
0.0000
1.8865
0.0000
0.0000
0.0000
0.6798
0.0000
0.0000
0.0000
0.0000
0.0000
0.0000
0.0000
0.5807
0.0000
0.0000
0.5810
3.5550
0.0000
0.0000
0.0000
0.0000
0.3882
3.5570
0.0000
0.0000
0.0000
0.0000
0.8264
0.0000
0.8071
0.2043
0.9404
0.0000
0.6445
0.0000
0.0000
1.5606
0.0000
1.6886
0.0000
0.0000
0.0000
1.5592
0.0000
0.0000
0.0000
0.0000
0.0000
0.8792
2.2942
0.0000
0.0000
0.0000
0.1435
0.0000
0.0000
0.0000
0.9643
3.8923
0.0000
1.3548
2.4684
2.9095
0.0000
0.0000
0.0000
0.9147
0.0514
0.0000
0.0000
0.0000
0.5677
0.0000
0.4289
0.1114
0.0000
0.2533
1.2373
0.0136
0.0000
0.9371
0.7791
0.0000
0.0000
0.0000
2.3453
0.6288
0.7092
0.0000
0.0000
0.0000
0.0000
2.5513
0.0000
0.0000
0.0000
0.0000
0.6140
0.4723
0.7178
0.1777
0.0000
0.0000
0.3911
1.2160
0.0000
0.0000
0.0000
1.8838
0.0000
2.1646
0.0209
0.0000
1.4682
0.0000
0.0000
0.0000
0.0000
0.0000
1.8605
0.0000
0.0000
0.0000
0.1332
1.7407
0.0000
2.2323
0.0000
0.0000
0.0000
0.0000
1.1474
0.8999
0.0000
0.0000
0.5140
1.1645
0.0000
2.6389
0.0000
0.0000
0.0000
0.0000
0.0000
1.4679
0.0000
0.0000
0.0000
0.0273
0.0000
0.3099
0.2812
0.0000
1.1737
0.0000
0.0000
0.0000
0.0000
0.0000
0.0000
0.6053
0.0000
0.9342
0.0000
0.3682
0.0000
0.0000
0.0000
0.0352
0.3589
1.0786
0.0000
2.0430
0.7992
0.2726
0.0000
0.9607
0.0000
0.0000
0.9617
0.1374
0.0000
0.0000
1.3351
0.0000
0.0000
0.0000
0.0000
1.2850
0.5827
0.2211
0.0000
0.0000
0.0000
0.0000
1.1934
0.0000
0.0000
0.0000
1.0214
0.6130
0.0000
0.0000
0.0000
0.0000
1.4946
0.0000
0.0000
0.1054
0.0000
0.0000
3.8236
0.0000
0.0000
4.2977
0.5203
0.0000
0.1872
0.0000
0.9802
0.0000
0.2822
1.4163
0.0000
0.0000
1.4406
2.9764
0.9057
1.4215
2.7694
0.0000
0.5404
0.0000
0.0000
1.2246
0.0000
0.0000
0.0000
0.6718
4.0189
0.0000
0.0000
0.6016
0.0674
0.1185
0.0000
1.2038
0.0000
0.0000
1.1561
0.0000
0.0000
0.0000
0.0000
0.0498
0.0000
0.0000
0.0000
0.0000
0.0000
0.0000
0.0000
0.0000
0.0000
0.0000
0.0000
0.0000
0.0000
0.0000
0.3398
0.0000
0.0000
2.1136
0.0000
0.0000
0.0000
0.0000
0.0000
0.0000
0.8395
0.0000
0.0000
0.0000
0.0000
0.0000
2.2354
0.9209
0.0000
0.0000
0.0000
2.7032
0.7672
0.4550
0.0000
0.0000
0.9917
0.0342
0.0000
0.0000
0.0000
2.2754
0.5840
0.0000
0.0000
0.0000
0.0000
0.0000
0.0000
0.0000
2.4795
0.2036
0.0000
0.3641
4.3107
0.0000
1.0960
0.0000
0.0000
0.0000
0.0000
4.0242
0.0000
0.0000
0.0000
0.0000
0.5561
0.0000
0.0000
0.8008
1.1673
0.0000
0.0000
0.1057
0.0000
0.0000
0.0000
0.0000
0.0000
0.0000
2.0537
0.0000
3.9286
0.0000
0.9375
1.0563
0.0000
1.6362
0.0000
1.3363
0.0000
0.8756
2.0332
0.0000
0.0000
0.0000
0.5039
0.0000
0.0000
1.6059
0.0000
0.0000
0.0000
0.0000
0.0000
0.0000
2.2808
0.0000
0.0000
0.0000
2.5232
2.1693
0.0000
0.0000
0.0000
0.0000
1.3888
0.0000
0.0000
1.3340
1.6453
0.0000
0.0000
2.3358
0.3437
4.3887
0.7205
0.7823
0.0000
2.9631
0.0000
0.0000
0.0000
0.0000
0.0000
0.0000
0.0000
0.6282
2.6911
1.3117
3.1471
0.3043
0.0000
2.3279
0.0000
0.0000
0.0000
0.0000
0.0000
2.4952
0.0000
0.0000
3.2032
0.0000
0.0000
0.0000
2.8614
0.0000
1.7663
0.0000
0.0000
0.0000
0.7115
0.8088
1.3544
1.4171
0.0000
0.6046
0.1006
2.0646
1.5418
0.0000
0.0000
0.0000
0.0000
0.0000
0.0000
0.0000
0.0000
0.0000
0.0000
0.0040
0.4223
0.1274
0.4061
0.8122
0.0000
0.0000
0.0000
2.3584
0.9778
0.2293
0.0000
0.6600
1.7949
0.0000
0.9878
0.0000
0.0000
0.0000
0.0000
2.3953
0.0000
0.0000
0.0000
0.0000
3.8260
0.1463
1.1642
2.1121
0.0000
1.1503
0.0000
1.8924
0.0000
0.3559
0.0000
1.5866
1.1603
0.4054
0.0000
0.0000
0.4043
0.0000
0.0000
0.0000
0.0000
0.0000
0.9288
0.0000
0.0718
0.0000
0.0000
0.0000
3.6780
0.0000
0.0000
0.0000
0.0000
0.1550
0.0000
0.0000
0.0000
0.8261
0.0000
0.0000
1.4997
0.0000
3.0237
0.1846
0.0000
0.0000
1.5076
1.2220
0.0000
0.0000
0.0000
0.0000
0.0000
1.3105
0.0000
0.0000
0.0000
1.4945
0.0000
0.0000
0.0000
0.0000
0.0000
0.0000
0.0000
0.1970
0.0000
0.0000
0.0000
3.3338
0.0000
1.9435
1.2385
2.2498
0.6307
0.4535
0.0000
1.8043
0.0000
0.0000
0.0000
0.0000
0.0861
0.0000
4.1009
0.0000
0.0000
4.2603
0.0115
2.1607
0.0000
0.0000
2.5553
0.3217
0.0000
0.0000
0.0000
0.0000
0.0000
0.0000
0.0667
1.3041
0.7983
0.0000
0.0000
0.0837
0.0000
0.0000
0.6756
0.0000
2.0457
0.0000
0.0000
0.2611
0.0000
