0.0000
0.0000
0.0000
0.0000
0.0000
0.0172
0.0000
0.3534
0.0000
0.7440
0.0000
0.0000
0.0000
0.0000
0.0000
0.0000
0.0000
0.0000
0.0000
0.0000
0.0000
0.0000
2.8117
0.0000
0.6916
2.2715
0.0000
1.7310
0.0000
0.0000
0.0000
0.0000
3.0261
0.0000
1.7677
0.0000
0.0000
0.5056
1.3560
0.0000
0.0000
0.0000
0.0000
0.0000
0.0000
0.8143
0.0000
0.0000
1.9369
0.1220
0.0000
0.0000
0.0000
0.0000
0.0000
0.0000
0.7980
0.0000
0.0000
0.0000
0.0000
3.5875
0.0000
1.4256
0.0000
0.0000
0.0000
0.0000
0.0000
0.0000
0.6845
2.9300
0.0000
0.0000
0.0000
0.0000
0.0000
0.0000
0.4883
0.0374
0.0000
0.0000
0.0000
0.0000
0.0000
0.4297
1.7137
2.2208
4.6769
0.0000
0.0000
0.0000
0.0000
1.0504
0.1372
0.0000
0.0000
0.0000
3.5675
0.0000
0.0000
0.0000
0.8285
0.0000
0.3535
0.0000
0.0000
0.0000
1.3390
4.0555
0.0000
0.0000
1.0401
0.1621
0.0000
0.0000
0.0000
0.0000
0.0000
0.0000
1.9986
1.2760
1.2708
0.0000
0.6393
0.0000
0.0000
1.2757
0.0000
0.0000
0.0000
0.0000
0.0000
0.0000
3.4482
0.0000
1.2159
2.8378
0.0000
2.6370
1.5823
0.0000
0.4334
2.3807
2.7981
0.0000
0.5206
2.4723
0.0337
0.0000
0.0000
1.5510
0.2185
0.0000
0.0000
0.0000
0.0000
0.8683
0.0290
0.0000
1.7273
0.0000
0.3502
0.0000
0.0000
0.7055
0.0000
0.4818
0.0000
2.7397
0.0000
0.0000
0.0000
0.0000
0.0000
0.0000
0.0000
0.0668
0.0000
4.9625
1.1115
3.0590
0.0664
0.0000
0.0000
0.0000
0.0000
0.0000
0.8362
1.0543
0.3031
0.0000
0.0000
0.8834
0.5251
0.0000
0.0000
1.9311
1.5851
3.2600
0.0000
0.0000
0.0466
0.0000
0.4494
0.2799
0.0000
0.0000
0.0000
0.0000
0.0000
0.0000
0.0000
0.0000
0.0000
0.0000
0.0000
0.0000
0.7294
0.0000
0.0000
0.0000
0.0000
0.0000
0.6309
0.0000
0.0000
0.0790
0.0000
0.0000
0.0000
0.0000
0.0000
0.0000
3.4621
0.0000
0.0161
0.0000
2.0271
0.0000
0.0000
0.0000
0.0000
0.0000
0.0000
0.0000
0.0000
0.0000
0.0000
0.0000
0.0000
0.0000
0.0000
0.9576
0.0000
0.7138
0.0000
0.0000
0.2242
0.0000
0.0000
0.6834
0.0000
0.0000
0.0000
0.0000
1.0172
0.0000
0.0000
0.1299
3.2748
0.0000
0.0000
2.7709
0.0374
0.0000
0.0000
1.2621
2.9500
0.0000
0.1407
0.0000
0.0411
0.0000
0.0000
0.0000
0.0000
0.0000
0.0000
0.0000
0.0000
0.0000
0.0000
0.0000
2.5634
0.0000
0.0000
0.4745
0.0000
1.5889
0.0000
0.0000
0.0000
0.7644
1.0622
0.0000
0.0000
0.0000
0.0000
0.0000
0.0000
0.4308
0.0000
0.0000
1.8552
0.0000
0.0000
0.0000
0.0000
1.0003
1.0174
1.0401
0.0000
0.0000
0.0000
2.5680
0.0000
0.5609
0.0000
2.5776
0.0000
0.0000
0.0000
0.0000
0.0000
0.5038
0.3648
0.0000
0.0000
1.6839
0.0000
0.0000
0.0000
0.4732
0.0000
5.0363
0.0000
0.0000
0.0000
0.0000
0.0000
2.8955
0.0000
0.0000
0.6114
4.2476
2.6278
0.0000
0.1906
0.0000
0.0000
0.0000
0.0000
0.0000
0.0000
0.0000
0.0000
0.0000
0.0000
0.0000
0.0000
1.4014
0.0000
0.0000
1.5947
0.0000
0.0000
2.0691
0.0000
0.0000
3.7039
0.0000
0.0000
0.0000
0.0000
0.0000
0.9709
0.0000
0.0000
0.3959
2.5485
0.0000
0.0000
0.0000
0.0000
0.3162
0.0000
0.0000
0.0000
0.0000
0.0000
0.4841
0.0000
0.0000
0.0000
0.0000
0.0000
0.0000
3.2519
0.0000
0.0000
0.0000
0.0000
4.1270
0.0000
0.0000
0.0000
0.0000
0.0000
0.0000
0.0452
0.0000
1.1764
0.0000
0.0000
0.0000
1.6077
0.0000
0.0000
0.0000
0.0000
0.0000
0.0000
0.0000
0.0000
0.0000
0.9338
0.0000
2.3335
0.0000
2.9572
1.5205
0.0000
0.0000
4.0788
1.9823
0.0000
0.0000
2.6267
1.2874
0.1953
0.0000
0.0000
0.0000
0.0000
0.1788
0.0000
1.3758
0.0000
0.0000
0.4222
0.0000
0.0000
0.0000
0.9854
0.0000
0.0000
0.0000
0.0000
0.0000
0.0000
0.3142
0.5121
0.0000
0.0000
1.0569
0.4700
0.0000
0.0000
0.0000
0.0000
0.0000
0.0000
1.8954
0.3274
1.2219
0.0000
1.8573
0.0000
3.8487
0.0000
0.0000
0.0000
0.0000
0.0000
1.5809
0.0000
0.0000
0.0000
0.0000
0.0000
0.0000
2.1818
0.0000
0.0548
0.0000
0.0000
0.0000
0.3694
2.3087
2.5699
0.0420
0.0000
0.0000
0.6466
0.6512
0.0000
1.1634
5.1416
0.0000
2.1560
3.7238
0.0000
0.1146
0.0000
0.0000
0.8227
0.0000
0.0000
0.0000
0.9723
0.0000
1.5949
0.0000
0.0642
0.5349
0.0000
0.7914
1.4685
0.0000
0.0000
0.0000
0.0000
0.2011
0.0000
0.0000
0.0000
0.0000
0.0000
0.0000
0.0000
0.9923
0.0000
0.0000
0.0000
0.0000
0.2264
0.0000
0.2526
0.0000
0.2870
1.8530
0.0000
0.0000
0.0000
1.2503
0.0000
0.0000
0.0000
0.0000
0.0000
0.0000
0.0000
0.0000
0.0000
0.0000
0.0000
0.0000
0.0000
0.0000
0.0000
0.0000
0.0000
0.0000
0.0000
0.0000
0.0000
1.6062
0.3582
0.0000
0.5941
0.0000
0.0000
0.0000
0.0000
0.0000
0.0000
0.0000
2.6670
0.0000
0.0000
2.0724
0.0000
0.0000
0.5865
0.1675
0.4613
0.0000
0.0000
0.0000
0.0000
1.0142
0.0000
2.7304
0.0000
1.3543
1.6774
0.0000
0.4832
0.0000
0.0000
0.0000
0.0000
0.0000
0.0000
0.4560
0.0000
0.0000
0.0000
0.0000
0.0000
0.0000
0.0000
0.3967
1.4315
1.4753
0.0000
0.2486
0.0000
0.0000
0.0000
0.0000
0.0000
0.0000
0.0000
0.0000
0.0000
0.3615
1.0727
0.0000
0.0000
0.2986
2.5528
0.0000
0.0000
0.0000
0.0000
0.0000
0.0000
0.0000
0.0000
2.8295
0.6869
0.0000
0.0000
0.0000
0.5002
0.0000
0.0000
0.0000
1.0370
0.0000
0.0000
0.0000
0.0000
1.2598
1.2137
0.0000
0.0000
0.0000
0.0000
1.3582
0.0000
0.0000
0.0000
2.0586
0.0000
0.0000
0.0000
1.8978
0.9504
0.0000
2.9890
0.0000
0.9938
0.0000
0.0000
0.0000
0.0000
0.0000
1.1705
0.0000
1.0914
0.0000
0.0000
0.0000
0.0000
0.0000
0.0000
0.5933
0.0000
4.8039
0.0000
0.0000
0.0000
0.0000
0.0000
0.0000
0.0000
0.0000
0.0000
0.0000
4.0089
0.6847
0.0000
0.0000
0.0438
0.0000
0.0000
2.7724
0.0000
0.0000
0.0000
2.0894
0.0000
0.0000
0.0000
0.0623
0.3158
2.6799
0.3103
0.0000
0.0000
0.9333
0.0000
0.0000
0.0000
0.0000
2.1394
0.0000
0.0000
0.0000
0.0000
0.0000
0.0292
0.0000
0.0000
0.0000
0.0000
0.0000
0.7668
0.0000
1.7340
0.0000
0.0000
0.5351
0.0000
0.4838
0.0000
0.0000
1.3112
0.0000
0.0000
0.0000
0.0000
0.0000
0.0000
0.0000
1.3344
0.2834
0.0682
0.0000
0.0000
0.0000
0.0000
0.0000
1.6206
0.0047
0.0000
0.0000
0.0000
0.0000
0.6959
1.1155
0.0000
0.0000
0.0000
0.0000
0.0000
0.0000
0.0000
0.0000
3.8712
0.0000
0.0000
0.0000
0.0000
0.0000
0.0000
0.0000
0.5502
0.0000
0.0000
0.6763
0.0000
0.0000
0.6912
0.0000
0.0000
1.2944
0.9448
0.0000
0.0000
0.0000
0.0000
0.0000
0.0000
0.0000
0.0000
0.0000
0.1460
0.0000
0.0000
0.0000
0.0000
0.0000
0.0000
0.8449
0.0000
0.0000
0.0000
0.0000
0.0000
0.0000
0.0000
0.0000
0.0000
0.0000
0.2139
0.0000
0.0000
0.0000
0.0000
0.0000
0.0000
0.0000
0.0000
0.0000
0.0000
0.0000
1.2609
0.6515
0.0000
3.3734
0.0000
0.0000
0.3279
0.0000
0.0000
0.0000
0.0000
0.0000
2.3562
0.0000
0.0000
1.5130
0.0000
1.0780
0.0855
0.0000
0.0000
0.0000
0.0000
0.0000
0.0000
0.0000
0.3696
0.0000
0.0000
0.0000
1.0868
0.0000
1.3930
0.0000
0.1837
0.0000
0.0000
2.0410
0.3960
0.0000
0.0000
0.0000
0.0000
0.0000
0.0000
0.0000
0.0000
0.0000
0.0000
1.2229
0.0000
0.0000
3.4897
0.1160
0.0000
0.0000
0.0000
0.0000
0.0000
0.0000
0.0000
0.0000
2.3983
0.0000
0.0000
0.8918
1.7827
0.0000
0.0000
0.0000
0.0000
0.0000
0.0000
0.3683
0.0000
0.0000
0.0000
0.0000
0.0000
0.0000
0.0000
0.0000
0.0000
0.0000
0.6563
1.3466
0.0000
0.0000
0.0000
5.0798
0.3267
0.4841
0.0000
0.0000
0.0000
0.0000
1.3606
0.0000
0.0000
0.2651
0.0000
0.1283
0.0000
0.5722
0.0000
0.0000
0.0000
1.3573
1.9328
0.0000
0.0000
0.0000
0.0000
0.0000
0.0000
0.0000
0.0515
0.0000
0.0000
0.0000
0.0000
0.5232
0.0000
2.2376
2.4895
0.4341
1.1087
0.0000
0.0000
0.0000
0.1288
0.0000
0.0000
0.0000
0.0000
0.0000
0.0000
0.0000
0.0000
2.2873
1.2984
0.0000
0.0000
0.1250
0.0000
1.1727
0.0000
0.0000
0.0000
4.0175
0.0000
0.6944
0.0000
1.9029
0.0000
0.0000
0.4650
2.1057
0.0000
2.4519
0.0000
0.0000
0.0000
0.0000
0.0000
0.6137
0.7410
0.0000
0.0000
1.0015
1.5632
0.0000
0.0000
0.0000
1.9286
0.0000
0.0000
0.0000
0.4432
0.0000
0.0000
2.4675
0.0000
0.0000
0.0000
0.0000
2.3856
0.0000
0.0000
0.0000
1.5525
0.0000
0.0000
0.0000
0.0000
0.0000
0.0000
0.0000
0.0000
0.0000
5.1375
1.0895
0.7161
0.0000
2.0102
0.5415
0.0000
0.0000
0.0000
0.1030
2.4339
0.0000
0.0000
0.0000
0.0000
0.0000
1.1115
0.0000
0.0000
0.0950
0.0000
0.0000
0.0000
0.0000
0.0000
0.3034
0.0000
0.8853
0.0000
0.0000
0.0000
1.9297
0.0000
0.0000
2.0534
0.0000
0.0000
0.3831
0.0000
0.0000
0.0000
0.6080
0.0000
0.0000
1.2220
0.0000
0.0000
0.0000
0.0000
0.5722
0.0000
0.0000
1.4192
0.0000
0.4903
0.0000
2.2275
0.0000
0.0000
1.2226
0.0000
0.0000
0.0000
0.0000
1.4664
0.0000
0.1758
0.0000
0.0000
0.0000
0.0000
0.0000
0.0000
0.5606
0.0000
0.0000
0.0000
0.0000
0.0000
0.0000
0.0000
0.0000
0.0000
0.0000
0.4444
1.3802
3.5849
0.0000
0.0000
0.0000
0.0000
0.0000
0.0000
0.1054
0.0000
0.0000
0.0000
0.0000
0.0000
0.4865
0.0000
0.0000
0.0000
0.0000
0.0000
0.0000
2.1765
0.0000
0.0000
0.0000
3.2760
0.0000
0.0000
0.0000
2.9562
1.3273
0.0000
0.5670
0.0000
0.0000
0.0000
1.1705
0.0000
0.0000
0.0000
0.0000
0.0000
0.0000
0.3320
0.0000
2.3511
0.0000
0.0000
0.0000
1.4254
0.0000
0.0000
0.0000
0.0000
0.0000
3.3819
1.0955
0.0000
0.0000
0.0000
0.0000
0.0494
0.0000
0.0000
0.0000
0.9650
0.0000
0.9309
0.0000
1.6341
0.0000
0.0000
0.0000
0.0000
0.0000
0.0000
0.0000
0.0000
4.2963
0.0000
0.0000
0.0000
0.4528
0.0000
0.0000
0.0000
0.0000
0.0000
0.0000
0.0000
0.0000
1.6658
0.0000
0.0000
0.0000
0.0000
0.0000
0.0000
0.3266
0.8020
0.0000
0.0000
0.0000
2.4424
0.0000
0.0000
0.0000
2.3873
0.0000
0.0000
0.0000
0.0000
1.7885
0.0000
0.0000
0.0000
0.0000
0.0000
0.0000
0.0000
0.0000
0.0000
0.0000
0.0000
0.0000
0.0000
2.6598
2.8554
0.0000
0.0000
1.0115
0.0000
0.0000
2.1963
0.1636
0.0000
0.0000
2.0505
0.0000
0.0000
0.0000
0.6055
0.0000
0.0000
0.0000
0.0000
0.2584
0.0000
0.0000
0.0000
1.5553
0.7447
0.0000
0.0000
0.0000
0.4056
0.0000
2.1865
0.0000
0.0000
1.6676
0.0000
0.0000
0.0000
0.0000
0.0000
0.0000
0.0000
0.0000
0.1610
0.1613
0.0000
0.0000
0.0000
0.8860
0.2210
0.0000
0.0000
0.0000
2.1033
0.0000
0.0000
0.0000
0.0000
0.0000
0.0000
0.0000
0.0000
1.1415
0.0000
0.0906
0.0000
0.3203
0.0000
0.0000
0.0000
0.0000
0.0000
0.0000
0.0000
0.0000
0.0000
0.0000
0.0000
0.0000
0.0000
0.0000
0.0000
0.0000
0.0000
0.0000
0.0000
0.0000
0.0000
1.2190
0.0000
0.0000
1.2594
0.0000
0.0462
0.0000
0.0000
0.0000
2.2699
3.0901
0.0000
0.6334
0.0000
0.0000
0.0000
0.0000
0.0000
0.0000
0.1893
0.0000
0.0000
0.0000
0.0000
0.5171
1.6686
0.0000
0.0000
0.2543
0.0000
0.0000
3.0621
0.0000
3.7777
0.0000
0.0000
1.4618
0.0000
2.2723
3.1685
3.8304
0.0000
0.3083
0.0000
0.0000
0.0000
0.0000
0.0000
0.8354
0.0000
0.0000
0.0000
0.0000
0.0000
0.0000
0.0000
0.0000
0.0000
0.6035
0.9026
0.0000
0.0000
0.5874
0.0000
0.0000
0.0000
0.0000
0.0000
2.7726
0.0000
0.0000
0.3340
0.6064
0.0000
0.7113
0.0000
0.0000
0.0000
0.0512
0.0000
0.0000
0.0000
0.0000
0.0000
0.0000
1.1631
0.0000
0.0000
1.6094
0.0000
3.4512
0.0000
0.1236
0.0000
0.0000
0.0000
0.0000
0.0000
0.7673
0.0000
0.0000
0.0000
0.0000
2.5185
1.8510
0.0000
0.0000
0.0000
0.2539
0.0000
0.0000
0.0000
0.0000
0.0000
0.0000
0.7981
0.0000
1.6954
0.0000
1.6136
0.0000
0.0000
0.0000
0.0000
0.0000
0.0000
2.1143
6.1258
0.9073
0.0000
2.2145
0.0000
0.4380
0.0000
0.0000
0.0000
0.4266
0.0000
0.0000
0.0000
0.0000
0.0000
0.0000
0.0000
2.5067
0.0000
1.4080
0.0000
0.0000
0.0000
0.0000
0.0000
0.0000
3.9241
0.0000
0.0000
0.0000
0.2256
0.0000
1.4099
2.4336
1.9514
1.4038
0.0000
0.0000
0.0000
0.0000
0.0000
0.0000
0.8062
0.1013
0.0000
0.6137
0.0000
0.0000
0.0000
0.0000
0.0000
0.0000
0.0000
1.1634
0.0000
0.0000
0.0000
0.0000
0.0000
0.0000
0.0000
0.0000
0.0000
0.0000
0.0000
3.3391
0.0000
0.0000
0.0000
0.0000
0.3779
0.0000
0.0000
0.0000
0.0000
1.2471
0.0000
0.6679
0.0000
0.0000
0.0000
1.7096
0.5178
0.0000
0.0000
0.0000
0.0000
0.0000
0.0000
4.1746
0.0000
0.0000
0.0000
0.0000
0.0000
0.0000
0.0000
0.0000
0.0000
0.0000
0.0000
0.0000
0.0000
0.0000
0.0000
1.2234
0.1306
0.0000
2.0895
0.0000
0.0000
0.0557
0.0000
2.9165
0.0000
0.0000
0.6134
2.6953
0.0000
3.8739
0.0000
0.0000
0.3229
0.0000
0.0000
0.0000
0.0000
0.0000
0.0000
1.6028
0.0000
0.0000
1.7141
1.4107
2.5540
0.0000
2.8760
0.0000
0.0000
0.0000
0.0000
1.5971
0.0000
0.0000
0.0000
1.9936
0.7888
0.0000
0.3208
0.0000
0.0000
0.0000
0.0000
0.0000
0.0000
0.0000
0.0000
0.0000
0.0000
0.0000
0.7623
0.0000
0.8653
0.0000
1.9755
0.0000
0.0000
0.0000
0.0740
0.0000
0.0000
0.0000
2.0975
1.6887
0.8213
0.0000
0.0000
0.0000
0.4293
0.0000
1.4721
0.1305
0.0000
0.0000
0.0000
0.0000
0.0000
0.0000
0.7439
0.0000
1.2903
1.5733
0.0000
0.0000
0.0000
0.0353
0.0000
0.0000
0.0000
0.0000
0.0000
0.0000
0.1881
0.0000
0.0000
0.0000
0.0000
0.0000
0.0000
0.0000
0.0000
0.0000
0.0000
0.0000
0.0000
0.0000
0.0000
0.9338
0.0000
0.6958
0.0000
0.0000
0.0000
4.7377
0.0000
0.0000
0.0000
0.0000
0.0000
1.7307
1.7358
3.7766
0.0000
1.7103
0.0000
1.6931
0.0000
0.6616
0.0000
0.0000
1.3641
0.0000
0.0000
0.0000
0.0000
0.0000
0.0000
0.0000
2.0381
1.5291
0.0000
2.0062
0.0000
0.0685
0.0000
0.0000
0.0000
0.0000
0.0000
1.0392
0.0000
1.9426
4.6672
0.0000
0.0000
0.4882
0.3227
0.0000
0.2703
1.8699
0.9168
0.0000
1.0564
0.0000
1.7652
2.4126
0.0000
2.5820
1.1909
0.0562
0.2816
0.0000
0.0000
0.0000
0.0000
0.0000
1.6061
1.1660
2.4210
0.0000
0.0000
2.7522
0.0000
1.7457
0.0000
0.0000
0.0000
0.0000
0.0000
0.0000
0.0000
0.7608
0.0000
0.0716
0.4604
0.0000
2.9026
0.0000
0.8601
0.0000
0.9447
0.0000
0.0000
0.0000
1.5022
2.3892
0.0000
0.3258
0.7190
0.0000
0.0000
2.5356
0.0000
0.0000
0.0000
0.0000
0.5460
0.0000
0.0000
0.0000
0.0000
0.0000
0.0000
0.0000
0.0000
2.0097
0.0000
0.0000
0.0000
0.0000
3.4846
0.0000
4.3541
2.3668
0.2441
0.0000
0.0000
0.0000
0.0000
0.0000
0.0000
2.2391
0.0000
0.8668
0.0000
0.0000
0.0000
0.0000
0.5641
0.0000
0.9797
0.0000
0.0000
0.0000
0.0000
0.4052
0.0000
0.2831
0.0000
1.9221
0.0000
0.0000
0.0000
0.0000
0.7628
0.0000
0.0000
0.0000
0.0000
0.4439
0.0000
0.8652
0.0000
0.0000
0.0000
0.5027
0.0000
1.2066
0.0000
0.0000
0.0000
0.0000
0.0000
0.0000
0.8784
0.0000
2.2211
0.0000
0.0000
0.0000
0.0000
0.0000
0.0000
0.0000
0.0000
0.0000
0.0000
0.2938
0.0000
0.0000
0.0000
3.4169
0.0000
0.0000
0.0000
0.0000
0.0000
0.0000
1.0873
1.7173
0.0000
0.0000
0.0000
0.1128
0.0000
1.2969
0.0000
0.0000
0.0000
1.5292
0.0000
0.0000
0.5665
0.4326
1.5032
1.6035
0.0000
1.7280
2.7499
0.0000
0.0000
0.0000
4.5042
0.0000
0.9811
0.0000
0.0000
0.0000
0.0000
0.0000
1.3693
0.0000
1.3262
0.0000
1.3660
0.0000
0.0000
0.0000
0.0000
0.0000
0.0000
0.0000
0.0000
2.1984
0.0000
0.0000
0.3376
4.6253
1.9524
0.0000
0.4650
0.5862
0.0000
0.1426
0.0000
0.0000
3.4256
0.0000
0.0000
2.9607
1.9827
0.0000
0.0000
2.9612
0.0000
0.0132
0.0000
0.0000
1.7811
0.0000
0.0000
0.0000
0.0000
0.4130
0.0980
0.0000
0.0000
0.0000
0.0000
0.9999
0.0000
0.6028
0.0000
0.0000
0.0000
0.0000
1.0085
0.0000
0.0000
0.0000
2.0219
2.2883
0.0000
0.0000
0.0000
0.0000
0.0000
0.5868
2.2965
0.0000
0.0000
0.0000
0.0000
2.7277
0.5752
0.6988
0.0000
0.0000
0.0000
0.0000
2.1903
0.0000
0.0000
0.0000
0.9241
0.0000
0.0000
0.0000
0.0000
0.0000
0.0000
0.0000
0.0000
0.5710
0.0000
0.0000
0.0000
1.9114
0.0000
3.6989
0.0000
0.0000
0.0000
0.5603
0.0000
2.4152
0.0000
0.0000
1.1450
0.9035
0.0000
0.0000
0.0000
1.6361
0.0000
0.0000
0.7584
0.0000
0.0000
0.0000
0.0000
0.0000
0.0000
0.0000
4.7246
0.0000
0.9722
0.0000
0.0000
0.0000
0.0000
0.0000
3.6323
0.0000
0.0000
0.0000
0.0000
0.0000
0.0000
0.0000
0.0000
0.0000
0.0000
0.0727
0.0000
0.6819
0.0000
0.0000
0.2066
0.0000
1.8523
0.0000
0.0000
0.0000
0.0000
0.0000
0.0000
0.7389
0.0000
0.0000
0.0810
5.1037
0.0000
1.2601
0.0655
0.3254
0.0000
0.0000
0.0000
0.0000
0.0000
1.7210
0.0000
0.3085
0.0000
0.9542
0.0000
2.3976
0.0000
1.1370
0.0000
0.0000
0.0000
0.2252
0.0000
0.0000
2.5131
0.0000
1.4217
0.0000
0.0000
0.0000
0.0000
1.3697
0.0000
0.0000
0.0000
0.0000
0.0000
0.0000
0.0000
0.0000
0.2638
0.0000
0.0000
0.0000
0.0000
0.0000
0.4270
2.4262
0.8303
0.0227
0.3605
0.0000
1.5642
0.0000
0.8766
0.0000
0.0000
0.0000
3.0262
1.9345
0.0000
0.0000
0.0000
0.9139
0.0000
0.0000
0.0000
0.0000
0.0000
0.0000
0.0000
0.5955
0.0000
0.0000
0.0000
0.0000
2.7689
0.0000
0.0000
0.0000
0.0000
0.0000
0.0000
0.0000
0.0000
0.0000
0.0000
1.8967
0.0000
0.0000
1.0315
0.1762
0.0000
0.0000
0.0000
0.0000
0.0000
1.5375
0.0000
0.0000
0.0000
0.0000
0.0000
0.0000
0.0771
0.0000
0.0000
0.0000
0.9108
0.0000
0.0000
0.0000
0.0000
0.0000
1.1744
0.0000
0.0000
0.0000
0.4519
0.0000
0.0000
1.9243
0.0000
0.0000
0.0000
2.3605
1.2404
0.0000
0.0000
0.0000
0.0000
2.5506
0.0000
0.0000
0.0000
0.7398
0.0000
0.0000
1.3608
0.0000
1.9724
0.0000
0.0000
0.3525
0.0306
0.0000
0.0000
0.0000
0.9371
0.0000
0.0000
0.0000
0.0000
0.0000
0.0000
0.0000
1.6809
0.0000
0.0000
0.0000
0.0000
0.0000
0.0000
0.0000
0.0000
0.0000
0.5893
0.0000
0.0000
1.2309
0.0000
0.0000
0.6818
0.0000
1.3294
0.1813
0.0000
0.0000
0.0000
0.0000
0.0000
0.0000
1.2626
0.0000
0.0000
0.0000
0.0000
0.4267
0.1683
0.0000
0.0000
1.6094
0.0000
0.0000
0.0000
0.0000
0.1306
1.5501
0.0000
0.0000
0.0000
0.0000
0.0000
0.0000
1.4975
0.0000
0.0000
0.0000
0.4955
0.0000
0.0000
0.1170
0.1099
0.0000
0.0000
0.0000
0.0000
2.5177
0.7190
0.0000
0.0000
0.0000
2.9953
5.8551
0.0000
0.0000
1.4386
0.0000
0.0804
0.0000
0.3294
0.0000
0.0000
0.0000
0.0000
0.0000
0.0000
0.0000
0.0000
0.0000
0.0000
0.0000
0.0000
0.0000
0.2169
0.0000
0.0000
0.3564
0.0000
0.0000
0.7851
0.0000
0.0000
0.0000
0.0000
0.0000
1.7817
0.0000
0.4927
0.0000
1.9672
0.0000
1.4756
0.0000
2.3418
0.0000
0.0000
2.3313
0.0000
0.0000
0.0000
0.0000
0.0000
1.6368
2.0988
0.0000
2.4107
0.0000
0.0000
0.0000
0.0000
0.7011
0.0000
0.0000
0.0000
0.0000
0.0000
0.0000
3.4119
0.5866
0.5674
0.0000
0.0000
0.0000
0.0000
0.0000
0.0000
0.0000
0.0000
1.7128
0.0000
0.0000
0.0000
0.0000
0.0000
0.0000
0.0000
2.4025
0.0000
0.3045
2.0499
0.1223
0.0000
0.0000
0.0000
0.0411
0.0000
0.0000
0.0000
0.0000
0.2453
0.0000
0.0000
1.9887
1.7468
0.0000
0.0000
0.0000
0.0000
0.0000
0.0461
0.0000
0.1156
0.0000
0.0000
0.0000
0.0000
0.0000
0.0000
1.5007
0.0000
2.6984
0.0000
0.0000
0.0000
1.3908
0.9488
0.4812
0.0000
1.7799
0.4140
0.0000
0.0000
0.0000
0.0000
0.6063
0.0000
0.0000
3.5855
1.1596
0.0000
0.0000
0.0000
2.7780
0.0000
0.2376
0.0000
0.0000
0.0000
0.0000
0.0000
0.0000
0.0000
0.2420
0.0000
0.0000
0.0000
0.0000
0.0000
0.0000
0.0000
0.0000
2.6920
0.0000
0.0000
0.0000
0.0000
0.0000
0.0000
0.0000
0.4095
0.0000
1.8273
0.0000
0.0000
0.0000
3.3866
0.0000
0.0000
0.0000
0.0000
0.0101
0.0000
0.1042
2.9415
1.9776
0.0000
0.4923
0.0000
0.0000
0.0000
0.0000
0.0000
0.0000
0.0000
0.0000
0.0000
0.0000
0.0000
0.0000
1.0374
0.0000
1.1483
0.0000
0.0000
0.4705
0.0000
0.0000
0.0000
0.0000
0.0000
1.1230
0.0000
0.0000
0.0000
0.0000
0.0000
0.0000
0.0000
0.0000
0.0000
0.0987
0.0000
2.6602
0.0000
0.0000
2.4353
0.0000
0.9846
0.0000
0.0000
1.7083
0.0000
0.0000
0.0000
0.0000
0.0000
0.2826
0.0000
0.0000
0.0000
1.8521
0.0000
0.0000
2.9295
0.0000
2.8672
0.0000
0.0000
0.0000
0.0000
0.0000
1.0193
1.8490
1.7556
1.1723
0.0000
6.3059
0.0803
0.0000
0.0000
0.0000
1.4718
0.0000
2.7962
0.0000
0.0000
0.0000
0.0000
0.0000
2.3968
0.0000
0.0000
2.6774
0.0000
0.0000
0.0000
1.7423
0.8464
0.0000
0.0000
3.0169
0.0000
0.0000
0.0000
0.0000
0.0583
1.5224
0.0000
0.0000
0.0722
0.0000
0.0000
0.0000
3.0646
2.0544
3.7873
0.0000
0.4207
2.8239
0.6491
0.0000
0.0000
0.0000
0.0000
0.3556
1.6225
0.0000
0.0000
2.3360
0.0000
0.0000
0.0000
0.0000
0.4725
0.0000
0.2619
1.4820
0.0000
0.0000
0.0000
1.2976
0.0000
1.8258
0.2166
0.0000
0.0000
1.7083
0.0000
1.9139
0.0000
0.0000
2.0788
0.0000
1.0506
0.0000
0.0000
0.0000
3.0642
0.0000
0.0000
0.0000
0.0000
0.0000
0.3754
0.0000
0.0000
0.0000
1.8513
0.1305
0.0000
0.0000
0.0000
0.0000
0.0000
0.3854
0.0000
0.0000
0.0000
0.2741
0.0000
0.0000
0.0000
0.0000
0.0000
0.0000
1.3207
0.0000
0.0000
1.7531
0.0000
0.0000
0.0000
0.4750
0.0000
0.9520
0.5731
0.3631
0.0000
0.5239
0.0000
0.0000
0.2236
0.0000
0.0000
0.0000
1.5336
0.0000
0.0000
4.9663
0.0000
0.0000
1.1547
0.0000
0.0000
0.0000
0.0000
0.0000
0.0000
0.0000
0.0000
0.4165
0.5947
0.0000
0.0000
0.0000
2.0004
0.0000
1.2537
1.5963
0.0000
0.0000
0.0000
0.0000
1.2263
0.0000
2.1899
0.0000
2.5065
0.8526
0.0000
1.0538
0.0000
0.0000
0.0000
0.0000
0.0000
0.6739
2.2209
0.9089
0.0000
0.0000
1.6243
0.0000
0.0000
0.0000
0.0000
0.0000
0.0000
0.0000
0.0000
0.0000
1.0783
0.0000
0.0000
0.4083
0.0000
0.0000
0.0000
0.0000
0.4651
0.3642
0.0000
0.0000
2.1929
0.0000
0.6944
0.0000
0.0000
0.0000
0.0000
0.0000
1.0063
0.0000
0.0000
0.0000
0.0000
0.6134
0.0000
1.3499
1.4678
0.0000
0.0000
0.0000
0.4539
3.6403
0.0000
0.0000
0.0000
0.0000
0.0000
0.0000
0.0000
0.0000
0.0000
0.0000
0.0000
0.0000
0.4963
0.5113
0.0000
0.0000
1.6074
0.0000
0.0000
0.5407
0.0000
0.0000
0.0000
0.0000
4.2802
1.9176
0.0000
0.0000
1.9636
0.0000
0.0000
0.1654
1.5235
0.0000
0.0000
3.8795
4.4296
0.0000
0.0000
0.0000
0.0000
0.0000
0.0000
0.0000
0.4975
0.0000
0.0000
4.9879
0.3373
0.3954
0.0000
0.6554
0.0000
0.0000
0.0000
0.0000
0.0000
0.0000
1.2400
0.0000
0.0000
0.0000
0.3118
0.2222
0.0000
0.0000
0.0000
0.0000
0.0000
0.0000
0.0000
0.0000
1.2269
2.1194
0.0000
0.0000
0.0000
0.0000
0.0000
0.9709
1.9943
0.0000
0.0000
0.0000
0.0000
0.0000
0.0000
0.0000
0.0000
0.0000
0.0000
0.0000
0.0000
0.0000
0.0000
0.0000
0.0000
1.5283
0.0000
3.2707
0.0000
0.0000
0.9174
0.0000
0.1380
0.0000
0.0000
0.0000
0.0000
0.0000
2.9868
1.9689
0.0000
0.0000
1.5837
0.0000
0.0000
0.0000
0.0000
0.0000
2.4905
0.0000
0.0000
0.0000
0.0000
0.0000
0.0000
0.0000
0.0000
0.0000
0.0000
0.8850
0.0000
0.0000
0.0000
0.0000
0.7368
0.0000
0.0000
0.2135
0.1448
0.7731
0.0000
1.4692
1.1825
0.0000
2.1590
0.3439
0.7470
1.6787
2.0800
0.0000
0.0000
0.0000
0.0000
1.0554
0.0000
0.0000
0.0000
0.0000
0.0000
0.0000
0.0000
0.0000
2.0477
0.0000
1.2809
0.0000
4.1979
0.0000
0.0000
0.4145
1.1251
1.0811
0.0000
0.0000
0.0000
0.0000
0.8334
1.3512
0.0000
0.0000
0.0000
0.0000
3.2592
0.0000
0.0000
0.7115
0.0000
0.0000
3.1825
0.0000
0.0000
0.0000
1.1244
0.0000
0.0000
1.9472
0.0000
0.0000
0.0000
0.0000
0.0000
0.7968
0.0000
0.1850
0.0000
0.0000
0.0000
0.0000
0.0000
0.0000
0.0000
0.4716
0.0000
0.0000
0.0000
0.0000
0.0000
1.8454
0.0000
0.0000
0.0000
0.4134
0.0000
0.1172
0.5993
0.5091
0.0000
0.0000
0.0000
0.0000
0.0000
0.0000
0.2859
4.3024
0.0000
0.0000
2.1564
0.0000
0.0000
1.2489
1.7648
0.0000
0.0000
0.0000
1.6068
0.0000
0.0000
1.1956
0.0000
0.0000
0.0000
0.0730
0.0000
0.0000
0.0000
0.0000
0.0000
0.0000
0.4070
0.0000
0.1871
0.0000
0.0000
0.0000
0.2837
0.0000
0.0000
0.9698
0.0000
0.4355
0.0000
0.0000
0.0000
0.0000
0.8647
0.0000
0.0000
0.0000
1.2133
0.0000
0.1400
0.0000
5.7450
0.0000
0.5185
0.0000
1.9417
0.0000
0.0000
0.0000
0.0000
0.0000
0.0000
0.0000
0.0000
0.0000
0.0000
0.0000
0.0000
0.0000
0.0000
0.0000
0.0000
0.0000
0.0000
0.0000
0.0000
0.0000
0.0000
3.1689
0.0000
0.0000
0.0000
0.7366
0.0000
0.3802
0.0000
0.2810
0.0000
0.0000
0.0000
0.0000
0.0000
0.0000
0.0000
0.0000
0.0000
0.0000
0.0000
0.0000
0.0000
0.0445
0.0000
0.0000
0.0000
0.0000
0.0000
0.9283
0.0000
0.1937
0.0000
0.0000
0.0000
0.0000
0.0000
0.0000
0.0000
0.0000
0.8467
0.0000
0.0000
0.0000
0.5622
3.0477
0.0000
0.0000
1.4376
0.0000
0.0000
0.0000
0.0000
0.0000
2.4922
0.0000
0.1528
0.0000
0.0000
0.0000
1.4179
1.6659
0.0000
0.0000
0.0000
0.8329
0.0000
2.7731
1.3604
0.5552
0.0000
0.0000
0.0000
0.0000
0.0000
0.0000
2.2259
0.2898
0.0000
0.0000
0.0000
0.3819
0.0000
0.0000
0.0000
0.2497
0.0000
0.0000
0.0000
0.0000
0.0000
0.6906
0.0000
1.4984
0.4895
0.0000
0.0000
0.4206
0.0000
0.8105
0.0000
0.0000
0.0000
1.5219
0.1812
3.3708
0.0000
0.9005
0.0000
0.1728
0.0000
1.0878
0.2697
0.0000
0.0000
0.0000
0.0000
1.3511
0.0000
0.0000
0.0000
0.0000
2.0662
0.0000
0.0000
0.0000
0.0000
0.0000
0.0000
0.0000
0.0000
0.0000
0.0000
2.7031
0.0000
0.0000
0.0000
0.4344
0.0000
0.0000
2.5408
0.0000
0.3808
0.0000
0.0000
0.7560
0.0000
0.2398
0.0000
0.0000
0.0000
0.0000
3.4186
0.0000
0.2669
0.0000
0.0000
0.0000
0.0000
0.0000
0.0000
0.0000
0.0000
0.0000
0.0000
0.0000
1.3339
0.0000
0.3656
0.7177
0.0000
0.0000
3.7514
0.0000
0.0000
0.0000
0.0000
0.0000
0.0000
0.0000
0.0000
0.0000
0.0000
0.8733
0.0000
0.0000
0.0000
0.0000
0.0000
0.0713
2.2626
0.0000
0.0000
0.7802
0.0000
0.0000
2.8052
1.8515
0.0000
0.0000
0.0000
1.6013
3.6183
0.0000
0.0000
0.4030
2.5264
2.8900
0.0000
0.0000
0.0000
0.0000
0.0710
0.0000
0.0000
1.7969
0.7168
2.0046
0.0000
0.0311
0.0000
0.3442
0.0000
0.0000
0.0000
2.9421
2.0886
0.0000
0.0000
2.3730
0.0000
0.0000
0.0000
0.0287
0.0000
0.0000
0.0000
0.0000
1.4886
0.0000
0.0000
3.8800
0.0000
0.0000
0.0000
0.0000
2.2214
1.7672
0.0000
0.0000
0.0000
0.0000
0.0000
0.0070
3.2229
0.0000
0.0000
0.0000
0.0000
0.0000
0.0000
2.0496
0.8594
0.0000
0.0581
0.0000
0.0000
0.0000
0.1556
3.2868
0.0000
0.9600
0.0000
0.0000
4.1061
0.0000
0.0000
0.0000
0.0000
0.0000
0.0000
2.0923
0.0000
0.0000
3.0264
0.1735
0.0000
0.0000
0.0000
0.0000
0.4300
0.0000
0.0000
0.0000
0.0000
1.3928
1.3346
0.0000
0.3695
0.0000
0.0000
0.0000
0.0000
3.4390
0.0000
1.6644
0.0000
0.0000
1.0919
0.0000
0.0000
0.0000
0.0000
0.9167
0.0000
2.3879
0.0000
0.0000
0.0000
0.0000
0.0000
0.0000
0.0000
0.7629
0.7460
0.0000
0.0000
0.0000
0.0000
0.0000
0.9214
3.5804
6.0852
0.0000
0.0000
0.0000
0.0000
0.0000
0.0000
0.0000
0.0000
0.0000
0.0000
1.8928
0.0000
0.5040
2.8029
0.0000
0.0000
0.3574
0.0000
0.0000
0.2493
0.1892
0.0000
0.0000
0.0000
0.0000
0.0000
0.2136
0.0000
6.6486
0.0000
0.0000
0.0000
0.7532
0.0000
0.0000
0.0000
0.0000
0.0000
1.2883
1.3371
0.0000
0.0000
0.4778
0.0000
2.8600
0.0000
0.0000
0.0000
2.5868
0.0000
0.0000
0.0000
0.0000
0.0000
0.0000
2.2974
0.0000
0.0000
0.0000
0.0000
0.0000
0.0000
0.0000
0.0000
0.0000
0.0000
1.0697
2.1645
0.7857
2.5814
0.0000
0.0000
1.9169
0.0000
0.0000
0.0229
0.0000
0.0000
0.0000
0.7348
0.0000
0.0000
0.0000
1.2725
0.0000
0.0000
0.0000
0.0000
0.0000
0.2984
0.3265
0.0000
0.0000
0.0000
0.0000
5.3663
0.0000
0.0000
0.0000
0.0000
0.0000
0.6745
0.0000
0.0000
0.0000
0.0000
0.0000
0.0000
1.4759
0.2134
3.2248
0.0000
0.0000
0.0000
0.0000
0.8832
0.0000
2.5722
0.0000
0.0000
0.0000
0.5693
0.0000
0.0000
0.0000
0.0000
0.0000
0.0000
1.7322
0.0000
0.0000
0.0000
0.0000
0.0000
0.0000
0.0000
0.0000
2.5162
0.0000
0.6197
2.2124
3.0024
1.4345
0.0220
0.0000
0.0000
3.5546
0.0000
0.0000
0.0000
0.0000
0.0000
0.0360
0.9005
0.0000
0.0000
2.7466
0.0000
0.5950
0.9991
0.0000
0.0000
0.0000
0.0469
4.0389
0.2350
0.0000
0.0000
0.0000
0.0000
0.2262
3.1545
0.0000
0.0000
0.0000
0.6883
1.6891
0.0000
0.5994
0.0000
0.0000
0.0000
0.0000
4.3790
0.0000
0.0000
0.0000
1.2355
0.0000
1.0984
0.0000
0.0000
0.1381
0.0000
0.0000
0.0000
0.0000
0.0000
1.1227
0.0000
0.0000
0.0000
0.4454
1.2253
0.0000
3.7594
0.0000
0.0000
0.0000
0.0000
0.0000
0.7865
0.0000
0.0000
0.0000
0.8518
0.0000
2.7012
0.0000
0.0000
0.0000
0.0000
0.0000
2.8497
0.3698
0.0000
0.0000
0.0000
0.0000
0.0000
0.5705
0.0000
1.3908
0.0000
0.0000
0.0000
0.0000
0.0000
1.6884
2.2678
0.0000
0.0000
0.0000
0.0000
0.0000
0.0000
0.0000
0.0000
0.0000
0.0000
0.0000
1.3807
0.9502
0.0000
0.0000
2.1928
0.0000
0.0000
0.0000
0.0000
0.0000
0.0000
2.1207
0.0000
0.0000
0.0000
0.0000
0.0000
2.0797
0.9303
0.0000
0.0000
0.0000
0.0000
1.2530
0.0000
0.0000
0.0000
1.3762
0.0000
0.0000
0.0000
0.0000
0.0000
0.3806
0.0000
0.0000
0.0000
0.0000
0.0000
5.7487
0.0000
0.0000
3.1054
0.6258
0.0000
0.0000
0.0000
0.5776
0.0000
0.0000
0.0000
0.0000
0.0000
0.5786
3.2639
0.0000
0.1301
1.2845
0.0000
0.0549
0.0000
0.9516
0.0000
0.0000
0.0000
0.0000
0.0000
5.0607
0.0000
0.0000
0.0000
0.3836
0.0000
0.0000
1.0639
0.0000
0.0000
0.1313
0.0000
0.0000
0.0000
0.0000
0.0000
4.1360
0.0000
0.0000
0.0000
0.0000
0.0000
0.0000
0.0000
2.2416
0.0000
0.0000
0.0000
0.0000
0.0522
0.0000
0.0000
0.0000
0.0000
0.0000
0.0000
0.0000
0.0000
0.0000
0.0000
0.0000
0.0000
0.0000
0.0000
0.0000
0.0000
0.9743
1.7722
0.0000
0.0000
0.0000
0.5055
0.6902
0.0000
0.0000
0.0000
0.0000
2.2933
0.0000
0.7253
0.0000
5.4916
0.0000
0.0000
0.0000
0.0000
0.0000
0.0000
1.3047
0.0000
1.4994
0.0000
0.0000
0.0000
3.7248
0.0000
0.1378
0.0000
0.0000
0.0000
0.0000
2.0587
0.0000
0.0000
0.0000
0.0000
0.0000
0.5118
0.2648
0.0000
0.0000
0.0000
0.0000
1.5943
0.0000
0.0000
0.0000
0.0000
0.0827
0.0000
3.8491
0.0000
2.2272
0.0000
0.0000
0.8154
0.0000
1.4138
0.0000
1.9098
0.0000
0.0000
0.7138
0.0000
0.3383
0.0000
0.8378
0.0000
0.0000
1.2401
0.0000
0.0000
0.0000
0.0000
0.0000
0.0000
1.6980
0.0000
0.0000
0.0000
0.0161
1.2291
0.0000
0.0000
0.0000
0.0000
2.3931
0.3588
0.0000
1.1373
3.0098
0.0000
0.0000
0.0000
0.0000
6.1407
0.4581
1.0437
0.0000
0.0000
0.0000
0.0000
0.0000
0.0000
0.0000
0.0000
0.0000
0.0000
2.8837
0.7118
3.3246
0.2650
0.0000
1.7270
0.0000
0.0000
0.0000
0.0000
0.0000
2.5986
0.0000
0.0000
1.3301
0.0000
0.0000
0.0000
1.6575
0.9860
0.6724
0.0000
0.0000
0.0000
0.0000
0.0000
0.4333
0.7910
0.0000
0.0000
0.0000
0.9132
1.6870
0.4807
0.0000
0.0000
0.0000
0.0000
0.1511
1.0157
0.0000
0.0000
0.0000
0.0000
0.0000
0.5262
0.0000
0.0000
0.0000
0.0000
0.0000
1.9854
2.0467
0.0000
0.0000
0.4840
2.1479
0.0000
1.2835
0.0000
0.0000
0.0000
0.0362
1.6768
0.0000
0.0000
0.0000
0.0000
3.3310
1.4206
0.1427
0.4935
0.0000
0.4010
0.0000
1.1711
0.0000
0.0109
0.0000
1.1295
1.6614
2.1518
0.0000
0.0000
0.0000
0.0000
0.0000
0.0000
0.0000
0.0000
1.6260
0.0000
0.5086
0.0000
0.0000
0.0000
5.3613
0.9291
0.4411
0.0000
1.0546
0.0000
0.0000
0.0000
0.0000
1.2723
0.0000
0.4465
1.5478
0.0000
5.2118
0.4583
0.0000
0.0000
0.4281
0.7933
0.5794
0.0000
0.0000
0.0000
0.0000
0.0000
1.2673
0.0000
0.0000
0.0000
0.0000
0.0000
0.0000
0.1136
0.0000
0.0000
0.0000
0.3205
0.0000
0.0000
0.0000
0.5551
0.0000
2.1481
0.4002
0.2055
2.2478
0.0000
0.0000
1.5767
0.0000
0.0000
0.0000
0.8633
0.7293
0.0000
6.8584
0.6946
0.0000
5.7769
0.2666
2.9006
0.7160
0.0000
1.7787
0.0000
0.9396
0.0000
0.0000
0.0000
0.0000
0.5694
2.1251
0.6480
1.9652
0.0000
0.0000
0.0000
0.0000
0.0000
1.6845
0.0000
0.0000
0.0000
0.0000
0.0000
0.0000
