0.0000
0.0000
0.0000
0.0000
0.6928
0.0000
0.0000
0.0000
0.0000
1.5471
0.0013
0.0000
0.1636
0.0000
0.0000
0.0000
0.0000
0.0000
0.0000
0.0000
0.0000
0.0000
2.1378
0.3900
2.5322
1.3477
0.0000
0.0804
0.0000
0.0000
0.0000
0.0000
0.3172
0.3070
1.5014
0.0000
0.0000
0.0838
0.6947
1.0737
0.0000
0.0000
0.0000
0.0000
0.0000
0.0000
0.0000
0.0000
0.0000
0.7078
0.0000
0.0000
0.0000
0.0000
0.0000
0.0000
0.3669
0.0000
0.0000
0.0000
0.0000
1.7900
0.0000
0.6346
0.0000
0.0000
0.0000
0.0000
0.0000
0.0000
0.2731
3.5736
0.0000
0.0000
0.0000
1.2238
0.0000
0.0000
0.0000
0.0000
0.0000
0.0000
0.0000
0.0000
0.0000
1.3436
2.0118
0.7749
1.0754
0.0000
0.0000
0.0000
1.4299
1.9376
0.0000
0.0000
0.0000
0.0000
2.0499
0.0000
0.0000
0.0000
0.0000
0.0000
0.2398
0.0000
0.0000
0.0000
1.4216
1.9265
0.0000
0.0000
0.4348
0.2790
0.0000
0.0000
0.7869
0.0000
0.0000
0.0000
2.9242
0.0000
2.9220
0.3566
0.0000
0.0000
1.6446
0.5070
0.0000
0.0000
0.0000
0.0000
0.0000
0.0000
2.5935
0.0000
0.8853
0.6030
0.0000
2.3093
4.0872
0.0000
1.4027
0.9665
2.1261
0.0000
0.9823
1.4695
0.0000
0.0000
0.0000
1.0730
0.0000
0.0000
0.0000
0.0000
0.0000
0.7931
0.2559
0.0000
1.5109
0.0000
0.3919
0.0000
0.0000
1.9850
0.0000
0.0000
0.0000
1.6713
0.0000
0.0000
0.0000
0.0000
0.0000
0.0000
0.0000
0.3705
0.0000
4.0789
1.8234
2.4619
0.0000
0.0000
0.0000
0.0000
0.0000
0.0000
1.7466
0.5855
0.0000
0.0000
0.0000
0.8808
0.0000
0.0000
0.0000
0.4871
3.1102
0.9255
0.0000
0.0000
0.0000
0.0000
0.3095
0.3501
0.0000
0.0000
0.0000
0.0000
0.0000
0.0000
0.0000
0.0000
0.0000
0.0000
0.0000
0.0000
0.0000
0.0000
0.0000
0.0000
0.0000
0.0000
1.4763
0.0000
0.3528
0.6136
0.0000
0.0000
0.0000
0.0000
0.0000
0.0000
1.1763
0.0000
0.9391
0.0000
2.7575
0.0000
0.0000
0.0000
0.4860
0.0000
0.0000
0.0000
0.0000
0.0000
1.1178
0.0000
0.0000
0.0000
0.0000
0.0000
0.0000
0.1463
0.0000
0.0000
1.6406
0.0000
0.0000
0.2811
0.0000
0.0000
0.0000
0.0000
0.3185
0.0000
0.0000
0.0000
2.3644
0.0000
0.0000
0.8812
1.1450
0.0000
0.0000
1.4656
1.4273
0.0000
1.1214
0.0000
0.0000
0.0000
0.0000
0.8619
0.0000
0.0000
0.0000
0.0000
0.0000
0.0000
0.0000
0.0000
3.9976
0.0000
0.0000
0.0000
0.0000
1.3443
0.0000
0.0000
0.0000
0.0000
0.8770
0.0000
0.0000
0.0000
0.0000
0.0000
0.0000
0.0000
0.0000
0.2735
1.9258
0.0000
0.0000
0.0000
0.0000
0.0828
0.0000
1.0538
0.0000
1.4454
0.0000
2.2542
0.0421
0.0000
0.0000
1.8070
0.0000
0.0000
0.0000
0.0000
0.0000
0.2824
0.0000
0.0000
0.0000
2.8309
0.0000
0.0000
0.0000
0.0000
0.0000
5.1625
0.0000
0.7001
0.0000
0.0000
0.0000
2.9822
0.4876
0.0000
1.9208
2.2887
0.0000
0.0000
1.4748
0.0000
0.0000
0.0000
0.0000
0.0000
0.0000
0.7254
0.6293
0.0000
0.0000
0.0000
0.0000
1.3334
0.0000
0.0000
0.3708
0.0000
0.0000
1.0593
0.0000
0.0000
1.3283
0.0000
0.9910
0.0000
0.0000
0.0000
2.3983
0.0000
0.0000
0.7001
2.8209
0.0000
0.0000
0.0000
0.0000
0.7196
0.0000
0.0000
0.0000
1.0203
0.0000
0.1743
0.0000
0.0000
0.0000
0.0000
0.0000
0.0000
1.6291
0.0000
0.0000
0.0000
0.0000
2.2472
0.6795
0.0000
0.0000
0.0000
0.0000
0.0000
0.3172
0.0000
1.5736
0.0000
0.0000
0.0000
0.0000
0.0000
0.0000
0.0000
0.0000
0.0000
0.0000
0.0000
0.0000
0.0000
1.7487
0.0000
1.0659
0.0000
1.7585
0.0000
0.0000
0.0000
3.0573
0.0000
0.0000
0.3171
2.9076
2.5159
0.0000
0.0000
0.0000
0.6999
0.0000
0.0000
0.0000
0.4650
0.0000
0.0000
0.3277
0.0000
0.9262
0.0000
0.6754
0.0000
0.8597
0.9538
0.0000
0.0000
0.0000
0.9915
0.0000
0.0000
0.0000
2.9165
0.0000
0.0000
0.0000
0.0000
0.0000
0.0000
0.0000
1.6720
1.1972
0.0000
0.0000
0.0761
0.0000
1.7185
0.0000
0.0000
0.0000
0.0000
0.7277
1.1999
0.0000
0.0000
0.4400
0.0000
0.0000
0.0000
2.5351
0.0000
0.3237
0.0000
0.2517
0.0000
0.0000
0.5141
2.0374
0.1867
0.0000
0.2845
0.0000
0.0000
0.0000
0.5939
4.8654
0.0000
1.5075
2.0090
0.0000
0.6813
0.0000
0.0000
0.0000
0.0000
0.0000
0.0000
0.3767
0.0000
0.0000
0.0000
0.0000
2.2779
0.0000
0.0000
1.4033
0.0000
0.0000
0.0000
0.0000
0.0000
0.0000
0.0000
0.0000
0.9785
0.0000
0.0000
0.0000
0.0000
0.0000
0.0000
0.0000
0.0000
0.0000
0.0000
0.1569
0.3301
0.2462
1.9901
0.0000
0.0000
0.4664
1.2770
0.0000
0.0000
0.0000
0.0000
0.0000
0.0000
0.0000
0.0000
0.0000
0.0000
0.0000
0.0000
0.0000
0.0000
0.0000
0.0000
0.0000
0.0000
0.0000
0.0000
0.0000
1.3389
2.3908
0.0000
0.0000
0.2876
0.0000
0.6117
0.0000
0.0000
0.0000
0.0000
3.4208
0.5192
0.0000
2.4301
0.0000
0.0000
0.0000
1.1892
0.0000
0.0000
0.0000
0.4282
0.0000
0.0000
0.0000
1.5451
0.0000
0.0000
0.7240
0.0000
0.0000
0.0000
1.6925
0.0000
0.0000
0.0000
0.0000
0.0000
0.0000
0.0000
0.0000
0.0000
0.0000
0.0000
0.0000
1.2168
1.1946
1.6909
0.0000
0.0000
0.0000
0.0000
0.0000
0.0000
0.0000
0.0000
1.5558
0.0000
0.0000
0.0000
0.0000
0.0000
0.0000
1.2387
2.6790
0.0000
0.0000
0.0000
0.0000
0.0000
0.0000
0.0787
0.0000
2.8540
0.0000
0.0000
0.0000
0.0000
0.0000
0.0000
0.1845
0.0000
1.0678
0.0000
0.0000
0.0000
0.0000
0.9293
0.0000
0.0000
0.0000
0.0000
0.0000
0.6772
0.0000
0.0000
0.0000
1.0049
0.0000
0.1272
0.1423
1.9910
0.0000
0.0000
4.0352
0.0000
1.8033
0.0000
0.0000
0.0000
0.0000
0.0000
1.4547
0.0000
0.9493
0.0000
0.0000
0.0000
0.0000
0.0000
1.6151
0.0000
0.0000
4.8709
0.3056
0.0000
0.0000
0.0000
0.0000
0.0411
0.0000
0.0000
0.0000
0.0000
1.0986
2.3366
0.0000
0.0000
0.0000
0.0000
0.0000
0.9381
0.3095
0.0000
0.0000
1.7421
0.0000
0.0000
0.0000
0.4302
0.0000
2.6581
0.2512
0.0000
0.0000
0.8715
0.0000
0.0000
0.2606
0.0000
1.9985
0.0000
0.0000
0.0000
0.0000
0.0000
0.2865
0.0000
0.0000
0.0000
0.0000
0.0000
0.0000
0.0000
3.4211
0.0000
0.0000
0.1618
0.0000
0.0000
0.0000
0.0000
0.0000
0.0000
0.0000
0.0000
0.0000
0.0000
0.0000
0.0000
1.0587
1.1552
0.0000
0.5633
0.0000
0.0000
0.0000
0.0000
0.1146
1.2620
0.0000
0.0000
0.0000
0.0000
2.1312
2.2393
0.0000
0.0000
0.0000
0.0000
0.0000
0.0000
0.0000
0.0000
3.8469
0.0000
0.0000
0.0000
0.0000
0.0000
0.0000
0.0000
0.0000
0.0000
0.0000
1.2343
0.0000
0.0000
1.0882
0.0000
0.0000
2.1273
1.1285
0.0000
0.0000
0.0000
0.0000
0.0000
0.0000
0.0000
0.0000
0.0000
1.3161
0.0000
0.0000
0.0000
0.0000
0.0000
0.3173
1.0216
0.0000
0.0000
0.2376
0.0000
0.0000
0.0000
0.0000
0.0000
0.0000
0.0000
0.4561
0.0000
0.0000
0.0000
0.0000
0.0000
0.0000
0.3715
0.0000
0.0000
0.0000
0.0000
0.0000
0.0000
0.0000
2.6662
0.0000
0.0000
1.1148
0.0000
0.0000
0.0000
0.0000
0.0000
1.2150
0.5413
0.0000
0.0677
0.0000
0.1158
0.0000
0.0000
0.0000
0.0000
0.0000
0.0000
0.0000
0.0000
0.0000
0.0000
0.0000
0.0000
0.7457
0.0000
0.0000
0.0000
0.0000
0.0000
0.0000
0.4577
0.7213
0.0000
0.0000
0.0000
0.0000
0.0000
0.0000
0.0000
0.0000
0.0000
0.0000
0.4194
0.0000
0.0000
3.7389
0.0000
0.0000
0.0000
0.0000
0.0585
0.0000
0.0000
0.0000
0.4948
1.2277
0.0000
0.0000
3.9411
2.2463
0.0000
0.0000
0.0000
0.0000
0.0000
0.0000
0.0069
0.0000
0.0000
0.0000
0.0000
0.0000
0.0000
0.0000
0.0000
0.0000
0.0000
0.8925
2.0627
0.0000
0.0852
0.0000
5.5338
0.0000
0.9792
0.0000
0.0000
0.0000
0.0000
2.1099
0.0000
0.0000
0.0000
0.0000
1.8616
0.0000
0.2293
1.2469
0.0000
0.0000
2.1047
0.6399
0.0000
0.7034
0.0000
0.0000
0.0000
0.0000
0.0000
1.2679
0.0000
0.2311
0.0000
0.0000
2.3218
0.0000
1.1259
2.8387
1.3477
1.5363
0.0000
0.0000
0.0000
0.0770
0.0000
0.0000
0.0000
0.0000
0.3163
0.0000
0.0000
0.5405
4.5291
1.5697
0.0000
0.0000
0.4246
0.0000
0.2540
0.0000
0.0000
0.0000
3.4906
0.0000
2.2924
0.0000
2.1497
0.0000
0.0000
1.4068
2.7871
0.0000
0.8611
0.0000
1.4175
0.3046
0.0000
0.0000
0.7924
1.5298
0.0000
0.0000
0.7067
1.1963
0.0000
1.4797
1.5091
1.3708
0.0000
0.0000
0.0000
0.9496
0.0000
0.0000
0.0000
0.0000
0.0000
0.0000
0.0000
1.6704
0.0000
0.0000
0.0000
0.3232
0.0000
0.0000
0.0000
0.0000
0.0000
0.0000
0.0000
0.0000
0.0000
2.8067
0.0000
1.5451
0.0000
1.8036
0.8673
0.0000
0.0000
0.0000
0.0000
3.5061
0.0000
0.0000
0.0000
0.0000
0.0000
2.0207
0.0000
0.0000
1.3713
0.0000
0.0000
0.0000
0.0000
0.0000
1.7991
0.0000
0.4467
0.0000
0.0000
0.0000
1.5235
0.0000
0.0000
0.2124
0.0000
0.0000
2.1608
0.0000
0.4791
0.0000
0.0000
0.0000
0.0000
1.2132
0.0000
0.0000
0.0000
0.0000
1.2706
0.0000
0.0000
0.0536
0.0000
0.0000
0.0000
1.5555
0.0000
0.0000
0.0000
0.0000
0.0000
0.0000
0.0000
0.2907
0.0000
0.4802
0.0000
0.0000
0.0000
0.0000
0.0000
0.0000
0.0000
0.0000
0.0000
0.0000
0.0000
0.0000
0.0000
0.0000
0.0000
0.0000
0.0000
1.3012
0.3027
4.0987
0.0000
0.0000
0.0000
0.0000
0.0000
0.0598
0.0000
0.0000
0.0000
0.7134
0.0000
0.0000
0.7202
0.0000
0.0000
0.0000
0.0000
0.0000
0.0000
2.3060
0.0000
0.0000
0.0000
3.3983
0.0000
0.0000
0.0000
2.5934
1.5584
0.0000
0.0000
0.0000
0.0000
0.0000
0.5702
0.0000
0.0000
0.0000
0.0000
0.0000
0.0000
0.4814
0.0000
1.9300
0.0000
0.0000
0.0000
0.0472
0.0000
0.0000
0.0000
0.0000
0.0000
2.0053
1.2198
0.0000
0.0000
1.2605
0.0000
0.4128
0.0000
0.0000
0.0000
2.6476
0.0000
0.9258
0.0000
0.7478
0.0000
0.0000
0.0000
0.0000
0.0000
0.0000
0.0000
0.0000
4.5159
0.0000
0.0000
0.0000
0.0000
0.0000
0.0000
0.0000
0.0000
0.0000
0.0000
0.0000
0.0000
1.3261
0.0000
0.0000
0.0000
0.0000
0.0000
0.0000
0.0000
0.0000
0.0000
0.0000
0.0000
2.7618
0.0000
0.0000
0.0000
2.4781
0.0000
0.2139
0.0000
0.0000
1.4999
0.0000
0.0000
0.0000
0.0000
0.0000
0.0000
0.0000
0.0000
0.0000
0.0000
0.0000
0.0000
0.0000
0.5058
2.3002
0.0000
0.0000
0.0000
0.0000
0.0000
0.0316
0.9213
0.0000
0.0000
0.0000
0.0000
0.0000
0.0000
2.0650
0.0000
0.0000
0.4010
0.0000
2.0321
0.0296
0.0000
0.0000
0.2148
0.0431
0.0000
0.0000
0.0000
0.0000
0.0000
2.9305
0.0000
0.0000
1.5575
0.0000
0.0000
0.0000
0.0000
0.0000
0.0000
0.3505
0.0000
0.0000
0.0000
0.0000
0.0000
0.6398
0.0000
0.0000
0.0000
0.0000
0.0000
0.5697
0.6503
0.0000
0.0000
0.0000
0.0000
0.0000
0.0000
0.0000
0.9418
0.3364
1.1738
0.0000
2.1089
0.0000
0.7075
0.0000
0.0000
0.0000
0.0000
0.0000
0.0000
0.0000
0.0000
0.0000
0.0000
0.0000
0.2210
0.0000
0.2799
0.0000
0.0000
0.0000
0.9437
0.0000
0.0651
0.0000
0.0000
0.8212
0.3775
0.0000
0.0000
0.1069
0.0000
2.4252
2.1821
0.0000
0.6762
0.0000
0.0000
0.0000
0.0000
0.0000
0.0000
0.0000
0.0000
0.0000
0.0000
0.0000
0.4503
0.0000
0.0000
0.3694
0.0000
0.0000
0.0000
1.0928
0.0000
3.3245
0.0000
0.0000
2.0064
0.0000
2.0458
1.8569
3.2498
0.0000
0.8369
0.0000
0.0000
0.0040
0.0000
0.0913
1.5019
0.0000
0.0000
0.0000
0.0000
0.0000
0.0000
0.0000
0.0000
0.0000
1.8233
1.1790
0.3524
0.0000
0.0000
0.0000
0.0000
0.0000
0.0816
0.0000
1.9616
0.0000
0.0000
2.4806
0.0000
0.0000
0.0000
0.0000
0.0000
0.0000
0.0000
0.0000
0.0000
0.0000
0.0000
0.0000
0.0000
0.0000
0.0000
0.0000
1.2449
0.0000
3.3432
0.0000
0.3214
0.0000
0.0000
0.0000
0.0000
0.0000
0.0000
0.0000
0.0000
0.0000
0.0000
0.9275
1.9804
0.0000
0.0000
0.0000
0.0000
0.0000
0.0000
0.0000
0.0000
0.0000
0.0000
0.6405
0.0000
3.3661
0.0000
0.0978
0.0000
0.0000
0.0000
0.0000
0.0000
0.0000
3.2097
3.7362
1.7695
0.0000
0.6861
0.0000
1.7846
0.0000
0.0000
0.0000
0.0000
0.4041
0.0000
0.0000
0.0000
0.0000
0.0000
0.6335
0.7194
0.0000
0.0000
0.0000
0.0000
0.0000
0.0000
0.0000
0.0000
2.3115
0.6742
1.7964
0.0000
0.0000
0.0000
0.0000
1.9490
1.9399
1.2436
0.0000
0.0000
0.0000
0.0000
0.0000
0.0000
0.9132
1.0187
0.0000
0.0000
0.0000
0.0000
0.0000
0.0000
0.0000
1.9541
0.6541
0.9150
0.0000
0.0000
0.0000
0.8208
0.0000
0.0000
0.0000
0.0000
0.0000
0.0000
0.0000
2.2816
0.0000
0.0000
0.0000
0.0000
1.1822
0.0000
0.0000
0.0000
0.6797
0.8080
0.0000
1.4091
0.0000
0.0000
0.0000
0.6332
0.0471
0.0000
0.0000
0.0000
0.0000
0.0000
0.0000
3.8214
0.0000
0.0000
0.0000
0.0000
0.0000
0.0000
0.0000
0.0000
0.0000
0.0000
0.0000
0.0000
0.0000
0.0000
0.6026
0.0000
1.1988
0.0000
2.7445
0.0000
0.0000
0.0000
0.0000
2.5318
0.0000
0.1412
0.2205
1.9098
0.0000
0.2979
0.0000
0.0000
0.2762
0.0000
0.0000
0.0000
0.0000
0.0000
0.0000
0.3615
0.0000
1.7928
0.0000
0.8001
0.7304
0.0425
2.7993
0.2805
0.0000
0.0000
0.0000
0.1176
0.0000
0.0000
0.0000
2.3603
1.6199
0.0000
0.2364
0.0000
0.0000
0.0000
0.0000
0.0000
0.0000
0.0000
0.0000
0.0000
0.0000
0.0000
1.2819
0.0000
0.0000
0.0000
0.0000
0.8184
0.0000
0.0000
0.1003
0.0000
0.0000
0.6645
1.1677
1.3138
1.6634
0.0000
0.0000
0.0000
0.5151
1.0866
1.3303
0.0000
0.0000
0.0000
0.0000
0.0000
0.0541
0.0000
0.5744
0.0000
1.0990
0.0000
0.0000
0.0000
0.0000
0.7387
0.0000
0.0000
0.0000
0.0000
0.0000
0.0000
0.6495
0.0000
0.0000
0.0000
0.0000
0.0000
0.0000
0.0000
0.0000
0.0000
0.0000
0.0000
0.0000
0.0301
0.0000
2.1668
0.0000
1.1250
0.0000
0.0000
0.0000
1.5551
0.0000
0.0000
0.0000
0.6143
0.0000
0.7866
1.2605
2.2823
0.0000
0.0000
0.0000
1.7293
0.0000
0.0000
0.0000
0.0000
0.0000
0.0000
0.0000
0.3361
0.0000
0.1259
0.0000
0.0000
0.0000
2.5049
0.0000
1.5841
0.0000
0.0000
0.0000
0.0000
0.0000
0.0000
0.0000
1.3106
0.0000
2.3588
2.9838
0.0000
0.0000
0.1379
0.3523
0.0000
0.0000
0.8987
0.0599
0.0000
0.0000
0.0000
2.5618
0.2536
0.0000
0.1952
0.0000
0.0000
0.6074
0.0000
0.0000
0.0000
0.0000
0.0000
0.0000
0.5425
3.7607
0.0000
0.0000
2.7541
0.0000
1.6640
0.0000
0.0302
0.0000
0.0000
0.0000
0.0000
0.0000
0.0000
0.0000
0.1984
1.0008
0.0000
1.5448
0.0000
0.8500
0.0000
0.0000
0.0000
0.0000
0.0000
0.0725
1.9351
0.0000
0.5414
0.4762
0.0000
0.0000
1.5271
0.0000
0.0000
0.0000
0.0000
0.4388
0.0000
0.0000
0.0846
0.0000
0.0000
0.0000
0.0000
0.0000
1.1169
0.0000
0.0000
0.0000
0.0000
1.6314
0.0000
4.4642
2.6776
0.4385
0.0000
0.0000
0.0000
0.0000
0.0000
0.0000
0.0000
0.0000
1.6973
0.0000
0.0000
0.0000
0.0000
0.9241
0.0000
0.0000
0.0000
0.0000
0.0000
0.0000
0.0000
0.5111
0.0000
0.0000
1.2986
0.0000
0.0000
0.0000
0.0000
2.1283
0.0000
0.0000
0.0000
0.0000
0.0000
0.7033
0.0000
0.0000
0.0000
0.0000
0.2459
0.0000
0.0000
0.0000
0.0000
1.5959
0.0000
1.5489
0.0000
0.0000
0.0000
1.0400
0.0000
0.0000
0.0000
0.4372
0.0000
0.0000
0.0000
0.8943
0.0575
0.0000
0.1523
0.0000
0.0000
0.0000
2.8323
0.0000
0.0000
0.0000
0.0000
0.8027
0.0000
1.5268
0.2466
0.0000
0.0000
0.0000
0.0000
0.0000
0.5695
0.0000
0.8688
0.0000
1.3329
0.0000
0.0000
0.0000
0.0000
1.9739
3.7471
0.0000
1.6987
0.8132
0.0000
0.0000
0.0000
4.1837
0.9780
0.0000
0.0000
0.0000
0.0000
0.0000
0.0000
0.1678
0.0000
0.2660
0.0000
0.1489
0.2400
0.0000
0.0000
0.0000
0.0000
0.0000
0.0000
0.0000
1.9306
0.0000
0.0000
1.0468
2.1573
0.8412
0.0000
0.0658
0.0000
0.0000
0.0000
0.0000
0.0000
4.5711
0.2419
0.0000
1.8339
2.6643
0.0000
0.0000
1.9894
0.5511
0.0000
0.0000
0.0000
0.7424
0.0000
0.0000
0.0000
0.0000
0.0000
0.0000
0.0000
0.0000
0.0000
0.0000
1.5097
0.0000
1.7894
0.0000
0.0000
0.0000
0.0000
0.9092
0.0000
0.0000
0.0000
0.8054
1.0606
0.0000
0.0000
0.0000
0.0000
0.0000
1.5157
1.4542
0.0000
0.2328
0.2324
0.0000
2.9465
0.2951
1.4297
0.0000
0.0000
0.0000
0.0000
1.1137
0.0000
0.0000
0.0000
0.0000
0.0000
0.0000
0.0000
0.0000
0.0000
0.0000
0.0000
0.0000
1.2021
0.0000
0.0000
1.5916
0.7038
0.0000
2.7472
0.0000
0.0000
0.0000
0.0000
0.0000
2.0551
0.0000
0.0000
0.0000
1.7420
0.0000
0.0000
0.4362
0.2721
0.0000
0.0000
0.0000
0.0000
0.0000
0.0000
0.0000
0.0000
0.0000
0.0000
2.9232
0.0000
0.5008
0.0000
0.0000
0.0000
0.0000
0.0000
1.1311
0.0000
0.0000
0.0000
0.0000
0.0000
0.0000
0.0000
0.0000
0.0000
0.0000
0.0000
0.0000
1.1971
0.0000
0.9583
0.0000
0.0000
0.5711
0.0000
0.0000
0.0000
0.0000
0.8205
0.0000
0.0000
0.0000
0.0000
1.2665
2.6661
0.0000
1.3341
0.3010
1.4424
0.0000
0.0000
0.0000
0.0000
0.0000
1.3075
0.0000
0.4842
0.0000
0.7460
0.0000
3.9023
0.0000
1.1997
0.0000
0.0000
0.0000
1.0114
0.0000
0.0717
0.7630
0.0000
0.4903
0.0000
0.0000
0.0303
0.8321
0.9712
0.0000
0.0000
0.0000
0.4764
0.0000
0.0000
0.0000
0.0000
0.0000
0.0000
0.0000
0.0000
0.0000
0.0000
0.0864
1.6320
3.1723
0.0000
0.0000
0.0000
0.3110
0.0000
0.0000
0.0000
0.0000
0.5854
4.3937
2.0087
0.0000
0.0000
0.0000
0.8897
0.0000
0.0000
0.0000
0.0000
0.0000
0.0000
0.0000
0.0000
0.0000
0.0000
0.0000
0.0000
1.1933
0.0000
0.0000
2.5443
0.0000
0.0000
0.9314
0.0000
0.3109
0.0000
0.3400
0.8319
0.0000
0.0000
0.3747
0.4893
0.0000
0.0000
0.0000
0.0000
0.0000
0.9385
0.7559
0.0000
0.0000
0.0000
0.0000
0.0000
0.0000
0.0000
0.0000
0.0000
0.0000
0.0000
0.1563
0.0000
0.0000
0.0000
3.7977
0.0000
0.0000
0.0000
0.0000
0.0000
0.0000
1.6137
0.0000
0.0000
0.0000
1.6680
2.1481
0.0000
0.0000
0.0000
0.0000
2.4850
0.0000
0.0000
0.0000
0.2960
0.0000
0.0000
0.0000
0.0000
0.8975
0.0000
0.0000
0.0000
0.0000
0.0000
0.0000
0.0000
2.1219
0.0000
0.0000
0.0000
0.0000
0.1921
0.0000
0.0000
0.4778
0.0000
0.0000
0.0000
0.0000
0.0000
0.0000
0.0000
0.0000
0.0000
2.2635
0.0000
0.0000
1.6546
0.0000
0.0000
2.1337
0.0000
2.6958
0.0000
0.0000
0.5469
0.0000
0.0000
0.0000
0.0000
0.0000
0.3333
0.0000
0.0426
0.0000
0.8825
0.0000
0.0000
0.0000
1.8786
0.0000
0.0000
0.0000
0.0000
0.0000
0.0000
0.0000
0.0000
0.0000
0.0000
0.0000
0.0000
2.7961
0.0000
0.0000
0.0000
0.0000
0.0000
0.0000
0.0000
1.2090
0.0000
0.0000
0.0000
0.0544
1.6094
0.0000
0.0000
0.0000
0.0000
3.1011
5.0187
0.0000
0.0931
0.3580
0.0000
0.0000
0.0000
0.0000
0.0000
0.0000
0.0000
0.0000
0.0000
0.0000
0.0000
0.0000
0.0000
0.0000
0.0000
0.0000
0.0000
0.0000
0.0000
0.0000
0.0000
0.3146
0.0000
0.0000
0.6347
0.0000
0.3044
0.0000
0.0000
2.4450
0.0000
0.0000
0.0000
2.7577
0.0000
0.1600
0.0000
1.9438
0.0000
0.0000
0.9044
0.0000
0.0000
0.0000
0.0000
0.0000
1.1936
0.8390
0.0000
2.3634
0.0000
0.0802
0.0000
0.0000
1.5188
0.0000
0.0000
0.0000
0.0000
0.0000
0.2220
0.3401
0.0000
2.3606
0.0000
0.0000
0.6074
0.3725
0.0000
0.0000
0.0000
0.0000
2.1927
0.0000
0.0000
0.0000
0.0000
0.0000
0.0000
0.0000
3.9191
0.0000
0.0363
2.0221
0.0000
0.0000
0.0000
0.0000
1.4003
0.0000
0.0000
0.0000
0.0000
0.0000
0.0000
0.0000
0.6273
0.7398
0.0000
0.0000
0.0000
0.0000
0.0000
0.0000
0.0000
1.8787
0.0000
0.0000
0.0000
0.0000
0.0000
0.0000
0.2788
0.0000
0.7316
0.0000
0.0000
0.0000
1.0868
1.2230
0.1598
0.0000
0.0154
0.7960
0.0000
0.0000
0.0000
0.0000
0.0000
0.0000
0.0000
3.1405
1.2871
0.0000
0.0000
0.0000
2.6073
0.6270
0.0000
0.0000
0.0000
0.0000
0.0000
0.0000
0.0000
1.4874
0.1764
0.0000
0.6344
0.0000
0.0000
0.0000
0.0000
0.0000
0.0000
1.2086
0.0000
0.0000
0.0000
0.0000
0.4764
0.0000
0.0000
0.0000
0.0000
0.0000
0.0000
0.0000
0.0000
2.4082
0.0000
0.5824
0.0000
0.0000
0.4619
0.0000
1.2787
1.5842
0.0000
0.0515
0.0000
0.0000
0.0000
0.0000
0.0000
0.0000
0.0000
0.0000
0.0041
0.0000
0.0000
0.0000
0.0000
0.2826
0.0000
0.0000
0.0000
0.0000
0.7740
0.0000
0.0000
0.0000
0.0000
0.0000
1.5120
0.0000
0.3133
0.6584
0.0000
0.0000
0.0000
0.0000
0.0000
0.0000
0.0000
0.0000
2.5050
0.0000
0.0000
0.0000
0.0000
0.0000
0.0000
0.0000
1.5014
0.0000
0.0000
0.0000
0.0000
0.0000
1.7072
0.0000
0.0000
0.0000
2.1199
0.0000
0.0000
1.8781
0.0000
3.4025
0.0000
0.0000
0.7491
0.0000
0.0000
0.2918
0.2047
0.6941
2.1171
0.0000
5.7332
0.0000
0.0000
0.0000
0.0000
3.5484
0.0000
0.5882
0.0000
0.0000
0.0000
0.0000
0.0000
1.7461
0.0000
0.0000
0.6314
0.0000
0.0000
0.0000
0.0000
0.3328
0.0000
0.0000
2.6395
0.0000
0.0000
0.0000
0.6736
0.0000
1.3715
0.0000
0.0000
0.0000
0.0000
0.0000
0.0000
3.0157
1.0807
2.5041
0.0000
0.6266
2.7591
2.9676
0.0000
0.0000
0.0000
0.0000
0.1505
0.5748
0.0000
0.0000
1.7240
0.0000
0.0000
0.0000
0.7819
0.0000
0.0000
0.0000
1.9665
0.0000
0.0000
0.0000
1.9442
0.0000
0.0000
1.6509
0.0000
0.0000
1.0048
0.0000
1.5494
0.0000
0.0000
2.8198
0.0000
0.0000
0.0000
0.0000
0.0000
3.2466
0.0000
0.0000
0.0000
0.0000
0.0000
0.1855
0.0000
0.0000
0.0000
1.7166
0.0000
0.0000
0.0000
0.0000
0.0000
0.0000
1.4340
0.0000
0.0000
0.0000
0.2000
0.0000
0.0000
0.0000
0.0000
0.0000
0.0000
1.8115
0.0000
0.0000
0.0738
0.0000
0.0000
0.0000
0.3083
1.1649
0.5091
0.9976
0.6280
0.0000
2.6904
0.0000
0.0000
0.0000
0.0000
0.3853
0.0000
0.0000
0.0000
0.0000
2.8667
0.0000
0.0000
2.3582
0.0000
0.0000
0.0000
0.0000
0.0000
0.0000
0.0000
0.0000
0.0000
0.4901
0.0000
0.0000
0.0000
1.5516
0.0000
1.8170
1.9440
0.0000
0.0000
0.0000
0.0000
2.1601
0.0000
1.5455
0.0000
0.7088
1.0406
0.0000
2.6089
0.0000
0.1975
0.0000
0.0000
0.0000
0.5622
0.5903
0.2534
0.0000
0.0000
1.4150
0.0000
0.0000
0.0000
0.0000
0.0000
0.0000
0.0000
0.0000
0.0000
0.3925
0.0000
0.0000
0.5124
0.0000
0.0000
0.0000
0.0000
1.2889
0.8445
0.0000
0.0000
1.5697
0.0000
1.4944
0.0000
0.0000
0.0000
0.0000
0.2820
0.7306
0.0000
0.0000
0.0792
0.0000
0.0000
0.0000
2.1925
2.9382
0.0000
0.0000
0.0000
0.0000
2.9283
0.0000
0.0000
0.0000
0.0000
0.0000
0.0000
0.0000
0.0000
0.0000
0.0000
0.0000
1.1456
0.0000
2.6124
0.0000
0.0000
1.0884
0.0000
0.0000
0.0000
0.0000
0.0000
0.0000
0.0000
5.2085
2.4693
0.0000
0.0000
0.5196
0.0000
0.0000
0.0000
2.1707
0.0000
0.0000
0.3863
4.3650
0.1260
0.0000
0.0000
0.0000
0.0000
0.0000
0.4771
2.0395
0.0000
0.0000
5.6085
0.5685
0.0000
0.0000
0.4054
0.0000
0.0000
0.0000
0.0000
0.2051
0.0000
1.0765
0.0000
0.0000
0.0000
0.8576
0.7970
0.0000
0.0000
0.0000
0.0000
0.0000
0.8260
0.0000
0.0000
0.4334
0.0000
0.6610
0.0000
0.0000
0.0000
0.0000
0.5436
1.3820
0.0000
0.0000
0.0000
0.0000
0.0000
0.0000
0.0000
0.0000
0.0000
0.0000
0.0000
0.0000
0.0000
0.0000
0.0000
0.0000
2.8319
0.0000
2.3853
0.0000
0.0000
1.3972
0.0000
0.0000
0.0000
0.0000
0.0000
0.0000
0.6850
2.8364
0.3792
0.0000
0.0000
2.2420
0.0000
0.4431
0.0000
0.0000
0.0000
0.0455
0.0000
0.0000
0.0000
0.0000
0.0000
0.0000
0.0000
0.0000
0.0000
0.0000
0.0000
0.0000
0.4807
0.0000
0.0000
0.1136
0.0000
0.0000
0.5401
1.4984
0.0000
0.0000
0.6913
0.0000
0.0000
1.9332
1.4724
0.6825
2.4807
2.2475
0.0000
0.2757
0.7891
0.0000
0.0000
0.0986
0.0000
0.0000
0.0150
0.0000
0.0000
0.0000
0.0000
1.2236
0.0015
2.1642
0.0000
3.5814
0.4526
0.0000
1.3239
2.5757
0.0000
0.0000
0.0000
0.0000
0.0000
1.0500
1.5540
0.0000
0.8165
0.0000
0.0000
0.4923
0.0000
0.0000
1.6810
0.0000
0.0000
3.8724
0.0000
0.4213
0.0000
0.0000
0.0000
0.0000
3.5276
0.0000
0.0000
0.0000
0.0000
0.0000
1.7847
0.0000
0.2142
0.0788
0.2369
0.7199
0.0000
0.9509
0.0000
0.0000
1.1849
0.0000
0.0000
0.0000
0.0000
0.0000
1.1838
0.0000
0.0000
0.0000
0.0000
0.0000
0.3260
0.5145
0.1774
0.0000
0.0000
0.0000
0.0000
0.0000
0.0000
0.0000
3.6490
0.0000
0.0000
2.4275
0.0000
0.0000
0.5524
0.0000
0.0000
0.0000
0.0000
1.6827
0.0000
0.0000
0.6937
0.0000
0.6842
0.0000
2.8743
0.0000
0.0000
0.0000
0.0000
0.0000
0.0000
0.6255
0.0000
0.0000
0.0000
0.0000
0.0000
0.0000
0.0000
0.0000
0.0000
0.0000
0.0000
0.0000
0.0000
0.0000
0.0000
1.1277
0.0000
0.0000
0.0000
3.0185
0.0000
0.0000
0.0000
4.7871
0.0000
0.0000
0.3710
1.6003
0.0000
0.0000
0.0000
0.3150
0.0000
0.0000
0.0000
0.0000
1.0607
0.0000
0.0000
0.0000
0.0000
0.0000
0.0000
0.0000
0.0000
0.0000
0.0000
0.0000
0.0000
0.0000
2.6904
0.0000
0.0000
0.0000
2.6742
0.0000
0.0024
0.0000
0.0000
0.0000
0.0000
0.0000
0.0000
0.0000
0.0000
0.0000
0.0000
0.1552
0.0000
0.0000
0.0000
0.0000
0.0000
0.0000
0.0000
0.0000
0.6190
0.0000
0.1585
0.0000
0.0000
0.0000
0.0000
1.3187
0.0000
0.0000
0.0000
0.0000
0.0000
0.0000
0.0000
0.0000
0.0000
0.0000
2.4574
0.0000
0.0000
0.0000
0.0000
0.0000
0.0000
0.0000
0.0000
0.0000
0.0000
0.2765
0.0000
0.0000
0.0000
1.9757
1.8682
0.0000
0.4342
0.0000
0.0000
0.0000
2.9858
0.0000
0.9185
0.0000
0.0000
0.0000
0.0000
0.0000
0.0000
0.9196
0.8419
0.0000
0.0000
0.0000
0.3592
0.0000
0.0000
0.0000
0.1683
0.0000
0.0000
0.0000
0.0000
0.0000
0.0000
0.0000
2.4141
0.0000
0.0000
0.0000
1.3926
0.6070
0.0000
0.0000
0.0000
0.0000
1.4438
1.6670
0.6931
0.0000
2.0570
0.0000
2.8667
0.0000
1.6715
0.5997
0.0000
0.0000
0.0000
0.0000
0.9040
0.0000
0.0000
0.0000
0.0000
0.7297
0.6011
0.0000
0.0000
0.0000
0.0000
0.0000
0.0000
0.0000
0.0000
0.0000
3.1484
0.0000
0.0000
0.0000
0.0000
0.0000
0.0000
3.2181
0.0000
0.0000
0.0000
0.1189
0.0000
0.0000
1.2536
0.0000
0.0000
0.0000
0.0000
3.2941
0.0000
0.0000
0.0000
0.0000
0.0000
0.0000
0.0000
0.0000
0.0000
0.0000
0.0000
0.0000
0.0000
0.2548
0.0000
0.0000
0.0000
0.0000
0.0000
3.7151
0.0000
0.0000
0.0000
0.0000
0.0000
0.0000
0.0000
0.4680
0.0000
0.0000
0.8898
0.0000
0.0000
0.0000
0.0000
0.0000
0.0000
1.5580
0.0614
0.0000
1.1589
0.0000
0.0000
0.8920
0.0000
0.0000
0.0000
0.0000
0.4674
0.7518
0.0000
0.0000
0.0000
2.9999
1.8337
0.0000
0.0000
0.0000
0.0000
0.0000
0.0000
0.0000
2.2445
0.0000
1.6449
0.0000
0.1438
0.0000
0.0000
0.9091
0.9760
0.0000
2.2240
2.0109
0.0000
0.0000
1.3930
0.0252
2.1380
0.0000
0.0000
0.0000
0.0000
0.0000
0.0000
1.9853
0.0000
1.6112
3.0061
0.0948
0.0000
0.0000
0.0000
2.0745
0.8851
0.0000
0.0000
0.0000
0.0000
0.0000
0.0000
3.5295
0.4001
0.0000
0.0000
0.0000
0.0000
0.0824
0.3236
0.0000
0.5605
0.0000
0.0000
0.0000
0.0000
0.0000
4.3760
0.0000
0.2680
0.0000
0.0000
3.7577
0.0000
0.0000
0.0000
0.0000
0.0000
0.0000
0.4367
0.0000
0.0000
2.2841
0.0000
0.0000
0.0000
0.0000
0.0000
0.7642
0.1927
0.0000
0.0000
0.0000
1.6535
1.6788
0.0000
0.0000
0.0000
0.0000
0.0000
0.0000
3.3815
0.0000
1.1777
0.0000
0.0000
0.4701
0.0000
0.0000
0.0000
0.0000
1.5338
0.0000
3.9126
0.0000
0.0000
0.0000
0.0000
0.0000
0.0000
0.0000
0.2979
0.1002
0.0000
0.0000
0.0000
0.0000
0.0000
0.0000
2.5015
4.9612
0.0000
0.0000
0.0000
0.0000
0.0000
0.0000
0.0000
0.0000
0.0000
0.1443
2.3981
0.3928
1.0676
0.0000
0.0000
0.0000
0.0000
0.0000
0.5809
0.2769
1.4654
0.0000
0.0000
0.0000
0.0000
0.0000
0.0000
0.0000
3.0324
0.0000
1.7471
0.0000
0.0000
0.0000
0.0000
0.0000
0.0000
0.0000
0.6786
0.5566
0.0000
0.0000
0.4507
0.0000
3.9325
0.0000
0.9131
0.4257
0.7722
0.0000
0.0000
0.0000
0.0000
0.0000
0.0000
4.1302
0.3308
0.0000
0.0000
0.0000
0.0000
0.0000
0.0000
0.0000
0.0000
0.0000
0.2019
0.6098
1.1491
2.2041
0.2369
0.0000
0.3538
0.0000
0.0000
0.0000
0.0000
1.0882
0.0000
0.1008
0.0000
0.0000
0.0000
0.3003
0.0000
0.0000
0.0000
0.0000
0.0000
0.0000
0.7210
0.1228
0.0000
0.0000
0.0000
3.7874
0.0000
0.0447
0.0000
0.0000
0.4627
0.4062
0.0000
0.0000
0.0000
0.0000
0.0000
0.0000
0.3889
0.0000
3.2802
0.0000
0.0000
0.0000
0.0000
1.1022
0.0000
0.7759
0.0000
0.0000
0.0000
0.1692
0.0000
0.0000
0.0000
0.0000
0.0000
0.0000
1.5910
0.0000
0.0000
0.0000
0.0000
0.0000
0.0000
0.0000
0.0064
2.2167
0.0000
0.0000
1.7370
1.5287
0.2564
0.1115
0.0000
0.0000
0.0946
0.0000
0.0000
0.0000
0.0000
0.0000
0.6344
0.0000
0.0000
0.0000
3.1804
0.3618
0.0000
1.3303
0.0000
0.0000
0.0000
0.0000
3.1238
0.0000
0.2770
0.5406
0.0000
0.0000
0.2098
2.1246
0.0000
0.0000
0.0000
0.3124
0.0000
0.0000
0.0000
0.0000
0.0000
0.0000
0.0000
2.5214
0.0000
0.0000
0.0000
1.3358
0.0000
1.1028
0.0000
0.0000
0.0000
0.0000
0.3806
0.0000
0.0000
0.0000
1.1286
0.0000
0.0000
0.0000
0.5307
1.6510
0.0000
4.4491
0.0000
0.0000
0.0000
0.0000
0.0000
0.9300
0.0000
0.0000
0.0000
0.3648
0.0000
1.4889
0.0000
0.0000
0.0000
0.0000
0.0000
2.8108
0.0000
0.0000
0.0000
0.0000
0.0000
0.0000
0.2546
0.0000
2.0555
0.0000
0.0000
0.0000
0.0000
0.0000
0.0000
0.3170
0.0000
0.0000
0.0000
0.0000
0.0000
0.0000
0.0000
0.0000
0.0000
0.0000
0.0000
0.0000
0.6940
0.0000
0.0000
2.5039
0.0000
0.0000
1.6307
0.0000
0.0000
0.0000
3.2713
0.0000
0.0000
0.0000
0.0000
0.0000
0.0971
0.4760
0.0000
0.0000
0.0000
0.0000
0.6385
0.0000
0.0000
0.0000
0.5944
0.0000
0.0000
0.0000
0.0000
0.0000
2.0665
0.0000
0.0000
0.0416
0.0000
0.0000
4.2237
0.0000
0.0000
3.9323
2.1404
0.0000
0.0000
0.0000
0.0000
0.0000
0.0000
0.3495
0.0000
0.0000
0.7003
2.1297
0.0000
0.0579
1.3686
0.0000
0.9590
0.0000
0.0000
1.8220
0.0000
0.0000
0.0000
0.0000
4.5562
0.0000
0.0000
0.0000
0.0000
0.0000
0.0000
0.4030
0.0000
0.0626
1.1005
0.0000
0.0000
0.0000
0.0000
0.5325
1.0709
0.0000
0.0000
0.0000
0.0000
0.0000
0.0000
0.0000
1.8843
0.0000
0.0000
0.0000
0.0000
0.0000
0.0000
0.0000
0.0000
0.2776
0.0000
0.0000
0.0000
0.0000
0.0000
0.0000
0.0000
0.0000
0.0000
0.0000
0.0000
0.0000
1.1498
0.6351
0.0000
0.0000
0.0000
1.9624
0.0000
0.1629
0.0000
0.0000
0.0000
2.4292
0.0000
0.0000
0.0000
2.8725
0.8012
0.0000
0.0000
0.0000
0.0000
0.0000
0.1625
0.0000
1.9745
0.4077
0.0000
0.0000
3.1718
0.0000
0.0000
0.0000
0.0000
0.0000
0.0000
3.7617
0.0000
0.0000
0.0000
0.0000
0.0000
0.0000
0.0000
0.0000
0.4637
0.0000
0.0000
1.1570
0.1865
0.0000
0.0000
0.0000
0.0000
0.0000
3.0552
0.0000
3.0535
0.0000
0.0000
1.6239
0.0000
0.4259
0.0000
2.1869
0.0000
0.2690
2.3264
0.0000
0.3630
0.0000
0.0000
0.0000
0.0000
0.0000
0.0000
0.0000
0.0000
0.0000
0.0000
0.0000
0.4530
0.0000
0.0000
0.0000
1.3421
0.8166
0.0000
0.0000
0.0000
0.0000
2.3296
0.6122
0.0000
1.4423
2.9462
0.0000
0.0000
0.8794
0.0000
3.8893
0.3065
1.5231
0.0000
0.0000
0.0000
0.0000
0.0000
0.0000
0.0000
0.0000
0.0000
0.2205
1.0067
0.1823
2.9715
0.0212
0.0000
2.4900
0.0000
0.0000
0.0000
0.0000
0.0000
2.5273
0.0000
0.0000
2.1245
0.0000
0.0000
0.0000
3.8276
2.8055
0.0000
0.0000
0.0000
0.0000
0.9995
0.2804
3.3985
0.2217
0.0000
0.0000
0.7456
0.5395
1.6604
0.5668
0.0000
0.0000
0.0000
0.0000
0.0000
1.0569
0.0000
0.0000
0.0000
0.0000
0.0000
1.1667
0.0000
0.9113
0.0000
0.0000
1.1029
0.6551
1.4935
0.0000
0.0000
1.3714
1.2664
0.0000
0.2688
0.0000
0.0000
0.0000
0.0000
0.3259
0.0000
0.0000
0.0000
0.0000
3.6532
0.1157
0.0000
0.0000
0.0000
0.0000
0.0000
0.0000
0.4527
0.0349
0.0000
2.0713
1.1186
1.6893
0.0000
0.0000
0.0000
0.0000
0.0000
0.0000
0.0000
0.8797
0.7160
0.0000
0.0000
0.0000
0.0000
0.0000
3.3358
0.0000
0.0000
0.0000
0.7898
0.0000
0.0000
0.0000
0.0000
0.9738
0.0000
0.0000
1.5016
1.2099
2.2332
1.7433
0.0000
0.0000
0.0000
1.5769
0.0000
0.0000
0.0000
0.0000
0.0000
0.0000
0.0000
0.0000
0.0000
0.8539
0.0000
0.0000
0.0000
0.0000
0.0000
0.0000
0.0000
0.0385
0.1746
0.0000
0.0000
0.7617
0.0000
2.4086
0.7597
0.5310
1.8566
0.0000
0.0000
2.2798
0.0000
0.0000
0.0000
0.4330
0.0000
0.2132
3.6979
1.4239
0.0000
6.1619
0.2378
1.2985
0.0000
0.0000
1.2302
0.4567
0.0000
0.0000
0.0000
0.0000
0.0000
0.2453
0.6700
1.5622
0.8166
0.0000
0.0000
0.0000
0.0000
0.0000
1.2801
0.0000
0.0000
0.0000
0.0000
0.1323
0.0000
