0.4779
0.0000
0.2904
0.0000
1.2810
0.0000
0.0000
0.0000
0.0000
2.4742
0.1682
0.0000
0.2574
0.0000
0.0000
0.0000
0.0000
0.0000
0.0000
0.0000
0.2377
0.0000
2.4291
1.3308
3.4620
1.2574
0.0000
2.0259
0.0000
0.0000
0.3913
0.0000
0.3123
0.0099
2.5724
0.0000
0.0000
0.4371
1.0167
2.3844
0.0000
0.0000
0.0000
0.0000
0.0000
1.2247
0.0000
0.0000
0.0000
1.2931
0.0000
0.0000
0.0000
0.3113
0.0000
0.0000
0.0000
0.3502
0.0000
0.0000
0.0000
1.2814
0.0000
2.2826
0.0000
0.0000
0.4301
0.0000
0.0000
0.0000
0.0000
4.0132
1.1973
0.0000
0.0000
1.4994
0.0000
0.0000
0.0000
0.0000
1.7503
0.0000
0.4754
0.0000
0.0000
0.5239
2.4023
0.6170
1.5600
0.0000
0.8184
0.0000
0.7353
1.9087
0.0000
0.0000
0.0000
0.0000
1.1857
0.0000
0.0993
0.0000
0.0000
0.0000
0.6134
0.0000
0.7225
0.1631
1.3255
1.2450
0.0000
0.0000
0.0000
0.0000
0.0000
0.0000
0.4898
0.0000
0.0000
0.0000
3.2463
1.2128
1.8198
1.1910
0.0000
0.0000
0.2445
0.3160
0.0000
2.2693
0.0000
0.0000
0.0000
0.0000
4.0537
0.0000
1.2773
2.3506
0.0000
3.1886
3.3111
0.0000
1.3622
0.9093
3.0970
0.0000
0.4093
1.2358
1.5441
0.0000
0.0000
0.5270
1.0572
0.0000
0.0000
0.0000
0.0301
1.7403
0.0000
0.0000
0.6649
0.0000
0.5290
0.0000
0.0000
1.9151
0.0000
0.0000
0.0000
3.1291
0.0000
0.1956
0.0000
0.0000
0.0000
0.0000
0.0000
0.5304
0.0000
6.5282
1.8293
2.4215
0.0000
0.0000
0.0000
0.0000
0.3818
1.0007
1.7900
1.6767
0.0000
0.0000
0.0000
0.0000
0.0000
0.0000
0.0000
1.8096
3.2853
2.8431
0.0000
0.0000
0.0000
0.0000
0.0000
0.0000
0.0000
0.0000
0.0000
0.0000
0.0000
0.0000
0.0000
0.5722
0.0000
0.0000
0.0000
0.0000
0.0000
0.3250
0.6218
0.0000
0.0000
0.0000
0.6598
0.0000
0.0000
1.1925
0.0000
0.0000
0.0000
0.0000
0.0000
0.0000
1.4504
0.0000
1.3818
0.0000
2.7292
0.0000
0.0000
0.0000
0.3143
0.0000
0.0000
0.0000
0.0000
0.0000
0.5030
0.0000
0.0000
0.0000
0.0000
0.0000
0.0000
1.0374
0.0000
0.0000
1.7910
0.0000
0.0000
0.7488
0.0000
0.2122
0.0000
0.0000
2.0879
0.0000
0.0000
1.1970
1.9208
0.0000
0.0000
0.9489
0.0000
0.0000
0.0000
0.3622
1.8317
0.0000
1.3818
0.0000
0.4870
0.0000
0.0000
0.4108
0.0000
0.5852
0.0000
0.0000
0.0000
0.0000
0.0000
0.0000
3.7797
0.0000
1.0046
0.0000
0.0000
3.8365
0.0000
0.0000
0.0000
0.0000
0.2730
0.0000
0.0000
0.0000
0.0000
0.0000
0.0000
0.7833
0.0000
1.2003
0.4931
0.0000
0.1113
0.0000
0.3037
2.2974
0.0000
0.7845
0.5531
0.2974
0.0000
2.9054
0.0000
0.0000
0.0000
0.4810
0.0000
0.0000
0.0000
0.0000
0.0000
1.2153
1.4773
0.0000
0.0000
3.6010
0.0000
0.0000
0.0000
0.0000
0.0000
6.0345
0.0000
0.0000
0.0000
0.0000
0.0000
1.8839
1.0435
0.0000
2.3213
1.7739
0.0000
0.0000
0.7334
0.0000
0.0000
0.0000
0.0000
0.0000
0.0000
0.0000
0.4299
0.4277
0.0000
0.0000
0.0000
0.0000
0.0000
0.0000
0.2889
0.4304
0.0000
3.1304
0.0000
0.0000
3.0739
0.3267
0.7058
0.0000
0.0000
0.0000
1.9038
0.0855
0.0000
0.0000
2.3334
0.0000
0.0000
0.0000
0.0000
2.0033
0.0000
0.0000
0.0000
0.0000
0.0000
0.4392
0.0000
0.0000
0.0000
0.0000
0.0000
0.0000
2.0477
0.0000
0.0000
0.0000
0.0000
3.2848
0.6978
0.6778
0.0000
0.0000
0.2451
0.0000
0.5369
0.0000
0.9128
0.0000
0.2579
0.2085
0.0000
0.6476
0.0000
0.0000
0.0000
0.0000
0.0000
0.0000
0.0000
0.0000
0.0000
0.0000
1.6882
0.0915
1.8520
1.4951
0.9827
0.0000
2.4107
0.0000
0.0000
0.0000
1.0781
0.1071
0.9708
0.0000
0.0000
1.0767
0.0000
0.0369
0.0000
0.0000
0.0000
0.0000
0.2785
0.0000
1.2417
0.0000
0.4038
0.0000
0.0000
0.0000
0.0000
0.0000
0.0000
0.0000
0.0000
0.7097
0.0000
0.0000
1.0604
1.4542
1.3232
0.0000
0.0087
0.0000
0.5118
1.1864
0.4717
0.0000
0.0000
0.3959
0.0000
2.3155
0.0000
0.0000
0.0000
0.0000
1.6286
1.7327
0.0000
0.0000
1.1866
0.0000
0.0000
0.0000
2.7410
0.0000
0.5567
0.0000
0.9661
0.0000
0.0000
0.8024
0.0000
1.1045
0.0000
2.3252
0.0000
0.7142
0.0000
0.0000
5.4886
0.0000
1.5603
2.1718
0.0000
0.3108
0.0000
0.0000
0.7848
0.0000
0.0000
0.0371
1.1284
1.3171
0.0000
0.0000
0.9845
2.7033
0.0000
0.0000
1.9124
0.0000
0.0000
0.0000
0.0000
0.0000
0.9917
0.0000
0.0000
0.6351
0.0000
0.0000
0.0000
0.0000
0.0000
0.0000
0.0000
0.0000
0.0000
0.0000
0.0000
0.0856
0.2788
0.0000
0.0000
0.0000
0.0000
0.7487
0.0000
0.0000
0.0000
0.0000
0.0000
0.0000
0.0000
0.0000
0.0000
0.0000
0.0000
0.0000
0.0000
0.0000
0.0000
0.0000
0.0000
0.0000
0.0000
0.0000
0.0000
2.0009
2.6121
0.0000
0.0000
0.0000
0.0000
0.0000
0.0000
0.0000
0.0000
0.0000
3.0997
1.6402
0.0000
1.6952
0.0000
0.5505
0.0000
1.2364
1.4981
0.0000
1.1701
0.2809
0.0000
0.0000
0.0000
4.8257
0.0000
1.0342
1.0186
0.0000
0.1230
0.0000
1.9413
0.0000
0.5512
0.0958
0.0000
1.4170
0.0000
0.6405
0.0000
0.0000
0.0000
0.0000
0.0000
0.5204
0.0253
1.2928
0.0000
0.2537
0.0000
0.0000
0.5286
0.0000
0.0000
0.0000
0.4986
0.0000
0.0000
0.0000
0.7124
0.0000
0.0000
0.0000
1.6370
0.0000
0.0000
0.0000
0.0000
0.6890
0.0000
0.0000
0.0000
0.1514
0.0000
0.0000
0.0000
0.0000
0.6033
0.0000
0.0000
0.0000
0.1356
0.0000
0.0000
0.0000
0.0000
0.4227
0.0000
0.0000
0.0000
0.0000
0.6889
0.5649
0.0000
0.0000
0.0000
0.0065
0.0000
1.0808
0.0000
2.8319
0.6906
0.0000
3.2171
0.0000
0.2325
0.0000
0.0000
0.0000
0.7301
0.0964
0.4707
0.0000
1.4199
0.0000
0.0000
0.0000
0.0000
0.0000
0.0000
0.5815
0.0000
3.4631
0.9273
0.0000
0.0000
0.0000
0.0000
0.0000
0.0000
0.0000
0.0000
0.0000
2.0691
1.4189
0.3385
0.0000
0.1919
0.0000
0.0000
0.2691
0.0000
0.0000
1.0458
1.0918
0.0000
0.0000
0.0000
1.7694
0.4465
5.2543
1.3115
0.0000
0.0000
2.3687
0.0000
0.0000
0.0000
0.0000
1.3676
0.0000
0.0000
0.0000
0.0000
0.0000
0.0000
0.0000
0.0000
0.0000
0.0000
0.0000
1.6364
0.1495
2.4322
0.0000
0.0000
1.5565
0.0000
0.2107
0.0000
0.0000
0.0000
0.0000
0.0000
0.0000
0.0000
0.0000
0.0000
0.0000
0.6550
2.4264
0.0000
0.0020
0.0000
0.0000
0.0000
0.0000
0.0000
0.8647
0.0000
0.0000
0.0000
0.0000
2.0582
0.2048
0.0000
0.0000
0.0000
0.0000
0.3075
0.0000
0.0000
0.0000
2.1276
1.2818
0.0000
0.0000
0.0000
0.0000
0.0000
0.0000
0.0000
0.1934
0.0000
1.5382
0.0000
0.0000
1.0188
0.0000
0.0000
1.2631
1.5346
0.0000
0.0000
0.0000
0.0000
0.0000
0.0000
0.0000
0.0000
0.0000
0.6369
0.0000
0.0000
0.0000
0.0000
0.0000
0.5463
0.3205
0.0000
0.0000
0.0000
0.0000
0.0000
0.3327
0.0000
0.0000
0.0000
0.0000
0.6722
0.0000
0.0000
0.4278
0.0000
0.0000
0.0000
0.0000
0.0000
0.0000
0.0000
0.0000
0.8521
0.4384
0.0000
2.0449
0.4305
0.8512
0.2463
0.0000
0.0000
0.0000
0.0000
0.0000
1.1784
0.0000
0.0757
0.0000
0.0000
2.3536
0.2191
0.0000
0.0000
0.0000
0.0000
0.0000
0.2622
0.0000
0.0000
0.0000
0.0000
0.0000
0.0000
0.0000
1.2353
0.0000
0.0000
0.0000
0.0000
1.8299
1.1905
0.0000
0.0000
0.0000
0.0000
0.0000
0.0000
0.0000
0.0000
0.0000
0.0000
0.0000
0.0000
0.0000
3.1978
0.5355
0.0000
1.4431
0.0000
0.0081
0.0000
0.0000
0.0000
0.0000
0.4674
0.0000
0.0000
4.2551
1.8944
0.0000
0.0000
0.0000
0.0000
0.0000
0.0000
0.2423
0.0000
0.2989
0.0000
0.0000
0.0000
0.0000
0.0000
0.0000
0.0000
0.0000
0.5344
1.5361
0.0000
0.4024
0.0000
5.0112
0.0000
1.5772
0.0000
0.0000
0.0000
0.0000
1.7675
0.1836
0.5282
0.0000
0.0000
0.0000
0.0000
0.0000
0.0000
0.0000
0.0000
2.3756
1.0568
0.0000
1.3366
0.0000
0.0000
0.0000
0.0000
0.0000
0.1542
0.0000
0.4557
0.0000
0.0000
0.2196
0.0000
0.4522
2.0295
2.0850
2.4035
0.0000
0.0000
0.0000
2.2958
0.0000
0.0000
0.0000
0.0000
0.0000
0.0000
0.0000
0.6135
4.1263
0.0000
1.0077
0.0000
0.0000
0.0000
1.1621
0.0000
0.0000
0.0000
1.6373
0.0000
1.1364
0.0000
2.4265
0.0000
0.0000
1.4190
1.9954
0.6578
1.0054
0.0000
1.0692
0.0000
0.0000
0.0000
0.2428
1.6543
0.0000
0.0000
1.8604
0.0000
0.0000
2.3906
1.5651
0.0394
0.0000
0.7889
0.0000
2.7274
0.0000
0.1867
0.0000
0.0000
0.0000
0.0000
0.0000
1.6844
0.0000
0.4317
0.0000
1.2471
0.0000
0.0000
0.0000
0.0000
0.0000
0.0000
0.0000
0.0000
0.0000
3.1491
0.0000
1.8214
0.0000
0.5564
0.4462
1.4614
0.7021
0.0000
0.0000
0.2866
0.0000
0.0000
0.0000
0.0000
0.0000
2.2106
0.0000
0.0000
0.7271
0.0000
0.0000
0.0000
0.0000
0.0000
0.0119
0.0000
0.8865
0.0000
0.0000
0.9448
0.6275
0.0000
0.0000
2.2575
0.0000
0.0000
1.0691
0.0000
1.3190
0.0000
0.0000
0.0000
0.9131
1.8203
0.0000
0.0000
0.0000
0.0000
0.7865
0.3135
0.0000
0.3599
0.0000
0.8746
0.0000
0.3218
0.0000
0.0000
0.0000
0.0000
0.4697
0.0000
0.0000
1.1647
0.4448
0.3224
0.0000
0.0000
0.5494
0.0000
0.3043
0.0000
0.0000
0.0000
0.0000
0.0000
0.0000
0.0000
0.0000
0.4569
0.0000
0.0000
0.0000
0.4667
0.2373
1.8840
0.0000
0.0000
0.0000
0.0000
0.6635
0.4231
0.0000
0.0000
0.8054
0.0372
0.0000
0.0000
0.0000
0.0000
0.0000
0.0000
0.0000
0.0000
0.0000
2.9163
0.5503
0.6949
0.1040
5.2782
0.0000
0.0000
1.2749
1.7290
1.1171
0.0000
0.2410
0.0000
0.0000
0.0000
2.6270
0.0000
0.0000
0.0000
0.0000
0.0000
0.0000
0.9762
0.0000
2.5569
0.0000
0.0000
0.0000
0.0000
0.0000
0.0000
0.0000
0.0000
0.0000
2.3989
1.7254
0.0000
0.0000
0.2246
0.0000
1.7653
0.0000
0.0000
0.0000
2.8545
0.3437
2.3981
0.0000
0.9592
0.0000
0.0000
0.0000
0.0000
0.0000
0.0000
0.0000
0.0000
3.9703
0.0000
0.0000
0.0000
0.0000
0.0000
0.0000
0.0000
0.0000
1.2290
0.0000
0.0000
0.0000
1.7688
0.0000
0.2816
0.0000
0.0000
0.0000
0.0000
0.0000
0.6564
0.8088
0.0000
0.0000
2.9035
0.0000
0.0000
0.0000
2.0118
0.0000
1.1039
0.0000
0.0000
3.0136
0.0000
0.0000
0.0000
0.0000
0.0000
1.2663
0.0000
0.0000
0.0000
0.0000
0.0000
0.0000
0.0000
0.0000
3.1986
0.0000
1.3965
0.0000
0.4392
0.0000
0.0745
0.9039
0.0000
0.0000
0.0000
0.0000
0.0000
0.0000
1.7797
0.0000
0.0000
0.5108
0.0000
1.8124
1.2759
0.0000
0.0000
0.6945
0.0000
0.0000
0.0000
0.0000
0.6450
0.0000
2.7575
0.5603
0.0000
1.4882
0.0000
0.0000
0.0000
0.0000
0.0000
0.0000
0.5875
0.0000
0.0000
1.4080
0.0000
0.0000
0.0000
0.0000
0.0000
0.0000
0.0000
0.0000
0.4024
0.3005
0.0000
0.4968
0.0000
0.0000
0.0000
0.0000
0.0000
0.5528
0.0000
0.7053
0.0000
1.4556
0.0000
0.0000
0.0000
0.0000
0.0000
0.0000
0.0000
0.0000
0.0000
0.0000
0.0000
0.0000
0.0000
0.0000
0.0000
0.0000
0.0000
0.0000
0.0000
0.6959
0.0000
0.0000
0.0000
0.0000
0.3360
0.0000
0.0000
0.0000
0.0000
0.0000
2.3428
0.9310
0.0000
1.4170
0.0000
0.0000
0.0000
0.0000
0.0000
0.0000
0.0000
0.0000
0.0000
0.0000
0.6857
2.2369
1.5389
0.0000
0.0000
0.0000
0.0000
0.0000
2.0407
0.0000
2.5105
0.0000
0.0000
1.3426
0.5349
1.1423
2.0750
3.7808
0.0000
0.0000
0.0000
0.0000
0.5854
0.0012
0.6527
0.8535
0.0000
0.0000
0.6295
0.0000
1.1714
0.0000
0.0000
0.0000
0.0000
1.9510
0.0000
2.3107
0.0000
0.5697
0.0000
0.0000
0.0000
0.4813
0.0000
3.2837
0.0000
0.0000
2.4612
0.0000
0.0000
0.1528
0.0000
1.2420
0.0000
0.0000
0.9637
0.0000
0.0000
0.4302
0.0000
0.0000
0.4290
0.0000
0.1078
1.1194
0.0000
2.5639
0.0000
0.0000
0.0000
0.0000
0.0000
0.0000
0.0000
0.0000
0.0000
0.0000
1.4358
0.0000
2.8196
1.6630
0.0000
0.0000
0.0000
0.0000
0.0000
0.0000
0.0000
0.0000
0.0000
0.0000
1.2630
0.0000
1.1612
0.0000
0.1281
0.0000
0.0000
0.0000
0.0913
0.0000
0.0000
1.8458
3.0212
3.3375
0.0000
0.5031
0.0000
0.0000
0.0000
1.7035
0.0000
0.0000
0.0000
0.0000
0.0000
0.0000
0.0000
0.0000
1.6634
1.1248
0.0000
0.7940
0.0000
0.0000
0.0000
0.0000
0.0000
0.0000
3.6822
0.0000
1.5554
0.0000
0.9648
0.0000
0.0000
1.8118
1.7799
1.3907
0.0000
0.0000
0.0000
0.2204
0.0000
0.0000
0.4130
0.0000
0.0000
0.0000
0.0000
0.0000
0.0000
0.0000
0.0000
1.1578
0.9520
1.2899
0.0000
0.0000
0.0000
0.3227
0.0000
0.0000
0.0000
0.6225
0.0000
0.0000
0.0000
2.5299
0.1355
0.0000
0.0000
0.0000
1.3049
0.0000
0.0000
0.6917
1.3871
1.7834
0.0000
0.7603
0.0000
0.0000
0.0000
0.6971
0.7756
1.2337
0.0000
0.0000
0.0000
0.0000
0.0000
4.6988
0.0636
0.0000
0.0000
0.0000
0.0000
0.0000
0.0000
0.3529
0.0000
0.0000
0.6780
0.4334
0.0000
0.8260
1.3487
0.0000
1.3063
0.0000
2.4924
0.0000
0.0000
0.0000
0.0000
0.2067
0.0000
0.0000
0.0000
1.5604
0.0000
1.4815
0.0000
0.0000
0.0000
0.0000
0.0000
0.0000
0.0000
0.0000
0.0000
0.8916
0.2667
0.5855
0.0000
1.4441
0.2934
1.5913
1.7672
0.0000
0.0000
0.0000
0.0000
1.8611
0.0000
0.0000
0.0000
1.6406
2.7647
0.0000
0.0000
0.0380
0.0000
0.0000
0.0000
0.0000
0.0000
0.0000
0.0000
0.0000
0.0000
0.0000
1.5119
0.0000
1.0904
0.0046
0.0000
0.2955
0.0000
1.5649
0.3560
0.0000
0.2341
0.7194
2.5720
1.9030
3.1283
0.0000
0.0000
0.0000
1.1554
0.0000
0.0000
1.0285
0.0000
0.0000
0.0000
0.8374
1.1641
0.0000
1.2471
0.0000
2.4796
0.1232
0.0000
0.0000
0.0000
0.0375
0.0000
0.0000
0.0000
0.7489
0.0000
0.0000
0.0712
0.0000
0.0000
0.0000
0.0000
0.0000
0.0000
0.0000
0.0000
0.0000
0.2911
0.0000
0.0000
0.8954
0.0000
1.2256
0.2543
1.3319
0.0000
0.6314
0.0000
3.2868
0.0000
0.0000
0.0000
0.0000
0.0000
1.4038
0.7003
3.4139
0.0000
0.4261
0.1534
1.6707
0.0000
1.0894
0.0000
0.6210
0.2126
0.0000
0.0000
0.0000
0.0000
0.0300
0.0000
0.0000
0.0000
1.8778
0.0000
1.2102
0.5993
0.0000
0.0000
0.0000
0.0000
0.0000
0.0000
3.3184
0.0000
1.3923
2.5020
0.0000
0.0000
0.4996
1.4188
0.0000
1.1053
1.2754
0.9438
0.0000
0.9729
0.0000
1.2825
1.5392
0.0000
1.6625
0.0000
1.9413
1.4650
0.0000
0.0000
0.0000
0.0000
0.0000
1.3888
0.4727
2.8881
0.0000
0.0000
2.7711
0.0000
2.3342
0.0000
0.0000
0.0000
0.0000
0.0000
0.0000
0.0000
0.3557
0.0000
0.0000
1.6536
0.0000
1.9354
0.0000
0.0000
0.4072
0.0000
0.0000
0.0000
0.0000
0.8584
1.0857
0.0000
1.4149
1.6867
0.0000
0.5173
3.1159
0.0000
0.0000
0.0328
0.0000
0.3049
0.0000
0.0000
0.5567
0.0000
0.0000
0.0000
0.0000
0.0000
2.5134
0.0000
0.0000
0.0000
0.0000
1.2283
0.0000
4.7805
2.8024
1.5011
0.0000
0.0000
0.0000
0.0000
0.0000
0.0000
1.3121
0.0000
0.0000
0.3132
0.0000
0.0000
0.0000
0.8365
0.0000
0.0000
0.0000
0.0000
0.0000
0.0000
0.0000
0.7615
0.3636
0.0000
0.0000
0.0000
0.0000
0.0000
0.0000
0.0000
1.1084
0.0000
0.0000
0.0000
0.3072
0.0000
1.1900
0.0000
0.0000
0.0000
0.0000
0.0000
0.1974
0.0000
0.0000
0.9080
0.0000
1.3650
0.0000
1.1783
0.0000
1.2431
0.0000
0.0000
0.0000
0.3236
1.0771
0.0251
0.0000
0.0000
1.9267
0.0000
0.0000
0.0000
0.0000
0.0000
1.9515
0.0000
0.0000
0.0000
0.0000
0.4321
0.0000
0.5691
1.3174
0.0000
0.0000
0.0000
1.4103
0.0000
0.0000
0.0000
0.0000
0.0000
0.2694
0.0000
0.0000
0.5150
0.2101
1.7673
0.7123
0.0000
0.1085
1.0858
0.0000
0.4825
0.0000
2.0486
1.4473
0.0936
0.2519
0.0000
0.0000
0.0000
0.0000
0.5003
0.0000
0.0000
0.0000
1.0318
0.6340
0.0000
0.0000
0.0000
0.0000
0.0000
0.0000
0.0000
2.6781
0.0000
0.0000
2.1072
3.1159
0.6924
0.0000
0.0000
0.0000
0.0000
0.4114
0.0000
0.0000
3.7834
0.0000
0.0000
1.0106
2.8373
0.0000
0.0000
0.0000
1.3548
0.8711
0.0000
0.0000
0.8289
0.0000
0.0000
0.0000
0.0000
0.0000
1.0266
0.0000
0.0000
0.0000
0.5011
2.8302
0.0000
2.9936
0.0000
0.2717
0.0000
0.1963
0.8222
0.0000
0.0000
0.0000
1.6945
1.6974
0.0000
0.0000
0.0000
0.0000
0.0000
1.4675
1.6546
0.0000
0.0000
0.0000
0.0000
0.7084
1.5059
0.3987
0.0000
0.0000
0.0000
0.0000
1.5504
0.0000
0.0000
0.0000
0.0000
0.2789
0.0000
0.0000
0.0000
0.0000
0.0000
0.0000
0.0000
0.0000
0.0000
0.0000
1.8385
2.4827
0.0000
0.0000
0.0000
0.0000
0.0000
0.0000
0.0000
1.2243
0.0000
0.0000
0.0000
1.7460
0.0000
0.0000
1.2115
0.8308
0.0000
0.0000
0.0000
0.0000
0.0000
0.0000
0.0000
0.0000
0.0560
0.0000
2.7536
0.0000
0.6556
0.0000
0.0000
0.0000
0.3047
0.0000
2.0301
0.0000
0.0000
0.0000
0.0000
0.0000
0.0000
0.0000
0.0000
0.0000
0.0000
1.7365
0.0000
0.4280
0.0000
0.9648
0.0000
0.0000
2.5483
0.0000
0.0000
0.0000
0.0000
1.2016
0.0000
0.5021
0.0000
0.0000
1.6401
2.2489
0.0000
3.5282
1.0685
1.6163
0.0000
0.0000
0.0000
0.0000
0.0000
0.0000
0.0000
0.4687
0.0000
2.0911
0.0000
4.0458
0.0000
0.7827
0.0000
0.0000
0.0000
2.8033
0.0000
0.2973
1.5920
0.0000
1.4291
0.0000
0.0000
0.7839
0.0000
1.8034
0.0000
0.0000
0.0000
0.0000
0.0000
0.0000
0.0000
0.0000
0.0000
0.0000
0.0000
0.0000
0.0000
0.4876
0.6797
1.3170
2.4391
0.1454
0.5143
0.2891
0.0000
0.0000
0.0000
0.0000
0.0000
1.4219
2.5691
2.7541
0.0000
0.0000
0.0000
0.3634
0.0000
0.0000
0.0000
0.0000
0.0000
0.0000
0.0000
0.4761
0.0000
0.0729
0.0000
0.0000
2.3385
0.0000
0.0000
0.9761
0.0000
0.0000
0.2783
0.0000
0.3002
0.0000
1.5126
1.4545
0.0000
0.0000
1.7541
1.2485
0.0000
0.0000
0.0000
0.0000
1.3187
2.2026
1.2739
0.0000
0.3240
0.0000
0.0000
0.0000
0.0000
0.7878
0.0465
0.0000
0.1532
0.8525
2.7059
0.0000
0.0000
0.0000
2.3346
0.0000
0.0000
0.0000
0.9511
0.4358
0.0000
1.7780
0.0000
0.0000
0.0000
0.4535
1.5000
0.0000
0.4769
0.0000
0.5632
3.8726
0.0000
0.5894
0.0000
0.1733
0.8982
1.0066
0.7731
0.0000
1.5372
0.0000
0.0000
0.0000
0.0000
0.0000
0.0000
0.0000
0.4179
0.0000
0.0000
0.0000
0.0000
0.0000
0.0000
0.0000
0.7253
0.0000
0.0000
0.0000
0.0000
0.0000
0.0000
0.0000
0.0000
0.0000
1.6305
0.0000
0.0000
0.4344
0.0000
0.0000
0.6440
0.5362
3.8893
0.2718
0.0000
0.4707
0.0000
0.0000
0.0000
0.2117
0.0000
0.0000
0.0000
0.6855
0.0000
0.0000
0.0000
0.0000
0.0000
3.2459
0.0000
0.0000
0.0000
0.0716
0.0000
1.0878
0.0000
0.0000
0.0000
0.0000
0.0000
0.5775
1.3464
0.0000
0.0000
1.5274
3.7978
0.0000
0.0000
0.7438
0.0000
0.0000
0.0000
0.0000
2.0866
2.5136
0.0473
0.0000
0.0000
0.0000
1.9935
5.1755
0.0000
0.4352
0.0000
0.0000
0.0000
0.0000
0.0000
0.0000
0.0000
0.0000
0.0000
0.0000
0.0000
0.0000
0.0000
0.0000
0.0000
0.2234
0.0000
0.0000
1.5955
0.0000
0.0000
0.0647
0.0721
0.0000
2.3283
0.0000
0.0000
1.4884
0.0000
0.0000
2.5036
0.9278
0.0000
0.0000
2.5007
0.0000
0.0000
0.0000
1.3335
0.0000
0.0000
1.6276
0.0000
0.0000
0.0000
0.0000
0.0000
1.3946
0.0000
0.0000
1.1559
0.0000
0.0000
0.0000
1.7685
0.9793
0.0733
0.0000
1.3326
0.0000
0.0000
0.0000
0.9164
0.4690
0.0000
0.0000
0.0000
0.0000
0.0469
0.0000
0.0000
0.0000
0.0000
1.3655
0.0000
0.0000
0.0000
0.0000
0.0430
0.0000
0.0000
3.0213
0.0000
0.0036
2.5624
0.0000
0.0000
0.0000
0.0000
0.0000
0.0000
0.0580
0.0000
0.0000
0.3177
0.0000
0.0000
0.0000
0.0000
0.0000
0.0000
0.0000
0.0000
0.1414
0.0000
0.0000
1.8069
0.0000
0.0000
0.0000
0.0000
0.0000
0.0000
1.5032
0.0000
1.0069
0.0000
1.0176
0.0000
1.9896
0.8278
0.0000
0.1038
1.8076
1.4953
0.2811
0.0000
0.0000
0.0000
1.2817
0.0000
0.0000
3.7781
1.6282
0.0000
0.0000
0.0000
2.4741
1.1086
0.0000
0.0000
0.0000
0.0000
0.0000
0.0000
0.0000
2.7046
0.0000
0.0000
0.0000
0.0000
0.0000
0.0000
0.0000
0.0000
1.6790
1.7739
0.0000
0.0000
0.0000
0.0000
1.5706
0.0000
0.0000
0.6872
0.0000
1.9107
0.0000
0.0000
0.0000
0.7660
0.0000
3.0103
0.0000
1.8146
1.3952
0.0000
1.0222
0.6687
0.0000
0.0225
0.0000
0.0000
0.0000
0.0000
0.0000
0.0000
0.0000
0.0591
0.0000
0.0000
0.0000
0.0000
1.5658
0.0000
0.0000
0.0000
0.0000
0.0000
0.3264
0.1600
0.0000
0.0000
0.0000
0.0000
0.5957
1.5954
0.8373
0.1258
0.0000
0.0000
0.0000
0.5439
0.0000
0.0000
0.0000
0.0000
1.3263
0.0000
0.0000
0.0000
0.0000
0.0000
0.0000
0.5806
2.1728
0.0000
0.0000
0.0000
0.0000
0.0000
0.1653
0.0000
0.0000
0.1381
3.6680
0.0000
0.0000
1.1573
0.0000
3.2908
0.0000
0.0000
2.8741
0.0000
0.0000
0.0000
0.2780
1.2396
1.7889
0.0000
2.2882
1.8299
0.0000
0.0000
0.0000
3.5740
0.0000
1.6805
0.0000
0.0000
0.0000
0.0000
0.0000
0.5182
0.0000
0.0000
1.6871
0.0000
0.0000
0.0000
1.4283
0.0000
0.0000
0.0000
1.6915
0.0000
0.0000
0.6307
1.6883
2.0109
0.5272
0.0000
0.0000
0.0000
0.0000
0.0000
0.0000
2.1984
1.1963
2.3143
0.0000
2.0328
2.2297
0.1793
0.0000
0.0000
0.0000
0.0000
0.0000
2.5850
0.0000
0.0000
2.2417
0.0000
0.0000
0.0000
0.0000
0.0000
1.2032
1.0057
2.8799
0.0000
0.0000
0.0000
2.1062
0.0000
0.0000
1.3529
0.0000
0.0000
0.8454
0.0000
1.1777
0.0000
0.0000
1.1673
0.0000
0.0000
0.0000
0.0000
0.1240
2.2242
0.0000
0.0000
0.0000
0.0000
0.0000
0.0519
0.0000
0.0000
0.0000
2.7497
0.1017
0.9942
0.0000
0.0000
0.0000
0.0000
2.2219
0.0000
0.0000
0.0000
0.0000
0.0000
0.0000
0.0000
0.0000
0.0000
0.0000
0.0773
0.0000
0.0000
1.5787
0.0000
0.0000
0.0000
0.3346
0.4956
0.2801
0.2654
1.1500
0.0000
0.0000
0.0000
0.0000
0.5541
0.0000
1.3217
0.0000
0.8486
0.0000
0.0000
3.5292
0.0000
0.0000
0.8339
0.0000
0.0000
0.4274
0.7618
0.0000
0.0000
0.0000
0.0000
0.3882
0.8293
0.1459
0.0000
0.0000
2.6009
0.0000
2.6710
1.1731
0.0000
0.0000
0.6499
0.0000
0.0000
0.0000
0.8700
0.0000
0.1285
0.0000
0.0000
1.4913
0.7672
0.7334
0.0000
0.0000
0.0000
0.0000
1.7261
0.0000
0.0000
0.0000
1.7355
0.0691
0.0000
0.0000
0.2652
0.0000
0.0000
0.0000
0.0000
0.0000
0.7571
0.1559
0.4972
0.4139
0.0000
0.0000
0.0000
0.0000
0.0000
1.0440
0.0000
1.4081
1.7302
1.7711
1.4952
0.0000
0.0000
0.0000
0.0000
0.1641
1.7163
0.0000
0.0000
0.5653
0.0000
0.0000
0.0000
2.4907
2.1535
0.0000
0.0000
0.0000
0.2982
3.8624
0.0000
0.0000
0.0000
0.0000
0.0000
0.0000
0.0000
0.0000
0.1544
0.0000
0.0000
0.8749
0.6403
0.0000
0.0000
0.0000
1.3739
0.6631
0.0000
0.8829
0.0000
0.0000
0.0000
0.0000
4.1044
2.8030
0.0000
0.0000
0.7132
0.0000
0.5868
0.0000
1.2990
0.0000
0.0000
1.2310
1.5634
0.0000
0.0000
0.0000
0.0000
0.0000
0.0000
0.2203
1.9989
0.0375
0.0000
2.7186
0.0000
1.5839
0.0000
0.3746
0.0000
0.0000
0.0000
0.0000
0.4477
0.0000
0.0000
0.0000
0.0000
0.4365
0.4354
0.7683
0.0000
0.0000
0.0000
0.6854
0.3439
0.0000
0.0000
0.0000
0.6257
0.3631
0.4626
0.1842
0.0000
0.2535
0.0000
1.3384
2.0337
0.0000
0.0000
0.0000
0.0000
0.0000
0.6502
0.0000
0.0297
0.0000
0.0000
0.0000
0.0000
0.0000
0.0000
0.0000
0.0000
2.3344
0.0000
2.3278
0.0517
0.0000
2.2707
0.0000
0.0000
0.0000
0.0000
0.7162
0.0000
0.0000
1.2939
0.0749
0.0000
0.0000
1.2185
0.5720
1.8290
0.0000
0.0000
0.0000
1.5464
0.0000
0.0000
0.0000
0.0000
0.0000
0.0168
0.0000
0.0000
0.0000
0.0000
0.0000
0.0000
0.3393
0.0000
0.0000
0.0000
0.0000
0.0000
0.5769
0.0000
0.2537
0.0000
0.8578
0.0138
0.0000
3.5394
0.3697
1.2113
3.1963
1.4028
0.0000
1.9265
0.0980
0.0000
0.0000
0.0000
0.0000
0.0000
0.0000
0.0000
0.0000
0.0000
0.0000
1.1302
0.0000
1.2007
0.0000
3.0171
0.4802
0.0000
0.8906
2.4740
2.4425
0.0000
0.4892
0.0000
0.0000
1.6392
3.7362
0.0000
0.0000
0.0000
0.0000
1.5362
0.0000
0.0000
2.5473
0.0000
0.0000
3.0564
0.0000
0.5316
0.0000
0.0000
0.0000
0.0000
2.6739
0.0000
0.0000
0.0000
0.0000
0.0000
1.7517
0.0000
1.1213
0.2513
0.3458
0.1393
0.0000
1.3630
0.0000
0.0000
2.1305
0.0000
0.0000
0.0000
0.0000
0.0000
2.6580
0.0000
0.0000
0.0000
0.0000
0.0000
0.6833
0.5748
0.2698
0.0000
0.0000
0.0000
0.6295
0.0000
0.0000
0.0000
1.5758
0.0000
0.0000
2.5217
0.0000
0.0000
0.0000
0.4551
0.0000
0.0000
0.0870
3.7005
0.0000
0.0000
1.3015
0.0000
0.0000
1.1274
0.6317
0.0000
0.0000
0.5715
0.0000
0.0000
0.0000
0.0000
0.0000
0.6782
0.0000
0.0000
0.0000
0.2961
0.0000
0.0000
0.9197
0.0000
0.3340
0.0000
0.1108
0.0000
0.0000
0.0000
0.2766
0.0000
0.0000
0.0000
1.1357
0.7716
0.0000
4.0785
0.0000
0.2740
0.6087
1.2867
0.0000
0.0000
0.0000
0.0000
0.0000
0.0000
0.0000
0.0000
0.9204
0.0000
0.0000
0.0000
0.0000
0.0000
0.0000
0.0000
0.0000
0.0000
0.0000
0.0000
0.0000
0.4422
1.5858
0.0000
0.0000
0.0000
3.5720
0.0000
0.0000
0.0000
0.0000
0.0000
0.0000
0.0000
0.0000
0.1205
0.0000
0.0000
0.0000
0.3022
0.0000
0.0000
0.0000
0.0000
0.0000
0.1066
0.0000
0.0000
1.3211
0.0000
0.9688
0.0000
0.0000
0.0000
0.0000
1.2263
0.0000
0.0000
0.0000
0.0000
0.0000
0.9167
0.0000
1.0933
0.0000
0.0000
0.3040
0.0000
0.0000
0.3454
0.0000
0.0000
0.0000
0.0000
0.0000
1.9573
0.4811
0.7909
0.0000
0.0000
0.0000
0.2086
1.3738
0.1030
1.6013
0.1754
0.9938
0.0000
3.2804
0.0000
1.5251
0.5611
0.0000
0.0000
0.0000
0.0000
0.0000
1.9586
0.0000
0.0000
0.0000
0.0000
0.2227
0.0000
0.0000
0.5750
0.2413
0.0000
0.0000
0.0000
0.0000
0.0000
0.0000
0.0000
1.2180
0.0000
0.0341
0.4460
0.2349
0.3510
0.7868
0.0000
0.0000
0.0000
1.9569
0.0000
1.2168
0.3644
0.0000
0.9095
1.0670
0.0000
0.8139
1.3595
0.0000
0.0000
0.0000
0.0000
1.0931
0.5918
0.0000
0.0000
0.0000
1.1306
0.6029
0.0000
0.0000
0.0000
1.5995
0.0000
0.0000
0.0000
0.0000
0.0000
2.0444
0.0000
0.0000
0.0000
0.0000
0.0000
0.4062
1.9473
0.0000
0.0000
0.7292
0.0000
0.0000
0.0000
0.0000
0.0000
0.0000
0.0000
0.0000
3.0230
0.0000
0.0000
0.0000
0.0000
0.1821
0.0000
0.0000
0.0000
0.0000
0.0000
0.1055
0.0000
0.0000
0.3315
0.0000
0.5607
0.8662
0.0000
0.0000
2.3158
0.0000
0.0000
0.0000
0.0000
0.0000
0.0000
0.0000
0.6856
0.0000
0.0000
0.0000
0.0000
0.1906
0.0000
0.0000
0.8521
0.0000
0.0690
0.1651
0.0000
0.4222
0.3438
0.0000
0.8054
0.0000
0.0000
0.0000
0.0000
0.0338
0.5442
0.0000
0.0000
2.2348
3.6581
2.3660
0.0000
0.0000
0.0000
0.0000
0.0000
0.0000
0.0000
0.5437
0.0000
2.1317
0.0000
0.7654
0.0000
0.7956
0.0000
2.0819
0.2977
1.8151
0.1308
0.0000
0.0000
2.2220
0.0000
1.4589
0.0000
0.5761
0.0000
0.0000
0.0000
0.0000
1.2823
0.0000
1.4810
2.9569
0.3087
0.0000
1.1454
0.0000
1.8938
0.7160
0.0000
0.0000
0.0000
0.0000
0.0000
0.9044
3.0539
0.7011
0.0000
0.0000
0.2685
0.0000
0.0000
1.2773
1.4393
1.7837
0.0000
0.0000
0.0000
0.0000
0.0000
4.5491
0.4765
1.3529
0.0000
0.0000
3.3614
0.8374
0.0000
0.0000
0.0000
0.0000
0.0000
2.4988
0.0000
0.0000
2.5025
0.0000
0.0000
0.0000
0.0000
0.6694
1.3686
0.0000
0.0000
0.0000
0.0000
2.3506
1.0866
0.0000
0.0614
0.0000
0.0000
0.0000
0.0000
4.2774
0.3268
0.0000
0.0000
1.1761
0.1726
0.0000
0.0000
0.0000
0.0000
1.3106
0.0000
4.4186
0.0000
0.0000
0.0000
0.0000
0.0000
0.0000
1.3208
0.1355
0.0000
0.0000
0.0980
0.0000
0.0000
0.0000
0.0000
2.2730
5.5108
0.0000
0.0000
0.0000
0.0000
0.0000
0.0000
0.0000
0.0000
0.0000
0.0773
1.4046
0.0000
1.2445
3.3571
0.0000
0.0000
0.0000
0.0000
0.0000
0.0000
1.4652
0.0000
0.6064
0.0000
0.0000
0.0000
0.2139
0.0000
2.9667
0.0000
1.7846
0.0000
0.0000
0.0000
0.0000
1.0585
0.0000
0.0000
0.2552
0.6862
0.0000
0.0000
0.0000
0.0000
3.1756
0.0000
1.5737
0.5910
0.8913
0.0000
0.0000
0.0000
0.0000
0.0000
0.0000
2.4962
0.0000
1.4319
0.0803
0.0000
0.6062
0.0000
0.0000
0.0000
0.0000
0.0000
1.0170
3.1967
0.0007
0.0000
0.5424
0.0000
0.3664
0.0000
0.0000
0.5907
0.0000
0.4147
0.0000
1.5497
0.0000
0.0000
0.0000
0.6108
0.0000
0.0000
0.0000
0.0000
0.0000
0.0000
0.2767
0.4143
0.0000
0.0000
0.1209
3.4939
0.0000
0.0000
0.0000
0.0000
0.6752
3.6161
0.0000
0.0000
0.0000
0.0000
0.7816
0.0000
0.0000
0.4803
1.3499
0.0000
0.2218
0.0000
0.0000
0.5982
0.0000
1.6103
0.0000
0.0000
0.0000
1.9254
0.0000
0.0000
0.0000
0.0000
0.0000
0.8686
2.4487
0.0000
0.0000
0.0000
0.0000
0.0000
0.0000
0.0000
0.9871
3.2459
0.0000
0.9641
2.4651
2.6999
0.0000
0.0000
0.0000
0.5610
0.0000
0.0000
0.0000
0.0000
0.4019
0.0000
0.0979
0.5527
0.0000
0.0000
1.7521
0.2076
0.0000
0.5650
0.4523
0.0000
0.0000
0.0000
2.5323
0.1110
0.7066
0.0000
0.0000
0.0000
0.0000
2.1409
0.0000
0.0000
0.0000
0.1347
0.1657
0.4096
0.7032
0.0000
0.0000
0.0000
0.7955
2.1315
0.0000
0.0000
0.0000
1.3056
0.0000
2.3951
0.1503
0.0552
0.9897
0.0000
0.0000
0.0000
0.0000
0.0000
1.4116
0.0000
0.0000
0.0000
0.0000
2.2815
0.0000
2.8301
0.0000
0.0000
0.0000
0.0000
0.3727
0.5947
0.0000
0.0000
0.1051
0.8877
0.0000
2.7011
0.0000
0.0000
0.0000
0.0000
0.0000
1.3838
0.0000
0.0000
0.0000
0.0000
0.0000
0.0000
0.3248
0.0000
1.3479
0.0000
0.0000
0.0000
0.0000
0.0000
0.0000
1.2021
0.0000
0.4373
0.0000
0.1726
0.0000
0.0000
0.0000
0.0000
0.2230
0.2772
0.0000
1.2640
0.8319
0.5181
0.0000
1.3062
0.0000
0.0000
1.2195
0.0000
0.0000
0.0000
2.1539
0.0000
0.0000
0.0000
0.0000
1.1781
1.1774
0.5988
0.0000
0.0000
0.0000
0.0000
0.8871
0.0000
0.0000
0.0000
1.3104
0.0271
0.0000
0.0000
0.0000
0.0000
1.8303
0.0000
0.0000
0.0000
0.0000
0.0000
4.7599
0.0000
0.0000
4.7729
0.9115
0.0000
0.7607
0.0000
0.9492
0.0000
0.0000
1.1709
0.0000
0.0000
1.5889
3.5640
0.6214
1.0628
2.1565
0.0000
1.4458
0.0000
0.0000
1.7237
0.0000
0.0000
0.0000
0.2216
4.1915
0.0000
0.0000
0.0000
0.1713
0.0000
0.0000
0.8929
0.0000
0.0000
0.5899
0.0000
0.0000
0.0000
0.0000
1.0233
0.0000
0.0000
0.0000
0.0000
0.0000
0.0000
0.0000
0.0000
0.5303
0.0000
0.0000
0.0000
0.0000
0.0000
0.2225
0.0000
0.0000
1.9413
0.0000
0.0000
0.0000
0.0000
0.0000
0.0000
0.5739
0.0000
0.0000
0.0000
0.0000
0.0000
2.1981
0.9334
0.0000
0.0000
0.0000
3.6092
0.6656
0.1196
0.0000
0.0000
0.8654
1.4106
0.0000
0.0000
0.0000
2.2281
0.2701
0.0000
0.0000
0.0000
0.0000
0.0000
0.0000
0.0000
2.4834
0.0000
0.0000
0.1925
4.4337
0.0000
0.9555
0.0000
0.0000
0.0000
0.0000
3.7362
0.0000
0.0000
0.0000
0.0000
0.8770
0.0000
0.0000
0.1076
0.5229
0.0000
0.0000
0.0000
0.0000
0.0000
0.0000
0.0000
0.0000
0.0000
2.5462
0.0000
4.3762
0.0000
0.0000
1.3635
0.0000
1.7827
0.0000
0.9408
0.0000
0.0000
2.7202
0.0000
0.0000
0.0000
0.1481
0.0000
0.0000
1.5211
0.0000
0.0000
0.0000
0.0000
0.0000
0.0000
1.8416
0.0000
0.0000
0.0000
3.2809
1.8771
0.0000
0.0000
0.0000
0.0000
2.0906
0.0000
0.0000
2.1231
3.0103
0.0000
0.0000
1.2187
0.7725
4.6036
0.0742
1.1057
0.0000
2.0609
0.0000
0.0000
0.0000
0.0000
0.0000
0.0000
0.0000
0.1914
1.8917
0.8570
2.7932
0.0127
0.0000
2.9971
0.0000
0.0000
0.0000
0.0000
0.0000
1.5422
0.0000
0.0000
3.0663
0.0000
0.0000
0.0000
3.5832
0.0000
1.3474
0.0000
0.0000
0.0000
0.9675
0.2639
0.9158
0.7728
0.0000
0.8604
0.6306
1.2667
1.1599
0.0000
0.0000
0.0000
0.0000
0.0000
0.0000
0.7170
0.0000
0.0000
0.0000
0.0000
0.0000
0.0000
0.7852
0.6058
0.0141
0.0000
0.0000
2.4899
0.4316
0.1792
0.0000
0.1253
1.6280
0.0000
0.3210
0.0000
0.0000
0.0000
0.0000
2.0093
0.0000
0.0000
0.0000
0.0000
3.1273
0.4025
1.5849
1.9175
0.0000
1.5538
0.0000
1.2316
0.0000
0.3837
0.0000
1.8606
2.0105
0.7939
0.0000
0.0000
1.0994
0.0000
0.0000
0.0000
0.0414
0.0000
0.3556
0.0000
0.0000
0.0000
0.0000
0.0000
4.6316
0.0000
0.0000
0.0000
0.0000
0.1679
0.0000
0.0000
0.0000
0.8074
0.0000
0.0000
1.3663
0.0000
2.5745
0.2221
0.0000
0.0000
1.9409
1.5857
0.0000
0.0000
0.0000
0.0000
0.0000
0.7099
0.0000
0.0000
0.0000
1.2014
0.0000
0.0000
0.0000
0.0000
0.0626
0.0000
0.0000
0.0000
0.0000
0.0000
0.0000
2.4999
0.0000
1.9484
1.1229
2.5900
1.0482
0.5475
0.0000
2.7257
0.0000
0.0000
0.0000
0.0000
0.1192
0.0000
3.9747
0.0000
0.0000
5.2320
0.0000
2.0794
0.4090
0.0000
2.4836
0.1758
0.0000
0.0000
0.0000
0.0000
0.0000
0.1174
0.6071
1.1947
0.5004
0.0000
0.0000
0.0676
0.0000
0.0000
1.4776
0.0000
1.0906
0.0000
0.0000
0.0698
0.0000
