0.0000
0.0000
0.0000
0.0000
0.3341
0.0000
0.0000
0.0000
0.0000
1.5821
0.0000
0.0000
1.6217
0.0766
0.0000
0.0000
0.0000
0.0000
0.0000
0.0000
0.0000
0.0000
4.0186
0.0000
3.2559
1.2035
0.0000
0.6679
0.0000
0.0000
0.0000
0.0000
0.0000
0.0000
3.0838
0.0000
0.0000
0.0000
0.7596
1.7603
0.0000
0.0000
0.0000
0.0000
0.0000
0.0000
0.0000
0.0000
0.0000
0.0645
0.0000
0.0000
0.0000
0.0000
0.0000
0.0000
0.0000
0.0000
0.0000
0.0000
0.0000
1.9720
0.0000
0.8154
0.0000
0.0000
0.0000
0.0000
0.0000
0.0000
0.0000
4.0221
0.0000
0.0000
0.0000
0.3106
0.0000
0.0000
0.0000
0.0000
0.0000
0.0000
0.0000
0.0000
0.0000
0.0275
1.9849
2.0167
2.4982
0.0000
0.0000
0.0000
0.2522
1.5198
0.0000
0.0000
0.0000
0.0000
2.7573
0.0000
0.0000
0.0000
0.0000
0.0000
0.0000
0.0000
0.0000
0.0000
0.0000
4.6036
1.0960
0.0000
0.1978
0.1190
0.0000
0.0000
0.0000
0.0000
0.0000
0.0000
4.5240
0.0000
1.3786
1.3090
0.0000
0.0000
0.3931
1.3377
0.0000
0.2847
0.0000
0.0000
0.0000
0.0000
2.2187
0.0000
1.3985
0.2852
0.0000
4.0588
2.5551
0.0000
2.6687
0.6142
1.9534
0.0000
0.0000
0.9625
0.0000
0.0000
0.0000
1.4888
0.0000
0.0000
0.0000
0.0000
0.0000
0.2282
0.0000
0.0000
1.4010
0.0000
0.2488
0.0000
0.0000
1.7058
0.0000
0.0000
0.0000
0.7647
0.0000
0.0000
0.0000
0.0000
0.0000
0.0000
0.0000
0.3350
0.0000
6.8108
0.0000
4.9282
0.0000
0.0000
0.0000
0.0000
0.0000
0.0000
2.3421
0.2289
0.0000
0.0000
0.0000
0.3205
0.2981
0.0000
0.0000
0.0990
2.6484
2.1158
0.0000
0.0000
0.0000
0.0000
0.0000
0.0000
0.0000
0.0000
0.0000
0.0000
0.0000
0.0000
0.0000
0.0000
0.0000
0.0000
0.0000
0.0000
0.0000
0.0000
0.0000
0.0000
0.0000
0.0000
0.0541
0.0000
0.0000
1.7901
0.0000
0.0000
0.0000
0.2227
0.0000
0.0000
2.6118
0.0000
1.2621
0.0000
3.0299
0.0000
0.0000
0.0000
0.0000
0.0000
0.0000
0.0000
0.0000
0.0000
0.0000
0.0000
0.0000
0.0000
0.0000
0.0000
0.0000
0.3258
0.0000
0.0000
1.2165
0.0000
0.0000
1.1313
0.0000
0.0000
0.0000
0.0000
0.1993
0.0000
0.0000
0.0000
3.4434
0.0000
0.0000
2.1453
0.1243
0.0000
0.0000
0.8160
0.1018
0.0000
0.2693
0.0000
0.0000
0.0000
0.0000
0.8787
0.0000
0.0000
0.0000
0.0000
0.0000
0.0000
0.0000
0.0000
4.5072
0.0000
0.4192
0.6351
0.0000
2.0764
0.0000
0.0000
0.0000
0.0000
0.5814
0.0000
0.0000
0.0000
0.0000
0.0000
0.0000
0.0000
0.0000
0.1220
1.1853
0.0000
0.0000
0.0000
0.2197
0.0000
0.0000
1.5529
0.0000
1.0003
0.0000
2.8333
0.0000
0.0000
0.0000
1.7292
0.0000
0.0000
0.0000
0.0000
0.0000
0.3582
0.0000
0.0000
0.0000
2.0877
0.0000
0.0000
0.0000
0.0000
0.0000
4.6042
0.0000
0.0000
0.0000
0.0000
0.0000
3.5147
0.0000
0.0000
0.0000
2.0467
0.8580
0.0000
0.1716
0.0000
0.0000
0.0000
0.0000
0.0000
0.0000
1.2884
0.0000
0.0000
0.0000
0.0000
0.0000
2.0303
0.0000
0.0000
0.7271
0.0000
0.0000
3.2858
0.0000
0.0000
2.4576
0.0000
0.0000
0.0000
0.0000
0.0000
1.3980
0.0000
0.0000
0.0000
2.8649
0.0000
0.0000
0.0000
0.0000
0.4783
0.0000
0.0000
0.0000
0.0000
0.0000
0.0221
0.0000
0.0000
0.0000
0.0000
0.0000
0.0000
3.2047
0.0000
0.0000
0.0000
0.0000
3.6649
0.0000
0.0000
0.0000
0.0000
0.0000
0.0000
0.0000
0.0000
1.1023
0.0000
0.0000
0.0000
0.0000
0.0000
0.0000
0.0000
0.0000
0.0000
0.0000
0.0000
0.0000
0.0000
0.0000
0.0000
0.6404
0.0000
3.7440
0.0259
0.7193
0.0000
3.7230
0.0000
0.0000
0.0000
3.0541
1.1872
0.0000
0.0000
0.0000
0.0000
0.0000
0.0000
0.0000
0.3103
0.0000
0.0000
1.0230
0.0000
0.0000
0.0000
0.1549
0.0000
0.0000
0.0000
0.0000
0.0000
0.0000
1.5020
0.0000
0.0000
0.0000
0.1969
0.8584
0.0000
0.0000
0.0000
0.0000
0.0000
0.0000
3.4370
1.3488
0.9893
0.0000
0.6438
0.0000
1.6589
0.0000
0.0000
0.0000
0.0000
0.5348
0.0000
0.0000
0.0000
0.0000
0.0000
0.0000
0.0000
1.8253
0.0000
0.0211
0.0000
0.0000
0.0000
0.0000
3.2956
2.4909
0.0000
0.0000
0.0000
0.0000
0.0000
0.0000
0.0000
5.8995
0.0000
1.9128
0.6905
0.0000
0.0503
0.0000
0.0000
0.0000
0.0000
0.0000
0.0000
0.9142
0.7446
1.4883
0.0000
0.0215
1.4440
0.0000
0.0000
1.7560
0.0000
0.0000
0.0000
0.0000
0.0000
0.0000
0.0000
0.0000
0.0000
0.0000
0.0000
0.0000
0.0000
0.0000
0.0000
0.0000
0.0000
0.0000
0.0000
0.0000
0.0000
0.0866
0.1649
0.0000
0.0000
0.0000
0.8025
0.0000
0.0000
0.0000
0.0000
0.0000
0.0000
0.0000
0.0000
0.0000
0.0000
0.0000
0.0000
0.0000
0.0000
0.0000
0.0000
0.0000
0.0000
0.0000
0.0000
0.0000
1.0713
4.0796
0.0000
0.0000
0.0000
0.0000
0.0000
0.0000
0.0000
0.0000
0.0000
5.0789
0.0000
0.0000
2.1245
0.0000
0.4894
0.0000
0.0000
1.0071
0.0000
0.0000
0.9399
0.0000
0.0000
0.0000
3.6423
0.0000
0.0000
0.4808
0.0000
0.0000
0.0000
2.3654
0.0000
0.0000
0.0000
0.0000
0.0000
0.0000
0.0000
0.0000
0.0000
0.0000
0.0000
0.0000
0.3855
2.4725
1.7364
0.0000
0.5175
0.0000
0.0000
0.0000
0.0000
0.0000
0.0000
0.0000
0.0000
0.0000
0.0000
0.0000
0.0000
0.0000
0.0021
4.9710
0.0000
0.0000
0.0000
0.0000
0.0000
0.0000
0.0000
0.0000
1.7000
0.6749
0.0000
0.0000
0.0000
0.0000
0.0000
0.0000
0.0000
0.8655
0.0000
0.0000
0.0000
0.0000
1.3585
0.0000
0.0000
0.0000
0.0000
0.0000
0.5589
0.0000
0.0000
0.0000
1.0738
0.0000
0.0000
0.0000
1.8495
0.0000
0.0000
4.8622
0.0000
0.5374
0.0000
0.0000
0.0000
0.0000
0.0000
1.4272
0.0000
0.0000
0.7357
0.0000
0.0000
0.0000
0.0000
1.5599
0.0000
0.0000
6.4109
0.0000
0.0000
0.0000
0.0000
0.0000
0.0000
0.0000
0.0000
0.0000
0.0000
2.3663
0.7191
0.0000
0.0000
0.0000
0.0000
0.0000
0.0000
0.0000
0.0000
0.0000
3.5015
0.0000
0.0000
0.0000
0.0000
0.0000
2.5606
0.0000
0.0000
0.0000
1.6758
0.0000
0.0000
0.0000
0.0000
1.5509
0.0000
0.0000
0.0000
0.0000
0.0000
0.0000
0.0000
0.0000
0.0000
0.0000
0.0000
0.0000
0.0000
0.5681
0.0000
0.0000
1.4651
0.0000
0.4962
0.0000
0.0000
0.0000
0.0000
0.0000
0.0000
0.0000
0.0000
0.0000
0.0000
0.6524
2.0556
0.0000
0.0000
0.0000
0.0000
0.0000
0.0000
0.5209
0.8492
0.0000
0.0000
0.0000
0.0000
1.6290
0.0491
0.0000
0.0000
0.0000
0.0000
0.0000
0.0000
0.0000
0.0000
4.0363
0.0000
0.0000
0.0000
0.0000
0.0000
0.0000
0.0000
0.0149
0.0000
0.0000
0.0000
0.0000
0.0000
1.2176
0.0000
0.0000
2.2509
1.4801
0.0000
0.0000
0.0000
0.0000
0.0000
0.0000
0.0000
0.0000
0.0000
0.8765
0.0000
0.0000
0.0000
0.0000
0.0000
0.0000
0.4687
0.0000
0.0000
0.0000
0.0000
0.0000
0.0000
0.0000
0.0000
0.0000
0.0000
0.0000
0.0000
0.0000
0.0000
0.0000
0.0000
0.0000
0.0000
0.0000
0.0000
0.0000
0.0000
0.0000
0.0000
0.0000
1.6531
0.0000
0.0000
0.0000
0.0000
0.0000
0.0000
0.0000
0.0000
0.7085
0.0000
0.0000
0.0000
0.0000
1.5900
0.0000
0.0000
0.0000
0.0000
0.0000
0.0000
0.0000
0.0000
0.0000
0.0000
0.0000
0.0000
1.7554
0.0000
0.0061
0.0000
0.0000
0.0000
0.0000
1.0762
0.6304
0.0000
0.0000
0.0000
0.0000
0.0000
0.0000
0.0000
0.0000
0.0000
0.0000
1.8102
0.0000
0.0000
3.1446
0.0000
0.0000
0.0000
0.0000
0.0000
0.0000
0.0000
0.0000
0.0000
1.9035
0.0000
0.0000
3.4902
2.8284
0.0000
0.0000
0.0000
0.0000
0.0000
0.0000
0.0000
0.0000
0.5210
0.0000
0.0000
0.0000
0.0000
0.0000
0.0000
0.0000
0.0000
1.3278
1.8251
0.0000
0.0204
0.0000
8.0895
0.0000
0.9335
0.0000
0.0000
0.0000
0.0000
2.4996
0.0000
0.0000
0.0000
0.0000
0.0000
0.0000
0.0735
0.1752
0.0000
0.0000
2.3247
1.1739
0.0000
0.0000
0.0000
0.0000
0.0000
0.0000
0.0000
0.3455
0.0000
0.0000
0.0000
0.0000
0.4398
0.0000
0.9337
2.4946
1.6519
2.0381
0.0000
0.0000
0.0000
0.0000
0.0000
0.0000
0.0000
0.0000
0.3386
0.0000
0.0000
0.0000
5.2290
1.0039
0.0000
0.0000
0.2314
0.0000
1.4061
0.0000
0.0000
0.0000
3.9089
0.0000
0.4389
0.0000
3.7081
0.0000
0.0000
1.9510
2.8077
0.0000
0.3420
0.0000
1.5165
0.0000
0.0000
0.0000
0.0000
1.2314
0.0000
0.0000
0.0000
0.7691
0.0000
0.7087
0.0000
0.3316
0.0000
0.0000
0.0000
3.1001
0.0000
0.0000
1.8247
0.0000
0.0000
0.0000
0.0000
2.4677
0.0000
0.0000
0.0000
0.0000
0.0000
0.0000
0.0000
0.0000
0.0000
0.0000
0.0000
0.0000
0.0000
4.5749
0.0000
0.3984
0.0000
2.8611
1.4288
0.0000
0.0000
0.0000
0.0000
2.1927
0.0000
0.0000
0.0000
0.0000
0.0000
1.5333
0.0000
0.0000
0.3468
0.0000
0.0000
0.0000
0.0000
0.0000
0.6967
0.0000
1.1323
0.0000
0.0000
0.0000
1.2136
0.0000
0.0000
0.4321
0.0000
0.0000
0.5290
0.0000
0.3662
0.0000
0.0000
0.0000
0.0000
0.0000
0.0000
0.0000
0.0000
0.0000
0.0000
0.0000
1.2391
0.3746
0.0000
0.0000
0.0000
0.0000
0.0000
0.0000
0.0000
0.0000
0.0000
0.0000
0.0000
0.9611
0.0000
0.0000
0.0000
0.0000
0.0000
0.0000
0.0000
0.0000
0.0000
0.0000
0.0000
0.0000
0.0000
0.0000
0.0000
0.2763
0.0000
0.0000
0.0000
1.1112
0.9277
3.9310
0.0000
0.0000
0.0000
0.0000
1.1570
0.4887
0.0000
0.0000
0.7961
0.3428
0.0000
0.0000
0.0000
0.0000
0.0000
0.0000
0.0000
0.0000
0.0000
0.7862
0.2856
0.0000
0.0000
4.4265
0.0000
0.0000
0.0000
3.2703
0.8813
0.0000
0.0000
0.0000
0.0000
0.0000
1.0979
0.0000
0.0000
0.0000
0.0000
0.0000
0.0000
2.7965
0.0000
1.7835
0.0000
0.0000
0.0000
0.8112
0.0000
0.0000
0.0000
0.0000
0.0000
2.3998
1.3993
0.0000
0.0000
0.1414
0.0000
0.0000
0.0000
0.0000
0.0000
3.1598
0.0000
1.8824
0.0000
0.0000
0.0000
0.0000
0.0000
0.0000
0.0000
0.0000
0.0000
0.0000
6.0404
0.0000
0.0000
0.0000
0.0000
0.0000
0.0000
0.0000
0.0000
0.0000
0.0000
0.0000
0.0000
0.1830
0.0000
0.0000
0.0000
0.0000
0.0000
0.0000
0.0000
0.1841
0.3963
0.0000
0.0000
2.7751
0.6384
0.0000
0.0000
3.4640
0.0000
0.0000
0.0000
0.0000
3.1467
0.0000
0.0000
0.0000
0.0000
0.0000
0.0000
0.0000
0.0000
0.0000
0.0000
0.0000
0.0000
0.0000
0.7915
4.0700
0.0000
0.0000
0.0000
0.9405
0.0000
0.4054
0.6962
0.0000
0.0000
0.0000
0.0000
0.0000
0.0000
2.4852
0.0000
0.0000
0.0000
0.0000
0.6073
0.6960
0.0000
0.0000
0.0000
0.0000
0.0000
0.0000
0.0000
0.0000
0.0000
0.9739
0.0000
0.0000
0.0000
0.0000
0.0000
0.0000
0.0000
0.0000
0.0000
0.0000
0.0000
0.0000
0.0000
0.0000
0.0000
0.5147
0.5423
0.0000
0.0000
0.0000
0.0000
0.8479
0.1030
0.0000
0.0000
0.0000
0.0000
0.0000
0.0000
0.0000
1.9773
2.0677
0.0000
0.0000
0.7200
0.0000
0.0000
0.0000
0.0000
0.0000
0.0000
0.0000
0.0000
0.0000
0.0000
0.0000
0.0000
0.0000
0.0000
0.0000
0.0000
0.0000
0.0000
0.0000
0.0000
0.0000
0.0000
0.0000
0.0000
0.4798
0.1303
0.0000
0.0000
0.0000
0.0000
1.3955
3.9631
0.0000
0.9648
0.0000
0.0000
0.0000
0.0000
0.0000
0.0000
0.0000
0.0000
0.0000
0.0000
0.0000
0.0000
2.0545
0.0000
0.0000
0.0000
0.0000
0.0000
2.4816
0.0000
3.2597
0.0000
0.0000
0.7580
0.0000
1.6990
2.2358
3.7365
0.0000
0.3128
0.0000
0.0000
0.0000
0.0000
0.0000
2.3053
0.0000
0.0000
0.0000
0.0000
0.0000
0.0000
0.0000
0.0000
0.0000
1.1833
0.0000
0.0000
0.0000
0.0000
0.0000
0.0000
0.0000
0.3550
0.0000
3.8890
0.0000
0.0000
1.3027
1.9451
0.0000
0.0000
0.0000
0.0000
0.0000
0.0000
0.0000
0.0000
0.0000
0.0000
0.0000
0.0000
0.0000
0.0000
0.0000
1.6901
0.0000
5.1152
0.0000
0.0000
0.0000
0.0000
0.0000
0.0000
0.0000
0.0000
0.0000
0.0000
0.0000
0.0000
2.0314
1.0943
0.0000
0.0000
0.0000
0.0000
0.0000
0.0000
0.0000
0.0000
0.0000
0.0000
0.3987
0.0000
2.4091
0.0000
0.8008
0.0000
0.0000
0.0000
0.0000
0.0000
0.0000
1.9420
4.3952
2.3858
0.0000
0.5143
0.0000
0.0000
0.0000
0.0000
0.0000
0.2775
0.0000
0.0000
0.0000
0.0000
0.0000
0.0000
0.0000
0.0000
0.0000
0.7771
0.0000
0.0000
0.0000
0.0000
0.0000
0.0000
2.4858
0.1778
0.0000
0.0000
0.0000
0.0000
0.0000
3.9166
1.2204
0.2861
0.0000
0.0000
0.0000
0.0000
0.0000
0.0000
0.0000
0.7276
0.0000
0.1776
0.0000
0.0000
0.0000
0.0000
0.0000
0.4051
0.1223
0.4092
0.0000
0.0000
0.0000
0.0000
0.0000
0.0000
0.0000
0.5470
0.0000
0.0000
0.0000
3.9183
0.0000
0.0000
0.0000
0.0000
0.3553
0.0000
0.0000
0.8855
1.2636
1.4987
0.0000
1.6373
0.0000
0.0000
0.0000
0.5360
0.9848
0.9959
0.0000
0.0000
0.0000
0.0000
0.0000
3.6730
0.0000
0.0000
0.0000
0.0000
0.0000
0.0000
0.0000
0.0000
0.0000
0.0000
0.6345
0.0000
0.0000
0.0000
0.5720
0.0490
0.8880
0.0000
2.0230
0.0000
0.0000
0.0000
0.0000
2.8439
0.0000
0.0000
0.0000
0.7353
0.0000
1.2236
0.0000
0.0000
0.0000
0.0000
0.0000
0.0000
0.0000
0.0000
0.0000
0.4968
0.0000
0.0000
0.0000
2.1026
0.2268
0.2523
3.3273
0.0000
0.0000
0.0000
0.0000
0.2625
0.0000
0.0000
0.0000
2.0561
1.7633
0.0000
0.5234
0.0000
0.0000
0.0000
0.0000
0.0000
0.0000
0.0000
0.0000
0.0000
0.0000
0.0000
1.1564
0.0000
0.0695
0.0000
0.0000
1.2920
0.0000
0.0000
1.3488
0.0000
0.0000
0.0000
1.3868
1.0722
0.8370
0.0000
0.0000
0.0000
1.3175
0.0000
0.0426
1.1141
0.0000
0.0000
0.0000
0.0000
0.0071
0.0000
1.1936
0.0000
1.3977
0.0000
0.0000
0.0000
0.0000
0.0000
0.0000
0.0000
0.0000
0.0000
0.0000
0.0000
1.1427
0.0000
0.0000
0.0000
0.0000
0.0000
0.0000
0.0000
0.0000
0.0000
0.0000
0.0000
0.0000
0.0000
0.0000
0.0000
0.0000
0.3460
0.0000
0.0000
0.0000
2.4472
0.0000
0.0000
0.0000
0.0000
0.0000
1.6048
2.1941
2.7299
0.0000
0.0000
0.0000
0.5171
0.0000
1.0424
0.0000
0.0000
0.6898
0.0000
0.0000
0.0000
0.0000
0.0000
0.0000
0.0000
0.7705
2.6827
0.0000
2.7370
0.0000
0.0000
0.0000
0.0000
0.0000
0.0000
0.0000
2.3935
0.0000
1.3807
3.2239
0.0000
0.0000
0.0000
1.3951
0.0000
0.5179
1.6684
0.6150
0.0000
0.0000
0.0000
0.7137
0.9114
0.0000
1.6049
0.6470
0.0000
2.0497
0.0000
0.0000
0.0000
0.0000
0.0000
0.0000
1.4533
4.9009
0.0000
0.0000
2.4724
0.0000
2.1641
0.0000
0.0000
0.0000
0.0000
0.0000
0.0000
0.0000
0.0000
0.0000
0.0000
1.7888
0.0000
1.1668
0.0000
0.0000
0.0000
0.0000
0.0000
0.0000
0.0000
1.0159
2.0654
0.0000
0.0000
0.2150
0.0000
0.0000
3.6506
0.0000
0.0000
0.4472
0.0000
0.0000
0.0000
0.0000
0.0000
0.0000
0.0000
0.0000
0.0000
0.0000
1.6996
0.0000
0.0000
0.0000
0.0000
1.6405
0.0000
5.7936
0.6107
0.0000
0.0000
0.0000
0.0000
0.0000
0.0000
0.0000
0.0000
0.0000
1.0605
0.0000
0.0000
0.0000
0.0000
0.0000
0.0000
0.0000
0.0000
0.0000
0.0000
0.0612
0.0000
0.0000
0.0000
0.0000
0.2604
0.0000
0.0000
0.0000
0.0000
0.0530
0.0000
0.0000
0.0000
0.0000
0.0000
1.1350
0.6242
0.0000
0.0000
0.0000
0.2763
0.0000
0.6944
0.0000
0.0000
0.0090
0.0000
0.7621
0.0000
0.7512
0.0000
0.7245
0.0000
0.0000
0.0000
0.0000
0.0000
0.0000
0.0000
0.0000
0.0000
0.0000
0.0000
0.0000
0.0000
0.0000
2.2251
0.0000
0.0000
0.0000
0.0000
0.0000
0.0000
0.6461
0.5945
0.0000
0.0000
0.0000
0.3962
0.0000
0.0000
0.0000
0.0000
0.0000
1.1715
0.0000
0.0000
0.0000
0.0000
1.0435
4.3053
0.0000
0.9659
0.0000
0.0000
0.0000
0.0000
4.0554
0.6661
0.0000
0.0000
0.0000
0.0000
0.0000
0.0000
0.0000
0.0000
0.0000
0.0000
0.8931
0.2995
0.0000
0.0000
0.0000
0.0000
0.0000
0.0000
0.0000
2.6979
0.0000
0.0000
1.1068
2.6761
0.7825
0.0000
0.0000
0.0000
0.0000
0.2048
0.0000
0.0000
4.7283
0.0000
0.0000
1.7828
2.1595
0.0000
0.0000
0.9319
0.0000
0.0000
0.0000
0.0000
3.4613
0.0000
0.0000
0.0000
0.0000
0.0000
0.0000
0.0000
0.0000
0.0000
0.0000
1.1797
0.0000
0.6554
0.0000
0.0000
0.0000
0.0000
0.0000
0.0000
0.0000
0.0000
1.3455
1.0540
0.0000
0.0000
0.0000
0.0000
0.0000
0.0606
0.3389
0.0000
0.0000
0.6601
0.7252
2.9520
1.3327
0.5423
0.0000
0.0000
0.0000
0.0000
1.0710
0.0000
0.0000
0.0000
0.0000
0.0000
0.0000
0.0000
0.0000
0.0000
0.0000
0.0000
0.0000
0.0000
0.0000
0.0000
0.0000
0.9794
0.0000
1.5468
0.0000
0.0000
0.0000
0.0000
0.0000
1.6580
0.0000
0.0000
0.0000
1.4762
0.0000
0.0000
0.0000
0.0000
0.0000
0.0000
0.0000
0.0000
0.0000
0.0000
0.0000
0.0000
0.0000
0.0000
3.8073
0.0000
0.0000
0.0000
0.0000
0.0000
0.0000
0.0000
2.5613
0.0000
0.0000
0.0000
0.0000
0.0000
0.0000
0.0000
0.0000
0.8419
0.0000
0.0000
0.0000
1.7098
0.0000
0.0000
0.0000
0.0000
1.8063
0.0000
0.0000
0.0000
0.0000
0.9045
0.0000
0.0000
0.0000
0.0000
0.1409
4.7295
0.0000
0.0000
0.0000
1.0632
0.0000
0.0000
0.0000
0.0000
0.0000
0.0000
0.0000
0.0000
0.0000
1.5574
0.0000
4.1658
0.0000
0.0000
0.0000
0.0000
0.0000
2.0823
0.0000
0.0000
1.7146
0.0000
0.0000
0.0000
0.0000
0.0000
0.0000
1.2807
0.0000
0.0000
0.0000
0.0000
0.0000
0.0000
0.0000
0.0000
0.0000
0.0000
0.0000
0.0000
0.1199
0.0000
0.0000
1.3255
3.7034
0.0000
0.0000
0.0549
0.4231
0.0000
0.0000
0.0000
0.0000
2.3071
3.3361
1.9105
0.0000
0.0000
0.0000
1.5458
0.0000
0.0000
0.0000
0.0000
0.0000
0.0000
0.0000
0.0000
0.0000
0.0000
0.0000
0.0000
3.0306
0.0000
0.0000
0.0000
0.0000
0.0000
0.6162
0.0000
0.0000
0.0000
0.7358
0.1519
0.0000
0.0000
0.1715
1.4349
0.0000
0.0000
0.0000
0.0000
0.0000
0.0000
0.0000
0.0000
0.0000
0.0000
0.0000
0.0000
0.0000
0.0000
0.0000
0.0000
0.0000
0.0334
0.0000
0.0000
0.0000
0.0000
4.0461
0.0000
0.0000
0.0000
0.0000
0.0000
0.0000
0.1565
0.0000
0.0000
0.0000
1.6675
2.1724
0.0000
0.0000
0.0000
0.0000
2.3145
0.0000
0.0000
0.0000
0.0000
0.0000
0.0000
1.4089
0.0000
0.0977
0.0000
0.0000
0.0000
0.0000
0.0000
0.0000
0.0000
0.0000
0.0000
0.0000
0.0000
0.0000
0.0000
0.0000
0.0000
0.0000
0.0000
0.0000
0.0000
0.0000
0.0000
0.0000
0.0000
0.0000
0.0000
0.8490
0.0000
0.0000
0.5084
0.0000
0.0000
0.3370
0.0000
4.1192
0.0000
0.0000
0.0000
0.0000
0.0000
0.0000
0.0000
0.0000
0.0000
0.0000
0.0000
0.0000
0.6086
0.0000
0.0000
0.0000
2.4323
0.0000
0.0000
0.0000
0.0000
0.0000
0.0000
0.0000
0.0000
0.0000
0.0000
0.0000
0.0000
0.2565
0.0000
0.0000
0.0000
1.8477
0.0000
0.0000
0.0000
0.0000
0.0000
0.0000
0.0000
0.3769
1.0096
0.3020
0.0000
0.0000
0.0000
1.9426
5.5500
0.0000
0.0000
0.2957
0.0000
0.0000
0.0000
0.0000
0.0000
0.0000
0.0000
0.0000
0.0000
0.0000
0.0000
0.0000
0.0000
0.0000
0.0000
0.0000
0.0000
0.1425
0.0000
0.0000
0.0000
0.0000
0.0000
0.0000
0.0000
0.0000
0.0000
0.0000
0.0791
2.6194
0.0000
0.3829
0.0000
1.2214
0.0000
0.0000
0.0000
1.3633
0.0000
0.0000
0.8077
0.0000
0.0000
0.0000
0.0000
0.0000
0.7428
0.2309
0.0000
1.6855
0.0000
0.1360
0.0000
0.0000
0.3086
0.0000
0.0000
0.0000
0.0000
0.0000
0.0000
1.7320
0.4984
1.4646
0.0000
0.0000
0.0000
0.0000
0.0000
0.0000
0.0000
0.0000
1.2157
0.0000
0.0000
0.0000
0.0000
0.0000
0.0000
0.0000
2.9393
0.0000
0.1682
3.0467
0.0000
0.0000
0.0000
0.0000
0.1968
0.0000
0.0000
0.0000
0.0000
0.0000
0.0000
0.0000
0.5614
0.0000
0.0000
0.0000
0.0000
0.0000
0.0000
0.0000
0.0000
3.9638
0.0000
0.0000
0.0000
0.0000
0.0000
0.0000
1.1936
0.0000
0.2071
0.0000
0.0000
0.0000
0.8560
2.3209
0.0000
0.0000
1.6681
1.8386
0.0000
0.0000
0.0000
0.0000
0.0000
0.0000
0.0000
1.9731
1.2668
0.0000
0.0000
0.0000
2.0911
1.2806
0.0000
0.0000
0.5244
0.0000
0.0000
0.0000
0.0000
0.0000
0.0000
0.0000
0.0000
0.0000
0.0000
0.0000
0.0000
0.0000
0.0000
1.4527
0.0000
0.0000
0.0000
0.0000
0.5331
0.0000
0.0000
0.0000
0.0000
1.3335
0.0000
0.0000
0.0000
1.3306
0.0000
0.3337
0.0000
0.0000
1.2797
0.0000
0.0000
1.7651
0.2538
0.0000
0.0000
0.0000
0.0000
0.0000
0.0000
0.0000
0.0000
0.0000
0.0000
0.0000
0.0000
0.0981
0.0000
0.0000
0.0000
0.1866
0.0000
0.0000
0.6831
0.0000
0.0000
0.0000
0.0000
0.0000
0.5385
0.0000
0.0000
0.0000
0.0000
0.0000
0.0000
0.0000
0.0000
0.0000
0.0000
0.0000
2.2114
0.0000
0.0000
0.0000
0.0000
0.0000
0.0000
0.0000
0.7949
0.0000
0.0000
0.0000
0.0000
0.0000
0.0000
0.0000
0.0000
0.0000
2.6665
0.0000
0.0000
1.9317
0.0000
1.8919
0.0000
0.0000
2.1338
0.0000
0.0000
0.0000
0.0000
1.2575
1.8855
0.0000
6.3585
0.0000
0.0000
0.0000
0.0000
2.9487
0.0000
1.5313
0.0000
0.0000
0.0000
0.0000
0.0000
2.4702
0.0000
0.0000
0.7086
0.0000
0.0000
0.0000
1.5775
0.0000
0.0000
0.0000
3.9166
0.0000
0.0000
0.0000
0.0000
0.2554
0.0443
0.0000
0.0000
0.0000
0.0000
0.0000
0.0000
2.8208
1.4061
3.7275
0.0000
0.8574
2.5741
1.3477
0.0000
0.0000
0.0000
0.0000
0.0000
1.4141
0.0000
0.0000
3.0234
0.0000
0.0000
0.0000
0.0000
0.0000
0.0000
0.0000
2.8022
0.0000
0.0000
0.0000
0.3881
0.3653
0.2884
1.0768
0.0000
0.0000
1.4656
0.0000
1.8084
0.0000
0.0000
3.4973
0.0000
0.0000
0.0000
0.0000
0.0000
3.5640
0.0000
0.0000
0.0000
0.0000
0.0000
0.0000
0.0000
0.0000
0.0000
1.2745
0.0000
0.0000
0.0000
0.0000
0.0000
0.0000
1.7613
0.0000
0.0000
0.0000
0.0000
0.0000
0.0000
0.0000
0.0000
0.0000
0.0000
1.8834
0.0000
0.0000
0.0000
0.0000
0.0000
0.0000
1.6746
1.4201
0.0844
0.2631
0.0000
0.0000
1.2397
0.0000
0.0000
0.0000
0.0000
0.0000
0.0000
0.0000
0.0000
0.0000
3.9637
0.0000
0.0000
0.6504
0.0000
0.0000
0.0000
0.0783
0.0000
0.0000
0.0000
0.0000
0.0000
0.4270
0.0000
0.0000
0.0000
1.7740
0.0000
1.9787
2.4690
0.0000
0.0000
0.0000
0.0000
0.8876
0.0000
0.1449
0.0000
0.4643
0.5265
0.0000
1.6021
0.0000
0.0000
0.0000
0.0000
0.0000
0.0000
0.8284
0.3364
0.0000
0.0000
2.5180
0.0000
0.0000
0.0000
0.0000
0.0000
0.0000
0.0000
0.0000
0.0000
0.2821
0.0000
0.0000
0.0000
0.0000
0.0000
0.0000
0.0000
0.1914
0.2790
0.0000
0.0000
2.3623
0.0000
0.6058
0.0000
0.0000
0.0000
0.0000
0.0000
1.2632
0.0000
0.0000
0.0000
0.0000
0.0000
0.0000
1.4583
3.4301
0.0000
0.0000
0.0000
0.4566
4.1191
0.0000
0.0000
0.0000
0.0000
0.0000
0.0000
0.0000
0.0000
0.0000
0.0000
0.0000
0.6473
0.0000
3.3780
0.0000
0.0000
0.6962
0.0000
0.0000
0.0000
0.0000
0.0000
0.0000
0.0000
5.6318
2.8496
0.0000
0.0000
0.0000
0.0000
0.0000
0.0000
2.6319
0.0000
0.0000
1.5316
4.0733
0.7599
0.0000
0.0000
0.0000
0.0000
0.0000
0.0000
0.8733
0.0000
0.0000
8.5191
0.3466
0.5356
0.0000
0.0000
0.0000
0.0000
0.0000
0.0000
0.0000
0.0000
1.0416
0.0000
0.0000
0.0000
0.0000
0.8457
0.0000
0.0000
0.0000
0.0000
0.0000
0.5434
0.0000
0.0000
1.4657
0.0000
0.3200
0.0000
0.0000
0.0000
0.0000
0.6309
3.6655
0.0000
0.0000
0.0000
0.0000
0.0000
0.0000
0.0000
0.0000
0.0000
0.0000
0.0000
0.0000
0.0000
0.0000
0.0000
0.0000
1.4150
0.0000
1.2080
0.0000
0.0000
0.0000
0.0000
0.0000
0.0000
0.0000
0.0000
0.0000
0.0000
1.5031
0.0000
0.0000
0.0000
2.0627
0.0000
0.3422
0.0000
0.0000
0.0000
1.2729
0.0000
0.0000
0.0000
0.0000
0.0000
0.0000
0.0000
0.0000
0.0000
0.0000
0.0000
0.0000
0.0000
0.0000
0.0000
0.0000
0.0000
0.0000
0.0000
0.0000
0.0000
0.0000
1.5091
0.1357
0.0000
2.2984
0.0000
0.0000
2.3067
0.7982
0.0000
0.0000
0.0000
0.0000
0.0000
0.0000
0.0000
0.0000
0.0000
0.0000
0.0000
0.0000
0.0000
1.2976
0.0000
2.7898
0.0000
2.0509
0.0000
0.0000
1.0000
1.9101
0.6472
0.0000
0.0000
0.0000
0.0000
0.0000
1.7787
0.0000
0.0000
0.0000
0.0000
1.3726
0.0000
0.0000
0.0941
0.0000
0.0000
5.1961
0.0000
0.0000
0.0000
0.0000
0.0000
0.0000
3.0154
0.0000
0.0000
0.0000
0.0000
0.0000
2.9468
0.0000
0.1312
0.0000
0.0000
0.2734
0.0000
0.0000
0.0000
0.0000
1.2256
0.0000
0.0000
0.0000
0.0000
0.0000
0.2034
0.0000
0.0000
0.0000
0.0000
0.0000
0.0000
0.7393
0.0000
0.0000
0.0000
0.0000
0.0000
0.0000
0.0000
0.0000
4.9707
0.0000
0.0000
1.6606
0.0000
0.0000
0.0000
0.5897
0.0000
0.0000
0.0000
2.2979
0.0000
0.0000
0.0000
0.0000
0.0000
0.0000
1.6645
0.0000
0.0000
0.0000
0.0000
0.0000
0.0000
0.0000
0.0000
0.0000
0.0000
0.0000
0.0000
0.4280
0.0000
0.0000
0.0000
0.0000
0.0000
0.0000
0.0000
0.0000
0.0000
0.8890
0.0000
0.0000
0.0000
2.9031
0.0000
0.8845
0.0000
6.9004
0.0000
0.6479
0.4296
1.5922
0.0000
0.0000
0.0000
0.0000
0.0000
0.0000
0.0000
0.0000
0.0000
0.0000
0.0000
0.0000
0.0000
0.0000
0.0000
0.0000
0.0000
0.0000
0.0000
0.0000
0.0000
0.0000
2.8839
0.0000
0.0000
0.0000
3.9150
0.0000
0.0000
0.0000
0.3500
0.0000
0.0000
0.0000
0.0000
0.0000
0.0000
0.0000
0.0000
0.0000
0.0000
0.0000
0.0000
0.0000
0.0000
0.0000
0.0000
0.0000
0.2582
0.0000
0.2161
0.0000
0.0000
0.0000
0.0000
1.2553
0.0000
0.0000
0.0000
0.0000
0.0000
0.0000
0.0000
0.0000
0.0000
0.0000
2.9990
0.0000
0.0000
0.0000
0.0857
0.0000
0.0000
0.0000
0.0000
1.5718
0.0000
0.0000
0.0000
0.0000
0.0000
2.1796
1.5008
0.0000
0.0000
0.0000
0.0000
0.0000
3.0085
0.0000
0.0000
0.0000
0.0000
0.0000
0.0000
0.0000
0.0000
3.0889
0.0000
0.0000
0.0000
0.0000
0.0000
0.0000
0.0000
0.0000
0.0000
0.0000
0.0000
0.0000
0.0000
0.0000
0.0032
0.0000
0.8850
0.0000
0.0000
0.8756
2.3011
0.0000
0.0000
0.0000
0.0000
0.0000
0.7499
0.0000
1.3763
0.0000
0.0297
0.0000
0.0000
0.0000
0.7756
0.4084
0.0000
0.0000
0.0000
0.0000
2.2987
0.0000
0.0000
0.0000
0.0000
1.7402
0.0000
0.0000
0.0000
0.0000
0.0000
0.0000
0.0000
0.0000
0.0000
0.0000
3.7885
0.0000
0.0000
0.0000
0.0000
0.0000
0.0629
2.3402
0.0000
0.0000
0.0000
0.0000
0.0000
0.0000
0.3777
0.0000
0.0000
0.0000
0.0000
2.3845
0.0000
0.0000
0.0000
0.0000
0.0000
0.0000
0.0000
0.0000
0.0000
0.0000
0.0000
0.0000
0.0000
0.0000
0.0000
0.0000
0.0000
0.3637
0.0000
4.6839
0.0000
0.0000
0.0000
0.0000
0.0000
0.0000
0.0000
0.0000
0.0000
0.0000
0.4102
0.0000
0.0000
0.0000
0.0000
0.0000
0.0000
2.5903
0.0000
0.0000
2.2713
0.0000
0.5912
1.7365
0.0000
0.0000
0.0000
0.0000
1.6722
0.4135
0.0000
0.0000
0.0000
3.5328
2.6252
0.0000
0.0000
0.0000
0.0000
0.0000
0.0000
0.0000
1.7255
0.0000
3.0719
0.0000
0.0524
0.0000
0.1230
0.0000
0.0000
0.0000
1.3986
0.6264
0.0000
0.0000
1.4315
0.0000
0.3822
0.0000
1.8842
0.0000
0.0000
0.0000
0.0000
0.9422
0.0000
0.8308
3.6794
0.5918
0.0000
0.0000
0.0000
1.9975
0.2595
0.0000
0.0000
0.0000
0.0000
0.0000
0.2135
6.7228
0.0000
0.0000
0.0000
0.0000
0.0000
0.2916
0.3553
0.0000
0.0469
0.0000
0.0000
0.0000
0.0000
0.1683
3.2218
0.0000
0.0000
0.0000
0.0000
3.3236
0.0000
0.0000
0.0000
0.0000
0.0000
0.0000
0.0000
0.0000
0.0000
1.8213
0.0000
0.0000
0.0000
0.0000
0.0000
1.1142
0.0000
0.0000
0.0000
0.0000
0.5348
0.0469
0.0000
0.0000
0.0000
0.0000
0.0000
0.0000
4.3203
0.0000
1.6280
0.2910
0.0000
1.6593
0.0000
0.0000
0.0000
0.0000
0.9437
0.0000
4.1856
0.0000
0.0000
0.0000
0.0000
0.0000
0.0000
0.0000
0.0000
0.4724
0.0000
0.0000
0.0000
0.0000
0.0000
0.0000
2.0257
5.7716
0.0000
0.0000
0.0000
0.0000
0.0000
0.0000
0.0000
0.0000
0.0000
0.1704
2.0619
0.0000
0.2570
1.2787
0.0000
0.0000
0.0000
0.0000
0.0000
0.4429
1.1491
0.0000
0.0000
0.0000
0.0000
0.0000
0.0000
0.0000
4.9012
0.0000
1.3575
0.0000
0.0000
0.0000
0.0000
0.0000
0.0000
0.0000
1.2854
1.5531
0.0000
0.0000
0.0000
0.0000
4.6208
0.0000
0.0000
0.0000
0.5829
0.0000
0.0000
0.0000
0.0000
0.0000
0.0000
2.7302
0.0000
0.0000
0.0000
0.0000
0.1166
0.0000
0.0000
0.0000
0.0000
0.0000
1.6182
1.7991
0.2260
2.3449
0.8126
0.0000
0.8347
0.0000
0.0000
0.0000
0.0000
0.0000
0.0000
0.0000
0.0000
0.0000
0.0000
0.3090
0.0000
0.0000
0.0000
0.0000
0.0000
0.0000
1.4307
0.0000
0.0000
0.0000
0.0000
2.8377
0.0000
0.0000
0.0000
0.0000
0.0000
0.7961
0.0000
0.0000
0.0000
0.0000
0.0000
0.0000
0.0000
0.0000
3.4220
0.0000
0.0000
0.0000
0.0000
0.9415
0.0000
0.7914
0.0000
0.0000
0.0000
1.2645
0.0000
0.0000
0.0000
0.0000
0.0000
0.0000
0.0000
0.0000
0.0000
0.0000
0.0000
0.0000
0.0000
0.0000
0.0000
0.1362
0.0000
0.0000
2.5511
2.4407
1.2984
0.0000
0.0000
0.0000
0.0000
0.4760
0.0000
0.0000
0.0000
0.0000
1.0964
0.8182
0.0000
0.0000
1.1872
1.1009
1.0131
0.7948
0.0000
0.0000
0.0000
0.0000
3.4696
0.0000
0.0000
0.0000
0.0000
0.0000
0.0000
1.6989
0.0000
0.2150
0.0000
0.1599
0.0000
0.0000
0.5817
0.0000
0.0000
0.0000
0.0000
2.4939
0.0000
0.0000
0.0000
0.3100
0.0000
0.1308
0.0000
0.0000
0.0000
0.0000
0.0000
0.0000
0.0000
0.0000
0.0000
0.0000
0.0000
0.0000
0.0000
1.3983
0.0000
4.2232
0.0000
0.0000
0.0000
0.0000
0.0000
0.6547
0.0000
0.0000
0.0000
0.6920
0.0000
0.0000
0.0000
0.0000
0.0000
0.0000
0.0000
2.1203
0.0000
0.0000
0.0000
0.0000
0.0000
0.0000
0.0000
0.0000
2.4762
0.0000
0.0000
0.0000
0.0000
0.0000
0.0000
1.0939
0.0000
0.0000
0.0000
0.0000
0.0000
0.0000
0.0000
0.0000
0.0000
0.0000
0.0000
0.0229
1.5022
0.0000
0.0000
3.8386
0.0000
0.0000
0.0000
0.0000
0.0000
0.0000
2.9751
0.0000
0.0000
0.0000
0.0000
0.3424
1.8507
1.2538
0.0000
0.0000
0.0000
0.0000
0.3026
0.0000
0.0000
0.0000
0.6784
0.0000
0.0000
0.0000
0.0000
0.0000
0.0000
0.0000
0.0000
0.0000
0.0000
0.0000
6.2311
0.0000
0.0000
3.9760
2.2974
0.0000
0.0000
0.0000
0.0000
0.0000
0.0000
0.0000
0.0000
0.0000
0.1426
3.1001
0.0000
0.0000
0.9558
0.0000
1.9090
0.0000
0.0000
2.4203
0.0000
0.0000
0.0000
0.0000
2.8388
0.0000
0.0000
0.0000
0.2141
0.0000
0.0000
0.5687
0.0000
0.0000
1.3521
0.0000
0.0000
0.0000
0.0000
1.9067
2.9761
0.0000
0.0000
0.0000
0.0000
0.0000
0.0000
0.0000
0.0000
0.0000
0.0000
0.0000
0.0000
0.0000
0.0000
0.0000
0.0000
0.0000
0.0000
0.0000
0.0000
0.0000
0.0000
0.0000
0.0000
0.0000
0.0000
0.0000
0.0000
0.0000
1.1709
0.6588
0.0000
0.0000
0.0000
1.2494
0.0000
0.0000
0.5046
0.0000
0.3613
1.7566
0.0000
0.0000
0.0000
4.6854
1.3485
0.0000
0.0000
0.0000
0.0000
0.0000
0.0684
0.0000
0.9521
0.0000
0.0000
0.0000
3.2695
0.0000
0.0000
0.0000
0.0000
0.0000
0.0000
3.1523
0.0000
0.0000
0.0000
0.0000
0.0000
0.0000
0.7969
0.0000
0.0000
0.0000
0.0000
0.0553
0.0000
0.0000
0.0000
0.0000
0.0000
0.0000
5.6834
0.0000
2.1774
0.0000
0.0000
1.7598
0.0000
0.0000
0.0000
2.1120
0.0000
0.0000
1.8923
0.0000
0.0000
0.0000
0.0603
0.0000
0.0000
0.0000
0.0000
0.0000
0.0000
0.1433
0.0000
0.0000
1.5485
0.0000
0.0000
0.0000
1.9337
0.0000
0.0000
0.0000
0.0000
0.0000
1.6989
0.0000
0.0000
0.2968
4.0230
0.0000
0.0000
0.0000
0.0000
4.5207
0.0000
2.0798
0.0000
0.0000
0.0000
0.0000
0.0000
0.0000
0.0000
0.0000
0.0000
0.0000
0.7718
0.0779
2.9793
0.0000
0.0000
2.1097
0.0000
0.0000
0.0000
0.0000
0.0000
1.6159
0.0000
0.0000
2.2920
0.0000
0.0000
0.0000
3.4983
0.1576
0.0000
0.0000
0.0000
0.0000
0.0000
0.0000
0.7398
0.0101
0.0000
0.0000
0.0000
0.0000
0.9122
0.0000
0.0000
0.0000
0.0000
0.0000
0.0000
0.0000
0.0000
0.0000
0.0000
0.0000
0.0000
1.7050
0.4027
0.0000
0.0000
0.0000
0.0000
1.5859
0.2819
0.0000
0.0000
0.0842
2.6222
0.0000
0.1648
0.0000
0.0000
0.0000
0.0000
0.0897
0.0000
0.0000
0.0000
0.0000
4.9118
0.3308
0.0000
0.0000
0.0000
0.0000
0.0000
0.6461
0.6941
0.0000
0.0000
2.8133
2.4406
1.8644
0.0000
0.0000
0.7103
0.0000
0.0000
0.0000
0.0000
0.0000
0.0000
0.0000
0.0000
0.0000
0.0000
0.0000
5.3215
0.0000
0.0000
0.0000
0.7700
0.0000
0.0000
0.0000
0.0000
0.3695
0.0000
0.0000
1.8772
0.0000
2.5003
0.0759
0.0000
0.0000
0.0000
3.2158
0.0000
0.0000
0.0000
0.0000
0.0000
0.0000
0.0000
0.0000
0.0000
0.0000
0.0000
0.0000
0.0000
0.0000
0.0000
0.0000
0.0000
0.0000
0.0000
0.0000
0.0000
1.2041
0.0000
2.7640
1.8771
0.6363
0.7903
0.0000
0.0000
2.3833
0.0000
0.0000
0.0000
0.0000
0.7707
0.0000
5.6473
2.0629
0.0000
5.7511
0.0000
1.0936
0.0000
0.0000
0.5962
0.5686
0.0000
0.0000
0.0000
0.0000
0.0000
0.0000
1.2005
1.9511
0.0763
0.0000
0.0000
0.0000
0.0000
0.0000
0.6328
0.0000
0.0000
0.0000
0.0000
0.0000
0.0000
