0.0000
0.0000
0.0000
0.1566
0.2962
0.0000
0.0000
0.0000
0.0000
1.9056
0.9234
0.0000
1.1931
0.0000
0.0000
0.0000
0.0000
0.0000
0.0000
0.0000
0.0000
0.0000
1.5663
1.2026
1.2721
1.3913
0.0000
1.7401
0.0000
0.0000
0.0000
0.0000
0.9751
0.0000
2.7510
0.0000
0.0000
0.0000
2.5409
1.7133
0.0000
0.0521
0.0000
0.0000
0.0000
0.0000
0.0000
0.0000
0.0000
0.0000
0.0000
0.0000
0.0000
0.0000
0.0000
0.0000
0.9302
0.0000
0.0000
0.0000
0.0000
1.2007
0.0000
0.9860
0.0000
0.0000
0.0000
0.0000
0.0471
0.0000
0.0000
3.9480
1.1345
0.0000
0.0000
1.9734
0.0000
0.0000
0.0000
0.0000
0.0000
0.0000
0.0000
0.0000
0.0000
0.0000
0.8737
2.7639
0.1349
0.0000
0.3816
0.0000
1.5478
0.6131
0.0000
0.0000
0.0000
0.0000
2.0423
0.0000
0.0000
0.0000
1.4751
0.0000
0.6800
0.5275
0.0000
0.0000
0.0000
3.8191
0.6601
0.0000
0.0000
0.0000
0.0000
0.0000
0.0000
0.0000
0.0000
0.0000
3.6523
0.3656
1.1451
0.3464
0.0000
0.0000
0.0000
0.4360
0.0000
0.5615
0.0000
0.0000
0.7624
0.0000
1.9461
0.0000
1.3705
1.3835
0.0000
2.4656
2.9115
0.0000
3.0432
0.7818
2.2050
0.0000
0.0000
1.3683
0.4340
0.0000
0.2552
1.6233
1.3894
0.0000
0.0000
0.3116
0.0000
0.0888
1.6063
0.0000
0.0000
0.0000
1.7407
0.0000
0.0000
1.6026
0.0000
0.0000
0.0000
2.1692
0.0000
0.0000
0.0000
0.0000
0.0000
0.0000
0.0000
0.7844
0.0000
4.8321
0.8575
2.7662
0.0000
0.0000
0.0000
0.0000
1.2117
1.2555
2.6136
1.1238
0.0000
0.0000
0.3733
0.0000
1.2454
0.0000
0.0000
0.0000
2.7760
1.9194
0.0000
0.2952
0.0000
0.0000
0.0000
0.0000
0.0000
0.8791
0.0000
0.0000
0.0000
0.0000
0.0000
0.0000
0.0000
0.0000
0.0000
0.0000
0.0000
0.0000
0.0000
0.0000
0.0000
0.0000
1.4600
0.0000
0.0000
1.0309
0.0000
0.2628
0.0000
0.0000
0.0000
0.0000
0.7314
0.0000
1.1619
0.0000
0.5407
0.0000
0.0000
0.0000
0.0000
0.0000
0.0000
0.9011
0.0000
0.0000
0.0000
0.0000
0.0000
0.0000
0.0000
0.0000
0.0000
1.2407
0.0000
0.0000
1.4150
0.0000
0.0000
0.0000
0.0000
0.0000
0.0000
0.0000
1.1531
1.1160
0.0000
0.7354
2.6320
0.0000
0.0000
1.3385
0.0000
0.0000
0.4969
0.4887
0.0000
0.0000
1.2010
0.0494
1.4728
0.0000
0.0000
1.8447
0.0000
0.0000
0.0000
0.0000
0.0000
0.0000
0.0000
0.0000
3.5729
0.0000
0.0000
1.8052
0.0000
2.2170
0.0000
0.0000
0.0000
0.0000
0.0000
0.0000
0.0000
0.0000
0.0000
0.0000
0.0000
0.5251
0.0000
1.4786
1.2357
0.0000
0.0000
0.0000
0.0000
2.1493
0.0000
1.8985
0.0000
0.0000
0.0000
1.4683
0.0000
1.0321
0.0000
1.6422
0.0000
0.0000
0.0000
0.0000
0.0000
2.1343
1.6093
0.0000
0.0000
3.3825
0.0000
0.0000
0.0000
0.0000
0.0000
3.0824
0.0000
0.0000
0.0000
0.0000
0.0000
3.0559
1.2642
0.0000
0.0000
0.0000
0.4688
0.0000
0.3250
0.0000
0.0000
0.0000
0.0000
0.0000
0.0000
0.0000
0.0000
0.0000
0.0600
0.0000
0.0000
1.0854
0.0000
0.0000
0.6549
0.0000
0.0000
0.2841
0.0000
0.0000
3.2578
0.0000
0.6419
0.0000
0.0000
0.0000
0.6196
0.0000
0.0000
0.0000
0.8692
0.0000
0.0000
0.0000
0.0000
1.9562
0.0000
0.0000
0.0000
0.0000
0.0000
0.6329
0.0000
0.0000
0.0000
0.0000
0.0000
0.0000
2.7026
0.0000
0.0000
0.0000
0.0000
4.1514
0.0000
1.6559
0.0000
0.0000
0.0895
0.0000
0.2948
0.0000
0.1232
0.0000
0.0000
0.0000
0.0000
1.0962
0.0000
0.0000
0.0000
0.0000
0.0000
0.5021
0.0000
0.0000
0.0055
0.0000
0.9895
0.0000
3.0496
1.8368
0.5508
0.0000
2.5291
0.0699
0.0000
0.0000
1.3659
0.7920
0.2963
0.0000
0.0000
0.5314
0.0000
0.0001
0.0000
0.4807
0.0000
0.0000
0.8098
0.0000
0.8367
0.0000
0.1160
0.0000
0.0000
0.0000
0.0000
0.0000
0.0000
1.5883
0.0000
0.0000
0.0000
0.8922
1.3444
0.0000
0.5326
0.0000
0.0000
0.0000
0.8180
1.7063
0.4581
0.9811
0.0000
1.4434
0.0000
1.7665
0.0000
0.0000
0.0000
0.0000
2.7434
0.0000
0.0000
0.0000
1.3378
0.0000
0.0000
0.0000
2.1580
0.0000
0.3240
0.0000
0.0000
0.0000
0.0000
2.5644
0.2035
1.1494
0.0000
1.0480
0.0000
0.0000
0.0000
0.0000
5.7920
0.0000
2.3362
0.4764
0.0000
2.6483
0.5608
0.0000
0.0000
0.0000
0.0000
0.0000
0.8140
1.0937
0.0368
0.0000
0.0000
2.2329
0.0000
0.0000
0.6922
0.0000
0.0000
0.0000
0.0000
0.0000
0.0000
0.0000
0.0000
0.0037
0.0000
0.0000
0.0000
0.4543
0.0000
0.0000
0.0000
0.0000
0.0000
0.0000
0.0000
0.0000
0.0000
0.4392
0.0000
0.0000
0.0000
0.8332
0.0000
0.0000
0.0000
0.0000
0.0000
0.0000
0.0000
0.0000
0.0000
0.0000
0.1278
0.0845
0.0000
1.3813
0.0000
0.0000
0.0000
0.0000
0.0000
0.0000
0.0000
0.0000
3.0094
0.0000
0.0000
0.0000
0.0000
0.0000
0.0000
0.0000
0.0000
0.0000
1.7008
0.1929
0.0000
4.2274
0.0000
0.0000
0.0000
0.0000
2.2921
0.0000
0.5485
0.0000
0.0000
0.0000
0.0000
4.2576
0.0000
1.4362
1.0563
0.9262
0.0000
0.0000
1.9922
0.0000
0.6216
0.0000
0.0000
1.2977
0.0000
0.0000
0.0000
0.0000
0.0000
0.0000
0.0000
0.0000
2.2265
1.3454
0.0000
1.0763
0.0000
0.0000
0.0000
0.6023
0.0000
0.0000
0.0000
0.0000
0.0000
0.0000
0.8075
0.0000
0.0000
0.0000
2.9729
0.0000
0.0000
0.0000
0.0000
0.0000
0.0000
0.0000
0.0000
0.4558
1.8900
0.0000
0.0000
0.0000
0.2431
0.0000
0.0000
0.0000
0.3048
0.0000
0.0000
0.0000
0.0000
0.0000
0.0000
0.0000
0.0000
0.0000
0.0000
0.4476
0.0000
0.0000
0.0000
0.0000
0.0000
0.6999
0.0000
1.4654
0.5072
0.0000
3.1706
0.0000
0.0000
0.0000
0.0000
0.0000
0.0000
0.0000
2.7878
0.0000
0.0000
0.5507
0.0000
0.0000
0.0000
0.0000
0.0000
1.3131
0.0000
2.5627
1.2863
0.0000
0.0000
0.0000
0.0000
0.0000
0.0000
0.0000
0.0000
0.0000
1.5558
0.8098
0.0000
0.0000
0.0000
0.0000
0.0000
0.0000
0.0000
0.0000
0.0000
1.0212
0.0000
0.0000
0.0000
0.5306
0.0000
3.9606
0.5949
0.0000
0.0000
1.0822
0.0000
0.0000
0.8548
0.3446
1.1436
0.0000
0.0000
0.0000
0.0000
0.0000
0.0000
0.0000
0.0000
0.0000
0.1182
0.0000
0.0000
0.0000
1.4793
0.0000
0.0000
1.9222
0.0000
0.0000
0.0000
0.0000
0.8431
0.0000
0.0000
0.0000
0.0000
0.0000
0.0000
0.0000
0.0000
0.0000
0.0000
0.0000
0.0000
0.0000
0.0000
0.0000
0.7386
0.0677
0.0000
0.0000
0.0000
0.0000
1.4994
0.0000
0.0000
0.8550
0.0000
0.0000
0.8888
0.0000
0.0000
0.3689
2.5575
0.0000
0.0000
0.0000
0.0000
0.0000
0.0000
0.0000
0.8204
0.0000
0.0000
1.3557
0.0000
0.0000
1.2715
0.0000
0.0000
1.4086
0.7232
0.0000
0.4027
0.0000
0.0000
0.0000
0.0000
0.0000
0.4400
0.0000
2.6041
0.1995
0.0000
0.0000
0.0000
0.0000
1.2933
0.0000
0.0000
0.0000
0.0000
0.0000
0.0000
1.0440
0.0000
0.0000
0.0000
0.0000
0.3388
0.0000
0.0000
0.3384
0.0000
0.0000
0.0000
0.0000
0.0000
0.0000
0.0000
0.6326
0.2301
0.0000
0.0000
0.0000
0.0000
0.0000
0.9192
0.0000
0.0000
0.0000
0.0000
0.0000
1.7384
0.0000
0.0000
0.1952
0.0000
3.1445
0.0000
0.2055
0.0000
0.0000
0.0000
0.0000
0.0000
0.0000
0.0000
0.0000
0.0000
0.0000
0.7779
0.0000
0.3917
0.0000
0.0000
0.0000
0.0000
1.4806
1.6603
0.0000
0.0000
0.0000
0.0000
0.0000
0.0000
0.0000
0.0000
0.0000
0.0000
1.1312
0.0000
0.0000
3.0468
0.0000
0.0000
0.0000
0.0000
0.0000
0.0000
0.0000
0.0000
0.0000
1.0260
0.0000
0.0000
1.9253
1.5643
0.3407
0.0000
0.0000
0.0000
0.0000
0.0000
0.0000
0.8393
1.8560
0.0000
0.0000
0.0000
0.0000
0.2411
0.0000
0.0000
0.0000
1.8872
1.7202
0.0000
0.0000
0.0000
4.4427
0.0000
0.0000
0.0000
0.0000
0.0000
0.0000
1.9816
0.0000
0.0000
0.0000
0.0000
0.0000
0.0000
1.0241
0.0000
0.0000
0.0000
1.4842
0.6775
0.0000
0.0409
0.0000
0.0000
0.0000
0.0000
0.0000
1.4666
0.0000
1.1832
0.0000
0.0000
0.3700
0.0000
0.0216
2.5804
1.2719
2.0020
0.0000
0.0000
0.0000
1.0695
0.0000
0.0000
0.0000
0.0000
0.0000
0.0000
0.0000
0.0000
3.7349
0.0000
0.0000
0.0000
0.0000
0.0000
2.2191
0.0000
0.0000
0.0000
2.6612
0.0000
1.4896
0.0000
3.7056
0.0000
0.0000
2.1407
2.6899
0.0000
0.3442
0.0000
1.9259
0.0000
0.0000
0.0000
0.3392
1.3425
0.0000
0.0000
0.0000
0.2435
0.0000
1.2568
0.0773
0.5258
0.5380
0.7938
0.0000
1.4616
0.0000
0.0000
0.0000
0.0000
0.0000
0.0000
0.0000
1.3694
0.0000
0.0000
0.0000
0.0000
0.0000
0.0000
0.0000
0.0000
0.0000
0.0000
0.0000
0.0000
0.0000
4.7779
0.0000
2.3845
0.0000
0.8290
2.9204
0.4451
0.0000
0.0000
0.0000
0.5375
0.0000
0.0000
0.0000
0.0000
0.0000
0.6316
0.0000
0.0000
1.5194
0.0000
0.0000
0.0000
0.0000
0.0000
0.6395
0.0000
0.6031
0.0000
0.0000
0.0000
1.2487
0.0000
0.0000
1.7573
0.0000
0.0000
0.1243
0.0000
1.4906
0.0000
0.4710
0.0000
0.0000
0.6336
0.0000
0.2413
0.0000
0.0000
0.0300
0.0000
0.0000
0.8801
0.0000
0.8460
0.0000
0.0000
0.0000
0.0000
0.0000
0.0000
0.0000
0.0000
0.0000
0.4966
0.6722
0.2848
0.0000
0.0000
0.4536
0.0000
0.0000
0.0000
0.0000
0.0000
0.0000
0.0000
0.0000
0.0000
0.0000
2.2339
0.0000
0.0000
0.2551
0.4167
0.0889
2.7603
0.0000
0.0000
0.0030
0.0000
1.9877
1.0824
0.0000
0.0000
0.0000
1.2378
0.0000
0.0000
0.0000
0.0000
0.0000
0.0000
0.0000
0.0000
0.0000
1.3364
0.1774
0.0000
0.0000
2.5315
0.0000
0.0000
1.9664
3.7767
0.0000
0.0000
0.0000
0.0000
0.0000
0.0000
0.6559
0.0382
0.0000
0.0000
0.0000
0.0000
0.0000
2.5003
0.0000
0.7048
0.0000
0.0000
0.0000
0.8630
0.0000
0.0000
0.0000
0.0000
0.0000
2.9751
2.1543
0.0000
0.0000
0.0000
0.0000
1.1171
0.0000
0.0000
0.0000
3.4364
0.0951
1.9958
0.0000
0.3475
0.0000
0.0000
0.0000
0.0000
0.0000
0.0000
0.0000
0.0000
4.5881
0.0000
0.0000
0.0000
0.0000
0.0000
0.0000
0.0000
0.0000
0.0000
0.0000
0.0000
0.0000
0.0000
0.0000
0.0000
0.0000
0.0000
0.0000
0.0000
0.0000
0.8865
0.0000
0.0000
0.0000
3.4351
0.0568
0.0000
0.0000
2.4957
0.0000
0.0000
0.0000
0.0000
0.9103
0.0000
0.0000
0.0000
0.0000
0.0000
0.0000
0.0000
0.0000
0.0000
0.0000
0.0000
0.0000
0.0000
0.0446
3.3508
0.0000
0.8310
0.0000
1.8839
0.0000
0.0000
1.0074
0.0000
0.0000
0.0000
0.0000
0.0000
0.0000
1.3985
0.0000
0.0000
0.0000
0.0000
1.4442
1.6657
0.0000
0.0000
0.0000
1.2778
0.0000
0.0000
0.0000
0.0000
0.0000
0.0119
0.0000
0.0000
0.0000
0.0000
0.0000
0.0000
0.0000
0.0000
0.0000
0.0000
0.0000
0.0000
1.1787
0.0000
0.0000
0.0000
1.2684
0.0000
0.7222
0.0000
0.0000
1.3191
1.1613
0.0000
0.9355
0.0028
0.0000
0.0000
0.0000
0.0000
1.0737
0.8561
1.4522
0.0000
1.0315
0.0000
0.0000
0.0000
0.0000
0.0000
0.0000
0.0000
0.0000
0.0000
0.0000
0.0000
0.0000
0.0000
0.0000
0.0000
0.0000
0.0000
0.0000
0.0000
0.0000
0.0000
0.0000
0.0000
0.0000
1.2234
0.1969
0.2913
0.0000
0.0000
0.0000
0.5388
2.5387
0.0000
2.1796
0.0000
0.0000
0.0000
0.0000
0.0000
0.0000
0.1904
0.0000
0.0000
0.0000
1.2039
2.1210
0.0000
0.0000
0.0000
0.0823
0.0000
0.0000
0.9402
0.0000
2.9345
0.0007
0.0000
0.1870
0.0108
1.3396
0.3143
3.1573
0.0000
0.0000
0.0000
0.0000
0.0000
1.5740
0.0000
0.0848
0.0000
0.0000
0.0000
0.0000
0.0000
0.2309
0.0000
0.0000
0.0000
1.5733
0.4893
0.1052
0.0000
1.1355
0.0000
0.0000
1.5100
1.4685
0.0000
2.2844
0.0000
0.0000
1.1714
2.2371
0.0000
0.0000
0.0000
1.5133
0.0000
0.0000
0.8136
0.0000
0.0000
0.4782
0.0000
0.0000
0.1633
0.0000
0.1037
1.0826
0.0000
2.4620
0.0000
0.0000
0.0000
0.0000
0.0000
0.0000
0.0000
0.4944
0.0000
0.0000
0.8725
0.0000
1.9501
1.5417
0.0000
0.0000
0.0000
0.0000
0.0000
0.0000
0.0000
0.0000
0.0000
0.0000
0.0000
0.0000
0.2455
0.0000
0.6192
0.0000
0.0000
0.0000
0.0284
0.0000
0.0000
0.4682
3.8843
0.6627
0.0000
0.3384
0.0000
0.0000
0.0000
0.0000
0.0000
0.7611
0.0000
0.0000
0.0000
0.0000
0.0000
0.0000
1.8631
0.0000
0.0000
0.0000
0.0000
0.0000
0.0000
0.3075
0.0000
0.0000
3.7359
2.0203
0.2498
0.0000
0.0000
0.0000
0.0000
1.9570
1.3720
0.0000
0.0000
0.0000
0.0000
1.3450
0.0000
0.0000
0.0000
0.9781
0.0000
2.2979
0.0000
0.0000
0.0000
0.0000
0.0000
1.3420
0.8782
0.7146
0.0000
0.0000
0.0000
0.0000
0.0000
0.0000
0.0000
1.0347
0.0000
0.0000
0.0000
2.3495
0.0000
0.1637
0.0000
0.0000
0.4644
0.0000
0.0000
0.2667
1.0776
1.2057
0.0000
2.6988
0.0000
0.0000
0.3323
0.0000
1.0327
2.6532
0.0000
0.0000
0.0000
0.2989
0.0000
3.2751
0.4501
0.0000
0.3898
0.0000
0.0000
0.0000
0.0000
0.0000
0.0000
0.0000
0.0000
0.0000
0.0000
1.0014
0.0000
0.2254
0.0000
0.0000
3.0456
0.0000
0.0000
0.0000
0.0388
1.6541
0.0000
0.0000
0.0499
2.1721
0.0000
1.2793
0.0000
0.0000
0.0000
0.0000
0.0000
0.0000
0.0000
0.0000
0.0000
1.4274
0.0000
0.0000
0.3444
0.5403
0.0000
0.4086
2.1889
0.0000
0.0000
0.0000
0.0000
0.4314
0.0000
0.0000
0.0000
0.0284
0.0425
0.0000
0.0481
0.3791
0.0000
0.0000
0.0000
0.0000
0.0000
0.0000
0.6432
0.0000
0.0000
0.0000
0.9581
0.0000
0.0000
0.4296
0.0000
0.0000
0.0000
0.5092
0.3150
0.0000
0.5198
0.0000
1.1442
1.1554
1.5503
0.0000
0.0000
0.0000
0.9346
1.1081
0.8196
0.0000
0.0000
0.0000
0.0000
0.0000
1.4497
0.0000
0.6170
0.0000
0.2925
1.5905
0.0000
0.0000
0.0000
0.0000
0.0000
0.0000
0.0000
0.7376
0.0000
0.0000
2.5775
0.0000
0.0000
0.0000
0.0000
0.0000
0.0000
0.0000
0.0000
0.0000
1.4535
0.0000
0.0000
0.1611
0.0000
0.9087
0.0000
0.3887
0.0000
0.5247
0.0000
1.7588
0.0000
0.0000
0.0000
0.0000
0.0000
1.8398
1.2913
1.4425
0.2807
0.3574
0.0000
1.0125
0.0000
2.2156
0.3563
0.0000
0.1082
0.0000
0.0000
0.0000
0.0000
0.0000
0.0000
0.0000
1.1229
0.3205
0.1729
2.8982
0.0000
0.0000
0.0000
0.0000
0.0000
0.0000
0.0000
2.8876
0.0000
0.6720
2.4836
0.0000
0.0000
0.0000
0.8618
0.0000
0.2869
1.0607
2.0493
0.0000
0.0000
0.0000
1.2500
1.1091
0.0000
0.0000
0.6904
0.5171
1.9775
0.0000
0.0000
0.0000
0.0000
0.0000
0.0000
0.0000
2.6234
0.0000
0.0000
1.7663
0.0916
2.7143
0.0000
0.0000
0.0000
0.0000
0.0000
0.0000
0.0000
0.0000
0.0244
0.0000
1.9663
0.0000
0.9805
0.0000
0.3200
0.0000
0.0476
0.0000
0.0000
0.0000
0.4040
1.0056
0.0000
0.0000
1.6171
0.0000
0.0000
3.2313
0.0000
0.0000
0.3268
0.0000
0.4601
0.0000
0.0000
0.7652
0.0000
0.0000
0.0000
0.0000
0.0000
2.4596
0.0000
0.0000
0.0000
0.0000
1.6854
0.0000
3.6529
0.0847
0.6378
0.0000
0.0000
0.0000
0.0000
0.0000
0.0000
1.4456
0.0000
0.3306
0.3547
0.0000
0.0000
0.0000
0.0000
0.0000
0.0000
0.0000
0.0000
0.0000
0.6829
0.0000
0.0000
0.0000
0.0000
0.8629
0.0000
0.0000
0.0000
0.0000
0.4055
0.0000
0.0000
0.0000
0.0000
0.0368
0.0000
2.0243
0.0000
0.0000
0.0000
0.3776
0.0000
1.3483
0.0000
0.0000
0.0000
0.0000
0.8752
0.0000
1.7865
0.0000
0.0000
0.0000
0.0000
0.0000
0.0000
1.3456
0.0000
0.0000
0.0000
2.4244
0.0000
0.0000
0.0000
0.0000
0.0000
0.4253
0.0000
0.0000
0.0000
0.0000
0.0000
0.0000
1.7415
1.1711
0.0000
0.0000
0.0000
0.9572
0.0000
0.0000
0.0000
1.0246
0.0000
1.5909
0.0000
0.0000
0.1306
0.0000
1.2747
2.0830
0.0000
1.3720
0.0000
0.0000
0.3265
0.0000
4.0280
0.3532
0.0000
0.2854
0.0000
0.0000
0.0000
0.0000
0.0000
0.0000
0.5446
0.0000
0.0000
0.7603
0.0000
0.0000
0.0000
0.0000
0.0000
0.0000
0.0000
0.9325
0.9987
0.0000
2.2068
2.1077
1.3833
0.0000
0.9194
0.0000
0.0000
0.0947
0.0000
0.0000
2.6837
0.0000
0.0000
2.2344
1.3126
0.0000
0.0000
0.0000
1.1086
0.0000
0.0000
0.1702
2.3259
0.0000
0.0000
0.0000
0.0000
0.0000
0.0000
0.0000
0.0000
0.0000
0.0000
1.8738
0.0000
0.7435
0.0000
0.0000
0.0000
0.0000
0.0065
0.0000
0.0000
0.0000
1.8836
1.3200
0.0000
0.0000
0.0000
0.0000
0.0000
0.7681
0.0000
0.0000
0.0000
0.0000
0.0000
2.2884
1.3462
0.2072
0.0000
0.0000
0.0000
0.0000
2.0869
0.0000
0.0000
0.0000
0.3123
2.2601
0.0000
0.0000
0.0000
0.0000
0.0000
0.0000
0.0000
0.7161
0.0000
0.0000
0.0000
1.7638
0.0000
0.8734
0.0000
0.0000
0.1596
1.0821
0.0065
1.6937
0.0000
0.0000
0.0000
1.3512
0.0000
0.0000
0.7234
0.0000
0.0000
0.0000
0.2204
0.0000
0.0000
0.0000
0.0000
0.0000
0.0000
0.0000
3.9234
0.0000
0.0000
0.0000
0.0000
0.0000
0.0000
0.0000
0.6646
0.0000
0.0000
0.0000
0.0000
0.0000
0.0000
0.0000
0.0000
0.0000
0.0000
0.5993
0.0000
0.0000
0.0000
0.3131
0.0000
0.0000
1.8674
0.0000
0.0000
0.0000
0.0000
1.1215
0.0000
0.0000
0.0000
0.0000
0.0000
1.1899
0.0000
1.0586
0.0000
0.8371
0.5078
0.0000
0.0000
0.0000
0.0000
0.0000
0.0000
1.4449
0.0000
1.1627
0.0000
3.1688
0.0000
0.0000
0.0000
0.0000
0.0000
1.2511
0.0000
0.4030
2.0193
0.0000
0.5463
0.0000
0.0000
0.0000
0.0000
1.9684
0.0000
0.0000
0.0000
0.0000
0.0000
0.0000
0.0000
0.0000
0.0000
0.0000
0.0000
0.0000
0.0248
0.0000
0.0202
1.1301
3.4085
0.0000
1.5417
0.7084
0.8964
0.0000
0.0000
0.0000
0.0000
2.0223
0.6261
0.9613
0.0000
0.0000
0.0000
2.4142
0.0000
0.0000
0.0000
0.0000
0.0000
0.0000
0.0000
0.0000
0.0000
0.0000
0.0000
0.0000
1.5544
0.5572
0.0000
0.7472
0.0000
0.0000
0.0000
0.0000
0.0000
0.0000
0.6984
0.0000
0.0000
0.0000
2.0360
0.3732
0.0000
0.0000
0.0000
0.0000
0.0000
0.0000
0.0000
0.0000
0.0000
0.0000
0.0000
0.0000
0.0000
0.5525
0.0000
0.0000
0.0066
0.0000
0.3042
0.0000
0.0000
0.0000
3.5896
0.0000
0.0000
0.0000
0.2025
0.0000
0.0000
1.5309
0.0000
0.0000
0.0000
0.9133
1.0855
0.0000
2.2731
0.0000
0.0000
3.2326
0.0000
0.0000
0.0000
0.0000
0.0000
0.7816
1.9500
0.0000
0.1317
0.0000
0.0000
0.0551
0.0000
0.0000
0.0000
0.0000
0.8920
0.0000
0.0000
0.0000
0.0000
0.0000
0.0000
0.0000
0.0701
0.0000
1.4811
0.0000
0.0000
0.0000
0.0000
0.0000
0.0000
0.0000
0.7664
0.0000
0.1105
0.8415
0.0000
0.0000
1.5482
0.1553
2.5959
0.0000
0.0000
0.0000
0.0000
0.0000
0.0000
0.0000
0.0000
0.0000
0.0517
1.2622
0.0000
0.0000
0.3516
0.0000
0.0000
3.0867
0.0000
0.0000
0.0000
0.0000
0.0000
0.7765
0.0000
0.0000
0.0000
0.0000
0.0000
0.0000
1.1999
0.8272
0.0000
0.0000
0.5244
0.0000
0.0000
2.0488
0.0967
0.0000
0.0000
0.0000
0.7803
1.2374
1.8173
0.0000
1.0336
0.0000
2.7375
5.0747
0.0000
0.0000
1.5590
0.0000
0.0000
0.0000
0.0000
0.0000
0.0000
0.0000
0.0000
0.0000
0.0000
0.0000
0.0000
0.0000
0.0000
0.0000
0.0000
0.0000
1.4235
0.0000
0.0000
0.3348
0.0000
0.0000
1.6465
0.0000
0.0000
0.7530
0.0000
0.0000
1.3081
0.5281
0.0020
0.0000
2.8609
0.0000
0.0000
0.0000
1.4668
0.0000
0.0000
1.7336
0.0000
0.0000
0.0000
0.0000
0.0000
1.9227
0.0000
0.0000
1.6546
0.0000
0.0000
0.0000
0.0000
1.4671
0.0000
0.0000
1.0327
0.4057
0.0000
0.0000
0.3851
0.4456
0.4376
0.0000
0.0000
0.4396
0.0000
0.0000
0.0000
0.0000
0.0000
0.0000
0.0000
0.0000
0.0000
0.0000
0.0014
0.0000
0.0000
3.8743
0.0000
0.0000
2.5031
0.0000
0.0000
0.0000
0.0000
0.4251
0.0000
1.4467
0.0000
0.0000
0.0000
0.0000
0.0000
0.0000
0.0000
0.0000
0.0000
0.0000
0.0000
0.4223
0.0000
0.0000
1.6164
0.0000
0.0000
0.0000
0.0000
0.0000
0.0000
3.2530
0.0000
0.8697
0.0000
0.4194
0.0000
0.1017
0.1732
0.0000
0.0000
1.2668
0.6287
0.0000
0.0000
0.0000
0.0000
0.0000
0.0000
0.0000
2.6513
0.0000
0.0000
0.0000
0.0000
2.7082
1.6666
0.8901
0.0000
0.2745
0.0000
0.6602
0.0000
0.0000
0.0000
0.0000
0.0000
0.0000
0.0000
0.0000
0.0000
0.0000
0.0000
1.2450
0.3927
0.0000
0.0000
0.0000
0.0000
0.0000
0.0000
0.0000
1.8351
0.0000
0.7489
0.6476
0.0000
0.0000
1.3046
0.0000
0.5053
0.0000
0.0000
2.5490
0.0000
0.0000
3.5028
0.0000
0.0000
0.0000
0.0000
0.0000
0.0000
0.0000
0.0000
0.0000
0.9917
0.0342
0.0000
0.0000
0.0000
0.1469
0.0000
0.0000
0.0000
0.0000
0.0000
0.5559
0.0000
0.0000
0.0000
0.0000
0.0000
1.1888
0.0000
0.1148
0.0000
0.0000
0.0000
0.0000
1.2597
0.0000
0.0000
0.0000
0.0000
3.2723
0.0000
0.0000
0.0000
0.0000
0.0000
0.0000
0.5661
1.4613
0.0000
0.0000
0.0000
0.0000
0.0000
0.0000
0.0000
0.7265
0.0000
0.8144
0.0000
0.0000
1.5579
0.0000
2.0479
0.0000
0.0000
0.0000
0.0000
0.6862
0.0000
0.2097
0.7596
0.0000
0.0000
3.8519
0.0526
0.0000
0.4390
0.0000
2.2377
0.0000
2.3310
0.0000
0.0000
0.0000
0.0000
0.0000
1.1930
0.0000
0.0000
0.6406
0.0000
0.0000
0.0000
1.1326
0.0000
0.0000
0.0000
2.4495
0.0000
0.0000
0.0000
2.2954
0.2374
0.0000
0.0000
0.0000
0.8688
0.0000
0.0000
0.0000
2.2244
2.2382
4.6665
0.0000
1.9547
3.2109
0.0000
0.0000
0.0000
0.0000
0.0000
0.0000
0.3304
0.0000
0.0000
2.6475
0.0000
0.0000
0.0000
0.0000
0.0000
0.4079
0.0000
1.1194
0.0000
0.0000
0.0000
1.7024
0.5836
1.2920
1.0207
0.0000
0.0000
0.5350
0.0000
1.6728
0.0000
0.0000
2.6058
1.1260
0.2090
0.2804
0.0000
0.0000
4.2511
0.0000
0.0000
0.0000
0.0000
0.0000
0.0000
0.0000
0.0000
0.0000
2.3460
0.6232
0.0000
0.0000
0.0000
0.0000
0.0000
2.1264
0.0000
0.0000
0.0000
0.0000
0.0000
0.0000
0.0000
0.0000
0.0000
1.8999
1.5865
0.0000
0.0000
1.5742
0.0000
0.0000
0.0000
1.3593
1.8347
0.6198
0.6552
0.0000
0.0000
0.5016
0.0000
0.0000
0.0000
0.0000
0.9684
0.0000
1.2918
0.0000
0.0000
3.8452
0.0000
0.0000
0.1162
0.0000
0.0000
0.0000
0.0000
0.0000
0.0000
0.0000
0.5274
0.0000
1.2671
0.0000
0.0000
0.7851
0.8235
0.0000
1.6435
2.9732
0.0000
0.0000
1.0605
0.0004
0.0000
0.0000
0.9384
0.0000
0.0000
0.0000
0.0000
0.6310
0.0000
0.0000
0.0000
0.0000
0.0000
0.0000
2.6242
0.7981
0.0000
0.0000
3.9561
0.0000
0.0000
0.0000
0.8205
0.0000
0.0000
0.0000
0.0000
0.0000
0.6020
0.0000
0.0000
0.1811
0.0000
0.0000
0.0000
0.0000
0.4049
0.8193
0.0000
0.0000
2.4913
0.8955
0.8562
0.0000
0.0000
0.0000
0.0000
1.2468
0.0034
0.0000
0.0000
0.0368
0.5902
0.4082
0.0000
2.4570
2.3328
0.0000
0.0000
0.0000
0.0000
4.0323
0.0000
0.0000
0.0000
0.0000
0.0000
0.0000
0.0000
0.0000
0.0000
0.0000
0.0000
1.1597
0.4588
2.1158
0.0000
0.0000
1.2950
0.0000
0.0000
1.0904
0.0000
0.0000
0.0000
0.0000
4.2214
1.2473
0.0000
0.0000
2.2718
0.0000
0.0000
0.0000
2.6084
0.0000
0.0000
1.3451
1.2931
0.0000
0.0000
0.0000
0.0000
0.0000
0.0000
0.0000
0.6906
0.0000
0.0669
6.4651
0.7747
2.1225
0.0000
0.0000
0.0000
0.0000
0.0000
0.0000
0.0000
0.0000
0.0000
0.0000
0.0000
0.0000
0.0000
0.3572
0.0000
0.0000
0.0000
0.0000
0.0000
1.3056
0.0000
0.0000
0.0000
0.0000
0.0000
0.0000
0.0000
1.0741
0.0000
0.5311
2.6206
0.0000
0.0000
0.0000
0.0000
0.0000
0.0000
0.0000
0.1063
0.0000
0.0000
0.0000
0.0000
0.0000
0.0000
0.0000
0.0000
3.4274
0.0000
0.6802
0.0859
0.0000
0.3429
0.0000
0.0000
0.0000
0.0000
0.0000
0.0000
0.0000
0.0000
0.0000
0.0000
0.0000
2.0209
0.7006
0.0000
0.0000
0.0000
0.0000
1.8881
0.0000
0.0000
0.0000
0.0000
0.0000
1.6633
0.0000
0.0000
0.0000
0.0000
1.3889
0.0000
0.0000
0.0000
0.0000
0.0000
0.0000
0.0000
0.2018
0.9234
0.3326
0.0000
1.8805
1.4064
0.0000
2.7170
0.0637
0.7591
2.6469
0.2767
0.0000
0.0000
0.0000
0.0000
0.6092
0.0000
0.0000
0.0000
0.0000
0.0000
0.0000
0.0000
0.0000
1.7493
0.0000
1.8954
0.0000
2.5741
0.0000
0.0000
0.3799
1.6245
2.8601
0.0000
0.0000
0.0000
0.0000
0.0000
0.3202
0.0000
0.0918
0.0000
0.0000
1.6964
0.1465
0.0000
2.0230
0.0000
0.0000
2.7966
0.0000
0.0000
0.0000
0.4099
0.0000
0.0000
3.8473
0.0000
0.0000
0.0000
0.0000
0.0000
1.6135
1.1505
0.4241
1.3630
0.0000
0.0000
0.0000
0.0000
0.0000
0.0000
1.8261
0.0000
0.0000
0.0000
0.0000
0.0000
3.0444
0.0000
0.0000
0.0000
0.0000
0.0000
1.5863
0.0000
0.2727
0.0000
0.0000
0.0000
0.5213
0.0000
0.0000
0.0000
1.5489
0.0000
0.0000
1.5178
0.0000
0.0000
0.6908
0.2963
0.0000
0.0000
0.0000
0.6616
0.0000
0.0000
0.3164
0.0000
0.0000
0.5011
1.8609
0.0000
0.0000
0.0000
0.0000
0.0086
0.0000
0.0000
0.5749
0.6079
0.0000
0.0000
0.0000
0.2491
0.0000
0.0000
0.2197
0.0000
0.0000
0.0000
0.2040
0.0000
0.0153
0.0000
0.5180
0.0000
0.0000
1.3369
0.0670
0.7689
0.0000
4.6589
0.0000
0.4023
0.0000
0.6782
0.0000
0.0000
0.0000
0.0000
0.0000
0.0000
0.0000
0.0000
0.1652
0.0000
0.0000
0.0000
0.0000
1.1286
0.0042
0.0000
0.0000
0.0000
0.6909
0.0000
0.0000
0.0000
0.7539
0.0000
0.0000
0.0000
2.7363
0.0000
0.6395
0.0000
0.8431
0.0000
0.0000
0.0000
0.0000
0.0000
0.0000
0.0000
0.0000
0.1503
0.0000
0.0000
0.0000
0.3412
0.0000
0.0926
0.0000
0.0000
0.7091
0.0000
0.7030
0.0000
0.0000
0.0000
0.6210
1.8064
0.0000
0.0000
0.0000
0.0000
0.0000
0.0000
0.0000
1.0651
0.7237
0.0000
2.4577
0.0000
0.0000
0.0000
0.0000
0.0000
0.3339
0.0000
0.0000
2.0368
0.0156
0.0000
0.0000
0.0000
0.0000
1.0327
2.5555
0.1026
0.0000
0.9444
0.5160
0.0000
1.3165
0.0000
0.7079
0.0000
0.0000
0.0000
0.0000
0.0000
0.0000
4.3148
0.0000
0.0000
0.0000
0.0000
0.0000
0.0000
0.0000
0.0000
0.4485
0.0000
0.0000
0.0000
0.0000
0.0000
0.0000
0.0000
0.3964
0.0000
0.0000
0.0000
2.2125
0.0000
0.5038
0.0000
0.0000
0.0000
0.8480
0.4607
0.2791
0.4714
0.0000
0.0000
0.0000
0.0000
0.9364
0.2176
0.0000
0.0000
0.0000
0.0000
1.2982
0.0021
0.0000
0.0000
0.0000
1.1602
0.2943
0.0000
0.0000
0.0000
0.0000
0.0000
0.0000
0.0000
0.0000
0.0000
2.8364
0.1422
0.0000
0.0000
0.0000
0.0000
1.0720
0.0000
0.0000
0.1816
0.0000
0.7882
0.0000
0.0000
0.0000
0.0000
0.0000
0.0000
0.0000
1.6333
0.0000
0.0000
0.0000
0.0000
0.0000
0.0000
0.0000
0.0000
0.0000
0.0000
0.0000
0.0000
0.1478
0.0000
0.0000
0.0000
0.0000
1.6084
0.0000
4.1076
0.0000
0.0000
0.0000
0.0000
0.0000
0.0000
0.0000
1.0534
0.0000
0.0000
0.0000
0.0000
0.0000
0.0000
0.0000
0.6528
0.7034
1.5054
0.0000
0.0000
0.3746
0.2667
0.0973
0.8462
0.0000
0.0000
0.0000
0.0000
1.8301
0.0000
0.0000
0.0000
1.5938
2.2747
2.8593
0.0000
0.0000
0.2142
0.0000
0.3249
0.0000
0.0000
1.1346
0.0000
1.5839
0.0000
0.0000
0.0621
0.9371
0.0489
1.2645
0.0000
2.3642
0.3013
0.0000
0.0000
1.1682
0.0000
1.6964
0.0000
0.0000
0.0000
0.0000
0.0000
0.0000
1.3811
0.0000
0.3175
1.6001
0.6562
0.0000
0.0000
0.0000
1.9870
0.4162
0.0000
0.0000
0.0000
0.0000
0.0000
0.0000
4.8792
0.0026
0.0000
0.0000
0.0000
0.0000
0.0000
0.9742
0.0000
1.2902
0.0000
0.0000
0.0000
0.8692
1.1389
3.7949
0.0000
0.0000
0.0000
0.0000
2.0547
0.0000
0.0000
0.0000
0.0000
0.0000
0.0000
1.6949
0.0000
0.0000
3.0867
0.0000
0.0000
0.0000
0.0000
1.1778
1.1893
0.0290
0.0000
0.0000
0.0000
0.7828
1.6104
0.0000
0.1267
0.0000
0.0000
0.0000
0.0000
2.7879
0.0000
1.4791
0.0000
0.0000
1.6172
0.0000
0.0000
0.0000
0.0000
0.0000
0.0000
3.8712
0.0000
0.0000
0.0000
0.0000
0.0000
0.0000
0.0000
1.1208
0.0000
0.0000
0.0000
0.0000
0.2572
0.0000
0.0000
2.4003
4.4190
0.0000
0.0000
0.0000
0.0000
0.6934
0.0000
0.0000
0.0000
0.0000
0.0000
0.0000
0.0000
0.1585
0.5023
0.0000
0.0000
0.1639
0.0000
0.0000
0.5787
1.5301
0.0000
0.0000
0.0000
0.0000
0.0000
0.1754
0.0000
4.4452
0.0000
0.7979
0.0000
0.0000
0.0000
0.0000
0.0000
0.0000
0.0000
0.1393
0.1476
0.0000
0.0000
0.0000
0.0000
1.9870
0.0000
2.9508
1.4349
0.5306
0.0000
0.0000
0.0000
0.0000
0.0000
0.0000
2.1847
0.0000
0.0000
1.0716
0.0000
0.5914
0.0000
0.0000
0.0000
0.0000
0.0000
1.8910
3.5074
1.0333
1.2744
0.5078
0.0000
2.0625
0.0000
0.0000
0.0000
0.0000
1.5316
0.0000
1.5079
0.0000
0.0000
0.0000
0.0000
0.0000
0.0000
0.0000
0.0000
0.0000
0.0000
1.2475
0.5397
0.0000
0.0000
0.0000
3.4629
0.0000
0.0000
0.0000
0.0000
0.5321
1.1055
0.0000
0.0000
0.0000
0.0000
0.0000
0.0000
0.6059
0.0000
3.0284
0.0000
1.3958
0.0000
0.0000
0.4855
0.0000
1.2661
0.0000
0.0000
0.0000
1.8955
0.0667
0.5273
0.0000
0.0000
0.0000
0.4473
1.6924
0.0000
0.0000
0.0000
0.0000
0.0000
0.0000
0.0000
0.3311
3.2481
0.0000
0.0000
3.1377
2.5915
0.0000
0.0000
0.0000
0.0000
1.4549
0.0000
0.0000
0.0000
0.0000
0.0000
1.5513
2.3170
0.0000
0.0000
2.7564
0.6040
2.0913
0.3862
0.0000
0.0000
0.0000
0.0000
2.9950
0.4590
0.0000
0.0000
0.0000
0.0000
0.8285
2.5648
0.0000
0.0000
0.2916
1.6364
0.3128
0.0000
0.8786
0.0000
0.0000
0.0000
1.1213
1.5646
0.0000
0.0000
0.0000
0.0000
0.0000
1.4360
0.0000
0.0000
0.1173
0.0000
0.0000
0.0000
0.0000
0.0000
0.6512
0.0000
0.0000
0.0000
0.0000
1.5607
0.0000
1.5640
0.0000
0.0000
0.0000
0.0000
0.0000
0.7436
0.0000
0.0000
0.0000
0.7699
0.0000
1.2627
0.0000
0.0000
0.0000
0.0000
0.0000
1.0147
0.0000
0.0000
0.0000
0.0000
0.0000
0.0000
0.7080
0.0032
0.5808
0.0000
0.0000
0.0000
0.0000
0.0000
0.0000
0.0000
0.0000
0.7798
0.0000
0.0000
0.0000
0.0000
0.0000
0.6813
0.1428
0.0000
0.0000
1.1588
0.1768
0.9179
0.0000
3.5313
0.0000
0.0000
0.0000
0.0000
0.0000
0.0000
3.2989
0.0000
0.0000
0.0000
0.0000
0.0000
0.8219
1.2713
0.0000
0.0000
0.0000
0.0000
1.1377
0.0000
0.0000
0.0000
0.1733
0.0000
0.0000
0.0000
0.0000
0.0000
0.0133
0.0000
0.0000
0.0000
0.0000
0.0000
3.0280
0.1891
0.0000
2.5464
0.8222
0.0000
0.0360
0.0000
0.6128
0.0000
0.0000
1.5754
0.0000
0.0000
3.5611
2.4571
0.8299
0.0000
2.5860
0.0000
1.1871
0.0000
0.0000
0.9971
0.0000
0.0000
0.0000
0.0000
1.6617
0.0000
0.0000
0.0000
0.0000
0.0000
0.0000
1.3191
0.0000
0.0000
0.5313
0.0000
0.0000
0.0000
0.0000
1.0330
1.2244
0.0000
0.0000
0.0000
0.0000
0.0000
0.0000
0.0000
0.4167
0.0000
0.0000
0.0000
0.0000
0.2827
0.0000
0.0000
0.0000
0.1760
0.0000
0.0000
0.0000
0.0000
0.0000
0.0000
0.7387
0.0000
0.0000
0.0000
0.0000
0.0000
1.7414
0.2342
0.0000
0.0000
0.0000
0.6526
1.3743
1.2671
0.0000
0.0000
0.5627
1.7675
0.0000
0.0000
0.0000
3.2471
1.1978
0.0000
0.0000
0.0000
0.0000
0.0000
0.0000
0.0000
1.8475
0.0000
0.0000
1.3021
2.6720
0.0000
0.9640
0.0000
0.0000
0.0000
0.0000
2.7291
0.0000
0.0000
0.0000
0.0000
2.0826
0.0000
0.0000
0.1778
0.0000
0.0000
0.0000
0.8213
0.6241
0.0000
0.0000
0.0000
0.0000
0.0000
2.8550
0.0000
1.9802
0.0000
0.0406
2.6032
0.0000
0.0000
0.0000
2.9289
0.5465
0.0000
1.5551
0.0000
0.0000
0.0000
0.6696
0.0000
0.0000
2.0282
0.0000
0.0000
0.0000
0.0000
0.0000
0.0000
1.3074
0.0000
0.0000
0.0000
2.0070
0.1121
0.0000
0.0000
0.0000
0.0000
0.0000
0.0000
0.0000
1.0005
2.8430
0.0000
0.0000
0.4521
0.0000
5.1078
0.0000
2.1262
0.0000
1.4294
0.0000
0.0000
0.0000
0.0000
0.0000
0.0000
0.0000
0.0000
1.5802
2.0672
2.3208
0.0000
0.0000
0.2895
0.0000
0.0000
0.0000
0.0000
0.0000
0.9650
0.0000
0.0000
2.5586
0.0000
0.0000
0.0000
0.9639
1.4856
0.0000
0.0000
0.0000
0.0000
0.6269
0.5327
1.2443
1.1549
0.0000
0.0000
0.4085
0.0000
2.3981
0.0000
0.0000
0.3806
0.0000
0.0000
1.2269
0.3473
0.0000
0.0000
0.0000
0.0000
0.1514
0.0000
0.1521
0.0000
0.0000
0.0000
0.0000
1.2642
1.2260
0.0000
0.0000
0.2396
2.8830
0.0000
1.1045
0.0000
0.0000
0.0000
0.0000
0.0000
0.0000
0.0000
0.0000
0.0000
3.2738
0.0590
0.0000
0.1100
0.0000
0.8166
0.0000
1.2613
0.0000
0.0000
0.0000
0.7074
0.0000
1.2902
0.7900
0.0000
0.0000
0.0000
0.0000
0.0000
0.0000
0.0000
1.4124
0.0000
0.0000
0.0000
0.0000
0.0000
4.2415
0.0000
0.0518
0.0000
0.4628
0.0000
0.0000
0.0000
0.0000
1.4309
0.0000
0.4943
1.4760
0.0000
2.8817
1.1054
0.0000
0.0000
0.4948
1.2675
0.0000
0.0000
0.0000
0.0000
0.0000
0.0000
0.0000
0.0000
0.0000
0.0000
0.0000
0.0000
0.0000
0.2473
0.0000
0.0000
0.0000
0.0000
0.0000
0.0000
0.0000
2.0322
0.5094
0.0000
0.3110
0.5690
0.4839
0.0000
0.0000
0.9966
0.0000
0.0000
0.0000
0.0000
0.0000
0.0000
5.2678
1.1898
0.0000
3.3433
0.0000
0.3298
0.0000
0.0000
1.0319
0.4180
0.0000
0.0000
0.0000
0.0000
0.0000
0.0000
0.9486
1.5031
0.0000
0.0000
0.0000
0.0000
0.0000
0.0000
0.8491
0.0000
1.3442
0.0000
0.0000
1.1822
0.0000
