0.0000
0.0000
0.0000
0.0000
0.7897
0.0000
0.0000
0.0000
0.0000
2.6314
0.2986
0.0000
0.6168
0.0000
0.0000
0.0000
0.0000
0.0000
0.0000
0.0000
0.0000
0.0000
2.8662
0.0000
3.4052
1.1741
0.0000
0.5804
0.0000
0.0000
0.0000
0.0000
0.0000
0.0000
2.1755
0.0000
0.0000
0.0000
0.6079
0.8306
0.0000
0.0000
0.0000
0.0000
0.0000
0.0000
0.0000
0.0000
0.0000
0.7557
0.0000
0.1558
0.0000
0.0000
0.0000
0.0000
0.0000
0.0000
0.0000
0.0000
0.0000
2.5255
0.0000
0.2326
0.0000
0.0000
0.0000
0.0000
0.0000
0.0000
0.3789
3.5872
0.0000
0.0000
0.0000
1.2149
0.0000
0.0000
0.0000
0.0000
0.0000
0.0000
0.0000
0.0000
0.0000
1.1745
1.2336
0.7392
1.1052
0.0000
0.0000
0.0000
1.3615
2.0272
0.0833
0.0000
0.0000
0.0000
2.4155
0.0000
0.0000
0.0000
0.0000
0.0000
0.0000
0.0000
0.0000
0.0000
1.2834
2.5612
0.0000
0.0000
0.0969
0.0000
0.0000
0.0000
1.1212
0.0000
0.0000
0.0000
2.6464
0.0000
2.8397
0.5789
0.0000
0.0000
1.4487
0.0000
0.0000
0.0000
0.0000
0.0000
0.0000
0.0000
3.1900
0.0000
0.5232
0.2468
0.0000
2.5292
4.2644
0.0000
1.6899
0.5576
2.5085
0.0000
0.8831
1.7411
0.0000
0.0000
0.0000
1.2961
0.0000
0.0000
0.0000
0.0000
0.0000
0.0000
0.0000
0.0000
1.7036
0.0000
0.1080
0.0000
0.0000
2.2247
0.0000
0.0000
0.0000
1.3016
0.0000
0.0000
0.0000
0.1652
0.0000
0.0000
0.0000
0.4368
0.0000
3.6812
1.5128
2.6690
0.0000
0.0000
0.0000
0.0000
0.0000
0.0000
1.1775
0.5511
0.0000
0.0000
0.0000
0.8305
0.0000
0.0000
0.0000
0.0428
3.1395
1.2864
0.0000
0.0000
0.0000
0.0000
0.0000
0.6458
0.0000
0.0000
0.0000
0.0000
0.0000
0.0000
0.0000
0.0000
0.0000
0.0000
0.0000
0.0000
0.0000
0.0000
0.0000
0.0000
0.0000
0.0000
1.5328
0.0000
0.0000
0.0011
0.0000
0.0000
0.0000
0.0000
0.0000
0.0000
1.3803
0.0000
0.5321
0.0000
3.1434
0.0000
0.0000
0.0000
0.5858
0.0000
0.0000
0.0000
0.0000
0.0000
0.2598
0.0000
0.0000
0.0000
0.0000
0.0000
0.0000
0.0000
0.0000
0.0000
0.7657
0.0000
0.0000
0.1891
0.0000
0.0000
0.0000
0.0000
0.0000
0.0000
0.0000
0.0000
2.5480
0.0000
0.0000
1.8739
0.8915
0.0000
0.0000
1.4014
0.9452
0.0000
1.0429
0.0000
0.0000
0.0000
0.0000
0.8863
0.0000
0.0000
0.0000
0.0000
0.0000
0.0000
0.0000
0.0000
3.7347
0.0000
0.0000
0.0000
0.0000
1.5391
0.0000
0.0000
0.0000
0.0000
1.1544
0.0000
0.0000
0.0000
0.0000
0.0000
0.0000
0.0000
0.0000
0.0000
2.4570
0.0000
0.0000
0.0000
0.1889
0.0000
0.0000
1.1311
0.0000
1.7994
0.0000
1.4890
0.0000
0.0000
0.0000
1.6790
0.0000
0.0000
0.0000
0.0000
0.0000
0.8217
0.0000
0.0000
0.0000
3.0365
0.0000
0.0000
0.0000
0.0000
0.0000
5.0935
0.0000
0.0000
0.0000
0.0000
0.0000
2.9175
0.0000
0.0000
2.0058
2.5090
0.0503
0.0000
1.1850
0.0000
0.0000
0.0000
0.0000
0.0000
0.0000
0.8044
0.0000
0.0000
0.0000
0.0000
0.0000
1.8747
0.0000
0.0000
0.1143
0.5207
0.0000
1.3440
0.0000
0.0000
1.7513
0.0000
0.0000
0.0000
0.0000
0.0000
2.6152
0.0000
0.0000
0.3340
3.4269
0.0000
0.0000
0.0000
0.0000
0.6119
0.0000
0.0000
0.0000
0.2935
0.0000
0.2483
0.0000
0.0000
0.0000
0.0000
0.0000
0.0000
2.2185
0.0000
0.0000
0.0000
0.0000
2.3276
1.0770
0.0000
0.0000
0.0000
0.0000
0.0000
0.0000
0.0000
0.9441
0.0000
0.0000
0.0000
0.0000
0.0000
0.0000
0.0000
0.0000
0.0000
0.0000
0.0000
0.0000
0.0000
1.1820
0.0000
0.7398
0.0000
1.6742
0.0000
0.0000
0.0000
2.6649
0.0000
0.0000
0.0000
3.7490
2.1749
0.0000
0.0000
0.0000
0.2620
0.0000
0.0000
0.0000
1.0636
0.0000
0.0000
0.0320
0.0000
0.3066
0.0000
0.1452
0.0000
0.0677
0.5958
0.0000
0.0000
0.0000
1.0410
0.0000
0.4492
0.0000
2.8335
0.0000
0.0000
0.0000
0.0000
0.0000
0.0000
0.0000
1.3057
0.7896
0.0000
0.0000
0.0500
0.0000
1.0599
0.0000
0.0000
0.0000
0.0000
0.2525
0.7571
0.0000
0.0000
0.0553
0.0000
0.0000
0.0000
1.1828
0.0000
0.9858
0.0000
0.1352
0.0000
0.0000
0.4747
1.7216
0.6788
0.0000
0.1318
0.0000
0.0000
0.0000
0.4278
4.8332
0.0000
1.1971
2.3390
0.0000
0.3577
0.0000
0.0000
0.0000
0.0000
0.0000
0.0000
0.1657
0.0000
0.4980
0.0000
0.4986
1.9537
0.0000
0.0000
1.9249
0.0000
0.0000
0.0000
0.0000
0.0000
0.0000
0.0000
0.0000
0.6518
0.0000
0.0000
0.0000
0.0000
0.0000
0.0000
0.0000
0.0000
0.0000
0.0000
0.0282
0.0000
0.1229
1.1518
0.0000
0.0000
0.0000
1.5610
0.0000
0.0000
0.0000
0.0000
0.0000
0.0000
0.0000
0.0000
0.0000
0.0000
0.0000
0.0000
0.0000
0.0000
0.0000
0.0000
0.0000
0.0000
0.0000
0.0000
0.0000
1.5628
2.3980
0.0000
0.3230
0.0000
0.0000
0.0000
0.0000
0.0000
0.0000
0.0000
3.8651
1.2096
0.0000
2.0515
0.0000
0.0000
0.0000
0.7724
0.3154
0.0000
0.0000
0.0000
0.0000
0.0000
0.0000
0.8105
0.0000
0.0000
0.0000
0.0000
0.0000
0.0000
2.4389
0.0000
0.0000
0.0000
0.0000
0.0000
0.0000
0.0000
0.0000
0.0000
0.0000
0.0000
0.0000
1.1586
1.2340
1.8674
0.0000
0.0000
0.0000
0.0000
0.0000
0.0000
0.0000
0.0000
1.0088
0.0000
0.0000
0.1944
0.0000
0.0000
0.0000
1.5538
2.1169
0.0000
0.0000
0.0000
0.0000
0.0000
0.0000
0.0000
0.0000
2.1607
0.0719
0.0000
0.0000
0.0000
0.0000
0.0000
0.0000
0.0000
0.9837
0.0000
0.0000
0.0000
0.0000
0.7899
0.0000
0.0000
0.0000
0.0000
0.0000
0.9292
0.0000
0.0000
0.0000
0.9859
0.0000
0.0000
0.0000
1.8566
0.4510
0.0000
4.6547
0.0000
1.5635
0.0000
0.0000
0.0000
0.0000
0.0000
1.4365
0.0000
0.9702
0.0000
0.0000
0.0000
0.0000
0.0000
2.1995
0.0000
0.0000
5.6046
0.0000
0.0000
0.0000
0.0000
0.0000
0.0000
0.0000
0.0000
0.0000
0.0000
0.8028
1.7726
0.0000
0.0000
0.3058
0.0000
0.0000
0.3981
0.0000
0.0000
0.0000
2.4413
0.0000
0.0000
0.0000
0.3097
0.0000
2.6985
0.0575
0.0000
0.0000
1.7442
0.0000
0.0000
0.0000
0.0000
1.2246
0.0000
0.0000
0.0000
0.0000
0.0000
0.0000
0.0000
0.0000
0.0000
0.0000
0.0000
0.3285
0.0000
2.5409
0.0000
0.0000
0.2473
0.0000
0.0000
0.0000
0.0000
0.0000
0.0000
0.0000
0.0000
0.0000
0.0000
0.0000
0.0000
1.1821
1.5177
0.0000
1.0664
0.0000
0.0000
0.0000
0.0000
0.0000
0.6305
0.0000
0.0000
0.0000
0.0000
0.9132
1.5458
0.0000
0.0000
0.0000
0.0000
0.0000
0.0000
0.0000
0.0000
4.7841
0.0000
0.0000
0.0000
0.0000
0.0000
0.0000
0.0000
0.0000
0.0000
0.0000
1.2744
0.0000
0.0000
0.8161
0.0000
0.0000
2.1785
1.4498
0.0000
0.0000
0.0000
0.0000
0.0000
0.0000
0.0000
0.0000
0.0000
1.2121
0.0000
0.0000
0.0000
0.0000
0.0000
0.0000
1.6681
0.0000
0.0000
0.0000
0.0000
0.0000
0.0000
0.0000
0.0000
0.0000
0.0000
0.2209
0.0000
0.0000
0.0000
0.0000
0.0000
0.0000
0.0802
0.0000
0.0000
0.0000
0.0000
0.0000
0.0000
0.0000
3.3772
0.0000
0.1535
0.8681
0.0000
0.0000
0.0000
0.0000
0.0000
1.0283
0.1043
0.0000
0.0301
0.0000
0.0000
0.1304
0.0000
0.0000
0.0000
0.0000
0.0000
0.0000
0.0000
0.0000
0.0000
0.0000
0.0000
1.0835
0.0000
0.0000
0.0000
0.0000
0.0000
0.0000
0.5473
0.6391
0.0000
0.0000
0.0000
0.0000
0.0000
0.0000
0.0000
0.0000
0.0000
0.0000
1.0127
0.0000
0.0000
3.8810
0.0000
0.0000
0.0000
0.0000
0.1299
0.0000
0.0000
0.0000
0.0000
1.8625
0.0000
0.0000
4.2665
2.1455
0.0000
0.0000
0.0000
0.0000
0.0000
0.0000
0.0000
0.0000
0.3144
0.0000
0.0000
0.0000
0.0000
0.0000
0.0000
0.0000
0.0000
1.1707
2.1515
0.0000
0.0000
0.0000
5.9231
0.0000
0.9507
0.0000
0.0000
0.0000
0.0000
2.0774
0.0000
0.0000
0.0000
0.0000
1.2741
0.0000
0.0000
0.5258
0.0000
0.0000
2.4651
0.7935
0.0000
0.0241
0.0000
0.4483
0.0000
0.0000
0.0000
1.3670
0.3297
0.0000
0.0000
0.0000
2.0092
0.0000
0.1547
2.5691
1.3194
1.0099
0.0000
0.0000
0.0000
0.1278
0.0000
0.0000
0.0000
0.0000
0.2464
0.0000
0.0000
0.4079
4.1272
1.1693
0.0000
0.0000
0.2735
0.0000
0.0496
0.0000
0.0000
0.0000
3.4309
0.0000
2.0980
0.0000
2.3573
0.0000
0.0000
0.8813
1.7681
0.0000
0.4286
0.0000
0.4477
0.0454
0.0000
0.0000
0.4018
1.4962
0.0000
0.0000
0.8889
0.8789
0.0000
2.0891
1.2250
1.9091
0.0000
0.0000
0.0000
1.2396
0.0000
0.0000
0.3113
0.0000
0.0000
0.0000
0.0000
1.8066
0.0000
0.0000
0.0000
0.6871
0.0000
0.0000
0.0000
0.0000
0.0000
0.0000
0.0000
0.0000
0.0000
2.2665
0.0213
1.7339
0.0000
1.9979
1.2201
0.0000
0.0000
0.0000
0.0000
3.1912
0.0000
0.0000
0.0000
0.0000
0.0000
2.1041
0.0000
0.0000
1.0072
0.0000
0.0000
0.0000
0.0000
0.0000
1.3300
0.0000
0.2977
0.0000
0.0000
0.0000
2.1461
0.0000
0.0000
0.1632
0.0000
0.0000
1.1682
0.0000
0.2441
0.0000
0.0000
0.0000
0.1211
1.1771
0.0000
0.0000
0.0000
0.0000
1.0448
0.0000
0.0000
0.2121
0.2008
0.0000
0.0000
1.3885
0.0000
0.0000
0.0000
0.0000
0.0000
0.0000
0.0000
0.0000
0.0000
0.2538
0.0000
0.0000
0.0000
0.0000
0.0000
0.0000
0.0000
0.0000
0.0000
0.0000
0.0000
0.0000
0.0000
0.0000
0.0000
0.0000
0.0000
1.2516
0.0000
4.2015
0.0000
0.0000
0.0000
0.0000
0.0000
0.0000
0.0000
0.0000
0.0000
0.6206
0.0000
0.0000
0.2834
0.0000
0.0000
0.0000
0.0000
0.0000
0.0000
2.0525
0.0000
0.0000
0.0000
4.0397
0.0000
0.0000
0.0000
2.9675
2.1402
0.0000
0.0000
0.0000
0.0000
0.0000
0.5353
0.0000
0.0000
0.0000
0.0000
0.0000
0.0000
0.6408
0.0000
1.6315
0.0000
0.0000
0.0000
0.0000
0.0000
0.0000
0.0000
0.0000
0.0000
1.7038
1.9196
0.0000
0.0000
0.4239
0.0000
0.3386
0.0000
0.0000
0.0000
2.3956
0.0000
1.2808
0.0000
0.6864
0.0000
0.0000
0.0000
0.0000
0.0000
0.0000
0.0000
0.0000
4.3525
0.0000
0.0000
0.0000
0.0000
0.0000
0.0000
0.0000
0.0000
0.0000
0.0000
0.0000
0.0000
1.7962
0.0000
0.0000
0.0000
0.0000
0.0000
0.0000
0.0000
0.3964
0.0000
0.0000
0.0000
2.7204
0.0000
0.0000
0.0000
2.9086
0.0000
0.6709
0.0000
0.0000
1.6018
0.0000
0.0000
0.0000
0.0000
0.0000
0.0000
0.0000
0.0000
0.0000
0.0000
0.0000
0.0000
0.0000
0.5037
2.8739
0.0000
0.0000
0.0000
0.0062
0.0000
0.3911
0.6231
0.0000
0.0000
0.0000
0.0000
0.0000
0.0000
1.8937
0.0000
0.0000
0.4597
0.0000
1.7294
0.4359
0.0000
0.0000
0.0000
0.0000
0.0000
0.0000
0.0000
0.0000
0.0000
2.7764
0.0000
0.0000
1.3909
0.0000
0.0000
0.0000
0.0000
0.0000
0.0000
0.7313
0.0000
0.0000
0.0000
0.0000
0.0000
0.0000
0.0000
0.0000
0.0000
0.0000
0.0000
1.3054
0.4434
0.0000
0.0000
0.0000
0.0000
0.0000
0.0000
0.0000
0.8181
0.0000
1.2245
0.0000
1.5067
0.0000
0.2834
0.0000
0.0000
0.0000
0.0000
0.0000
0.0000
0.0000
0.0000
0.0000
0.0000
0.0000
0.1193
0.0000
0.5707
0.0000
0.0000
0.0000
1.0742
0.0000
0.0000
0.0000
0.0000
0.4957
0.3452
0.0000
0.0000
0.0000
0.0000
1.8231
3.0030
0.0000
1.4465
0.0000
0.0000
0.0000
0.0000
0.0000
0.0000
0.0000
0.0000
0.0000
0.0000
0.0211
0.0000
0.1249
0.0000
0.0699
0.0000
0.0000
0.0000
1.2933
0.0000
2.7261
0.0000
0.0000
2.1784
0.0000
2.2624
2.0041
3.4442
0.0000
0.5153
0.0000
0.0000
0.0000
0.0000
0.1919
1.7959
0.0000
0.0000
0.0000
0.0000
0.0000
0.0000
0.0000
0.0000
0.0000
1.4215
0.3443
0.3262
0.0000
0.0000
0.0000
0.0000
0.0000
0.6540
0.0000
1.4543
0.0000
0.0000
2.2523
0.0000
0.0000
0.0000
0.0000
0.0000
0.0000
0.0000
0.0000
0.0000
0.0000
0.0000
0.0000
0.0000
0.0000
0.0000
0.0000
1.5342
0.0000
3.0351
0.0000
0.2840
0.0000
0.0000
0.0000
0.0000
0.0000
0.0000
0.0000
0.0000
0.0000
0.0000
0.9008
1.1403
0.0000
0.0000
0.0000
0.0000
0.0000
0.0000
0.0000
0.0000
0.0000
0.0000
0.0307
0.0000
3.4578
0.0000
0.0275
0.0000
0.0000
0.0000
0.0000
0.0000
0.0000
2.9606
3.0822
1.8645
0.0000
0.5668
0.0000
1.2661
0.0000
0.0000
0.0000
0.0000
0.0000
0.0000
0.0000
0.0000
0.0000
0.0000
0.4676
0.4392
0.0000
0.0000
0.0000
0.0000
0.0000
0.0000
0.0000
0.0000
2.1449
0.5625
1.4425
0.0000
0.0000
0.0000
0.0000
2.7842
2.2506
1.1380
0.0000
0.0000
0.0000
0.0000
0.0000
0.0000
0.8355
0.7560
0.0000
0.0000
0.0000
0.0000
0.0000
0.0000
0.0000
1.5594
0.3221
1.2047
0.0000
0.0000
0.0000
0.8240
0.0000
0.0000
0.0000
0.0000
0.0000
0.0000
0.0000
0.9136
0.0000
0.0000
0.0000
0.0000
1.2834
0.0000
0.0000
0.0000
0.3081
1.5846
0.0000
1.3672
0.0000
0.0000
0.0000
0.8318
0.1587
0.0000
0.0000
0.0000
0.0000
0.0000
0.0000
3.6109
0.0000
0.0000
0.0000
0.0000
0.0000
0.0000
0.0000
0.0000
0.0000
0.0000
0.0000
0.0000
0.0000
0.0000
0.8315
0.0000
1.1296
0.0000
3.0986
0.0000
0.0000
0.0000
0.0000
3.3581
0.0000
0.0000
0.0004
1.9615
0.0000
0.2552
0.0000
0.0000
0.0000
0.0000
0.0000
0.0000
0.0000
0.0000
0.0000
0.1516
0.0000
1.7569
0.0000
1.8463
0.0000
0.0602
3.6826
0.0000
0.0000
0.0000
0.0000
0.7824
0.0000
0.0000
0.0000
2.1718
1.6177
0.0000
1.0575
0.0000
0.0000
0.0000
0.0000
0.0000
0.0000
0.0000
0.0000
0.0000
0.0000
0.0000
0.5635
0.0000
0.0000
0.0000
0.0000
0.4366
0.0000
0.0000
0.6168
0.0000
0.0000
0.8344
1.1718
0.5422
1.0872
0.0000
0.0000
0.0000
0.1870
0.2996
1.3787
0.0224
0.0000
0.0000
0.0000
0.0000
0.0000
0.0000
0.3483
0.0000
1.2952
0.0000
0.0000
0.0000
0.0000
0.4531
0.0000
0.0000
0.0000
0.0000
0.0000
0.0000
0.2971
0.0000
0.0000
0.0000
0.0000
0.0000
0.0000
0.0000
0.0000
0.0000
0.0000
0.0000
0.0000
0.0000
0.0000
1.7095
0.0000
1.4705
0.0000
0.0000
0.0000
1.9543
0.0000
0.0000
0.0000
0.1763
0.0000
0.8614
1.1167
2.1979
0.0000
0.0000
0.0000
1.7155
0.0000
0.0000
0.0000
0.0000
0.0000
0.0000
0.0000
0.1775
0.0000
0.0000
0.0000
0.0000
0.0000
2.4207
0.0000
2.0086
0.0000
0.0000
0.0000
0.0000
0.0000
0.0000
0.0000
1.3555
0.0000
2.4423
2.6610
0.0000
0.0000
0.1154
0.4196
0.0000
0.0000
1.6193
0.0000
0.0000
0.0000
0.8524
2.0223
0.0000
0.0000
0.4069
0.0000
0.0000
0.6460
0.0000
0.0000
0.0000
0.0000
0.0000
0.0000
0.5304
4.0326
0.0000
0.0000
3.9082
0.0000
2.0771
0.0000
0.0000
0.0000
0.0000
0.0000
0.0000
0.0000
0.0000
0.0000
0.9440
0.8768
0.0000
2.1265
0.0000
0.0000
0.1537
0.0000
0.0000
0.0000
0.0000
0.7903
2.3527
0.0000
0.5026
0.9235
0.0000
0.0000
1.7032
0.0000
0.0000
0.0000
0.0000
0.2311
0.0000
0.0000
0.0000
0.0000
0.0000
0.0000
0.0000
0.0000
1.2755
0.0000
0.0000
0.0000
0.0000
1.3384
0.0000
4.1954
2.2465
0.0423
0.0000
0.0000
0.0000
0.0000
0.0000
0.0000
0.0000
0.0000
1.2266
0.0000
0.0000
0.0000
0.0000
0.7610
0.0000
0.0000
0.0000
0.0000
0.0000
0.0000
0.1700
0.1066
0.0000
0.0000
1.3977
0.0000
0.0000
0.0000
0.0000
1.5753
0.0000
0.0000
0.0000
0.0000
0.0000
0.6138
0.0000
0.0000
0.0000
0.0000
0.0000
0.0000
0.0000
0.0000
0.0000
1.1942
0.0000
0.7423
0.0000
0.2145
0.0000
1.3091
0.0000
0.0000
0.0000
0.6750
0.0000
0.0000
0.0000
0.0180
0.0000
0.0000
0.5862
0.0000
0.0000
0.0000
2.5930
0.0000
0.0000
0.0000
0.0000
0.4639
0.0000
0.9564
0.6867
0.0000
0.0000
0.0000
0.6264
0.0000
0.0000
0.0000
0.3013
0.0000
0.8446
0.0000
0.0000
0.0000
0.0000
1.7382
3.6081
0.0000
2.2902
0.9600
0.0000
0.0000
0.0000
4.0986
0.8736
0.4532
0.0000
0.0000
0.0000
0.0000
0.0000
0.0000
0.0000
0.3310
0.0000
0.2913
0.2379
0.0000
0.0000
0.0000
0.0000
0.0000
0.0000
0.0000
2.2550
0.0000
0.0000
0.5859
1.8323
0.7507
0.0000
0.0000
0.0000
0.0000
0.0000
0.0000
0.0000
4.2902
0.6049
0.0000
2.5653
3.3327
0.0000
0.0000
1.5768
0.7893
0.0000
0.0000
0.0000
0.6572
0.0000
0.0000
0.0000
0.0000
0.0000
0.0000
0.0000
0.0000
0.0000
0.0000
1.4431
0.0000
2.2114
0.0000
0.0000
0.0000
0.0000
0.0192
0.0000
0.0000
0.0000
0.6667
1.2666
0.0000
0.0000
0.0000
0.0000
0.0000
0.4690
1.4540
0.0000
0.0000
0.1288
0.0000
2.6672
0.1285
1.5227
0.0000
0.0000
0.0000
0.0000
0.9732
0.0000
0.0000
0.0000
0.0000
0.0000
0.0000
0.0000
0.0000
0.0000
0.0000
0.0000
0.0000
1.4453
0.0000
0.0000
0.7148
0.1818
0.0000
2.0081
0.0000
0.0000
0.0000
0.0000
0.0000
2.4185
0.0000
0.0000
0.0000
1.6649
0.0000
0.0000
0.0000
0.0735
0.0000
0.0000
0.0000
0.0000
0.0000
0.0000
0.0000
0.0000
0.0000
0.0000
3.2735
0.0000
1.2141
0.0000
0.0000
0.0000
0.0000
0.0000
1.2509
0.0000
0.0000
0.0000
0.0000
0.0000
0.0000
0.0000
0.0000
0.0000
0.0000
0.0000
0.0000
1.2145
0.0000
1.0651
0.0000
0.0000
0.1113
0.0000
0.0000
0.0000
0.0000
0.6483
0.0000
0.1057
0.0000
0.0000
0.8204
2.6697
0.0000
1.5917
0.6953
1.8719
0.0000
0.0000
0.0000
0.0000
0.0000
1.1103
0.0000
0.0000
0.0000
1.4259
0.0000
3.9757
0.0000
0.6142
0.0000
0.0000
0.0000
1.7028
0.0000
0.0339
1.1323
0.0000
0.0000
0.0000
0.0000
0.0000
0.7505
1.0264
0.0000
0.0000
0.0000
0.4465
0.0000
0.0000
0.0000
0.0000
0.0000
0.0000
0.0000
0.0000
0.0000
0.0000
0.0000
1.9856
3.4565
0.0000
0.0000
0.0000
0.0000
0.0000
0.0000
0.0000
0.0000
0.8469
3.7472
1.6756
0.0000
0.0000
0.0000
1.2062
0.0000
0.0000
0.0000
0.0000
0.0000
0.0000
0.0000
0.0000
0.0000
0.0000
0.0000
0.0000
0.9518
0.0000
0.0000
1.5554
0.0000
0.0000
0.9426
0.0000
0.7496
0.0000
0.3651
0.9394
0.0000
0.0000
0.0000
0.7154
0.0000
0.0000
0.0000
0.0000
0.0000
1.3240
0.0000
0.0000
0.0404
0.0000
0.0000
0.0000
0.0000
0.0000
0.1444
0.0000
0.0970
0.0000
0.1161
0.0000
0.0000
0.0000
3.9349
0.0000
0.0000
0.0000
0.0000
0.0000
0.0000
1.5082
0.0000
0.0000
0.0000
2.0107
2.6857
0.0000
0.0000
0.0000
0.0000
2.1617
0.0000
0.0000
0.0000
0.0000
0.9553
0.0000
0.0000
0.0000
0.2105
0.0000
0.0000
0.0000
0.0000
0.0000
0.0000
0.0000
1.4214
0.0000
0.0000
0.0000
0.0000
0.0000
0.0000
0.0000
0.2266
0.0000
0.0000
0.0000
0.0000
0.0000
0.0000
0.0000
0.0000
0.0000
1.5099
0.0000
0.0000
1.7305
0.0000
0.0000
1.6189
0.0000
3.3431
0.0000
0.0000
0.1287
0.0000
0.0000
0.0000
0.0000
0.0000
0.0592
0.0000
0.0000
0.0000
1.4033
0.0000
0.0000
0.0000
1.2293
0.0000
0.0000
0.0000
0.0000
0.0000
0.0000
0.0000
0.0000
0.0000
0.0000
0.0000
0.0000
2.3777
0.0000
0.0000
0.0000
1.0768
0.0000
0.0000
0.0000
0.8453
0.0000
0.0000
0.0000
0.1504
1.0224
0.0000
0.0000
0.0000
0.0000
2.7745
5.0108
0.0000
0.1187
0.1662
0.0000
0.0000
0.0000
0.0000
0.0000
0.0000
0.0000
0.0000
0.0000
0.0000
0.0000
0.0000
0.0000
0.0000
0.0000
0.0000
0.0000
0.0000
0.0708
0.0000
0.0000
0.1983
0.0000
0.0000
0.3824
0.0000
0.0000
0.0000
0.0000
2.6887
0.0000
0.0000
0.0000
2.5852
0.0000
0.0000
0.0000
1.5570
0.0000
0.0000
1.1451
0.0000
0.0000
0.0000
0.0000
0.0000
1.0195
0.6017
0.0000
3.1191
0.0000
0.0795
0.0000
0.0000
1.3000
0.0000
0.0000
0.0000
0.0000
0.0000
0.0000
0.0000
0.0000
1.8162
0.0000
0.0000
0.9752
0.6604
0.0000
0.0000
0.0000
0.0000
1.7759
0.0000
0.0000
0.0000
0.0000
0.0000
0.0000
0.0000
4.5506
0.0000
0.5037
1.9607
0.0000
0.0000
0.0000
0.0000
1.1948
0.0000
0.0000
0.0000
0.0000
0.0000
0.0000
0.0000
0.5723
1.1721
0.0000
0.0000
0.0000
0.0000
0.0000
0.0000
0.0000
2.1592
0.0000
0.0000
0.0000
0.0000
0.0000
0.0000
0.5010
0.0000
1.0296
0.0000
0.0000
0.0000
0.7506
2.1806
0.0759
0.0000
0.3168
0.3683
0.0000
0.0000
0.0000
0.0000
0.0000
0.0000
0.0000
3.1554
1.8102
0.0000
0.0000
0.0000
2.2927
0.3124
0.0000
0.0000
0.0000
0.0000
0.0000
0.0000
0.0000
1.1337
0.2507
0.0000
0.1520
0.0000
0.0000
0.0000
0.0000
0.0000
0.0000
1.1405
0.0000
0.0000
0.0000
0.0000
0.5450
0.0000
0.0000
0.0000
0.0000
0.0000
0.0000
0.0000
0.0000
2.0275
0.0000
1.0137
0.0000
0.0000
0.1127
0.0000
1.3664
0.9230
0.2505
0.1222
0.0000
0.0000
0.0000
0.0000
0.0000
0.0000
0.0000
0.0000
0.5178
0.0000
0.0000
0.0000
0.5028
0.0008
0.0000
0.0000
0.0000
0.0000
0.5312
0.0000
0.0000
0.0000
0.0000
0.0000
1.8189
0.2026
0.5745
0.2711
0.0000
0.0000
0.0000
0.0000
0.0000
0.0000
0.0000
0.0000
2.5163
0.0000
0.0000
0.0000
0.0000
0.0000
0.0000
0.0000
1.3622
0.0000
0.0000
0.0000
0.0000
0.0000
0.4187
0.0000
0.0000
0.0000
2.1757
0.0000
0.0000
1.9434
0.0000
3.3920
0.0000
0.0000
1.2696
0.0000
0.0000
0.4059
0.0000
1.1675
2.6304
0.0000
5.9657
0.2644
0.0000
0.0000
0.0000
3.5135
0.0000
1.6374
0.0000
0.0000
0.0000
0.0000
0.0000
1.6545
0.0000
0.0000
0.4439
0.0000
0.0000
0.0000
0.0000
0.4724
0.0000
0.0000
3.1738
0.0000
0.0000
0.0000
0.0000
0.0000
0.9998
0.0000
0.0000
0.0000
0.0000
0.0000
0.0000
2.7776
1.1663
2.4781
0.0000
0.1046
2.1466
3.0294
0.0000
0.0000
0.0000
0.0000
0.0000
0.5259
0.0000
0.0000
2.2873
0.0000
0.0000
0.0000
0.0000
0.0000
0.0000
0.0000
2.0480
0.0000
0.0000
0.0000
1.9600
0.0000
0.0000
1.3697
0.0000
0.0000
0.5626
0.0000
1.2382
0.0000
0.0000
3.1405
0.0000
0.0000
0.0000
0.0000
0.0000
2.8963
0.0000
0.0000
0.0000
0.0000
0.0000
0.3206
0.0000
0.0000
0.0000
2.2043
0.0000
0.0000
0.0000
0.0000
0.0000
0.1164
1.6306
0.0000
0.0000
0.0000
0.0000
0.0000
0.0000
0.0000
0.0000
0.0000
0.0000
1.5329
0.0000
0.0000
0.2292
0.0000
0.0000
0.0000
0.3799
0.6000
0.1634
1.3533
0.4619
0.0000
3.0829
0.0000
0.0000
0.0000
0.0000
0.3179
0.0000
0.0000
0.0000
0.0000
2.7322
0.0000
0.0000
2.3301
0.0000
0.0000
0.0000
0.0000
0.0000
0.0000
0.0000
0.0000
0.1162
1.2524
0.0000
0.0000
0.0000
1.5078
0.0000
1.3869
1.7713
0.0000
0.0000
0.1408
0.0000
1.5154
0.0000
0.7703
0.0000
0.9682
0.3551
0.0000
2.9506
0.0000
0.3610
0.0000
0.0000
0.0000
0.4222
0.2743
0.3295
0.0000
0.0000
1.1039
0.0000
0.0000
0.0000
0.0000
0.0000
0.0000
0.0000
0.0000
0.0000
0.5577
0.0000
0.0000
0.1682
0.0000
0.0000
0.0000
0.0248
1.6331
0.7745
0.0000
0.0000
2.2277
0.0000
1.2125
0.0000
0.0000
0.0000
0.0000
0.0459
0.9185
0.0000
0.0000
0.0269
0.0000
0.0000
0.0000
2.5259
3.5605
0.0000
0.0000
0.0000
0.0000
2.1403
0.0000
0.0000
0.0000
0.0000
0.0000
0.0000
0.0000
0.0000
0.0000
0.0000
0.0000
1.3563
0.0000
2.8807
0.0000
0.0000
1.1349
0.0000
0.0000
0.0000
0.0000
0.0000
0.0000
0.0000
5.5889
2.5033
0.0000
0.0000
0.0901
0.0000
0.0000
0.0000
1.8588
0.0000
0.0000
0.1089
4.2981
0.2057
0.0000
0.0000
0.0000
0.0000
0.0000
0.4860
1.4219
0.0000
0.0000
6.7917
0.0000
0.6214
0.0000
0.3179
0.0000
0.0000
0.0000
0.0000
0.2444
0.0000
0.9972
0.0000
0.0000
0.0000
0.7839
0.2527
0.0000
0.0000
0.0000
0.5710
0.0000
0.7038
0.0000
0.0000
0.7148
0.1710
0.0000
0.0000
0.0000
0.0000
0.0000
0.3403
1.6636
0.0000
0.0000
0.0000
0.0000
0.0000
0.0000
0.0000
0.0512
0.0000
0.0000
0.0000
0.0000
0.0000
0.0000
0.0000
0.0000
1.8070
0.0000
1.8221
0.0000
0.0000
1.4547
0.0000
0.0000
0.0000
0.0000
0.0000
0.0000
1.0153
2.8176
0.0000
0.0000
0.0000
2.4796
0.0000
0.5048
0.0000
0.0000
0.0000
0.1924
0.0000
0.0000
0.0000
0.0000
0.0000
0.0000
0.0000
0.0000
0.0000
0.0000
0.0000
0.0000
0.2296
0.0000
0.0000
0.3556
0.0000
0.0000
0.6859
0.6722
0.0000
0.0000
0.5599
0.0000
0.0000
1.5844
0.2443
0.2906
1.9150
2.2931
0.0000
0.1148
0.4778
0.0000
0.0000
0.0000
0.0000
0.0000
0.0000
0.0000
0.0000
0.0000
0.0000
0.8359
0.2039
2.3866
0.0000
3.8762
0.3308
0.0000
1.7581
2.8643
0.0000
0.0000
0.0000
0.0000
0.0000
0.9276
1.7422
0.0000
0.3010
0.0000
0.0000
0.3111
0.0000
0.0000
1.7693
0.0000
0.0000
4.2324
0.0000
0.0000
0.0000
0.0000
0.0000
0.0000
3.0211
0.0000
0.0000
0.0000
0.0000
0.0000
1.5202
0.0000
0.2154
0.0000
0.2085
1.3625
0.0000
0.5823
0.0000
0.0000
0.8396
0.0000
0.0000
0.0000
0.0000
0.0000
1.3628
0.0000
0.0000
0.0000
0.0000
0.0000
0.0000
0.0464
0.1664
0.0000
0.0000
0.0000
0.0000
0.0000
0.0000
0.0000
4.4160
0.0000
0.0000
2.5384
0.0000
0.0000
0.0000
0.0000
0.0000
0.0000
0.0000
2.5897
0.0000
0.0000
0.6921
0.0000
0.6650
0.0000
2.3911
0.0000
0.0000
0.0000
0.0000
0.0000
0.0000
0.2590
0.0000
0.0000
0.0000
0.0000
0.0000
0.0000
0.0000
0.0000
0.0000
0.0000
0.0000
0.0000
0.0000
0.0000
0.0000
1.4879
0.0000
0.0000
0.0000
3.0662
0.0000
0.0000
0.0000
4.5298
0.0000
0.0000
0.0000
1.0170
0.0000
0.0000
0.0000
0.0000
0.0000
0.0000
0.3019
0.0000
1.4951
0.0000
0.0000
0.0000
0.0000
0.0000
0.0000
0.0000
0.0000
0.0000
0.0000
0.0000
0.0000
0.0000
2.7906
0.0000
0.0000
0.0000
3.3837
0.0000
0.0000
0.0000
0.0000
0.0000
0.0000
0.0000
0.0000
0.0000
0.0000
0.0000
0.0000
0.0000
0.0000
0.0000
0.0000
0.0000
0.0000
0.0000
0.0000
0.0000
0.5126
0.5517
0.0000
0.0000
0.0000
0.0000
0.0000
1.2543
0.0000
0.0000
0.0000
0.0000
0.0000
0.0000
0.0000
0.0000
0.0000
0.0000
2.0378
0.0000
0.0000
0.0000
0.0000
0.0000
0.0000
0.0000
0.0000
1.0553
0.0000
0.4878
0.0000
0.0000
0.0000
2.2071
1.4620
0.0000
0.7587
0.0000
0.0000
0.0000
3.6654
0.1619
1.4227
0.0000
0.0000
0.0000
0.0000
0.0000
0.0000
1.1356
0.7960
0.0000
0.0000
0.0000
0.0413
0.0000
0.0000
0.0000
0.0000
0.0000
0.0000
0.0000
0.0000
0.0000
0.0000
0.0000
1.7287
0.0000
0.0000
0.0000
0.9721
0.4772
0.0000
0.0000
0.0000
0.0000
1.0916
1.2070
0.6879
0.0000
1.3133
0.0000
2.4446
0.0000
1.8486
0.9818
0.0000
0.0000
0.0000
0.0000
0.6155
0.0000
0.0000
0.0000
0.0000
0.6122
0.4612
0.0000
0.0000
0.0000
0.0000
0.0000
0.0000
0.0000
0.0000
0.0000
3.7538
0.0000
0.0000
0.0000
0.0000
0.0000
0.0000
3.8279
0.0000
0.0000
0.0000
0.0000
0.0000
0.0000
1.4809
0.0000
0.0000
0.0000
0.0000
4.0427
0.0000
0.0000
0.0000
0.0000
0.0000
0.0000
0.0000
0.0000
0.0000
0.0000
0.0000
0.0000
0.0000
0.5044
0.0000
0.0000
0.0000
0.0000
0.0000
3.8323
0.0000
0.0000
0.0000
0.0000
0.0000
0.0000
0.0000
0.5413
0.0000
0.0000
0.2623
0.0000
0.0000
0.0000
0.0000
0.0000
0.0000
1.2752
0.2877
0.0000
1.1722
0.0000
0.0000
0.9383
0.0000
0.0000
0.0000
0.0000
0.5233
0.7728
0.0000
0.0000
0.0000
3.2491
1.7743
0.0000
0.0000
0.0000
0.0000
0.0000
0.0000
0.0000
2.6978
0.0000
1.8318
0.0000
0.2827
0.0000
0.0000
0.2931
0.2715
0.0000
0.8450
2.1700
0.0000
0.0000
0.6852
0.0000
1.2561
0.0000
0.0023
0.0000
0.0000
0.0000
0.0000
1.9894
0.0000
1.5020
2.6022
0.2606
0.0000
0.0000
0.0000
1.6991
0.6096
0.0000
0.0000
0.0000
0.0000
0.0000
0.0000
3.5632
0.1408
0.0000
0.0000
0.0000
0.0000
0.2366
0.3196
0.0000
0.8295
0.0000
0.0000
0.0000
0.0000
0.0000
4.1782
0.0000
0.4109
0.0000
0.0000
3.5424
0.0000
0.0000
0.0000
0.0000
0.0000
0.0000
0.4389
0.0000
0.0000
1.5666
0.0000
0.0000
0.0000
0.0000
0.0000
0.0378
0.8767
0.0000
0.0000
0.0000
0.6548
0.9392
0.0000
0.0000
0.0000
0.0000
0.0000
0.0000
3.9458
0.0000
1.6250
0.0000
0.2094
0.2832
0.0000
0.0000
0.0000
0.0000
1.7697
0.0000
3.8435
0.0000
0.0000
0.0000
0.0000
0.0000
0.0000
0.0000
0.0000
0.5777
0.0000
0.0000
0.0000
0.0000
0.0000
0.0000
1.9553
4.8724
0.0000
0.0000
0.0000
0.0000
0.0000
0.0000
0.0000
0.0000
0.0000
0.0011
2.4094
0.0000
0.6932
0.0653
0.0000
0.0000
0.0000
0.0000
0.0000
0.0714
1.6658
0.0000
0.0000
0.0000
0.0000
0.0000
0.0000
0.0000
3.7654
0.0000
1.5359
0.0000
0.0000
0.0000
0.0000
0.0000
0.0000
0.0000
0.5431
0.7579
0.0000
0.0000
0.2810
0.0000
4.3414
0.0000
0.3217
0.0000
0.6308
0.0000
0.0000
0.0000
0.0000
0.0000
0.0000
3.8844
0.2355
0.0982
0.0000
0.0000
0.0000
0.0000
0.0000
0.0000
0.0000
0.0000
0.0000
0.6634
0.5827
2.1865
0.3599
0.0000
0.1235
0.0000
0.0000
0.8765
0.0000
0.7880
0.0000
0.0000
0.0000
0.0000
0.2748
0.0000
0.0000
0.0000
0.0000
0.0000
0.0000
0.0000
1.1549
0.0000
0.0000
0.0000
0.0000
3.6379
0.0000
0.0000
0.0000
0.0000
0.2553
0.8016
0.0000
0.0000
0.0000
0.0000
0.2038
0.0000
0.5038
0.0000
3.2971
0.0000
0.0000
0.0000
0.0000
1.1032
0.0000
0.5697
0.0000
0.0000
0.0000
0.0000
0.0000
0.0000
0.0000
0.0000
0.0000
0.0000
1.3023
0.0000
0.0000
0.0000
0.0000
0.0000
0.0000
0.0000
0.0000
1.8773
0.0000
0.0000
1.9192
2.4494
0.0844
0.0000
0.0000
0.0000
0.0000
0.0852
0.0000
0.0000
0.0000
0.0000
0.7771
0.0000
0.0000
0.0000
3.1619
0.0000
0.1150
0.5269
0.0000
0.0000
0.0000
0.0000
3.5583
0.0000
0.0000
0.3570
0.0000
0.0000
0.0678
1.3749
0.0000
0.0000
0.0000
0.1888
0.0000
0.0000
0.0000
0.0000
0.0000
0.0000
0.0000
2.2772
0.0000
0.0000
0.0000
1.1890
0.0000
1.0565
0.0000
0.0000
0.0000
0.0000
0.0000
0.0000
0.0000
0.0000
1.3705
0.0000
0.0000
0.0000
0.8432
1.9267
0.0000
4.3349
0.0000
0.0000
0.0000
0.0000
0.0734
0.4764
0.0000
0.0000
0.0000
0.8462
0.0000
1.0859
0.0000
0.0000
0.0000
0.0000
0.0670
2.3504
0.0000
0.0000
0.0000
0.0000
0.0000
0.0000
0.0000
0.0000
2.0861
0.0000
0.0000
0.0000
0.0000
0.0000
0.0000
0.5599
0.0000
0.0000
0.0000
0.0000
0.0000
0.0000
0.0000
0.0000
0.0000
0.0000
0.0000
0.0000
1.5145
0.0000
0.0000
2.0531
0.0000
0.0000
1.3931
0.0000
0.0000
0.0000
3.2255
0.0000
0.0000
0.0000
0.0000
0.0000
0.6444
0.7677
0.0000
0.0000
0.0000
0.0000
0.3845
0.0000
0.0000
0.0000
0.5249
0.0000
0.0000
0.0000
0.0000
0.0000
1.6783
0.0000
0.0000
0.3178
0.0000
0.0000
3.5128
0.0000
0.0000
4.1059
2.1302
0.0000
0.0000
0.0000
0.0000
0.0000
0.0000
0.0000
0.0000
0.0000
0.0000
2.2497
0.0000
0.2281
1.1405
0.0000
1.7039
0.0000
0.0000
1.7583
0.0000
0.0000
0.0000
0.0000
4.1606
0.0000
0.0000
0.0000
0.0000
0.0000
0.0000
0.0000
0.0000
0.0000
1.1868
0.0000
0.0000
0.0000
0.0000
1.3778
0.5157
0.0000
0.0000
0.0000
0.0000
0.0000
0.0000
0.0000
1.4116
0.0000
0.0000
0.0000
0.0000
0.0000
0.0000
0.0000
0.0000
0.0442
0.0000
0.0000
0.0000
0.0000
0.0000
0.0000
0.0000
0.0000
0.0000
0.0000
0.0000
0.0000
1.3008
0.0048
0.0000
0.0000
0.0000
1.9644
0.0000
0.0000
0.0000
0.0000
0.1231
2.0687
0.0000
0.0000
0.0000
2.3230
1.0373
0.0000
0.0000
0.0000
0.0000
0.0000
0.0000
0.0000
1.7206
0.0000
0.0000
0.0000
3.2688
0.0000
0.0000
0.0000
0.0000
0.0000
0.0000
3.0646
0.0000
0.0000
0.0000
0.0000
0.0000
0.0000
0.0000
0.0000
0.2615
0.0000
0.0000
1.1594
0.0000
0.0000
0.0000
0.0000
0.0000
0.0000
3.6051
0.0000
2.9642
0.0000
0.0000
1.6027
0.0000
0.6933
0.0000
2.3319
0.0000
0.0000
3.2292
0.0000
0.1241
0.1823
0.0000
0.0000
0.0000
0.0000
0.0000
0.0000
0.0000
0.0000
0.0000
0.0000
0.7916
0.0000
0.0000
0.0000
1.2290
0.5235
0.0000
0.0000
0.0000
0.0000
2.3726
0.3299
0.0000
0.8541
3.0221
0.0000
0.0000
1.3420
0.0659
3.8063
0.0000
1.6019
0.0000
0.2639
0.0000
0.0000
0.0000
0.0000
0.0000
0.0000
0.0000
0.2367
1.4786
0.3140
3.5457
0.0000
0.0000
2.2435
0.0000
0.0000
0.0000
0.0000
0.0000
2.2918
0.0000
0.0000
2.3562
0.0000
0.0000
0.0000
3.5838
1.5699
0.0000
0.0000
0.0000
0.0000
0.0272
0.0826
3.6507
0.0000
0.0000
0.0000
0.8034
0.2937
1.6299
0.7009
0.0000
0.0000
0.0000
0.0000
0.0000
0.0678
0.0000
0.0000
0.0000
0.0000
0.0000
1.7955
0.0000
1.2812
0.0000
0.0000
1.0212
0.0942
1.3622
0.0000
0.0000
1.2499
1.8783
0.0000
0.3724
0.0000
0.0000
0.0000
0.0000
0.2237
0.0000
0.0000
0.0000
0.0000
3.2093
0.2016
0.0000
0.0000
0.0000
0.0000
0.0000
0.0000
0.4566
0.0000
0.0000
1.9285
1.3546
1.4488
0.0000
0.0000
0.0000
0.0000
0.0000
0.0000
0.0000
0.5679
0.0882
0.0000
0.1568
0.0000
0.0000
0.0000
3.4492
0.0000
0.0000
0.0000
0.4206
0.0000
0.0000
0.0000
0.0000
1.6249
0.0000
0.0000
1.3480
0.9695
2.5325
1.2407
0.0000
0.0000
0.0998
2.2174
0.0000
0.0000
0.0000
0.0000
0.0000
0.0000
0.0000
0.0000
0.0000
0.0000
0.0000
0.0000
0.0000
0.0000
0.0000
0.0000
0.0000
0.0000
0.0000
0.0000
0.0000
0.5380
0.0000
2.7512
1.5326
0.3221
1.4785
0.0000
0.0000
2.5838
0.0000
0.0000
0.0000
0.5931
0.0000
0.0000
2.7892
1.7071
0.0000
6.3557
0.0000
1.6774
0.0000
0.0000
1.6540
0.6279
0.0000
0.0000
0.0000
0.0000
0.0000
0.0988
0.1459
0.8881
1.2080
0.0000
0.0000
0.0000
0.0000
0.0000
1.0807
0.0000
0.0000
0.0000
0.0000
0.0000
0.0000
