0.0000
0.0000
0.0000
0.0000
0.7938
0.0000
0.0000
0.0000
0.0000
1.3265
0.0358
0.0000
1.0532
0.3998
0.0000
0.0000
0.0000
0.0000
0.0000
0.0000
0.0000
0.0000
3.0507
0.0000
3.0818
1.5588
0.0000
1.3358
0.0000
0.0000
0.0000
0.0000
0.0000
0.0000
2.8824
0.0000
0.0000
0.0000
1.6991
1.2246
0.0000
0.0000
0.0000
0.0000
0.0000
0.2795
0.0000
0.0000
0.0000
0.6370
0.0000
0.0000
0.0000
0.0000
0.0000
0.0000
0.0000
0.0000
0.0000
0.0000
0.0000
2.6828
0.0000
1.0816
0.0000
0.0000
0.0000
0.0000
0.0000
0.0000
0.0000
4.3385
0.6495
0.0000
0.0000
0.0500
0.0000
0.0000
0.0000
0.0000
0.0000
0.0000
0.0000
0.0000
0.0000
0.2710
2.0022
2.2902
2.7849
0.0000
0.0000
0.0000
1.2289
1.0734
0.0000
0.0000
0.0000
0.0000
1.5306
0.0000
0.0000
0.0000
0.0000
0.0000
0.0000
0.0000
0.1983
0.0000
0.1855
3.9081
0.8221
0.0000
0.1529
0.5255
0.0000
0.0000
0.0000
0.0000
0.0000
0.0000
3.6829
0.0000
1.2641
1.0301
0.0000
0.0000
0.1117
1.0686
0.0000
1.0390
0.0000
0.0000
0.0000
0.0000
2.2160
0.0000
1.5926
1.0145
0.0000
3.4841
3.2965
0.0000
2.9278
1.0219
2.1011
0.0000
0.0000
1.2813
0.0000
0.0000
0.0000
1.2265
0.0000
0.0000
0.0000
0.0000
0.0000
1.3130
0.5170
0.0000
0.6157
0.0000
1.0682
0.0000
0.0000
2.3254
0.0000
0.0000
0.0000
1.4201
0.0000
0.0000
0.0000
0.0000
0.0000
0.0000
0.0000
1.2360
0.0000
7.7247
0.1260
4.6964
0.0000
0.0000
0.0000
0.0000
0.0000
0.0000
2.2313
0.4275
0.0000
0.0000
0.0000
0.5388
0.1180
0.0000
0.0000
1.2201
2.7963
1.7485
0.0000
0.0000
0.0000
0.0000
0.0000
0.0000
0.0000
0.0000
0.0000
0.0000
0.0000
0.0000
0.0000
0.0000
0.0000
0.0000
0.0000
0.0000
0.0000
0.0000
0.0000
0.0000
0.0000
0.0000
0.7460
0.0000
0.0000
2.1702
0.0000
0.0000
0.0000
0.0000
0.0000
0.0000
2.1225
0.0000
1.0720
0.0000
2.6579
0.0000
0.0000
0.0000
0.0000
0.0000
0.0000
0.0000
0.0000
0.0000
0.0000
0.0000
0.0000
0.0000
0.0000
0.0000
0.0000
0.6807
0.0000
0.0000
1.4574
0.0000
0.0000
1.0169
0.0000
0.0000
0.0000
0.0000
0.6979
1.0101
0.0000
0.0000
2.8611
0.0000
0.0000
1.8206
0.0000
0.0000
0.5241
1.1580
0.5148
0.0000
0.5070
0.0000
0.0000
0.0000
0.0000
0.2141
0.0000
0.0000
0.0000
0.0000
0.0000
0.0000
0.0000
0.0000
4.6137
0.0000
0.1941
0.8372
0.0000
2.8504
0.0000
0.0000
0.0000
0.0000
0.7808
0.0000
0.0000
0.0000
0.0000
0.0000
0.0000
0.2849
0.0000
0.6346
1.1492
0.0000
0.0000
0.0000
0.0000
0.7973
0.0000
1.2668
0.0000
0.0000
0.0000
2.6225
0.9457
0.0000
0.0000
1.8305
0.0000
0.0000
0.0000
0.0000
0.0000
0.9281
0.2588
0.0000
0.0000
3.3404
0.0000
0.0000
0.0000
0.0000
0.0000
5.8410
0.0000
0.0000
0.0000
0.0000
0.0000
3.0012
0.8592
0.0000
0.0000
2.4361
1.4359
0.0000
0.4216
0.0000
0.0000
0.0000
0.0000
0.0000
0.0000
1.7868
0.0000
0.0000
0.0000
0.0000
0.0000
1.8174
0.0000
0.0000
1.3014
0.0000
0.0000
3.3753
0.0000
0.0000
3.1316
0.0000
0.0000
0.0000
0.0000
0.0000
1.7748
0.0000
0.0000
0.0000
2.7805
0.0000
0.0000
0.0000
0.0000
1.2383
0.0000
0.0000
0.0000
0.0000
0.0000
1.1584
0.0000
0.0000
0.0000
0.0000
0.0000
0.0000
3.9558
0.0000
0.0000
0.0000
0.0000
3.9958
0.0000
0.0000
0.0000
0.0000
0.0000
0.0000
0.2672
0.0000
0.8624
0.0000
0.0000
0.0000
0.0000
0.0000
0.0000
0.0000
0.0000
0.0000
0.0000
0.0000
0.0000
0.0000
0.0000
0.0000
0.4172
0.0000
4.0451
1.4309
0.3964
0.0000
3.6405
0.0000
0.0000
0.0000
2.5074
0.5240
0.5026
0.0000
0.0000
0.0040
0.0000
0.0000
0.0000
0.3158
0.0000
0.0000
1.2602
0.0000
0.0000
0.0000
0.5067
0.0000
0.0000
0.0000
0.0000
0.0000
0.0000
0.8347
0.0000
0.0000
0.0000
0.0907
1.1853
0.0000
0.0000
0.0000
0.0000
0.0000
0.0000
2.2587
0.9723
0.7681
0.0000
1.3917
0.0000
1.9215
0.0000
0.0000
0.0000
0.0000
0.4461
0.1056
0.0000
0.0000
0.0790
0.0000
0.0000
0.0000
2.2094
0.0000
0.5402
0.0000
0.0000
0.0000
0.0000
2.8662
1.8133
0.0000
0.0000
0.0000
0.0000
0.0000
0.0000
0.0000
5.0961
0.0000
1.7006
0.9450
0.0000
0.9631
0.0000
0.0000
0.1229
0.0000
0.0000
0.0000
0.3365
1.4183
0.2871
0.0000
0.8113
2.3573
0.0000
0.0000
1.4285
0.0000
0.0000
0.0000
0.0000
0.0000
0.0000
0.0000
0.0000
0.0000
0.0000
0.0000
0.0000
0.0000
0.0000
0.0000
0.0000
0.0000
0.0000
0.0000
0.0000
0.0000
0.0869
0.0000
0.0000
0.0000
0.0000
0.8326
0.0000
0.0000
0.0000
0.0000
0.0000
0.0000
0.0000
0.0000
0.0000
0.0000
0.0000
0.0000
0.0000
0.0000
0.0000
0.0000
0.0000
0.0000
0.0000
0.0000
0.0000
1.5840
3.7617
0.0000
0.0000
0.0000
0.0000
0.0000
0.0000
0.0000
0.0000
0.0000
3.8386
0.0000
0.0000
2.2735
0.0000
0.3116
0.0000
0.0000
1.5134
0.0000
0.0000
0.8288
0.0000
0.0000
0.0000
3.9958
0.0000
0.2807
0.3571
0.9160
0.0000
0.0000
2.1365
0.0000
0.1183
0.0000
0.0000
0.0613
0.0000
0.0000
0.0000
0.0000
0.0000
0.0000
0.0000
0.7011
1.7535
0.8439
0.0000
0.0000
0.0000
0.0000
0.0000
0.0000
0.0000
0.0000
0.0000
0.0000
0.0000
0.0000
0.6477
0.0000
0.0000
0.0000
4.4555
0.0000
0.0000
0.0000
0.0000
0.0000
0.0000
0.0000
0.0000
0.9142
0.7980
0.0000
0.0000
0.0000
0.2844
0.0000
0.0000
0.0000
0.7387
0.0000
0.0000
0.0000
0.0000
1.0782
0.0000
0.0000
0.0000
0.0000
0.0000
1.0497
0.0000
0.0000
0.0000
0.0000
0.0000
0.7325
0.0000
2.5314
0.0000
0.0000
4.5880
0.0000
0.2257
0.0000
0.0000
0.0000
0.0000
0.0000
1.2099
0.0000
0.2600
0.0000
0.0000
0.0000
0.0000
0.0000
0.7525
0.0000
0.0000
5.1776
0.0013
0.0000
0.0000
0.0000
0.0000
0.0000
0.0000
0.0000
0.0000
0.0000
2.4752
0.4781
0.0000
0.0000
0.0000
0.0000
0.0000
0.0000
0.0000
0.0000
0.0000
3.5104
0.0000
0.0000
0.0000
0.0648
0.0000
2.5070
0.0000
0.0000
0.0000
1.8128
0.0000
0.0000
0.2794
0.0000
0.5338
0.0000
0.0000
0.0000
0.0000
0.0000
0.0000
0.0000
0.0000
0.0000
0.0000
0.0000
0.0000
0.0000
0.5976
0.0000
0.0000
2.1097
0.0000
0.6655
0.0000
0.0000
0.6370
0.0000
0.0000
0.0000
0.0000
0.0000
0.0000
0.0000
1.2008
1.5951
0.0000
0.0000
0.0000
0.0000
0.0000
0.0000
0.4065
0.1129
0.0000
0.0000
0.0000
0.0000
2.3415
0.0000
0.0000
0.0000
0.0000
0.0000
0.0000
0.0000
0.0000
0.0000
3.8292
0.0000
0.0000
0.0000
0.0000
0.0000
0.0000
0.0000
0.2523
0.0000
0.0000
0.6900
0.0000
0.0000
1.5653
0.0000
0.0000
2.0411
1.2437
0.0000
0.0000
0.0000
0.0000
0.0000
0.0000
0.0000
0.0000
0.0000
1.6260
0.0000
0.0000
0.0000
0.0000
0.0000
0.0000
0.0317
0.0000
0.0000
0.0000
0.0000
0.0000
0.0000
0.0000
0.0000
0.0000
0.0000
0.0000
0.0000
0.0000
0.0000
0.0000
0.0000
0.0000
0.0000
0.0000
0.0000
0.0000
0.0000
0.3222
0.0000
0.0000
1.3351
0.0000
0.0000
0.0000
0.0000
0.0000
0.0000
0.1838
0.0000
1.1026
0.0000
0.0000
0.0188
0.0000
2.0495
0.0000
0.0000
0.0000
0.0000
0.0000
0.0000
0.0000
0.0000
0.0000
0.0000
0.0000
0.0000
1.0207
0.0000
0.2704
0.0000
0.0000
0.0000
0.0000
1.0760
0.6268
0.0000
0.0000
0.0000
0.0000
0.0000
0.0000
0.0000
0.0000
0.0000
0.0000
1.1507
0.0000
0.0000
3.2049
0.0000
0.0000
0.0000
0.0000
0.0000
0.0000
0.0000
0.0000
0.0000
2.2252
0.0000
0.0000
2.8931
1.9887
0.0000
0.0000
0.0000
0.0000
0.0000
0.0000
0.0000
0.0000
0.8686
0.0000
0.0000
0.0000
0.0000
0.0000
0.0000
0.0000
0.0000
1.0681
2.0567
0.0000
0.0000
0.0000
7.2111
0.0000
0.8379
0.0000
0.0000
0.0000
0.0000
2.6893
0.0000
0.0000
0.0000
0.0000
0.0000
0.0000
0.8652
0.0000
0.0000
0.0000
2.5900
1.0675
0.0000
0.0000
0.0000
0.0000
0.0000
0.0000
0.0000
0.7008
0.0000
0.0613
0.0000
0.0000
0.6963
0.0000
1.1397
2.2599
1.2644
1.7970
0.0000
0.0000
0.0000
0.8869
0.0000
0.0000
0.0000
0.0000
0.0000
0.0000
0.0000
0.0000
5.1606
0.9298
0.0000
0.0000
0.0000
0.0000
1.3884
0.0000
0.0000
0.0000
4.0941
0.0000
0.0000
0.0000
3.3110
0.0000
0.0000
2.0633
3.1071
0.0000
0.1501
0.0000
1.1916
0.0000
0.0000
0.0000
0.9220
0.2994
0.0000
0.0000
0.0000
0.3639
0.0000
0.1954
0.0000
0.6963
0.0000
0.0000
0.0000
2.6266
0.0000
0.0000
1.3638
0.0000
0.0000
0.0000
0.0000
1.7052
0.0000
0.0361
0.0000
0.0000
0.0000
0.0000
0.0000
0.0000
0.0000
0.0000
0.0000
0.0000
0.0000
5.8499
0.0000
0.8055
0.0000
3.3518
2.3758
0.0000
0.0000
0.0000
0.0000
1.3351
0.0000
0.0000
0.0000
0.0000
0.0000
1.1874
0.0000
0.0000
0.4871
0.0000
0.0000
0.0000
0.0000
0.0000
0.2337
0.0000
1.1674
0.0000
0.0000
0.0000
2.0581
0.0000
0.0000
1.3880
0.0000
0.0000
0.0000
0.0000
0.3397
0.0000
0.0000
0.0000
0.0000
0.0000
0.0000
0.0000
0.0000
0.0000
0.0000
0.0000
0.4713
1.1068
0.0000
0.2312
0.0000
0.0000
0.0000
0.0000
0.0000
0.0000
0.0000
0.0000
0.0000
0.9022
0.0000
0.0000
0.0000
0.0000
0.0000
0.0000
0.0000
0.0000
0.0000
0.0000
0.0000
0.0000
0.0000
0.0000
0.0000
0.8036
0.0000
0.0000
0.0000
0.3888
0.6790
3.6744
0.0000
0.0000
0.0000
0.0000
1.7660
0.5541
0.0000
0.0000
0.8330
0.4412
0.0000
0.0000
0.0000
0.0000
0.0000
0.0000
0.0000
0.0000
0.0000
0.9860
0.5526
0.0000
0.0000
4.3438
0.0000
0.0000
0.0000
3.1294
0.5590
0.0000
0.0000
0.0000
0.0000
0.0000
1.3888
0.0000
0.0000
0.0000
0.0000
0.0000
0.0000
3.1734
0.0000
2.0928
0.0000
0.0000
0.0000
1.1899
0.0000
0.0000
0.0000
0.0000
0.0000
2.8842
1.6406
0.0000
0.0000
0.0000
0.0000
0.4875
0.0000
0.0000
0.0000
3.5929
0.0000
1.9754
0.0000
0.0000
0.0000
0.0000
0.0000
0.0000
0.0000
0.0000
0.0000
0.0000
6.0583
0.0000
0.0000
0.0000
0.0000
0.0000
0.0000
0.0000
0.0000
0.0000
0.0000
0.0000
0.0000
0.4066
0.0000
0.0000
0.0000
0.0000
0.0000
0.0000
0.0000
0.0000
0.4763
0.0000
0.0000
2.9210
0.5433
0.0000
0.0000
3.0462
0.0000
0.0000
0.0000
0.0000
3.0000
0.0000
0.0000
0.0000
0.0000
0.0000
0.1284
0.0000
0.0000
0.0000
0.0000
0.0000
0.0000
0.0000
0.4538
3.7270
0.0000
0.0000
0.0000
0.5010
0.0000
0.5383
1.3427
0.0000
0.0000
0.0000
0.0000
0.0000
0.0000
1.9631
0.0000
0.0000
0.0000
0.0000
1.0877
0.5272
0.0000
0.0000
0.0000
0.1720
0.0000
0.0000
0.0000
0.0000
0.0000
1.7318
0.0000
0.0000
0.0000
0.0000
0.0000
0.0000
0.0000
0.0000
0.0000
0.0000
0.0000
0.0000
0.0000
0.0000
0.0000
0.1223
0.7036
0.0000
0.0000
0.0000
0.0000
0.3692
0.3448
0.0000
0.0000
0.0000
0.0000
0.0000
0.0000
0.0000
1.5059
1.3844
0.0000
0.0000
0.3077
0.0000
0.0000
0.0000
0.0000
0.0000
0.0000
0.0000
0.0000
0.0000
0.0000
0.0000
0.0000
0.0000
0.0000
0.0000
0.0000
0.0000
0.0000
0.0000
0.0000
0.0000
0.0000
0.0000
0.0000
1.4499
0.1602
0.0000
0.0000
0.0000
0.0000
1.7676
2.8053
0.0000
0.4953
0.0000
0.0000
0.0000
0.0000
0.0000
0.0000
0.0000
0.0000
0.0000
0.0000
0.0000
0.5943
1.7150
0.0000
0.0000
0.0000
0.0000
0.0000
2.8100
0.0000
3.9430
0.0000
0.0000
0.1347
0.0000
1.3897
2.1331
4.0748
0.0000
0.1773
0.0000
0.0000
0.0000
0.2362
0.6719
2.5460
0.0000
0.0000
0.0000
0.0000
0.3649
0.0000
0.0000
0.0000
0.0000
1.5066
0.0000
0.0425
0.0000
0.0000
0.0000
0.0000
0.4731
0.0000
0.0000
3.5462
0.0000
0.0000
2.1295
2.4215
0.0000
0.0000
0.0000
0.0000
0.0000
0.0000
0.0000
0.0000
0.0000
0.0000
0.0000
0.0000
0.0000
0.0000
0.0000
1.3959
0.0000
4.0757
0.0000
0.0000
0.0000
0.0000
0.0000
0.0000
0.0000
0.0000
0.0000
0.0000
0.0000
0.0000
2.5033
1.1338
0.0000
0.0000
0.0000
0.0000
0.0000
0.0000
0.0000
0.0000
0.0000
0.0000
0.3054
0.0000
2.4586
0.0000
0.6568
0.0000
0.0000
0.0000
0.0000
0.0000
0.0000
1.8621
4.0021
2.2887
0.0000
0.4977
0.0000
0.0000
0.0000
0.0000
0.0000
0.3153
0.0000
0.0000
0.0000
0.0000
0.0000
0.0000
0.5974
0.4504
0.0000
0.2599
0.0000
0.0000
0.0000
0.0000
0.0000
0.0000
2.9199
0.0000
0.0000
0.0000
0.0000
0.0000
0.0000
3.4242
0.8074
0.5808
0.0000
0.0000
0.0000
0.3464
0.0000
0.0000
0.0000
0.0697
0.0000
0.4142
0.0000
0.0000
0.0000
0.0000
0.0000
0.6037
0.3876
0.6250
0.0000
0.0000
0.0000
0.0000
0.0000
0.0000
0.0000
1.1818
0.0000
0.0000
0.0000
3.8788
0.0000
0.0000
0.0000
0.0000
0.5082
0.0000
0.0000
0.0000
2.2199
1.5834
0.0000
1.9155
0.0000
0.0000
0.0000
0.0000
0.9535
1.5804
0.0000
0.0000
0.0000
0.0000
0.0000
4.5185
0.0000
0.0000
0.0000
0.0000
0.0000
0.0000
0.0000
0.0000
0.0000
0.0000
1.1152
0.0000
0.0000
0.0000
0.0000
0.0459
0.8939
0.0000
2.2505
0.0000
0.0000
0.0000
0.0000
3.2039
0.0000
0.0000
0.0528
1.2134
0.0000
2.2658
0.0000
0.0000
0.0000
0.0000
0.0000
0.0000
0.0000
0.0000
0.0000
0.7610
0.0000
0.0000
0.4774
1.4666
0.6458
0.3514
2.7316
0.0000
0.0000
0.0000
0.0000
0.4540
0.0000
0.0000
0.0000
2.0277
1.8742
0.0000
0.7330
0.0000
0.0000
0.0000
0.0000
0.0000
0.0000
0.0000
0.0000
0.0000
0.0000
0.0000
1.4196
0.0000
0.0000
0.2242
0.0000
1.0268
0.0000
0.0000
1.4794
0.0000
0.0000
0.0000
2.1288
1.2514
1.6990
0.0000
0.0000
0.0000
1.6901
0.0000
0.2590
1.3407
0.0000
0.0000
0.0000
0.0000
0.1209
0.0000
1.0783
0.0000
1.9856
0.0738
0.0000
0.2444
0.0000
0.1020
0.0000
0.0000
0.0000
0.0000
0.0000
0.0000
0.9106
0.0000
0.0000
0.0000
0.0000
0.0000
0.0000
0.0000
0.0000
0.0000
0.0000
0.0000
0.0000
0.0000
0.0000
0.0000
0.0000
0.3752
0.0000
0.0000
0.0000
2.9816
0.0000
0.0000
0.0000
0.0000
0.0000
2.3779
1.8187
2.5205
0.0000
0.4438
0.0000
0.4994
0.0000
1.5051
0.0094
0.0000
0.0000
0.0000
0.0000
0.0000
0.0000
0.0000
0.0000
0.0000
0.6460
2.1021
0.0000
2.2607
0.0000
0.0000
0.0000
0.0000
0.0000
0.0000
0.0000
3.0564
0.0000
1.0888
3.4342
0.0000
0.0000
0.0000
1.6850
0.0000
0.5616
1.1189
0.9178
0.0000
0.0000
0.0000
0.3118
1.1983
0.0000
1.5661
0.5555
0.0000
2.7445
0.0000
0.0000
0.0000
0.0000
0.0000
0.0000
1.2443
4.5857
0.0000
0.0000
2.6672
0.0000
1.8431
0.0000
0.0000
0.0000
0.0000
0.0000
0.0000
0.0000
0.0000
0.0000
0.0000
1.8559
0.0000
1.1756
0.0000
0.0000
0.0000
0.0000
0.0000
0.0000
0.0000
1.2676
2.3947
0.0000
0.0000
0.6369
0.0000
0.0000
4.0376
0.0000
0.0000
0.2584
0.0000
0.2290
0.0000
0.0000
0.0000
0.0000
0.0000
0.0000
0.0000
0.0000
1.8227
0.0000
0.0000
0.0000
0.0000
1.5769
0.0000
5.8141
0.2742
0.1602
0.0000
0.0000
0.0000
0.0000
0.0000
0.0000
0.0000
0.0000
0.1500
0.0000
0.0000
0.0000
0.0000
0.0000
0.0000
0.0000
0.0000
0.0000
0.0000
0.0000
0.4236
0.0000
0.0000
0.0000
0.3139
0.0000
0.0000
0.0000
0.0000
0.0000
0.0000
0.0000
0.0000
0.0000
0.0000
0.4656
0.5485
0.0000
0.0000
0.0000
0.6786
0.0000
1.0980
0.0000
0.0000
0.0000
0.0000
0.3631
0.0000
1.2481
0.0000
0.0990
0.0000
0.0000
0.0000
0.0000
0.0000
0.0000
0.0000
0.0000
0.5231
0.0000
0.0000
0.0000
0.0000
0.0000
2.3322
0.0000
0.0000
0.0000
0.0000
0.0000
0.0000
0.4465
0.9376
0.0000
0.0000
0.0000
0.8513
0.0000
0.0000
0.0000
0.0000
0.0000
1.0351
0.0000
0.0000
0.0000
0.0000
0.9274
3.7102
0.0000
0.5341
0.0000
0.0000
0.0000
0.0000
3.6975
0.0000
0.0000
0.0000
0.0000
0.0000
0.0000
0.0000
0.0000
0.0000
0.2758
0.0000
0.8274
0.5093
0.0000
0.0000
0.0000
0.0000
0.0000
0.0000
0.0000
1.9071
0.0000
0.0000
2.3109
3.2274
1.0901
0.0000
0.0000
0.0000
0.0000
1.1538
0.0000
0.0000
4.2295
0.0000
0.0000
2.0470
1.9955
0.0000
0.0000
1.0911
0.0000
0.0000
0.0000
0.2876
3.0210
0.0000
0.0000
0.0000
0.0000
0.0000
0.0000
0.0000
0.0000
0.0000
0.0000
1.3969
0.0000
0.0788
0.0000
0.0000
0.0000
0.0000
0.0000
0.0000
0.0000
0.0000
1.8245
0.7344
0.0000
0.0000
0.0000
0.0000
0.0000
0.5967
0.7024
0.0000
0.0000
0.0000
1.4316
2.6132
1.0524
0.3975
0.0000
0.0000
0.0000
0.0000
0.6571
0.0000
0.0000
0.0000
0.0000
0.0000
0.0000
0.0000
0.0000
0.0000
0.0000
0.0000
0.0000
0.0000
0.0000
0.0000
0.3217
1.8010
0.0000
0.9682
0.0000
0.0000
0.0000
0.0000
0.0000
1.7291
0.0000
0.0000
0.0000
2.0627
0.0000
0.0000
0.0000
0.0000
0.0000
0.0000
0.0000
0.0000
0.0000
0.0000
0.0000
0.0000
0.0000
0.0000
3.9277
0.0000
0.0295
0.0000
0.0000
0.0000
0.0000
0.0000
2.4972
0.0000
0.0000
0.0000
0.0000
0.0000
0.0000
0.0000
0.0000
1.1405
0.0000
0.0000
0.0000
1.0228
0.0000
0.0000
0.0000
0.0000
2.2567
0.0000
0.0000
0.0000
0.0000
1.1628
0.0000
0.0000
0.0000
0.0000
0.0409
4.1141
0.0000
0.1015
0.0000
0.7159
0.0000
0.0000
0.0000
0.0000
0.0000
0.0000
0.0000
0.0000
0.0000
1.1937
0.0000
3.5708
0.0000
0.0000
0.0000
0.0000
0.0000
2.6728
0.0000
0.0080
2.4615
0.0000
0.3893
0.0000
0.0000
0.0000
0.0000
2.2120
0.0000
0.0000
0.0000
0.0000
0.0000
0.0000
0.0000
0.0000
0.0000
0.0000
0.0000
0.0000
0.1338
0.0000
0.0000
1.4956
3.5668
0.0000
0.1167
0.9577
1.1638
0.0000
0.0000
0.0000
0.0000
2.1058
3.3746
1.9564
0.0000
0.0000
0.0000
1.7882
0.0000
0.0000
0.0000
0.0000
0.0000
0.0000
0.0000
0.0000
0.0000
0.0000
0.0000
0.0000
2.4317
0.0000
0.0000
0.0000
0.0000
0.0000
0.4992
0.0000
0.0000
0.0000
0.1626
0.3706
0.0000
0.0067
1.5905
1.6923
0.0000
0.0000
0.0000
0.0000
0.0000
0.0000
0.0000
0.0000
0.0000
0.0000
0.0000
0.0000
0.0000
0.0542
0.0000
0.0000
0.0000
0.0818
0.0000
0.0000
0.0000
0.0000
2.5077
0.0000
0.0000
0.0000
0.0000
0.0000
0.0000
0.3795
0.0000
0.0000
0.0000
0.6717
1.8269
0.0000
0.0000
0.0000
0.0000
2.4554
0.0000
0.0000
0.0000
0.0000
0.0000
0.0000
0.8118
0.0000
0.0000
0.0000
0.0000
0.0200
0.0000
0.0000
0.0000
0.0000
0.0000
0.0000
0.0000
0.0000
0.0000
0.0000
0.0000
0.0000
0.0000
0.0000
0.0000
0.0000
0.0000
0.0000
0.0000
0.0000
0.0000
0.0000
0.4201
0.0000
0.0000
0.0831
0.0000
0.0000
1.7729
0.0000
3.8490
0.0000
0.0000
0.0000
0.0000
0.0000
0.0000
0.0000
0.0000
0.0000
0.0000
0.2013
0.0000
0.0000
0.0000
0.0000
0.0000
2.8886
0.0000
0.0000
0.0000
0.0000
0.0000
0.0000
0.0000
0.0000
0.0000
0.0000
0.0000
0.0000
1.1035
0.0000
0.0000
0.0000
2.2279
0.0000
0.0000
0.0641
0.0000
0.0000
0.0000
0.0000
0.2244
0.9487
0.0000
0.0000
0.0000
0.0000
2.3387
5.7359
0.0000
0.0000
1.3662
0.0000
0.0000
0.0000
0.0000
0.0000
0.0000
0.0000
0.0000
0.0000
0.0000
0.0000
0.0000
0.0000
0.0000
0.0000
0.0000
0.0000
0.3618
0.0000
0.0000
0.0000
0.0000
0.0000
0.7139
0.0000
0.0000
0.0000
0.0000
0.0000
2.7155
0.0000
0.2533
0.0000
1.5718
0.0000
0.0000
0.0000
1.1509
0.0000
0.0000
1.6281
0.0000
0.0000
0.0000
0.0000
0.0000
1.1842
0.0000
0.0000
1.4421
0.0000
0.1023
0.0000
0.0000
0.0000
0.0000
0.0000
0.2010
0.0000
0.0000
0.0000
1.9903
0.5286
0.4680
0.0000
0.0000
0.0000
0.0000
0.0000
0.0000
0.0000
0.0000
0.5119
0.0000
0.0000
0.0000
0.0000
0.0000
0.0000
0.0000
2.9155
0.0000
0.1915
3.2100
0.0000
0.0000
0.0000
0.0000
0.0000
0.0000
0.3708
0.0000
0.0000
0.0624
0.0000
0.0000
0.3908
0.0000
0.0000
0.0000
0.0000
0.0000
0.0000
0.0000
0.0000
3.3055
0.0000
0.0000
0.0000
0.0000
0.0000
0.0000
1.3893
0.0000
0.5955
0.0000
0.0000
0.0000
0.7683
1.5399
0.0000
0.0000
2.4593
1.9725
0.0000
0.0000
0.0000
0.0000
0.0813
0.0000
0.0000
1.8768
1.5587
0.0000
0.0000
0.0000
2.4672
1.0692
0.0000
0.0000
0.4087
0.0000
0.0000
0.0000
0.0000
0.3416
0.0000
0.0000
0.0000
0.0000
0.0000
0.0000
0.0000
0.0000
0.0000
1.7386
0.0000
0.0000
0.0000
0.0000
0.5615
0.0000
0.0000
0.0000
0.0000
1.6202
0.0000
0.0000
0.0000
0.4828
0.0000
1.0284
0.0000
0.0000
1.6424
0.0000
0.0000
1.9185
0.0000
0.0000
0.0000
0.0000
0.0000
0.0000
0.0000
0.0000
0.0000
0.0000
0.0000
0.0000
0.0000
0.0000
0.0000
0.0000
0.0000
0.0000
0.0000
0.0000
0.9226
0.0000
0.0000
0.0000
0.0000
0.0000
0.7972
0.0000
0.0000
0.0000
0.0000
0.0000
0.0000
0.0000
0.0000
0.0000
0.0000
0.0000
1.4343
0.0000
0.0000
0.0000
0.0000
0.0000
0.0000
0.1001
1.4075
0.0000
0.0000
0.0000
0.0000
0.0000
0.0000
0.0000
0.0000
0.0000
2.9037
0.0000
0.0000
1.2332
0.0000
2.1424
0.0000
0.0000
2.2837
0.0000
0.0000
0.0000
0.0000
0.8296
0.8184
0.0000
5.4379
0.0000
0.0000
0.0000
0.0000
2.8613
0.0000
2.1673
0.0000
0.0000
0.0000
0.0000
0.0000
2.6101
0.0000
0.0000
1.0938
0.0000
0.0000
0.0000
1.8328
0.3494
0.0000
0.0000
3.9199
0.0000
0.0000
0.7059
0.0000
1.3137
0.1595
0.0000
0.0000
0.0000
0.0000
0.0000
0.0000
2.7938
1.5471
4.3692
0.0000
1.5898
2.9998
0.7307
0.0000
0.0000
0.0000
0.0000
0.0000
1.1878
0.0000
0.0000
3.0046
0.0000
0.0000
0.0000
0.4556
0.0000
0.0000
0.0000
2.8528
0.0000
0.0000
0.0000
1.4686
0.0000
0.6315
0.7554
0.0000
0.0000
1.4302
0.0000
1.5085
0.0000
0.0000
2.7333
0.0000
0.1093
0.0000
0.0000
0.0000
3.8001
0.0000
0.0000
0.0000
0.0000
0.0000
0.0000
0.0000
0.0000
0.0000
1.2849
0.0000
0.0000
0.0000
0.0000
0.0000
0.0000
1.9389
0.0000
0.0000
0.0000
0.0000
0.0000
0.0000
0.0000
0.0000
0.0000
0.0000
1.5613
0.0000
0.0000
0.5221
0.0000
0.0000
0.0000
1.2932
0.9763
0.0754
0.6664
0.0000
0.0000
0.9339
0.0000
0.0000
0.0000
0.0000
0.0513
0.0000
0.3174
0.0000
0.0000
4.2966
0.0000
0.0000
0.6705
0.0000
0.0000
0.0000
0.1097
0.0000
0.0000
0.0000
0.0000
0.0000
0.6053
0.0000
0.0000
0.0000
0.8568
0.0000
2.4709
2.5627
0.0000
0.0000
0.0000
0.0000
0.0675
0.0000
0.1713
0.0000
0.0000
0.3360
0.0000
0.5228
0.0000
0.0108
0.0000
0.0000
0.0000
0.0000
1.5948
1.0077
0.0000
0.0000
3.1484
0.0000
0.0000
0.0000
0.0000
0.0000
0.0000
0.0000
0.0000
0.0000
0.1746
0.0000
0.0000
0.0115
0.0000
0.0000
0.0000
0.0000
0.1771
0.0000
0.0000
0.0000
1.8153
0.5541
0.8845
0.0000
0.0000
0.0000
0.0000
0.0054
1.4844
0.0000
0.0000
0.0000
0.0000
0.0000
0.0000
1.6952
3.0271
0.0000
0.0000
0.0000
0.0000
4.6076
0.0000
0.0000
0.0000
0.0000
0.0000
0.0000
0.0000
0.0000
0.0000
0.0000
0.0000
0.8354
0.0000
2.7817
0.0000
0.0000
1.0408
0.0000
0.0000
0.0000
0.0000
0.0000
0.0000
0.0000
5.0998
2.2308
0.0000
0.0000
0.9506
0.0000
0.0000
0.0000
1.7400
0.0000
0.0000
1.2656
3.6057
0.0000
0.0000
0.0000
0.0000
0.0000
0.0000
0.0000
0.3802
0.0000
0.0000
7.2127
0.9848
2.0438
0.0000
0.0000
0.0000
0.0000
0.0000
0.0000
0.0000
0.0000
0.3607
0.0000
0.0000
0.0000
0.0000
0.4000
0.0000
0.0000
0.0000
0.0000
0.0000
0.8453
0.0000
0.0000
1.2178
0.0000
0.0000
0.0000
0.0000
0.0000
0.0000
1.3999
2.9655
0.0000
0.0000
0.0000
0.0000
0.0000
0.0000
0.0000
0.0004
0.0000
0.0000
0.0000
0.0000
0.0000
0.0000
0.0000
0.0000
1.2630
0.0000
1.1248
0.0000
0.0000
0.0000
0.0000
0.0000
0.0000
0.0000
0.0000
0.0000
0.0000
1.2212
0.0000
0.0000
0.0000
1.9955
0.0000
0.3269
0.0000
0.0000
0.0000
0.7232
0.0000
0.0000
0.0000
0.0000
0.0000
0.0000
0.0000
0.0000
0.0000
0.0000
0.0000
0.0000
0.0000
0.0000
0.0000
0.0000
0.0000
0.0000
0.1047
0.0000
0.0000
0.0000
1.1482
0.3189
0.0000
2.2363
0.0000
0.0000
2.8218
0.9285
0.0000
0.0000
0.2168
0.0000
0.1544
0.0000
0.0000
0.0000
0.0000
0.0000
0.0000
0.0000
0.0000
1.1828
0.0000
2.0354
0.0000
1.3878
0.0000
0.0000
0.7121
1.9524
1.4080
0.0000
0.0000
0.0000
0.0000
0.1683
2.4248
0.0000
0.0000
0.0000
0.0000
1.3946
0.0000
0.0000
0.8456
0.0000
0.0000
4.6862
0.0000
0.0000
0.0000
0.0000
0.0000
0.0000
2.5615
0.0000
0.0000
0.0000
0.0000
0.0000
2.6013
0.0000
0.0000
0.1896
0.0000
0.0000
0.0000
0.0000
0.0000
0.0000
2.0060
0.0000
0.0000
0.0000
0.0000
0.0000
1.7898
0.0000
0.0000
0.0000
0.0000
0.0000
0.0000
0.0000
0.3609
0.0000
0.0000
0.0000
0.0000
0.0000
0.0000
0.0000
4.7463
0.0000
0.0000
1.8093
0.0000
0.0000
0.0000
0.8347
0.0000
0.0000
0.0000
1.8953
0.0000
0.0000
0.0777
0.0000
0.0000
0.0751
1.4223
0.0000
0.0000
0.0000
0.0000
0.0000
0.0000
0.0000
0.0000
0.0000
0.0000
0.0000
0.0000
0.0000
0.0000
0.0000
0.0000
0.0000
0.0000
0.0000
0.2937
0.0000
0.0000
1.0637
0.0000
0.0000
0.0000
1.9463
0.0000
1.4987
0.0000
6.7180
0.0000
0.9478
0.8007
1.2498
0.0000
0.0000
0.0000
0.0000
0.0000
0.0000
0.0000
0.0000
0.0000
0.0000
0.0000
0.0000
0.0000
0.0000
0.0000
0.0000
0.0000
0.0000
0.0000
0.0000
0.0000
0.0000
2.2440
0.0000
0.0000
0.0000
3.6171
0.0000
0.0000
0.0000
0.4792
0.0000
0.0000
0.0000
0.0000
0.0000
0.0000
0.0000
0.0000
0.0000
0.0000
0.0000
0.0000
0.0000
0.0000
0.0000
0.0000
0.0000
0.6503
0.0000
0.2895
0.0000
0.3239
0.0000
0.0000
2.0322
0.0638
0.0000
0.0000
0.0000
0.0000
0.0000
0.0000
0.4480
0.0000
0.0000
2.5712
0.0000
0.0000
0.0000
0.0000
0.0000
0.0000
0.0000
0.0000
1.5810
0.0000
0.0000
0.0000
0.0000
0.0000
1.9697
1.2877
0.0000
0.0000
0.0000
0.7156
0.0000
2.4178
0.0295
0.8497
0.0000
0.0000
0.0000
0.0000
0.0000
0.0000
3.9495
0.0000
0.0000
0.0000
0.0000
0.0000
0.0000
0.0000
0.0000
0.0000
0.0000
0.0000
0.0000
0.0000
0.0000
0.0000
0.0000
0.9967
0.0000
0.0000
0.6430
2.1835
0.0000
0.0000
0.0000
0.0000
0.0000
1.3785
0.0000
1.2365
0.0000
0.0000
0.0000
0.0544
0.0000
0.9086
0.6093
0.0000
0.0000
0.0000
0.0000
2.3571
0.0000
0.0000
0.0000
0.0000
2.4577
0.0883
0.0000
0.0000
0.0000
0.0000
0.0000
0.0000
0.0000
0.0000
0.0000
3.5025
0.0000
0.0000
0.0000
0.0000
0.0000
0.3866
2.3469
0.0000
0.0000
0.0000
0.0000
0.0000
0.0000
0.1683
0.0000
0.0000
0.0000
0.0000
2.5550
0.0000
0.0000
0.0000
0.0000
0.0000
0.0000
0.0000
0.0000
0.0000
0.0000
0.0000
0.0000
0.0000
0.0000
0.0000
0.0000
0.2544
0.2860
0.0000
4.2173
0.0000
0.0000
0.0000
0.0000
0.0000
0.0000
0.0000
0.0000
0.0000
0.0000
0.4546
0.0000
0.0000
0.0000
0.0000
0.0000
0.0000
1.9517
0.0000
0.0000
1.8304
0.0000
1.0527
1.6310
0.0000
0.0000
0.0000
0.0000
1.9353
1.1659
0.0000
0.0000
0.4923
4.0909
2.8188
0.0000
0.0000
0.0000
0.0000
0.0000
0.0000
0.0000
1.1207
0.0000
3.0818
0.0000
0.1029
0.0000
0.7425
0.1498
0.0000
0.0000
1.5001
0.7041
0.0000
0.0000
1.8674
0.0000
0.5111
0.0000
1.5877
0.0000
0.0000
0.0000
0.0000
1.3931
0.0000
0.7673
3.7344
0.2102
0.0000
0.0000
0.0000
1.2252
0.3310
0.0000
0.0000
0.0000
0.0000
0.0000
0.5968
6.1207
0.0000
0.0000
0.0000
0.0000
0.0000
0.0000
0.6997
0.0000
0.2267
0.0000
0.0000
0.0000
0.0000
0.8635
3.1406
0.0000
0.0000
0.0000
0.0000
3.4246
0.4079
0.0000
0.0000
0.0000
0.0000
0.0000
0.3160
0.0000
0.0000
1.8859
0.0000
0.0000
0.0000
0.0000
0.0000
2.1244
0.0000
0.0000
0.0000
0.0000
1.2251
0.5279
0.0000
0.0000
0.0000
0.0000
0.0000
0.0000
3.8972
0.0000
1.4923
0.0000
0.0000
1.1608
0.0000
0.0000
0.0000
0.0000
0.5360
0.0000
4.0759
0.0000
0.0000
0.0000
0.0000
0.0000
0.0000
0.0000
0.2059
0.3153
0.0000
0.0000
0.0000
0.0000
0.0000
0.0000
1.6297
6.5370
0.0000
0.0000
0.0000
0.0000
0.0000
0.0000
0.0000
0.0000
0.0000
0.0829
1.6502
0.0000
0.1967
1.9174
0.0000
0.0000
0.0000
0.0000
0.0000
0.0000
0.6629
0.0000
0.0000
0.0000
0.0000
0.0000
0.0000
0.0000
4.9181
0.0000
0.5969
0.0000
0.0000
0.0000
0.0000
0.0000
0.0000
0.0000
0.6443
0.9815
0.0000
0.0000
0.0000
0.0000
4.0343
0.0000
0.8754
0.0000
0.4972
0.0000
0.0000
0.0000
0.0000
0.0000
0.0000
2.8507
0.0000
0.0415
0.0000
0.0000
0.6077
0.0000
0.0000
0.0000
0.0000
0.0000
1.4968
2.4580
0.4785
1.3456
0.5380
0.0000
0.7443
0.0000
0.0000
0.0000
0.0000
0.0000
0.0000
0.3790
0.0000
0.0000
0.0000
0.6824
0.0000
0.0000
0.0000
0.0000
0.0000
0.0000
0.0000
0.0000
0.0000
0.0000
0.0000
3.3382
0.0000
0.0000
0.0000
0.0000
0.0000
2.0665
0.0000
0.0000
0.0000
0.0000
0.0000
0.0000
0.0000
0.0000
2.6831
0.0000
0.0000
0.0000
0.0000
0.9743
0.0000
1.1940
0.0000
0.0000
0.0000
1.9158
0.0000
0.0000
0.0000
0.0000
0.0000
0.0000
0.6850
0.0000
0.0000
0.0000
0.0000
0.0000
0.0000
0.0000
0.0000
0.9697
0.0000
0.0000
2.7376
3.3718
0.9925
0.0000
0.0000
0.0000
0.2626
0.4166
0.0000
0.0000
0.0000
0.0000
1.4920
1.3048
0.0000
0.0000
2.0405
0.8668
0.9869
0.1473
0.0000
0.0000
0.0000
0.0000
4.2545
0.0000
0.0000
0.0000
0.0000
0.0000
0.1034
1.5733
0.0000
0.5789
0.0000
0.6337
0.0000
0.0000
0.5369
0.0000
0.0000
0.0000
0.0000
2.4495
0.0000
0.0000
0.0000
0.3812
0.0000
0.0000
0.0000
0.0000
0.0000
0.0000
0.0000
0.0000
0.0000
0.0000
0.0000
0.0000
0.0000
0.0000
0.0000
0.5484
0.0000
3.6488
0.0000
0.0000
0.0000
0.0000
0.0000
1.0065
0.0000
0.0000
0.0000
1.0045
0.0000
0.2557
0.1009
0.0000
0.0000
0.0000
0.0000
2.2952
0.0000
0.0000
0.0000
0.0000
0.0000
0.0000
0.2272
0.0000
2.3089
0.0000
0.0000
0.0000
0.0000
0.0000
0.0000
1.0723
0.0000
0.1928
0.0000
0.0000
0.0000
0.0000
0.0000
0.0000
0.0000
0.0000
0.0000
0.9909
0.8066
0.0000
0.0000
3.6363
0.0000
0.0000
0.0000
0.0000
0.0000
0.0000
3.1183
0.0000
0.0000
0.0000
0.0000
0.0000
1.2271
1.8709
0.0000
0.0000
0.0000
0.0000
0.4328
0.0000
0.0000
0.0000
1.1537
0.0000
0.0000
0.0000
0.0000
0.0000
0.3421
0.0000
0.0000
0.0000
0.0000
0.0000
5.2999
0.0000
0.0000
3.9880
2.4430
0.0000
0.0000
0.0000
0.2704
0.0000
0.0000
0.0000
0.0000
0.0000
2.0418
4.1390
0.0000
0.0000
2.1800
0.0000
1.1911
0.0000
0.0000
2.6625
0.0000
0.0000
0.0000
0.0000
2.8866
0.0000
0.0000
0.0000
0.6250
0.0000
0.0000
0.9794
0.0000
0.0000
0.8983
0.0000
0.0000
0.0000
0.0000
1.5025
3.1474
0.0000
0.0000
0.0000
0.0000
0.0000
0.0000
0.0000
0.0000
0.0000
0.0000
0.0000
0.0000
0.0000
0.0000
0.0000
0.0000
0.0000
0.0000
0.0000
0.0000
0.0000
0.0000
0.0000
0.0000
0.0000
0.0000
0.0000
0.0000
0.0000
1.3899
0.4742
0.0000
0.0000
0.0000
1.4858
0.2884
0.0000
0.7198
0.0000
1.0207
1.2685
0.0000
0.0000
0.0000
4.1843
1.1624
0.0000
0.0000
0.0000
0.0000
0.0000
0.3519
0.0000
1.6967
0.0000
0.0000
0.0000
3.1262
0.0000
0.0331
0.0000
0.0000
0.0000
0.0000
2.6047
0.0000
0.0000
0.0000
0.0000
0.0000
0.0000
0.4475
0.0000
0.0000
0.0000
0.0000
0.1348
0.0000
0.0000
0.0000
0.0000
0.0000
0.0000
4.6549
0.0000
1.9054
0.0000
0.0000
1.5024
0.0000
0.0000
0.0000
2.2298
0.0000
0.0000
1.6206
0.0000
0.0000
0.0000
0.4151
0.0000
0.0000
0.7762
0.0000
0.0000
0.0000
0.2460
0.0000
0.0000
1.8649
0.0000
0.0000
0.0000
2.5297
0.1000
0.0000
0.0000
0.0000
0.0000
0.3475
0.0000
0.0000
1.0541
3.4799
0.0000
0.0000
0.0000
0.0000
4.8302
0.0000
1.7597
0.0000
0.2703
0.0000
0.0000
0.0000
0.0000
0.0000
0.0000
0.0000
0.0000
0.9239
0.2630
2.6901
0.0000
0.0000
2.0393
0.0000
0.0000
0.0000
0.0000
0.0000
2.0578
0.0000
0.0000
1.8677
0.0000
0.0000
0.0000
2.7111
0.3051
0.0000
0.0000
0.0000
0.0000
0.0000
0.0000
0.7503
0.0000
0.0000
0.0000
0.2106
0.0000
1.2609
0.0000
0.0000
0.0000
0.0000
0.0000
0.0000
0.0582
0.0000
0.0000
0.0000
0.0000
0.6970
1.0995
0.0000
0.0000
0.0000
0.0000
0.2064
1.8518
0.0000
0.0000
0.0000
0.3444
2.5944
0.0000
0.3324
0.0000
0.0000
0.0000
0.0000
0.1554
0.0000
0.0000
0.0000
0.0000
5.2775
0.0000
0.0000
0.0000
0.0000
0.3179
0.0000
0.9589
0.0000
0.0000
0.0000
2.3496
1.6835
2.3750
0.0000
0.0000
0.0000
0.0000
0.0000
0.0000
0.0000
0.0000
0.0000
0.0000
0.0000
0.0000
0.0000
0.0000
5.3547
0.0923
0.0000
0.0000
0.5128
0.0000
0.0000
0.0000
0.0000
0.1950
0.0000
0.0000
1.6795
0.0000
2.5871
0.0221
0.0000
0.0000
0.7097
2.7959
0.0000
0.0000
0.0000
0.0000
0.0000
0.0000
0.0000
0.0000
0.0000
0.0000
0.0000
0.0000
0.0000
0.0000
0.0000
0.0000
0.0000
0.0000
0.0000
0.0000
0.0000
1.4901
0.0000
2.2332
1.7771
0.6467
0.5929
0.0000
0.0000
2.0745
0.0000
0.0000
0.0000
0.0000
0.4409
0.0000
5.9244
1.4870
0.0000
6.3716
0.0000
0.3560
0.0000
0.0000
0.9314
0.5337
0.0000
0.0000
0.0000
0.0000
0.0000
0.0000
1.1990
1.6847
0.0000
0.0000
0.0000
0.0000
0.0000
0.0000
0.7621
0.0000
0.0000
0.0000
0.0000
0.0000
0.0000
