0.0000
0.0000
0.0000
0.0000
0.5805
0.0805
0.0000
0.9762
0.0000
1.6869
0.0000
0.0000
0.1537
0.0000
0.0000
0.0000
0.5676
0.0000
0.0000
0.0000
0.0000
0.0000
2.7476
0.0000
1.3950
2.4958
0.0000
1.3795
0.0000
0.0000
0.0000
0.0000
1.4869
0.0000
2.6555
0.0000
0.0000
0.9750
1.9098
0.4645
0.0000
0.0000
0.0000
0.0000
0.1489
0.3735
0.0000
0.0000
0.9685
0.0000
0.0000
0.0000
0.0000
0.3532
0.0000
0.0000
0.0000
0.0000
0.0000
0.0000
0.0000
2.6748
0.0000
0.0000
0.0000
0.0000
0.0000
0.0000
0.0000
0.0000
0.5964
3.2094
0.0000
0.0000
0.0000
0.2500
0.0000
0.0000
0.0000
0.0152
0.0000
0.0000
0.0000
0.0000
0.0000
0.0000
1.8604
0.9291
5.1976
0.0000
0.2623
0.0000
0.0000
1.1774
0.4831
0.0000
0.0000
0.0000
3.8001
0.0000
0.3498
0.0000
0.0000
0.0000
0.0000
0.0000
0.0000
0.0000
0.9702
4.2066
0.7338
0.0000
0.4246
1.3895
0.0000
0.0000
0.0000
0.0000
0.0000
0.0000
2.6965
0.6341
2.0215
1.0258
0.0478
0.0000
0.0000
0.0580
0.0000
0.5092
0.4393
0.0000
0.0000
0.0000
3.6751
0.0000
0.1447
2.5922
0.0000
3.0043
2.8368
0.0000
1.5517
1.7990
3.1697
0.0000
0.5889
0.7012
0.0000
0.0000
0.0000
1.4123
0.0000
0.0000
0.0000
0.0000
0.0000
1.1983
1.1802
0.0000
2.6804
0.0000
0.0000
0.0000
0.0000
0.9432
0.0000
0.1179
0.0000
0.3660
0.0000
0.0000
0.0000
0.0000
0.0000
0.0000
0.0000
0.0000
0.0000
6.3034
1.0242
3.4840
0.0000
0.0000
0.0000
0.0000
0.0000
0.0000
1.5240
2.1550
0.7269
0.0000
0.0000
1.4071
0.9299
0.0000
0.0000
0.6422
1.8798
3.0052
0.0000
0.0000
0.3320
0.0000
0.0000
0.1641
0.0000
0.0000
0.0000
0.0000
0.0000
0.0000
0.0000
0.0000
0.2268
0.0000
0.0000
0.0000
0.0000
0.0000
0.0000
0.0000
0.0000
0.0000
0.0000
0.0000
0.0000
1.0277
0.0000
0.0000
0.0000
0.7812
0.0000
0.0000
1.3462
0.0000
0.8329
0.0000
2.2455
0.0000
0.0000
0.0000
0.0000
0.0000
0.0000
0.0000
0.0000
0.0000
0.0000
0.0000
0.0000
0.0000
0.0000
0.6913
0.0000
1.0006
0.0000
0.0000
0.0000
0.0000
0.0000
0.7607
0.0000
0.1722
0.0000
0.0000
0.6211
0.0000
0.0000
0.0000
2.7964
0.0000
0.0000
2.9020
0.0000
0.0000
0.0000
1.4004
2.0056
0.0000
0.6513
0.3984
0.0000
0.0000
0.0000
0.0602
0.0000
0.0000
0.0000
0.0000
0.0000
0.0000
0.0000
0.0000
1.8793
0.0000
0.1774
0.4088
0.0000
2.7665
0.0000
0.0000
0.0000
1.2810
2.5156
0.0000
0.0000
0.0000
0.0000
0.0000
0.0000
1.0378
0.0000
0.0000
1.0306
0.0000
0.0000
0.0000
0.0000
0.3969
0.8996
2.4724
0.4111
0.2806
0.0000
2.2526
0.0000
0.0000
0.0000
1.5219
0.0000
0.0000
0.0000
0.1020
0.0000
0.1622
0.6916
0.0000
0.0000
1.3421
0.0000
0.0000
0.0000
0.0000
0.0000
5.5214
0.0000
0.0000
0.0000
0.0000
0.0000
4.3731
0.0000
0.0000
1.0835
4.7867
1.9613
0.0000
0.0000
0.0000
0.0000
0.0000
0.0000
0.0000
0.0000
0.0000
0.0000
0.0000
0.0000
0.0000
0.0000
1.1012
0.0000
0.0000
2.1010
0.0000
0.0000
2.6969
0.0000
0.0000
3.5618
0.0000
0.0000
0.0000
0.0000
0.0000
1.9341
0.0000
0.0000
0.3654
2.9800
0.0000
0.0000
0.0000
0.0000
0.1044
0.0000
0.0000
0.0000
0.0000
0.0000
1.1464
0.0000
0.0000
0.0000
1.3926
0.0000
0.0000
3.6087
0.0000
0.0000
0.0000
0.0000
4.6146
0.0000
0.0000
0.0000
0.0000
0.0000
0.0000
0.0695
0.0000
0.9256
0.0000
0.0000
0.0000
0.8431
0.0000
0.0000
0.0000
0.0000
0.0000
0.0000
0.0000
0.0000
0.0000
0.0000
0.0000
1.1953
0.0000
3.7831
0.2772
0.2780
0.0000
2.4237
0.0000
0.0000
0.0000
1.8981
1.2396
0.0000
0.0000
0.0000
0.0000
0.0000
1.0834
0.0000
1.7475
0.0000
0.0000
0.4397
0.0000
0.0000
0.0000
1.4304
0.0000
0.0000
0.0000
0.0000
0.0000
0.0000
0.0433
0.0057
0.0000
0.0000
0.0000
0.4692
0.0000
0.0000
0.0000
0.0000
0.0000
0.0000
1.4189
0.0000
0.2520
0.0000
1.2432
0.0000
3.3724
0.0000
0.0000
0.0000
0.0000
0.0000
1.5869
0.0000
0.0000
0.0000
0.0000
0.0000
0.0000
1.2631
0.0000
0.3903
0.0000
0.0000
0.0000
0.0000
1.6294
2.7641
0.3528
0.0000
0.0000
0.0291
1.3794
0.0000
0.0000
4.1484
0.0000
2.2586
2.9047
0.0000
0.0000
0.0000
0.0000
1.2550
0.0000
0.0000
0.0000
1.4543
0.0000
1.4724
0.0000
0.3738
1.0667
0.0000
0.5312
1.8409
0.0000
0.0000
0.0000
0.0000
0.0000
0.4228
0.0000
0.0000
0.1175
0.0000
0.0000
0.0000
1.2840
0.0000
0.0000
0.0000
0.0000
0.0000
0.0000
0.8968
0.0000
0.0840
0.0000
0.0000
0.2499
0.0000
1.2850
0.0000
0.0000
0.0000
0.0000
0.0000
0.0000
0.0000
0.0000
0.0000
0.0000
0.0000
0.0000
0.0000
0.0000
0.0000
0.0000
0.0000
0.0000
0.0000
0.0000
0.1050
2.9716
1.0824
0.0000
0.0427
0.0000
0.0000
0.0000
0.0000
0.0000
0.0000
0.0000
4.7607
0.0000
0.0000
1.4380
0.0000
0.0000
0.0000
0.0000
0.0000
0.0000
0.0000
0.3618
0.7938
0.0000
0.0000
2.1784
0.0000
0.3757
1.7296
0.0000
0.3303
0.0000
2.5434
0.0000
0.0576
0.0000
0.0000
0.1882
0.0000
0.0000
0.0000
0.0000
0.0000
0.0000
0.0000
1.1260
2.0446
1.0776
0.0000
0.1674
0.0000
0.0000
0.0000
0.0000
0.0000
0.0000
0.0000
0.0000
0.0000
0.0000
1.4593
0.0000
0.0000
0.0000
1.8423
0.0000
0.0000
0.0000
0.0000
0.0000
0.0000
0.0000
0.0000
2.0267
1.5683
0.0000
0.0000
0.0000
0.3852
0.0000
0.0000
0.0000
0.4330
0.0000
0.0000
0.0000
0.0000
1.5436
0.9288
0.0000
0.0000
0.0000
0.0000
0.4727
0.0000
0.0000
0.0000
2.1908
0.0000
0.0000
0.0000
1.5021
0.0000
0.0000
2.5029
0.0000
0.8410
0.0000
0.0000
0.0000
0.0000
0.0000
1.3207
0.0000
0.9395
0.3314
0.0000
0.0681
0.0000
0.0000
0.0535
0.0000
0.0000
5.7455
0.0000
0.5681
0.0000
0.0000
0.0000
0.0000
0.0000
0.0000
0.0000
0.0000
3.0089
0.0276
0.0000
0.0000
0.0000
0.0000
0.4993
1.0432
0.0000
0.0000
0.3975
2.7297
0.0000
0.0000
0.0000
0.0000
0.5212
3.5326
0.0000
0.0000
0.0000
1.6869
0.0000
0.0000
0.5725
0.0000
1.5813
0.0000
0.0000
0.0000
0.0000
0.0000
0.0000
0.0000
0.0000
0.0000
0.0000
0.0000
0.7591
0.0000
0.0559
0.0000
0.0000
0.6334
0.0000
0.0000
0.0000
0.0000
0.0000
0.0000
0.0000
0.0000
0.0000
0.0000
0.0000
0.0000
1.0619
1.8998
0.0000
0.0000
0.0000
0.0000
0.0000
0.0000
1.2918
0.5458
0.0000
0.0000
0.0000
0.0000
0.4595
0.5657
0.0000
0.0000
0.0000
0.0000
0.0000
0.0000
0.0000
0.0000
4.1063
0.0000
0.0000
0.0000
0.0000
0.0000
0.0000
0.0000
0.0000
0.0000
0.0000
0.9278
0.0000
0.0000
0.0000
0.0000
0.0000
0.7866
1.5997
0.0000
0.0000
0.0000
0.5167
0.0000
0.0000
0.0000
0.0000
0.0000
0.0000
0.0000
0.0000
0.0000
0.0000
0.0000
0.0000
0.4080
0.0000
0.0000
0.0000
0.0000
0.0000
0.0491
0.0000
0.0000
0.0000
0.0000
0.2694
0.0000
0.0000
0.0000
0.0000
0.3638
0.0000
0.0000
0.0000
0.0000
0.0000
0.0000
1.1051
0.0000
0.0000
4.1050
0.0000
0.7298
0.0407
0.0000
0.0000
0.0000
0.0000
0.0000
1.9544
0.0000
0.0000
0.3605
0.0000
1.1172
0.8393
0.0000
0.0000
0.0000
0.0000
0.0000
0.0000
0.0000
1.0759
0.0000
0.0000
0.0000
1.4465
0.0000
0.7289
0.0000
0.0000
0.0000
0.0000
1.3376
0.0000
0.0000
0.0000
0.0000
0.0000
0.0000
0.0000
0.0000
0.0000
0.0000
0.0000
0.7055
0.0000
0.0000
3.8195
0.0000
0.0000
0.4375
0.0000
0.0000
0.0000
0.0000
0.0000
0.0000
2.0994
0.0000
0.0000
0.5269
2.5559
0.0000
0.0000
0.0000
0.0000
0.0000
0.0000
0.5346
0.0000
0.5233
0.0000
0.0000
0.0000
0.0000
0.0000
0.0000
0.0000
0.0000
0.3797
1.2799
0.0000
0.0000
0.0000
6.1680
0.2232
0.1399
0.0000
0.0000
0.0000
0.0000
2.3501
0.0000
0.0000
0.0000
0.0000
0.0000
0.0000
0.0573
0.0000
0.0000
0.0000
2.0414
2.2234
0.0000
0.0000
0.0000
0.0000
0.0000
0.0000
0.0000
0.0000
0.0000
0.0000
0.0000
0.0000
0.0000
0.0000
1.5702
2.0204
0.2282
1.1386
0.0000
0.0000
0.0000
0.0000
0.0000
0.0000
0.0000
0.0000
0.0000
0.0000
0.0000
0.1342
3.9104
2.2110
0.0000
0.0000
0.0000
0.0000
0.8144
0.0000
0.0000
0.0000
5.3341
0.0000
1.1521
0.0000
3.4607
0.0000
0.0000
0.3454
2.3870
0.0000
3.2872
0.0000
0.7965
0.0000
0.0000
0.0000
0.0000
0.7353
0.0000
0.0000
0.2631
0.3020
0.0000
0.0000
0.0000
2.6819
0.0000
0.0000
0.0000
0.8236
0.0000
0.0000
2.7437
0.0000
0.0000
0.0000
0.0000
1.6657
0.0000
0.3897
0.0000
1.2985
0.0000
0.0000
0.0000
0.0000
0.0000
0.0000
0.0000
0.0000
0.0000
4.2445
0.2728
0.6802
0.0000
1.8661
0.9995
0.5360
0.1071
0.0000
0.0000
0.9203
0.0000
0.0000
0.2020
0.0000
0.0000
0.5691
0.0000
0.0000
0.0000
0.0000
0.0000
0.0000
0.0000
0.0000
0.8002
0.0000
1.1618
0.0000
0.0000
0.0000
1.6578
0.0000
0.0000
1.0750
0.0000
0.0000
0.0000
0.0000
0.0000
0.0000
0.0000
0.0000
1.2088
0.8269
0.0000
0.0000
0.0000
0.0000
0.0000
0.0000
0.0000
0.3111
0.0000
0.0000
0.0000
0.5156
0.0000
0.0000
0.6962
0.0000
0.0000
0.0000
0.0000
0.3404
0.0000
0.4554
0.0000
0.0000
0.0000
0.0000
0.0000
0.0000
0.0000
0.0000
0.0000
0.0000
0.0000
0.0000
0.0000
0.3246
0.0000
0.0000
0.0000
0.9663
1.5896
2.8532
0.0000
0.0000
0.0000
0.0000
0.0000
0.0000
0.1631
0.0000
0.1947
0.0000
0.0000
0.0000
0.6317
0.0000
0.0000
0.0000
0.0000
0.0000
0.0000
1.4584
0.7816
0.0000
0.0000
4.1323
0.0000
0.0000
0.2847
2.1692
2.7851
0.0000
0.0000
0.0000
0.0000
0.0000
1.5625
0.0000
0.0000
0.0000
0.0000
0.0000
0.0000
1.3810
0.0000
1.9793
0.0000
0.0000
0.0000
1.4878
0.0000
0.0000
0.0000
0.0000
0.0000
3.2852
1.3319
0.0000
0.0000
0.0000
0.0000
0.3276
0.0000
0.0000
0.0000
1.5230
0.0000
0.1321
0.0000
0.9577
0.0000
0.0000
0.0000
0.0000
0.0000
0.0000
0.0000
0.0000
5.0610
0.0000
0.0000
0.0000
0.7504
0.0000
0.0000
0.0000
0.0000
0.0000
0.0000
0.0000
0.0000
2.2779
0.0000
0.0000
0.0000
0.0000
0.0000
0.0000
0.0000
0.5784
0.0000
0.0000
0.0000
2.0391
0.0000
0.0000
0.0000
3.3796
0.0000
0.0000
0.0000
0.0000
2.7899
0.0000
0.0000
0.0000
0.0000
0.0000
0.0000
0.0000
0.0000
0.0000
0.0000
0.0000
0.0000
0.0000
1.0293
3.9110
0.0000
0.0000
0.0000
0.0000
0.0000
2.3713
0.0442
0.0000
0.0000
1.4578
0.0000
0.0000
0.0000
1.7937
0.0000
0.0000
0.0000
0.0000
1.4081
0.2222
0.0000
0.0000
0.8849
0.0000
0.0000
0.0000
0.0000
0.0679
0.0000
2.6622
0.0000
0.0000
2.0332
0.0000
0.0000
0.0000
0.0000
0.0000
0.0000
0.0000
0.0000
0.0000
0.0000
0.0000
0.0000
0.0000
1.2272
0.3061
0.0000
0.0000
0.0000
0.1875
0.0000
0.0000
0.0000
0.0000
0.0000
0.0000
0.0000
0.0000
1.3938
0.1986
0.0000
0.0000
0.0000
0.0000
0.0000
0.0000
0.0000
0.0000
0.0000
0.0000
0.0000
0.0000
0.0000
0.0000
0.0000
0.0000
0.0000
0.0000
0.0000
0.0000
0.0000
0.0000
0.0000
0.0000
0.8357
0.0000
0.0000
0.8070
0.0000
0.0000
0.0000
0.0000
0.0000
0.8029
2.9837
0.0000
0.0630
0.0000
0.0000
0.0000
0.0000
0.0000
0.3812
0.0000
0.0000
0.0000
0.0000
0.0000
0.0000
2.3972
0.0000
0.0000
0.0000
0.0000
0.0000
4.0339
0.0000
2.0965
0.0000
0.0000
1.3182
0.2498
2.4579
2.5906
4.0150
0.0000
0.6663
0.0000
0.0000
0.0000
0.0000
0.0000
2.2039
0.0000
0.0000
0.0000
0.0000
0.0000
0.0000
0.0000
0.0000
0.0000
0.5316
1.0883
0.5901
0.0000
0.4587
0.0000
0.0000
0.0000
0.5099
0.0000
3.9951
0.0000
0.0000
1.0337
0.5392
0.0000
1.0718
0.0000
0.0000
0.0000
0.0000
0.0000
0.0000
0.0000
0.0000
0.0000
0.0000
0.0000
0.0000
0.0000
2.2290
0.0000
3.9920
0.0000
0.1391
0.0000
0.0000
0.0000
0.0000
0.0000
0.0000
0.0000
0.0000
0.0000
0.0000
2.2017
1.4378
0.0000
0.0000
0.0000
0.3486
0.0000
0.0000
0.0000
0.0000
0.0000
0.0000
0.3516
0.0000
2.3053
0.0000
0.2998
0.0000
0.0000
0.0000
0.0000
0.0000
0.0000
3.3193
4.7378
1.6130
0.0000
2.1224
0.0000
0.0000
0.0000
0.0000
0.0000
0.0000
0.0000
0.0000
0.0000
0.0000
0.0000
0.0000
0.4632
2.4858
0.0000
0.8391
0.0000
0.0000
0.0000
0.0000
0.0000
0.0000
2.7748
0.0000
0.0000
0.0000
0.5014
0.0000
1.5413
2.9924
1.9368
2.5581
0.8994
0.0000
0.0000
0.0000
0.0000
0.0000
0.0000
0.0000
0.0000
0.0000
0.0000
0.0000
0.0000
0.0000
0.0000
0.0000
0.2906
1.2256
0.0000
0.0000
0.0000
0.0000
0.0000
0.0000
0.0000
0.0000
0.0000
0.0000
0.0000
3.6991
0.0000
0.0000
0.0000
0.0000
0.4529
0.0000
0.0000
0.0000
0.6601
2.1624
0.0000
2.2136
0.0000
0.0000
0.0000
0.8033
0.5562
1.3719
0.0000
0.0000
0.0000
0.0000
0.0000
4.0582
0.0000
0.0000
0.0000
0.0000
0.0000
0.0000
0.0000
0.0000
0.0000
0.0000
0.4494
0.0000
0.0000
0.0000
0.0000
0.3719
1.4557
0.0000
2.2979
0.0000
0.0000
0.0000
0.0000
2.6702
0.0000
0.0000
1.0545
1.9230
0.0000
3.2121
0.0000
0.0000
0.0926
0.0000
0.0000
0.0000
0.0000
0.0000
0.0000
1.9872
0.0000
1.1709
0.0306
2.9239
2.3161
0.0645
4.1346
0.0000
0.0000
0.0000
0.0000
1.5970
0.0000
0.0000
0.0000
2.0305
2.3315
0.0000
0.4030
0.0000
0.0000
0.0000
0.0000
0.0000
0.0000
0.0000
0.0000
0.0000
0.0000
0.0000
1.4488
0.0000
1.9069
0.0000
1.1960
0.0000
0.0000
0.0000
1.3014
0.6250
0.0000
0.0000
2.7398
2.0351
2.2708
0.0000
0.0000
0.0000
1.1220
0.0000
1.2015
1.7656
0.0000
0.0000
0.0000
0.0000
0.0000
0.0000
0.7337
0.0000
1.9242
0.0000
0.0000
0.0000
0.0000
0.1579
0.0000
0.0000
0.0000
0.0000
0.0000
0.0000
0.5377
0.0000
0.0000
0.0000
0.0000
0.0000
0.0000
0.0000
0.0000
0.0000
0.0000
0.0000
0.0000
0.1709
0.0000
0.7078
0.0000
1.0868
0.0000
0.0000
0.0000
3.9062
0.0000
0.0000
0.0000
0.0000
0.0000
1.1061
1.5638
2.1482
0.0000
0.9143
0.0000
1.3632
0.0000
1.5421
0.1869
0.0000
1.0715
0.0000
0.0000
0.0000
0.0000
0.0000
0.0000
0.0000
2.3432
2.5099
0.0000
2.3243
0.0000
0.0000
0.0000
0.0000
0.0000
0.0000
0.0000
1.9649
0.0000
2.8002
3.9274
0.0000
0.0000
0.0000
1.8769
0.0000
0.5507
2.2199
0.3698
0.0000
0.6628
0.3903
0.4616
1.1130
0.0036
4.2436
0.7816
0.0000
2.2698
0.0000
0.0000
0.2286
0.0000
0.0000
0.2162
2.2822
1.9369
0.0000
0.0000
4.6139
0.0000
1.9978
0.0000
0.0000
0.0000
0.0000
0.0000
0.0000
0.0540
0.5582
0.0000
1.7804
0.3091
0.0000
3.2815
0.0000
0.0000
0.0000
1.1170
0.0000
0.0000
0.0000
2.0777
0.8950
0.0000
0.4243
0.2187
0.0000
0.0000
3.7728
0.0000
0.0000
1.1390
0.0000
1.0641
0.0000
0.0000
0.0000
0.0000
0.0000
0.0000
0.0000
0.0000
1.4291
0.0000
0.0000
0.0000
0.0000
3.4204
0.0000
4.6675
1.6274
1.6456
0.4159
0.0000
0.0000
0.0000
0.0000
0.0000
1.5409
0.0000
0.0000
0.0000
0.0000
0.0000
0.0000
0.4212
0.0000
0.9636
0.0000
0.0000
0.0000
0.0000
0.4756
0.2207
0.0000
0.0000
0.9185
0.0000
0.0000
0.0000
0.0000
1.3304
0.0000
0.0000
0.0000
0.0000
0.0000
0.0000
0.0000
0.0000
0.0000
0.0000
0.0000
0.0000
1.3593
0.0000
0.0000
0.0000
0.0000
0.0000
0.0000
1.0796
0.0000
2.4294
0.0000
0.0000
0.0000
0.0000
0.0000
0.0000
0.0000
0.0000
0.0000
0.0000
1.2108
0.0000
0.0000
0.0000
1.9344
0.0000
0.0000
0.0000
0.0000
0.0000
0.0000
0.4058
1.8652
0.0000
0.0000
0.0000
1.1879
0.0000
0.4093
0.0000
0.0000
0.0000
0.7982
0.0000
0.0000
0.3354
0.0000
0.8501
2.6852
0.0000
1.4229
4.1854
0.0000
0.0000
0.0000
3.6174
0.0000
1.0527
0.0000
0.0000
0.0000
0.0000
0.0000
0.0000
0.0000
1.3402
0.0000
1.3218
0.1489
0.0000
0.0000
0.0000
0.0000
0.0000
0.0000
0.0000
2.2325
0.0000
0.0000
0.0000
4.3693
1.7308
0.0000
0.0327
0.0000
0.0000
1.4443
0.0000
0.0000
4.2700
0.0000
0.0000
4.2325
1.8816
0.0000
0.0000
1.8390
0.0000
0.4811
0.0000
0.0000
1.2453
0.0000
0.0000
0.0000
0.0000
0.0000
0.0000
0.0000
0.0000
0.0000
0.0000
0.5076
0.0000
0.4511
0.0000
0.2170
0.0000
0.0000
0.3305
0.0000
0.0000
0.0000
2.4217
2.3062
0.0000
0.0000
0.0000
0.0000
0.0000
1.5477
1.8170
0.0000
0.0000
0.0000
0.0000
2.8859
1.3999
1.9866
0.0000
0.0000
0.0000
0.0000
3.0221
0.0000
0.0000
0.0000
0.0000
0.0000
0.0000
0.0000
0.0000
0.0000
0.0000
0.0000
0.0000
0.0000
0.0000
0.0000
0.0017
2.0647
0.0000
1.5813
0.0000
0.0000
0.0000
0.0000
0.0000
3.1619
0.0000
0.0000
1.3921
1.4473
0.0000
0.0643
0.0000
1.3079
0.0000
0.0000
0.0000
0.0000
0.0000
0.0000
0.0000
0.0000
0.0000
0.0000
4.7425
0.0000
1.1006
0.0000
0.0000
0.0000
0.0000
0.0000
2.2555
0.0000
0.0000
0.0000
0.0000
0.0000
0.0000
0.0000
0.0000
0.0000
0.0000
0.0000
0.0000
0.3685
0.0000
0.0000
0.0000
0.0000
2.1089
0.0000
0.0000
0.0000
0.0000
0.0508
0.0000
0.8817
0.0000
0.0000
0.0000
4.6547
0.0000
0.2195
0.7738
0.3663
0.0000
0.0000
0.0000
0.0000
0.0000
1.2363
0.0000
0.0913
0.0000
1.4073
0.0000
3.6042
0.0000
1.6345
0.0000
0.0000
0.0000
2.1332
0.0000
0.0000
4.1346
0.0000
0.5050
0.0000
0.0000
0.0000
0.0000
1.5862
0.0000
0.0000
0.0000
0.0000
0.0000
0.0000
0.0000
0.0000
0.0000
0.0000
0.0000
0.0000
0.0000
0.0000
0.0000
3.6213
1.6258
0.5880
0.0000
0.0000
1.5368
0.0000
0.0000
0.0000
0.0000
0.5346
4.4938
1.5742
0.0000
0.0000
0.0000
0.2066
0.0000
0.0000
0.0000
0.0000
0.0000
0.0000
0.0000
0.8565
0.0000
0.6164
0.0000
0.0000
1.5308
0.0000
0.0000
0.0000
0.0000
0.0000
0.1806
0.0000
0.0000
0.0000
0.0000
1.2581
0.0000
0.0000
0.6662
0.8236
0.0000
0.0000
0.0000
0.0000
0.0000
1.6732
0.0000
0.0000
0.0000
0.0000
0.0000
0.0000
0.0000
0.0000
0.0000
0.0000
0.0000
1.8669
0.4493
0.0000
0.0000
0.0000
2.1164
0.0000
0.0000
0.0000
0.8313
0.0000
0.0000
1.4480
0.0000
0.0000
0.0000
1.6945
2.2410
0.0000
0.0776
0.0000
0.0000
1.1788
0.0000
0.0000
0.0000
0.0000
0.0000
0.7200
0.5773
0.0000
1.9142
0.0000
0.0000
1.3016
0.0000
0.0000
0.0000
0.0000
0.3537
0.0000
0.0000
0.0000
0.0000
0.0000
0.0000
0.0000
0.8272
0.0000
0.0000
0.0000
0.0000
0.0000
0.0000
0.0000
0.0000
0.0000
0.4841
0.0000
0.0000
0.1023
0.0000
0.0000
0.0000
0.0000
2.5654
0.1475
0.0000
0.0000
0.0000
0.0000
0.2254
0.0000
0.0000
0.0000
0.0000
0.0000
0.0000
1.8151
0.0000
0.0000
0.0000
1.9280
0.0000
0.0000
0.4874
0.2317
0.0000
0.0052
0.0000
0.2750
0.0000
0.0000
0.0000
0.0000
1.2527
0.0000
0.0000
0.0000
1.8256
0.0000
0.0000
0.0000
0.0000
0.0000
0.0000
0.0000
0.7237
2.4979
0.0000
0.0000
0.0000
0.0000
2.4359
4.5638
0.0000
0.0000
0.6778
0.0000
0.0000
0.0000
0.0000
0.0000
0.0000
0.0000
0.0000
0.0000
0.0000
0.0000
0.0000
0.0000
0.0000
0.0000
0.0000
0.0000
0.0000
0.0000
0.0000
0.0402
0.6817
0.0000
1.9858
0.0000
0.0000
0.0000
0.0000
0.0000
1.5230
0.0000
0.0000
0.0000
1.4789
0.0000
0.0000
0.0000
1.1363
0.0000
0.0000
1.5009
0.0000
0.0000
0.0000
0.0000
0.0000
1.3344
1.3293
0.4721
2.0530
0.0000
0.8640
0.0000
0.2612
0.0000
0.0000
0.0000
0.0000
0.0000
0.0000
0.0000
3.7596
0.2189
0.6124
0.0000
0.0000
0.0000
0.0000
0.0000
0.0000
0.0000
0.0000
1.5758
0.0000
0.0000
0.0000
0.0000
0.0000
0.0000
0.0000
2.3046
0.0000
0.0000
0.7110
0.0000
0.0000
0.0000
0.0000
0.0000
0.0000
0.0000
0.0000
0.0000
0.9528
0.0000
0.0000
1.2123
1.8859
0.0000
0.0000
0.0000
0.0000
0.0000
0.4689
0.0000
1.7168
0.0000
0.0000
0.0000
0.0000
0.0000
0.0000
1.3121
0.0000
2.5852
0.0000
0.0000
0.0000
1.9546
1.7059
0.0000
0.0965
2.2382
1.4635
0.0000
0.0000
0.0000
0.0000
1.1315
0.0000
0.0000
3.7471
0.8885
0.0000
0.0000
0.0000
2.6028
0.1483
0.0000
0.0000
0.1502
0.0000
0.0000
0.0000
0.0000
0.0000
0.0000
0.0000
0.0000
0.0000
0.0000
0.0000
0.0000
0.0000
0.0000
1.9180
0.0000
0.0000
0.0000
0.0000
0.4990
0.0000
0.0000
0.0000
0.0000
1.5381
0.0000
0.0000
0.0000
1.0130
0.0000
0.6924
0.0000
0.0000
0.3716
0.0000
0.2932
1.5416
2.3340
0.0000
0.0000
0.0000
0.0000
0.0000
0.0000
0.0000
0.0000
0.0000
0.0000
0.0000
0.0000
0.0000
0.0000
0.8592
0.0000
1.8315
0.0000
0.0000
1.2575
0.0000
0.0000
0.0000
0.0000
0.0000
1.4256
0.0000
0.0000
0.0000
0.0000
0.0000
0.0000
0.0000
0.0000
0.0000
0.0000
0.0000
3.0027
0.0000
0.0000
1.0603
0.0000
0.0000
0.0000
0.0000
1.1943
0.0000
0.0000
0.0000
0.0000
0.0000
0.0000
0.0000
0.0000
0.6856
3.0109
0.0000
0.0000
1.3858
0.0000
1.7306
0.0000
0.0000
1.2495
0.0000
0.0000
0.0000
0.8269
1.9751
1.6624
0.0000
5.5449
1.4371
0.0000
0.0000
0.0000
3.2648
0.0000
2.4077
0.5979
0.0000
0.0000
0.0000
0.0000
0.9491
0.0000
0.0000
1.6154
0.0000
0.0000
0.0000
1.5904
0.3637
0.0000
0.0000
3.3356
0.5917
0.0000
0.0000
0.0000
0.7850
1.0831
0.0000
0.0000
0.0000
0.0000
0.0000
0.0000
1.9666
3.0007
2.9715
0.0000
0.0000
2.1378
1.6291
0.0000
0.0000
0.0000
0.0000
0.3635
2.1056
0.0000
0.0000
3.1851
0.0000
0.0000
0.0000
0.0000
0.0000
0.0000
0.8829
2.0466
0.0000
0.0000
0.0000
1.8738
0.0000
1.2290
0.9592
0.0000
0.0000
1.8287
0.0000
2.3174
0.0000
0.0000
3.1537
0.0000
0.0000
0.0000
0.0000
0.0000
1.2879
0.0000
0.0000
0.0000
0.0000
0.0000
0.4443
0.0000
0.0000
0.0000
2.2969
0.0722
0.0000
0.0000
0.0000
0.0000
0.0000
0.4326
0.0000
0.0000
0.0000
0.6345
0.0000
0.0000
0.0000
0.0000
0.0000
0.0000
0.3631
0.0000
0.0000
0.5223
0.0000
0.0000
0.0000
0.9288
0.0000
1.1067
0.1589
1.4180
0.0000
1.2061
0.0000
0.0000
0.4111
0.0000
0.0000
0.0000
0.0000
0.0000
0.0000
3.9019
0.0000
0.0000
0.8443
0.0000
0.0000
0.0000
0.5219
0.0000
0.0000
0.0000
0.0000
0.0000
0.1813
0.6743
0.0000
0.0000
2.4521
0.0000
0.8749
2.0401
0.0000
0.0000
0.0000
0.0000
0.0000
0.0000
1.8049
0.0000
0.9354
0.7063
0.0000
1.6730
0.0000
0.8085
0.0000
0.0000
0.0000
0.0000
2.1703
0.0000
0.0000
0.0000
0.8177
0.0000
0.0000
0.0000
0.0000
0.0000
0.0000
0.0000
0.0000
0.0000
0.6572
0.0000
0.0000
1.0563
0.0000
0.0000
0.0000
0.0000
0.0000
0.0000
0.0000
0.0000
1.6524
0.0000
1.8458
0.0000
0.0000
0.0000
0.0000
0.0000
0.1138
0.0000
0.0000
0.0000
0.0000
0.0000
0.0000
1.8196
2.9003
0.0000
0.0000
0.0000
1.2559
2.9542
0.0000
0.0000
0.0000
0.0000
0.0000
0.0000
0.0000
0.0000
0.0000
0.0000
0.0000
0.5306
0.0000
1.1299
0.0000
0.0000
2.4636
0.0000
0.0000
0.3036
0.0000
0.0000
0.0000
0.0000
5.8509
2.5136
0.0000
0.0000
1.6162
0.0000
0.0000
0.0000
2.2496
0.0000
0.0000
3.3398
3.9751
0.0000
0.0000
0.0000
0.0000
0.0000
0.0000
0.0000
1.1899
0.0000
0.0000
4.0845
0.7093
0.9885
0.0000
0.0000
0.0000
0.0000
0.0000
0.0000
0.0000
0.0000
2.6584
0.0000
0.0000
0.2500
0.0000
1.3933
0.0000
0.0000
0.0000
0.0000
0.0000
0.0000
0.0000
0.0000
2.9756
2.6654
0.4745
0.1180
0.0000
0.0000
0.0000
1.1798
3.2241
0.0000
0.0000
0.0000
0.0000
0.0000
0.0000
0.0000
0.0000
0.0000
0.0000
0.0000
0.0000
0.0000
0.0000
0.0000
0.0000
0.7303
0.0000
3.4195
0.0000
0.0000
0.4040
0.0000
0.0000
0.0000
0.0000
0.0000
0.0000
0.1832
3.6293
0.9545
0.0000
0.0000
1.0942
0.0000
0.0000
0.0000
0.0000
0.0000
2.3313
0.0000
0.0000
1.2634
0.0000
0.0000
0.0827
0.0000
0.0000
0.0000
0.0000
0.0000
0.0000
0.0000
0.0000
0.0000
0.6013
0.0000
0.0000
1.2470
0.0000
1.1705
0.0000
1.3658
1.4416
0.0000
2.0124
0.0000
0.0000
1.9659
2.3824
0.0000
0.4932
0.0572
0.0000
0.6362
0.0000
0.0000
0.0000
0.0000
0.0000
0.0000
0.0000
0.0000
1.6926
0.0000
1.3871
0.0000
3.2711
0.4208
0.0000
1.2091
3.3077
1.6110
0.0000
0.0000
0.0000
0.0000
1.1582
2.1787
0.0000
0.0601
0.0000
0.0000
3.7867
0.0000
0.0000
0.1125
0.0000
0.0000
4.6226
0.0000
1.4004
0.0000
1.1037
0.0000
0.0000
2.0435
0.0000
0.0000
0.0000
0.0000
0.0000
1.8479
0.0000
0.6454
0.0000
0.0000
0.1495
0.0000
0.0000
0.0000
0.0000
0.9358
0.0000
0.0000
0.0000
0.0000
0.0000
1.3034
0.0000
0.0000
0.0000
0.2975
0.0000
0.0000
1.0326
1.1099
0.0000
0.0000
0.0000
0.0000
0.0000
0.0000
0.0000
4.8188
0.0000
0.0000
1.0502
0.0000
0.0000
0.0000
1.9670
0.0000
0.0000
0.0000
2.6748
0.0000
0.0000
1.9814
0.0000
0.0000
0.4177
0.0000
0.0000
0.0000
0.0000
0.0000
0.0000
0.0000
0.0000
0.0000
0.0000
0.0000
0.0000
0.0000
0.0000
0.0000
0.0000
0.4785
0.0000
1.1079
0.0000
0.0000
0.0000
0.0000
0.2599
0.0000
0.0000
0.0000
1.9472
1.2186
0.1279
0.0000
6.5460
0.0000
0.9198
0.3487
2.3562
0.0000
0.0000
0.0000
0.0000
0.0000
0.0000
0.0000
0.0000
0.0000
0.0000
0.0000
0.0000
0.0000
0.0000
0.0000
0.0000
0.2245
0.0000
0.0000
0.0000
0.0000
0.0000
2.2507
0.0000
0.0000
0.0000
3.0748
0.0000
0.0000
0.0000
0.0000
0.0000
0.0000
0.0000
0.0000
0.0000
0.0000
0.0000
0.0000
0.0000
0.0000
0.0000
0.0000
0.0000
0.0000
0.0000
0.0000
0.0000
0.0000
0.0000
0.8128
0.0000
0.6320
0.0000
0.0000
0.1454
0.0000
0.0000
0.0000
0.0000
0.0000
0.8598
0.0000
0.0000
0.0000
0.8130
1.3219
0.0000
0.0000
0.0000
0.6854
0.0000
0.0000
0.0000
0.0000
3.5348
0.0000
0.5146
0.0000
0.0000
0.0000
1.2435
0.6264
0.0000
0.0000
0.0000
1.1941
0.0000
3.5049
0.0000
1.3405
0.0000
0.0000
0.0000
0.0000
0.0000
0.0000
2.5090
1.0809
0.0000
0.0000
0.0000
0.0000
0.0000
0.0000
0.0000
0.0000
0.0000
0.0000
0.0000
0.0000
0.0000
0.0000
0.0000
0.0000
0.0000
0.0000
0.0000
0.0000
0.0000
0.0000
0.0000
0.0000
0.0000
1.8814
0.0000
2.7748
0.0000
0.3570
0.0000
0.0000
0.0000
3.1478
0.4904
0.0000
0.0000
0.0000
0.0000
0.5897
0.0000
0.0000
0.0000
0.0000
2.1729
0.0000
0.0000
0.0000
0.0000
0.0000
0.0000
0.0000
0.0000
0.0000
0.0000
3.6575
0.0000
0.0371
0.0000
0.0000
0.0000
0.3715
3.6118
0.0000
0.0000
0.0000
0.0000
0.0000
0.0000
0.5752
0.0000
0.0000
0.0000
0.0000
4.0511
0.0000
0.0000
0.0000
0.0000
0.1620
0.0000
0.0000
0.0000
0.0000
0.0000
0.0000
0.0000
0.1162
0.8950
0.0000
0.0800
1.3704
0.0000
0.0000
3.9869
0.0000
0.0000
0.0000
0.0000
0.0000
0.0000
0.0000
0.5367
0.0000
0.0000
1.9590
0.0000
0.0000
0.0000
0.0000
0.0000
0.0000
1.1493
0.0000
0.0000
1.5766
0.0000
0.1608
2.8725
0.9725
0.0000
0.0000
0.0000
0.7062
3.0761
0.0000
0.0000
0.0000
2.9995
2.5679
0.0000
0.0000
0.0079
0.0000
1.1371
0.0000
0.0000
0.9857
0.0623
1.6064
0.0000
0.5652
0.0000
0.4360
0.0000
0.0000
0.0000
0.7466
1.0024
0.0000
0.0000
1.9326
0.0000
0.0000
0.0000
0.1165
0.0000
0.0000
0.0000
0.0000
1.4331
0.0000
0.8043
3.6417
0.0000
0.0000
0.0000
0.0000
0.0638
3.3928
0.0000
0.0000
0.0000
0.0000
0.0000
0.9884
4.9977
0.0000
0.0000
0.0000
0.0000
0.0000
0.2972
0.8575
0.9397
0.1585
0.0000
0.0000
0.0000
0.0000
0.0000
1.7042
0.0000
1.7049
0.0000
0.0000
3.7018
0.9968
0.0000
0.0000
0.0000
0.0000
0.0000
2.2687
0.0000
0.0000
1.7978
0.0000
0.0000
0.0000
0.0000
0.1469
0.1044
0.0000
0.5575
0.0000
0.0000
0.6738
0.5931
0.0000
0.0000
0.0000
0.0000
0.0000
0.0000
3.1946
0.0000
1.6511
0.0000
1.2811
0.7619
0.0000
0.0000
0.0000
0.0000
1.5299
0.0000
3.7387
0.0000
0.0000
0.0000
0.0000
0.0000
0.0000
0.0000
0.0000
0.0000
0.0000
0.0000
0.0000
0.0000
0.0000
0.0000
3.0955
6.1247
0.0000
0.0000
0.0000
0.0000
0.0000
0.0000
0.0000
0.0000
0.0000
0.0000
3.5006
0.0000
0.0000
3.4179
0.0000
0.0000
0.0000
0.0000
0.0000
0.0000
0.0000
0.0000
0.0000
0.0000
0.0000
0.0000
0.4284
0.0000
5.6414
0.0000
0.0000
0.0000
0.0000
0.0000
0.0000
0.0000
0.0000
0.0000
0.6465
1.8206
0.0000
0.0000
1.2772
0.0000
2.4147
0.0000
0.0000
0.0000
2.7025
0.0000
0.0000
0.0000
0.0000
0.0000
0.0000
2.3546
0.0000
0.3274
0.0000
0.0000
0.0000
0.0000
0.0000
0.0000
0.0000
0.0000
1.2484
1.9760
0.0000
1.9524
0.0000
0.0000
1.9485
0.0000
0.0000
0.8788
0.0000
0.0000
0.0000
0.6637
0.0000
0.0000
0.3095
0.0000
0.0000
0.0000
0.0000
0.0000
0.0000
0.0000
0.0000
0.0000
0.0000
0.0000
0.0000
6.0515
0.0000
0.0000
0.0000
0.0000
0.0000
1.7767
0.0000
0.0000
0.0000
0.0000
0.0000
0.0000
1.3030
0.0000
2.9918
0.0000
0.0000
0.0000
0.0000
2.5026
0.0000
2.6255
0.0000
0.0000
0.0000
1.9778
0.0000
0.0000
0.0000
0.0000
0.0000
0.0000
0.5132
0.0000
0.0000
0.0000
0.0000
0.0000
0.0000
0.0000
0.0000
1.6297
0.0000
0.3542
1.5670
3.1404
0.3620
0.2796
0.0000
0.0000
3.4645
0.0000
0.0000
0.0000
0.0000
0.0000
0.2555
0.0000
0.0000
0.0000
1.0324
0.0940
0.1962
1.8875
0.0000
0.0000
0.0000
0.0000
2.6704
0.0000
0.0000
0.0000
0.0000
0.0000
0.0000
2.9360
0.0000
0.7747
0.0000
0.0000
1.3884
0.0000
0.0261
0.0000
0.0000
0.0000
0.0000
2.2109
0.0000
0.0000
0.0000
1.6922
0.0000
0.0000
0.0000
0.0000
0.0000
0.0000
0.0000
0.0000
0.0000
0.0000
0.0000
0.0000
0.0000
0.0000
1.2108
0.2694
0.0000
3.0218
0.0000
0.0000
0.0000
0.0000
0.0000
0.0176
0.0000
0.0000
0.0000
1.6089
0.0000
0.9587
0.0000
0.0000
0.0000
0.0000
0.0000
3.0617
0.0000
0.0000
0.0000
0.7424
0.0000
0.0000
0.0000
0.0000
1.3346
0.0000
0.0000
0.0000
0.0000
0.0000
1.0241
1.0047
0.0000
0.2006
0.0000
0.0000
0.0000
0.0000
0.0000
0.0000
0.0000
0.0000
0.0000
1.2325
1.9154
0.0000
0.0000
1.5785
0.0000
0.0000
0.0000
0.0000
0.0000
0.0000
1.3839
0.0000
0.0000
0.0000
0.0000
0.3504
3.2720
0.5934
0.0000
0.0000
0.0000
0.0000
1.2239
0.0000
0.0000
0.0000
1.3065
0.0000
0.0000
0.0000
0.0000
0.0000
0.0000
0.0000
0.0000
0.2829
0.0000
0.2353
5.9024
0.0000
0.0000
2.4572
0.9495
0.0000
0.0000
0.0000
0.0000
0.0000
0.0000
0.0000
0.0000
0.0000
0.1082
3.0831
0.1242
0.2165
2.4020
0.0000
0.0552
0.0000
0.0000
1.0690
0.0000
0.0000
0.0000
0.0000
4.4393
0.0000
0.0000
0.0000
1.7215
0.1779
0.0000
1.8556
0.0000
0.0000
1.5630
0.0000
0.0000
0.0000
0.0000
1.4545
4.2438
0.0000
0.0000
0.0000
0.0000
0.0000
0.0000
0.0000
0.0000
0.0000
0.0000
0.0000
0.0000
0.0000
0.0000
0.0000
0.0000
0.0000
0.0000
0.0000
0.0000
0.0000
0.0000
0.0000
0.0000
0.4144
0.0000
0.0000
0.0000
0.0000
1.4023
1.8236
0.0000
0.0000
0.0000
2.5646
0.0000
0.0000
0.0000
0.0000
0.0000
0.0436
0.0000
0.0861
0.0000
4.8352
0.0000
0.0000
0.0000
0.0000
0.0000
0.0000
0.1180
0.0000
1.4633
0.0000
0.0000
0.0000
3.9083
0.0000
0.0000
0.0000
0.0000
0.0000
0.0000
2.5229
0.0000
0.0000
0.0000
0.0000
0.0000
0.1879
0.3754
0.0000
0.0000
0.0000
0.0000
1.3572
0.0000
0.0000
0.0000
0.0000
0.0000
0.0000
4.5327
0.0000
2.4039
0.0000
0.0000
0.6683
0.0000
1.9438
0.0000
1.8315
0.0000
0.0000
0.4611
0.0000
0.0000
0.2916
1.4150
0.0000
0.0000
2.0835
0.0000
0.0000
0.0000
0.0000
0.0000
0.0000
3.1253
0.0000
0.0000
0.0000
0.0000
2.3508
0.0000
0.0000
0.0000
0.0000
2.0719
0.0000
0.0000
1.0372
3.6022
0.0000
0.0000
0.8798
0.0000
4.5161
0.2545
1.1213
0.0000
0.0000
0.0000
0.0000
0.0000
0.0000
0.0000
0.0000
0.0000
0.0000
3.5679
0.0000
3.8864
0.0695
0.0000
1.8642
0.0000
0.0000
0.0000
0.0000
0.0000
2.8940
0.0000
0.0000
2.8744
0.0000
0.0000
0.0000
1.9914
0.0000
1.2532
0.3154
0.0000
0.0000
0.0000
0.0000
0.0000
1.2529
0.0000
0.0000
0.0000
0.0000
0.9015
0.2467
0.0000
0.0000
0.0000
0.0000
0.0000
0.0000
0.0000
0.0000
0.0000
0.0000
0.5981
2.2064
0.1371
0.3969
0.0000
0.0000
0.0741
1.0413
0.9840
0.0000
0.0000
2.0957
1.4114
0.0000
1.1295
0.0000
0.0000
0.0000
0.0000
2.1753
0.0000
0.0000
0.0000
0.0000
5.3562
0.0000
0.7753
1.3798
0.0000
1.1605
0.0000
0.3903
0.0000
0.0000
0.2712
2.1336
2.6194
1.9405
0.0000
0.0000
0.0000
0.0000
0.0000
0.0000
0.0000
0.0000
0.8167
0.0000
0.1377
0.0000
0.0000
0.0000
4.7223
1.0892
0.0000
0.0000
0.1032
0.0000
0.0000
0.0000
0.0077
2.2835
0.0000
0.0000
2.7009
0.0000
4.6009
0.0000
0.0000
0.0000
0.0000
1.1312
1.0863
0.0000
0.0000
0.0000
0.2109
0.0000
1.1805
0.0000
0.0000
0.0000
0.0000
0.0000
0.0000
0.0000
0.0000
0.0000
0.0000
0.4173
0.0000
0.0000
0.0000
1.4930
0.5244
3.4165
1.7892
0.9915
2.4112
0.0000
0.0000
2.4298
0.0000
0.0000
0.0000
0.5232
0.8050
0.0000
5.5965
0.7329
0.0000
7.6646
0.0000
2.4293
0.8509
0.0000
0.7649
0.0000
0.1368
0.0000
0.0000
0.0000
0.0000
0.0000
1.9244
0.9750
1.8068
0.0000
0.0000
0.0000
0.0000
0.0000
0.6756
0.0000
0.0000
0.0000
0.0000
0.0000
0.0000
