0.2187
0.0000
0.5349
0.0000
0.6863
0.0000
0.0000
0.0000
0.0000
2.4086
0.8649
0.0000
0.2344
0.0000
0.0000
0.0000
0.0000
0.0000
0.0000
0.0000
0.0000
0.0000
1.4757
2.3982
0.6504
1.9749
0.0000
2.5295
0.0000
0.0000
0.0000
0.0000
1.7010
0.0000
1.2629
0.0000
0.0000
0.0000
2.4852
1.9317
0.0000
0.1577
0.0000
0.0000
0.0000
0.0000
0.0000
0.0000
0.0000
0.3766
0.0000
0.0000
0.0000
0.0000
0.0000
0.0000
0.7322
0.2961
0.0000
0.0000
0.0000
1.2713
0.0000
2.3496
0.0000
0.0000
0.3124
0.0000
0.1821
0.0000
0.0000
2.9237
1.1031
0.0000
0.0000
1.6623
0.0000
0.0000
0.0000
0.0000
0.3510
0.0000
0.0000
0.0000
0.0000
0.0000
0.2966
2.3770
0.0000
0.0000
0.6020
0.0000
1.5231
1.3981
0.0000
0.0000
0.0000
0.0000
1.0925
0.0000
0.0000
0.0000
1.3446
0.0000
1.4127
0.3565
0.7872
0.0000
0.0000
3.2006
0.0000
0.2178
0.7403
0.0706
0.0000
0.1750
0.3459
0.0000
0.0000
0.0000
1.8580
0.1087
1.1775
0.4894
0.0000
0.0000
0.0000
0.8293
0.1505
0.8558
0.0000
0.0000
0.7395
0.0000
2.5567
0.0000
2.2073
2.1264
0.0000
2.1351
1.8066
0.0000
2.0300
0.8229
1.8566
0.0000
0.0000
1.2914
0.8007
0.7364
0.5791
0.9372
1.1731
0.0000
0.0000
0.0000
0.0000
0.2694
0.7486
0.0000
0.0000
0.0000
1.3833
0.0000
0.0000
0.9001
0.0000
0.0000
0.0000
2.6031
0.0000
0.0000
0.0000
0.0000
0.0000
0.0000
0.0000
0.9955
0.0000
4.1993
0.4382
2.5111
0.0000
0.0000
0.0000
0.0000
1.6413
1.4129
2.2660
1.0609
0.0000
0.0000
0.1438
0.0000
1.2279
0.0000
0.0000
0.0000
2.2296
1.2207
0.0000
0.7967
0.0000
0.0000
0.0000
0.0000
0.0000
1.1334
0.0272
0.0000
0.0000
0.0000
0.0000
0.5622
0.0000
0.0000
0.0000
0.0000
0.0292
0.0000
0.0000
0.0000
0.0000
0.0000
1.1086
0.0000
0.0000
0.3576
0.0000
0.6411
0.0000
0.0000
0.0000
0.0000
0.9766
0.3738
2.0787
0.0000
0.1216
0.0000
0.0000
0.0000
0.0000
0.0000
0.0000
0.7637
0.0000
0.0000
0.0000
0.0000
0.0000
0.0000
0.2659
0.0000
0.0000
1.0527
0.0000
0.0000
1.7889
0.0000
0.0000
0.0000
0.0000
0.0000
0.0000
0.0000
1.2295
0.6240
0.0000
0.6316
1.2958
0.0000
0.0000
1.5936
0.0000
0.0000
0.2083
0.6366
0.0000
0.0000
2.3640
0.1644
1.5963
0.0000
0.0000
1.2097
0.0000
0.0000
0.0000
0.0000
0.0000
0.0000
0.0000
0.0000
2.4614
0.0000
0.0000
1.1448
0.0000
3.0656
0.0000
0.0000
0.0000
0.0000
0.4339
0.0000
0.0000
0.0000
0.0000
0.0000
0.0000
1.1742
0.0000
1.9858
1.3487
0.0000
0.0000
0.0000
0.2971
2.7003
0.0000
1.5540
0.3991
0.0000
0.0000
1.7183
0.3014
1.6483
0.0000
1.9835
0.0000
0.0000
0.0000
0.0000
0.0000
2.3060
2.0313
0.0000
0.0000
3.1716
0.0000
0.0000
0.0000
0.0000
0.0000
3.3812
0.0000
0.0000
0.0000
0.0000
0.0000
2.6511
1.2837
0.0000
1.4213
0.0000
0.1867
0.0000
0.8344
0.0000
0.0000
0.0000
0.0000
0.0000
0.0000
0.0000
0.0000
0.0000
0.4698
0.0000
0.3814
0.0000
0.0000
0.0000
0.0000
0.0000
0.0000
0.9925
0.0000
0.0000
4.1907
0.0000
0.9088
0.0000
0.0000
0.0000
0.1497
0.0000
0.0000
0.0000
1.2716
0.0000
0.0000
0.0000
0.0000
1.7984
0.0000
0.0000
0.0000
0.0000
0.0000
2.1269
0.0000
0.0000
0.0000
0.0000
0.0000
0.0000
2.2822
0.0000
0.0000
0.0000
0.0000
2.8728
0.0000
2.2006
0.0000
0.0000
1.2281
0.0000
0.5250
0.1838
0.0000
0.0000
0.0000
0.5693
0.0000
1.0432
0.0000
1.0133
0.0000
0.0000
0.0000
0.2532
0.0000
0.0000
0.0000
0.0000
1.7881
0.0000
2.4291
1.1060
0.6088
0.0000
2.8649
1.3614
0.0000
0.0000
1.6909
0.9783
0.4127
0.0000
0.0000
0.6324
0.0000
1.3154
0.0000
0.5126
0.8370
0.0000
0.0431
0.2999
1.6923
0.0000
0.3247
0.0000
0.0000
0.0000
0.0000
0.0000
0.0000
0.8572
0.2907
0.0000
0.0000
1.5298
2.2189
0.0000
0.7834
0.0000
0.0000
0.0000
1.7953
1.3490
0.7504
0.2253
0.0000
1.9137
0.0000
1.6022
0.0000
0.0000
0.0000
0.0000
2.0371
0.0000
0.0000
0.0000
1.4650
0.0000
0.0000
0.0000
3.0418
0.0000
0.0134
0.0000
0.0000
0.0000
0.3860
1.0302
0.0000
2.8357
0.0000
0.8000
0.3756
0.0000
0.0000
0.0000
5.5000
0.0000
2.1898
1.3124
0.0000
1.9374
1.5850
0.0000
0.5079
0.0000
0.0000
0.0000
0.9947
0.9264
0.4671
0.0000
0.0000
2.2756
0.0000
0.0000
0.7670
0.0000
0.0000
0.7274
0.0000
0.0000
0.0000
0.0000
0.0000
0.0000
0.3527
0.0000
0.0000
1.8050
0.0000
0.0000
0.0000
0.0000
0.0000
0.0000
0.0000
0.0000
0.0000
0.1153
0.0000
0.0000
0.0000
1.0385
0.0000
0.0000
0.1003
0.0000
0.0000
0.0000
0.0000
0.0000
0.0000
0.0000
0.7048
1.2674
0.0000
0.5665
0.0000
0.0000
0.0000
0.0000
0.0000
0.0000
0.0000
0.3539
2.1395
0.0000
0.0000
0.0000
0.0000
0.0000
0.0000
0.0000
0.0000
0.0000
1.5444
0.0000
0.0000
2.8855
0.0000
0.0000
0.0000
0.4269
2.5331
0.0000
1.2435
0.0000
0.1677
0.0000
0.0000
4.9974
0.0000
2.8122
1.1861
0.9663
0.4134
0.0000
0.8603
0.0000
0.4815
0.0000
0.0000
1.3928
0.0000
1.4792
0.0000
0.0000
0.0000
0.0000
0.0000
0.3401
1.1864
0.9159
0.0000
1.1535
0.0000
0.0000
0.0000
1.1804
0.0000
0.0000
0.3068
0.0000
0.0000
0.0000
0.8057
0.0000
0.0000
0.0000
1.5364
0.0000
0.0000
0.0000
0.0000
0.0000
0.0000
0.4980
0.0000
0.9382
1.7728
0.0000
0.0000
0.0000
0.2464
0.0000
0.0000
0.0000
0.0986
0.0000
0.0000
0.0000
0.0000
0.0000
0.0918
0.0000
0.0000
0.0000
0.0000
0.9098
0.0000
0.0000
0.0000
0.0000
0.0000
0.8095
0.0000
1.7526
0.5645
0.0000
2.0754
0.0000
0.0000
0.0000
0.0000
0.0000
0.7668
0.0000
1.6056
0.2101
0.2740
0.8706
0.0000
0.0000
0.0000
0.0000
0.0000
1.3980
0.0000
1.0545
0.2499
0.0000
0.0000
0.0000
0.0000
0.0000
0.0000
0.0000
0.0000
0.0000
0.5261
0.4771
0.0000
0.0000
0.0000
0.0000
0.1187
0.0000
0.0000
0.0085
0.0000
0.2453
0.0000
0.0000
0.0000
1.2375
0.0000
3.5986
0.5383
0.0000
0.0000
0.8616
0.0000
0.0000
0.2784
0.3406
0.9991
0.0000
0.0000
0.0009
0.0000
0.0000
0.0000
0.0000
0.0000
0.0000
0.3261
0.0000
0.0254
0.0000
1.1854
0.0000
0.0000
2.3653
0.0000
0.1100
0.0000
0.0000
1.0500
0.0000
0.0000
0.0000
0.2126
0.0000
0.0000
0.1481
0.0000
0.0000
0.0000
0.0000
0.0000
0.0000
0.0000
0.0074
0.0185
0.0220
0.0000
0.0000
0.8318
0.0000
1.7512
0.0000
0.0000
0.0000
0.0000
0.0000
1.2786
0.0000
0.0000
0.5936
1.9408
0.1525
0.0000
0.1311
0.0000
0.0000
0.0000
0.0000
0.8521
0.0000
0.0000
1.3924
0.0000
0.0000
0.8119
0.0000
0.0000
1.3925
0.6957
0.0000
0.6972
0.0000
0.0000
0.0000
0.0000
0.0000
0.7932
0.0000
1.4647
0.0000
0.0000
0.0000
0.0000
0.1026
1.2600
0.0000
0.0000
0.0000
0.0000
0.0000
0.0000
0.2124
0.0000
0.0000
0.0000
0.0000
1.4278
0.0000
0.0000
0.6269
0.0000
0.0000
0.0000
0.0000
0.0000
0.0000
0.0000
0.4310
0.6258
0.0000
0.0000
0.9741
0.6263
0.0000
0.6190
0.9574
0.0000
0.0000
0.0000
0.0000
2.0125
0.0000
0.0000
0.0000
0.0000
3.2142
0.0000
0.4916
0.0000
0.0000
0.0000
0.0000
0.0000
0.0000
0.0000
0.0000
0.0000
0.0000
0.4125
0.0000
1.1000
0.0000
0.2843
0.0000
0.0000
2.0759
1.2085
0.0000
0.0000
0.0000
0.0000
0.0000
0.0000
0.0000
0.0000
0.0000
0.0000
0.5167
0.0000
0.0000
3.0508
0.0000
0.0000
0.7910
0.0000
0.5321
0.0000
0.0000
0.0000
0.0000
0.0000
0.0000
0.0000
1.5737
0.6820
0.2321
0.0000
0.0000
0.0000
0.0000
0.2338
0.5663
1.1264
1.2145
0.0000
0.1417
0.0000
0.1699
1.0484
0.0000
0.0000
0.0601
1.5361
2.2342
0.0000
0.0000
0.0000
3.6065
0.0000
0.0000
0.0000
0.0000
0.0000
0.0000
1.7106
0.0000
0.0000
1.1103
0.0000
0.0000
0.0000
1.7270
0.0000
0.0000
0.0000
0.1803
1.1386
0.0000
0.4436
0.0000
0.0000
0.0000
0.0000
0.0000
0.7608
0.0000
0.5830
0.0000
0.0000
0.0642
0.0000
0.0000
2.1793
1.3289
2.1820
0.0000
0.0000
0.0000
0.1655
0.0000
0.0000
0.0000
0.0000
0.0000
0.0000
0.0000
0.0000
2.9702
0.0000
0.0000
0.0000
0.0000
0.0000
2.7779
0.0000
0.0000
0.0000
1.9350
0.0000
1.4522
0.0000
3.4471
0.0000
0.0000
0.7925
2.0163
0.0000
1.0239
0.0000
2.2836
0.0000
0.0000
0.4531
0.0066
0.6259
0.3160
0.0000
0.3617
0.0000
0.0000
1.9353
0.7151
0.3978
0.0000
1.4459
0.0000
1.3245
0.0000
0.0000
0.7061
0.0000
0.0000
0.0000
0.0000
0.6814
0.0000
0.0000
0.0000
0.0000
0.0000
0.0000
0.0000
0.0000
0.0000
0.0000
0.0000
0.0000
0.0000
3.9204
0.0000
2.5773
0.0000
0.0000
1.5970
0.9992
0.4205
0.0000
0.2151
0.0786
0.0000
0.0000
0.0000
0.0000
0.0000
0.0000
0.0000
0.0000
0.6221
0.0000
0.0000
0.0000
0.0000
0.0000
0.0000
0.0000
0.5738
0.0000
0.0000
0.5615
0.7421
0.0000
0.0000
2.5674
0.0000
0.0000
0.2840
0.0000
1.2217
0.0000
1.0423
0.0000
0.0000
1.1702
0.0000
0.0000
0.0000
0.0000
0.3173
0.1480
0.0000
0.7982
0.0000
1.0373
0.0000
0.0000
0.0000
0.0000
0.0715
0.0000
0.6962
0.0000
0.0000
0.7962
0.1594
0.4903
0.0000
0.0000
0.0000
0.0000
0.0352
0.0000
0.0000
0.0000
0.0000
0.0000
0.0000
0.0000
0.0000
2.0095
0.0000
0.0000
0.9865
0.5976
0.0000
2.3232
0.0000
0.0000
0.5230
0.0000
2.0910
1.1641
0.0000
0.0000
0.0000
0.5821
0.0000
0.0000
0.0000
0.0000
0.2027
0.0000
0.0000
0.0000
0.0000
1.3840
0.0000
0.0000
0.0000
2.2550
0.0000
0.0000
2.1595
2.6283
0.0000
0.0000
0.4384
0.0000
0.0000
0.0000
0.7188
0.2767
0.0000
0.0000
0.0000
0.0000
0.0000
2.1704
0.0000
0.8102
0.9384
0.0000
0.0000
0.0147
0.0000
0.0000
0.0102
0.0000
0.0000
1.9104
2.1477
0.0000
0.0000
0.0000
0.0000
1.7832
0.0000
0.0000
0.0138
3.6714
1.2150
1.4801
0.0000
0.1461
0.0000
0.0000
0.0000
0.0000
0.0000
0.0000
0.0000
0.0000
3.8896
0.0000
0.6235
0.0000
0.0000
0.0000
0.0000
0.0000
0.0000
0.0000
0.0000
0.0000
0.0000
0.1561
0.0000
0.2655
0.0000
0.0000
0.0000
0.0000
0.0000
0.8178
0.0000
0.0000
0.0000
2.3312
0.0000
0.0000
0.0000
3.1453
0.0000
0.0000
0.0000
0.0000
1.8562
0.0000
0.0000
0.0000
0.0000
0.0000
1.7213
0.0000
0.0000
0.0000
0.0000
0.0000
0.0000
0.0000
0.1365
3.2726
0.0000
0.4398
0.2426
1.6138
0.0000
0.0000
1.0960
0.0000
0.0000
0.0000
0.0000
0.0000
0.0000
1.3662
0.0000
0.0000
0.0000
0.0000
1.2392
1.9106
0.0000
0.0000
0.0000
1.2833
0.0000
0.0000
0.0000
0.0000
0.0000
1.1171
0.0000
0.0000
0.4987
0.0000
0.0000
0.0000
0.0000
0.0000
0.0000
0.5651
0.2080
0.0000
1.3498
0.0000
0.0000
0.0000
0.0000
0.0000
0.9963
0.0000
0.0000
0.6692
0.7833
0.0000
0.5508
1.0436
0.0000
0.0000
0.0000
0.0000
0.6365
0.5161
0.5380
0.0000
1.5532
0.0000
0.0000
0.0000
0.0000
0.0286
0.0000
0.0000
0.0000
0.0000
0.0000
0.0000
0.0000
0.0000
0.0000
0.0000
0.0000
0.9868
0.0000
0.0000
0.0000
0.0000
0.0000
0.0000
0.0000
1.3562
0.0251
0.0000
0.0000
0.1309
0.0000
1.1700
1.6532
0.0000
2.7674
0.0000
0.0000
0.0000
0.0000
0.0000
0.0000
0.6081
0.0000
0.0000
0.0000
1.6070
3.7146
0.0000
0.0000
0.0000
0.0310
0.0000
0.1013
0.6914
0.0000
2.6264
0.2281
0.0000
0.2621
0.6899
0.6999
0.4878
4.4826
0.5611
0.0000
0.0000
0.0000
0.3941
0.1546
0.0000
0.0000
0.0000
0.2894
0.0000
0.0000
0.3163
0.5614
0.0000
0.0000
0.0000
1.1574
0.2193
1.3750
0.0000
1.2696
0.0000
0.0000
1.2377
1.3245
0.0000
3.5277
0.0000
0.0000
0.3660
1.6146
0.0000
0.4411
0.0000
1.6077
0.0000
0.0000
1.1068
0.0000
0.0000
0.3737
0.0000
0.0000
0.8646
0.0000
0.6099
1.0593
0.0000
1.5814
0.0000
0.0000
0.0000
0.0000
0.0000
1.0290
0.0000
0.9673
0.0000
0.0000
1.1332
0.0000
1.7079
1.8123
0.0000
0.0000
0.0000
0.3105
0.0000
0.0000
0.0000
0.0000
0.0000
0.0000
0.0000
0.0000
1.4658
0.0000
0.0421
0.0000
0.0000
0.0000
0.0091
0.0000
0.0000
0.2242
3.3356
1.1498
0.0000
1.0230
0.0000
0.0000
0.0000
0.2487
0.3995
1.4431
0.0000
0.0000
0.0000
0.0000
0.0000
0.0000
1.0270
0.2755
0.0000
0.2812
0.0000
0.0000
0.0000
0.3074
0.0000
0.0000
3.5046
1.6277
1.5462
0.3886
0.0958
0.0000
0.0000
1.2038
0.9749
0.3893
0.0000
0.0000
0.0000
2.0395
0.0000
0.0000
0.0000
0.2826
0.0000
1.0391
0.0000
0.0000
0.0000
0.0000
0.0000
0.9913
1.5112
0.1833
0.0126
0.0000
0.0000
0.0000
0.0000
0.0000
0.0000
0.9401
0.0000
0.0000
0.0000
2.2034
0.0000
0.1604
0.0000
0.0000
0.2126
0.0000
0.0000
0.0000
1.0807
0.9336
0.0000
1.2788
0.0000
0.0000
0.6901
0.1457
1.4376
3.2098
0.0000
0.0000
0.0000
1.0132
0.0000
2.4487
1.1135
0.4655
0.8024
0.0000
0.0000
0.0000
0.0000
0.0000
0.0000
0.0000
0.0000
0.0000
0.0000
1.6502
0.0000
0.3466
0.0000
0.6813
1.8510
0.2719
0.0000
0.3854
0.4041
0.7929
0.0000
0.0000
0.2518
1.5328
0.0000
1.8301
0.0000
0.0000
0.0000
0.0000
0.0000
0.0000
0.0000
0.0000
0.0000
1.3358
0.2177
0.0000
0.7556
1.4313
0.4406
0.1823
1.8543
0.0000
0.0000
0.0000
0.3573
0.0755
0.0000
0.0000
0.0000
0.0000
0.3393
0.0000
0.0000
1.1792
0.0000
0.0000
0.0000
0.0000
0.0000
0.0000
0.3679
0.0000
0.0000
0.0000
1.4592
0.0746
0.0000
0.1792
0.4782
0.5556
0.0000
1.3400
0.0000
0.0000
0.7834
0.0000
0.6394
0.6264
1.7263
0.0000
0.0000
0.0000
0.3318
1.2795
0.1370
0.0000
0.0000
0.0000
0.0000
0.0000
1.4825
0.0000
0.8479
0.0000
1.3177
1.5306
0.0000
0.0000
0.0000
0.0000
0.0000
0.0000
0.0000
1.5076
0.0000
0.0000
1.3455
0.0000
0.0000
0.0000
0.0000
0.0000
0.0000
0.0000
0.0000
0.0000
1.8775
0.0000
0.0000
0.4377
0.0000
0.2138
0.5704
0.1928
0.0000
1.7898
0.0000
1.4869
0.0000
0.0000
0.0000
0.0000
0.0000
1.8265
0.9550
1.1902
0.1403
0.8435
0.0000
0.7176
0.0000
0.6776
0.0000
0.2853
0.9467
0.0000
0.0000
0.0000
0.0000
0.2636
0.0000
0.0000
0.8326
1.5356
0.5164
2.6554
0.0000
0.0000
0.0000
0.0000
0.0000
0.0000
0.0000
3.1188
0.0719
0.6362
1.8580
0.0000
0.0000
0.0000
1.1030
0.0000
0.4369
1.3034
1.5936
0.0000
0.0151
0.0000
1.6469
1.5653
0.0000
0.0000
0.1672
1.4498
1.6500
0.0000
0.0000
0.0000
0.0000
0.0000
0.8227
0.3663
2.4206
0.0000
0.0000
1.7307
0.1367
2.2054
0.0000
0.0000
0.0133
0.1263
0.0000
0.0000
0.0000
0.0000
0.0000
0.0000
2.5879
0.0000
0.0482
0.0000
1.3463
0.0000
0.5922
0.0000
0.0000
0.0000
0.3915
1.4573
0.0000
0.0591
2.1637
0.0000
0.0000
3.7904
0.0000
0.0000
0.9625
0.0000
0.0000
0.0000
0.0000
1.6937
0.0863
0.0000
0.0000
0.0000
0.0000
1.8902
0.0000
0.0000
0.0000
0.0000
2.3255
0.0000
3.2407
0.2788
0.8054
0.1552
0.0000
0.0000
0.0000
0.0000
0.0000
2.0093
0.0000
0.0000
0.0000
0.0000
0.0000
0.0000
0.0000
0.6011
0.0000
0.0000
0.0000
0.0000
1.4298
0.0000
0.0000
0.0000
0.0000
1.5542
0.0000
0.0000
0.0000
0.2910
0.5902
0.0000
0.0000
0.0000
0.0000
0.6234
0.0000
2.5230
0.0000
0.0000
0.0000
0.2885
0.0000
0.5708
0.0000
0.0000
0.2092
0.0000
1.2809
0.0000
1.1375
0.0000
0.5213
0.0000
0.0000
0.0000
0.0000
1.4608
0.0000
0.0000
0.0000
3.4212
0.0000
0.2135
0.0000
0.0000
0.0000
0.7379
0.0000
0.0000
0.0000
0.0000
0.0000
0.0000
2.4658
2.3853
0.0000
0.0000
0.0000
0.7578
0.1503
0.3024
0.0000
0.0000
0.0000
0.9845
0.0000
0.0000
0.9965
0.0000
1.5764
0.6250
0.0342
1.0435
0.0000
0.0000
0.7429
0.0000
4.1630
0.1318
0.0000
1.2402
0.0000
0.0000
0.0000
0.0000
0.3422
0.0000
1.1381
0.0000
0.0000
1.4758
0.0000
0.0000
0.0000
0.0000
0.0573
0.0000
0.0000
1.3114
0.9839
0.0000
2.2244
2.2512
1.2411
0.2318
1.0933
0.0000
0.0000
0.0000
0.0000
0.0000
2.6600
0.0000
0.0000
2.4292
1.2430
0.0000
0.0000
0.0000
1.6684
0.0803
0.0000
0.3968
0.8346
0.0000
0.0000
0.0000
0.0000
0.2378
0.9131
0.0000
0.0000
0.0000
0.0000
1.7229
0.0000
1.2193
0.0000
0.0000
0.0000
0.4001
1.3206
0.0000
0.0000
0.0000
2.0501
0.6178
0.0000
0.0000
0.0000
0.0000
0.0000
2.5106
0.2286
0.0000
0.0000
0.0000
0.0000
0.8615
2.2423
0.2503
0.0000
0.0000
0.0000
0.0000
2.5374
0.0000
0.0000
0.0000
0.4783
1.0792
0.0943
0.0000
0.0000
0.0000
0.0000
0.0000
0.0000
0.0000
0.0000
0.0000
0.0000
1.4717
0.0000
0.3104
0.0000
0.0000
0.3776
0.6417
0.0000
2.0639
0.6936
0.0000
0.0000
1.2789
0.0000
0.7672
0.5870
0.0000
0.0000
0.0000
0.0000
0.0000
0.0000
0.0000
0.0000
0.0000
0.7213
0.0000
2.8608
0.0000
0.0000
0.0000
0.0000
0.0000
0.0000
0.0000
0.2754
0.0000
0.0000
0.0000
0.0000
0.0000
0.0000
0.0000
0.0000
0.0000
0.0000
1.9387
0.0000
0.1630
0.0000
0.1229
0.1684
0.0000
1.8349
0.0000
0.0000
0.0000
0.0000
0.3875
0.0000
0.0000
0.0000
0.0000
0.0000
0.3922
0.0000
1.4199
0.0000
0.2256
0.4753
0.0000
0.0000
0.0000
0.0000
0.2003
0.2468
1.8886
0.0000
1.0532
0.0000
2.1740
0.0000
0.3962
0.0000
0.0000
0.0000
0.8627
0.0000
0.2084
1.4112
0.0000
2.1180
0.0000
1.4078
0.0000
0.0000
1.2638
0.0000
0.0000
0.0000
0.0000
0.0000
0.0000
0.0000
0.0000
0.0000
0.0000
0.0000
0.0000
0.0000
0.5418
1.1645
1.1925
2.2371
0.0000
1.3116
0.4623
0.5088
0.1828
0.0000
0.0000
0.0000
1.0263
0.4605
2.0738
0.0000
0.0000
0.0000
2.2115
0.0000
0.0000
0.0000
0.0000
0.0000
0.0000
0.0000
0.0000
0.0000
0.0000
0.0000
0.0000
0.7044
0.7883
0.0000
0.5611
0.0000
0.0000
0.2094
0.0000
0.2412
0.0000
0.9325
0.0000
0.0000
0.0000
2.0210
0.6181
0.0000
0.0000
0.0000
0.0000
0.0216
0.0000
0.0000
0.0000
0.0000
0.0000
0.0000
0.0000
0.6180
0.9453
0.2666
0.0000
0.4481
1.3769
0.6986
0.0000
0.0000
0.4106
2.1169
0.0000
0.0000
0.0000
0.9505
0.3083
0.0000
1.5889
0.0000
0.0000
0.0000
1.4686
0.3051
0.0000
2.1071
0.4764
0.0000
3.8515
0.0000
0.0000
0.0000
1.2481
0.0000
1.9287
1.5641
0.0000
0.2974
0.1345
0.0000
0.0000
0.0000
0.0000
0.0000
0.0000
0.0892
0.0000
0.5734
0.0000
0.0000
0.0000
0.0000
0.0000
0.4745
0.0000
1.1734
0.0000
0.3830
0.0000
0.0000
0.0000
0.0000
0.0000
1.6487
0.0000
0.5911
1.2801
0.0000
0.0000
1.4215
1.3077
1.8642
0.0000
0.0000
0.0000
0.0000
0.0000
0.0000
0.0000
0.0000
0.0000
0.0580
0.9719
0.0000
0.0000
1.3684
0.0000
0.0000
2.4110
0.0000
0.0000
0.0000
0.0000
0.4584
1.1589
0.0000
0.0521
0.0000
0.0000
0.0000
0.1285
0.0000
0.7129
0.0000
0.4966
1.4867
0.0000
0.0000
1.7171
0.0000
0.0000
0.0000
0.0000
1.1015
1.0278
0.8085
0.0000
1.5187
0.0000
2.5299
4.8664
0.0000
0.0000
1.0125
0.0000
0.0000
0.0000
0.0000
0.0000
0.0000
0.0000
0.0000
0.0147
0.0000
0.0000
0.0000
0.0000
0.0000
0.3214
0.0000
0.0000
2.4337
0.0000
0.0000
1.0346
0.4410
0.0000
3.1587
0.0000
0.0000
1.5077
0.0000
0.0000
0.9938
0.3046
0.0000
0.0000
2.6593
0.0000
0.0000
0.0000
1.7179
0.0000
0.0000
1.6896
0.0000
0.0000
0.0000
0.0187
0.0000
1.4786
0.0000
0.0000
2.2107
0.1479
0.0000
0.0000
0.3664
0.6516
0.0000
0.0000
1.9923
0.8525
0.0000
0.0000
0.0000
0.3475
1.2906
0.2803
0.0000
0.6197
0.0000
0.0000
0.0000
0.0000
0.0000
0.0000
0.0000
0.0000
0.0000
0.0000
0.0000
0.0000
0.0000
3.5318
0.0000
0.0000
2.2238
0.0758
0.0000
0.0000
0.0000
0.0000
0.0000
1.0536
0.0000
0.0000
0.0000
0.0000
0.0000
0.6034
0.0000
0.0000
0.0000
0.0000
0.0000
0.7373
0.7855
0.0000
0.8255
0.0000
0.0000
0.0000
0.0000
0.0000
0.5489
3.8190
0.0000
1.4273
0.0000
0.0358
0.0000
0.1868
0.2793
0.0248
0.0000
0.6500
1.7017
0.0000
0.0000
0.0000
0.0000
0.3154
0.0000
0.0000
4.0705
0.0000
0.0000
0.0000
0.0000
3.4604
1.8458
0.6365
0.0000
0.5041
0.0000
0.5726
0.0000
0.0000
0.0000
0.0000
0.0000
0.0000
0.0000
0.0000
0.0000
0.0000
0.0000
1.5421
0.0000
0.0000
0.0000
0.7109
0.0000
0.6584
0.0000
0.0000
2.2883
0.0000
0.5986
0.8326
0.0000
0.0000
1.3834
0.0000
0.4539
0.0000
0.0000
3.0890
0.1697
0.0000
2.5181
0.0000
0.0000
0.0000
0.0000
0.0000
0.0000
0.0000
0.3931
0.0000
1.2760
1.0263
0.0000
0.0000
0.0000
0.8714
0.0000
0.0000
0.0000
0.0000
0.0000
0.1813
0.1231
0.0000
0.0000
0.0000
0.0000
1.5298
0.0000
0.3313
0.0000
0.0000
0.0000
0.1448
1.3447
0.0000
0.0000
0.0000
0.0000
2.7673
0.0000
0.0000
0.5982
0.0000
0.0000
0.0000
0.4165
1.7163
0.0000
0.0000
0.0000
0.0000
0.0000
0.0000
0.0672
0.6172
0.0000
1.9292
0.0000
0.0000
2.3546
0.0000
1.8013
0.0000
0.0000
0.0000
0.0000
0.1595
0.0000
1.0904
1.0867
0.6784
0.0000
1.9355
0.4481
0.0000
0.6890
0.0000
2.2787
0.0000
2.2717
0.0000
0.0000
0.0000
0.0000
0.0000
1.5758
0.0000
0.0000
0.7370
0.0000
0.0000
0.0000
1.3311
0.0000
0.0000
0.0000
0.9266
0.0000
0.0000
0.0000
1.9987
1.3691
0.0000
0.0000
0.0000
1.1187
0.0000
0.0000
0.0000
1.9071
1.8662
3.9938
0.0000
2.5771
3.3672
0.0000
0.0000
0.0000
0.0000
0.0000
0.0000
0.4361
0.0000
0.3257
2.3509
0.0000
0.0000
0.0000
0.0574
0.0000
1.3458
0.0000
0.9775
0.0000
0.0000
0.0000
0.8252
0.4810
1.6369
1.5978
0.0000
0.0000
0.0941
0.0000
2.6274
0.0000
0.0000
2.2876
0.0326
0.8559
0.0000
0.0000
0.0000
4.4788
0.0000
0.8818
0.0000
0.0000
0.4119
0.0000
0.0000
0.0000
0.0000
2.3407
0.6734
0.1056
0.0000
0.0000
0.0000
0.0000
0.6415
0.0000
0.0000
0.0000
0.0000
0.0000
0.0000
0.0133
0.0000
0.0000
0.1233
0.1318
0.3587
0.0000
1.5988
0.0000
0.0000
0.0000
1.1178
1.6693
2.0166
0.0156
0.0000
0.0000
0.0000
0.0000
0.0000
0.3392
0.0000
0.6656
0.0000
1.6901
0.0000
0.0000
3.9157
0.0000
0.0000
0.2237
0.0000
0.0000
0.4434
0.3220
0.0000
0.0000
0.0000
0.0000
0.8547
1.0970
0.0000
0.0000
0.7418
1.2674
0.0000
1.3213
3.4811
0.0000
0.0000
0.7654
0.0000
0.0000
0.0000
2.2508
0.0000
0.0000
0.0000
0.0000
0.6777
0.0000
0.7069
0.0000
0.0000
0.0000
0.0000
2.4656
0.8050
0.0000
0.0000
2.6661
0.0000
0.0000
0.0000
0.5565
0.0000
1.0974
0.0000
0.0000
0.0000
0.7411
0.0000
0.0548
1.3006
0.0000
0.0000
0.0000
0.0000
0.5652
1.1252
0.0000
0.0000
1.6180
2.0211
0.0429
0.0000
0.0000
0.0000
0.0000
1.3625
0.1508
0.0000
0.0000
0.0238
0.4816
1.3610
0.0000
1.1431
2.6883
0.0000
0.0000
0.0000
0.0456
3.1426
0.0000
0.0000
0.0000
0.0000
0.0000
0.0000
0.0000
0.0000
0.2044
0.0709
0.0000
0.3729
1.1137
1.6224
0.0000
0.0000
0.9113
0.0000
0.0000
1.5825
0.0000
0.0000
0.0000
0.0000
4.0106
0.5036
0.0000
0.0000
2.4218
0.0000
0.0000
0.8347
1.7451
0.9923
0.0000
1.8775
1.0542
0.0000
0.0000
0.0000
0.0000
0.0000
0.0000
0.0804
0.5261
0.0000
0.6814
4.9310
1.5780
1.2977
0.0000
0.0000
0.0000
0.0000
0.0000
0.0000
0.0000
0.0000
0.0000
0.0000
0.0000
0.3505
0.0000
0.3967
0.0000
0.0000
0.0000
0.0000
0.0000
0.9692
0.0000
0.0000
0.0000
0.3019
0.2907
0.6819
0.0000
1.7970
0.0000
1.6108
1.7566
0.0000
0.0000
0.0000
0.0000
0.0000
0.0000
0.0000
0.7946
0.0000
0.0000
0.0000
0.0000
0.0000
0.0000
0.0000
0.0000
3.1549
0.0000
0.4454
1.7817
0.0000
0.5813
0.0000
0.0000
0.0000
0.0000
0.0000
0.0000
0.0000
0.4811
0.0000
0.0000
0.0000
1.9559
1.3244
0.0000
0.0000
0.3736
0.0000
2.2027
0.0000
0.0000
0.0000
0.0000
0.0000
2.9661
0.0000
0.0000
0.0000
0.0000
1.3349
0.0000
0.0000
0.0000
0.0000
0.0000
0.0000
0.0000
0.0628
1.0641
0.6686
0.0000
1.5369
0.4227
0.0000
3.6867
0.1749
0.5249
3.0254
0.6614
0.0000
0.0000
0.0000
0.0000
0.4265
0.0000
0.0000
0.0000
0.0000
0.4362
0.0000
0.0000
0.0000
1.9480
0.0000
1.9182
0.0000
2.4373
0.0000
0.0000
0.4290
1.7250
3.1156
0.0000
0.1655
0.0000
0.0000
0.4257
1.7885
0.0000
0.5306
0.0000
0.0000
1.8124
0.0000
0.0000
3.3644
0.0000
0.0000
2.6952
0.0000
0.7641
0.0000
0.0000
0.0000
0.0000
3.3332
0.0000
0.0000
0.0000
0.0000
0.1802
1.5124
0.0000
0.1780
1.2382
0.0000
0.0000
0.0000
0.2546
0.0000
0.0000
1.3489
0.0000
0.0000
0.0000
0.0000
0.0000
2.5912
0.0088
0.0000
0.0000
0.0000
0.0000
2.6323
0.2312
0.1430
0.0000
0.0000
0.1625
1.2213
0.0000
0.0000
0.0000
1.2375
0.0000
0.0000
1.1619
0.0000
0.0000
1.2960
0.5791
0.0000
0.0000
0.0000
0.1042
0.0000
0.0000
0.9375
0.0000
0.2423
0.8051
0.6742
0.2869
0.0000
0.6234
0.0000
0.0000
0.0000
0.4682
0.5238
0.7764
0.0000
0.0000
0.0000
0.2071
0.0000
0.0000
0.2709
0.0006
0.0000
0.0000
0.3305
0.0000
0.6219
0.0000
0.6937
0.0000
0.0000
0.0356
0.9081
2.0586
0.0000
4.0984
0.0000
1.2693
0.1867
1.4305
0.0000
0.0000
0.0000
0.0000
0.2310
0.0000
0.0000
0.8314
0.1063
0.0000
0.0000
0.0000
0.0000
0.4763
0.0000
0.0000
0.0000
0.0000
1.0985
0.0000
0.0000
0.0000
1.1455
0.0000
0.0000
0.0000
2.1597
0.0000
1.0959
0.0000
0.5928
0.0000
0.0000
0.0000
0.0000
0.0000
0.0000
0.0000
0.0000
0.7226
0.6923
0.0000
0.0000
0.0000
0.0000
0.2308
0.0000
0.0000
0.0858
0.0000
0.1870
0.0000
0.0000
0.0000
1.6228
1.2371
0.0000
0.0000
0.0000
0.0000
0.0000
0.0000
0.0000
1.5136
0.7453
0.0000
1.8416
0.0000
0.0000
0.0000
0.0000
0.0000
0.0000
0.0000
0.0000
1.9196
1.3850
0.0000
0.0000
0.0000
0.0000
0.1716
1.9945
0.0000
0.0000
0.5328
0.8429
0.0000
0.8596
0.0000
1.1865
0.0000
0.0000
0.0000
0.0000
0.7067
0.8591
3.9916
0.0000
0.0000
0.3060
0.0001
0.0018
0.0175
0.0000
0.0000
0.9376
0.0000
0.2076
0.0000
0.0000
0.2218
0.0000
0.0000
0.0936
0.0000
0.0896
0.5250
1.2964
0.0000
0.5298
0.0000
0.0000
0.0000
0.9099
0.3713
0.4868
0.1376
0.0000
0.0000
0.0000
0.0000
0.4053
0.0000
0.0000
0.0000
0.0000
0.0000
0.7922
1.9693
0.0000
0.0000
0.0000
0.8080
0.5420
0.0258
0.0000
0.0000
0.2626
0.0000
0.0000
0.0000
0.0000
0.0000
2.5294
0.0000
0.0000
0.0000
0.0000
0.0000
1.7836
0.0000
0.0000
0.4283
0.0000
0.0000
0.5386
0.0000
0.0000
0.0000
0.0000
0.0000
0.0000
1.2086
0.0000
0.4366
0.0000
0.0000
0.0000
0.0000
0.0000
0.0000
0.1245
0.0000
0.0000
0.0000
0.0000
0.0000
0.0000
0.0000
0.0000
1.7654
0.0000
2.2297
0.0000
0.0000
0.0000
0.0000
0.0000
0.0000
0.0000
0.0218
0.0000
0.0000
0.0000
0.0000
0.0000
0.0000
0.0000
1.5448
0.7756
0.2835
0.0000
0.0000
0.0226
0.8589
0.0000
1.3275
0.0000
0.0000
0.0000
0.0000
0.9427
0.5517
0.0000
0.0000
1.7996
1.6985
1.6133
0.0000
0.0000
0.6090
0.0000
0.4316
0.0000
0.0000
0.8499
0.0000
1.4668
0.0000
0.0000
0.1079
1.5268
0.1287
1.7179
0.0000
2.6639
0.2526
0.0000
0.0000
1.2186
0.0000
0.9976
0.7383
0.0000
0.0000
0.0000
0.0000
0.0000
0.9272
0.0000
0.0000
2.1641
0.0000
0.0000
0.0000
0.0000
2.6440
1.4947
0.0000
0.0000
0.0000
0.0000
0.0000
0.0276
3.6086
0.5517
0.0000
0.0000
0.1074
0.0000
0.0000
1.6364
0.9409
2.0825
0.0000
0.0000
0.0000
0.7160
1.2352
3.2113
0.0000
0.0000
0.0000
0.0000
1.9426
2.0587
0.0000
0.0000
0.0000
0.0000
0.0579
2.8333
0.0000
0.0000
3.1735
0.0000
0.0000
0.0000
0.0000
1.3981
1.2504
0.0439
0.0000
0.0000
0.0000
1.4778
1.9265
0.0000
1.1446
0.0000
0.0777
0.0000
0.0000
3.2702
0.5969
0.9742
0.0000
0.0000
1.6121
0.0000
0.0000
0.0000
0.0000
0.0000
0.0000
4.0249
0.0000
0.0000
0.0000
0.0000
0.0000
0.0000
0.7171
0.4255
0.0000
0.0000
0.7351
0.0000
1.0457
0.0000
0.0000
2.2562
4.5309
0.0000
0.0000
0.0000
0.0000
1.2828
0.0000
0.0000
0.0000
0.0000
0.3190
0.7233
0.0000
0.3768
0.3847
0.0000
0.0000
0.4539
0.0000
0.0000
0.8824
1.2936
0.0000
0.6588
0.0000
0.0000
0.0000
0.0989
0.0000
3.9407
0.0000
0.6404
0.0000
0.0000
0.0000
0.0000
1.3459
0.3994
0.0000
0.7811
0.0000
0.0000
0.0000
0.0000
0.0000
2.4421
0.0000
2.8712
1.8706
0.0000
0.0000
0.0000
0.0000
0.0000
0.0000
0.0000
1.3454
0.0000
0.0000
0.9249
0.0000
1.5332
0.0000
0.0000
0.0000
0.0000
0.0000
2.1473
4.3446
1.5194
0.6445
0.2443
0.0000
2.9306
0.4508
0.0000
0.0000
0.0000
0.8899
0.0000
1.9793
0.0000
0.0000
0.0000
0.0000
0.0000
0.0000
0.0000
0.0000
0.0000
0.0000
0.4254
0.5373
0.0000
0.0000
0.0000
4.0471
0.0000
0.0000
0.0000
0.0000
0.7177
2.9133
0.0000
0.2899
0.0000
0.0000
0.0000
0.0000
0.9448
0.5302
2.9434
0.0000
0.9828
0.0000
0.0127
0.1846
0.0000
1.3629
0.0000
0.0000
0.0000
2.6188
0.3339
0.6377
0.0000
0.0000
0.0554
1.2424
3.5534
0.0000
0.0000
0.0000
0.0000
0.0000
0.0000
0.2696
0.4888
2.4851
0.0000
0.0000
2.6709
1.4878
0.0000
0.0000
0.0000
0.0000
1.2965
0.0000
0.0000
0.0000
0.0000
0.0000
0.9688
1.4433
0.0000
0.0000
2.2866
0.0000
1.4129
0.9271
0.0000
0.0000
0.0000
0.0000
2.9741
0.5907
0.5957
0.0000
0.0000
0.0000
0.9138
2.6779
0.0000
0.0000
0.8893
1.2047
0.7065
0.0000
1.6865
0.2263
0.0000
0.0000
1.1502
1.4950
0.0000
0.0000
0.0000
0.1880
0.0000
1.7173
0.0000
0.1072
0.0905
0.0000
0.0000
0.0000
0.0000
0.0000
1.0435
0.0000
0.0000
0.0000
0.0000
1.7993
0.0000
0.4621
0.0000
0.0000
0.0000
0.0000
0.1075
0.0000
0.0000
0.0000
0.1093
0.5745
0.0000
2.3927
0.0000
0.0000
0.0000
0.0000
0.0000
2.0379
0.0000
0.0000
0.0000
0.0000
0.0000
0.0000
0.6967
0.5365
0.4443
0.0000
0.0000
0.0000
0.0000
0.0000
0.0000
0.4631
0.0046
1.5792
0.0000
0.0000
0.0000
0.0000
0.0000
1.2088
0.1992
0.0000
0.0000
2.1674
0.0000
1.0358
0.0000
2.7457
0.9885
0.0000
0.0000
0.0000
0.0000
0.0000
3.2887
0.0825
0.0000
0.0000
0.0000
0.0000
0.0264
0.5675
0.0000
0.0000
0.0000
0.0000
1.7043
0.0000
0.0000
0.0000
0.3189
0.7982
0.0000
0.0000
0.0000
0.0000
1.3097
0.0000
0.0000
0.0000
0.0000
0.0000
3.1658
0.2297
0.0000
2.2595
0.8667
0.0000
1.0065
0.0000
1.4770
0.0000
0.2499
1.8990
0.0000
0.0000
3.4827
2.8702
0.2815
0.0000
2.7290
0.0000
0.0780
0.0000
0.2037
1.1784
0.0000
0.0000
0.0000
0.0000
1.4947
0.0000
0.0000
0.0000
0.0000
0.0000
0.0000
0.5179
0.0000
0.5696
0.7665
0.0000
0.0000
0.0000
0.0000
0.0652
1.2197
0.0000
0.0000
0.0000
0.0000
0.0073
0.0000
0.0000
0.8402
0.0000
0.0000
0.0000
0.0000
0.5867
0.0000
0.0000
0.0000
0.3645
0.0000
0.0000
0.0000
0.0000
0.0000
0.0000
0.5262
0.0000
0.0000
0.0000
0.0000
0.0000
1.7071
0.0000
0.0000
0.0000
0.0000
1.1100
1.6287
0.6555
0.0000
0.0000
0.6766
2.0253
0.0000
0.0000
0.0000
2.8859
1.2666
0.0000
0.0000
0.0000
0.0000
0.0000
0.0000
0.0000
2.8082
0.0000
0.0000
1.8315
4.1797
0.0000
1.2686
0.0000
0.0000
0.0000
0.0000
2.4437
0.0000
0.0000
0.0000
0.0000
2.5937
0.3304
0.0000
0.6312
0.5412
0.0000
0.0000
0.5409
1.2618
0.0000
0.0000
0.0000
0.0000
0.0000
2.6588
0.0000
1.5842
0.0000
0.7401
2.4566
0.0000
0.6541
0.0000
2.8186
0.0000
0.0000
0.8092
0.0000
0.0000
0.3899
0.2389
0.0000
0.0000
2.2005
0.0000
0.0000
0.0000
0.0000
0.0000
0.0000
1.7195
0.0000
0.0000
0.0000
1.2496
1.6985
0.0000
0.0000
0.0000
0.4950
0.0000
0.0000
0.0000
1.5242
2.8555
0.0000
0.0000
0.9561
0.0000
4.9200
0.0000
2.3004
0.0000
1.9670
0.0000
0.0000
0.0000
0.0000
0.0000
0.0000
0.0000
0.0000
2.7907
2.5049
3.5743
0.2735
0.0745
0.2953
0.0000
0.0000
0.0000
0.0000
0.0000
1.6625
0.0000
0.0000
2.2359
0.0000
0.0000
0.0000
0.9063
1.0780
0.9929
0.0000
0.0000
0.0000
1.0429
0.3499
0.4047
0.5381
0.0000
0.1599
0.3566
1.2316
1.5498
0.0000
0.0000
0.7451
0.0000
0.0000
1.2930
0.9804
0.0000
0.0000
0.0000
0.1310
0.2108
0.0000
0.0000
0.0906
0.0000
0.0000
0.0000
2.0799
2.6285
0.0000
0.0000
0.2495
3.2796
0.0000
0.8934
0.0000
0.0000
0.0000
0.0000
0.0000
0.0000
0.0000
0.1099
0.0000
2.5990
0.0000
0.0000
0.7933
0.0713
0.6414
0.2532
0.8129
0.0000
0.2635
0.0000
1.2659
0.6245
0.3442
0.3298
0.0000
0.0000
0.0000
0.0000
0.0000
0.0000
0.2717
1.1265
0.0000
0.0000
0.0000
0.0000
0.0000
4.3439
0.0000
0.3696
0.0000
0.5774
0.0000
0.0000
0.0000
0.0000
1.8500
0.0000
1.0063
0.6861
0.0000
2.4814
1.0010
0.0000
0.0000
1.1477
0.5902
0.0000
0.0000
0.0000
0.0000
0.0000
0.7941
0.0000
0.0000
0.0000
0.4057
0.0000
0.0000
0.3964
0.0000
0.1971
0.0000
0.0000
1.3147
0.0000
0.0000
0.0000
2.1825
0.5332
0.0904
0.0473
1.7031
0.0000
0.0000
0.0000
0.6572
0.0000
0.0000
0.0000
0.0000
0.0000
0.0000
5.3151
0.8006
0.0000
1.9583
0.6597
0.5811
1.5985
0.0000
2.1167
0.2869
0.0000
0.0000
0.0000
0.0000
0.0000
0.0000
0.0000
1.3945
1.0325
0.0000
0.0000
0.0000
0.0000
0.0000
2.1573
0.0000
1.5650
0.0000
0.0000
1.9537
0.0000
