0.0000
0.0000
0.0000
0.0000
2.7593
0.9212
0.0000
1.2345
0.4781
2.5342
0.0000
0.0000
0.0000
0.0000
0.0000
0.0000
0.0000
0.0000
0.0000
0.0000
0.0000
0.0000
5.5237
0.0000
0.3308
0.0000
0.0000
4.2553
0.0000
0.0000
0.0000
0.0000
0.1694
0.0000
0.0264
0.0000
0.0000
0.0000
0.0000
1.8069
0.0000
0.0000
0.0000
0.0000
0.1992
0.0000
0.0000
0.0000
0.0000
0.0000
0.0000
0.0000
0.0000
0.0000
0.0000
0.0000
0.1606
0.0000
0.0000
0.0000
0.0000
0.5337
0.0000
0.4104
0.0000
0.0000
0.0000
0.3604
0.5970
0.0000
0.0000
2.2232
0.0000
0.0000
0.0000
1.0235
0.0000
0.0000
0.0000
0.0000
2.4010
0.0000
0.0000
0.0000
0.0000
0.0000
0.5171
0.0000
4.0781
0.0000
0.9082
0.0000
0.0315
2.6387
0.0000
0.0000
0.0000
0.0000
4.6726
0.0000
0.6165
0.0000
0.0000
0.0000
0.0000
0.0000
0.0000
0.0000
0.0000
1.6715
0.0000
0.0000
0.0000
0.0000
0.0000
0.0000
1.5928
0.0000
0.0000
0.0000
3.1009
0.0000
3.3236
0.0000
1.5595
0.0000
1.2701
0.0000
1.9226
0.0000
1.7351
0.0000
0.0000
0.0000
4.7133
0.0000
0.8730
1.7864
0.0000
1.8041
5.7620
0.0000
0.0415
0.3841
0.7164
0.0000
0.0000
1.4557
0.1438
0.0000
0.0000
0.9943
0.0000
0.1710
0.0000
0.0000
0.0000
1.9707
0.0000
0.0000
1.6877
0.0000
0.0000
0.0000
0.0000
0.9812
0.0000
0.1114
0.0000
2.9328
0.0000
0.0000
0.0000
0.0000
1.1198
0.0000
0.0000
0.0000
0.0000
1.9361
3.5487
4.1467
0.0000
0.0000
0.0000
0.0000
1.9801
0.4162
0.3944
0.1698
0.0000
0.0000
0.0000
0.0000
0.0000
0.0000
0.0000
0.0000
2.3049
5.2025
0.0000
0.0000
0.0000
0.0000
0.0000
0.7040
0.0000
0.0000
0.0000
0.0000
0.0000
0.4043
0.0000
1.1638
0.0000
0.0000
0.0000
0.0000
0.0000
0.0000
0.0000
0.0000
0.0000
0.0000
0.0000
0.0000
0.5882
0.3349
0.0000
0.0000
0.0000
0.0000
0.0000
0.0000
1.5301
0.0000
1.3185
0.1335
5.1257
0.0000
0.0000
0.0000
0.0000
0.0000
0.0000
0.0000
0.0000
0.0000
0.0000
0.0000
0.0000
0.0000
0.0000
1.7842
0.0000
0.0000
0.0000
0.0000
0.0000
0.0000
0.0000
0.2204
0.0000
0.0000
0.0000
0.0000
3.7723
0.0000
0.0000
0.0000
2.1827
0.0000
0.0000
0.0000
0.7394
0.0000
0.0000
0.0000
4.3401
0.0000
1.0133
0.0000
0.2581
0.0000
0.0000
0.2390
0.1610
0.0000
0.0000
0.0000
0.0000
0.0000
0.0000
0.0971
1.2624
0.0000
0.2837
0.0000
0.0000
3.2220
0.0000
0.0000
0.0000
0.0000
0.0000
0.0000
0.1099
0.0000
0.0000
0.0000
0.0000
0.0000
0.0000
0.0000
0.7301
0.0000
1.0788
0.0000
0.0000
0.0000
0.0000
0.6174
0.0000
2.7165
0.0000
2.7248
0.0000
0.0000
0.0000
0.0000
0.0000
0.0000
0.0000
0.0000
0.0000
1.7125
1.0502
0.0000
0.0000
5.7856
0.0000
0.0000
0.0000
0.0410
0.0000
4.7747
0.0000
0.0000
0.0000
0.0000
0.0000
1.9234
0.0000
0.0000
3.7322
1.8626
0.0000
0.0000
0.7496
0.0000
0.0000
0.0000
0.0000
0.0000
0.0000
0.0000
0.0000
0.0000
0.0000
0.0000
0.0000
0.0000
0.0000
0.0000
0.0000
1.0086
0.0000
4.0623
0.0000
0.0000
3.3915
0.0000
0.0000
0.0000
0.0000
0.0000
0.1557
0.0000
1.4846
0.0000
3.3032
0.0000
0.0000
0.0000
0.0000
0.0000
0.0000
0.0000
0.0000
0.0000
0.0000
0.0000
0.0000
0.0000
0.0000
1.2191
0.0000
0.0000
1.8755
0.0000
0.0000
0.0000
0.0000
3.9370
0.0000
0.0000
0.0000
0.2244
0.0000
0.0000
0.3078
0.0000
3.0241
0.0000
0.0000
0.0000
0.5149
0.0000
0.0000
0.0000
0.0000
0.0000
0.0000
0.0000
0.0000
0.0000
0.0000
0.0000
0.0000
0.0000
2.1282
0.0000
0.0000
0.0000
3.3085
1.9951
0.0000
0.0000
2.2463
0.0000
0.0000
0.0000
0.2034
0.0000
0.0000
0.0000
0.0000
0.0000
0.0000
0.0000
0.6476
0.0000
0.0000
0.0000
2.3502
0.0000
0.0000
4.1547
0.0000
0.0000
0.0000
0.0000
0.0000
0.0000
0.0000
0.0000
0.5506
0.3281
0.0000
0.0000
0.0000
0.0000
0.0000
0.0000
0.7511
0.0000
0.0000
0.0271
0.0000
1.9915
0.0000
0.0000
0.0000
0.0000
0.0000
1.8873
0.0000
0.0000
0.0000
0.0000
0.0000
0.0000
0.0000
0.0000
0.0000
0.0000
0.0000
0.0000
0.0000
0.9511
0.0000
0.0000
0.0000
0.0000
0.0000
2.7432
0.0000
0.0000
6.5034
0.0000
0.0000
2.3741
0.0000
0.3806
0.0000
0.0000
0.0000
0.0000
0.0000
0.7503
2.1804
0.8929
2.0651
0.0000
0.1791
0.0000
0.0000
0.0000
0.0000
0.0000
0.0000
0.0000
0.0000
0.0000
0.2340
0.0000
0.0000
0.0000
1.5553
0.0000
0.0000
0.0000
0.0000
0.0000
0.0000
0.0000
0.0000
0.0000
0.0000
0.2735
2.4743
2.1100
0.0000
1.0689
0.0000
0.9314
0.0000
0.0000
0.0000
0.0000
0.0000
0.0000
0.0000
0.0000
0.0000
0.0000
0.0000
0.0000
0.0000
0.0000
0.0000
0.0000
0.0000
0.0000
0.0000
0.0000
0.0000
1.1174
0.0000
0.0000
0.0000
0.0000
0.0000
0.0000
0.0000
0.0000
0.0000
0.0000
4.7214
0.0000
0.0000
0.0000
0.0000
0.0000
0.0000
0.0000
0.0000
0.0000
0.0000
0.0000
0.0000
0.0000
0.0000
1.2589
0.0000
0.0000
1.8585
0.0000
0.0000
0.0000
3.5125
0.0000
0.0000
0.0000
0.0000
0.0000
0.0000
0.0000
0.0000
0.0000
0.0000
0.0000
0.0000
0.0000
0.0000
3.4533
0.0000
0.0000
0.0000
0.0000
0.0000
0.0000
0.0000
0.0000
0.4749
0.0000
0.0000
0.9238
0.6543
0.0000
0.0000
1.9189
1.0983
1.2882
0.0000
0.0000
0.6986
0.0000
0.0000
0.0000
0.0000
2.3853
3.5662
0.0000
0.0000
0.0000
0.0000
0.0263
0.0000
0.0000
0.5708
0.0000
0.0000
0.0000
0.0000
0.1020
0.0000
0.0000
0.0000
0.0000
0.0000
1.7861
0.0000
0.0000
0.0000
3.8619
0.0000
0.0000
0.0000
0.5323
0.0000
0.0000
0.2059
0.0000
0.2605
0.0000
0.0000
0.0000
0.7120
0.0000
0.1981
0.0000
0.0000
2.1842
0.0000
0.0000
0.0000
0.0000
1.2578
0.0000
0.0000
3.1989
0.0000
0.0000
0.0000
0.0000
0.0000
0.0000
0.0000
0.0000
0.0000
0.0000
2.0684
1.4671
0.0000
0.0000
0.5085
0.0000
0.0000
0.0487
0.0000
0.0000
0.0000
1.9237
0.0000
0.0000
0.0000
0.4119
1.2336
1.9482
0.9646
0.2044
0.0000
0.1069
0.0000
0.0000
0.0000
0.0000
1.9168
0.0000
0.0000
0.0000
0.0000
0.0000
0.0000
0.0000
0.0000
0.0000
0.0000
0.0000
2.1112
0.0000
4.9841
0.0000
0.0000
1.0103
0.0000
0.4314
0.0000
0.0000
0.0126
0.0000
0.0000
0.0000
0.0000
0.0000
0.0000
0.0000
0.0000
0.0000
0.0000
0.0000
0.0000
0.0000
0.0000
0.0000
0.6064
0.8523
0.0000
0.0000
0.0000
0.0000
0.0000
0.5219
0.0000
0.0000
0.0000
0.0000
0.0000
0.0000
0.0000
0.0000
6.3809
0.0000
0.0000
0.0000
0.0000
0.0000
0.0000
0.0000
0.0000
0.0000
0.0000
0.0000
0.0000
0.0000
0.7879
0.0000
0.1382
0.0000
0.0000
0.0400
0.0000
0.0000
0.7005
0.0000
0.0000
0.0000
0.0000
0.0000
1.6399
0.0000
0.0000
0.0000
0.0000
0.0000
0.0000
0.7159
0.0000
0.0000
0.0000
0.0000
0.0000
0.0000
0.0000
0.0000
0.3213
0.0000
1.8280
0.0000
0.0000
2.2455
0.0000
0.0000
0.0000
0.0000
0.0000
0.0000
0.0000
0.0000
0.0000
0.2670
0.0000
1.8607
0.0000
0.0000
0.0000
0.0000
0.0000
0.0000
0.0000
0.0000
0.8863
3.1554
0.0000
0.0000
0.5561
1.4684
1.7351
0.0000
0.0000
0.0000
0.0000
0.0000
0.0000
0.0000
0.0000
0.0000
0.0000
0.0000
1.9123
0.0000
1.6446
0.0000
0.0000
0.0000
0.0000
1.5431
2.2840
0.0000
0.0000
0.0000
0.0000
0.0000
0.0000
0.0000
0.0000
0.0000
0.0000
0.0000
0.0000
0.0000
4.2863
0.0000
0.0000
0.0000
0.0000
0.0000
0.0000
0.0000
0.0000
0.0718
0.0000
0.8781
0.0000
6.8746
1.7925
0.0000
0.4940
0.0000
0.0000
0.0000
0.0000
0.0000
0.0000
0.0000
0.0000
0.0000
0.0320
0.0000
0.0000
0.0000
0.0000
0.0000
1.0853
1.5044
0.0000
5.7760
0.0000
6.0416
0.0000
0.4080
0.0000
0.0000
0.0000
0.0000
0.0000
0.0000
0.1909
0.0000
0.0000
2.4386
0.0000
0.0000
0.0000
0.0000
0.0000
0.0000
4.7278
0.0000
2.8572
0.0000
3.6046
0.0000
0.0000
0.0000
1.2114
0.0000
0.0000
0.0000
0.0000
0.3551
0.0000
4.4070
1.3365
0.0000
4.0844
0.0000
0.0000
3.1083
0.0000
0.0000
0.0000
0.0000
0.0000
0.0000
0.0000
0.0000
0.0000
5.5897
0.0000
0.0000
0.0000
0.7108
0.0000
0.0000
0.0000
0.0000
0.0000
3.1546
0.0000
0.5249
0.0000
0.6178
0.5173
0.0000
0.0000
0.0000
0.0000
2.6451
0.0000
0.0000
0.0000
0.4086
0.2037
0.0000
3.9294
0.0000
0.0000
1.9823
1.6725
0.0000
2.3520
0.0000
1.6848
0.0000
0.8397
0.0000
1.4393
0.0000
0.0000
0.0000
0.0000
0.0000
0.0000
0.0000
2.6678
0.0000
0.0000
0.0000
1.3430
0.0000
0.0000
0.0000
0.0000
0.0000
0.0000
0.0000
0.4278
0.0000
1.2074
1.1294
0.0000
0.0000
0.7758
0.0000
0.0000
0.0000
0.0000
0.0000
4.4506
0.0000
0.0000
0.0000
0.0000
0.0000
2.1889
0.0000
0.0000
0.0000
0.0000
0.0000
0.0000
0.0000
0.0000
0.0000
0.0000
0.0000
0.0000
0.0000
1.0297
0.1363
0.0000
0.0000
0.0000
0.0000
0.0000
0.6350
0.0000
0.0300
0.0000
0.0000
0.0000
0.8518
0.0000
0.0000
0.0000
0.0000
0.0000
1.0845
0.2585
0.6745
0.0000
0.0000
1.1161
0.0000
3.3549
0.0000
0.0000
0.0000
0.0000
0.0000
0.0000
0.0000
2.6438
0.0000
0.0000
0.0000
0.0000
0.0000
0.0000
0.0000
0.0000
1.4814
0.0000
0.0000
0.0000
0.0000
0.0000
0.0000
0.0000
0.0000
0.0000
0.0000
3.0724
3.2245
0.9334
0.0000
0.0000
0.0000
0.0000
0.0000
0.0000
0.0000
0.0000
0.0000
0.8771
0.0000
1.7982
0.4051
0.0000
0.0000
0.0000
0.0000
0.0000
0.0000
4.5583
0.0000
0.0000
0.2610
2.9440
0.0000
0.0000
1.0682
1.4804
3.8951
0.0000
0.5911
0.0000
0.0000
0.0000
1.7201
0.0000
0.0000
0.0000
0.0000
0.0000
0.0000
0.0000
0.0000
1.9220
0.0000
0.0000
0.0000
0.0000
0.0000
0.0000
0.0000
0.0000
0.0540
1.8045
0.0000
0.0000
0.0000
0.9850
0.0000
0.0000
0.0000
0.0000
0.0000
1.3978
0.0000
3.5878
0.0000
0.0000
0.0000
0.0000
0.0000
0.0000
0.0000
0.0000
0.0000
0.0000
3.4300
0.0000
0.0000
0.0000
0.0000
0.9417
0.0000
0.0000
0.0000
0.7746
0.0000
0.0000
0.0000
1.9189
0.0000
0.3640
0.0000
0.0000
0.0000
0.0000
0.9839
0.0000
0.0000
0.0000
0.0000
1.0124
1.1623
0.0000
0.0000
2.0681
0.0000
1.0515
0.0000
0.0000
3.3173
0.0000
0.0000
0.0000
0.0000
0.0000
3.5762
0.0000
0.3022
0.0000
0.0000
0.0000
0.0000
0.0000
2.0662
2.3413
0.0000
0.6683
0.0000
0.0000
0.0000
0.0000
0.0000
0.0000
0.0000
0.0000
0.0000
0.0000
0.0000
1.4933
0.0000
0.0000
0.4301
0.0000
0.0000
3.0187
0.0000
0.0000
0.0000
0.0000
0.0000
0.0000
0.0000
0.0000
0.0000
3.4815
0.0000
0.0000
1.2538
0.0000
0.0000
0.0000
0.0000
0.0000
0.0000
0.5050
0.0000
0.1520
0.0000
0.0000
0.0000
0.8629
0.9741
0.8961
0.0000
0.0000
0.0000
0.0000
0.0000
0.0000
0.0000
0.0000
0.0000
0.0000
0.0000
0.0000
0.2167
0.0000
0.0000
0.0000
2.7181
0.0000
1.7432
0.0000
0.0000
0.0000
0.0000
0.0000
0.0000
0.0000
0.0000
0.0000
0.0000
0.0000
0.7656
0.0000
0.0412
0.0000
0.0000
0.0000
0.0000
0.0000
0.0000
0.0000
0.0000
0.0000
0.0000
0.0000
0.0000
0.0000
0.0000
1.4781
3.8716
0.0000
0.8888
0.0000
0.0000
0.0000
0.0000
0.0000
0.0000
0.0000
0.0000
0.0000
0.0000
0.0000
0.6018
1.3136
0.0000
0.0000
2.1528
0.0000
0.0000
2.0783
0.0000
1.4806
0.0000
0.0000
0.0000
0.0000
3.2091
3.0733
3.9487
0.0000
0.0000
0.0000
0.0000
0.0000
0.0000
0.0000
1.5558
0.0000
0.0000
0.0000
0.0000
0.0000
0.0000
0.0000
0.0000
0.0000
2.1198
1.8091
0.0000
0.0000
3.1996
0.0000
0.0000
0.0000
0.0000
0.0000
2.1312
0.0000
0.0000
2.8569
0.0000
0.0000
0.0000
0.0000
0.0000
0.0000
0.0000
0.0000
0.0000
0.0000
0.0000
0.0000
0.0000
0.0000
0.0000
0.0000
1.7931
0.0000
3.9375
0.0000
1.2781
0.0000
0.0000
0.0000
0.0000
0.0000
0.0000
0.0000
0.0000
4.2158
0.0000
4.1368
2.0676
0.0000
0.0000
0.0000
0.0000
0.0000
0.0000
0.0000
0.0000
0.0000
0.0000
1.2468
0.0000
0.6886
0.0000
0.0000
0.0000
0.0000
0.0000
0.7825
0.0000
0.0000
3.8743
6.1779
0.0000
0.0000
0.0000
0.0000
3.3045
0.0000
0.0000
0.0000
0.0000
0.0000
1.0168
0.0000
0.0000
0.0000
0.0000
1.2585
1.1437
0.0000
0.3542
0.0000
0.0000
0.0000
0.9833
0.0000
0.0000
2.6042
0.0000
0.5914
0.0000
0.0000
0.0000
0.0000
0.0000
6.1738
2.1728
0.0000
0.0000
0.0000
0.0000
0.0000
0.0000
0.0000
0.0000
0.0000
0.0000
0.0000
0.0000
0.0000
0.0000
0.0000
0.4736
0.0000
1.0688
0.0000
0.0000
0.0000
0.5555
0.0000
0.0000
0.0000
0.0000
0.0000
0.0000
2.2584
1.3435
0.0000
0.0000
0.0000
0.0000
4.0188
0.0000
1.0649
0.0000
0.0000
0.9781
0.0000
0.9943
0.0000
0.0000
0.9121
1.4175
0.0000
0.0000
0.0000
0.0000
0.0000
0.0000
0.0000
5.0728
0.0000
0.0000
0.0000
0.0000
0.0000
0.0000
0.4935
0.0000
0.0000
0.0000
2.4527
0.0000
0.0000
0.0000
0.0000
0.0000
0.0000
0.0000
1.9064
0.0000
0.0000
0.0000
0.0000
1.3319
0.0000
0.0000
0.0000
0.3998
0.0000
2.8500
0.0000
0.0000
0.0000
0.0000
0.0000
0.0000
0.0000
0.0000
0.0000
2.1397
0.0000
0.0000
0.0000
2.5971
0.0707
0.0000
1.5185
0.0000
0.0000
0.0000
0.0000
0.0000
0.0000
0.0000
0.0000
2.5053
1.2396
0.0000
0.0000
0.0000
0.0000
0.0000
0.0000
0.0000
0.0000
0.0000
0.0000
0.0000
0.0000
0.0000
3.3402
0.0000
2.1272
0.0000
0.0000
2.6407
0.0000
0.0000
0.7433
2.5930
0.0000
2.0631
4.4120
2.4637
2.9001
0.0000
0.0000
0.0000
0.0000
0.0000
0.0000
0.0000
0.0000
0.0000
0.0000
0.0000
0.0000
0.0000
0.0000
0.0000
0.5206
0.0000
0.0000
0.0000
0.0000
0.0000
0.0000
0.0000
0.0000
0.1222
0.0000
0.0000
0.0000
0.0000
0.0000
0.0000
0.0000
0.0000
0.0000
0.0000
0.0000
0.0000
0.0000
0.0000
0.0000
0.0000
0.0000
0.3424
0.0000
0.8661
0.0000
0.0000
0.0000
3.5443
0.0000
0.0000
0.0000
0.0000
0.0000
0.0000
2.8506
2.9008
0.0000
0.0000
0.0000
3.2428
0.0000
0.0000
0.0000
0.0000
0.4131
0.0000
0.0000
0.0000
0.0000
0.0000
0.0000
0.0000
0.6933
1.8300
0.0000
0.0000
0.0000
0.0000
0.0000
0.0000
0.0000
0.0000
0.0000
3.3792
0.0000
1.9962
3.9163
0.0000
0.0000
1.7986
0.0000
0.0000
0.0000
5.2946
0.0000
0.0000
0.0000
0.0000
2.9000
0.0000
0.0000
4.3551
0.0000
0.0000
0.0000
0.0000
0.0000
0.6447
0.0000
0.0000
0.0000
2.4589
1.8062
0.0000
0.0000
2.0253
0.0000
3.4431
0.0000
0.0000
0.0000
0.0000
0.0000
0.0000
0.0000
0.0000
0.0000
3.4940
0.0000
0.0000
2.6668
0.0000
0.0000
0.0000
0.0000
0.0000
0.0000
0.0000
0.0000
0.5612
0.0000
0.0000
1.9294
0.0000
0.0000
0.9857
0.0000
1.7943
0.0000
0.0000
0.0000
0.0000
0.0000
0.0000
0.0000
0.0000
0.0000
0.0000
0.0000
0.0000
0.0000
0.0000
0.0000
0.0000
3.3613
0.0000
2.6186
6.7403
0.0605
0.0000
0.0000
0.0000
0.0000
0.0000
0.0000
2.3097
0.0000
1.3386
0.0000
0.0000
0.0000
0.0000
2.1858
0.0000
0.0000
0.0000
0.0000
0.0000
0.0000
0.0000
2.6715
0.0000
0.0000
0.7911
0.0000
0.0000
0.0000
0.0000
0.9269
0.0000
0.0000
0.0000
0.0000
0.0000
0.0000
0.0000
0.0000
0.0000
0.0000
0.0000
0.0000
0.0000
0.0000
0.0000
0.0000
0.0000
0.0000
0.0000
0.0000
0.0000
3.3436
0.0000
0.0000
0.0000
1.3353
0.0000
0.0000
0.0000
1.2059
0.5166
0.0000
0.8723
0.0000
0.0000
0.0000
1.4389
0.0000
0.0000
0.0000
0.0000
0.7959
0.0000
1.2760
0.7300
0.0000
0.0000
0.0000
0.0000
0.0000
0.0000
0.0000
0.0000
0.0000
0.3882
0.0000
0.0000
0.0000
0.8601
1.5089
2.0317
0.0000
0.0000
1.7993
0.1702
0.0000
0.0000
3.7153
0.0665
1.4485
0.0000
0.0000
0.0000
0.0000
0.0000
1.1270
0.0291
0.0000
0.0000
0.4545
0.8979
0.0000
0.0000
0.0000
0.7987
0.1665
0.0000
0.0000
3.0116
0.0000
0.0000
0.2261
2.2344
0.0000
0.0000
0.0000
0.0000
0.0000
0.0000
0.0000
0.0000
4.1134
1.0725
0.0000
1.7243
2.3680
0.0000
0.0000
1.2635
0.0000
0.0000
0.1003
0.0000
0.3770
0.0000
0.0000
0.0000
0.0000
1.0540
2.3739
0.7914
0.0000
0.0000
0.3377
1.0188
0.0000
3.7383
3.2084
0.0000
0.0000
0.0000
3.0553
0.0000
0.0000
0.0000
1.5702
0.0000
0.0000
0.0000
0.0000
0.0000
0.0000
0.0000
2.1240
0.0000
0.0000
0.0000
0.0000
0.4368
2.5829
2.0586
0.0000
0.0000
0.0000
0.4235
2.6252
0.0000
0.0000
0.0000
0.0000
0.0000
0.0000
0.0000
0.0000
0.0000
1.6576
0.0000
0.0000
1.2063
0.0000
0.0000
1.3166
0.1078
0.0000
0.2370
0.0000
0.0000
0.0000
0.0000
0.0000
1.4668
0.0000
0.0000
0.0000
2.7678
0.0000
0.0000
0.7011
0.0000
0.0000
0.0000
0.0000
0.0000
0.0000
0.0000
0.0000
0.0000
0.0000
0.0000
2.0993
0.0000
0.0000
0.0000
0.0000
0.0000
0.0000
0.0000
1.9633
0.0000
0.0000
0.0000
0.0000
0.0000
0.0000
0.0000
0.0000
0.0000
0.0000
0.0000
0.0000
1.8350
0.0000
0.0654
0.0428
0.0000
0.3543
0.0000
0.0000
0.0000
0.0000
0.8751
0.0000
0.0000
0.0000
0.0000
2.4184
4.6093
0.0000
2.9512
0.2081
4.0547
0.0000
0.0000
0.0000
0.6074
0.0000
0.8454
0.0000
0.0000
0.0000
0.0000
0.0000
1.8920
0.0000
0.1726
0.0000
0.0000
0.0000
3.0221
0.0000
0.0000
2.2568
0.9983
0.0000
0.0000
0.0000
0.0000
0.0000
0.3626
0.8479
0.0000
0.0000
0.1773
0.0000
0.0000
0.0000
0.0000
0.1860
0.0000
0.0000
0.0000
0.0000
0.0000
0.0000
2.7154
1.7450
2.0183
0.0000
0.4025
0.0000
0.6971
0.0000
0.0000
0.0000
0.0000
3.0815
2.7612
0.0000
0.0000
0.0000
0.0000
0.0000
0.0000
0.0000
0.0000
0.0000
0.0000
0.0000
0.0000
0.0000
0.1551
0.0000
0.0000
3.8197
0.0000
0.0000
0.0000
0.0000
0.0000
1.0106
0.0000
0.0000
0.0000
0.4711
2.2152
0.0000
0.0000
0.0000
0.0000
0.0000
0.0000
0.0000
0.0000
0.0000
0.0000
0.0000
0.0000
0.0000
0.0000
0.0000
0.0000
0.0000
0.0000
0.0000
0.0000
0.0000
0.0000
2.2827
0.0000
0.0000
0.0000
2.3677
0.0000
0.0000
0.0000
4.4759
0.0000
0.0000
1.8227
0.0000
0.0000
0.0000
1.8559
1.1104
0.0000
0.0000
0.0000
0.0000
2.1549
0.0000
0.0000
0.0000
2.3619
0.0000
1.0789
1.6019
0.0000
2.5233
0.0000
0.0000
0.0000
0.8343
0.0000
0.0000
0.0000
2.3016
0.0000
0.0000
0.0000
0.0000
0.0000
0.0000
0.0000
1.4787
0.0000
0.0000
0.0000
0.0000
0.0000
0.0000
0.0000
0.0000
0.0000
0.2141
0.0000
0.0000
2.8780
0.0000
0.0000
0.0000
0.0000
0.9766
0.0000
0.0000
3.6171
0.0116
0.0000
0.0000
0.0000
0.0000
0.0000
0.5683
0.0000
0.0000
1.2679
0.0000
0.0000
0.0000
0.0000
0.0000
0.0000
0.0000
0.0000
0.0000
0.0000
0.0000
0.0000
0.0000
0.0000
0.0404
0.0000
3.5991
0.0000
0.0000
0.0000
1.7176
0.0000
0.0000
0.0000
0.0000
0.0000
0.0000
0.0000
0.0000
3.1669
0.0000
0.0000
0.0000
0.0000
2.4785
8.2901
0.0000
0.0000
0.0000
0.0000
0.0000
0.0000
0.5860
0.0000
0.0000
0.0000
0.0000
0.0000
0.0000
0.0000
0.0000
0.0000
0.0000
0.0000
0.0000
0.0000
0.0000
0.7003
0.0000
0.0000
0.5888
0.0000
0.0000
0.6884
0.0000
0.0000
0.1325
0.0000
0.5125
0.6662
0.0914
0.0000
1.8362
0.0000
1.4292
0.0000
2.3689
0.0000
0.0000
0.0000
0.0000
0.0000
0.0000
0.5113
0.0000
0.0000
2.5003
0.0000
4.6869
0.0000
0.0000
0.0000
1.3014
0.0000
0.0000
0.0000
0.0000
0.0000
0.0000
0.0000
1.6172
0.0334
0.0955
0.0000
0.0000
0.0000
0.0677
0.0000
0.0000
0.0000
0.0000
1.0507
0.0000
0.0000
0.0000
0.0000
0.0000
0.0000
0.0000
3.5249
0.0000
0.0000
0.0584
0.0000
0.0000
0.0000
0.0000
0.5431
0.0000
0.0000
0.0000
0.0000
0.0000
0.0000
0.0000
0.2983
2.1585
0.0000
0.0000
0.0000
0.0000
0.0000
0.0000
0.0000
0.0000
0.0000
0.0000
0.0000
0.0000
0.0000
0.0000
1.1761
0.0000
0.8637
0.0000
0.0000
1.4431
0.0000
0.0000
0.0000
0.0000
1.4247
0.0000
1.6801
0.0000
1.7790
0.0000
0.0000
0.0000
0.0000
5.9298
1.2581
0.0000
1.0942
0.0000
0.3730
0.4376
0.0000
0.0000
0.0000
0.0000
0.0000
0.0000
0.0000
0.7911
0.0000
0.0000
0.0000
0.0000
0.0000
0.0000
0.0000
0.0000
0.0000
0.0000
0.0000
0.0000
0.0000
0.0000
3.8561
0.0000
0.0000
0.0000
0.0000
0.1815
0.0000
0.0000
0.0000
4.8007
0.0000
0.0000
0.0000
0.0000
0.7612
0.0000
0.5474
2.1308
0.5192
0.0724
0.0000
0.0000
0.0000
0.0000
0.8434
0.0000
0.0000
0.0000
0.0000
0.4070
0.0000
0.0000
0.0000
0.0000
0.0000
0.0000
0.0000
0.0000
0.0000
0.0000
0.0000
0.0000
0.0000
0.0000
0.1442
0.5039
0.0000
0.0000
0.0000
0.0000
0.0000
0.0000
0.0000
0.0000
0.0000
0.0000
2.2374
0.0000
0.1262
0.0000
0.0000
0.0000
0.0000
0.4206
3.1272
0.0000
0.0000
0.0000
0.0000
0.0000
0.5224
0.0000
0.0000
0.0000
1.4685
0.0000
0.0000
0.2058
0.0000
2.5824
0.0000
0.0000
0.0000
0.0000
0.0000
0.0000
0.0000
0.0000
8.0977
0.0000
7.8422
1.6273
0.0000
0.0000
0.0000
1.0557
0.0000
0.0319
0.0000
0.0758
0.0000
0.0000
0.0000
2.2343
0.0959
0.0000
0.9895
0.0000
0.0000
0.0000
0.1754
0.0000
0.0000
0.0000
3.1113
0.0000
0.0000
0.0000
0.0000
0.0000
0.8493
0.0000
0.0000
0.0000
0.0000
0.0000
0.0000
4.1877
0.0000
1.4216
0.0000
0.0000
1.9602
4.0076
0.0000
0.0000
0.0000
0.0000
0.0000
1.5638
0.0000
1.3431
1.5626
0.0000
0.0000
0.0000
0.0000
0.0000
0.0000
0.2774
3.0102
0.0000
0.2008
0.0000
0.3994
0.0000
1.2348
2.4548
0.0000
0.0000
0.8174
0.0000
0.0000
0.0000
0.0000
0.7547
0.0000
0.0000
0.5977
0.0000
0.0000
1.6239
0.0000
0.0000
0.0000
0.0000
0.0000
1.0655
0.0000
0.0000
0.0000
0.7141
0.0000
1.3020
0.0000
0.0000
0.0000
0.0000
0.0000
0.0000
0.0000
0.4224
1.6327
0.0000
0.0000
0.0000
0.0985
0.0000
0.1816
0.0000
0.0000
0.0000
0.0000
0.0000
0.0000
0.2679
0.8362
0.0000
1.1756
2.1325
3.1340
0.0000
5.3873
0.0000
0.0000
0.0000
0.0000
0.4844
0.0000
0.0000
0.0000
0.0000
2.1505
0.0000
0.0000
1.2693
0.0000
0.0000
0.0000
2.0991
0.0000
0.0000
0.0000
0.0000
0.0000
0.0000
0.6765
0.0000
0.0000
1.0203
0.0000
4.7546
0.0235
0.0000
0.0000
1.0153
0.0000
0.0000
0.0000
0.0000
0.0000
2.4133
2.1190
0.0000
4.7622
0.0000
0.0000
0.0000
0.0000
0.0000
1.8346
0.0000
1.1659
0.0000
0.0000
1.2168
0.0000
0.9027
0.0000
0.0000
0.0000
0.0000
0.0000
0.0000
0.0000
0.1648
0.0000
0.0000
0.9836
0.0000
0.0000
0.0000
0.0000
0.0000
0.0000
0.0000
1.1475
3.3878
0.0000
1.4886
0.0000
0.0000
0.0000
0.0000
0.1475
0.0000
0.0000
0.0000
0.0000
0.0000
0.0000
0.0000
3.7604
1.5197
0.0000
0.0000
0.0000
1.6568
3.6319
0.0000
0.0000
0.0000
0.0000
0.0000
0.0000
0.0000
0.0000
0.0000
0.0000
0.0000
0.0000
0.0000
1.4846
0.0000
0.0000
2.7836
1.2704
0.0000
0.0000
0.0000
0.0000
0.0000
0.0000
5.7492
1.2889
0.0000
0.0000
0.0000
0.0000
0.0000
0.2723
3.0177
0.0000
0.7348
1.6062
5.6697
1.6881
0.0000
0.0000
0.0000
0.0000
0.0000
1.1454
2.8834
0.0000
0.0000
3.6209
0.0000
0.0000
0.0000
0.0000
0.0000
0.0000
0.0000
0.0000
0.0000
0.0000
2.6506
0.0000
0.0000
0.0605
1.9847
2.7249
0.0000
0.0000
0.0000
0.4979
0.0000
0.0000
0.0000
1.0430
3.3274
0.0000
0.0000
0.0000
0.0000
0.7400
0.0000
0.0000
0.9501
0.0000
0.0000
0.3254
0.0000
0.0000
0.0000
0.0000
0.0000
0.0000
0.0000
0.0000
0.0000
0.0000
0.0000
0.0000
0.0000
1.7497
0.0000
0.7836
0.0000
1.9976
0.7682
0.0000
0.0000
0.0000
0.0000
0.0000
0.0000
0.4793
0.8168
0.0000
0.0000
0.0000
3.3688
0.5482
3.0143
1.3745
1.2998
0.0000
1.6265
0.0000
0.0000
0.0000
0.0000
0.0000
0.0000
0.0000
0.0000
0.0000
0.0000
0.0000
0.0000
0.0000
0.0000
0.0000
3.9181
0.0000
0.0000
1.5446
0.0000
1.0301
0.0000
0.5471
3.1946
0.0000
4.0756
0.0000
1.7327
1.2666
2.3204
0.0000
1.6127
0.0000
0.0000
1.5537
0.0000
0.0000
0.0000
0.0000
0.0000
0.0000
0.0000
0.0000
5.2867
0.4549
0.0000
0.0000
3.7738
3.2022
0.0000
0.7609
7.2178
0.0000
0.0000
0.0000
0.0000
0.0000
0.0000
6.0619
0.0000
0.0000
0.0731
0.0000
0.0000
0.0000
0.0000
0.0000
0.0000
0.0000
2.6800
0.0000
0.9462
0.0000
0.0000
0.0000
0.0000
2.5487
0.0000
0.0000
0.0000
0.0000
0.0000
0.6954
0.0000
0.8110
0.0000
0.0000
4.2089
0.0000
0.0000
0.0000
0.0000
0.3912
0.0000
0.0000
0.0000
0.0000
0.0000
3.1727
1.0256
0.0000
0.0000
0.5400
0.0000
0.5359
0.0000
0.0000
0.0000
0.0000
0.0000
0.0000
0.0000
0.0000
0.0000
0.2279
0.0000
0.0000
1.5080
0.0000
0.0000
0.0000
0.3207
0.0000
0.0000
0.0000
4.9370
0.0000
0.0000
0.3456
0.0000
2.4448
0.5898
2.4087
0.0000
0.0000
0.7885
0.0000
0.0000
0.0000
0.0000
0.0000
0.0000
0.0000
0.0000
0.0000
1.8357
0.0000
0.0000
0.0000
0.3504
0.0308
0.0000
0.0000
0.0121
0.0000
4.2991
0.0000
0.0000
0.0000
2.2693
0.0000
0.0000
0.0000
3.4091
0.0000
0.0000
0.0000
0.0000
0.0000
0.0000
0.0000
0.8763
0.0000
0.0000
0.0000
0.0000
1.7723
0.0000
0.0000
0.0000
0.0000
0.0000
0.5030
0.0000
0.0000
0.0000
0.0000
0.0000
0.0000
0.0000
6.0095
0.0000
0.0000
0.0000
4.4307
0.0000
1.7773
0.0000
0.1799
0.0000
0.0000
0.0000
0.0000
0.0000
0.0000
0.0000
0.0000
0.5045
0.0000
0.0000
0.0000
0.0000
0.0000
0.0000
0.0000
0.0000
0.0000
0.4164
0.0000
0.0000
0.0000
0.0000
0.0000
0.0000
0.0000
0.0000
0.2059
0.0000
0.0000
1.3562
0.0000
0.0000
0.0000
0.0000
0.0000
0.0000
0.0000
1.6092
2.5327
0.0000
0.0000
0.0000
0.0000
0.5708
0.0000
0.9609
0.0000
0.0000
0.0000
2.6202
0.8362
0.0000
0.0000
0.0000
0.0000
0.0000
4.6588
0.0000
2.1238
0.0000
0.0000
0.0000
0.0000
0.2253
0.6087
0.0000
0.4150
0.0000
0.0000
0.0000
0.0000
0.0000
0.0000
0.0000
0.0000
0.0000
0.8807
0.0000
0.0000
1.1485
0.0000
0.0000
2.3623
0.2323
0.0000
0.3752
0.0000
0.0000
0.0000
0.0000
0.0000
0.0000
2.8450
0.0000
2.6604
0.0000
1.1020
0.0000
1.1031
0.0000
4.5011
0.0000
0.0000
0.0000
0.0000
0.5541
0.0000
0.0000
0.0000
0.0000
0.0000
0.0000
4.1342
0.0000
0.0000
0.3221
0.5139
0.0000
0.0000
0.0000
0.0000
0.0000
0.4292
0.0000
0.0000
0.0000
0.0000
0.0000
0.0000
1.6130
0.0000
0.0000
0.0000
0.0000
0.0000
0.0000
1.4889
0.0000
0.0000
1.5780
0.0000
3.0133
0.0000
0.0000
0.0000
0.0000
2.1920
0.0000
0.0000
0.0000
0.0000
0.8997
0.0000
0.0000
0.0000
0.0000
0.0000
0.0664
0.7591
0.0000
0.0000
2.6161
0.0000
0.0000
0.0000
0.0000
0.0000
0.0000
0.0000
0.0000
0.0000
0.0000
0.0000
0.0000
0.0000
0.6778
0.0000
0.0000
0.0000
0.4095
0.0000
0.0000
0.7055
0.0000
0.0000
2.7257
0.0000
0.0000
0.0000
0.0000
0.0000
2.5274
0.0000
0.0000
0.0000
0.0037
4.2184
0.0000
0.0000
0.0000
0.0000
0.0000
0.0000
0.0000
2.0533
0.0000
2.7458
0.0000
1.2387
0.0000
0.0874
0.0000
1.6437
0.0000
2.1638
2.6071
0.0000
0.0000
1.6964
1.7742
1.5245
0.0000
0.0000
0.0000
0.0000
0.0000
0.0000
0.0000
0.0000
0.0000
4.9456
0.0000
0.0000
1.4820
0.0000
2.8217
2.1414
0.0000
0.0000
0.0000
0.0000
0.0000
0.0000
2.4593
0.0000
0.0000
0.3618
0.0000
0.0000
0.0000
0.0000
2.8197
0.0242
0.0000
0.1855
0.0000
0.0000
0.0000
6.6778
0.7633
0.0000
0.0000
0.0000
5.4402
0.0000
0.0000
0.0000
0.0000
0.0000
0.0000
0.3297
0.0000
0.0000
2.5466
0.0000
0.0000
0.0000
0.0000
0.0000
0.0000
0.0000
0.0000
0.0000
0.0000
1.3315
0.0000
0.0000
0.0000
0.0000
0.0000
0.0000
0.0000
6.1202
0.0000
0.0000
0.9173
0.0000
0.2791
0.0000
0.0000
0.0000
0.0000
1.8187
0.0000
5.9769
0.0000
0.0000
0.0000
0.0000
0.0000
0.0000
0.0000
0.0000
0.0000
0.0000
2.0143
0.0000
0.0000
0.0000
0.0000
0.5912
6.7006
0.0000
0.3195
0.0000
0.0000
0.0000
0.0000
0.0000
0.0000
0.0000
0.0000
2.4226
0.0000
0.5341
1.8945
2.0226
0.0000
0.0000
0.0000
0.0534
2.9601
1.4337
0.0000
0.1161
0.0000
0.0000
0.0000
0.0000
0.0000
5.6783
0.0000
1.4768
0.4342
0.0000
0.0000
0.0000
0.0000
0.0000
0.0000
1.5421
0.4986
0.0000
0.0000
0.0000
0.1464
5.8314
0.0000
0.0000
0.0000
0.7081
0.0000
0.0000
0.0000
0.0000
0.0000
0.0000
1.9728
0.0000
0.3057
0.0000
0.0000
0.0000
0.0000
0.0000
0.0000
2.1889
0.0000
0.6572
0.0000
0.0345
1.4724
0.0000
0.0000
0.6064
0.0000
0.0000
0.0000
0.0000
0.0000
0.0000
0.0000
0.0000
0.0000
0.0000
2.8441
0.0000
0.0000
0.0000
0.0000
1.3849
0.0000
1.8300
1.3428
0.0000
0.0000
0.0000
4.7244
0.0000
0.0000
0.0000
0.2373
0.0000
0.0000
0.0000
0.0000
0.0000
0.0000
0.9734
0.0000
0.0000
0.0000
2.0841
0.0000
0.0000
0.0000
0.0000
0.0000
0.0000
0.9828
0.0000
0.0000
0.0000
0.0000
0.0000
0.0000
0.0000
0.0000
0.0000
0.0000
0.2292
0.0000
0.0000
0.0000
0.0000
0.0000
0.0000
0.0000
0.0000
4.0457
0.0000
0.1184
2.9710
0.0000
0.0000
0.0000
0.0000
0.0000
0.0000
0.5286
0.0000
0.0000
0.0000
0.0000
0.0000
0.0000
0.0000
0.0000
0.5884
0.0000
0.0000
2.2880
0.0000
0.0000
0.0000
0.0000
0.6867
0.0000
0.0000
0.0000
0.0000
0.0000
1.9093
1.5372
0.0000
0.0000
0.0000
0.0000
0.0000
0.0000
0.9827
0.0000
0.0000
0.0000
0.0000
1.6482
0.0000
0.0000
0.0000
0.1561
0.0000
2.5225
0.0000
0.0350
1.0524
0.0000
0.0000
0.0000
0.0000
0.0000
1.6205
0.2435
0.0000
0.0000
0.0000
4.3596
0.0000
7.5783
0.0000
0.0000
0.0000
0.0000
0.0000
0.0000
0.0000
0.0000
0.0000
0.0000
0.0000
3.8027
0.0000
0.0000
0.0000
0.0000
2.1085
2.8644
1.8118
2.8288
0.0000
0.0000
0.0000
0.0000
0.0000
0.0000
4.1073
0.0000
0.0000
0.0000
0.0000
0.0000
1.0563
0.9512
0.0000
0.0000
0.0000
0.0000
0.0000
0.0000
0.0000
0.0000
0.0000
0.0000
0.0000
0.3719
0.0000
0.0000
0.0000
0.3585
0.0000
0.0000
0.8404
0.0000
0.0000
0.0000
2.2289
0.0000
0.0000
0.0000
0.0000
4.7211
1.9717
3.3822
0.0000
0.0000
0.0000
0.0000
0.0000
0.3551
0.0000
0.0000
0.0000
0.0000
0.0000
0.0000
0.0000
0.0000
0.0000
0.0000
0.0000
0.0000
0.0000
0.0000
5.8176
0.0000
0.0000
5.9570
0.7914
0.0000
0.0000
0.0000
0.0000
0.0000
0.0000
0.7395
0.0000
0.0000
0.0000
0.0000
1.3373
2.6206
0.0000
0.0000
0.0000
0.0000
0.0000
0.2621
0.0000
0.0000
0.0000
0.0000
9.7961
0.0000
0.0000
0.0000
1.0440
0.0000
0.0000
0.0000
0.0000
0.0000
0.0000
0.0000
0.0000
0.0000
0.0000
0.0000
0.0000
0.0000
0.0000
0.0000
0.0000
0.0000
0.0000
1.6329
4.1539
0.0000
0.0000
0.0000
0.0000
0.0000
0.0000
0.0000
0.0000
0.0000
0.0000
0.0000
0.0000
0.0000
0.0000
1.7231
0.0000
0.0000
0.0000
0.0000
0.0000
0.0000
1.2187
1.4268
0.0000
0.0000
0.0000
3.1523
0.5356
0.0000
0.0000
0.0000
0.0000
2.0515
0.0000
0.0000
0.0000
4.0055
0.1660
0.0000
0.0000
0.0000
1.4099
1.1201
0.0000
0.0000
2.4329
0.0000
0.0000
0.0000
4.9117
0.0000
1.1921
0.0000
0.0000
0.0000
0.0000
6.5653
0.0000
0.0000
0.0000
0.0000
2.0514
0.0000
0.0000
0.0000
2.8781
0.0000
0.0000
0.9364
0.0000
0.0000
0.0000
0.7195
0.0000
0.0000
0.6180
0.0000
2.2430
0.0000
0.6426
0.0435
0.0000
2.8115
0.0000
0.5243
0.0000
0.7338
0.0000
0.0000
0.0000
0.0000
0.0000
0.0000
0.0000
0.9362
0.0000
0.0000
0.0000
0.0000
0.0000
0.0000
0.0000
0.0000
0.0000
0.0000
1.3982
0.0000
0.0000
0.0000
1.8837
0.0000
5.7169
0.4892
0.0000
2.1675
4.8788
0.5141
0.0000
0.0000
0.0000
3.9496
1.0084
0.5117
0.0000
0.0000
0.0000
0.0000
0.0000
0.0000
0.0000
0.0000
0.0000
0.7125
4.4705
0.2170
1.7299
0.0000
0.0000
3.5660
0.0000
0.0000
0.0000
0.0000
0.0000
1.0184
0.0000
0.0000
2.6539
0.0000
0.0000
0.0000
5.7387
0.1440
0.5760
0.0000
0.0000
0.0000
0.0000
0.0000
0.6292
0.5421
0.0000
0.0000
0.0000
1.0310
0.0000
0.0000
0.0000
0.0000
0.6772
0.0000
0.0000
0.0468
0.0000
0.0000
0.0000
0.0000
0.0000
0.0000
0.0000
1.9309
0.0000
0.0000
0.0000
0.0000
0.2077
4.2244
0.0000
1.5649
1.2014
0.0000
0.6682
0.0000
0.0000
0.0000
0.0000
2.4580
0.0000
0.0000
0.0000
0.0000
1.3522
0.2852
0.0000
0.0000
0.0000
0.0000
0.0881
0.0000
0.8373
0.0000
0.7859
2.1162
1.9011
1.0436
0.0000
0.0000
1.5167
0.0000
0.0000
0.0000
0.0000
0.0000
0.4645
0.0000
0.0000
0.0000
0.0000
0.0000
3.3048
0.0000
0.0000
0.0000
0.0000
0.0000
0.0000
0.0000
0.2960
1.5044
0.0000
0.8827
2.2764
0.0000
4.1580
0.0000
0.0000
0.0000
0.4292
2.2470
0.4067
0.0000
0.0000
0.0000
0.0000
0.0000
0.0000
0.0000
0.0000
0.0000
0.2217
0.0000
0.0000
0.0000
0.0000
1.4202
0.0000
1.0123
0.0000
0.0000
0.0000
1.7743
0.0000
7.0436
4.3483
1.1237
2.5453
0.0000
0.0000
0.4597
0.0000
0.0000
0.1436
0.0000
1.3861
1.7154
2.6758
0.0000
0.0000
5.6240
2.3882
1.6625
0.0000
0.0000
2.2487
0.0000
0.9724
0.0000
0.0000
2.9516
0.0000
2.8702
0.0000
0.0000
1.4829
0.0000
0.0000
0.0000
0.0000
0.0000
0.4423
0.0000
0.0000
0.0000
0.0000
0.0000
0.0000
