0.0000
0.0000
0.0000
0.0000
2.0438
1.2268
0.0000
0.0000
0.0000
1.8864
0.6145
0.0000
0.0000
0.0000
0.0000
0.0000
0.0000
0.0000
0.0000
0.0000
0.0000
0.0000
2.9117
0.0000
0.0000
0.0000
0.0000
4.2915
0.0000
0.0000
0.0000
0.0000
0.0000
0.0000
0.0000
0.0000
0.0000
1.1129
0.0000
1.0737
0.0000
0.3743
0.0000
0.0000
0.0000
0.8706
0.0000
0.0000
0.0000
0.0000
0.0000
0.0000
0.0000
0.0000
0.0000
0.0000
0.1015
0.0000
0.0000
0.0000
0.0000
0.9849
0.0000
0.9130
0.0000
0.0000
0.0142
0.0000
0.0000
0.0000
0.0000
3.4774
0.0000
0.0000
0.0000
0.4334
0.0000
0.0000
0.0000
0.0000
4.0605
0.0000
0.0000
0.0000
0.0000
0.0000
1.3314
0.0000
1.6197
0.0000
1.1034
0.0000
0.0000
2.3287
0.0000
0.0000
0.0000
0.0000
2.0247
0.0000
1.2870
0.0000
0.0000
0.0000
0.0000
0.0000
0.0000
0.0000
0.0027
1.5113
0.0000
0.0000
0.0000
0.0000
0.0000
0.0000
0.9365
0.0000
0.0000
0.0000
0.9145
0.0000
2.8174
0.0000
0.0000
0.0000
0.1645
0.0000
1.3685
0.2172
0.0000
0.0000
0.0000
0.0000
3.8311
0.0000
0.2144
2.2608
0.0000
2.3250
4.7875
0.0000
0.0000
0.7438
2.3828
0.0000
0.0000
1.5138
2.1121
0.0000
0.0000
0.4268
0.0000
0.0000
0.0000
0.0000
0.0000
1.4505
0.0000
0.1193
0.7327
0.0000
0.0000
0.0000
0.0000
0.9449
0.0000
0.3086
0.0000
4.8225
0.0000
0.0000
0.0000
0.0000
0.0000
0.0000
0.0000
0.2877
0.0000
3.5663
2.9105
1.9320
0.0000
0.0000
0.0000
0.0000
1.3269
1.3109
0.0000
0.0000
0.0000
0.0000
0.0000
0.0000
0.0000
0.0000
0.0000
0.0756
3.2135
3.3865
0.0000
0.0000
0.0000
0.1292
0.0000
0.3202
0.0000
0.0000
0.0000
0.0000
0.0000
0.0000
0.0000
1.0593
0.5423
0.0000
0.0000
0.0000
0.0000
0.0000
0.0000
0.0000
0.0000
0.0000
0.0000
0.0000
0.5288
1.0012
0.0000
0.0000
0.0000
0.0000
0.0000
0.0000
2.5806
0.0000
0.0000
0.0000
1.6403
0.0203
0.0000
0.0000
0.0000
0.0000
0.0000
0.0000
0.0000
0.0000
0.0000
0.0000
0.0000
0.0000
0.0000
1.7474
0.0000
0.2802
0.0000
0.0000
0.0550
0.1920
0.0000
0.0000
0.0000
0.0000
0.0000
0.0000
3.0470
0.0000
0.0000
0.0000
1.2269
0.3093
0.0000
0.0000
0.0000
0.0000
0.1830
0.0000
2.3589
0.0000
2.1906
1.4471
1.8498
0.0000
0.0000
0.0000
0.0000
0.0000
0.0000
0.0000
0.0000
0.0000
0.0000
0.5090
1.9851
0.0000
0.6182
0.0000
0.0000
2.4394
0.0000
0.0000
0.0000
0.0000
1.1293
0.0000
0.2787
0.0000
0.0000
0.0000
0.0000
0.0000
0.0000
0.0000
0.0000
0.0000
0.5754
0.0000
0.0000
0.0000
0.0000
0.7491
0.0000
0.0000
0.0000
1.3102
0.0000
0.0000
0.0000
0.9111
0.0000
0.1399
0.0000
0.0000
0.0000
2.3516
3.4305
0.0000
0.0000
5.9490
0.0000
0.0000
0.0000
0.0000
0.0000
6.3370
0.0000
0.0000
0.0000
0.0000
0.0000
0.5996
0.2715
0.0000
5.3327
2.0332
0.0000
0.0000
0.3767
0.0000
0.0399
0.0000
0.0000
0.0000
0.0000
0.4461
0.0000
0.0849
0.0000
0.0000
0.0000
0.0000
0.0000
0.0000
0.0000
0.6630
0.0000
3.1809
0.0000
0.0000
3.1157
0.0000
0.0000
0.0000
0.0000
0.0000
0.7989
0.0000
0.0000
0.0000
2.6986
0.0000
0.0000
0.0000
0.0000
0.8652
0.0000
0.0000
0.0000
0.0000
0.0000
0.0000
0.0000
0.0000
0.0000
0.0000
0.0000
0.0000
2.5672
0.0000
0.0000
0.0000
0.0000
4.2958
0.0000
0.0000
0.0000
0.6203
0.0000
0.0000
0.5299
0.0000
2.5758
0.0000
0.0000
0.0000
0.0000
0.0000
0.0000
0.0000
0.0000
0.0000
0.0000
0.0000
0.0000
0.0000
0.4308
0.0000
0.0000
0.0000
0.0000
0.2497
0.1303
0.0000
3.9474
0.0000
0.0000
0.0820
1.5874
0.0000
0.0000
0.0000
0.0000
0.4412
0.0000
0.0000
0.0000
1.1459
0.0000
0.0000
0.0000
0.0000
0.9637
0.0000
0.5026
0.2564
0.0000
1.9705
0.0000
0.0000
0.0000
0.0000
0.0000
0.0000
0.0000
0.0000
1.3406
0.0000
0.0000
0.0000
0.0000
0.0000
0.7451
0.0000
0.4120
0.0000
0.0000
0.8198
0.0000
0.0000
0.0000
0.0000
0.0000
0.0000
0.0000
0.3639
0.0000
0.0000
0.7071
0.0000
0.0000
0.0000
0.5699
0.0000
0.9673
0.3995
0.0000
0.0000
0.0000
0.0337
0.0000
0.0000
0.0000
0.7808
0.0000
1.4425
0.0000
0.0000
5.1849
0.0000
0.0000
1.6566
0.0000
0.4302
0.0000
0.0000
0.0000
0.0000
0.0000
0.0000
3.2654
0.8297
1.5983
0.0000
0.7420
0.0000
0.0000
0.0000
0.0000
0.0000
0.0000
0.0000
0.0000
0.0000
0.4177
0.0000
0.0000
0.0000
2.4428
0.0000
0.0000
0.0000
0.0000
0.1628
0.0000
0.0000
0.0000
0.0000
0.0000
0.0000
1.0016
1.6949
0.0000
0.0000
0.0000
0.7802
0.0000
0.0000
0.0000
0.0000
0.0000
0.0000
0.0000
0.0000
0.0000
0.0000
0.0000
0.0000
0.0000
0.0000
0.0000
0.0000
0.0000
0.0000
0.0000
0.0000
0.0000
0.7394
0.0000
0.0000
0.0000
0.0000
0.0000
0.0000
0.0000
0.0000
0.0000
0.0000
2.0737
0.6742
0.0000
0.0000
0.0000
0.0000
0.0000
0.0000
0.9740
0.0000
1.6280
0.0000
0.0000
0.0000
0.0000
2.2684
0.0000
0.0000
0.8614
0.0000
0.0000
0.0000
4.1164
0.0000
0.2145
0.0000
0.0000
0.4934
0.0000
0.0000
0.0000
0.0000
0.0000
0.0000
0.0000
0.0000
0.0000
3.0125
0.0000
0.0000
0.0000
0.1379
0.0000
0.0000
0.0000
0.0000
0.6998
0.0000
0.0000
0.0000
0.8450
0.0000
0.0000
0.5351
0.7750
0.5860
0.0000
0.0000
1.9188
0.4043
0.0000
0.0000
0.0000
0.0000
2.1877
0.0000
0.0000
0.0000
0.0000
0.0000
0.0000
0.0000
0.0000
0.0000
0.0000
0.0000
0.0000
0.0000
0.0000
0.0000
0.0000
0.0000
0.0000
1.7412
0.0000
0.0000
0.0000
1.2272
0.0000
0.0000
0.0000
0.9735
0.0000
0.0000
1.1984
0.0000
0.0000
0.0000
0.0000
0.0000
0.8219
0.0000
0.0000
0.0000
0.0000
1.5428
0.0000
0.0000
0.0000
0.0000
0.0000
0.3981
0.0000
2.7211
0.0000
0.0000
0.0000
0.0000
0.0000
0.0000
0.0000
0.0000
0.0000
0.0000
1.5136
1.0724
0.0000
0.0000
0.8911
0.0000
0.0000
0.0000
0.0000
0.0000
0.0000
0.0000
0.0000
0.0000
0.3851
0.0092
0.4041
3.0024
1.5997
0.0000
0.0000
1.4882
0.0000
0.0000
0.0000
0.0000
0.2083
0.0000
0.0000
0.0000
0.0000
0.0000
0.0000
0.0000
0.0000
0.0000
0.0000
0.0000
1.8750
0.0000
3.5588
0.0000
0.0000
1.7752
0.0000
0.0000
0.0000
0.0000
0.0000
0.0000
0.0000
0.0000
0.0000
0.0000
0.0000
0.0000
1.3292
0.0000
0.1260
0.0000
0.0000
0.0000
0.0000
0.0000
0.0000
0.5539
0.0000
0.0000
0.0000
0.0000
0.4961
0.9714
0.0000
0.0000
0.0000
0.0000
0.4324
0.0000
0.0000
0.0000
4.1427
0.0000
0.0000
0.0000
0.0000
0.0000
0.0000
0.0000
0.0000
0.0000
0.0000
0.0000
0.0000
0.0000
1.0434
0.0000
0.1863
0.0000
0.0000
0.0000
0.0000
0.0000
0.3213
0.0000
0.0000
0.0000
0.0000
0.0000
0.9497
0.0000
0.0000
0.0000
0.0000
0.0000
0.0000
0.0000
0.0000
0.0000
0.0000
0.0000
0.0000
0.0000
0.0000
0.0000
0.9152
0.0000
1.7421
0.0000
0.0000
0.4727
0.0000
0.0000
0.0000
0.0000
0.0000
0.0000
0.0000
0.0000
0.4074
0.7522
0.0000
0.3726
0.0000
0.2874
0.0110
0.0000
0.0000
0.0000
0.0000
0.0000
0.0000
1.4437
1.4837
0.0000
1.3594
2.5402
1.2149
0.0000
0.0000
0.0000
0.0000
0.0000
0.0000
0.0000
0.0000
0.0000
0.0000
0.0000
1.0582
0.0000
0.9665
0.0000
0.0000
0.0000
0.0000
1.0118
1.5000
0.0000
0.5009
0.0000
0.0000
0.0000
0.0000
0.0000
0.5814
0.0000
0.0000
0.0000
0.0000
0.0000
3.4470
0.0000
0.0000
0.8496
0.0000
0.0000
0.0000
0.0000
0.0000
0.2969
0.0000
0.0000
0.0000
5.2578
1.2890
0.0000
0.6776
0.0000
0.0000
0.0000
0.0000
0.0000
0.0000
0.8921
0.0000
0.0000
0.0000
0.0000
0.0000
0.0000
0.0000
0.0000
2.7054
0.7861
0.0000
5.1422
0.5711
4.4298
0.0000
0.0000
0.0000
0.0000
0.0000
0.0000
0.0000
0.5498
0.0000
0.0000
0.0000
0.7775
0.0000
0.0000
0.0000
0.0000
0.0000
0.0000
4.6680
0.0000
2.8258
0.0000
1.4160
0.0000
0.0000
0.0000
0.5423
0.0000
0.0000
0.0000
0.0000
1.1786
0.0000
0.9693
1.9051
0.5563
4.5340
0.0000
0.0000
1.3285
0.0000
0.0000
0.0000
0.0179
0.0000
0.0000
0.0000
0.0000
0.1112
4.0644
0.0000
0.0000
0.0000
0.2797
0.0000
0.0000
0.0000
0.0000
0.0000
2.0967
0.0000
0.5795
0.0000
1.8623
0.0000
0.0000
0.1106
0.8850
0.4435
1.5509
0.0000
0.0000
0.0000
0.0000
0.0000
0.0000
3.6198
0.0000
0.0000
0.1427
0.0000
0.0000
2.5868
0.0000
1.9754
0.0000
1.3512
0.0000
3.2041
0.0000
0.0000
0.2250
0.0000
0.0000
0.0000
0.0000
3.8494
0.0000
0.0000
0.0000
0.9013
0.0000
0.0000
0.0000
0.0000
0.0000
0.0000
0.0000
0.0000
0.0000
1.3874
0.6958
1.3911
0.0000
0.0000
0.0000
0.0000
1.3414
0.0000
0.0000
2.6012
0.0000
0.0000
0.0000
0.0000
0.0000
3.4229
0.0000
0.0000
0.1053
0.0000
0.0000
0.0000
0.0000
0.0000
0.0000
0.0000
0.0000
0.0000
0.0000
0.9374
0.9254
0.0000
0.0000
0.0000
0.0000
0.0000
0.5999
0.0000
0.8743
0.0000
0.0000
0.0000
1.4972
0.0000
0.0000
0.0000
0.0000
0.0000
1.0321
1.3732
1.0069
0.0000
0.0000
0.0000
0.0000
1.8593
0.0000
0.0000
0.0000
0.0000
0.0000
0.0000
0.0000
0.9316
0.0000
0.0000
0.0000
0.0000
0.0000
0.0000
0.0000
0.0000
0.7480
0.0000
0.0000
0.0000
0.0000
0.0000
0.0000
0.0000
0.0000
0.0000
0.0249
2.0566
1.2750
0.7413
0.0000
0.0000
0.0000
0.0000
0.0000
0.0000
0.0000
0.0000
0.0000
0.0000
0.0000
0.0000
0.0000
0.0000
0.0000
0.0000
0.0000
0.0000
0.2318
2.7087
0.0000
0.0000
0.0000
2.2345
0.0000
0.0000
0.4189
2.1644
3.3186
0.0000
0.1197
0.0000
0.0000
0.0000
2.1670
0.0000
0.0000
0.0000
0.0000
0.0000
0.0000
0.4835
0.0000
1.1332
0.0000
0.0000
0.0000
0.0000
0.0000
0.0000
0.0000
0.0000
0.0000
2.1358
0.0000
0.0000
0.0000
2.3862
0.0000
0.0000
0.0000
0.0000
0.0000
1.7189
0.5506
3.7423
1.0497
0.0000
0.0000
0.0000
0.0000
0.0000
0.0000
0.0000
0.0000
0.0000
2.9908
0.0000
0.0000
0.0000
0.0000
0.0000
0.0000
0.0000
0.0000
2.3563
0.0000
0.0000
0.0000
2.3473
0.0000
0.0000
0.0000
0.0000
0.0000
0.0000
0.0000
0.0000
0.0000
0.0000
0.0000
0.8428
0.0451
0.0000
0.0000
1.8915
0.0000
1.2816
0.0000
0.5803
2.0747
0.0000
0.0000
0.0000
0.0000
0.0000
3.4532
0.0000
0.3660
0.0000
0.0000
0.0000
0.0000
0.0000
0.8958
1.9093
0.0000
1.5094
0.0000
0.0000
0.0000
0.0000
0.0000
0.0000
0.0000
0.0000
0.0000
0.0000
0.0000
1.0901
0.0000
0.0000
0.8539
0.0000
0.0000
2.5661
0.0000
0.0000
0.0000
0.0000
0.0000
0.0000
0.0000
0.0000
0.0000
2.5732
0.0000
0.0000
1.2183
0.0000
0.0000
0.0000
0.0000
0.0585
0.0000
0.0000
0.0000
0.0000
0.0000
0.0000
0.0000
0.6832
0.0000
0.0000
0.0000
0.0000
0.0000
0.0000
0.7560
0.0000
0.0000
0.0000
0.0000
0.0000
0.0000
0.0000
0.0000
0.0000
0.0000
0.0000
2.8343
0.0000
0.0970
0.0000
0.0000
0.0000
0.0000
0.0000
0.0000
0.0000
0.0000
0.0000
0.0000
0.0000
0.2071
0.0000
0.0000
0.0000
0.0000
0.5190
0.0000
0.0000
0.0000
0.0000
0.0000
0.0000
0.0000
0.0000
0.0000
0.0000
0.0000
1.9594
2.3772
0.0000
0.1124
0.0000
0.0000
0.0000
0.0000
0.0000
0.0000
0.0000
0.0000
0.0000
0.0000
0.0000
1.6681
1.6489
0.0000
0.0000
0.7354
0.0000
0.0000
2.2532
0.0000
0.5284
0.0000
0.0000
0.1235
0.0000
1.0288
1.3801
4.3671
0.1272
0.0000
0.0000
0.0000
0.9553
0.0000
0.0000
0.3173
0.0000
0.0000
0.0000
0.0000
0.0000
0.0000
0.0000
0.0000
0.0000
3.7199
0.0000
0.2781
0.0000
2.3749
0.0000
0.0000
0.1107
0.0000
0.0000
1.6251
0.0000
0.0000
2.9040
0.0000
0.0000
0.9080
0.0000
0.0000
0.0000
0.0000
0.0000
0.0000
0.0000
0.7446
0.0000
0.0000
0.0000
0.0000
0.0000
2.1008
0.0000
2.6377
0.0000
0.4130
0.0000
0.0000
0.0000
0.0000
0.0000
0.0000
0.0000
0.0000
3.5957
0.0000
5.1124
3.7888
0.0000
0.0000
0.0000
0.0000
0.0000
0.0000
0.0000
0.0000
0.0000
0.0000
0.6764
0.0000
0.3499
0.0000
0.0000
0.2137
0.0000
0.0000
0.5366
0.0000
0.0000
3.1488
4.3891
0.6540
0.0000
0.0000
0.0000
0.4066
0.0000
0.0000
0.0000
0.0000
0.0000
1.1983
0.0000
0.4012
0.0000
0.0000
1.5833
1.2492
0.0000
0.0000
0.0000
0.0000
0.0000
0.6269
0.0000
0.0000
3.7422
0.0000
1.4053
0.0000
0.7844
0.0000
0.0000
0.0000
5.1052
1.9174
0.0000
0.0000
0.0000
0.0000
0.0000
0.0000
0.0000
0.0000
0.0000
0.0000
0.0000
0.0000
0.0000
0.0000
0.0000
0.8276
0.0000
0.6322
0.0000
0.0000
0.0000
0.2701
0.0000
0.0000
0.0000
0.0000
0.0000
0.0000
2.5022
0.9802
0.0000
0.0000
0.0000
0.2217
2.5331
0.0000
1.2156
1.2197
0.5607
0.1452
0.0000
0.0000
0.0000
0.0000
0.0000
0.4572
0.4627
0.0000
0.0000
0.0000
0.0000
0.0000
0.0000
7.0946
0.0000
0.0000
0.0000
0.0000
0.0000
0.0000
0.0000
0.0000
0.0000
0.0000
3.9684
0.0000
0.0000
0.0000
0.5869
0.0000
0.0000
0.0000
2.3768
0.0000
0.0000
0.0000
0.0000
0.9872
0.0000
0.7615
0.0000
0.0000
0.0000
0.7839
0.0000
0.0000
0.0000
0.0000
0.0000
0.0000
0.0000
0.0000
0.0000
2.8036
0.0000
0.0000
0.0000
0.0000
0.7700
0.8287
1.2547
0.0000
0.0000
0.0000
0.0000
0.9710
0.0000
0.0000
0.0000
1.7172
0.8386
0.0000
0.0000
0.0000
0.0000
0.0000
0.0000
0.0000
0.0000
0.0000
0.0000
0.0000
0.0000
0.0000
2.1362
0.0000
2.0429
0.0000
0.0000
1.5562
0.0000
1.8600
0.6671
1.0582
0.0000
2.2388
3.0815
0.9008
2.8045
0.0000
0.0000
0.0000
0.0000
0.0000
0.0000
0.6198
0.0000
0.0000
0.0000
0.0000
0.9247
0.0000
0.0000
0.0000
1.0867
0.0000
0.0000
0.0000
0.0000
0.0000
0.0000
0.0000
0.0000
0.0000
0.0000
0.0000
0.0000
0.0000
0.0000
0.0000
0.0000
0.0000
0.0000
0.0000
0.0000
0.0000
0.0000
0.0000
0.0000
1.8042
0.0000
0.0000
0.0000
0.6736
0.0000
1.3440
0.0000
3.6722
0.0000
0.0000
0.0000
0.6270
0.0000
0.0000
2.5664
1.9938
0.0000
0.0000
1.2593
2.5416
0.0000
0.0000
0.0000
0.0000
0.1953
0.0000
0.0000
0.4744
0.0000
0.0000
0.0000
0.0000
0.9282
1.5731
0.0000
0.0000
0.0000
0.0000
0.0000
0.0000
0.0000
0.0000
0.0000
4.3690
0.0000
0.4695
3.9598
0.0000
0.0000
2.2266
0.0000
0.0000
0.7111
4.1905
0.0000
0.0000
0.0000
0.0000
2.0072
1.8296
0.0000
4.0920
0.0000
0.0000
0.0000
0.0000
0.0000
0.8815
0.0000
0.0000
0.0000
0.6839
3.3415
0.0000
0.0000
1.4998
0.0000
3.5120
0.0000
0.0000
0.0000
0.0000
0.0000
0.0000
0.0000
0.0000
0.0000
0.9902
0.0000
0.0000
1.1768
0.0000
0.0000
0.0000
0.0000
0.0000
0.0000
0.0000
0.0000
0.0000
0.0000
0.0000
1.2651
0.0000
0.0000
2.2973
0.0000
0.9888
0.0000
0.0000
0.0000
0.0000
0.0000
0.0000
0.0000
0.0000
0.0000
0.0000
0.0000
0.0000
0.0000
0.0000
0.0000
0.0000
2.3397
0.0000
2.1699
3.8552
0.5940
0.0000
0.0000
0.0000
0.0000
0.0000
0.0000
0.8443
0.0000
0.4308
0.0000
0.0000
0.0000
0.0000
1.8722
0.0000
0.0000
0.0000
0.0000
0.0000
0.0000
0.0000
2.9072
0.0000
0.0000
0.2145
0.0000
0.0000
0.0000
0.0000
0.4422
0.4014
0.0000
0.0000
0.0000
0.0000
0.0000
0.0000
0.0000
0.0000
0.0000
0.0000
0.0000
0.0000
0.0000
0.0000
0.0000
0.0000
1.1411
0.0000
0.7615
0.0000
3.0589
0.0000
0.0000
0.0000
1.8210
0.0000
0.0000
0.0000
0.5154
2.5145
0.0000
0.0000
0.0000
0.0000
0.0000
0.0000
0.0000
0.0000
0.0000
0.0000
0.3815
0.0000
0.0712
0.0000
0.0000
0.0000
0.0000
0.0000
0.0000
0.0000
0.0000
0.0000
0.0000
0.2425
0.0000
0.0000
0.0000
2.0231
2.0027
2.1428
0.0000
0.0000
2.0773
0.0000
0.0000
0.0000
3.8184
0.3030
0.0000
0.0000
0.0000
0.0000
0.0000
0.0000
0.7484
0.0000
0.0000
0.0000
0.0793
1.2762
0.0000
0.0000
0.0000
0.0000
0.0000
0.0000
0.0000
2.9886
0.0000
0.0000
0.5858
1.8876
0.0000
0.0000
0.0000
0.0000
0.0000
0.0000
0.0000
0.0000
1.2991
0.0000
0.0000
0.8640
2.5429
0.0000
0.0000
0.0000
1.0675
0.0000
0.0000
0.0000
0.1191
0.0000
0.0000
0.0000
0.0000
0.3232
2.7658
0.7601
0.0000
0.0000
0.2564
2.3860
0.0000
3.6557
2.0243
0.0000
0.0000
0.0000
2.8220
0.0000
0.0000
0.0000
1.8081
0.0000
0.0000
0.0000
0.0885
0.0000
0.0000
0.0000
1.5291
0.0000
0.0000
1.0652
0.0000
0.0000
2.1033
0.8867
0.0000
0.0000
0.0000
0.2375
1.8700
0.0000
0.0000
0.0000
0.0000
0.0000
0.0000
0.0000
0.0000
0.0000
0.4272
0.0000
0.0000
0.0123
0.0000
0.0000
0.7672
0.0000
0.0000
0.0000
0.5306
0.0000
0.0000
0.0000
0.0000
1.4763
0.0000
0.0000
0.0000
2.2977
0.0000
0.0000
0.0540
0.0893
0.0000
0.0000
0.0000
0.0000
0.0000
0.0000
0.0000
0.0000
0.0000
0.0000
3.3998
0.0000
0.7408
0.0000
0.0000
0.0000
0.0000
0.0000
0.7592
0.0000
0.0000
0.0000
0.0000
0.0000
0.0000
0.0000
0.0000
0.0000
0.0000
0.0000
0.0000
0.1254
0.0000
0.1041
0.5909
0.0000
1.0180
0.0000
0.0000
0.0000
0.0000
0.0000
0.0000
0.0000
0.0000
0.0000
2.6051
3.5868
0.0000
2.9131
0.6823
1.4810
0.0000
0.0000
0.0000
0.8154
0.0000
0.0000
0.0000
0.0000
0.0000
0.0000
0.0000
1.4218
0.0000
0.2959
0.0000
0.0000
0.0000
4.4253
0.0000
0.0000
0.5068
0.0000
0.0000
0.0000
0.0000
0.0000
0.0000
1.5969
0.0000
0.0000
0.0000
1.5508
0.0000
0.0000
0.0000
0.0000
0.4555
0.0000
0.0000
0.0000
0.0000
0.0000
0.0000
0.6565
1.3883
1.3613
1.3559
0.1599
0.0000
0.6628
0.0000
0.0000
0.0000
0.0000
0.5484
3.2605
0.0000
0.0000
0.0000
0.0000
0.0000
0.0000
0.0000
0.0000
0.0000
0.0000
0.0000
0.0000
0.0000
0.0000
0.0000
0.0000
3.2578
0.0000
0.0000
0.0000
0.0000
0.0000
0.5512
0.0000
0.0000
0.0000
0.6762
1.3968
0.0000
0.0000
0.0000
0.0000
0.0000
0.0000
0.0000
0.0000
0.4541
0.7486
0.0000
0.0000
0.0000
0.0000
0.0000
0.0000
0.0000
0.0000
0.0000
0.0000
0.0000
0.0000
3.6438
0.0000
0.0000
0.0000
1.9141
0.2743
0.0000
0.0000
3.7318
0.0000
0.0000
0.7655
0.0000
0.0000
0.0000
1.2727
1.9869
0.0000
0.0000
0.0000
0.0000
2.6593
0.0000
0.0000
0.0000
1.4453
0.0000
0.3463
1.5552
0.0000
2.0280
0.0000
0.0000
0.0000
0.0000
0.0000
0.0000
0.0000
1.6674
0.0000
0.0000
0.0000
0.0000
0.0000
0.0000
0.0000
1.4192
0.0000
0.0000
0.0000
0.0000
0.0000
0.0000
0.0000
0.0000
0.0000
0.0000
0.0000
0.0000
0.4920
0.0000
0.0000
0.1232
0.0000
1.1231
0.0000
0.0000
2.6883
0.0000
0.0000
0.0000
0.0000
0.0000
0.0000
0.0536
0.0000
0.0000
0.0000
0.0000
0.0000
0.0000
0.0918
0.0000
0.0000
0.0000
0.0000
0.0000
0.4143
0.0000
0.0601
0.0000
0.0000
0.4061
0.0000
2.7634
1.1878
0.0000
0.0000
1.1741
0.0000
0.0000
0.0000
0.0000
0.0000
0.0000
0.0000
0.0000
2.1867
0.0000
0.0000
0.0000
0.0000
1.3102
5.3814
0.0000
1.1478
0.0000
0.0000
0.0000
0.0000
0.3880
0.0000
0.0000
0.0000
0.0000
0.0000
0.0000
0.0000
0.0000
0.0000
0.0000
0.0000
0.0000
0.0000
0.0000
0.1604
0.0000
0.0000
0.5859
0.0000
0.2100
0.7759
0.0000
0.9876
0.0000
0.0000
1.6630
0.5885
0.0000
0.0000
3.0152
0.0000
0.1942
0.0000
1.9467
0.0000
0.0000
0.0000
0.0000
0.0000
0.0000
0.0000
0.0000
0.0000
0.0574
0.0000
3.5534
0.0000
0.0000
0.0000
0.9183
0.0000
0.0000
0.0000
0.0000
0.0000
0.0000
0.0000
0.2605
0.0000
0.0000
0.0000
0.0000
0.0000
0.0000
0.0000
0.0000
0.0000
0.0000
0.2427
0.0000
0.0000
0.0000
0.0000
0.2515
0.0176
0.0000
5.0774
0.0000
0.0000
0.3480
0.0000
0.0000
0.0000
0.0000
0.0000
0.0000
0.0000
0.0000
0.0000
0.0000
0.0000
0.0000
0.0000
1.4024
0.0000
0.0000
0.0000
0.0000
0.0000
0.0000
0.0000
0.2412
0.0000
0.0000
0.0000
0.0000
0.0000
0.0000
0.2500
0.0000
0.3098
0.0000
0.0000
1.0114
0.0000
0.0000
0.0000
0.0000
0.1332
0.0000
1.6528
0.0000
0.1919
0.0000
0.0000
0.0000
0.0000
4.9961
0.0378
0.0000
1.9661
0.0000
1.0550
2.0086
0.1355
0.0000
0.0000
0.0000
0.0000
1.4599
0.0000
1.8626
0.0000
0.0000
0.0000
0.0000
0.0000
0.0000
0.0000
0.0000
1.1679
0.0000
0.0000
0.0000
0.0000
0.0000
3.7593
0.0000
0.0000
0.0000
0.0000
1.3882
0.0000
0.0000
0.0000
2.0640
0.0000
0.0000
0.0000
0.0000
0.5080
0.9600
1.3434
1.4232
0.0000
0.0000
0.0000
0.0000
0.0000
0.0000
0.8340
0.0000
0.0000
0.0000
0.0000
0.0000
0.0000
0.0000
0.1538
0.0000
0.0000
0.0000
0.0000
0.0000
0.5776
0.1134
0.0000
0.0000
0.0000
0.0000
1.3699
0.0000
1.0023
0.2743
0.0000
0.0000
0.0000
0.0000
0.0000
0.0000
0.0000
0.0000
0.7792
0.0000
0.2903
0.0000
0.0000
0.0000
0.0000
0.8876
3.6034
0.0000
0.0000
0.0000
0.0000
0.0000
0.0000
0.0000
0.0000
0.1086
2.5629
0.0000
0.0000
0.0000
0.0000
2.7722
0.0000
0.0000
0.1154
0.0000
0.0000
0.0000
0.0000
0.0000
7.2578
0.0000
3.1927
0.7842
0.0000
0.0000
0.0000
0.0000
0.0000
1.2877
0.0000
0.0000
0.0000
0.0000
0.0000
0.7664
0.0000
0.0000
0.3993
0.0000
0.0000
0.0000
0.9608
0.1115
0.0000
0.0000
2.0144
0.0000
0.0000
0.0000
1.3936
0.0000
1.4426
0.0000
0.0000
0.0000
0.0000
0.0000
0.0000
2.5987
0.0000
1.2952
0.0000
0.3425
2.1378
2.0585
0.0000
0.0000
0.0000
0.0000
0.0000
0.7404
0.0000
1.5747
1.1147
0.0000
0.0000
0.0000
0.0000
0.8610
0.0000
0.0000
4.2035
0.0000
0.0000
0.0000
1.0179
0.0000
0.5574
2.0026
0.0000
0.0000
0.0000
0.0000
0.0000
0.0000
0.0000
1.1167
0.0000
0.0000
0.3183
0.0000
0.0000
1.5914
0.0000
0.0000
0.0000
0.0000
0.0000
0.7041
0.0000
0.0000
0.3509
2.6540
0.0000
1.1549
0.0000
0.0000
0.0000
0.0000
0.0000
0.0000
0.0000
0.0000
1.4003
0.0000
0.0000
0.3023
0.0000
0.0000
0.0000
0.0000
0.0000
0.0000
0.0000
0.0000
0.0000
0.0000
1.6497
0.0000
0.0268
0.8535
1.8979
0.0000
2.0707
0.0000
0.0000
0.0000
0.0000
0.0186
0.0000
0.0000
0.0000
0.0000
2.7640
0.0000
0.0000
1.3377
0.0000
0.0000
0.0000
2.6194
0.0000
0.0000
0.0000
0.0000
0.4834
0.0000
0.1944
0.0000
0.0000
1.5829
0.0000
3.9315
0.0000
0.0000
0.0000
0.0000
0.0000
0.0000
0.0000
0.0000
0.0000
0.8706
0.3169
0.0000
3.2440
0.0000
0.2867
0.0000
0.0000
0.0000
0.2805
0.0000
0.0000
0.0000
0.0000
1.0859
0.0000
0.5283
0.0000
0.0000
0.0000
0.0000
0.0000
0.0000
0.0000
0.0000
0.0000
0.5369
0.9887
0.0000
0.0000
0.0000
0.0000
0.2074
0.0000
0.6115
2.0965
1.1591
1.7382
1.4050
0.0000
0.0000
0.2259
0.0000
0.9825
0.8030
0.0000
0.0000
0.0000
0.0000
0.0000
0.0000
5.4047
0.6425
0.0000
0.0000
0.0000
0.0000
3.9724
0.0000
0.0000
0.0000
0.0000
0.0000
0.0000
0.0000
0.0000
0.0000
0.0479
0.0000
0.0000
0.0000
1.3135
0.0000
0.0000
2.6131
0.7931
0.0000
0.0000
0.0000
0.0000
0.0000
0.0000
3.9017
0.0000
0.0000
0.0000
0.0000
0.0000
0.0000
0.6067
1.4003
0.0000
0.3073
1.6679
4.0207
0.0246
0.0000
0.0000
0.0000
0.0000
0.0000
0.0000
1.3652
0.0000
0.0000
2.3729
0.0000
0.0000
0.0000
0.7718
0.1763
0.0000
0.0000
0.0000
0.0000
0.0000
0.9814
0.0000
0.0000
1.0037
0.6910
2.3199
0.0000
0.0000
0.0000
1.5869
0.0000
0.0000
0.0000
0.2992
1.0062
0.0000
0.0000
0.0000
0.0000
0.9393
0.0000
0.0000
1.0006
0.3665
0.0000
0.0000
0.0000
0.0000
0.0000
0.0000
0.0000
0.0000
0.0000
0.0000
0.0000
0.0000
0.0000
0.0000
0.0000
1.6657
0.0000
0.0000
0.0000
0.0000
0.4194
0.0000
0.0000
0.0000
0.0000
0.0000
0.0000
0.0000
0.0000
0.0000
0.0000
0.0000
1.1325
0.0000
2.5258
0.0961
0.8330
0.0000
0.0313
0.0000
0.0000
0.0000
0.0000
0.0000
0.0000
0.0000
0.0000
0.0000
0.0000
0.0000
0.0000
0.0000
0.0000
0.0000
0.0000
0.0000
0.0000
0.4301
0.0000
0.4020
0.0000
0.0000
0.9254
0.0000
4.4233
0.1735
1.4787
0.0000
1.0286
0.0000
1.0687
0.0000
0.0000
0.2627
0.9904
0.0000
0.0000
0.0000
0.0000
0.0000
0.0000
0.0000
2.0408
0.0000
0.5617
0.0000
3.1891
2.3547
0.0000
2.1140
8.6347
0.0000
0.0000
0.5172
0.0000
0.0000
0.0000
7.2956
0.0000
0.0000
0.0000
0.0000
0.0000
0.0000
0.0000
1.1235
0.0000
0.0000
1.1012
0.0000
2.1055
0.0000
1.4562
0.0000
0.0000
2.3611
0.0000
0.0000
0.0000
0.0000
0.0000
2.4932
0.0000
1.4263
1.6098
0.0000
2.9750
0.0000
0.6480
0.0000
0.0000
0.0000
0.0000
0.0000
0.0000
0.0000
0.0000
2.7908
0.6911
0.0000
0.0000
0.0000
0.0000
0.2316
0.0000
0.0000
0.0000
0.0000
0.0000
0.0000
0.0000
0.0000
0.0000
0.6648
0.0000
0.0000
1.9604
0.0000
0.0000
0.6471
0.0000
0.0000
0.0000
0.0000
5.0379
0.0000
0.0000
0.2370
0.0000
0.5195
0.0000
1.7633
0.0000
0.0000
0.6669
0.0000
0.0000
0.0000
0.0000
0.0000
0.0000
0.0000
0.0000
0.0000
1.5458
0.0000
0.0000
1.1984
1.6531
0.8984
0.0000
0.0000
0.7181
0.0000
2.3414
0.0000
0.0000
0.0000
1.2278
0.0000
0.0000
0.0000
3.9198
0.0000
1.0738
1.1647
0.1181
0.0000
0.0000
0.0000
0.0000
0.0000
0.0000
0.0000
0.0000
1.5997
0.0000
0.0000
0.0000
0.0000
0.0000
0.0000
0.0000
0.0000
0.0000
0.0000
0.0000
0.0000
0.0000
5.5502
0.0000
0.0000
0.0000
5.2714
0.0000
0.9298
0.0000
0.0000
0.0000
0.0000
0.0000
0.0000
0.0000
0.0000
0.0000
0.0000
1.1395
0.0000
0.0000
0.0000
0.0000
0.0000
0.0000
0.0000
0.0000
0.0000
0.0000
0.0000
0.0000
0.0000
0.0000
0.0000
1.9454
0.0000
0.0000
0.0000
0.0000
0.0000
0.2264
0.0000
0.0000
1.6776
0.0000
0.0000
0.0000
0.0000
0.0000
1.1061
0.0000
0.0000
0.0000
0.0000
1.0600
0.0000
0.0000
0.0000
0.0000
0.0000
0.0000
3.7381
0.0000
0.0000
0.0000
0.0000
0.0000
3.7396
0.0000
1.3176
0.0000
0.0000
0.0000
0.0000
0.4523
0.7862
1.0188
0.0000
0.0000
0.0000
0.0000
0.0000
0.0081
0.0000
0.0000
0.6639
0.0000
1.3114
0.0000
0.1913
0.5896
0.6035
0.0000
1.4911
0.0000
0.0000
0.4928
0.0000
0.0000
0.0000
0.0000
0.0000
0.0000
1.3380
0.0000
2.0473
0.0000
0.5251
0.0000
0.0000
0.0000
3.6057
0.0000
0.0000
0.0000
0.0000
0.0779
0.4763
0.0000
0.0000
0.0000
0.0000
0.0000
3.5064
0.0000
0.0000
0.2362
0.0000
0.0000
0.0000
0.0000
0.0000
0.0000
0.1887
0.0000
0.0000
0.0000
0.0000
0.0000
0.0000
2.0505
0.0000
0.0000
0.0000
0.0000
0.0878
0.0000
0.4982
0.0000
0.0000
0.0000
0.0000
3.0163
0.0000
0.0000
0.0000
0.0000
0.7633
0.0000
0.0000
0.0000
0.0000
0.0000
0.0000
0.0000
0.0000
0.0000
0.0000
0.0039
1.1344
0.0000
0.0000
0.5096
0.0000
0.0000
0.0000
0.0000
0.0000
0.0000
0.0000
0.8657
0.0000
0.0000
0.0000
0.0000
0.7624
0.2096
0.0000
0.0000
0.0000
0.0000
0.0000
0.0000
0.9926
0.0000
0.0000
2.1142
0.0000
0.0000
0.0000
0.0000
0.0000
0.3835
0.0000
0.0000
0.0000
0.2743
1.0936
0.0000
0.0000
0.0000
0.0000
0.0000
0.0000
0.0000
0.8591
0.0000
1.9885
0.0000
0.0000
0.0000
1.0337
0.0000
1.2360
0.0000
0.3028
1.8970
0.0000
0.0000
0.8769
1.3085
0.9448
0.0000
0.9428
0.0000
0.0000
0.0000
0.0000
1.7498
0.0000
0.0528
3.6384
0.0000
0.0000
2.0309
0.0000
2.1773
1.1595
0.0000
0.0000
0.0000
0.0000
0.0000
0.0000
0.0000
0.7308
0.0000
0.0000
0.0000
0.0000
0.0000
0.0646
2.1810
1.0826
0.0000
0.0000
0.0000
0.0000
0.0000
6.5090
0.0000
0.0000
0.0000
0.0000
3.9506
0.0000
0.0000
0.0000
0.0000
0.0000
0.0000
0.0000
0.0000
0.0000
2.8532
0.0000
0.0000
0.0000
0.0000
0.9224
0.0000
0.0000
0.0000
0.0000
0.0000
1.8906
0.3881
0.0000
0.0000
0.0000
0.0000
0.0000
0.0000
4.4035
0.0000
0.0000
0.0000
0.0000
1.2543
0.0000
0.0000
0.0000
0.0000
0.3508
0.0000
3.7669
0.0000
0.0000
0.0000
0.0000
0.0000
0.0000
0.1370
1.0558
0.0000
0.0000
2.0052
0.0000
0.0000
0.0000
0.0000
0.8853
5.1542
0.0000
0.0000
0.0000
0.0000
0.0000
0.0000
0.0000
0.0000
0.0000
0.0000
1.1028
0.0000
0.4271
1.4692
1.1341
0.0000
0.0000
0.0000
0.0000
2.4504
1.5560
0.0000
0.0000
0.0000
0.0000
0.0000
0.0000
0.0000
2.0864
0.0000
0.0000
0.0000
0.0000
0.0000
0.0000
0.0000
0.0000
0.0000
2.6244
1.4496
0.0000
0.0000
0.0000
0.0000
5.2281
0.0000
0.0000
0.0000
0.0000
0.0000
0.0000
0.0000
0.0000
0.0000
0.0000
0.0000
0.0000
0.0000
0.0000
0.0000
1.0228
0.0000
0.0000
0.0000
2.2354
0.0000
0.8365
0.3658
0.0128
0.0000
0.0000
0.0000
0.0000
0.0000
0.0000
0.6145
0.0000
0.0000
0.0000
1.6562
0.0000
0.0000
0.0000
1.8259
0.0000
0.0000
0.0000
0.0000
0.6624
0.0000
1.4767
1.2125
0.0000
0.0000
0.0000
3.6399
0.0000
0.0000
0.0000
0.7708
0.0000
0.0000
0.0000
0.0000
0.0000
0.0000
2.0056
0.0000
0.0000
0.4458
0.5914
0.0000
0.0000
0.0000
0.0000
0.0000
0.0000
0.0000
0.0000
0.0000
0.0000
0.8351
0.0000
0.0000
0.0000
0.0032
0.0000
0.0000
0.8095
0.0000
0.0000
0.0000
0.0000
0.0000
0.4585
0.0000
0.0000
2.7895
0.0000
0.4128
3.9838
0.0000
0.0000
0.0000
0.0000
0.0000
0.0000
0.5281
0.0000
0.0000
0.0000
0.0000
0.0000
0.0000
0.0000
0.2384
0.5344
0.0000
0.0000
1.1720
0.0000
0.0000
0.0000
0.0000
2.2432
0.0000
0.6973
0.0000
0.0000
0.0000
1.6441
0.3724
0.0000
0.0000
0.0000
0.0000
0.0000
0.0000
0.1202
0.0000
0.0000
0.0000
0.0000
0.4301
0.0000
0.0000
0.0000
0.0000
0.0000
2.5365
0.0000
0.0000
0.8798
0.0000
0.0000
0.0000
0.0000
0.9625
0.7312
0.0000
0.0000
0.0000
0.0000
4.1874
0.0000
4.2402
0.0000
0.0000
0.0000
0.0000
0.0000
0.0000
0.0000
0.0000
0.0000
0.0000
0.0000
2.9234
0.0000
0.0000
0.0000
0.0000
1.3147
1.6009
0.7847
0.3781
0.0000
0.0000
0.0000
0.0000
0.0000
0.0000
2.6058
0.0000
0.0000
0.0000
0.0000
0.0000
0.0000
2.3597
0.0000
0.0000
0.0000
0.0000
0.0000
0.0000
0.0000
0.0000
0.3897
0.0000
0.0000
1.8166
0.0000
0.4516
0.0000
1.1331
0.0000
0.0000
0.3431
0.0000
0.0000
0.0000
2.1690
0.0000
0.0000
0.0000
0.0000
5.4426
0.0000
1.7929
0.0000
0.0000
0.0000
0.0000
0.5622
0.0000
0.0000
0.0000
0.0000
0.0000
0.0000
0.0000
0.0000
0.0000
0.0000
0.0000
0.0000
0.0000
0.0000
0.0000
4.5720
0.0000
0.0000
6.6284
0.4303
0.0000
0.0000
0.0000
0.0000
0.0000
0.0000
0.4440
0.0000
0.0000
0.6309
0.0000
0.0000
2.0668
0.0000
0.0000
0.0000
0.0000
0.0000
0.1786
0.0000
0.0000
0.0000
1.3875
6.4552
0.0000
0.0000
0.0000
0.0000
0.0000
0.0000
0.0000
0.0000
0.0000
0.0000
0.0000
0.0000
0.0000
0.0000
0.0000
0.0000
0.0000
0.0000
0.0000
0.0000
0.0000
0.0000
0.5418
3.0886
0.0000
0.0000
0.0527
0.0000
0.0000
0.8711
0.0000
0.0000
0.0000
0.0000
0.0000
0.0000
0.0000
0.0000
1.6099
0.0000
0.0000
0.0000
0.0000
0.0000
0.0000
1.6499
0.0083
0.0000
0.0000
0.0000
2.8054
0.0000
0.0000
0.0000
0.0000
0.0000
2.7476
0.0000
0.0000
0.0000
2.4697
0.0000
0.0000
0.0000
0.0000
0.3350
0.0000
0.0000
0.0000
2.6056
0.0000
0.0000
0.0000
3.9977
0.0000
0.3846
0.0000
0.0000
0.0000
0.0000
3.9250
0.0000
0.0000
0.0000
0.0000
0.8831
0.0000
0.0000
0.0000
3.1693
0.0000
0.0000
0.0000
0.0000
0.0000
0.0000
0.0000
0.0000
0.0000
1.4936
0.0000
4.0908
0.0000
0.5441
0.3116
0.0000
2.4901
0.0000
1.0486
0.0000
0.1363
0.0000
0.0000
0.0000
0.6741
0.0000
0.0000
0.0000
1.0734
0.0000
0.0000
0.0000
0.0000
0.0000
0.0000
0.0000
0.0000
0.0000
0.0000
2.3093
0.4192
0.0000
0.0000
0.2974
0.0000
3.6491
0.0000
0.0000
1.6060
2.7440
0.0000
0.0000
1.2795
0.0000
2.8968
0.1741
0.0564
0.0000
0.9112
0.0000
0.0000
0.0000
0.0000
0.4384
0.0000
0.0000
0.0000
4.3082
0.9237
2.3874
0.4486
0.0000
2.5754
0.0000
0.0000
0.0000
0.0000
0.0000
2.1312
0.0000
0.0000
1.9693
0.0000
0.0000
0.0000
4.9077
0.0000
1.3504
0.3594
0.0000
0.0000
0.1824
0.0000
0.7969
0.0000
0.0000
0.0000
0.3363
1.4534
0.0000
0.3768
0.0000
0.0000
0.9484
0.0000
0.0000
0.0000
0.0000
0.0000
0.0000
0.0000
0.0000
0.0000
0.2105
2.2874
0.0000
0.0000
0.0000
0.1920
0.0000
2.2721
0.0000
1.8143
1.3872
0.0000
0.0000
0.0000
0.0000
0.0032
0.0000
1.6275
0.0000
0.0000
0.0000
0.0000
0.3294
0.4509
0.0000
0.0000
0.0000
0.0000
0.6399
0.0000
0.0000
0.7528
0.0000
1.3418
0.9827
0.3725
0.0000
0.0000
1.4893
0.0000
0.0000
0.0000
0.0000
0.0000
1.5366
0.0000
0.0000
0.0000
0.0000
0.0000
4.8723
0.0000
0.0000
0.0000
0.0000
0.3987
0.0000
0.0000
0.1427
1.2886
0.0000
1.3455
0.0000
0.0000
3.4535
0.0000
0.0000
0.0000
2.1559
0.5276
0.0000
0.0000
0.2694
0.0000
0.0000
0.0000
0.0000
0.0000
0.0000
0.4762
0.0000
0.0000
0.0000
0.0000
0.0000
0.5127
0.0000
0.4814
1.2263
0.0000
0.0000
1.5227
0.0000
7.2491
1.7151
2.1178
0.0529
0.0000
0.0000
0.3527
0.0000
0.0000
0.2343
0.0000
2.3594
0.5056
2.4633
0.2531
0.0000
4.5946
0.3835
1.1046
0.0000
0.0000
2.2392
0.0000
0.0000
0.0000
0.0000
1.4334
0.0000
1.0587
0.0000
0.0000
0.0522
0.0000
0.0000
0.0000
0.0000
0.0000
0.0000
0.0000
0.1005
0.0000
0.0000
0.0000
0.0000
