0.0000
0.0000
0.0000
0.0000
3.5859
0.5065
0.0000
0.9598
1.3958
1.1709
1.0021
0.0000
0.0000
0.0000
0.0000
0.3387
0.0000
0.0000
0.0000
0.0000
0.0000
0.0000
2.7006
0.0000
1.3800
0.5942
0.0000
0.8834
0.0000
0.0000
0.0000
0.0000
0.0000
0.4608
0.1406
0.0000
0.0000
0.0000
0.2825
1.8144
0.0000
0.0000
0.0000
0.0000
0.0000
0.2041
0.0000
0.0000
0.0000
0.0000
0.0000
0.0000
0.0000
0.0000
0.0000
0.0000
0.1287
0.0000
0.0000
0.0000
0.0000
2.9436
0.0000
0.8213
0.0000
0.0000
0.0000
0.0000
0.5950
0.0000
0.0000
3.2768
0.0000
0.0000
0.0000
1.6527
0.0000
0.0000
0.0000
0.0000
1.0997
0.0000
1.4006
0.0000
0.0000
0.0000
2.2877
0.0000
2.3975
0.0000
1.8319
0.0000
0.0000
2.5268
0.0000
0.0000
0.0000
0.0000
2.5129
0.0000
1.2449
0.0000
0.0000
0.0000
0.0000
0.0000
0.0000
0.0000
0.4294
1.2005
0.0000
0.0000
0.0000
0.0000
0.0000
0.0000
1.3265
0.0000
0.0000
0.0000
1.6056
0.1657
3.0887
0.0000
0.9374
0.0000
0.0000
0.0000
0.0909
1.5766
0.0000
0.0000
0.0000
0.0000
3.9962
0.0000
1.7008
2.9013
0.0000
1.3409
2.8960
0.0000
0.2637
0.0000
1.6146
0.0000
0.0000
1.6583
2.6167
0.0000
0.0000
1.1979
0.2190
0.0000
0.0000
0.0000
1.0657
1.5302
0.3523
0.0000
1.7316
0.0000
0.0000
0.0000
0.0000
0.7747
0.0000
0.4083
0.0000
2.2484
0.0000
0.0000
0.0000
0.0000
0.0000
0.0000
0.0000
0.0000
0.0000
4.3933
3.4987
1.1990
0.0000
0.0000
0.0000
0.0000
0.0000
1.0657
0.0000
1.0236
0.0000
0.0000
0.0000
0.0000
0.5284
0.4990
0.4990
0.1140
2.2728
3.6121
0.0000
0.0000
0.0000
0.0000
0.0000
1.6543
0.0000
0.0000
0.0000
0.0000
0.0000
0.0000
0.0000
1.6401
0.8739
0.0000
0.0000
0.0000
0.0000
2.1850
0.1316
0.0000
0.0000
0.0000
0.0000
0.0000
0.0000
0.7415
0.0000
0.0000
0.0000
0.0000
0.0000
0.0000
1.6272
0.0000
0.0000
0.5157
4.4068
0.0000
0.0000
0.0000
0.0000
0.0000
0.0000
0.0000
0.0000
0.0000
0.0000
0.0000
1.0683
0.0000
0.0000
1.6108
0.0000
0.8813
0.0000
0.0000
0.0380
0.4750
0.0000
0.1978
0.0000
0.0000
0.0000
0.0000
3.0129
0.0000
0.0000
0.5812
1.3411
0.9226
0.6949
1.2319
0.0000
0.0000
0.0000
0.0000
4.2708
0.0000
2.5653
0.0000
0.5070
0.6784
0.0000
0.8088
0.0000
0.0000
0.0000
0.0000
0.0000
0.0000
0.0000
0.9378
1.2158
0.0000
0.0000
0.0000
0.0000
4.0927
0.0000
0.0000
0.0000
0.0000
1.1167
0.0000
0.0000
0.0000
0.0000
0.0000
0.0000
1.6584
0.0000
0.0000
0.4681
0.0000
0.0000
0.0000
0.0000
0.4326
0.5352
1.4420
0.0000
1.6084
0.0000
0.7446
0.0000
0.0000
0.0000
0.0000
0.0000
0.0000
0.0000
0.0000
0.0000
3.8523
3.6637
0.0000
0.0000
4.1862
0.0000
0.0000
0.0000
0.0000
0.0000
5.5575
0.0000
0.0000
0.0000
0.0000
0.0000
0.6924
0.7724
0.0000
4.7100
3.1496
0.0000
0.0000
0.0000
0.0000
0.0000
0.0000
0.0000
0.0000
0.0000
0.1598
0.0000
0.0522
0.0000
0.0000
0.0000
0.0000
0.0000
0.0000
0.0000
0.7380
0.0000
3.4277
0.0000
0.0000
2.2099
0.0000
0.0000
0.0000
0.0000
0.0000
0.0000
0.0000
0.0000
0.0000
2.1868
0.0000
0.0000
0.0000
0.0000
0.0000
0.0000
0.0000
0.0000
0.0000
0.0000
0.0000
0.0000
0.0750
0.0000
0.2596
0.0000
0.0000
3.5218
0.0000
0.0000
0.0000
0.0000
5.2193
0.2152
0.0000
0.0000
0.0000
0.0000
0.0000
0.0000
0.0000
1.7045
0.0000
0.0000
0.0000
0.0000
0.0000
0.0000
0.0000
0.0000
0.0000
0.0000
0.0000
0.0000
0.0000
0.0000
0.0000
0.0119
0.0000
2.1545
0.0000
0.0000
0.0000
2.9001
1.3747
0.0000
0.0874
0.0000
0.0000
0.0000
0.0000
0.0000
0.4045
0.0000
0.0000
0.0000
0.8590
0.0000
0.0000
0.6388
0.0000
1.2006
0.0000
0.7773
0.0000
0.0000
2.4264
0.0000
0.0000
0.0000
0.6372
0.0000
0.0000
0.0000
0.8523
1.1226
0.0000
0.6553
0.0000
0.0360
0.0000
0.0000
0.5792
0.7640
0.0000
0.0000
1.0383
0.0000
2.6306
0.0000
0.0000
0.0000
0.0000
0.9989
0.0000
0.0000
0.0000
0.0000
0.0000
0.0000
0.0000
0.0000
0.0000
0.7298
0.0000
0.0000
0.0000
0.0000
1.2600
0.0000
0.0000
0.0000
1.6919
0.0000
0.2952
0.0000
0.0000
5.5894
0.0000
0.0000
1.3999
0.0000
0.0000
0.0000
0.0000
0.6711
0.0000
0.0000
0.0000
2.7518
1.5303
0.3342
0.0000
1.0229
0.3329
0.0000
0.0000
0.0000
0.0000
0.0000
0.0000
0.0000
0.0000
0.9989
0.0000
0.0000
1.0836
2.0341
0.0000
0.0000
0.0000
0.0000
0.1555
0.0000
0.0000
0.0000
0.0000
0.1113
0.0000
0.9222
0.3408
0.0000
0.0000
0.0000
0.0000
0.0000
0.0000
0.0000
0.0000
0.0000
0.0000
0.0000
0.0000
0.0000
0.0000
0.0000
0.0000
0.0000
0.5649
0.0000
0.0000
0.0000
0.0000
0.0000
0.0000
0.0000
1.0118
0.5497
0.0000
0.0000
0.2477
0.0000
0.0000
0.0000
0.0000
0.0000
0.0000
2.2555
0.0000
0.0000
0.0000
0.0000
1.5032
0.0000
0.0000
0.1647
0.0000
1.7793
0.0000
0.5096
0.0000
0.0000
3.3282
0.0000
0.2566
2.3968
0.0000
0.0000
0.0000
3.7803
0.0000
0.0000
0.0000
0.0000
2.2256
0.0000
0.7729
0.0000
0.0000
0.0000
0.0000
0.0000
0.0000
0.4830
1.8175
0.0000
0.0000
0.0000
0.0000
0.0000
0.0000
0.0000
0.0000
0.0000
0.0000
0.0000
0.2900
0.0000
0.0000
0.0000
1.7164
1.7685
0.0000
0.0000
0.0000
0.0000
0.2926
0.0000
0.0000
0.0170
0.3708
2.4727
0.0000
0.0000
0.0000
0.3871
0.0000
0.0000
0.0000
0.0000
0.0000
0.0000
0.0000
0.0000
0.0000
0.0000
0.0000
0.0000
0.0000
0.0000
1.5550
0.0000
0.0000
0.0000
2.0048
0.0000
0.0000
0.0000
2.3821
0.0000
0.0000
1.5560
0.0000
0.4678
0.0000
0.0000
0.0000
0.3783
0.0000
0.0000
0.0000
1.4778
1.1874
0.0000
0.0000
0.0000
0.0000
0.0609
0.0000
0.0000
4.1526
0.0000
0.0000
0.0000
0.0000
0.0000
0.2302
0.0000
0.0000
0.0000
0.0000
1.5650
0.7095
0.0206
0.0000
1.4344
0.0000
0.0000
0.9400
0.0000
0.0000
0.0000
0.0000
0.0000
0.0000
0.0000
1.6446
2.0202
2.7553
1.1892
0.4467
0.0000
0.7836
0.0000
0.0000
0.0000
0.0000
1.8785
0.0000
0.0000
0.0000
0.0000
0.0000
0.0000
0.0000
0.8690
0.0000
0.0000
0.0000
1.5845
0.0000
2.3471
1.3394
0.0000
0.8916
0.0000
0.0000
0.0000
0.0000
0.0000
0.3903
0.0000
0.0000
0.0000
0.0000
0.0000
0.0000
1.3121
0.3750
1.2387
0.0000
0.0000
0.0000
0.0000
0.0000
0.0000
0.0635
0.0000
0.0000
0.0000
0.0000
0.0000
1.1569
0.0000
0.0000
0.0000
0.0000
0.0000
0.0000
0.0000
0.0000
3.7204
0.0000
0.0000
0.0000
0.0000
0.0000
0.0000
0.0000
0.0000
0.0000
0.0000
0.0000
0.0000
0.0000
1.5882
0.0000
1.1349
0.8440
0.1008
0.0000
0.0000
0.0000
1.1942
0.0000
0.0000
0.0000
0.0000
0.0000
1.4412
0.0000
0.0000
0.0000
0.0000
0.6926
0.0000
0.9293
0.3566
0.0000
0.0000
0.0000
0.0000
0.9257
0.0000
0.0000
0.2428
0.0000
1.2456
0.0000
0.0000
1.4991
0.0000
0.2013
0.0000
0.0000
0.0000
0.0000
0.0000
0.0000
0.8808
0.0000
0.0000
1.3204
0.0000
0.4195
0.0000
0.0000
0.0000
0.0000
0.0000
0.0000
0.0000
0.8227
1.6457
0.0000
2.4431
1.9228
1.3509
0.0000
0.0000
0.0000
0.0000
0.0000
0.0000
0.0000
0.1738
0.0000
0.0000
0.0000
1.3705
0.0000
0.8417
0.0000
0.0000
0.0000
0.0000
1.7054
1.6298
0.0000
0.0000
0.0000
0.0000
0.0000
0.0000
0.0000
0.0000
0.0000
0.0000
0.2735
0.0000
0.0000
1.3352
0.0000
0.0000
0.0000
0.0000
0.0000
0.0000
0.0000
0.0000
0.0000
0.2958
0.0000
0.0000
5.0794
2.7232
0.0000
0.4136
0.0000
0.0000
0.0000
0.0000
0.0000
0.0000
0.6427
0.0000
0.0000
0.3008
0.0000
0.0000
0.0000
0.0000
0.0000
0.0000
1.0312
0.0000
3.5126
0.0000
4.4031
1.8583
0.2877
0.0000
0.0000
0.0000
0.0000
0.6261
0.0000
0.0000
0.0000
0.0000
0.8041
0.0000
0.0000
0.0000
2.9963
0.0000
0.0000
4.8715
0.0000
2.4955
0.0000
1.2506
0.0000
0.0000
0.0000
0.4722
0.2872
0.7185
0.0000
0.0000
0.9800
0.0000
2.0551
2.5613
0.3315
3.2191
0.0000
0.0000
2.1300
2.3237
0.0000
0.0000
0.0000
0.0000
0.0000
0.0000
0.0000
0.4638
5.1971
0.0000
0.0000
0.0000
0.0000
0.0000
0.0000
0.0000
0.0000
0.0000
2.5030
0.0000
1.7611
0.0000
3.1362
0.0176
0.0000
0.2514
2.4672
2.3566
0.9466
0.0000
0.6430
0.0000
0.0000
0.0000
0.0000
3.4688
0.0000
0.0000
0.1726
0.0000
0.0000
1.9746
0.0000
1.1129
0.0000
0.6428
0.0000
2.4562
0.0000
0.0000
0.0000
0.0000
0.0000
0.0000
0.0000
3.7668
0.0000
0.4540
0.0000
0.1431
0.0000
0.0000
0.0000
0.0000
0.0000
0.0000
0.0000
0.0000
0.0000
2.5780
0.3245
1.4126
0.0000
0.6808
0.0000
1.6459
0.0000
0.0000
0.0000
1.0691
0.0000
0.0000
0.0000
0.0000
0.0000
2.5781
0.0000
0.0000
0.6144
0.0000
0.0000
0.0000
0.0000
0.0000
0.0000
0.0000
1.0962
0.0000
0.0000
0.2713
0.0000
0.0000
0.0000
0.2999
0.0000
0.0000
0.0000
0.0000
0.3895
0.0000
0.0000
0.0000
0.9250
0.8856
0.0000
0.0000
0.0000
0.0000
0.0000
1.3347
1.1490
0.0000
0.0000
0.2088
0.0000
1.5024
0.0000
0.0000
0.0000
0.0000
0.6389
0.7018
0.0000
1.9927
0.1640
0.0000
0.0000
0.0000
1.5478
0.0000
0.0000
0.0000
1.0183
0.0000
0.0000
0.0000
0.0000
0.0000
0.0000
0.0000
0.0000
0.0000
0.0000
1.6737
1.0988
0.0000
0.0000
0.0000
0.0000
0.0000
0.1532
0.0000
0.0000
0.0000
0.0000
0.0000
0.0000
0.0000
0.0000
0.0000
0.0000
0.0000
0.0000
0.0000
0.0000
3.3417
0.6791
0.4189
0.0000
4.2629
0.0000
0.0000
2.5866
0.6965
5.3521
0.0000
1.8326
0.0000
0.0000
0.0000
1.3990
0.0026
0.0000
0.0000
0.0000
0.0000
0.0000
0.0000
0.0000
2.4062
0.0000
0.0000
0.0000
0.0000
0.8305
0.0000
0.0000
0.0000
0.1319
2.1289
1.2564
0.0000
0.0000
0.0000
0.0000
0.6933
0.0000
0.0000
0.0000
1.4769
0.0000
2.8390
0.1078
0.7185
0.0000
0.0000
0.0000
0.0000
0.0000
0.0000
0.0000
0.0000
1.3796
0.0000
0.0000
0.0000
0.0000
0.0467
0.0000
0.0000
0.0000
2.6059
0.0000
0.0000
0.0000
2.0246
0.0000
0.0000
0.0000
0.0000
0.0000
0.0000
0.0000
0.0000
0.0000
0.0000
0.0000
3.0927
0.0000
0.0000
0.0000
3.3446
0.0000
3.3678
0.0000
0.0000
1.8742
0.0000
0.0000
0.0000
0.0000
0.0000
2.3247
0.0000
0.0070
0.0000
0.0000
0.0000
0.0000
0.0000
0.0000
3.1362
0.0000
0.5947
0.0000
0.0000
0.0000
0.0000
0.0000
0.0000
0.0000
0.4410
0.0000
0.0000
0.0000
2.0523
0.0000
0.0000
1.9403
0.0000
0.0000
3.0378
0.0000
0.0000
0.0000
0.0000
0.0000
0.0000
0.0000
0.6563
0.5662
3.7698
0.0000
0.0000
0.7076
0.0000
0.0000
0.0000
0.0000
0.6028
0.0000
0.0000
0.0000
0.0000
1.1067
0.0000
0.0000
0.0000
1.2735
0.0000
0.0000
0.0000
0.1674
0.0000
0.0000
0.0000
0.0530
0.0000
0.0000
0.0000
0.0000
0.0000
1.1718
0.0000
0.9676
0.2344
0.0000
0.0000
1.2019
0.0000
0.0000
0.0000
0.0000
0.0000
0.0000
0.0000
0.0000
0.0000
0.0000
0.1465
0.4827
0.0000
0.3747
0.0000
0.0000
0.0000
0.0000
0.0000
0.0000
0.0000
0.0000
0.0000
0.0000
0.0000
0.0000
0.0000
0.0000
1.4531
3.5735
0.0000
0.5871
0.0000
0.0000
0.0000
0.0000
0.0000
0.0000
0.0000
0.0000
0.0000
0.0000
0.0000
0.7825
2.3208
0.0000
0.0000
0.0000
0.0000
0.0000
2.0032
0.0000
1.5077
0.2260
0.0000
0.5105
0.0000
0.9648
0.4243
3.6384
0.0000
0.0913
0.0000
0.0000
0.0000
0.0000
0.0000
0.0000
0.0000
0.0000
0.3095
0.3642
0.0000
0.0000
0.0000
0.0000
0.0000
0.9995
0.0000
0.4251
0.0000
3.1568
0.0000
0.0000
0.0000
0.0000
0.0000
2.4546
0.0000
0.0000
2.0842
0.0000
0.0000
0.3419
0.4695
0.0000
0.0000
0.0000
0.0000
0.0000
0.0000
0.0000
0.0000
0.0765
0.0000
0.0000
0.9747
0.0000
0.0000
3.5682
0.0000
1.6959
0.0000
0.0000
0.0000
0.0000
0.0000
0.0000
0.0000
0.0000
1.9294
0.0000
3.2088
1.8772
0.0000
0.0000
0.0000
1.6640
0.0000
0.0000
0.0000
0.0000
0.0000
0.0000
1.4196
0.0000
0.0000
0.0000
0.1587
0.6602
0.0000
0.0000
0.0000
0.0000
0.0000
2.3381
5.2891
0.7881
0.0000
0.0000
0.0000
1.6910
0.0000
1.0271
0.0000
0.0000
0.0000
0.0000
0.0000
0.0000
0.0000
0.0000
2.6525
2.8735
0.0000
0.0000
0.0000
0.0000
0.0000
2.6209
0.0000
0.0000
6.2276
0.0000
0.0000
0.0000
0.3585
0.0000
0.0000
0.0052
5.1823
1.8804
0.0000
0.0000
0.0000
0.0807
0.0000
0.0000
0.0000
0.0000
0.0000
0.0000
0.0000
0.0000
0.0000
0.0000
0.0000
1.0251
0.0000
0.1739
0.0000
0.0000
0.0000
0.1583
0.0000
0.0000
0.0000
0.0000
0.0000
0.0000
1.9781
2.4464
0.0000
0.0000
0.0000
0.0000
2.0771
0.0000
0.5791
0.1596
0.0000
1.4492
0.0000
0.0000
0.0000
0.0000
0.0000
0.1772
1.4869
0.8399
0.0000
0.0000
0.0000
0.0000
0.0000
5.4216
0.0000
0.0000
0.0000
0.0000
0.0000
0.0000
0.0000
0.0000
0.0000
0.0000
2.0932
0.0000
0.0000
0.0000
0.9649
0.0000
0.0000
0.0000
2.1863
0.0000
0.0000
0.0000
0.0000
1.5794
0.0000
0.0000
0.0000
1.4083
0.0000
0.7670
0.0000
0.0000
0.0000
0.0000
0.0000
0.0000
0.0000
0.0000
0.0000
0.4208
0.0000
0.0000
0.0000
0.6875
1.1832
0.0000
2.0382
0.8110
0.0000
0.0000
0.0000
0.4030
0.0000
0.0000
0.0000
1.5675
1.9067
0.0000
0.0000
0.0000
0.3445
0.0000
0.0000
0.0000
0.0000
0.0000
0.0000
0.0000
0.0000
0.0000
2.5802
0.0000
2.0558
0.0000
0.0000
0.3197
0.0000
1.0294
0.0000
0.8635
0.0000
0.1428
2.0724
1.5836
4.2845
0.0000
0.0000
0.0000
0.0000
0.0000
0.0000
0.5956
0.0000
0.2713
0.0000
0.0000
0.8453
0.0000
0.0000
0.0000
0.4947
0.0000
0.0000
0.0000
0.0000
0.0000
0.0000
0.0000
0.0000
1.5716
0.0000
0.0000
0.0000
0.0000
0.0000
0.0000
0.0000
0.0000
0.0000
0.0000
0.0000
0.0000
0.0000
0.0000
0.0000
1.4223
0.0000
0.2462
0.0000
2.0072
0.0000
0.2476
0.0000
4.0701
0.0000
0.0000
0.0000
0.5590
0.0000
0.0000
2.3409
1.7497
0.0000
0.5850
0.4318
3.4561
0.0000
1.6857
0.0000
0.0000
1.2778
0.0000
0.0000
0.0547
0.0000
0.0000
0.0000
0.0000
0.9996
0.4631
0.0000
0.0000
0.0000
0.0000
0.0000
0.0000
0.0000
0.0000
0.0000
3.9783
0.0000
1.5405
4.1293
0.0000
0.0000
3.0816
0.0000
0.0000
1.3273
2.9744
0.0000
0.0000
1.9198
0.0000
1.3822
0.7424
0.0000
4.0357
0.0000
0.0000
0.3593
0.0000
0.0000
0.4206
0.0000
0.0000
0.6350
0.0000
1.0619
0.0000
0.0000
4.1158
0.0000
1.9415
0.0000
0.0000
0.0000
0.0000
0.0000
0.0000
0.0000
0.0000
0.0000
0.7382
1.1178
0.0000
2.1140
0.0000
0.0000
0.0000
0.3514
0.0000
0.0000
0.0000
1.1466
0.8743
0.0000
0.0000
1.3969
0.0000
0.0814
2.5823
0.0000
0.1458
0.0000
0.0000
0.0000
0.0000
0.0000
0.0000
0.0000
0.0000
0.0000
0.0000
0.0000
0.0000
0.3155
0.0000
0.0000
0.0000
1.1415
0.0000
1.9479
3.9729
1.0082
0.0000
0.0000
0.5612
0.0000
0.1597
0.0000
3.0242
0.0000
0.0000
0.0000
0.0000
0.0000
0.0000
0.9903
0.0000
0.0000
0.0000
0.0000
0.0000
0.0000
0.0000
3.5952
0.0000
0.0000
0.0122
0.0000
0.0000
0.0000
0.0000
0.0335
0.0000
0.0000
0.0000
0.0000
0.0000
0.0000
0.0000
0.0000
0.0000
0.0000
0.0000
0.0000
1.0844
1.0462
0.0000
0.0000
0.0000
0.0000
0.0000
0.0000
0.0000
3.1492
0.0000
0.0000
0.0000
2.5791
0.0000
0.5231
0.0000
0.0000
2.0032
0.0000
0.0000
0.0000
0.0000
0.0000
0.0656
0.0000
0.0000
0.0000
0.0000
0.0442
0.0000
0.6762
0.5827
0.0000
0.0000
0.0000
0.0065
0.0000
0.0000
0.0000
0.0000
0.0000
0.0000
0.0000
0.0000
0.0000
0.0000
0.9309
2.1598
0.0000
0.0000
1.3486
0.0000
0.0000
0.0000
2.3881
0.3732
0.0000
0.0000
0.0000
0.0000
0.0000
0.0000
1.3026
0.0000
0.0000
0.0000
0.1946
1.3484
0.0000
0.0000
0.0000
0.0000
0.0000
0.0000
0.0000
0.5247
0.0000
0.0000
2.5029
2.3346
0.5011
0.0000
0.0000
0.0000
0.0000
0.8844
0.0000
0.0000
2.0008
0.0000
0.0000
1.9026
2.0458
0.0000
0.0000
0.8420
0.9248
1.0306
0.0000
0.0000
1.2983
0.0000
0.0000
0.0000
0.0000
0.0000
1.0779
0.2155
0.0000
0.0000
0.9094
3.2336
0.0000
2.2744
1.1587
0.0000
0.0000
0.0000
2.7497
0.0000
0.0000
0.0000
2.3657
1.7107
0.0000
0.0000
0.4169
0.0000
0.0000
0.0000
2.0975
0.0000
0.0000
0.4304
0.0000
0.0000
1.9230
1.2960
0.2143
0.0000
0.0000
1.5162
1.0699
0.0000
0.0000
0.0000
0.0000
0.0000
0.0000
0.0000
0.0000
0.0000
0.0000
0.0000
0.0000
0.0000
0.0000
0.0000
0.4018
0.9609
0.0000
0.0000
0.0000
0.0000
0.0000
0.0000
0.0000
1.7061
0.0000
0.0000
0.0000
4.2095
0.0000
0.0000
0.0000
0.4476
0.0000
0.0000
0.0000
0.0000
0.0000
0.0000
0.0000
0.0000
0.0399
0.0000
3.0280
0.0000
0.6293
0.0000
0.0000
0.0000
0.0000
0.0000
1.5027
0.0000
0.0000
0.0000
0.0000
0.0000
0.0000
0.0000
0.0000
0.0000
0.0000
0.0000
0.0000
0.4059
0.0000
0.0000
0.0000
0.0000
2.9911
0.0000
0.0000
0.0000
0.0000
0.0709
0.0000
2.2022
0.0000
0.0000
2.2797
3.9102
0.0000
5.8657
1.0611
1.7829
0.0000
0.0000
0.0000
2.4523
0.0000
0.0000
0.0000
0.0000
0.0000
0.9624
0.0000
3.6972
0.4528
0.8117
0.0000
0.0000
0.0000
2.9630
0.0000
0.0000
2.3052
0.0000
0.0000
0.0000
0.0000
0.0000
0.0000
0.0000
0.0000
0.0000
0.0000
1.1852
0.0000
0.0000
0.0000
0.0000
0.1429
0.0000
0.0000
0.0000
0.0000
0.0000
0.7011
1.2834
1.2372
0.9206
0.2492
0.0000
0.3864
0.0000
0.0000
0.0000
0.0000
0.0000
0.6834
2.0595
0.0000
0.0000
0.0000
0.0000
0.0000
0.0000
0.0000
0.0000
0.0000
0.0000
0.0000
0.0000
0.0000
0.1569
0.2207
0.0000
2.5742
0.0000
0.0000
0.0000
0.0000
0.0000
0.0000
0.0000
0.2585
0.0000
0.5242
0.4726
0.0000
0.0000
0.4044
0.0000
0.0000
0.0000
0.0000
0.0000
1.6138
1.8273
0.6635
0.0000
0.0000
0.0000
0.0000
0.0000
0.0000
0.0000
0.0000
0.0000
0.0000
0.0000
3.7704
0.1075
0.0000
0.0000
3.1480
0.3299
0.0000
0.0000
2.9172
0.0000
0.0000
1.4239
0.0000
0.0000
0.0000
0.4514
1.1955
0.0000
0.0000
0.1771
0.0000
3.3980
0.0000
0.0000
0.0000
0.0000
0.0000
0.4929
1.8058
0.0000
3.0459
0.0000
0.0000
0.0000
0.8336
0.0000
0.0000
0.0000
2.9731
0.0000
0.0000
0.0000
0.0000
0.0000
0.0000
0.0000
1.6413
0.0000
0.0000
0.0000
0.6246
0.0000
0.0000
0.3628
0.0000
0.0000
0.8560
0.0000
0.0000
1.2388
0.0000
0.0000
0.0000
0.2489
2.0331
0.0000
0.0000
2.5129
0.0000
0.8077
0.0000
0.0000
0.0000
0.0000
0.1125
1.3445
0.0000
0.2026
0.0000
0.0000
0.0000
0.3897
0.0000
0.0000
0.5101
1.2647
0.0000
0.3966
0.0000
0.5237
0.0000
1.0345
0.9594
1.2915
2.2564
0.0000
0.0000
0.0000
1.1388
0.1577
0.0000
0.0000
0.0000
0.0000
0.0000
0.0000
0.0000
2.2286
0.0000
0.0000
0.0000
0.0000
2.5505
6.2461
0.0000
0.0000
0.0000
0.0000
0.0000
0.0000
0.0000
0.0000
0.0000
0.0000
0.0000
0.0000
0.0000
0.0000
0.0000
0.0000
0.0000
0.0000
0.0000
0.0000
0.0678
0.3522
0.0000
0.0000
0.7898
0.0000
0.8049
0.1233
0.0000
0.0000
0.0000
0.0000
0.9776
0.7039
0.1218
0.0000
2.7505
0.0000
1.4466
0.0000
1.7824
0.0000
0.0000
0.4619
0.0000
0.0000
0.0000
0.0000
0.0000
0.3829
0.3078
0.0000
3.6973
0.0000
0.0000
0.0000
0.6768
0.0000
0.0000
0.0000
0.1285
0.0000
0.0000
0.0000
0.6403
0.5839
0.0000
0.0000
0.0000
0.0000
0.3183
0.0000
0.0000
0.0000
0.0000
0.0000
0.0000
0.0000
0.0000
0.0000
0.0000
0.0000
0.0000
2.5227
0.0000
0.0000
1.1930
0.0000
0.0000
0.0000
0.0000
0.5528
0.0000
0.0000
0.0000
0.0228
0.0000
0.0000
0.0000
0.0000
0.8851
0.0000
0.0000
0.0000
0.0000
0.0000
0.0000
0.0000
0.0312
0.0000
0.0000
0.0000
0.0000
0.0000
0.0000
1.0326
0.0000
1.2118
0.0000
0.0000
0.2701
0.0000
0.0000
0.0000
0.0000
0.7814
0.0000
0.8733
0.0000
0.4645
0.0000
0.9556
0.0000
0.0000
4.1225
0.3418
0.0000
1.5291
0.0000
2.5326
1.3392
0.5602
0.0000
0.0000
0.0000
0.0000
0.9100
0.0000
1.6660
0.0000
0.0000
0.0000
0.0000
0.0000
0.0000
0.0000
0.0000
0.0000
1.7852
0.0000
0.0000
0.0000
0.0000
1.5672
0.0000
0.0000
0.0000
0.0000
3.0116
0.0000
0.0000
0.0000
1.8068
0.0000
1.1622
0.1639
0.6911
1.3293
0.7767
0.0000
1.8634
0.0000
0.0000
0.0000
0.0000
0.0000
0.0000
0.0000
0.0000
0.0000
0.0000
1.4376
0.4389
0.0000
0.0000
0.7568
0.0000
0.0000
0.0000
0.0000
0.0000
0.0000
0.2205
0.0000
0.0000
0.0000
0.0000
1.1667
0.0000
1.4722
0.1192
0.0000
0.0000
0.0000
0.8043
0.0000
0.0000
0.0000
0.0000
1.4600
0.0000
0.0000
0.0000
0.0000
0.0000
0.0000
1.4784
2.3918
0.0000
0.0000
0.0000
0.0000
0.0000
0.4958
0.0000
0.0000
0.0000
3.9505
0.0000
0.0000
1.2797
0.0000
3.8465
0.0000
0.0000
1.6131
0.0000
0.0000
0.2372
0.0000
0.0000
4.5669
0.0000
3.0024
4.2805
0.0000
0.0000
0.0000
1.4831
0.0000
1.5363
0.0000
0.0274
0.0000
0.0000
0.0000
1.6001
0.0000
0.0000
1.7016
0.0000
0.0000
0.0000
0.6142
0.0000
0.0000
0.0000
2.7224
0.0000
0.0000
0.1244
0.0790
0.3748
0.6963
0.0000
0.0000
0.0000
0.0000
0.0000
0.0000
1.7683
0.0550
0.9620
0.0000
1.2570
0.3154
2.4334
0.0000
0.0000
0.0000
0.0000
0.0000
2.6643
0.0000
2.5584
2.5970
0.0000
0.0000
0.0000
0.0000
1.0206
0.0000
0.1907
3.7080
0.0000
1.2452
0.0000
2.3640
0.0000
0.9636
0.0000
0.0000
0.0000
2.0576
0.0000
0.4454
0.0000
0.0000
0.0000
0.0000
0.7613
1.2847
0.0000
0.0000
0.0482
0.0000
0.0000
0.0000
0.0000
0.0000
0.2588
0.0000
0.0000
0.7758
1.5831
0.0000
0.3937
0.0000
1.1062
0.0000
0.0106
0.1267
0.0000
0.0000
0.0000
1.5485
0.0000
0.0000
0.0000
0.0000
0.0000
0.0000
0.0000
0.0000
0.0000
2.3626
0.0000
0.0000
0.0000
0.9881
0.4506
0.0000
1.7835
2.2007
0.0000
1.2756
0.0000
0.0000
0.0000
0.0000
0.0000
0.0000
0.0000
0.0000
0.0000
3.2697
0.0000
0.0000
1.1973
0.0000
0.0000
0.0000
1.1799
0.0000
0.0000
0.0000
0.0000
0.0000
0.0000
0.0000
0.0000
0.0000
2.3511
0.0000
2.4855
0.0000
0.0000
0.0000
0.4710
0.0000
0.2598
0.0000
0.1728
0.0000
0.9458
0.0000
0.0000
2.3203
0.0000
0.2643
0.0000
0.0000
0.8243
1.0228
0.0000
0.8038
0.0000
0.0000
1.3057
0.0000
0.0000
0.0000
0.5927
0.0000
0.9525
0.0000
0.0000
0.0000
0.0000
0.0000
0.4610
1.7606
0.0000
0.0000
0.0000
0.0000
0.0000
0.0000
0.8729
2.2042
1.8509
0.2761
1.8742
0.0000
0.0000
0.0000
0.0000
0.2968
2.1637
0.0000
0.0000
0.0000
0.0000
0.0000
0.0000
4.1830
0.0000
0.0000
0.0000
0.0000
1.0735
3.4079
0.0000
0.0000
0.0000
0.0000
0.0000
0.0000
0.0000
0.0000
0.7736
0.2996
0.0000
0.0000
0.0000
0.7035
0.0000
0.0000
2.4982
0.2493
0.0000
0.3043
0.0000
0.0000
0.0000
0.0000
3.8000
0.0000
0.0000
0.0000
0.0460
0.0000
0.0000
0.0000
1.9991
0.0896
0.0000
0.1483
4.2333
0.0000
0.0000
0.0000
0.0000
0.0000
0.0000
0.0000
2.7445
0.0000
0.0000
2.1895
0.0000
0.3276
0.0000
0.0000
1.0484
0.0000
0.0000
0.0000
0.2004
0.0000
1.6769
0.0000
0.0000
1.5429
0.0000
0.6952
0.0000
0.0000
0.0000
2.2422
0.0000
0.0000
0.0000
0.0000
3.1052
0.0000
0.0000
0.0000
0.0000
1.1264
0.0000
0.0000
1.8185
0.3966
0.0623
0.0000
0.0000
0.0000
0.8427
0.0000
0.0000
0.0000
0.0000
0.0000
0.0000
0.0000
0.0000
0.0000
0.0000
2.5093
0.0000
0.8534
0.0000
0.0000
1.7605
0.0000
0.0000
0.0000
0.0000
0.0000
0.0000
0.0000
0.0000
0.0000
0.0000
0.0000
0.0000
2.0853
2.1208
0.0000
0.1795
0.0000
2.0694
0.0000
0.0000
0.0000
0.0000
0.0000
0.0000
0.0000
0.0000
0.0000
0.0000
0.0000
0.0000
0.0000
0.0000
0.0000
0.6691
0.0000
0.0000
2.3540
0.0449
0.0000
0.0000
1.4586
0.1432
0.0000
4.2893
0.0608
2.0383
0.0000
2.6975
0.0000
1.2867
0.0000
0.0000
0.9628
0.1664
0.0000
0.0000
0.0000
0.0000
0.0000
0.0000
0.0000
3.5231
0.0000
0.6331
0.0000
1.8098
3.6927
0.0000
1.2083
5.8966
1.0123
0.0000
0.5015
0.0000
0.0000
0.0000
4.8102
0.0000
0.0000
0.0000
0.4202
1.2802
0.0000
0.0000
1.4832
0.0000
0.0000
2.2633
0.0000
0.0000
0.0000
1.8145
0.0000
0.0000
1.1919
0.0000
0.0000
0.0000
0.0000
0.0000
1.5346
0.0000
0.3485
1.3598
0.3695
4.1828
0.0000
1.4599
0.0000
0.0000
0.3625
0.0000
0.0000
0.0000
0.0000
0.7307
2.1988
0.8439
0.0000
0.0000
0.1029
0.0000
0.6842
0.0000
0.0091
0.0000
0.0000
0.0000
0.0000
0.0000
0.0000
0.0000
0.0000
0.0000
0.0000
2.2853
0.0000
0.0000
1.0992
0.0000
0.0000
0.0000
0.0000
4.9576
0.0000
0.0000
0.6444
0.0000
1.8016
0.0000
2.1618
0.1604
0.0000
1.1859
0.0000
0.0000
0.0000
0.0000
0.0000
0.0000
0.0000
0.0927
0.0000
0.2650
0.0000
0.0000
1.7150
1.8804
0.7796
0.0000
0.0000
0.0000
0.0000
2.4422
0.9210
0.0000
0.0000
0.9851
0.4460
0.0000
0.0000
4.6170
0.0000
0.7705
1.3649
0.0000
0.0000
0.0000
0.0000
0.0000
0.0000
0.0000
0.0000
0.0000
1.6519
0.0000
0.0000
0.0000
0.0000
0.0000
2.0864
0.0000
0.0000
0.0000
0.0000
0.0000
0.0000
0.0000
3.5673
0.0000
0.6272
0.0000
4.8116
0.0000
1.1682
0.0000
0.0000
0.0000
0.0000
0.0000
0.0000
0.0000
0.2908
0.0000
0.0000
0.2392
0.0000
0.0000
0.0000
0.0000
0.0000
0.0000
0.0000
0.0000
0.0000
0.0000
0.6524
0.0000
0.0000
0.0000
0.0000
0.0000
0.0000
0.0000
0.0000
0.0000
0.0000
1.6243
0.0000
0.0892
0.7598
0.0000
0.1025
0.0000
0.0000
0.6900
0.1238
0.0000
0.0000
0.0000
0.0000
0.4110
0.0000
0.0000
0.0000
0.0000
0.0000
1.3608
2.7129
0.0000
0.0000
0.0000
0.0000
0.0000
3.9496
0.0000
1.5140
0.0000
0.0000
0.0000
0.0000
0.0000
0.0000
1.8490
0.2855
0.0000
0.0000
0.0000
0.2740
0.0000
0.0000
0.0000
0.0000
0.0000
0.5208
0.0000
0.0000
1.1132
0.0000
0.0000
1.1087
0.0000
0.0000
0.3999
0.0000
0.0000
0.0000
0.0000
0.0000
0.0000
4.0769
0.0000
3.0985
0.0000
0.0000
0.0000
0.0000
0.0000
2.0655
1.4079
0.0000
0.0000
0.0000
0.0000
0.4070
0.0000
0.0000
0.0000
0.0000
0.0000
1.7452
0.0000
0.0000
0.0000
2.6525
0.0000
0.0000
0.0000
0.0000
0.0000
0.7853
0.8053
0.0000
0.0000
0.2708
0.0000
0.6063
0.8895
0.0000
0.0000
0.0801
0.0150
1.2891
0.0000
0.0000
0.0000
0.0000
0.0000
0.0000
3.6694
0.0000
1.4718
0.0000
0.0000
1.9011
0.0000
0.0000
0.0000
0.0000
0.0000
0.0000
0.0000
0.0000
1.8863
0.0000
0.8399
0.2624
0.0000
0.0000
2.1423
0.0000
0.0000
0.0000
0.0000
0.0000
0.0000
0.0000
0.0000
0.2605
0.0000
0.0000
0.5284
0.0000
0.7373
0.0000
0.0000
0.0000
0.0000
0.0000
0.0000
0.0000
0.0000
0.0000
2.4911
0.0000
0.0000
0.0000
0.0000
0.6146
1.4717
0.0000
0.0000
0.1177
0.0000
3.5282
0.0000
0.0000
0.0000
0.0000
0.0000
0.0000
0.0000
0.0000
0.0893
1.3649
0.0000
0.0000
0.0000
1.8745
0.0000
2.2507
0.0000
1.1945
1.5034
0.0000
0.0000
2.1189
0.2229
2.0214
0.0000
2.2767
0.0000
0.0000
0.0000
0.0000
0.5358
0.0000
1.5411
3.0132
0.0000
0.0000
0.8912
0.0000
0.7275
1.1961
1.1881
0.0000
0.0000
0.0000
0.0000
0.0255
1.6305
0.0000
0.0000
0.1604
0.0000
0.1437
0.0000
0.0000
2.2684
0.8985
0.0000
0.0000
0.0000
0.0000
0.0000
5.6424
0.0000
0.9944
0.0000
0.0000
2.6494
0.0000
0.0000
0.0000
0.0000
0.0000
0.0000
1.1508
0.0000
0.0000
2.2234
0.0000
0.0000
0.0000
0.0000
0.1488
0.0000
0.0000
0.0000
0.0000
0.0000
1.2638
0.0000
0.0000
0.0000
0.0000
0.0000
0.0000
0.5544
2.4174
0.0000
0.0000
0.0000
0.7494
2.0616
0.0000
0.0000
0.0000
0.0000
0.0000
0.0000
5.8469
0.0000
0.0000
0.0000
0.0000
0.0000
0.0000
0.0000
1.0398
0.1357
0.0000
0.0000
0.0000
0.0000
0.0000
0.0499
0.4634
4.6627
0.0000
0.0000
0.0000
0.0000
0.0000
0.0000
0.0000
0.0000
0.0000
0.6267
1.1565
0.0000
0.3099
2.1901
2.4415
0.0000
0.0000
0.0000
0.2549
1.5125
2.1413
0.0000
0.2899
0.0000
0.0000
0.0000
0.0000
0.0000
2.2834
0.0000
1.7611
0.0000
0.0000
0.0000
0.0000
1.0945
0.0000
0.3372
0.9269
2.6559
0.0000
0.0000
0.0000
0.0000
2.6319
0.0000
0.5546
0.0000
0.0000
0.0000
0.0000
0.0000
0.0000
0.0000
0.0000
0.6486
0.0000
0.7117
0.0000
0.0000
0.6695
0.0000
0.0000
0.0000
0.0834
0.0000
1.6140
2.1181
1.9522
1.3727
0.0000
0.0000
0.8050
0.0000
0.0000
0.0000
0.0000
0.0000
0.0000
0.4825
0.0000
0.0000
0.0000
1.6837
0.0000
0.0000
0.0000
0.0000
0.0000
0.0000
0.8176
0.0000
0.0000
0.0000
0.0000
4.3470
0.0000
0.2816
0.0000
0.0000
0.1708
0.1173
0.0000
0.0000
0.0000
0.0000
0.9661
0.0000
0.0000
1.6587
1.6032
0.0000
0.5884
0.0000
0.0000
0.0000
0.0000
0.2973
0.0000
0.0000
0.0000
1.6855
0.0000
0.0000
0.0000
1.4606
0.0000
0.2141
2.2561
0.0000
0.0000
0.0000
0.0000
0.0000
0.0000
0.0000
0.1356
4.0845
0.0000
1.7046
2.5198
0.0000
0.0000
0.4519
0.0000
0.0000
0.0000
0.0000
0.0000
0.0000
1.8149
0.0000
0.0000
0.0000
0.0000
0.0000
1.6084
0.6379
0.0000
2.7074
0.0548
0.0000
0.0000
0.0000
1.7761
0.0000
0.9698
0.9852
0.0000
0.0000
1.2254
2.1314
0.0000
0.0000
0.0000
0.0000
0.0000
0.0000
0.5259
0.0000
0.0000
0.0000
0.7689
0.6261
0.0000
0.0000
0.0000
0.0000
0.0000
1.2485
0.0000
0.0000
2.3972
0.0000
0.0000
0.0000
0.0000
0.0000
0.0000
0.0000
0.0000
0.0000
0.3706
3.2425
0.0000
4.3909
0.0000
0.0000
0.0000
0.0000
0.0000
0.3530
0.0000
0.0000
0.2861
0.0000
0.0000
3.1094
0.0000
0.0000
0.0000
0.0000
0.6989
2.3591
1.2580
1.0445
0.0000
0.0000
0.0000
0.0000
0.6739
0.0000
2.0721
0.0000
0.0000
0.0000
0.0000
0.0000
0.0000
0.8999
0.0000
0.0000
0.0000
0.0000
0.0000
0.0000
0.0000
0.0000
0.0000
0.3731
0.0000
0.0000
0.0000
0.0367
0.0000
2.5602
0.0000
0.0000
1.9211
1.3508
0.0000
0.0000
1.2948
0.0000
0.0000
0.0000
0.0000
3.8074
2.8578
1.8732
0.0000
0.0000
0.0000
0.0000
0.6030
0.0000
0.0000
0.0000
0.7482
0.0000
0.0000
0.0000
0.0000
0.0000
0.7527
0.0000
0.0000
0.0000
0.0000
0.0000
6.1815
0.0000
0.0000
4.2979
0.6444
0.0000
0.0000
0.0000
0.0000
0.0000
0.0000
0.0686
0.0000
0.0000
2.2243
0.8847
0.0000
2.5776
0.9586
0.0000
0.0000
0.0000
0.0000
0.0000
0.0000
0.0000
0.0000
0.0000
4.8591
0.0000
0.0000
0.0000
0.1014
0.0000
0.0000
0.1426
0.0000
0.0000
0.0000
0.0000
0.0000
0.0000
0.0000
0.2069
0.0000
0.0000
0.0000
0.0000
0.0000
0.0000
0.0000
0.2174
3.1529
0.0000
0.0000
0.5210
0.0000
0.0000
1.1350
0.0000
0.0000
0.8582
0.0000
0.0000
0.0000
0.0000
0.0000
1.5452
0.0000
0.0000
0.0000
0.0000
0.0000
0.0000
0.5923
2.3065
0.0000
0.0000
0.0000
2.9956
2.2384
0.0000
0.0000
0.0000
0.0000
3.3048
0.0000
0.0000
0.0000
3.8088
1.2130
0.0000
0.0000
0.0000
0.0000
0.0000
0.0000
0.0000
1.0948
0.0000
0.0000
1.0226
3.7806
0.0000
0.2332
0.0000
0.0000
0.0000
0.0000
3.2680
0.0000
0.0000
0.0000
0.0000
0.3230
0.0000
0.1110
0.9511
2.3339
0.0000
0.0000
0.0000
0.0000
0.0000
0.0000
0.0000
0.0000
0.0000
2.2992
0.0000
4.5315
0.0000
1.7475
1.1027
0.0000
4.3629
0.0000
0.0000
0.0000
1.1309
0.0214
0.0000
0.0000
0.3466
0.0000
0.0000
0.0000
3.0512
0.0000
0.0000
0.0000
0.0000
0.3773
0.0000
0.0000
0.0000
0.0000
0.0000
0.6595
1.5266
0.0000
0.3342
1.1363
0.0000
4.5499
0.0000
0.0000
2.9117
4.3022
0.0000
0.0000
0.0000
0.0000
3.6660
0.4508
1.1950
0.0000
2.0588
0.0000
0.0000
0.0000
0.0000
0.3768
0.0000
0.0000
0.7543
1.7635
0.0540
4.3349
1.0673
0.0000
4.5562
0.0000
0.0000
0.0000
0.0000
0.0000
1.3076
0.0000
0.0000
3.4244
0.0000
0.0000
0.0000
3.8780
0.0000
2.9146
0.7447
0.0000
0.0000
0.5375
1.1034
0.0000
0.6191
0.0398
0.0000
0.0000
1.6751
0.0000
0.0000
0.0000
0.2107
0.2683
0.0000
0.0000
0.0000
0.0000
0.0000
0.0000
0.0000
0.0000
0.2062
0.0000
0.7958
0.0000
0.0000
0.1299
2.9593
0.0000
3.3724
0.0000
0.3813
2.3902
0.0000
0.3046
0.0000
0.0000
0.0000
0.0000
1.2238
0.0000
0.0000
0.0000
0.0000
1.4701
1.5178
0.0000
1.9028
0.0000
0.8306
0.4415
0.0000
0.0000
0.6923
0.0000
1.9926
2.8520
0.3615
0.0000
0.0000
1.0503
0.0000
0.0000
0.0000
0.0000
0.7026
0.9213
0.0000
1.6124
0.7271
0.0000
0.0000
3.3574
0.0000
0.4320
0.0000
0.0000
0.9817
0.0000
0.0000
0.0000
2.9931
0.0000
0.0000
1.2024
0.0000
3.3501
0.0000
0.7050
0.0000
1.3830
1.5210
0.0000
0.0000
0.0000
0.0000
0.0000
0.0155
0.0000
0.0000
0.0000
0.0000
0.0000
0.0000
0.0000
0.0000
0.0000
0.0000
0.0000
0.1172
1.0188
0.0000
0.0000
2.1305
0.0000
4.7850
0.5216
1.7990
0.0000
0.0000
0.0000
0.0000
0.0000
0.0000
0.0380
0.0000
1.1283
1.3029
3.5200
0.5316
0.0000
6.9450
0.3506
1.7909
0.6238
0.0000
2.3804
0.5208
0.6301
0.0000
0.0000
0.0000
0.0000
2.0932
1.4576
0.0000
0.0000
0.0000
0.0000
0.0000
0.0000
0.0000
0.7459
0.0000
0.3067
0.0000
0.0000
0.0951
0.0000
