0.0000
0.0000
0.0000
0.0000
3.1351
0.0000
0.0000
0.0000
1.6260
2.6261
0.9494
0.0000
0.1288
0.0000
0.0000
0.0000
0.0000
0.0000
0.0000
0.0000
0.0000
0.0000
3.4117
0.0000
2.6244
0.0000
0.0000
1.7056
0.0000
0.0000
0.0000
0.0000
0.0000
0.0000
1.2813
0.0000
0.0000
0.0000
0.0000
0.7254
0.5655
0.0000
0.0000
0.0000
0.0000
0.1179
0.0000
0.0000
0.0000
0.0000
0.0000
0.0000
0.0000
0.0000
0.0000
0.0000
0.0000
0.0000
0.0000
0.0000
0.0000
1.8226
0.0000
1.1681
0.0000
2.1319
0.0000
0.0000
0.0000
0.0000
0.0000
5.1104
0.0000
0.0000
0.0000
1.2302
0.0000
0.0000
0.0000
0.0000
1.8628
0.0000
0.0000
0.0000
0.0000
0.1397
1.7814
0.0000
1.3773
0.0000
0.4364
0.0000
0.0000
3.8817
0.0000
0.0000
0.0000
0.0000
3.4229
0.0000
0.1495
0.0000
0.0000
0.0000
0.0000
0.0000
0.0000
0.0000
0.0000
1.1459
0.0000
0.0000
0.0000
0.0000
0.0000
0.0000
0.4031
0.0000
0.0000
0.0000
2.0516
0.0000
2.4030
0.0000
1.1350
0.0000
0.0028
0.0000
0.3065
0.6914
0.0000
0.0000
0.0000
0.0000
4.3326
0.0000
0.6946
1.0906
0.0000
2.7397
4.6157
0.0000
0.9841
0.4879
1.8817
0.0000
0.0000
1.8070
0.9242
0.0000
0.0000
0.0000
0.0000
1.1175
0.0000
0.0000
0.1083
0.0000
0.0000
0.0000
1.1654
0.0000
0.0000
0.0000
0.0000
1.1026
0.0000
0.0000
0.0000
2.5472
0.0000
0.0000
0.0000
0.0000
0.1577
0.0000
0.0000
0.0000
0.0000
3.9186
1.9131
2.4106
0.0000
0.0000
0.0000
0.0000
0.1283
1.5475
0.0000
0.2651
0.0000
0.0000
0.0000
0.0000
0.3641
0.0000
0.0000
0.0000
1.7460
4.1195
0.0000
0.0000
0.0000
0.0000
0.0000
0.5260
0.0000
0.0000
0.0000
0.0000
0.0000
0.0000
0.0000
0.0355
0.0000
0.0000
0.0000
0.0000
0.0000
0.4171
0.0000
0.0000
0.0000
0.0000
0.0000
0.0000
0.3087
0.0217
0.0000
0.0000
0.0000
0.0000
0.0000
0.0000
1.9946
0.0000
0.0000
1.0939
4.1423
0.0000
0.0000
0.0000
0.0000
0.0000
0.0000
0.0000
0.0000
0.0000
0.0000
0.0000
0.0000
0.0000
0.0000
1.2339
0.0000
0.8360
0.0000
0.0000
0.3572
0.0000
0.0000
0.1781
0.0000
0.0000
0.0000
0.0000
3.2266
0.0000
0.0000
0.0486
2.3157
0.0000
0.0000
0.0000
0.2678
0.0000
0.0000
0.0000
2.4340
0.0000
0.9695
0.0000
0.5455
0.0000
0.0000
3.1640
0.0000
0.0000
0.0000
0.0000
0.0000
0.0000
0.0000
0.6320
1.8447
0.0000
0.0000
0.0000
0.0000
3.6090
0.0000
0.0000
0.0000
0.0000
0.0000
0.0000
0.0000
0.0000
0.0000
0.0000
0.0000
0.0000
0.0000
0.0000
1.7283
0.0000
0.0000
0.0000
0.0000
0.5991
0.0000
0.3189
0.0000
3.2588
0.0000
1.7331
0.0000
0.0000
0.0000
0.0000
0.0000
1.3991
0.0000
0.0000
1.8948
1.7380
0.0000
0.0000
0.0000
5.4482
0.0000
0.0000
0.0000
0.0000
0.0000
5.0654
0.0000
0.0000
0.0000
0.0000
0.0000
1.1737
0.5365
0.0000
2.3222
1.8956
0.0000
0.0000
0.0000
0.0000
0.0000
0.0000
0.0000
0.0000
0.0000
0.0000
0.0000
0.0000
0.0000
0.0000
0.0000
0.0000
0.0000
0.0000
0.0000
0.7123
0.0000
3.7211
0.0000
0.0000
3.2530
0.6274
0.0000
0.0000
0.0000
0.0000
0.5918
0.0000
0.0000
0.0000
2.2105
0.0000
0.0000
0.0000
0.0000
0.0000
0.0000
0.0000
0.0000
0.0000
0.0000
0.0000
0.0000
0.0000
0.0000
1.5208
0.0000
0.0000
2.5029
0.0000
0.0000
0.0000
0.0000
2.5213
0.0000
0.0000
0.0000
0.3808
0.0000
0.0000
0.0000
0.0000
3.0242
0.0000
0.0000
0.0000
0.0000
0.0000
0.0000
0.0000
0.0000
0.0000
0.0000
0.0000
0.0000
0.0000
0.0000
0.0000
0.0000
0.0000
1.7058
0.0000
0.3779
0.0000
4.0201
0.8627
0.0000
0.0000
0.0000
0.0000
0.0000
0.0000
0.5328
0.0000
0.0000
0.0000
0.0000
1.0868
0.0000
0.0000
0.3977
0.0000
0.9617
0.0000
1.4456
0.0000
0.1681
2.6242
0.0000
0.0000
0.0000
0.2068
0.0000
0.0000
0.0000
0.8696
0.0000
0.0000
0.1716
0.0000
0.0367
0.0000
0.0000
0.2008
0.9475
0.0000
0.0000
0.0000
0.0000
1.3434
0.0000
0.0000
0.4719
0.0000
0.7040
0.0000
0.0000
0.0000
0.0000
0.0000
0.0000
0.0000
0.4804
0.0000
0.0000
0.0000
0.0000
0.0000
0.0000
0.0000
0.0000
0.0000
0.0000
0.8397
0.0000
0.3593
0.0000
0.0000
8.4614
0.0000
0.0000
1.8395
0.0000
0.0000
0.0000
0.0000
0.0000
0.8941
0.0000
0.0000
1.4450
0.0000
2.0617
0.0000
0.9105
0.0000
0.0000
0.0000
1.2358
0.0000
0.0000
0.0000
0.0000
0.0000
0.0000
0.0000
0.0000
0.0000
1.5736
0.0000
0.0000
0.0000
0.0000
0.0000
0.0000
0.0000
0.0000
0.0000
0.0000
0.9338
0.9594
3.0387
0.0000
0.0000
0.0000
0.0651
0.0000
0.0000
0.0000
0.0000
0.0000
0.0000
0.0000
0.0000
0.0000
0.0000
0.0000
0.0000
0.0000
0.6817
0.0000
0.0000
0.0000
0.0000
0.0000
0.0000
0.0000
0.9528
0.5163
0.0000
0.0000
0.0000
0.0000
0.0000
0.0000
0.0000
0.0000
0.0000
3.8760
0.0000
0.0000
0.0000
0.0000
0.0175
0.0000
0.0000
0.0000
0.0000
0.0000
0.0000
0.0000
0.0000
0.0000
2.9679
0.0000
0.0000
0.7384
0.0000
0.0000
0.0000
3.4401
0.0000
0.1543
0.0000
0.0000
0.9997
0.0000
0.0000
0.0000
0.0000
0.0000
0.0000
0.0000
0.0000
0.0000
3.2040
0.0000
0.0000
0.0000
0.3194
0.7798
0.0000
0.0000
0.0000
0.1037
0.0000
0.0000
0.1291
0.0000
0.0000
0.0000
1.1592
0.8580
0.0000
0.0000
0.0000
0.0000
0.0000
0.0000
0.0000
0.0000
2.5625
0.7505
0.0000
0.0000
0.0000
0.0000
0.0000
0.0000
0.0000
0.0000
0.0000
0.0000
0.0000
0.0000
0.0000
0.0000
0.0000
0.0000
0.0000
0.0000
1.5664
0.0000
0.0000
0.0000
2.5835
0.0000
0.0000
0.0000
0.2668
0.0000
0.0000
2.6125
0.0000
0.0000
0.0000
0.0000
0.0000
0.0627
0.0000
0.0000
0.0000
0.5442
1.1889
0.0000
0.0000
0.0000
0.0000
1.5747
0.0000
0.0000
4.6973
0.0000
0.0000
0.0000
0.0000
0.0000
0.9564
0.0000
0.0000
0.0000
0.0000
1.8434
1.6965
0.0000
0.0000
0.5095
0.0000
0.0000
0.2094
0.0000
0.0000
0.0000
1.9398
0.0000
0.0000
0.0000
0.8228
0.5066
3.1664
1.3444
0.0000
0.0000
0.7603
0.0000
0.0000
0.0000
0.0000
1.0668
0.0000
0.0000
0.0000
0.0000
0.0000
0.0000
0.0000
0.4873
0.0000
0.0000
0.0000
1.1969
0.0000
2.2321
1.0394
0.0000
1.2638
0.0000
0.0000
0.0000
0.0000
0.0000
0.0000
0.0000
0.0000
0.0000
0.0000
0.0000
0.0000
0.0000
0.2774
0.1053
0.6409
0.0000
0.0000
0.0000
0.0000
0.0000
1.0660
0.0000
0.0000
0.0000
0.0000
0.4820
0.0000
0.0000
0.0000
0.0000
0.0000
0.0000
0.0000
0.0000
0.0000
3.6924
0.0000
0.0000
0.0000
0.0000
0.0000
0.0000
0.0000
0.0000
0.0000
0.0000
0.0000
0.0000
0.0000
1.8263
0.0000
0.0000
0.4224
0.0000
0.0000
0.0000
0.0000
0.3629
0.0000
0.0000
0.0000
0.0000
0.0000
0.4107
0.0000
0.0000
0.0000
0.0000
0.0000
0.0000
0.8573
0.0000
0.0000
0.0000
0.0000
0.0000
0.0000
0.0000
0.3950
0.2497
0.0000
0.0000
0.0000
0.0000
0.0000
0.0000
0.0000
0.0000
0.0000
0.0000
0.0000
0.0000
0.0000
0.0000
1.6353
0.0000
1.7113
0.8489
0.5483
0.2263
0.0000
0.0000
0.0000
0.0000
0.0000
0.0000
0.2487
0.0000
0.0000
2.3997
0.9844
0.0000
0.0000
0.0000
0.0000
0.0000
0.0000
0.0000
0.0000
0.0000
0.0000
0.0000
0.0000
1.1672
0.0000
0.7040
0.0000
0.0000
0.0000
0.0000
1.4251
1.9701
0.0000
0.0000
0.0000
0.0000
0.0000
0.0000
0.0000
0.0000
0.0000
0.0000
0.3164
0.0000
0.0000
3.8769
0.0000
0.0000
0.0000
0.0000
0.0000
0.0000
0.0000
0.0000
0.0000
0.0000
0.0000
0.0000
7.3848
1.2094
0.0000
0.4200
0.0000
0.0000
0.0000
0.0000
0.0000
0.0000
0.2387
0.0000
0.0000
0.0000
0.0000
0.7635
0.0000
0.0000
0.0000
1.3666
1.0734
0.0000
4.0517
0.0000
4.1171
0.0000
2.5029
0.0000
0.0000
0.0000
0.0000
0.0000
0.0000
0.0000
0.0000
0.0000
1.9171
0.0000
0.0000
0.0000
0.3699
0.0000
0.9469
2.9843
0.0000
3.0224
0.0000
3.0269
0.0000
0.0000
0.0000
0.0004
0.5909
0.0000
0.0000
0.0000
2.8899
0.0000
2.1140
1.6127
0.8219
3.8927
0.0000
0.0000
0.3856
0.0000
0.0000
0.0000
0.0000
0.0000
0.0000
0.0000
0.0000
0.0000
5.5247
0.0000
0.0000
0.0000
0.0000
0.0000
0.4873
0.0000
0.0000
0.0000
2.1011
0.0000
2.1755
0.0000
1.3072
0.0000
0.0000
0.0000
0.0000
0.4164
0.7120
0.0000
0.5322
0.0000
0.0000
0.0000
0.0000
4.3861
0.0000
0.0000
1.3291
0.0733
0.0000
2.7348
0.0000
0.0000
0.0000
1.6971
0.0000
3.6595
0.0000
0.0000
0.0000
0.0000
0.0000
0.0000
0.0000
2.6192
0.0000
0.6420
0.0000
0.0722
0.0000
0.0000
0.0000
0.0000
0.0000
0.0000
0.0000
0.0000
0.0000
1.1726
0.0000
0.0000
0.0000
0.0000
0.0000
0.0000
0.0000
0.0000
0.0000
2.0286
0.0000
0.0000
0.0000
0.0000
0.0000
3.0861
0.0000
0.0000
0.6823
0.0000
0.0000
0.0000
0.0000
0.0000
0.0000
0.0000
0.0607
0.0000
0.0000
0.9236
0.1031
0.0000
0.0000
0.0000
0.0000
0.0000
0.9067
0.0000
0.4544
0.0000
0.0000
0.0000
0.6160
0.0000
0.0000
0.0000
0.0000
0.0000
0.0000
0.1763
0.7241
0.0000
0.0000
0.0000
0.0000
1.9393
0.0000
0.0000
0.0000
0.0000
0.0000
0.0000
0.0000
0.8929
0.0000
0.0000
0.0000
0.0000
0.0000
0.0000
0.0000
0.0000
2.2564
0.0000
0.0000
0.0000
0.0000
0.0000
0.0000
0.0000
0.0000
0.0000
0.0000
2.2109
0.7740
1.3011
0.0000
0.0000
0.0000
0.0000
0.0000
0.0000
0.0000
0.0000
0.2765
0.0000
0.0000
0.4440
0.0000
0.0000
0.0000
0.0000
0.0000
0.0000
0.0000
2.3751
0.0000
0.0000
0.0000
3.5014
0.0000
0.0000
0.0000
1.7422
5.3301
0.0000
0.5335
0.0000
0.0000
0.0000
3.6820
0.0000
0.0000
0.0000
0.0000
0.0000
0.0000
0.2390
0.0000
2.1873
0.0000
0.0000
0.0000
0.1058
0.0000
0.0000
0.0000
0.0000
0.0000
1.6520
0.0000
0.0000
0.0000
0.2803
0.0000
0.0000
0.0000
0.1233
0.0000
1.4463
0.0000
2.3284
0.9892
0.0000
0.0000
0.0000
0.0000
0.0000
0.0000
0.0000
0.0000
0.0000
2.8345
0.0000
0.0000
0.0000
0.0000
0.0000
0.4816
0.0000
0.0000
1.7478
0.0000
0.0000
0.0000
1.9089
0.0000
0.0000
0.0000
0.0000
0.0000
0.0000
0.0000
0.0000
0.0000
0.0000
0.0000
2.5467
0.0000
0.0000
0.0000
2.4560
0.0000
1.2178
0.0000
0.0000
2.6705
0.0000
0.0000
0.0000
0.0000
0.0000
0.4551
0.0000
0.0000
0.0000
0.0000
0.0000
0.0000
0.0000
0.1140
1.5117
0.0000
1.8405
0.0000
0.0000
0.0000
0.0000
0.0000
0.0000
0.0000
0.0000
0.0000
0.0000
0.0000
1.0653
0.0000
0.0000
0.2029
0.0000
0.0000
2.8319
0.0000
0.0000
0.0000
0.0000
0.0000
0.0000
0.0000
0.0000
0.0000
1.4963
0.0000
0.0000
0.0000
0.0000
0.0000
0.0000
0.0000
0.8230
0.0000
0.8132
0.0000
0.0000
0.0000
0.0000
0.0000
0.0000
0.0000
0.0000
0.0000
0.0000
0.0000
0.0000
0.1256
0.0000
0.0000
0.0000
0.0000
0.0000
0.0000
0.0000
0.1737
0.0000
0.4455
0.0000
4.0588
0.0000
1.7724
0.0000
0.0000
0.0000
0.0000
0.0000
0.0000
0.0000
0.0000
0.0000
0.0000
0.0000
0.2448
0.0000
0.5957
0.0000
0.0000
0.0000
0.1660
0.0000
0.0000
0.0000
0.0000
0.0000
0.0000
0.0000
0.0000
0.0000
0.0000
3.6973
3.0089
0.0000
0.9633
0.0000
0.0000
0.0000
0.0000
0.0000
0.0000
0.0000
0.0000
0.0000
0.0000
0.0000
1.1764
1.3367
0.0000
0.0000
0.8090
0.0000
0.0000
0.8021
0.0000
0.2919
0.0000
0.0000
0.0660
0.0000
0.9064
0.9092
3.8462
0.0000
0.0000
0.0000
0.0000
0.0000
0.0000
0.0000
0.0000
0.0000
0.0000
0.0878
0.0000
0.0000
0.0000
0.0000
0.0000
0.0000
1.3674
0.0000
0.0000
0.0000
2.5312
0.0000
0.0000
0.0000
0.0000
0.0000
1.3988
0.0000
0.0000
2.4701
0.3788
0.0000
0.0000
0.0000
0.0000
0.0000
0.0000
0.0000
0.0000
0.0000
0.0000
0.0000
0.0000
0.0000
0.5980
0.3118
0.4368
0.0000
1.9202
0.0000
0.4502
0.0000
0.0000
0.0000
0.0000
0.0000
0.0000
0.0000
0.0000
2.0039
0.0000
3.8055
1.9229
0.0000
0.0000
0.0000
0.0000
0.0000
0.0000
0.0000
0.0000
0.0000
0.0000
0.0000
0.0000
0.6247
0.0000
0.3363
0.0000
0.0000
0.0000
0.0000
0.0000
0.0000
1.7092
5.0898
0.0000
0.0000
0.0000
0.0000
0.8298
0.0000
0.0000
0.0000
0.0000
0.0000
0.0000
0.0000
0.0000
0.0000
0.0000
0.7247
0.3694
0.0000
0.0000
0.0000
0.0000
0.0000
2.0286
0.0000
0.0000
3.9925
0.0000
0.0000
0.0000
0.0000
0.0000
0.0000
1.9801
6.3819
0.0000
0.0000
0.0000
0.0000
0.0000
0.0000
0.0000
0.0000
0.0000
0.0000
0.0000
0.0000
0.0000
0.0000
0.0000
0.0000
0.7483
0.0000
0.0000
0.0000
0.0000
0.0000
1.9489
0.0000
0.0000
0.0000
0.0000
0.0000
0.0000
1.4344
1.1721
0.0000
0.0000
0.0000
0.0000
4.0078
0.0000
0.6144
0.4131
0.0000
3.1563
0.0000
0.0000
0.0000
0.0000
0.9720
1.5365
0.9183
0.0000
0.0000
0.0000
0.0000
0.0000
0.0000
4.2519
0.0000
0.0000
0.0000
0.0000
0.0000
0.0000
0.0000
0.0000
0.0000
0.0000
1.2807
0.0000
0.0000
0.0000
0.8794
0.0000
0.0000
0.0000
0.5248
0.0000
0.0000
0.0000
0.0000
1.0148
0.0000
0.0000
0.0000
1.6948
0.0000
0.9252
0.0000
0.0000
0.0000
0.0000
0.0000
0.0000
0.0000
0.0000
0.0000
0.5547
0.0000
0.0000
0.0000
1.5120
0.0000
0.0000
2.6335
0.0000
0.0000
0.0000
0.0000
1.7790
0.0000
0.0000
0.0000
2.0700
0.7006
0.0000
0.0000
0.0000
0.0000
0.0000
0.0000
0.0000
0.0000
0.0000
0.0000
0.0000
0.0000
0.0000
2.7930
0.0000
0.9481
0.0000
0.0000
0.3716
0.0000
0.0000
0.0000
0.0000
0.0000
0.0000
0.8864
1.9460
1.4210
0.0000
0.0000
0.0000
0.0000
0.0000
0.0000
0.8171
0.0000
0.0000
0.0000
0.0000
0.0000
0.0000
0.6874
0.0000
0.0000
0.0968
0.0000
0.0000
0.0000
0.0000
0.0000
0.0000
0.0000
0.0000
0.0000
0.0000
0.7380
0.0000
0.0000
0.0000
0.0000
0.0000
0.0000
0.0000
0.0000
0.0000
0.0000
0.0000
0.0000
0.0000
0.0000
0.0849
0.0000
1.0773
0.0000
0.0000
0.0000
3.1655
0.0000
0.0000
0.0000
1.3411
0.0000
0.0000
1.3478
2.9460
0.0000
0.0501
0.0000
3.4539
0.0000
0.3979
0.0000
0.0000
1.0287
0.0000
0.0000
0.0000
0.0000
0.0000
0.0000
0.0000
0.3452
0.3800
0.0000
0.2409
0.0000
0.0000
0.0000
0.0000
0.0000
0.0000
0.0000
3.4095
0.0000
0.0000
3.1277
0.0000
0.0000
4.2967
0.0000
0.0000
1.4827
3.3111
0.9247
0.0000
0.0000
0.0000
1.5668
0.1537
0.0000
2.7881
0.0000
0.0000
0.0000
0.0000
0.0000
0.0000
0.0000
0.0000
1.0922
0.0000
2.2947
0.0000
0.0000
3.1500
0.0000
3.3903
0.0000
0.0000
0.0000
0.0000
0.0000
0.0000
0.0000
0.0000
0.0000
0.0000
0.0000
0.0000
1.5345
0.0000
0.0000
0.0000
0.0000
0.0000
0.0000
0.0000
0.0000
1.4121
0.0000
0.0000
1.4791
0.0000
0.0000
1.9198
0.0000
1.2614
0.0000
0.0000
0.0000
0.0000
0.0000
0.0000
0.0000
0.0000
0.0000
0.0000
0.0000
0.3372
0.4890
0.0000
0.0000
0.0000
0.5262
0.0000
1.9241
4.3232
0.4197
0.0000
0.0000
0.0000
0.0000
0.0000
0.0000
2.3375
0.0000
1.0944
0.0000
0.0000
0.0000
0.0000
0.9464
0.0000
0.0000
0.0000
0.0000
0.0000
0.9054
0.0000
2.4810
0.0000
0.0000
0.6297
0.0000
0.0000
0.0000
0.0000
0.0000
0.0000
0.0000
0.0000
0.0000
0.0000
0.1047
0.0000
0.0000
0.0000
0.0000
0.0000
0.0000
0.0000
0.0000
0.0000
0.0000
0.0000
0.6761
0.0000
0.0000
0.0000
1.9554
0.0000
0.0000
0.0000
0.7454
0.0000
0.0000
0.0000
0.0000
2.0900
0.0000
0.0000
0.0000
0.0000
0.0000
1.0610
0.0000
0.0000
0.0000
0.0000
1.3862
0.0000
0.8240
0.8284
0.0000
0.0000
0.0000
0.1938
0.0000
0.0000
0.0000
0.0000
0.0000
0.5226
0.0000
0.0000
0.0000
0.0000
0.9675
0.8466
0.0000
0.0000
0.0000
0.0000
0.0000
0.0000
3.3974
2.7104
0.3464
0.0000
0.0000
0.0000
0.0000
0.0000
1.0694
0.0000
0.0000
0.0000
0.3936
0.0000
0.0000
0.0000
0.0000
0.0000
0.0000
0.0000
0.0000
2.1316
0.0000
0.0000
1.1637
2.7823
1.1835
0.0000
0.0000
0.0000
0.0000
0.0000
0.0000
0.0000
0.9804
0.8494
0.0000
0.8139
1.7845
0.0000
0.0000
0.0000
1.4759
0.0000
0.0000
0.0000
0.8652
0.0000
0.0000
0.0000
0.0000
0.7604
0.0000
0.0000
0.0000
0.0000
0.5285
2.7647
0.0000
4.4797
1.4691
0.0000
0.0000
0.0000
1.3485
0.0000
0.0000
0.0000
1.3353
0.6998
0.0000
0.0000
0.0000
0.5710
0.0000
0.0000
0.8988
0.0000
0.0000
0.0000
0.0000
0.0000
3.3529
0.0000
0.0000
0.0000
0.0000
0.3474
1.4158
0.0000
0.0000
0.0000
0.0000
0.0000
0.0000
0.0000
0.0000
0.0000
0.0000
0.0000
0.0000
0.6121
0.0000
0.0000
0.0000
0.2153
0.0000
0.8679
0.6478
0.0000
0.0000
0.0000
0.0000
0.0000
0.0000
0.0000
0.0000
1.8656
0.0000
0.0000
0.0000
0.0000
0.0000
0.0000
0.0000
0.0000
0.0000
0.0000
0.0000
0.0000
0.0000
0.0000
1.6479
0.0000
0.0000
0.0000
0.0000
0.0000
0.0000
0.0000
3.0878
0.0000
0.0000
0.0000
0.0000
0.0000
0.0000
0.0000
0.0000
0.0000
0.0000
0.0000
0.0000
2.1100
0.0000
0.9360
0.0000
0.0000
0.5914
0.0000
0.0000
0.0000
0.0000
0.0000
0.0000
0.6305
0.0000
0.0000
2.0782
1.9398
0.0000
4.2853
0.0000
3.5389
0.0000
0.0000
0.0000
0.0000
0.0000
0.0000
0.0000
0.0000
0.0000
1.8191
0.0000
3.7367
0.0000
0.3846
0.0000
0.0000
0.0000
1.6534
0.0000
0.0000
0.2280
0.0000
0.0000
0.0000
0.0000
0.0000
0.0000
1.2603
0.0000
0.0000
0.0000
1.2139
0.0000
0.0000
0.0000
0.0000
0.0000
0.0000
0.0000
0.0000
0.1907
0.0000
0.0000
1.3957
1.4622
0.7000
0.0000
0.0000
0.0000
0.0000
0.0000
0.0000
0.0000
0.0000
0.8939
1.4725
0.0000
0.0000
0.0000
0.0000
0.0000
0.0000
0.0000
0.0000
0.0000
0.0000
0.0000
0.0000
0.0000
0.1481
0.0000
0.0000
4.1281
0.0000
0.0000
0.4620
0.0000
0.0000
0.0000
0.0000
0.0095
0.0000
0.7710
0.8231
0.0000
0.0000
0.0000
0.0000
0.0000
0.0000
0.0000
0.0000
0.0000
0.2340
0.0000
0.0000
0.0000
0.0000
0.0000
0.0000
0.0000
0.0000
0.0000
0.0000
0.0000
0.0000
2.0112
0.0000
0.0000
0.0000
4.1916
0.0000
0.0000
0.0000
3.7387
0.0000
0.0000
0.0000
0.0000
0.0000
0.0000
1.8596
0.4229
0.0000
0.0000
0.0000
0.0000
5.2001
0.0000
0.0000
0.0000
0.6785
0.0000
0.0000
2.1283
0.0000
2.3451
0.0000
0.0000
0.0000
0.2179
0.0000
0.0000
0.0000
1.8597
0.0000
0.0000
0.0000
0.0000
0.0000
0.0000
0.0000
0.0457
0.0000
0.0000
0.0000
0.0000
0.0000
0.0000
0.7285
0.0000
0.0000
0.9360
0.0000
0.0000
3.8112
0.0000
0.0000
0.0000
0.0000
1.7167
0.0000
0.0000
2.0505
0.0000
0.0000
0.0000
0.0000
0.0000
0.0000
0.4891
0.6156
0.0000
1.8487
0.0000
0.0000
0.0000
1.0931
0.0000
0.0000
0.0000
0.0000
0.0000
1.2520
0.0000
0.0000
0.0000
0.0000
1.1156
1.2062
2.5077
0.0000
0.0000
0.0000
0.8974
0.0000
0.0000
0.0000
0.8196
0.0000
0.0000
0.0000
0.0000
2.3205
0.5552
0.0000
0.0000
0.0000
1.5336
7.8623
0.0000
0.3075
0.0000
0.0000
0.0000
0.0000
0.0000
0.0000
0.0000
0.0000
0.0000
0.0000
0.0000
0.0000
0.0000
0.0000
0.0000
0.0000
0.0000
0.0000
0.0000
0.9133
0.0000
0.0000
0.8074
0.0000
1.0222
0.8146
0.0000
0.0891
0.0000
0.0000
2.4520
0.1900
0.0000
0.0000
1.1970
0.0000
0.9119
0.0000
0.4736
0.0000
0.0000
0.1772
0.0000
0.0000
0.0000
0.0000
0.0000
0.0000
0.0000
0.0000
4.7420
0.0000
0.0000
0.0000
1.3758
0.0000
0.0000
0.0000
0.0000
0.0000
0.0000
0.0000
0.0000
0.1777
0.0000
0.0000
0.0000
0.0000
1.5590
0.0000
0.0000
0.0000
0.7082
2.0561
0.0000
0.0000
0.0000
0.0000
0.0000
0.0000
0.0000
3.8459
0.0000
0.0112
0.4596
0.0000
0.0000
0.0000
0.0000
0.3396
0.0000
0.0000
0.0000
0.0000
0.1486
0.0000
0.0000
0.0000
0.0000
0.0000
0.0000
0.0000
0.0000
0.0000
0.0000
0.0000
0.3661
0.0000
0.0000
0.0000
0.0000
0.0000
0.0000
0.2342
0.0000
0.0000
0.0000
0.0000
0.5681
0.0000
0.0000
0.3299
0.0000
0.0000
0.0000
0.0000
0.0000
0.3320
0.0000
0.0000
0.0000
0.0000
5.9741
0.4544
0.0000
1.8619
0.0000
1.7373
0.4122
0.0000
0.0000
0.0000
0.0000
0.0000
0.0000
0.0000
1.5548
0.0000
0.0000
0.0000
0.0000
0.0000
0.1070
0.0000
0.0000
0.0000
0.0000
0.0000
0.0000
0.0000
0.0000
2.7806
0.0000
0.0000
0.0000
0.0000
1.1409
0.0000
0.0000
0.0000
3.0760
0.0000
0.0000
0.0000
0.0000
0.5127
0.0000
0.0000
2.0159
1.9099
0.0000
0.0000
0.0000
0.0000
0.0000
0.0000
0.0000
0.0000
0.0000
0.7440
0.0000
0.0000
0.0000
1.8433
0.0000
0.0000
0.0000
0.0000
0.0000
0.0000
0.0000
0.0000
0.0000
0.0000
0.0000
0.4031
0.0000
2.6207
0.0000
0.0000
0.0000
0.0000
0.0000
0.0000
0.0000
0.0000
0.0000
2.1120
0.0000
0.0000
0.0000
0.0000
0.0000
0.0000
1.0586
2.5850
0.0000
0.0000
0.0000
0.0000
0.0000
0.0000
0.0000
0.0000
0.0000
2.2469
0.0000
0.0000
1.4161
0.0000
2.9105
0.0000
0.0000
1.4371
0.0000
0.0000
0.0000
0.0000
0.0000
6.2557
0.0000
6.0893
3.0334
0.0000
0.0000
0.0000
1.9364
0.0000
0.7681
0.0000
0.0000
0.0000
0.0000
0.0000
2.2020
0.0000
0.0000
0.9154
0.0000
0.0000
0.0000
0.2243
0.0000
0.0000
0.0000
2.0093
0.0000
0.0000
0.4975
0.9643
0.0000
1.2828
0.0000
0.0000
0.0000
0.0000
0.0000
0.0159
3.5191
0.0000
1.1675
0.0000
0.0000
0.3739
1.4508
0.0000
0.0000
0.0000
0.0000
0.0000
0.6903
0.0000
0.3633
2.5835
0.0000
0.0000
0.0000
0.0000
0.9542
0.0000
0.0970
2.6448
0.0000
0.0000
0.0000
0.7194
0.0000
0.0000
0.1595
0.0000
0.0000
0.7448
0.0000
0.0000
0.0000
0.0000
1.6828
0.0000
0.0000
0.3862
0.0000
0.0000
1.5431
0.0000
0.0000
0.0000
0.0000
0.0000
0.3872
0.0000
0.0000
0.0000
1.7278
0.0000
1.6291
0.0000
0.0000
0.0000
0.0000
0.3005
0.0000
0.0000
0.0000
0.0000
0.0000
0.0000
0.0000
0.0000
0.0000
0.6128
0.0000
0.0000
0.0000
0.0000
0.0000
0.0000
0.2440
0.7793
0.0000
0.9349
0.2804
1.8324
0.0000
1.7612
0.0000
0.0000
0.0000
0.0000
0.0000
0.0000
0.0000
0.0000
0.0000
2.6338
0.0000
0.0000
1.1334
0.0000
0.0000
0.0000
2.7635
0.0000
0.0000
0.0000
0.0000
0.0000
0.0000
0.0000
0.0000
0.0000
0.8093
0.0000
1.2565
0.0000
0.0000
0.0000
1.0861
0.0000
0.0000
0.0000
0.0000
0.0000
1.4006
0.0000
0.0000
3.1540
0.0000
0.0000
0.0000
0.0000
0.7734
1.9131
0.0000
0.7804
0.0000
0.0000
1.6691
0.0000
0.0000
0.0000
0.0000
0.0000
0.0516
0.0000
0.0000
0.0000
0.2784
0.0000
0.0000
1.2419
0.0000
0.0000
0.0000
0.0000
0.0000
0.1989
0.3732
1.9681
2.9349
0.6021
0.1371
0.0000
0.0000
0.0000
0.0000
1.0878
2.4466
0.0000
0.0000
0.0000
0.0000
0.0000
0.0000
3.4378
2.5260
0.0000
0.0000
0.0000
1.1407
3.9124
0.0000
0.0000
0.0000
0.0000
0.0000
0.0000
0.0000
0.0000
0.0000
0.0000
0.0000
0.0000
0.0000
1.1139
0.0000
0.0000
2.4569
0.8429
0.0000
0.0000
0.0000
0.0000
0.0000
0.0000
3.5083
0.2978
0.0000
0.0000
0.0000
0.0000
0.0000
0.0000
0.4840
0.1566
0.7074
0.2475
6.1887
0.6729
0.0000
0.0000
0.0000
0.0000
0.0000
1.2655
3.0682
0.0000
0.0000
6.5092
0.0000
0.0000
0.0000
0.0000
0.0000
0.0000
0.0000
0.0000
0.0000
0.0000
0.9019
0.0000
0.0000
0.1659
1.0819
1.5264
0.0000
0.0000
0.0000
1.9381
0.0000
0.0000
0.0000
1.2265
2.7678
0.0000
0.0000
0.0000
0.0000
0.1864
0.0000
0.0000
1.6683
0.0000
0.0000
0.0000
0.0000
0.0000
0.0000
0.0000
0.0000
0.0000
0.0000
0.0000
0.0000
0.0000
0.0000
0.0000
0.0000
3.1018
0.0000
0.8276
0.0000
0.0000
2.1448
0.0000
0.0000
0.0000
0.0000
0.0000
0.0000
0.0000
0.0000
0.0000
0.0000
0.0000
2.9166
0.0000
1.1074
0.0000
0.0000
0.0000
0.9105
0.0000
0.0000
0.0000
0.0000
0.0000
0.0000
0.0000
0.0000
0.0000
0.0000
0.0000
0.0000
0.0000
0.0000
0.0000
2.1697
0.0000
0.0000
0.0000
0.0000
0.5057
0.0000
1.2529
0.5113
0.0000
3.3582
0.0214
1.3837
0.0000
2.0477
0.0000
0.5287
0.0000
0.0000
0.4419
0.0000
0.0000
0.0000
0.0000
0.0000
0.0000
0.0000
0.0000
1.5848
0.0000
1.4070
0.0000
2.2782
0.8901
0.0000
0.0000
5.4623
0.0000
0.0000
0.0000
0.0000
0.0000
0.0000
4.5943
0.0000
0.0000
0.0000
0.0000
0.1532
0.0000
0.0000
0.7241
0.0000
0.0000
3.7917
0.0000
0.3080
0.0000
0.8506
0.0000
0.0000
2.3765
0.0000
0.0000
0.0000
0.0000
0.0000
2.2539
0.0000
0.4004
0.0000
0.0000
2.1539
0.0000
0.0000
0.0000
0.0000
1.6778
0.0000
0.0000
0.0000
0.0000
0.9250
2.9536
0.1872
0.0000
0.0000
0.9058
0.0000
0.0067
0.0000
0.0000
0.0000
0.0000
0.0000
1.0406
0.0000
0.0000
0.0000
0.6378
0.0000
0.0000
3.6690
0.0000
0.0000
0.2060
0.0000
0.0000
0.0000
0.0000
5.9237
0.0000
0.0000
0.0000
0.0000
1.3716
0.0000
3.2272
0.0000
0.0000
0.0000
0.0000
0.0000
0.0000
0.2449
0.0000
0.0000
0.0000
0.0000
0.0000
1.6762
0.0000
0.0000
0.0000
0.5536
0.0000
0.0000
0.0000
0.0000
0.0000
1.6917
0.7961
0.0000
0.0000
2.7117
0.0000
0.0000
0.0000
3.0709
0.0000
0.0000
0.6729
0.0000
0.0000
0.0000
0.0000
0.0000
0.0000
0.0000
0.0000
0.0000
1.0091
0.0000
0.0000
0.0000
0.0000
0.0000
2.0909
0.0000
0.0000
0.0000
0.0000
0.0000
0.0000
0.0000
3.9291
0.0000
0.0000
0.0000
3.1711
0.0000
1.1289
0.0000
0.4325
0.0000
0.0000
0.0000
0.0000
0.0000
0.0000
0.0000
0.0000
0.0981
0.0000
0.0000
0.0000
0.0000
0.0000
0.0000
0.0000
0.0000
0.0173
0.0000
1.0033
0.0000
0.0000
0.0000
0.0000
0.0000
0.0000
0.0000
0.0000
0.0000
0.0000
1.0835
0.0000
0.0000
0.0000
0.0000
0.3181
0.0000
0.0000
0.1679
0.8561
0.0000
0.0000
0.0000
0.0000
0.5432
0.0000
0.3682
0.0000
0.0000
0.0000
1.2495
2.5163
0.0000
0.0000
0.0000
0.0000
0.0000
3.9266
0.0000
1.9206
0.0000
0.0000
0.0000
0.0000
0.0000
0.0000
0.2041
0.0000
0.0000
0.0000
0.0000
0.0000
0.0000
0.0000
0.0000
0.1875
0.0000
0.5893
0.0000
0.0000
0.5724
0.0000
0.0000
1.1922
0.0000
0.0000
0.0000
0.0000
0.0000
0.0000
0.0000
0.0000
0.0000
1.7011
0.0000
0.7602
0.0000
0.4780
0.0000
0.2655
0.0000
2.7925
0.0000
0.0000
0.0000
0.0000
0.0000
0.0000
0.0000
0.0000
0.0000
0.0000
0.0000
0.9363
0.0000
0.0000
0.0000
2.3687
0.0000
0.0000
0.0000
0.0000
0.0000
2.0152
0.0000
0.0000
0.0000
0.4454
0.0000
0.0000
2.1255
0.0000
0.0000
0.0000
0.0000
0.0000
0.0000
0.1930
0.0000
0.0000
0.0000
0.0000
3.0444
0.0000
0.0000
0.0000
0.0000
2.3275
0.0000
0.0000
0.0000
0.0000
0.0000
0.0000
0.0000
0.0000
1.2854
0.0000
0.8377
0.0000
0.0000
0.0000
2.0800
0.0000
0.0000
0.0000
0.0000
0.0000
0.9504
0.0000
0.0000
0.0000
0.0000
0.0000
0.0000
0.0000
0.0000
0.0000
0.0000
0.0000
0.3431
0.0389
0.0000
1.3617
0.0000
0.0000
2.3701
0.0000
0.0000
0.0000
0.0000
0.3086
0.0000
0.0000
0.0000
0.0000
0.0000
3.3220
0.0000
0.0000
0.0000
0.0000
0.0000
0.0000
0.0000
0.2333
0.0000
1.6997
0.0000
0.1737
0.0000
0.7680
0.0000
2.2786
0.0000
2.3573
1.4530
0.0000
0.0000
0.5295
0.0000
2.4253
0.0000
2.1636
0.0000
0.0000
0.0000
0.0000
0.0000
0.0000
0.1087
3.9935
0.5566
0.0000
0.0000
0.0000
2.5020
0.0000
0.0000
0.0000
0.0000
0.0000
0.0000
0.0000
1.2266
0.0000
0.0000
0.0000
0.0000
0.0000
0.0000
0.0000
1.5831
0.8756
0.0000
0.0000
0.9643
0.0000
0.0000
6.2682
0.0000
0.5643
0.0000
0.0000
3.0049
0.0000
0.0000
0.0000
0.0000
0.0000
0.0000
0.4545
0.0000
0.0000
2.5805
0.0000
0.0000
0.0000
0.0000
0.0000
0.0000
0.9025
0.0000
0.0000
0.0000
1.2683
0.0000
0.0000
0.0000
0.0000
0.0000
0.0000
0.0000
6.5604
1.0042
0.0000
0.6887
0.0000
0.0102
0.0000
0.0000
0.0000
0.0000
1.1772
0.0000
5.0425
0.0000
0.0000
0.0000
0.0000
0.0000
0.0000
0.4542
0.2832
0.0000
0.0000
0.0215
0.0000
0.0000
0.0000
0.0000
3.1690
5.8097
0.0000
0.0000
0.0000
0.0000
0.0000
0.0000
0.0000
0.0000
0.0000
0.0000
1.4160
0.0000
1.0724
0.8522
0.2281
0.0000
0.0000
0.0000
0.1572
2.6744
3.1366
0.0000
0.2857
0.0000
0.0000
0.0000
0.4887
0.0000
2.1049
0.0000
3.2530
0.0000
0.0000
0.0000
0.0000
2.2914
0.0000
0.0000
0.6630
1.5026
0.0000
0.0000
0.0000
0.1978
3.3714
0.0000
1.1465
0.0000
0.0000
0.0000
0.0000
0.0000
0.0000
0.0000
0.0000
1.8853
0.0000
0.0000
0.0000
0.0000
0.0000
0.0000
0.0000
0.0000
0.3638
0.0000
0.5811
0.9877
0.6432
1.7661
0.0000
0.0000
0.4143
0.0000
0.0000
0.0000
0.0000
0.0000
0.0000
0.0000
0.0000
0.0000
0.0000
0.7705
0.0000
0.0000
0.0000
0.0000
0.0000
0.0000
2.4838
0.8210
0.0000
0.0000
0.0000
4.2529
0.0000
0.2926
0.0000
0.0000
0.0000
0.0000
0.0000
0.0000
0.0000
0.0000
2.1741
0.0000
0.0000
0.2343
0.3413
0.0000
0.0000
0.0000
0.0000
0.0000
0.0000
0.0000
0.0000
0.0000
0.0000
0.0000
0.0000
0.0000
0.0000
0.0000
0.0000
0.0000
1.2125
0.0000
0.0000
0.0000
0.0000
0.0000
0.0000
0.0000
0.0000
2.6413
0.0000
0.9313
2.2511
0.0000
0.0000
0.0000
0.0000
0.0000
0.0000
0.0000
0.0000
0.0000
0.0000
0.0000
0.0000
0.0000
0.0000
0.0000
2.3135
0.0000
0.0000
1.9128
0.0000
0.0000
0.0000
0.0000
1.3355
0.0000
0.0356
0.1862
0.0000
0.0000
0.8425
1.1563
0.0000
0.0000
0.0000
0.0000
0.0000
0.0000
0.0000
0.0000
0.1051
0.0000
0.0000
0.9020
0.0000
0.0000
0.0000
0.0000
0.0000
4.0045
0.2703
0.0000
1.3922
0.0000
0.0000
0.0000
0.0000
0.4638
1.4998
0.0000
0.0000
0.0000
0.0000
4.8130
0.0000
6.1917
0.0000
0.0000
0.0000
0.0000
0.0000
0.0000
0.0000
0.0000
0.0000
0.0000
0.0000
2.4511
0.0000
0.0000
0.0000
0.0000
1.3058
1.8446
2.0503
0.0000
0.0000
0.0978
0.0000
0.0000
0.0000
0.0000
3.5248
0.0000
0.0000
0.0000
0.0000
0.0000
0.0000
1.0411
0.0000
0.0000
0.0000
0.0000
0.0000
0.0000
0.0000
0.0000
0.0000
0.1632
0.0000
0.0000
0.0000
0.0000
0.0000
3.0859
0.0000
0.0000
1.8121
0.0000
0.0000
0.0000
1.4403
0.0000
0.0000
0.0000
0.0000
2.9178
1.0133
1.3172
0.0000
0.0000
0.0000
0.0000
0.0000
0.0000
0.0000
0.0000
0.8751
0.0000
0.0000
0.0000
0.0000
0.0000
0.0000
0.0000
0.0000
0.0000
0.0000
0.0000
4.1024
0.0000
0.0000
5.5237
0.5042
0.0000
0.2418
0.0000
0.0000
0.0000
0.0000
0.0000
0.0000
0.0000
0.0000
0.0000
0.2982
1.2423
0.0000
0.0000
1.4407
0.0000
0.0000
0.0000
0.0000
0.0000
0.0000
0.0000
6.0686
0.0000
0.0000
0.0000
1.0240
0.0000
0.0000
0.0000
0.0000
0.0000
0.0000
0.0000
0.0000
0.0000
0.0000
1.8432
0.0000
0.0000
0.0000
0.0000
0.0000
0.0000
0.0000
0.0624
3.3288
0.0000
0.0000
0.0000
0.0000
0.0000
0.0000
0.0000
0.0000
0.0000
0.0000
0.0000
0.0000
0.0000
0.0000
0.9796
0.0000
0.0000
0.0000
0.0000
0.0000
0.0000
1.3023
1.4749
0.0000
0.0000
0.0000
3.8584
0.7936
0.0000
0.0000
0.0000
0.0000
2.6230
0.0000
0.0000
0.0000
2.5440
0.7281
0.0000
0.0000
0.0000
0.0000
0.0000
0.0000
0.0000
0.7473
0.0000
0.0000
0.0000
5.3199
0.0000
0.1764
0.0000
0.0000
0.0000
0.0000
5.2309
0.0000
0.2672
0.0000
0.0000
1.1516
0.0000
0.0000
0.0000
2.4551
0.0000
0.0000
0.0000
0.0000
0.0000
0.0000
0.0000
0.0000
0.0000
2.0124
0.0000
4.7887
0.0000
0.0000
1.8944
0.0000
2.7448
0.0000
1.8588
0.0000
0.0000
1.6494
0.0000
0.0000
0.0000
0.0000
0.0000
0.0000
0.0000
0.0000
0.0000
0.0000
0.0000
0.0000
0.0000
0.0000
0.0000
0.0000
0.0000
2.1454
0.0000
0.0000
1.0389
2.9264
0.0000
5.4166
0.0000
0.0000
1.9345
5.0906
0.1152
1.2110
0.0271
0.0000
4.4309
1.3530
1.3178
0.0000
2.5067
0.0000
0.0000
0.0000
0.0000
0.0000
0.0000
0.0000
0.4398
1.9098
0.5702
3.1227
0.0000
0.0000
2.5859
0.0000
0.0000
0.0000
0.0000
0.0000
0.0000
0.0000
0.0000
1.8882
0.0000
0.0000
0.0000
5.4124
0.9566
0.0000
0.0000
0.0000
0.0000
0.0000
0.4897
1.3733
0.0000
0.0000
0.0000
0.0000
0.3184
0.6981
0.0175
0.0000
0.0000
0.0000
0.0000
0.0000
0.0000
0.0000
0.0000
0.0000
0.0000
0.0000
0.0000
0.5839
0.8067
0.0000
0.0000
0.0000
1.5288
0.2201
3.7520
0.0000
0.0000
1.0765
0.0000
0.0489
0.0000
0.0000
0.0000
0.0000
1.7098
0.0000
0.0000
0.0000
0.0000
1.2885
2.5043
0.8484
0.0000
0.0000
0.0000
0.0000
0.0000
0.0000
0.0000
0.0000
1.3702
1.6613
0.6757
0.0000
0.0000
2.0197
0.0000
0.0000
0.0000
0.8365
0.0000
0.0000
0.0000
0.0000
0.0000
0.0000
0.0000
4.8541
0.0000
0.0000
0.0000
0.0000
0.0000
0.0000
0.0000
0.0000
1.4924
0.0000
0.0000
1.6069
0.0000
3.4154
0.0000
0.0000
0.0000
1.1728
1.9983
0.0000
0.0000
0.0000
0.0000
0.0000
0.0000
0.0000
0.0000
0.0000
0.0000
0.0000
0.0000
0.0000
0.0000
0.0000
0.0000
0.0000
0.0000
0.2156
0.0000
0.0000
0.8308
0.0000
4.4477
3.8321
0.9355
0.0000
0.0000
0.0000
2.9599
0.0000
0.0000
0.0000
0.0000
1.4225
0.0000
2.0745
0.0000
0.0000
4.6994
0.0000
2.0697
0.0000
0.0000
1.6180
0.0000
0.0000
0.0000
0.0000
2.1863
0.0000
3.7903
0.0579
0.0000
0.1045
0.0000
0.0000
0.0000
0.0000
0.0000
2.0555
0.0000
0.0000
0.0000
0.0000
0.2278
0.0000
