0.0000
0.0000
0.0000
0.0000
3.3923
2.7652
0.0000
0.0000
0.5264
0.6493
2.5509
0.0000
0.0000
0.0000
0.0000
0.0000
0.0000
0.0000
0.0000
0.0000
0.0000
0.0000
2.0188
0.0000
0.0000
0.0000
0.0000
0.0000
0.0000
0.0000
0.0000
0.0000
0.0000
0.0000
0.0000
0.0000
0.0000
0.0000
0.9758
2.6770
0.0000
0.0000
0.0000
0.0000
0.0000
0.0000
0.0000
0.0000
0.0000
0.0000
0.0000
0.0000
0.0000
0.0000
0.0000
0.0000
0.0000
0.0000
0.0000
0.0000
0.0000
0.6814
0.0000
0.0000
0.0000
0.0000
0.0000
0.0000
0.3780
0.0000
0.0000
2.1692
0.0000
0.0000
0.0000
0.1822
0.0000
0.0000
0.0000
0.0000
0.0000
0.0000
0.0000
0.0000
0.0000
0.0000
0.0000
0.1076
2.5497
0.0000
2.7058
0.0000
0.0000
0.8566
0.0000
0.0000
0.0000
0.0000
4.4563
0.0000
0.1504
0.0000
0.0000
0.0000
0.0000
0.0000
0.0000
0.0000
0.0000
0.7700
0.0000
0.0000
0.0000
0.0000
0.0000
0.0000
0.6728
0.0000
0.0000
0.0000
0.0000
0.0000
4.0265
0.0000
0.0000
0.0000
0.0000
0.0000
0.3647
0.0000
0.0000
0.0000
0.7069
0.0000
3.6822
0.0000
0.7047
4.6417
0.0000
1.1016
1.6401
0.0000
0.0000
0.0062
3.1188
0.0000
0.0000
0.5673
2.4159
0.0000
0.0000
0.8947
0.0000
0.0000
0.0000
0.0000
0.0000
0.7669
0.0817
0.0000
0.5532
0.0000
0.0000
0.0000
0.0000
1.0265
0.4769
0.0000
0.0000
2.3304
0.0000
0.0000
0.0000
0.0000
0.0000
0.0000
0.0000
0.0000
0.0000
3.6787
3.7088
0.7130
0.0000
0.0000
0.0000
0.0000
1.5721
1.9439
0.0000
1.6318
0.0000
0.0000
0.0000
0.0000
1.2274
0.7009
0.0046
0.0000
2.3087
4.1847
0.0000
0.0000
0.0000
0.0000
0.0000
0.1646
0.0000
0.0000
0.0000
0.0000
0.0000
0.0000
0.0000
0.6590
1.8605
0.0000
0.0000
0.0000
0.0000
0.6265
0.0000
0.0000
0.0000
0.0000
0.0000
0.0000
0.0000
0.0000
0.0000
0.0000
0.0000
0.0000
0.0000
0.0000
1.8119
0.0000
0.0000
1.0981
1.2703
0.0000
0.0000
0.0000
0.0000
0.0000
0.0000
0.0000
0.0000
0.0000
0.0000
0.0000
0.0000
0.1010
0.0000
2.2410
0.0000
2.0901
0.0000
0.0000
0.0000
0.9712
0.0000
0.0000
0.0000
0.0000
0.0000
0.0000
2.1095
0.0000
0.0000
0.1229
2.3019
1.2080
0.0000
1.3809
0.0000
0.0000
0.0000
0.0000
1.2673
0.0000
2.8553
0.0000
1.6116
0.0000
0.0000
0.0000
0.0000
0.0000
0.0000
0.0000
0.0000
0.0000
0.0000
2.2262
1.7533
0.0000
0.0000
0.0000
0.0000
4.8888
0.0000
0.0000
0.0000
0.0000
0.0024
0.0000
0.5531
0.0000
0.0000
0.0000
0.0000
1.2817
0.0000
0.0000
0.0000
0.0000
0.0000
0.0000
0.0000
0.5075
0.4577
3.5985
0.0000
1.3367
0.0000
0.2781
0.0000
0.0000
0.0000
0.0000
0.0000
0.0000
0.0000
0.0000
0.8438
5.0544
4.1208
0.0000
0.0000
4.0139
0.0000
0.0000
0.0000
0.0000
0.0000
4.8586
0.0000
0.3851
0.0000
0.0000
0.0000
1.8178
0.5049
0.0000
2.9609
2.2726
0.0000
0.0000
0.0000
0.0000
0.0000
0.0000
0.0000
0.0000
0.0000
0.0000
0.0000
0.0000
0.0000
0.0000
0.0000
0.0000
0.0000
0.0000
0.0000
1.2220
0.0000
0.9957
0.0000
0.0000
3.2152
0.0000
0.0000
0.0000
0.0000
0.0000
0.0000
0.0000
0.0000
0.0000
3.3590
0.0000
0.0000
0.0000
0.0000
0.8844
0.0000
0.0000
0.2565
0.0000
0.0000
0.0000
0.0000
0.0000
0.0000
2.5516
0.0000
0.0000
1.2092
0.0000
0.0000
0.0000
0.0000
5.9595
0.0324
0.0000
0.0000
0.0000
0.0000
0.0000
0.0000
0.0000
0.2501
0.0000
0.0000
0.0000
0.0000
0.0000
0.0000
0.0000
0.0000
0.0000
0.0000
0.0000
0.0000
0.0000
0.5707
0.0000
0.2816
0.0000
0.7152
0.0000
0.0000
0.0000
3.6601
0.0000
0.0000
2.0620
0.0000
0.0000
0.0000
0.0000
0.0000
0.0000
0.0000
0.0000
0.0000
1.7156
0.0000
0.0000
0.0000
0.0000
1.6760
0.0000
0.0000
0.0000
0.0000
0.5133
0.0000
0.0000
0.0000
0.0000
1.5352
0.0348
0.0000
3.1104
1.1866
0.0000
2.3385
0.0000
0.3590
0.0199
0.0000
0.0000
1.0646
0.0000
0.0000
0.0000
0.0000
1.6697
0.0000
0.0000
0.0000
0.0000
0.8910
0.0000
0.0000
0.0000
0.0000
0.0000
0.0000
0.0000
0.0000
0.0000
0.0000
0.0000
0.0000
0.0000
0.0000
0.0000
0.0000
0.0000
0.0000
0.0000
0.0000
0.0000
0.0000
0.0000
7.9809
0.0000
1.1100
2.1885
0.0000
0.0000
0.0000
0.0000
0.6154
0.0000
0.0000
0.0000
2.4705
1.2555
0.0000
0.0000
0.0000
0.0000
0.0000
0.0000
0.0000
0.0000
0.0000
0.0000
0.0000
0.0000
0.0000
0.0000
0.0000
0.2796
2.0193
0.0000
0.0000
0.0000
0.0000
0.0000
0.0000
0.0000
0.0000
0.0000
0.0000
0.0000
2.0084
1.2417
0.0000
0.0000
0.0000
0.0000
0.0000
0.0000
0.0000
0.0000
0.0000
0.0000
0.0000
0.0000
0.0000
0.0000
0.0000
0.0000
0.0000
1.1610
0.0000
0.0000
0.0000
0.0000
0.0000
0.0000
0.0000
0.0000
1.6785
0.0000
0.0000
0.0000
0.0000
0.0000
0.0000
0.0000
0.0000
0.0000
2.9507
0.0000
0.0000
0.0000
0.0000
0.1437
0.0000
0.0000
0.9930
0.0000
0.0000
0.0000
0.0000
0.0000
0.3394
2.9249
0.0000
0.0141
1.0600
0.0000
0.0000
0.0000
3.9100
0.0000
1.3158
0.0000
0.0000
1.1144
0.0000
1.5583
0.0000
0.0000
0.0000
0.0000
0.0000
0.0000
0.0000
0.9628
0.0000
0.0000
0.0000
0.0000
0.0000
0.0000
0.0000
0.0000
0.0000
0.0000
0.0000
0.0000
0.0000
0.0000
0.0000
0.8759
0.0000
0.0000
0.0000
0.0000
0.0000
0.0000
0.0000
0.0000
0.0000
1.9241
2.6664
0.0000
0.0000
0.0000
0.0000
0.0000
0.0000
0.0000
0.0000
0.0000
0.0000
0.0000
0.0000
0.0000
0.0000
0.0000
0.0000
0.0000
0.0000
0.6459
0.0000
0.0000
0.0000
1.9826
0.0000
0.0000
0.0000
1.3743
0.0000
0.0000
0.0000
0.0000
0.0000
0.0000
0.0000
0.0000
0.0000
0.0000
0.0000
0.0000
1.2151
0.0000
0.0000
0.0000
0.0000
0.0000
0.0000
0.0000
0.0000
4.2281
0.0000
0.4669
0.0000
0.0000
0.0000
1.4465
0.0000
0.0000
0.0000
0.0000
1.7850
0.7427
0.0000
0.0000
2.4489
0.0000
0.0000
0.8275
0.0000
0.0000
0.0000
0.0000
0.0000
0.0000
0.0000
0.0000
0.7471
3.5387
1.3915
1.2439
0.0000
0.0000
0.0000
0.0000
0.0000
0.0000
0.0000
0.0000
0.0000
0.0000
0.0000
0.0000
0.0000
0.0000
0.0000
0.0000
0.0000
0.0000
2.1068
0.0000
2.1361
0.0000
0.0000
0.8261
0.0000
0.0000
0.0000
0.0000
0.0000
0.0000
0.0000
0.0000
0.0000
0.0000
0.0000
0.0000
0.0435
0.0000
1.0519
0.0000
0.0000
0.0000
0.0000
0.0000
0.0000
0.0000
0.0000
0.0000
0.0000
0.0000
0.0000
0.2473
0.0000
0.0000
0.0000
0.0000
0.0615
0.0000
0.0000
0.0000
2.5579
0.0000
0.0000
0.0000
0.0000
0.0000
0.0000
0.0000
0.0000
0.0000
0.0000
0.0000
0.0000
0.0000
0.7192
0.0000
0.0000
1.0769
0.0000
0.0000
0.0000
0.0000
0.0000
0.0000
0.0000
0.0000
0.0000
0.3688
0.8443
0.0000
0.0000
0.0000
0.0000
0.7954
0.0000
0.4081
0.7006
0.0000
0.0000
0.0000
0.0000
0.4652
0.0000
0.0000
0.4957
0.0000
1.2132
0.0000
0.0000
1.6679
0.0000
0.0000
0.0000
0.0000
0.0000
0.0000
0.0000
0.0000
0.3063
0.0000
0.0000
2.4557
0.0000
0.0000
0.0000
0.0000
0.0000
0.0000
0.0000
0.0000
1.1357
1.8184
0.0000
0.0000
2.1510
1.8404
0.8484
0.0000
0.0000
0.0000
0.0000
0.0000
0.8572
0.0000
0.2134
0.0000
0.0000
0.0000
1.5672
0.0000
0.0890
0.0000
0.0000
0.0000
0.0000
0.8192
2.4630
0.0000
0.0000
0.0000
0.0000
0.0000
0.0000
0.0000
0.0000
0.0000
0.0000
0.0000
0.0000
0.0000
2.1551
0.0000
0.0000
0.3899
0.0000
0.1204
0.0000
0.0000
0.0000
0.0000
0.0000
0.7602
0.0000
4.0781
3.3138
0.0000
0.2029
0.0000
0.0000
0.0000
0.0000
0.0000
0.0000
1.8186
0.0000
0.0000
0.0000
0.0000
0.0000
0.0000
0.0000
0.0000
0.0000
0.0000
0.0000
3.6259
0.0000
3.0794
0.0000
1.7922
0.0000
0.0000
0.0000
0.0000
0.0000
0.0000
1.1597
0.0000
0.0000
2.3789
0.0000
0.0000
0.0000
1.8666
0.0000
0.0000
4.8599
0.0000
3.7265
0.0000
0.5638
0.0000
0.0000
0.0000
0.1403
0.0000
0.0000
0.0000
0.0000
0.7483
0.0000
1.2672
3.3334
0.0000
2.3794
0.0000
0.0000
0.0000
0.8340
0.0000
0.0000
0.0000
0.0000
0.0000
0.0000
0.0000
0.0000
4.0305
0.0000
0.0000
0.0000
0.0000
0.0000
0.0000
0.0000
0.0000
0.0000
2.9937
0.0000
3.0953
0.0000
3.4434
0.0000
0.0000
0.0000
1.6454
1.3111
2.1480
0.0000
0.8350
0.0000
0.0000
0.0000
0.0000
4.8612
0.0000
0.0000
0.0529
0.0000
0.0000
0.0000
0.0000
1.4050
0.0000
1.5527
0.0000
2.5533
0.0000
0.0000
0.0000
0.0000
0.0000
0.0000
0.0000
2.6985
0.0000
0.3810
0.0000
0.0000
0.0000
0.0000
0.0000
0.0000
0.0000
0.0000
0.0000
0.0000
0.0000
1.4671
1.7491
1.5803
0.0000
1.2710
0.0000
0.0000
0.2715
0.0000
0.0000
0.0000
0.0000
0.0000
0.0000
0.0000
0.0000
1.9709
0.0000
0.0000
0.8959
0.0000
0.0000
0.0000
0.0000
0.0000
0.7482
0.0000
2.6714
0.0000
0.0000
0.0000
0.8825
0.0000
0.0000
1.5888
0.0000
0.0000
0.0000
0.0000
0.8986
0.0000
0.0000
0.0000
0.0000
0.3779
0.0000
0.0000
0.0000
0.0000
0.0000
2.4317
0.6394
0.0000
0.0000
0.0000
0.0000
1.6092
0.0000
0.0000
0.0000
0.9910
0.0000
0.0000
0.0000
0.0000
0.0000
0.0000
0.0000
0.0000
1.5077
0.0000
0.0000
0.0000
0.0000
0.0000
0.0000
0.0000
0.0000
0.0000
0.0000
0.0000
0.0000
0.0000
0.0000
2.0751
0.4655
0.5363
0.0000
0.0000
0.0000
0.0000
1.0984
0.0000
0.0000
0.0000
0.0000
0.8262
0.0000
0.0000
0.0000
0.0000
0.0000
0.0000
0.0000
0.0000
0.0000
2.8457
0.0000
0.0000
0.0000
1.5538
0.0000
0.0000
1.8573
2.6322
7.3002
0.0000
1.1241
0.0000
0.0000
0.0000
2.7353
0.0000
0.0000
0.0000
0.0000
0.0000
0.0000
0.0000
0.0000
2.9018
0.0000
0.0000
0.0000
0.0000
0.0000
0.0000
0.0000
0.0000
0.0000
3.3355
0.0000
0.0000
0.0000
0.2663
0.0000
0.0000
0.0000
0.0000
0.0000
1.5070
0.4309
3.5175
0.0000
0.0000
0.0000
0.0000
0.0000
0.0000
0.0000
0.0000
0.0000
0.0000
2.9214
0.0000
0.0000
0.0000
0.0000
1.0564
0.0000
0.0000
0.0000
1.0998
0.0000
0.0000
0.0000
0.0000
0.0000
0.0000
0.0000
0.0000
0.0000
0.0000
0.0000
0.0000
0.0000
0.0000
0.0000
3.2917
0.0000
0.0000
0.0000
1.6828
0.0000
2.5927
0.0000
0.0000
2.3839
0.0000
0.0000
0.0000
0.0000
0.0000
2.7882
0.0000
0.5054
0.0000
0.0000
0.0000
0.0000
0.0000
0.1205
2.8920
0.0000
0.8170
0.0000
0.0000
0.0000
0.0000
0.4550
0.0000
0.3957
0.0000
0.0000
0.0000
0.0496
3.1358
0.0000
0.0000
1.4581
0.0000
0.3474
3.7360
0.0000
0.0000
0.0000
0.0000
0.0000
0.0000
0.0000
0.0000
0.0000
2.5115
0.0000
0.0000
0.2494
0.0000
0.0000
0.0000
0.0000
0.1351
0.0000
0.0000
0.0000
0.2030
1.6956
0.0000
0.0000
0.0000
2.0179
0.0000
0.0000
0.0000
0.0000
0.0000
0.0000
0.0000
0.3474
0.0000
0.0000
0.0000
0.0000
0.9517
1.4038
0.0000
1.5477
0.0000
1.4475
0.0000
2.5805
0.0000
0.0000
0.0000
0.0000
0.0000
0.0000
0.0000
0.0000
0.0000
0.0000
0.0000
0.3681
0.0000
0.0000
0.0000
0.0000
0.0000
0.0000
0.0000
0.0000
0.0000
0.0000
0.0000
0.0000
0.0000
0.0000
0.0000
0.0000
0.0415
1.9718
0.0000
0.0000
0.0000
0.0000
0.0000
0.0000
0.0000
0.0000
0.0000
0.0000
0.0000
0.0000
0.0000
0.1240
0.0221
0.0000
0.0000
0.0000
0.0000
0.0000
1.8942
0.0000
0.0000
0.0000
0.0000
0.0000
0.0000
1.1309
0.0000
4.3464
0.0000
0.0000
0.0000
0.0000
0.0000
0.0000
0.0000
0.0509
0.0000
0.0000
0.2842
0.0000
0.0000
0.0000
0.0000
0.0000
0.0000
0.4185
1.7284
0.0000
0.0000
4.4939
0.0000
0.0000
0.0000
0.0000
0.0000
0.0402
0.0000
0.0000
1.7960
0.0000
0.0000
1.6933
0.5127
0.0000
0.0000
0.0000
0.0000
0.0000
0.0000
0.4112
0.0000
0.0000
0.0000
0.0000
0.0000
0.4188
0.0000
3.4924
0.0000
0.4297
0.0000
0.0000
0.0000
0.0000
0.1605
0.0000
0.0000
0.0000
0.7900
0.0000
2.8958
1.8404
0.0000
0.0000
0.0000
2.8362
0.0000
0.0000
0.0000
0.0000
0.0000
0.0000
0.0000
0.0000
0.0000
0.0000
0.0000
0.0000
0.0000
0.0000
0.0000
0.0000
0.0000
0.6020
5.2012
0.4693
0.0000
0.7993
0.0000
1.8440
0.0000
0.1235
0.0000
0.0000
0.0000
0.0000
0.0000
0.0323
0.0000
0.0000
4.8211
0.2789
0.0000
0.0000
0.0000
0.0000
0.0000
2.2711
0.0000
0.0000
6.4541
0.0000
0.0000
0.0000
0.0000
0.0000
0.0000
0.0000
5.6141
0.2854
0.0000
0.0000
0.0000
0.0000
0.0000
0.0000
0.3221
0.0000
0.0000
0.0000
0.0000
0.0000
0.0000
0.0000
0.0000
0.0000
0.0000
1.3248
0.0000
0.0000
0.0000
0.9991
0.0000
0.0000
0.0000
0.1896
0.0000
0.0000
1.3202
0.8533
0.0000
0.0000
0.0000
0.0000
2.9622
0.0000
1.8601
0.0000
0.0000
0.0000
0.0000
0.7034
0.0000
0.0000
0.0000
0.6101
0.2680
1.2769
0.0000
0.0000
0.0000
0.0000
0.0000
4.3893
0.0000
0.0000
0.0000
0.0000
0.0000
0.0000
0.0000
0.0000
0.0000
0.0000
1.4075
0.0000
0.0000
0.0000
0.0000
0.0000
0.0000
0.0000
2.0031
0.0000
0.0000
0.0000
0.7009
0.3370
0.0000
1.2924
0.0000
1.8851
0.0000
1.6488
0.0000
0.0000
0.0000
0.0000
0.0000
0.0000
0.0000
0.0000
0.0000
1.4727
0.0000
0.0000
0.0000
2.9139
0.0000
0.0000
1.9174
0.1968
0.0000
0.0000
0.0000
1.6717
0.0000
0.0000
0.0000
0.0000
0.0000
0.0000
0.0000
0.0000
0.0000
0.0000
0.0000
0.0000
0.0000
0.0000
0.0000
0.0000
0.0000
0.0000
3.1899
0.0000
0.5658
0.0000
0.0000
0.0000
0.0000
0.0000
0.3664
0.0000
0.0000
0.0808
1.2267
0.2508
4.9664
0.0000
0.0000
0.0000
0.0000
0.0000
0.0000
0.0000
0.0000
0.0000
0.0000
0.0000
0.0220
0.0000
0.0000
0.0000
0.6729
0.0000
0.0000
0.0000
0.0000
0.0166
0.0000
0.0000
0.0000
1.3214
0.0000
0.0000
2.4174
0.0000
0.0000
0.0000
0.0000
0.0000
0.0000
0.0000
0.0000
0.0000
0.0000
0.0000
0.0000
0.0000
0.0000
0.1194
0.0000
1.0693
0.0000
1.7263
0.0000
2.8770
0.0000
0.0000
0.0000
0.0000
0.0000
1.2923
2.4956
0.0000
0.0000
0.0000
0.0000
2.8936
0.0000
0.5025
0.0000
0.0000
0.0000
0.0000
0.0000
0.0000
0.0000
0.0717
0.6381
0.0000
0.6596
0.1097
0.0583
1.8237
0.0000
0.0000
0.0000
0.0000
0.0000
0.0000
0.0000
1.8677
0.0000
0.7555
4.7095
0.0000
0.0000
0.4977
0.0000
0.0000
1.3597
3.0961
0.2425
0.0000
1.2549
0.4504
2.0207
0.8280
0.0000
2.6609
0.0000
0.0000
0.0000
0.0000
0.0000
1.2999
0.0000
0.0000
1.8309
0.0000
2.0317
0.0000
0.0000
3.0688
0.0000
2.9902
0.0000
0.0000
0.0000
0.0000
0.0000
0.0000
0.0000
0.0000
0.0000
1.2784
1.1934
0.0000
3.1959
0.0000
0.0000
0.0000
0.0000
0.0000
0.0000
0.0000
2.6633
0.0000
0.0000
0.0000
2.0402
0.0000
0.0000
2.6338
0.0000
0.0000
0.0000
0.0000
0.0000
0.0000
0.0000
0.0000
0.0000
0.0000
0.0000
0.0000
0.0000
0.0000
0.0000
0.0000
0.0000
0.0000
2.6487
0.0000
3.0239
3.7734
1.8465
0.0000
0.0000
1.3227
0.0000
0.0000
0.0000
2.4423
0.0000
0.0000
0.0000
0.7947
0.0000
0.0000
0.0000
0.0000
0.0000
0.0000
0.0000
0.0000
1.7870
0.0000
3.5604
0.0000
0.0000
0.0000
0.0000
0.0000
0.0000
0.0000
0.1562
0.0000
0.0000
0.0000
0.0000
0.3097
0.0000
0.0000
0.4263
0.0000
0.0000
0.0000
0.0000
0.0000
0.1070
0.0000
0.0000
0.0000
0.0000
0.0000
0.0000
0.0000
3.7935
0.0000
0.0000
0.0000
1.9933
0.0000
0.0000
0.0000
0.0000
4.2717
0.0000
1.8876
0.0000
0.0000
0.0000
0.0000
0.0000
0.0000
0.0000
0.0000
0.0000
0.0000
1.5275
0.9086
0.0000
0.0000
0.0000
0.0000
0.0000
0.0000
0.0000
0.0000
0.0000
2.5068
0.0000
0.0000
0.0946
0.0000
0.0276
0.4553
0.0000
0.0000
1.1486
0.0000
0.0000
0.0000
3.7535
0.0968
0.0000
0.0000
0.0000
0.0000
0.0000
0.0000
0.0000
0.0000
0.0000
0.0000
0.0000
0.0000
0.0000
0.0000
0.0000
0.0000
0.0000
0.0000
0.0000
2.1837
0.0000
0.0000
0.8699
2.7090
1.3195
0.1455
0.2353
0.0000
0.0000
0.0000
0.0000
0.0000
2.8400
0.0000
0.0000
1.4853
0.0000
0.0000
0.0000
0.8321
1.4147
0.0000
0.0000
0.0000
0.0000
0.0000
0.0000
0.0000
0.0000
0.6512
0.4918
0.0000
0.0000
0.0000
1.0264
4.2556
0.0000
3.3772
2.3783
0.0000
0.0000
0.0000
4.1852
0.0000
0.0000
0.0000
2.3873
1.7352
0.0000
0.0000
2.1455
0.0000
0.0000
0.2976
2.5599
0.0000
0.0000
0.2688
0.0000
0.1183
3.8249
0.7738
0.0000
0.0000
0.0000
0.0000
2.5885
0.0000
0.0000
0.0000
0.0000
0.0000
0.0000
0.0000
0.0000
0.0000
0.0623
0.0000
0.0000
0.0000
0.0000
0.0000
0.0000
0.6878
0.0000
0.0000
0.3660
0.0000
0.0000
0.0000
0.0000
0.0000
0.0000
0.0000
0.0000
2.7652
0.0000
0.0000
0.0000
0.0000
0.0000
0.0000
0.0000
0.0000
0.0000
0.0000
0.0000
0.0000
2.4005
0.0000
1.7935
0.0000
0.0000
0.0000
0.0000
0.0000
0.0000
0.0000
2.2068
0.0000
0.0000
0.0000
0.0000
0.0000
0.0000
0.0000
0.0000
0.0000
0.0000
0.0000
0.0000
0.0000
0.0000
0.0000
0.0661
0.0000
0.2179
0.0000
0.0000
0.0000
0.0000
0.0000
0.0000
0.8408
0.0000
0.0000
0.6579
4.1549
0.0000
5.0840
0.9539
0.2794
0.0000
0.0000
0.0000
0.0000
0.0000
0.0000
0.0000
0.0000
0.0000
0.0000
0.0503
0.4078
0.0000
0.0000
0.0000
0.0000
0.0000
1.7954
0.0000
0.0000
1.3516
0.0000
0.0000
0.0000
0.0000
0.0000
0.0000
1.3564
0.0000
0.0000
0.0000
1.4028
0.0000
0.0000
0.0000
0.0000
0.0000
0.0000
0.0000
0.0000
0.0000
0.0000
0.8574
2.8471
0.0000
0.0000
0.3352
0.0000
0.8219
0.0000
0.0000
0.0000
0.0000
0.0000
0.0000
0.0000
0.0000
0.0000
0.0000
0.0000
0.0000
0.0000
0.0000
0.0000
0.0000
0.0000
0.0000
0.0000
0.0000
0.0000
0.0220
0.0000
2.6848
0.0000
0.0000
0.0000
0.0000
0.0000
1.3925
0.0000
0.0000
0.0000
0.2152
0.4591
0.0000
0.0000
0.0000
0.0000
0.0000
0.0000
0.0000
0.0000
0.0000
1.1213
0.0000
0.0000
0.0000
0.0000
0.0000
0.0000
0.0000
0.0000
0.0000
0.0000
0.0000
1.4263
4.2893
0.7890
0.0000
0.0000
3.9334
1.1907
0.0000
0.0000
3.3559
0.0000
0.0000
1.0972
0.0000
0.0000
0.0000
0.0000
0.5197
0.0000
0.0000
0.0000
0.0000
2.3352
0.0000
0.0000
0.0000
0.6156
0.0000
1.0522
1.1254
0.0000
2.7813
0.0000
0.0000
0.0000
0.0000
0.0000
0.0000
0.0000
3.0856
0.0000
0.0000
0.0000
0.0000
0.0000
0.2593
0.0000
1.1470
0.0000
0.0000
0.0000
1.4678
0.0000
0.0000
0.0000
0.0000
0.0000
0.0201
0.0000
0.0000
2.5488
0.0000
0.0000
0.0000
0.0000
0.4724
0.0000
0.0000
1.8014
0.0000
0.5473
0.1758
0.7837
0.0000
0.0000
0.4788
1.0516
0.0000
0.0000
0.0000
0.0000
0.0000
0.0000
0.0000
0.0000
0.0000
0.6681
0.0000
0.0000
0.0000
1.2069
0.0000
0.0000
2.9042
0.9627
2.4663
0.9126
0.0000
0.0000
0.0000
1.6735
0.0000
0.0000
0.0000
0.0000
0.0000
0.0000
0.0000
0.6625
0.0000
0.0000
0.0000
0.0000
2.5629
4.7652
0.0000
0.4894
0.0000
0.0000
0.0000
0.0000
0.0000
0.0000
0.0000
0.0000
0.0000
0.0000
0.0000
0.0000
0.0000
0.0000
0.0000
0.0000
0.0000
0.0000
0.0000
0.2773
0.0000
1.0110
3.3639
0.0000
0.0000
0.0000
0.0000
0.0000
0.0000
0.0000
0.0000
0.9350
0.0000
0.0000
2.6846
0.0000
1.0388
0.0000
2.0570
0.0000
0.0000
0.0000
0.0000
0.0000
0.0000
0.0000
0.0000
0.0000
1.3536
0.0000
6.8826
0.6580
0.0000
0.0000
1.7328
0.0000
0.0000
0.0000
0.0000
0.0000
0.0000
0.0000
1.0223
0.9229
0.0000
0.0000
0.0000
0.0000
0.0000
0.0000
0.0000
0.0000
0.0000
1.1033
0.0000
0.0000
0.0000
0.0000
0.0000
0.0000
0.0000
2.1548
0.0000
0.0000
0.0000
0.0000
0.0000
0.0000
0.0000
0.0000
0.0000
0.0000
0.0000
0.0000
0.5404
0.0000
0.0000
0.0000
0.8318
0.0000
0.0000
0.0000
0.0000
0.0000
0.0000
0.0000
0.0000
0.0000
0.0000
0.0000
0.0000
0.0000
0.0000
2.4006
0.0000
0.0000
0.0000
0.0000
0.0000
0.0000
0.0000
0.0000
0.0000
0.2239
0.0000
0.0329
0.0000
0.0000
0.0000
0.0935
0.0000
0.0000
5.9361
0.5349
0.0000
0.0000
0.0000
2.6896
0.0000
0.0000
0.0000
0.0000
0.0000
0.0000
2.7434
0.0000
0.0000
0.0000
0.0000
0.0000
0.0000
0.0000
0.4862
0.0000
0.0000
0.0000
0.0297
0.0000
0.0000
0.0000
0.0000
0.0457
0.0000
0.0000
0.7322
0.0000
2.8929
0.0000
0.0000
0.0000
1.0284
0.0000
0.0000
0.0000
0.0000
0.0379
0.0000
0.0000
2.0027
0.0000
0.0000
0.0000
0.0000
0.0000
0.0000
0.9725
1.0635
0.0000
0.0000
2.1858
0.6847
0.0000
0.0000
0.3266
0.0000
0.0000
0.0000
0.0000
0.0000
0.0000
0.2849
0.0000
0.0000
1.2877
0.0000
0.5562
0.0000
0.3682
0.0000
0.0000
0.0000
0.0000
1.7975
0.0000
0.0000
0.0000
0.0000
3.6284
0.0000
0.0000
0.0000
0.0000
0.0000
0.0000
2.5708
2.8395
0.0000
0.0000
0.0000
0.0000
0.0000
0.0000
0.0000
0.0000
0.0000
3.8434
0.1143
0.0000
0.4576
0.0000
4.1252
0.0000
0.0000
0.0000
0.0000
0.0000
0.0000
0.0000
0.0000
3.5941
0.0000
2.5992
2.5065
0.0000
0.0000
0.0000
0.0000
0.0000
0.6689
2.3461
1.7308
0.0000
0.0000
0.0000
0.0314
0.0000
0.0000
0.7887
0.0000
0.0000
0.0000
0.7280
0.0000
0.0000
0.0000
1.7384
0.0000
0.0000
0.0000
0.0000
0.0000
0.0000
0.0000
0.0000
0.0000
0.0000
0.0000
0.0000
1.3079
0.0000
3.5642
0.0000
0.0000
2.2620
1.3828
0.0000
0.0000
0.0000
0.0000
0.0000
0.9963
0.0000
0.8593
0.7855
0.0000
0.0000
0.0000
0.0000
0.2236
0.0000
0.0000
2.0425
0.0000
0.0000
0.0000
0.8557
0.0000
1.7843
0.0000
0.0000
0.0000
1.8050
0.0000
0.0311
0.0000
0.0000
1.0300
0.0000
0.0000
0.8527
0.0000
0.9220
0.0000
0.0000
0.0000
0.0000
0.0000
0.0000
0.5801
0.0000
0.0000
0.0000
2.1936
0.0000
0.0000
0.0000
0.0000
0.0000
0.0475
0.0000
0.0000
0.0000
0.0000
0.1301
0.0000
0.0000
0.9128
0.0000
0.0000
0.8868
0.0000
0.0000
0.0000
2.1270
0.0000
0.0000
0.0000
0.3880
0.0000
0.1598
0.7582
0.8051
0.0000
1.1603
0.0000
0.0000
0.0000
0.0000
0.6744
0.0000
0.0000
0.0000
0.0000
2.6409
0.0000
0.0000
1.2750
0.0000
0.0000
0.0000
0.0000
0.0000
0.0000
0.0000
0.0000
0.0000
0.0000
0.0000
0.0000
0.0000
1.1307
0.0000
1.6303
1.5692
0.0000
0.0000
0.4025
0.0000
0.0000
0.0000
0.0000
0.0000
2.4531
0.0000
0.0000
2.0849
0.0000
0.6632
0.0000
0.0000
0.5154
0.0000
0.0000
0.0000
0.0000
0.0000
1.6074
0.9846
0.0000
0.0000
0.0000
0.0000
0.0000
0.0000
0.0000
0.0000
0.0000
0.0000
0.0217
1.2406
0.0000
0.0000
0.0000
0.0000
0.0000
0.0000
0.0000
0.3073
2.5313
0.8264
2.2925
0.0000
0.0000
0.0000
0.0000
0.0000
0.2774
0.0000
0.0000
0.0000
0.0000
0.0000
0.0000
4.2623
0.0000
0.0000
0.0000
0.0000
0.0000
2.5524
0.0000
0.0000
0.0000
0.0000
0.0000
0.0000
0.0000
0.0000
0.0000
0.8384
0.0000
0.0000
0.0000
0.6703
0.0000
0.0000
0.4926
0.4982
0.0000
0.0000
0.0000
0.0000
0.0000
0.0000
3.9810
0.0000
0.0000
0.0000
0.0000
0.0000
0.0000
0.0000
3.2764
0.3519
0.2354
0.2101
4.3877
0.0000
0.0000
0.0000
0.0000
0.0000
0.0000
0.0000
1.5041
0.0000
0.0000
2.8899
0.0000
0.0000
0.0000
0.0000
0.1450
0.0000
0.0000
0.0000
1.5232
0.0000
2.1923
0.0000
0.0000
1.1095
0.0000
0.2862
0.5605
0.0000
0.0000
1.8537
0.0000
0.0000
0.0000
0.0000
3.5506
0.0000
0.0000
0.0000
0.0000
1.9562
0.0000
0.4716
1.3008
0.7300
1.1864
0.0000
0.0000
0.0000
0.0000
0.0000
0.0000
0.0000
0.0000
0.0000
0.0000
0.0000
0.0000
0.0000
0.0000
2.4537
0.0000
1.1374
0.0000
0.0000
0.0000
0.0000
0.0000
0.0000
0.0000
0.0000
0.0000
0.0000
0.0000
0.0000
0.0000
0.0000
0.0000
2.6683
1.0824
0.0000
0.0000
0.0000
2.9313
0.0000
0.0000
0.0000
0.0000
0.0000
0.0000
0.0000
0.0000
0.0000
0.0000
0.0000
0.0000
0.0000
0.0000
0.0000
0.8914
0.0000
0.0000
3.9385
0.0000
0.0000
0.0000
1.1529
0.5725
0.0000
6.4047
0.0000
2.2137
0.0000
1.4057
0.0000
0.7578
0.0000
0.0000
1.8624
0.9457
0.0000
0.0000
0.0000
0.0000
0.0000
0.0000
0.0000
3.6327
0.0000
2.4536
0.0000
2.4849
2.2421
0.0000
0.0000
7.7657
0.9697
0.0000
0.0000
0.0000
0.0000
0.0000
5.2051
0.0000
0.0000
0.2966
0.1055
0.0000
0.0000
0.0000
0.3923
0.0000
0.0000
0.6085
0.0000
1.7208
0.0000
1.4768
0.0000
0.0000
1.7025
0.0000
0.0000
0.0000
0.0000
0.0000
2.9056
0.0000
0.7397
1.7243
0.0000
3.1683
0.0000
0.0709
0.0000
0.0000
0.3071
0.0000
0.0000
0.0000
0.0000
2.4866
2.3940
1.5943
0.0000
0.0000
0.3767
0.0000
0.0000
0.0000
0.0000
0.0000
0.0000
0.5871
0.0000
0.0000
0.0000
0.0000
0.0000
0.0000
0.0000
3.3386
0.0000
0.0000
0.0219
0.0000
0.0000
0.0000
0.0000
4.1694
0.0000
0.0000
0.0000
0.0000
1.9760
0.2243
2.8889
1.3864
0.0000
2.3904
0.0000
0.0000
0.0000
2.0158
0.0000
0.0000
0.0000
0.0000
0.0000
0.0000
0.0000
0.0000
0.0000
1.9984
0.0000
0.0000
0.0000
0.0000
0.0000
0.4952
0.0000
0.0000
0.0000
0.1393
0.0000
0.0000
0.0000
5.2519
0.0000
0.8036
1.6906
0.0000
0.0000
0.0000
0.0000
0.0000
0.0000
0.0000
0.0000
0.0000
2.9035
0.0000
0.0000
0.0000
0.0000
0.0000
1.5676
0.0000
0.0000
0.0000
0.0000
0.0000
0.0000
0.0000
2.4559
0.0000
0.0000
0.0000
4.6954
0.0000
1.1777
0.0000
0.0000
0.0000
0.0000
0.0000
0.0000
0.0000
0.1421
0.0000
0.0000
2.0144
0.0000
0.0000
0.0000
0.0000
0.0000
0.0000
0.0000
0.0000
0.0000
0.7398
0.0000
0.0000
0.0000
0.0000
0.0000
0.0000
0.0000
0.0000
0.4448
0.0000
0.0000
1.1244
0.0000
0.0000
1.2658
0.0000
0.0000
0.0000
0.0000
0.7775
1.5313
0.0000
0.0000
0.0000
0.0000
1.5754
0.0000
0.0923
0.0000
0.0000
0.0000
0.6014
2.3929
0.0000
0.0000
0.0000
0.0000
0.0000
2.4560
0.0000
0.6912
0.0000
0.0000
0.0000
0.0000
0.0000
0.0000
2.4902
0.0070
0.0000
0.0000
0.0000
0.0000
0.0000
0.0000
0.0000
0.0000
0.0000
2.1431
0.0000
0.0000
2.1007
0.1582
0.0000
0.7553
0.0000
0.0000
0.0000
0.0000
0.0000
0.0000
0.0000
0.0000
0.0000
4.2276
0.0000
2.3091
0.1372
0.9018
0.0000
0.0000
0.0000
3.4553
0.0000
0.0000
0.2886
0.0000
0.0000
0.0000
0.0000
0.0000
0.0000
0.0000
0.0000
0.9276
0.0000
0.0000
0.0000
1.3413
0.0000
0.0000
0.0000
0.0000
0.0000
0.4912
1.6521
0.0000
0.0000
0.0000
0.0000
0.0000
0.0000
0.0000
0.0000
0.0000
2.1468
1.0795
0.0000
0.0757
0.0000
0.0000
0.2465
0.0000
0.9437
0.0000
0.0000
0.0000
0.0000
3.1730
0.0000
0.0000
0.0000
0.0000
0.0000
0.0000
0.0000
0.0000
0.0000
0.0000
0.2215
0.0000
0.0000
0.0000
2.4740
0.0000
0.0000
0.0000
0.0000
0.0000
0.0000
0.0000
1.2761
0.0000
0.0000
0.0000
0.7809
0.0000
0.0000
0.0000
0.0000
0.0000
0.0000
0.0000
0.0000
0.2695
0.0000
0.6504
3.0895
0.0000
0.0000
0.0000
0.0000
1.0061
0.7314
0.0000
0.0000
0.9898
0.0000
2.7190
0.0000
0.0000
0.0000
0.0000
0.1467
0.0000
0.0000
0.0000
0.0000
1.6626
0.0000
0.0000
0.0000
2.2212
0.0000
2.6416
0.0000
3.0818
0.6688
0.0000
0.0000
1.7864
0.0000
2.4832
0.0000
0.6083
0.0000
0.0000
0.0000
0.0000
1.0286
0.0000
1.0225
2.8896
0.0000
0.0000
0.0000
0.0000
0.2372
0.6227
0.0000
0.0000
0.0000
0.0000
0.0000
0.0000
2.0803
0.8980
0.0000
0.3616
0.0000
0.0000
0.0000
0.1508
2.7461
2.1331
0.0000
0.0000
0.0000
0.0000
0.0000
4.4489
0.0000
0.0000
0.0000
0.0000
3.2234
0.4342
0.0000
0.0000
0.0000
0.0000
0.0000
2.3554
0.0000
0.0000
5.0891
0.0000
0.0000
0.0000
0.0000
1.1540
0.0000
0.0000
0.0000
0.0000
0.0000
1.7632
0.4356
0.0000
0.0000
0.0000
0.5338
0.0000
0.0000
4.9639
0.0000
0.0000
0.0000
1.1400
1.1702
0.0000
0.0000
0.0000
0.0000
0.0000
0.0000
6.3659
0.0000
0.0000
0.0000
0.0000
0.0000
0.0000
0.0000
1.2174
0.0000
0.0000
0.0000
0.0000
0.0000
0.0000
0.0000
0.0000
4.0161
0.0000
0.0261
0.0000
0.0000
0.0000
0.0000
0.0000
0.1463
0.0000
0.0000
1.8036
0.0000
0.0000
1.6904
2.6184
0.0000
0.0000
0.0000
0.0000
0.4970
1.4630
0.0000
0.8648
0.0000
0.3327
0.0000
0.0000
0.0000
2.1914
0.0000
3.6710
0.0000
0.0000
0.0000
0.0000
0.2960
0.0000
0.0000
2.4579
2.7764
0.0000
0.0000
0.0000
0.0000
2.0272
0.0000
0.0000
0.0000
0.0000
0.0000
0.0000
0.0000
0.0000
0.0000
0.0000
1.6432
0.0000
0.0000
0.0000
0.0000
0.3497
0.0000
0.0000
0.0000
0.5886
0.0000
2.2105
2.4433
1.9806
2.7231
0.0000
0.6612
0.6676
0.0000
0.0000
0.0000
0.0000
0.0000
0.0000
0.0000
0.0000
0.0000
0.0000
0.9036
0.0000
0.0000
0.0000
0.0000
0.0000
0.0000
0.9201
0.8737
0.0000
0.0000
0.0000
5.8837
0.0000
0.0000
0.0000
0.6589
0.0000
0.0000
0.0000
0.0000
0.0000
0.0000
0.5435
0.0000
0.0000
1.5894
0.1881
0.0000
1.5978
0.0000
0.0000
0.0000
0.0000
0.0000
0.0000
0.0000
0.0000
0.2628
0.0000
0.0000
0.0000
0.6672
0.0000
0.0000
2.1468
0.0000
0.0000
0.0000
0.0000
0.0000
0.0000
0.0000
0.0000
4.6821
0.0000
0.8505
0.0000
0.0000
0.0000
0.0000
0.0000
0.0000
0.0000
0.0000
0.0000
0.0000
0.8351
0.0000
0.0000
0.0000
0.0000
0.0000
1.1529
0.0000
0.0000
1.7828
0.8017
0.0000
0.0000
0.0000
1.9817
0.0000
1.7884
0.0810
0.0000
0.0000
2.0896
2.4449
0.0000
0.0000
0.0000
0.0000
0.0000
0.0000
0.0000
0.0000
0.0000
0.0000
0.0000
1.0544
0.0000
0.0000
0.0000
0.0000
0.0000
1.0806
0.0000
0.0000
2.9280
0.0000
0.0000
0.0000
0.0000
0.0000
0.0000
0.0000
0.0000
0.0000
0.0000
4.9840
0.0000
2.9865
0.0000
0.0000
0.0000
0.0000
0.0000
0.0000
0.0000
0.0000
1.7256
0.0000
0.0000
2.5692
0.0000
0.0000
0.0000
0.0000
0.9426
2.1378
0.2819
0.0000
0.0000
0.0000
0.0000
0.0000
0.0701
0.0000
3.1922
0.0000
0.0000
0.0000
0.0000
0.0000
0.0000
0.7367
0.0000
0.0000
0.0000
0.0000
0.0000
0.0000
0.0000
0.0000
0.0000
0.0000
0.0000
2.0165
0.0000
0.0000
0.0000
3.8107
0.0000
0.0000
2.6613
0.7553
0.0000
0.0000
0.0000
0.0000
0.0000
0.0000
0.0000
5.6992
3.2316
1.3869
0.0000
0.0000
0.0000
0.0000
0.5363
0.0000
0.0000
0.0000
0.2925
0.0000
0.0000
0.0000
0.0000
0.0000
0.0000
0.0000
0.0000
0.0000
0.0000
0.0000
3.3151
0.0000
0.0000
3.5343
0.0000
0.0000
0.0000
0.0000
0.0000
0.0000
0.0000
0.0000
0.0000
0.0000
0.6540
1.1865
0.0000
1.2389
1.6514
0.0000
0.0000
0.0000
0.0000
0.0000
0.0000
0.0000
0.0000
0.0000
4.0159
0.0000
0.0000
0.0000
0.0000
0.0000
0.0000
0.0000
0.0000
0.0000
0.3976
0.0000
0.0000
0.0000
0.0000
0.0000
0.6300
0.0000
0.0000
0.0000
0.0000
0.0000
0.0000
0.7447
1.1311
0.0000
0.0000
0.1062
0.0000
0.0000
0.0000
0.0000
0.0000
0.0000
0.2782
0.0000
0.0000
0.0000
0.0000
2.3385
0.0000
0.0000
0.0000
0.0000
0.0000
0.0000
0.0530
1.4705
0.0000
0.0000
0.0000
2.1577
1.2773
1.0253
0.3662
0.0000
0.0000
2.5639
0.0000
0.0000
0.0000
3.9394
0.3917
0.0000
0.0000
0.0000
0.4165
0.0000
0.0000
0.0000
1.8483
0.0000
0.0000
0.5492
4.2012
0.0000
0.5295
0.0000
0.0000
0.0000
0.0000
3.4919
0.1074
0.0000
0.0000
0.0000
0.0000
0.0000
0.0000
1.6679
1.2340
0.0000
0.0000
0.2895
0.0000
0.0000
0.0000
0.1675
0.0000
0.0000
0.7304
0.0000
5.8325
0.0000
0.7815
0.2804
0.0000
2.6429
0.0000
0.0000
0.0000
0.0000
0.0000
0.0000
0.0000
0.3073
0.0000
0.0000
0.0000
2.4973
0.0000
0.0000
0.0000
0.0000
0.0000
0.0000
0.9750
0.0000
0.0000
0.0000
0.0921
0.0275
0.0000
0.0585
1.9201
0.0000
4.3735
0.0000
0.0000
1.2581
2.7874
0.0000
0.0000
2.6130
0.0000
4.0832
0.0174
1.1978
0.0000
2.3870
0.0000
0.0000
0.0000
0.0000
0.0000
0.0000
0.0000
0.0000
2.3608
1.7964
3.4953
0.0844
0.0000
2.0706
0.0000
0.0000
0.0000
0.0000
0.0000
0.0000
0.0000
0.0000
2.6092
0.0000
0.0000
0.0000
3.3455
2.7055
1.7418
0.9869
0.0000
0.0000
2.1014
2.9300
0.0000
0.0000
0.0000
0.0000
0.7943
0.0000
0.1797
0.0000
0.0000
0.0000
0.0000
0.0000
0.0000
0.0837
0.0000
0.0000
0.0000
0.0000
0.0000
0.0000
0.0000
0.0000
0.0000
0.0000
0.0000
1.3135
2.5157
1.3255
0.0000
2.3511
0.6959
0.0000
0.2674
0.0000
0.0000
0.0000
0.0000
1.1279
0.0000
0.0000
0.0000
0.0000
3.4846
0.0000
0.0000
0.2363
0.0000
0.0000
2.2090
0.0000
0.1863
1.1676
0.0000
3.1241
1.1138
0.5038
0.0000
0.0000
0.0000
0.0000
0.0000
0.0000
0.0000
1.1054
2.3028
0.0000
0.0000
0.0000
0.0000
0.0000
4.0916
0.0000
1.6337
0.0000
0.2936
0.5828
0.0000
0.0000
0.0000
3.5894
0.0000
0.0000
0.6521
0.0000
3.9256
0.0000
0.2828
0.0000
1.4373
2.6285
0.0000
0.0000
0.0000
0.0000
0.0000
0.0000
0.0000
0.0000
0.0000
0.0000
0.0000
0.0000
0.0000
0.0000
0.0000
0.7615
0.0000
0.0000
1.0898
0.0000
0.0000
0.0000
0.0000
4.6230
0.1642
0.0000
0.2437
0.0000
0.0000
0.0000
0.0000
0.0000
0.0000
0.0000
1.0399
0.0000
2.8689
0.6593
0.0000
6.3101
0.0000
1.8392
0.6065
0.0000
1.2587
0.0000
0.0000
0.0000
0.0000
0.0000
0.0000
0.9023
1.2319
0.0000
0.3592
0.0000
0.0000
0.0000
0.0000
0.0000
0.0000
0.0000
0.9183
0.0000
0.0000
0.2191
0.0000
