0.0000
0.0000
0.0000
0.0000
3.1423
0.1485
0.0000
0.0000
0.8427
2.7439
0.6574
0.0000
0.0000
0.0000
0.0000
0.0000
0.0000
0.0000
0.0000
0.0000
0.0000
0.0000
3.0965
0.0000
2.8127
0.0000
0.0000
2.0941
0.0000
0.0000
0.0000
0.0000
0.0000
0.5252
1.3429
0.0000
0.0000
0.0000
0.0000
2.8662
0.0000
0.6714
0.0000
0.0000
0.0000
0.4715
0.0000
0.0000
0.0000
0.0751
0.0000
0.0000
0.0000
0.0000
0.0000
0.0000
0.0000
0.0000
0.0000
0.0000
0.0000
0.5956
0.0000
1.6049
0.0000
0.2980
0.0000
0.0000
0.9532
0.0000
0.0000
3.8475
0.0000
0.0000
0.0000
2.2073
0.0000
0.0000
0.0000
0.0000
0.6846
0.0000
0.0000
0.0000
0.0000
0.0000
2.7763
0.0000
1.4927
0.0000
0.0000
0.0000
0.0000
2.4455
0.0000
0.0000
0.0000
0.0000
2.5499
0.0000
1.9306
0.0000
0.0000
0.0000
0.0000
0.0000
0.0000
0.0000
0.0000
0.3036
0.0000
0.0000
0.0000
0.0000
0.0000
0.0000
0.0124
0.0000
0.0000
0.0000
3.0745
0.0000
2.1442
0.0000
1.8767
0.0000
0.0000
0.0000
1.8170
1.6141
0.0000
0.0000
0.0000
0.0000
5.7353
0.0000
2.0359
1.6093
0.0000
3.2052
5.6758
0.0000
0.2126
0.0000
2.1229
0.0000
0.0000
1.4245
1.4029
0.0000
0.0000
0.0654
0.8087
0.0000
0.0000
0.0000
0.2882
0.7906
0.0000
0.0000
1.5105
0.0000
0.0000
0.0000
0.0000
1.2657
0.0000
0.0000
0.0000
2.2530
0.0000
0.0000
0.0000
0.0000
0.0000
0.0000
0.0000
0.0000
0.0000
4.1639
3.0294
1.6508
0.0000
0.0000
0.0000
0.0000
1.3388
2.6761
0.1331
0.0000
0.0000
0.0000
0.0000
0.0000
0.1262
1.4397
0.0000
0.7104
0.6132
2.7203
0.0000
0.0000
0.0000
0.0000
0.0000
0.1682
0.0000
0.0000
0.0000
0.0000
0.0000
0.0000
0.0000
1.6174
0.0000
0.0000
0.0000
0.0000
1.7335
0.0000
0.0000
0.0000
0.0000
0.0000
0.0000
0.0000
0.0000
0.0000
0.0000
0.0000
0.0000
0.0000
0.0000
0.0000
1.1327
0.0000
0.0000
0.5567
3.8390
0.0000
0.0000
0.0000
0.0000
0.0000
0.0000
0.0000
0.0000
0.0000
0.0000
0.0000
0.0000
0.0000
0.0000
2.0731
0.0000
0.1566
0.0000
1.0265
1.2018
0.0001
0.0000
0.4384
0.0000
0.0000
0.0000
0.0000
4.3796
0.0000
0.0000
0.0000
0.4669
0.0000
0.0000
1.2328
2.1515
0.0000
0.0000
0.0000
2.4590
0.0000
1.9942
0.0000
0.0000
0.0000
0.0000
2.9930
0.0000
0.2787
0.0000
0.0000
0.0000
0.0000
0.0000
0.7984
1.7932
0.0000
0.0000
0.0000
0.0000
3.8451
0.0000
0.0000
0.0000
0.0000
0.0000
0.0000
0.0000
0.0000
0.0000
0.0000
0.0000
0.0000
0.0000
0.0000
0.0000
0.0000
0.9073
0.0000
0.0000
1.4100
0.0000
0.7892
0.0000
0.2352
0.0000
2.2288
0.0000
0.0000
0.0000
0.0000
0.0000
1.7784
0.0000
0.0000
0.0000
1.2870
1.0984
0.0000
0.0000
5.0006
0.0000
0.0000
0.0000
0.0000
0.0000
5.5233
0.0000
0.6765
0.0000
0.0000
0.0000
0.7696
2.1094
0.0000
4.3715
0.5555
0.0000
0.0000
0.1208
0.0000
0.0000
0.0000
0.0000
0.0000
0.0000
0.0000
0.0000
0.0000
0.0000
0.0000
0.0000
0.0000
0.0000
0.0000
0.0000
0.0000
0.0000
3.0080
0.0000
0.0000
1.9943
0.5770
0.4092
0.0000
0.0000
0.0000
0.0000
0.0000
0.0000
0.0000
1.8760
0.0000
0.0000
0.0000
0.0000
0.0000
0.0000
0.0000
0.0000
0.0000
0.0000
0.0000
0.0000
0.0000
0.0000
0.2900
0.0000
0.0000
1.1159
0.0000
0.0000
0.0000
0.0000
4.6442
0.1957
0.0000
0.0000
0.0782
0.0000
0.0000
0.8949
0.0000
2.2015
0.0000
0.0000
0.0000
0.0000
0.0000
0.0000
0.0000
0.0000
0.0000
0.0000
0.0000
0.0000
0.0000
0.0000
0.0000
0.0000
0.0000
1.0060
0.0000
0.2408
0.0000
2.5789
0.0458
0.0000
0.0000
0.0000
0.0000
0.0000
0.0000
1.3377
0.0000
0.0000
0.0000
0.0000
0.0000
0.0000
0.0000
0.6635
0.0000
0.3987
0.0000
1.4065
0.0000
0.7625
3.1924
0.0000
0.0000
0.0000
0.0000
0.0000
0.2577
0.0000
0.0000
0.0000
0.0000
0.3571
0.0000
0.5775
0.2554
0.0000
1.1350
1.0569
0.0199
0.0000
0.0000
0.0000
1.5307
0.0000
0.0000
0.0000
0.0000
1.1802
1.1421
0.0000
0.0000
0.0000
0.0000
0.0000
0.0000
0.4444
0.0000
0.0000
0.0000
0.0000
0.0000
0.0000
0.6255
0.0000
0.0000
0.0000
1.2775
0.0000
2.1724
0.0000
0.0000
7.3649
0.0000
0.0991
0.9898
0.0000
0.9339
0.0000
0.0000
0.0000
0.0000
0.0000
1.4606
2.5170
1.3916
0.1779
0.0000
1.3749
0.0000
0.0000
0.0000
0.4271
0.0000
0.0000
0.0000
0.0000
0.0000
1.1041
0.0000
0.0000
0.0000
2.4943
0.0000
0.0000
0.0000
0.0000
0.0000
0.0000
0.0000
0.0000
0.0000
0.0000
0.3965
0.5057
0.3736
0.0000
0.0000
0.0000
1.7370
0.0000
0.0000
0.0000
0.0000
0.0000
0.0000
0.0000
0.0000
0.0000
0.0000
0.0000
0.0000
0.0000
1.2961
0.0000
0.0000
0.0000
0.0000
0.0000
0.0000
0.0000
0.5180
0.9498
0.0000
0.0000
1.4803
0.0000
0.0000
0.0000
0.0000
0.0000
0.0000
3.2899
0.0000
0.0000
0.0000
0.0000
0.7619
0.0000
0.0000
0.1338
0.0000
0.0539
0.0000
0.0000
0.0000
0.0000
3.4710
0.0000
0.0727
1.6865
0.0000
0.0000
0.0000
4.3865
0.0000
0.0000
0.0000
0.0000
1.3157
0.0000
0.1329
0.0000
0.0000
0.0000
0.0000
0.0000
0.0000
0.0395
3.3256
0.0000
0.0000
0.0000
0.0000
0.0000
0.0000
0.0000
0.0000
1.9797
0.0000
0.0000
0.0000
0.0000
0.0000
0.0000
0.0018
0.5838
0.0000
0.0000
0.0000
0.3841
0.0000
0.0000
0.0000
0.0337
2.2190
1.5521
0.0000
0.0000
0.0000
0.0000
0.0000
0.0000
0.0000
0.0000
0.0000
0.0000
0.0000
0.0000
0.0000
0.0000
0.0000
0.0000
0.0000
0.0000
2.3639
0.0000
0.0000
0.0000
2.4521
0.0000
0.0000
0.0000
0.0000
0.0000
0.0000
1.8854
0.0000
0.0000
0.0000
0.0000
0.0000
0.1815
0.0000
0.0000
0.0000
0.8021
1.7004
0.0000
0.0000
0.0000
0.0000
0.0000
0.0000
0.0000
3.5994
0.0000
0.0000
0.0000
0.0000
0.0000
0.0000
0.0000
0.0000
0.0000
0.0000
0.0000
1.1953
0.0000
0.0000
1.5553
0.0000
0.0000
0.0000
0.0000
0.0000
0.0000
0.0734
0.2912
0.0000
0.0000
1.9409
0.0000
4.5438
1.4031
0.0000
0.0000
0.6310
0.0000
0.0000
0.0000
0.0000
2.4228
0.0000
0.0000
0.0000
0.0000
0.0000
0.0000
0.0000
1.8470
0.0000
0.0000
0.0000
0.4887
0.0000
3.0435
0.4245
0.0000
1.1331
0.0000
0.0000
0.0000
0.0000
0.0000
0.0000
0.0000
0.0000
0.0000
0.0000
0.0000
0.0000
0.1991
1.4289
0.0000
0.5252
0.0000
0.0000
0.0000
0.2632
0.0000
1.5190
0.0000
0.0000
0.7776
0.0000
0.0000
0.5992
0.0000
0.0000
0.0000
0.0000
0.0000
0.0000
0.0000
0.0000
4.5045
0.0000
0.0000
0.0000
0.0000
0.0000
0.0000
0.0000
0.0000
0.0000
0.0000
0.0000
0.0000
0.0000
0.2206
0.0000
0.0000
0.7423
0.0000
0.0000
0.0000
0.0000
0.7863
0.0000
0.0000
0.0000
0.0000
0.0000
2.2600
0.0000
0.0000
0.0000
0.0000
0.0000
0.0000
1.0802
0.0000
0.0000
0.0000
0.0000
0.0000
1.3349
0.0000
1.5628
1.8651
0.0000
0.4773
0.0000
0.0000
0.7541
0.0000
0.0000
0.0000
0.0000
0.0000
0.0000
0.0000
0.0000
0.0000
3.4107
0.0000
0.0000
1.2704
0.0140
0.0000
0.0000
0.0000
0.0000
0.0000
0.0000
0.0000
1.6586
0.3229
0.0000
2.4076
2.2863
1.5035
0.0000
0.0000
0.0000
0.0000
0.0000
0.0000
0.0000
1.0943
0.0000
0.0000
0.0000
1.4581
0.0000
1.1520
0.0000
0.0000
0.0000
0.0000
1.6768
2.6985
0.0000
0.0000
0.0000
0.0000
0.0000
0.0000
0.0000
0.0000
0.0000
0.0000
0.0942
0.0000
0.0000
2.3365
0.2223
0.0000
0.4782
0.0000
0.1532
0.0000
0.0000
0.0000
0.0000
0.0000
0.0000
0.0000
7.5083
1.3107
0.0000
1.3133
0.0000
0.0000
0.0000
0.0000
0.0000
0.0000
0.7125
0.0000
0.0000
0.0000
0.0000
0.9515
0.0000
0.0000
0.6272
1.7781
2.6363
0.0000
4.2045
0.0000
5.1778
0.3588
1.9735
0.0000
0.0000
0.0000
0.0000
1.4441
0.0000
0.0000
0.0000
0.0000
1.2706
0.0000
0.0000
0.0000
0.0701
0.0000
0.7706
4.9368
0.0000
2.9149
0.0000
2.2803
0.0000
0.0000
0.0000
0.0000
0.4742
0.8195
0.0000
0.0000
0.7362
0.0000
3.3574
3.8873
0.2029
3.6161
0.0000
0.0000
0.5162
0.3297
0.0000
0.0000
0.0000
0.0000
0.0000
0.0000
0.0000
0.0000
6.5798
0.0000
0.0000
0.0000
0.0000
0.0000
0.0000
0.0000
0.0000
0.0000
1.1902
0.0000
3.2805
0.0000
1.4881
0.0000
0.0000
0.0000
0.0000
2.8245
1.8147
0.0000
1.4105
0.0000
0.0000
0.1790
0.0000
4.2208
0.0000
0.0000
1.0294
0.6140
0.0000
1.8859
0.0000
0.0000
0.0000
0.4984
0.0000
3.4864
0.0000
0.0000
0.0000
0.0000
0.0000
0.0000
0.0000
2.6659
0.0000
0.0000
0.0000
0.1090
0.0000
0.0000
0.0000
0.0000
0.0000
0.0000
0.0000
0.4289
0.0000
2.1116
0.0016
0.0000
0.0000
0.0000
0.0000
1.5494
0.0000
0.0000
0.0000
1.5619
0.0000
0.0000
0.0000
0.0000
0.0000
2.0604
0.0000
0.0000
0.0000
0.0000
0.0000
0.0000
0.0000
0.0000
0.0000
0.0000
0.0000
0.0000
0.0000
0.9160
0.0000
0.0000
0.0000
0.0000
0.0000
0.0000
0.7694
0.0000
1.0800
0.0000
0.0000
0.0000
0.0000
0.8490
0.0000
0.0000
0.0000
0.0000
0.0000
1.4975
0.1241
0.0000
0.0000
1.1380
0.0000
1.3146
0.0000
0.0000
0.0000
0.0000
0.0000
0.6424
0.0000
2.9445
0.0000
0.0000
0.0000
0.0000
0.0000
0.0000
0.0000
0.0000
0.0000
0.0000
0.0000
0.0000
0.0000
0.0000
0.0000
0.0000
0.0000
0.0000
0.0000
1.6399
1.6847
0.3002
0.0000
0.0000
0.0000
0.0000
0.0000
0.0000
0.0000
0.0000
0.7464
0.2326
0.0000
0.3915
0.1765
0.0000
0.0000
0.0000
0.0000
0.0000
0.0000
4.4624
0.1213
0.0000
0.6266
5.5497
0.0000
0.0000
0.8233
1.4421
3.8359
0.0000
1.3942
0.0000
0.0000
0.0000
2.5169
0.3366
0.0000
0.0000
0.0000
0.0000
0.0000
0.0000
0.0000
1.5573
0.0000
0.0000
0.0000
0.0000
0.0000
0.0000
0.0000
0.0000
0.0000
0.3996
0.0000
0.0000
0.0000
0.0000
0.0000
0.0000
0.0000
0.0000
0.0000
2.9388
0.0000
2.6177
0.3520
0.0000
0.0000
0.0000
0.0000
0.0000
0.3617
0.0000
0.0000
0.0000
1.4346
0.0000
0.0000
0.0000
0.0000
0.0000
0.7892
0.0000
0.0000
2.7268
0.0000
0.0000
0.0000
2.5219
0.0000
0.0000
0.0000
0.0000
0.0000
0.0000
0.0000
0.4622
0.0000
0.0000
0.0000
1.3785
0.0000
0.0000
0.0000
2.6577
0.0000
2.4513
0.0000
0.0000
3.5384
0.0000
0.0000
0.0000
0.0000
0.0000
1.7853
0.0000
0.3965
0.0000
0.0000
0.0000
0.0000
0.0000
0.1481
2.3147
0.0000
0.0000
0.0000
0.1208
0.0000
0.0000
0.0000
0.0000
0.0000
0.0000
0.0000
0.0000
0.0000
1.2457
0.0000
0.0000
1.7232
0.0000
0.0000
4.4193
0.0000
0.0000
0.0000
0.0000
0.0000
0.0000
0.0000
0.0206
0.0000
1.4273
0.0000
0.0000
0.9517
0.0000
0.0000
0.0000
0.0000
0.3620
0.0000
1.1464
0.0000
0.0000
1.2759
0.0000
0.0000
0.0000
0.0000
0.0000
0.0000
0.0000
0.2221
0.0000
0.0000
0.0000
0.0000
0.0000
0.0000
0.0000
0.0000
0.0000
1.5281
0.0000
0.0000
0.0000
2.4795
0.0000
1.3804
0.0000
0.0000
0.0000
0.0000
0.0000
0.0000
0.0000
0.0000
0.0000
0.0000
0.0000
0.0000
0.0000
0.6966
0.0000
0.0000
0.0000
0.0000
0.0000
0.0000
0.0000
0.0000
0.0000
0.3065
0.0000
0.0000
0.0000
0.0000
2.1651
2.5412
0.0000
1.6966
0.0000
0.0000
0.0000
0.0000
0.0000
0.0000
0.0000
0.0000
0.0000
0.0000
0.0000
1.2855
0.3678
0.0000
0.0000
0.1155
0.0000
0.0000
1.5244
0.0000
0.0000
0.0000
0.0000
0.0000
0.0000
0.6906
1.1937
3.8877
0.0000
0.0000
0.0000
0.0000
0.0000
0.0000
0.0000
0.2178
0.0000
0.0000
0.0000
0.0000
0.0000
0.0000
0.0000
0.0000
0.0000
1.0603
0.0000
0.3229
0.0000
2.8147
0.0000
0.0000
0.0000
0.0000
0.0000
3.3529
0.0000
0.0000
2.5827
0.0000
0.0000
0.0000
0.0890
0.0000
0.0000
0.0000
0.0000
0.0000
0.0000
0.0000
0.0000
0.0000
0.0000
0.0000
0.0000
1.1144
0.0000
3.1150
0.0000
0.4561
0.0000
0.0000
0.0000
0.0000
0.0000
0.0000
0.0000
0.0000
5.4350
0.0000
0.8798
0.0475
0.0000
0.0000
0.0000
0.0000
0.0000
0.0000
0.0000
0.0000
0.0000
0.0000
1.0083
0.0000
0.0000
0.0000
0.0000
0.0000
0.0000
0.0000
1.0304
0.0000
0.0000
2.1422
5.0422
0.0000
0.0000
0.0382
0.0000
2.3746
0.0000
0.0000
0.0000
0.0000
0.3123
0.0000
0.0000
0.0000
0.0000
0.0000
2.2256
1.2862
0.0000
0.8894
0.0000
0.0000
0.0000
1.9547
0.0000
0.0000
2.7908
0.0000
0.0000
0.0000
0.0823
0.0000
0.0000
0.0000
5.8804
0.7598
0.0000
0.0000
0.0000
0.0000
0.0000
0.0000
0.0000
0.0000
0.0000
0.0000
0.0000
0.0000
0.0000
0.0000
0.0000
1.2615
0.0000
0.1780
0.0000
0.0000
0.0000
2.8467
0.0000
0.0000
0.0000
0.0000
0.0000
0.0000
1.0282
1.7999
0.0000
0.0000
0.0000
0.0000
3.3798
0.0000
1.2939
0.7359
0.0000
2.2704
0.0000
0.0000
0.0000
0.0000
1.5191
0.2925
0.2445
0.0000
0.0000
0.0000
0.0000
0.0000
0.0000
5.6050
0.0000
0.0000
0.0000
0.0000
0.0000
0.0000
0.0000
0.0000
0.0000
0.0000
0.5310
0.0000
0.0000
0.0000
0.8428
0.0000
0.0000
0.0000
1.1169
0.0000
0.0000
0.0000
0.0000
0.0000
0.0000
0.0000
0.0000
0.4402
0.0000
2.0268
0.0000
0.0000
0.0000
0.0000
0.0000
0.0000
0.0000
0.0000
0.0000
0.8925
0.0000
0.0000
0.0000
1.7200
0.0000
0.0265
0.2169
0.0000
0.0000
0.0000
0.0000
1.2564
0.0000
0.0000
0.0000
0.5468
2.4287
0.0000
0.0000
0.0000
0.0000
0.0000
0.0000
0.0000
0.0000
0.0000
0.0000
0.0000
0.0000
0.0000
1.9924
0.0000
1.7616
0.0000
0.3858
1.6205
0.0000
0.0000
0.0000
1.4273
0.0000
0.0000
2.3086
3.8237
4.0128
0.0000
0.0000
0.0000
0.0000
0.0000
0.0000
0.8463
0.0000
0.3513
0.0000
0.0000
0.3160
0.0000
0.0000
0.0000
0.1524
0.0000
0.0000
0.0000
0.0000
0.0000
0.0000
0.0000
0.0000
0.3800
0.0000
0.0000
0.0000
0.0000
0.0000
0.0000
0.0000
0.0000
0.0000
0.0000
0.0000
0.0000
0.0000
0.0000
0.0000
1.3195
0.0000
0.0186
0.0000
3.2074
0.0000
0.1874
0.0000
3.4609
0.0000
0.0000
0.0000
0.9733
0.6370
0.0000
2.2323
3.1035
0.0000
0.7950
0.0000
4.1112
0.0000
0.0000
0.0000
0.3225
0.8734
0.0000
0.0000
0.0000
0.0000
0.0000
0.0000
0.0000
0.0000
2.2018
0.0000
0.0000
0.0000
0.0000
0.0000
0.0000
0.0000
0.0000
0.0000
2.9838
0.0000
0.0000
2.9656
0.0000
0.0000
2.4982
0.0000
0.0000
0.0877
2.9940
0.9665
0.0000
0.3450
0.0000
2.0489
0.5580
0.0000
2.9220
0.1453
0.0000
1.3298
0.0000
0.0000
1.0581
0.0000
0.0000
0.5362
1.0447
1.2830
0.0000
0.0000
3.1419
0.0000
2.2935
0.0000
0.0000
0.0000
0.0000
0.0000
0.0000
0.0000
0.0000
0.0000
1.9943
0.7623
0.0000
1.4678
0.0000
0.0000
0.0000
0.0000
0.0000
0.0000
0.0000
0.0000
1.3889
0.0000
0.0000
1.1810
0.0000
0.0000
2.1912
0.0000
0.0406
0.0000
0.0000
0.0000
0.0000
0.0000
0.0000
0.0000
0.0000
0.0000
0.0000
0.0000
0.6485
0.0000
0.0000
0.0000
0.0000
0.7953
0.0000
2.1761
5.4892
0.5811
0.0000
0.0000
0.0000
0.0000
0.0000
0.0000
3.4784
0.0000
0.6239
0.0000
0.0000
0.0000
0.0000
1.6871
0.0000
0.0000
0.0000
0.0000
0.0000
0.0000
0.0000
2.6947
0.0000
0.0000
0.0000
0.0000
0.0000
0.0000
0.0000
0.0000
0.0672
0.0000
0.0000
0.0000
0.0000
0.0000
1.0535
0.6603
0.0000
0.0000
0.0000
0.0000
0.0000
0.0000
0.0000
0.0000
0.0000
0.0000
0.0000
0.0000
0.0000
2.7088
0.0000
0.0000
0.0000
1.3999
0.2375
0.3552
0.0000
0.0000
2.2294
0.0000
0.0000
0.0000
0.0000
0.0000
2.0521
0.0000
0.0000
0.0000
0.0000
0.2748
0.0000
0.8830
2.2978
0.0000
0.0000
0.0000
0.0000
0.0000
0.0000
0.0000
0.1120
0.0000
0.8736
0.0000
0.0000
0.0000
0.0000
0.0000
1.7017
0.0000
0.0000
0.6218
0.0000
0.0000
0.0000
0.8920
3.4384
0.5463
0.0000
0.0000
0.0000
0.0000
0.0000
1.9768
0.0000
0.0000
0.0000
0.0000
0.0000
0.0000
0.0000
0.0000
0.0000
0.0000
0.0000
0.0000
3.9934
0.0000
0.0000
1.7765
2.3034
0.0000
0.0000
0.0000
0.0000
0.0000
0.0000
0.0000
0.0000
4.8666
1.0764
0.0000
0.0000
1.6702
0.0000
0.0000
0.0000
0.1161
0.0000
0.0000
0.0000
0.5536
0.0000
0.0000
0.0000
0.0000
0.0000
1.0608
0.3445
0.0000
0.0000
1.0216
2.5759
0.0000
3.6817
0.8826
0.0000
0.0000
0.0000
3.7776
0.0000
0.0000
0.0000
1.0818
0.0000
0.0000
0.0000
0.0000
0.0000
0.0000
0.0000
0.5190
0.0000
0.0000
0.6338
0.0000
0.0000
3.0565
1.3862
0.0000
0.0000
0.0000
1.9533
0.9847
0.0000
0.0000
0.0000
0.0000
0.0000
0.0000
0.0000
0.0000
0.0000
0.4377
0.0000
0.0000
0.7355
0.0000
0.0000
1.7615
0.0000
0.0000
0.6077
1.2988
0.0000
0.0000
0.0000
0.0000
0.0000
0.0000
0.0000
0.0000
3.3121
0.0000
0.0000
0.0000
0.0000
0.0000
0.0000
0.0000
0.0000
0.0000
0.0000
0.0000
0.0000
0.0000
0.0000
0.0000
0.0000
0.0052
0.0000
0.0000
0.0000
0.0000
0.0000
2.0619
0.0000
0.0000
0.0000
0.0000
0.0000
0.0000
0.0000
0.0000
0.0000
0.0000
0.0000
0.0000
1.2666
0.0000
0.2115
0.0000
0.0000
1.0221
0.0000
0.0000
0.0000
0.0000
0.5425
0.0000
1.8903
0.0000
0.0000
2.4694
3.4776
0.0000
5.8594
0.0000
3.5723
0.0000
0.0000
0.0000
1.4119
0.0000
0.0000
0.0000
0.0000
0.0000
0.2467
0.4056
4.3434
0.0000
0.0000
0.0000
0.0000
0.0000
2.4132
0.0000
0.0000
0.5888
0.0000
0.0000
0.0000
0.0000
0.0000
0.0000
0.0375
0.0000
0.0000
0.0000
2.1467
0.0000
0.0000
0.0000
0.0000
0.0000
0.0000
0.0000
0.0000
0.0000
0.0000
0.3685
1.0630
2.7657
0.0000
0.0000
0.4954
0.0000
0.7787
0.0000
0.5835
0.0000
0.0000
1.1093
2.8749
0.0000
0.0000
0.0000
0.0000
0.0000
0.0000
0.0000
0.0000
0.0000
0.0000
0.0000
0.0000
0.0000
1.6325
0.0000
0.0000
3.6915
0.0000
0.0000
1.7190
0.0000
0.0000
0.0000
0.0000
0.0000
0.0000
1.7565
0.3780
0.0000
0.0000
0.0000
0.0000
0.0000
0.0000
0.0000
0.0000
0.6527
1.9040
0.0000
0.0000
0.0000
0.0000
0.0000
0.0000
0.0000
0.7925
0.0000
0.0000
0.0000
0.0000
4.6845
0.0000
0.0000
0.0000
4.8710
1.4057
0.0000
0.0000
2.6810
0.0000
0.0000
0.8720
0.0000
0.0000
0.0000
1.9179
1.4334
0.0000
0.0000
0.0000
0.0000
4.3385
0.0000
0.0000
0.0000
0.6146
0.0000
0.0487
2.9881
0.0000
2.2751
0.0000
0.0000
0.0000
0.8593
0.0000
0.0000
0.0000
1.7290
0.0000
0.0000
0.0000
0.0000
0.0000
0.0000
0.0000
0.6531
0.0000
0.0000
0.0000
0.0000
0.0000
1.0837
0.4710
0.0000
0.0000
1.2170
0.0000
0.0000
1.3124
0.0000
0.0000
0.0000
0.0000
3.1238
0.0000
0.0000
2.7081
0.0000
0.0000
0.0000
0.0000
0.0000
0.0000
0.6948
1.2258
0.0000
0.0000
0.0000
0.0000
0.0000
0.0000
0.0000
0.0000
0.0000
0.0000
0.0000
0.0000
0.0000
0.0000
0.0000
1.1368
0.6782
0.3641
1.7712
0.0000
0.0000
0.0000
0.4763
0.1775
0.0000
0.0000
0.0000
0.0000
0.0000
0.0000
0.0000
2.0681
0.0000
0.0000
0.0000
0.0000
3.8247
8.4337
0.0000
0.0000
0.0000
0.4585
0.0000
0.0000
0.3915
0.0000
0.0000
0.0000
0.0000
0.0000
0.0000
0.0000
0.0000
0.0000
0.0000
0.0000
0.0000
0.0000
0.0528
0.8986
0.0000
0.0000
0.1832
0.0000
0.5193
1.4814
0.0000
0.0000
0.0000
0.1399
1.5331
0.2059
0.0000
0.0000
2.5271
0.0000
1.1996
0.6061
0.4642
0.0000
0.0000
0.4865
0.0000
0.0000
0.0000
1.0453
0.0000
0.0000
0.0000
0.0000
3.4709
0.0000
0.0000
0.0000
0.7624
0.0000
0.0000
0.0000
0.5400
0.0000
0.0000
0.0000
0.0000
2.5197
0.0000
0.0000
0.0000
0.8405
0.6137
0.0000
0.0000
0.0000
0.0000
0.0000
0.0000
0.0000
0.0000
0.0000
0.0000
0.0000
0.0000
2.9221
0.0000
0.0000
0.1814
0.0000
0.0000
0.0000
0.0000
1.0124
0.0000
0.0000
0.0000
0.2535
0.1927
0.0000
0.0000
0.0000
0.5915
0.0000
0.0000
0.0000
0.0000
0.0000
0.0000
0.0000
0.9559
0.0000
0.0000
0.0000
0.0000
0.0000
0.0000
0.0000
0.0000
0.3865
0.0000
0.0000
0.0000
0.0000
0.0000
0.0000
0.0000
1.1708
1.5013
0.6774
0.0000
2.7252
0.0000
0.0000
0.0000
0.0000
4.0094
0.0000
0.0000
1.3996
0.0000
1.1858
2.1093
0.0000
0.0000
0.0000
0.0000
0.0000
0.7072
0.0000
2.8403
0.0000
0.0000
0.3613
0.0000
0.0000
0.0000
0.0000
0.0000
0.0000
0.0000
0.0000
0.0000
0.0000
0.0000
1.6079
0.0000
0.0000
0.0000
0.0000
0.6519
0.0000
0.0000
0.0000
2.5552
0.0000
0.6932
0.0000
0.5043
1.1358
0.3889
0.0000
2.0290
0.5979
0.1444
0.0000
0.0000
0.0000
0.0000
0.0000
0.3340
0.0000
0.0000
1.3875
1.7223
0.0000
0.0000
1.9585
0.0000
0.0000
0.0000
0.0000
0.0000
0.0000
0.0000
0.0000
0.0000
0.0000
0.0000
0.8079
1.3156
1.7259
0.0000
0.0000
0.0000
0.0000
0.0000
0.0000
0.0000
0.0000
0.0000
0.4496
0.0000
0.0000
0.0000
0.0000
0.0000
0.0000
0.0000
3.7417
0.0000
0.0000
0.4418
0.0000
0.0000
0.0000
0.0000
0.0000
0.0000
2.1348
0.0000
0.0000
0.0000
0.2872
2.4299
0.0000
0.0000
2.3657
0.0000
0.0000
0.0000
0.0000
0.0000
5.8501
0.0000
3.9047
3.1293
0.0000
0.0000
0.0000
3.2068
0.0000
0.0000
0.0000
0.0000
0.0000
0.0000
0.0000
0.6534
0.0000
0.0000
0.0000
0.0000
0.0000
0.0000
0.0000
0.0000
0.0000
0.0000
2.5347
0.0000
0.0000
0.4988
0.4839
0.0000
0.5305
0.0000
0.0000
0.0000
0.0000
0.0000
0.0000
3.4356
0.3678
0.0000
0.0000
0.0000
0.6810
0.9301
0.0000
0.0000
0.0000
0.0000
0.0000
2.2877
0.0000
0.2206
2.8894
0.0000
0.0000
0.0000
0.0000
0.7427
0.0000
0.3527
2.6927
0.0000
0.8908
0.0000
1.6987
0.0000
0.0000
0.6355
0.0000
0.0000
0.0384
0.0000
0.0000
0.0000
0.0000
0.0585
0.0000
0.0000
0.9031
0.0000
0.0000
1.1509
0.0000
0.0000
0.0000
0.0000
0.0000
1.6676
0.0000
0.0000
0.3161
1.8031
0.0000
2.1540
0.0000
0.0000
0.0000
0.0000
0.1819
0.0000
0.0000
0.0000
0.0000
0.0000
0.3836
0.0000
0.0000
0.0000
0.4804
0.0000
0.0000
0.0000
0.5548
0.0000
0.0000
0.0000
0.0000
0.0358
0.0000
1.5947
1.9565
0.0000
3.9152
0.0000
0.0000
0.0000
0.0000
0.0000
0.0000
0.0000
0.0000
0.0000
1.4117
0.0000
0.0000
1.2300
0.0000
0.0000
0.3323
1.3755
0.0000
0.1936
0.0000
0.0000
0.0000
0.0000
0.0000
0.0000
0.0000
1.1830
0.0000
2.1191
0.0000
0.0000
0.0000
0.8866
0.0000
0.0000
0.0000
0.0000
0.0000
1.1989
0.2601
0.0000
4.3574
0.2102
0.0000
0.0000
0.0000
0.0000
1.6597
0.6891
1.1302
0.0000
0.0000
1.0180
0.2151
0.0170
0.0000
0.0000
0.0000
0.0917
0.0000
0.0000
0.0000
0.0395
0.0000
0.0000
0.5818
0.0000
0.0000
0.0000
0.0000
0.0000
0.6625
0.1626
1.6197
4.3311
1.9806
0.0000
0.0000
0.0000
0.0000
0.0000
1.6451
2.1488
0.0000
0.0000
0.0000
0.0000
0.0000
0.0000
3.1918
0.5882
0.0000
0.0000
0.0000
0.6564
4.2152
0.0000
0.0000
0.0000
0.0000
0.0000
0.0000
0.0000
0.0000
0.0000
0.0000
0.0000
0.0000
0.0000
1.6447
0.0000
0.0000
1.2353
0.7256
0.0000
0.0000
0.0000
0.0000
0.0000
0.0000
5.1181
0.9893
0.0000
0.0000
0.0000
0.0000
0.0000
0.0000
1.3723
0.0000
0.0000
0.0000
4.8029
1.9559
0.0000
0.0000
0.0000
0.0000
0.0000
1.3998
3.1227
0.0000
0.0000
4.9589
0.0000
0.0000
0.0000
0.0000
0.0000
0.0000
0.0000
0.0000
0.0782
0.0000
0.9598
0.0000
0.0000
1.7778
0.0000
1.3200
0.0000
0.0000
0.0000
2.4798
0.0000
0.0000
0.0000
0.0000
3.3832
0.0000
1.1144
0.0000
0.0000
0.0000
0.0000
0.0000
1.5285
0.0000
0.0000
0.0000
0.0000
0.0000
0.0000
0.0000
0.0000
0.0000
0.0000
0.0000
0.0000
0.0000
0.0000
0.0000
0.0000
2.5042
0.0000
1.7586
0.0000
0.0000
1.0751
0.0000
0.0000
0.0000
0.0000
0.5190
0.0000
0.0000
0.0000
0.0000
0.0000
0.0000
1.7810
0.4332
0.0697
0.0000
0.0000
0.0000
0.0000
0.0000
0.0000
0.0000
0.0000
0.0000
0.0000
0.0000
0.0000
0.0000
0.0000
0.0000
0.0000
0.0000
0.0000
0.0000
2.5599
0.0000
0.0000
0.0000
0.0000
0.7730
0.0000
1.2422
0.7884
0.0000
3.4466
0.0000
1.7543
2.2219
2.7562
0.0000
0.4304
0.0000
0.0000
0.0000
0.0000
0.0000
0.0000
0.0000
0.0000
0.0000
0.0000
0.0000
3.4617
0.2342
0.0000
0.0000
0.1388
2.1411
0.0000
0.0000
7.2661
0.3343
0.0000
0.4514
0.0000
0.0000
0.0000
5.6574
0.0000
0.0000
0.0000
0.0000
0.4150
0.0000
0.0000
2.3103
0.0000
0.0000
3.2839
0.0000
0.0000
0.0000
0.0000
0.0000
0.0000
3.0608
0.0000
0.0000
0.0000
0.0000
0.0000
2.9710
0.0000
1.1708
0.1624
0.0000
1.1821
0.0000
0.2870
0.0000
0.0000
0.7421
0.0000
0.0000
0.0000
0.0000
0.0705
3.4236
0.7038
0.0000
0.0000
0.0000
0.0000
1.2495
0.0000
0.0000
0.0000
0.0000
0.0000
0.0000
0.0000
0.0000
0.0000
0.0000
0.0000
0.0000
2.8027
0.0000
0.0000
0.0000
0.0000
0.0000
0.0000
0.0000
5.1819
0.0000
0.0000
1.6743
0.0000
2.0969
0.0000
2.6471
0.0000
0.0000
2.0787
0.0000
0.0000
0.0000
0.0000
0.0000
0.0000
0.0000
0.0000
0.0000
1.6157
0.0000
0.0000
1.3411
2.1968
1.2583
0.0000
0.0000
0.0000
0.0000
1.8590
0.0000
0.0000
0.0000
2.6756
0.0000
0.0000
0.0000
1.3050
0.0000
0.1611
0.5841
0.3453
0.0000
0.0000
0.0000
1.3022
0.0000
0.0000
0.0000
0.0000
2.6380
0.0000
0.0000
0.0000
0.0000
0.0000
1.5479
0.0000
0.0000
0.0000
0.0000
0.0000
0.0000
0.0000
4.7500
0.0000
0.0000
0.0000
6.3557
0.0000
1.2904
0.0000
0.0000
0.0000
0.0000
0.0000
0.0000
0.0000
1.1561
0.0000
0.0000
1.7508
0.0000
0.0000
0.0000
0.0000
0.0000
0.0000
0.0000
0.0000
1.2866
0.0000
0.0000
0.0000
0.0000
0.0000
0.0000
0.0000
0.0000
0.0000
0.0949
0.0000
0.0000
2.6721
0.0000
0.0000
0.0000
0.0000
0.0000
0.0000
0.0000
0.0000
1.6729
0.0000
0.0000
0.0000
0.0000
0.0000
0.0000
0.0074
0.0000
0.0000
0.0000
2.0053
2.0728
0.0000
0.0000
0.3395
0.0000
0.0000
4.0580
0.0000
1.0109
0.0000
0.0000
0.0000
0.0000
0.0000
0.7458
0.2005
0.4535
0.0000
0.0000
0.0000
0.0000
0.0000
0.0000
0.0000
0.0000
0.0000
0.0000
0.0000
1.1621
0.6011
0.2840
0.0000
0.0000
0.0000
0.0000
0.0000
0.0000
0.0000
0.0000
0.0000
0.0000
0.0000
3.0061
0.0000
1.1835
0.0000
2.0214
0.0000
1.5019
0.0000
3.9085
0.7691
0.0000
0.0553
0.0000
0.0000
0.0000
0.0000
0.0000
0.0000
0.0000
0.0000
1.6742
0.0000
0.0000
0.1722
1.9395
0.0000
0.0000
0.0000
0.0000
0.0000
0.4657
0.0000
0.0000
0.0000
0.0000
0.0000
0.0000
0.8648
0.0000
0.0000
0.0000
0.0000
0.0000
0.0000
0.0000
0.0000
0.0000
0.0000
0.0000
3.4032
0.0000
0.0000
0.0000
0.0000
1.7590
0.0000
0.0000
0.0000
0.0000
0.5916
0.0000
0.0000
0.0000
0.7152
0.0000
0.3540
0.0000
0.0000
0.0000
0.3493
0.0000
0.0000
0.0000
0.0000
0.0000
0.3281
0.0000
0.0000
0.0000
0.0000
0.0000
0.0000
0.0000
0.0000
0.0000
0.0000
0.0000
0.5624
0.0000
0.5574
0.0000
0.0000
0.0000
1.5243
0.0000
0.0000
0.0000
0.0000
0.0000
0.0000
0.0000
0.0000
0.0000
0.0000
4.6455
0.0000
0.0000
0.0000
0.0000
0.0000
0.0000
0.0000
0.7134
0.0000
2.2080
0.0000
0.0000
0.0000
1.5934
0.0000
1.5093
0.0000
2.1454
1.7020
0.0000
0.0000
1.9046
0.3528
2.8500
0.0000
1.2149
0.0000
0.0000
0.0000
0.0000
0.0000
0.0000
0.1544
4.7085
0.2795
0.0000
0.4099
0.0000
2.6636
0.2384
0.0000
0.0000
0.0000
0.0000
0.0000
0.0000
2.5200
0.0000
0.0000
0.4514
0.0000
0.0000
0.0000
0.3603
1.9267
1.1877
0.0000
0.0000
0.9711
0.0000
0.0000
6.4285
0.0000
0.0000
0.0000
0.0000
2.0115
0.0000
0.0000
0.0000
0.0000
0.0000
0.0000
0.0000
0.0000
0.0000
1.6349
0.0000
0.0000
0.0000
0.0000
0.0000
0.0000
1.1450
0.0000
0.0000
0.0000
1.2465
0.0000
0.0000
0.0000
0.0000
0.0000
0.0000
0.7544
6.1446
0.0000
0.0000
0.1429
0.0000
0.9916
0.0000
0.0000
0.0000
0.0000
0.3192
0.0000
5.3418
0.0000
0.0000
0.0000
0.0000
0.0000
0.0000
0.8403
0.0000
0.0000
0.0000
0.0000
0.0000
0.0000
0.0000
0.0000
2.8981
5.1781
0.0000
0.0000
0.0000
0.0000
0.0000
0.0000
0.0000
0.0000
0.0000
0.6885
2.1504
0.0000
1.0101
2.0605
1.1032
0.0000
0.0000
0.0000
0.6815
2.2377
0.8102
0.0000
0.0000
0.0000
0.0000
0.0000
0.0000
0.0000
3.4526
0.0000
2.8406
0.0000
0.0000
0.0000
0.0000
1.8499
0.0000
0.0000
1.2449
1.2651
0.0000
0.0000
0.0000
0.4668
5.5031
0.0000
0.0000
0.0000
0.0000
0.0000
0.0000
1.3057
0.0000
0.0000
0.0000
1.4566
0.0000
0.9119
0.0000
0.0000
0.5370
0.0000
0.0000
0.0000
2.7057
0.0000
0.3303
0.0165
0.2706
1.2820
0.0000
0.0000
0.4429
0.0000
0.0000
0.0000
0.0000
0.0000
0.0000
0.0000
0.0000
0.0000
0.0000
2.5021
0.0000
0.0000
0.0000
0.0000
0.0000
0.0000
2.4039
0.5469
0.5315
0.0000
0.0000
3.2074
0.0000
0.0000
0.0000
0.0000
0.0000
0.0000
0.0000
0.0000
0.0000
0.0000
0.2802
0.0000
0.0000
0.1297
0.3477
0.0000
0.8770
0.0000
0.0000
0.0000
0.0000
0.5993
0.0000
0.0000
0.0000
0.3259
0.0000
0.0000
0.0000
0.0000
0.0000
0.0000
0.0000
0.0000
0.0000
0.0000
0.0000
0.0000
0.0000
0.0000
0.8336
2.5675
0.0000
0.7242
1.7858
0.0000
0.0000
0.0000
0.0000
0.0000
0.0000
0.0000
0.0000
0.0000
0.5982
0.0000
0.0000
0.0000
0.0000
0.0000
1.5896
0.0205
0.0000
1.6869
0.0000
0.0000
0.0000
0.0000
2.3566
0.0000
0.2749
0.0000
0.0000
0.0000
0.0000
0.0000
0.0000
0.0000
0.0000
0.0000
0.0000
0.0000
0.0000
0.0000
0.0000
0.0000
0.0000
0.2392
0.0000
0.0000
0.0000
0.0000
0.0000
2.7693
0.2144
0.0000
0.3236
0.0000
0.0000
0.0000
0.0000
0.0000
0.7937
0.1643
0.0000
0.0000
0.0000
5.3029
0.0000
6.3717
0.0000
0.0000
0.0000
0.0000
0.0000
0.0000
0.0000
0.0000
0.0000
0.0000
0.0000
2.9607
0.0000
0.0302
0.0000
0.0000
0.0000
1.5236
0.4826
3.3992
0.0000
0.0000
0.0000
0.0000
0.0000
0.0000
1.5972
0.0000
0.0000
0.0000
0.0000
0.0000
0.0000
0.7015
0.0000
0.0000
0.0000
0.0000
0.0000
0.0000
1.2744
0.0000
0.0000
0.9275
0.0000
1.0068
0.0000
0.0000
0.0000
2.8438
0.0000
0.0000
2.5189
0.0000
0.0000
0.0000
1.4627
0.0000
0.0000
0.0000
0.0000
5.1287
3.6664
0.3343
0.0000
0.0000
0.0000
0.0000
0.0000
0.0000
0.0000
0.0000
0.0000
0.0000
0.0000
0.0000
0.0000
0.0000
0.0000
0.0000
0.0000
0.0000
0.0000
0.0000
5.0030
0.0000
0.0000
4.3769
2.1233
0.0000
0.8286
0.0000
0.0000
0.0000
0.0000
0.0000
0.0000
0.0000
0.0000
0.0000
1.7800
1.3415
1.3575
0.0000
0.9904
0.0000
0.0000
0.0000
0.0000
0.0000
0.0000
0.0000
5.3205
0.0000
0.0000
0.0000
0.3008
0.0000
0.0000
0.0000
0.0000
0.0000
0.0000
0.0000
0.0000
0.0000
0.2464
0.0000
0.0000
0.0000
0.0000
0.0000
0.0000
0.0000
0.0000
0.8571
3.6355
0.0000
0.0000
0.0000
0.0000
0.0000
1.0339
0.0000
0.0000
0.0000
0.0000
0.0000
0.0000
0.0000
0.0000
0.3293
0.0000
0.0000
0.0000
0.0000
0.0000
0.0000
3.1317
1.9434
0.0000
0.0000
0.0000
4.3973
0.6711
1.5969
0.0000
0.0000
0.0000
2.6653
0.0000
0.0000
0.6707
2.4996
0.7335
0.0000
0.0000
0.0000
0.0000
0.0000
0.0000
0.0000
0.0499
0.0000
0.0000
0.0000
4.6457
0.0000
0.0000
0.0000
0.0000
0.0000
0.0000
6.5706
0.0000
0.6171
0.0000
0.0000
1.8320
0.0000
0.0000
0.0000
2.0704
0.0000
0.0000
0.0000
0.0000
0.0000
0.0000
0.0000
0.0000
0.0000
1.6445
0.0000
4.2764
0.0000
0.0000
0.3781
0.0000
4.0763
0.0000
0.3638
0.0000
0.0000
1.4531
0.0000
0.0000
0.0000
0.0000
0.0000
0.0000
0.0667
0.0000
0.0000
0.0000
0.0000
0.0000
0.0000
0.0000
0.0000
0.0000
0.0000
2.6678
0.0000
0.0000
0.0000
1.0778
0.0000
4.6246
0.0000
0.0000
2.3087
2.6218
0.0000
0.0000
1.2717
0.0000
5.5307
0.0000
0.0000
0.0000
1.0843
0.0000
0.0000
0.0000
0.0000
0.0000
0.0000
0.0000
0.1869
2.5915
1.4809
2.1284
0.0000
0.0000
4.2135
0.0000
0.0000
0.0000
0.0000
0.0000
0.0000
0.0000
0.0000
3.8411
0.0000
0.0000
0.0000
4.4954
0.0000
2.2565
0.0000
0.0000
0.0000
0.0000
0.5861
1.1762
1.8157
0.0000
0.0000
0.0000
0.5633
0.0000
0.0000
0.0000
0.0000
0.5398
0.0000
0.0000
0.0000
0.0000
0.0000
0.0000
0.0000
0.0000
0.0000
0.0000
1.1444
0.4623
0.0000
0.0000
1.0794
0.0000
6.1981
0.0000
0.3287
2.7369
0.0000
0.0000
0.0000
0.0000
0.0000
0.0000
2.4035
0.0000
0.0000
0.0000
0.0000
0.3623
2.2315
0.8233
0.0000
0.0000
0.9729
0.0000
0.0000
0.0000
0.0000
0.0000
1.7747
1.8695
0.0121
0.0000
0.0000
1.7518
0.0000
0.0000
0.0000
0.0000
0.0000
0.0000
0.0000
0.0000
1.0082
0.0000
0.0000
2.7315
0.0000
0.0000
0.0000
0.0000
0.0000
0.0000
0.0000
0.0000
0.1396
0.0000
0.1665
2.2442
0.0000
4.3466
0.0000
0.1023
0.0000
1.0338
1.5981
0.0000
0.0000
0.0000
0.0000
0.0000
0.6835
0.0000
0.0000
0.0000
0.0000
0.7135
0.0000
0.0000
0.0000
0.0000
0.4369
0.0000
1.1427
0.0000
0.0000
0.0000
2.1668
0.0000
2.6731
3.8402
3.0083
1.2975
0.0000
0.0000
0.0000
0.0000
0.0000
0.0000
0.0000
3.1851
0.0000
3.4803
0.0000
0.0000
5.2016
0.9018
1.9821
0.0000
0.0000
3.1841
0.0000
0.6763
0.0000
0.0000
2.4590
0.0000
3.1895
0.9916
0.0000
0.0000
0.0000
0.0000
0.0000
0.0000
0.0000
0.1382
0.0000
0.5303
0.0000
0.0000
0.0000
0.0000
