0.0036
0.0000
0.0000
0.0000
2.2539
0.0000
0.0000
0.0786
0.0000
0.7152
0.5867
0.0000
0.0000
0.0000
0.0000
0.0000
0.0000
0.0000
0.0000
0.0000
0.1127
0.0000
2.8469
0.0000
2.4662
0.0000
0.0000
0.7605
0.0000
0.0000
0.0000
0.0000
0.4618
0.0000
1.0528
0.0000
0.0000
0.0000
0.0000
1.0196
0.0000
0.3896
0.0000
0.0000
0.0000
0.1482
0.0000
0.0000
0.0000
1.3783
0.0000
0.0000
0.0000
0.0000
0.0000
0.0000
0.0000
0.0000
0.0000
0.0000
0.0000
2.6969
0.0000
3.8126
0.0000
1.8015
1.2934
0.0000
0.0000
0.0000
0.1842
4.7865
0.1028
0.0000
0.0000
2.2226
0.0000
0.0000
0.0000
0.0000
3.0756
0.0000
0.0000
0.0000
0.0000
0.3562
2.6406
0.5386
0.7002
0.0000
0.0000
0.0000
0.0000
2.6746
0.0000
0.0000
0.0000
0.0000
2.7117
0.0000
1.6626
0.0000
0.0000
0.0000
0.0000
0.0000
0.0000
0.0000
0.7868
2.2200
0.0000
0.0000
0.4649
1.3684
0.0000
0.0000
2.0602
0.0000
0.0000
0.0000
2.3258
0.0000
1.7180
0.0000
1.5435
0.0000
0.4302
0.0000
0.0000
1.3228
0.0000
0.0000
0.0000
0.0000
3.0256
0.0000
1.9297
1.0486
0.0000
3.8844
3.1850
0.0000
0.0000
0.7000
0.3831
0.0000
0.0000
2.5521
2.0322
0.0000
0.0000
0.0014
0.2577
0.0000
0.0000
0.0000
0.0000
0.0000
0.0000
0.0000
2.1143
0.0000
1.6607
0.0000
0.0000
1.1699
0.0000
0.0000
0.0000
2.1606
0.0000
0.0000
0.0000
0.0000
0.0000
0.0000
0.0000
0.0000
0.0000
4.6852
1.7232
2.3019
0.0000
0.0000
0.0000
0.0000
0.0364
0.0000
0.0000
1.4340
0.0000
0.0000
0.0000
0.0000
0.8377
0.0000
0.0000
0.5802
2.6060
0.6782
0.0000
0.3905
0.0000
0.0000
0.0000
0.0000
0.0000
0.0000
0.0000
0.0000
0.0000
0.0000
0.0000
1.0440
0.0000
0.0000
0.0000
0.0000
0.2873
0.0000
0.0000
0.0000
0.0000
0.0000
0.0000
0.0000
0.1099
0.7714
0.0000
0.0000
0.0000
0.0000
0.0000
0.0000
3.4519
0.0000
0.0000
0.0000
4.1828
0.0000
0.0000
0.0000
0.0000
0.0000
0.0000
0.0000
0.0000
0.0000
0.0000
0.0000
0.0000
0.0000
0.0000
0.9632
0.0000
0.0000
0.0000
0.0000
0.7453
0.0000
0.0000
1.3720
0.0000
0.0000
0.0000
0.0000
4.6469
0.0000
0.0000
1.0523
3.0760
0.0000
0.0000
0.7152
0.8663
0.0000
0.0000
0.0000
2.9619
0.0000
0.0000
0.0000
1.3089
0.0000
0.0000
1.4327
0.0000
0.2042
0.0000
0.0000
0.0000
0.0000
0.0000
0.0000
3.1026
0.0000
1.1017
0.0000
0.0000
1.8183
0.0000
0.0000
0.0000
0.0000
0.0000
0.0000
0.0000
0.0000
0.0000
0.0000
0.0000
0.0000
0.0000
0.0000
0.0807
0.0000
0.0000
0.0000
0.0109
0.8616
0.0000
0.0000
0.0000
0.1789
0.0000
1.5414
0.0000
0.0000
0.0000
0.5017
0.0000
0.0000
0.0000
0.0000
0.0000
0.5761
2.0042
0.0000
0.0000
3.3070
0.0000
0.0000
0.0000
0.1164
0.0000
3.0289
0.0000
0.0000
0.0000
0.0000
0.0000
0.9359
1.5829
0.0000
3.2661
1.9204
0.0000
0.0000
0.0000
0.0000
0.0000
0.0000
0.0000
0.0000
0.0000
0.0000
0.0000
0.0000
0.0000
0.0000
0.0000
0.0000
0.0000
0.0000
0.0000
0.5163
0.0000
3.8877
0.0000
0.0000
3.5279
0.0000
0.0000
0.0000
0.0000
0.0000
0.2783
0.0000
0.0000
0.0000
0.0000
0.0000
0.0000
0.0000
0.0000
0.0000
0.0000
1.3385
0.0000
0.0000
0.0000
0.9955
0.0000
0.0000
0.0000
0.0000
0.0000
0.0000
2.6513
0.0000
0.0000
0.0000
0.0000
3.7790
0.8680
0.0000
0.0000
0.0000
0.0000
0.0000
0.9722
0.0000
1.7671
0.0000
0.0000
0.0000
0.7920
0.0000
0.0000
0.0000
0.0000
0.0000
0.0000
0.0000
0.0000
0.0000
0.0000
0.0000
0.0000
0.0000
3.3754
0.0000
0.0000
0.0000
4.1289
2.1103
0.0000
0.0000
0.7795
0.0000
0.6478
0.0000
0.0000
0.0000
0.0000
0.0000
0.0000
0.0000
0.0000
0.0000
0.7298
0.0000
1.4905
0.0000
1.2135
0.0000
0.2934
2.8810
0.0000
0.0000
0.8758
1.4163
0.0000
0.0000
0.0000
0.0000
0.1611
0.0000
0.2963
0.0000
0.0000
0.0000
0.0000
0.0641
0.1131
0.0000
0.0000
1.2171
0.0000
3.5074
0.0000
0.0000
0.0000
0.0000
0.0000
0.2350
0.0000
0.0000
0.0000
0.0000
0.0000
0.0000
0.0000
0.0000
0.5041
0.0000
0.1948
0.0000
0.0000
2.3417
0.0000
0.0000
0.0000
0.4287
0.0000
1.5409
0.0000
0.0000
5.7584
0.0000
0.5527
1.2715
0.0000
0.0000
0.0000
0.0000
0.0000
0.4518
0.0000
0.0000
1.3886
1.5746
0.9399
0.0000
1.7005
0.0000
0.0000
0.0000
0.0000
0.0000
0.0000
0.0000
0.0000
0.0539
0.0000
0.0000
0.0000
0.0000
0.0000
0.0000
0.0000
0.0000
0.0000
0.0000
0.0000
0.0000
0.0000
0.0000
1.1862
0.1112
0.7055
2.9086
0.0000
0.0000
0.0000
0.4682
0.0000
0.0000
0.0000
0.0000
0.0000
0.0000
0.0000
0.0000
0.0000
0.0000
0.0000
0.0000
0.0000
0.0000
0.0000
0.0000
0.0000
0.0000
0.0000
0.0000
0.0000
1.6857
0.0000
0.0000
0.0000
0.0000
0.0000
0.0000
0.0000
0.0000
0.0000
0.0000
1.7520
0.0000
0.0000
0.0000
0.0000
0.0000
0.0000
0.0000
0.0000
0.0000
0.0000
0.4792
0.0000
0.0000
0.0000
3.3680
0.0000
0.0000
2.4658
0.0000
0.0000
0.0000
2.3608
0.0000
0.0000
0.0000
0.0000
1.3994
0.0000
0.0000
0.0000
0.0000
0.0000
0.0000
0.0000
0.0000
1.5757
4.1474
0.0000
0.0000
0.0000
0.0000
0.0000
0.0000
0.0000
0.0000
0.0000
0.0000
0.0000
2.0496
0.0000
0.0000
0.0000
2.6221
3.2601
0.0000
0.0000
0.0000
0.5056
0.0000
0.0000
0.0000
0.0000
1.7217
0.4167
0.0000
0.0000
0.0000
1.2733
0.0000
0.0000
0.0000
0.0000
0.0000
0.0000
0.0000
0.0000
0.6606
0.0000
0.0000
0.0000
0.0000
0.0000
2.6258
0.0000
0.0000
0.0000
2.9179
0.0000
0.0000
0.0000
1.0219
0.0000
0.0000
2.6540
0.0000
0.1951
0.0000
0.0000
0.0000
0.1151
0.0000
0.0000
0.2153
0.9564
3.4583
0.0000
0.0000
0.0000
0.0000
0.0000
0.0000
0.0000
3.6871
0.0000
0.0000
0.0000
0.0000
0.0000
0.0000
0.0000
0.0000
0.0000
0.0000
2.5189
0.0000
0.0000
0.0000
0.0000
0.0000
0.0000
0.3684
0.0000
0.0000
0.0000
0.8277
0.0000
0.0000
0.0000
0.7336
0.0000
0.6535
1.4221
0.0000
0.0000
0.0000
0.0000
0.0000
0.0000
0.0000
2.2490
0.0000
0.0000
0.0000
0.0000
0.0000
0.0000
0.0000
0.0000
0.0000
0.0000
0.0000
0.8881
0.0067
1.6042
0.7853
0.0000
0.0000
0.0000
0.0000
0.0000
0.0000
0.0000
0.0000
0.0000
0.0000
0.0000
0.0000
0.0000
0.0000
1.1261
2.7169
0.0000
0.0000
0.0000
0.0000
0.0000
0.0000
0.0000
2.3275
0.0000
0.1291
0.0000
0.2241
0.0343
0.0000
0.0000
0.0000
0.0000
0.0000
0.0000
0.0000
0.0000
0.0000
4.1376
0.0000
0.0000
0.0000
0.0000
0.0000
0.0000
0.0000
1.4153
0.0000
0.0000
0.0000
0.0000
0.0000
1.5597
0.0000
0.0000
1.3833
0.0000
0.0000
0.3387
0.0000
0.2857
0.0000
0.0000
0.0000
0.0000
0.0000
0.5828
0.0000
0.0000
0.0000
0.0000
0.0705
0.0000
1.4741
0.0000
0.0000
0.0000
0.0000
0.0000
0.0000
0.0000
1.2134
0.7182
0.0000
0.0000
0.0000
0.0000
0.3683
0.0000
0.0000
0.0000
0.0000
0.0000
0.0000
0.0000
0.0000
0.0000
2.0928
0.0000
0.0000
0.1212
0.0000
0.0000
0.0000
0.0000
0.0000
0.4936
0.0000
0.0000
0.0000
0.0000
0.0000
1.5551
0.4527
0.3100
0.0000
0.0000
0.0000
0.0000
0.0000
0.0000
0.0000
0.0000
0.0000
0.0000
0.0000
2.5741
0.0000
1.2410
0.0000
0.0000
0.0000
0.0000
1.6953
0.0000
0.0000
0.0000
0.0000
0.0000
0.0000
0.0000
0.0000
0.0000
0.0000
0.0000
1.7980
0.0000
0.0000
3.1877
0.0000
0.0000
0.0000
0.0000
0.0877
0.0000
0.0000
0.0000
0.0000
0.4259
0.0000
0.0000
4.1454
1.9654
0.0000
0.0000
0.0000
0.0000
0.0000
0.0000
0.0000
0.0000
0.0000
0.0000
0.0000
0.2772
0.0000
0.0000
0.0000
0.0000
0.0000
1.9006
1.1424
0.0000
1.7481
0.8893
5.2768
0.6898
1.3718
0.0000
0.0000
0.0000
0.0000
0.2262
0.0000
0.0000
0.0000
0.0000
1.9884
0.0000
0.5790
0.0000
0.0000
0.0000
1.4760
3.5947
0.0000
2.2092
0.0000
2.3940
0.0000
0.0000
0.0000
0.0000
0.0000
0.5010
0.0000
0.0000
1.4894
0.0000
2.0162
2.5478
0.9932
5.2015
0.0000
0.0000
0.0457
0.7329
0.0000
0.0000
0.0000
0.0000
0.0000
0.0000
0.0000
0.0000
3.5891
0.1295
0.0000
0.0000
0.0000
0.0000
0.9149
0.0000
0.0000
0.0000
2.2594
0.0000
1.1130
0.0000
0.6290
0.7958
0.0000
0.0000
2.4077
0.3681
1.1455
0.0000
0.0000
0.0000
0.0000
0.0000
0.0000
1.2347
0.0000
0.0000
0.0000
0.0000
0.0000
2.0318
0.0000
1.0181
0.0000
0.0000
0.0000
2.6896
0.0000
0.0000
0.7915
0.0000
0.0000
0.0000
0.0000
4.3329
0.0000
0.0000
0.0000
0.0000
0.0000
0.0000
0.0000
0.0000
0.0000
0.0000
0.0000
0.0000
0.0000
4.4718
0.0000
0.0000
0.0000
0.1873
0.0000
0.0000
0.8436
0.0000
0.0000
2.3058
0.0000
0.0000
0.0000
0.0000
0.0000
1.1733
0.0000
0.0000
0.0000
0.0000
0.0000
0.0000
0.0000
0.0000
0.0000
0.0000
0.0000
0.0000
0.0000
0.5053
0.0000
0.0000
0.0000
0.0000
0.0000
0.0000
0.3156
0.0000
0.6800
0.0000
0.0000
0.0000
0.0000
0.3542
0.0000
0.0000
0.0000
0.0000
0.0682
0.6020
1.9933
0.0000
0.0000
0.0000
0.0000
0.0000
0.0000
0.0000
0.0000
0.0000
0.0000
0.0000
0.0000
1.7055
0.0000
0.0000
0.0000
0.0000
0.0000
0.0000
0.0000
0.0000
1.0481
0.0000
0.0000
0.0000
0.0000
0.0000
0.0000
0.0000
0.0000
0.0000
0.0000
1.5512
1.2398
2.6073
0.0000
0.0000
0.0000
0.0000
0.0000
0.0000
0.0000
0.0000
0.9479
0.0000
0.0000
1.0097
0.0000
0.0000
0.0000
0.0000
0.0000
0.0000
0.0000
1.4716
0.0000
0.0000
0.0000
4.8019
0.0000
0.0000
0.0000
1.9863
2.3109
0.0000
0.0000
0.0000
0.0000
0.0000
1.8562
0.0000
0.0000
0.0000
0.0000
0.0000
0.1531
1.3921
0.0000
1.6850
0.0000
0.0000
0.0000
0.0000
0.0000
0.0000
0.0000
0.0000
0.0000
1.6634
0.4574
0.0000
0.0000
1.3397
0.0000
0.0000
0.0000
0.0000
0.0000
2.1402
0.0000
1.7410
0.4980
0.0000
0.0000
0.0000
0.4236
0.0000
0.0000
0.0000
0.0000
0.0000
2.0982
0.0000
0.0000
0.0000
0.0000
0.0000
0.1120
0.0000
0.0000
1.7025
0.0000
0.0000
0.0000
0.0000
0.0000
0.0000
0.0000
0.0000
0.0000
0.0000
0.0000
0.8473
0.5011
0.0000
0.0000
0.6586
0.0000
0.0000
0.0000
4.3705
0.0000
2.1095
0.0000
0.0000
1.5254
0.0000
0.0000
0.0000
0.0000
0.0000
2.2565
0.0000
0.3417
0.0000
0.0000
0.0000
0.0000
0.0000
0.0000
1.1303
0.0000
0.1109
0.0000
0.4264
0.0000
0.0000
0.0000
0.0000
0.0000
1.3162
0.0000
0.0000
0.0000
1.0039
0.0000
0.0000
0.0000
0.0000
0.0000
2.5033
0.0000
0.0000
0.0000
0.0000
0.0000
0.0000
0.0000
0.0000
0.7259
1.1872
0.0000
0.0000
1.6637
0.0000
0.0000
0.0000
0.0000
1.2741
0.0000
0.0000
0.0000
0.0000
0.0000
0.0000
0.0000
0.0000
0.1631
0.0000
0.8029
0.0000
0.3670
0.0000
1.1739
0.0000
0.0000
0.0000
0.0000
0.0000
0.0000
0.0000
2.2005
0.9336
0.0000
0.0000
1.5417
0.0000
0.3858
0.0000
0.0000
0.0000
0.0000
0.0000
0.0000
0.0000
0.0000
0.0000
0.0000
0.0000
0.2495
0.0000
0.8773
0.0000
0.0000
0.0000
0.0000
0.0000
1.7206
0.0000
0.0000
0.0000
0.0000
0.0000
0.0000
0.0000
0.0000
4.4810
3.5699
0.0000
1.0541
0.0000
0.0000
0.0000
0.0000
0.1646
0.0000
0.0000
0.0000
0.0000
0.0000
0.0000
3.0271
0.9889
0.0000
0.0000
0.0000
0.0000
0.0000
1.0901
0.0000
2.2535
0.0000
0.0000
0.0000
0.0000
0.6714
0.9759
4.3671
0.0000
0.0000
0.0000
0.0000
0.0000
0.0000
0.3417
0.6543
0.0000
0.0000
0.0000
0.0000
0.0000
0.0000
0.0000
0.0000
0.0000
0.7304
0.0000
0.0000
0.0000
0.4465
0.0000
0.0000
0.0000
0.0000
0.0000
2.5297
0.0000
0.0000
2.2718
1.2782
0.0000
0.0000
0.0000
0.2696
0.0000
0.0000
0.0000
0.0000
0.0000
0.0000
0.0000
0.0000
0.0000
1.1026
0.0000
0.6425
0.0000
3.4687
0.0000
0.4836
0.0000
0.0000
0.0000
0.0000
0.0000
0.0000
0.0000
0.0000
3.1030
0.0000
3.1044
1.5327
0.0000
0.0000
0.0000
0.0000
0.0000
0.0000
0.0000
0.0000
0.0000
0.0000
1.9318
0.0000
1.8372
0.0000
0.9089
0.0000
0.0000
0.0000
0.0000
0.0000
0.0000
0.0000
5.9305
0.0000
0.0000
0.0000
0.0000
1.5572
0.0000
0.0000
0.8291
0.0000
0.0000
0.0000
0.0000
0.0000
0.0000
0.0000
0.0000
1.0473
0.0000
0.7889
0.0000
0.0000
0.0000
1.0750
0.0000
0.0000
3.3132
0.0000
0.4364
0.0000
0.2216
0.0000
0.0000
1.0304
4.2141
0.0000
0.0000
0.0000
0.0000
0.4881
0.0000
0.0000
0.0000
0.0000
0.0000
0.0000
0.0000
0.0000
0.0000
0.0000
0.0000
1.6099
0.0000
0.0000
0.0000
0.0000
0.0000
0.7836
0.0000
0.0000
0.0000
0.0000
0.0000
0.0000
0.0170
3.4025
0.0000
0.0000
0.0000
0.0000
0.8873
0.0000
0.0000
0.0000
0.0000
1.7394
0.0000
0.0000
0.0000
0.0000
1.9481
0.6127
0.9628
0.0000
0.0000
0.0000
0.0000
0.0000
0.0000
6.0326
0.0000
0.0000
0.0000
0.0000
0.0000
0.0000
0.0000
0.0000
0.0000
0.0000
0.5694
0.0000
0.0000
0.0000
0.7564
0.0000
0.1871
0.0000
1.2233
0.0000
0.0000
0.0000
0.0000
2.8276
0.0000
0.0000
0.0000
0.0000
0.0000
3.0661
0.0000
0.0000
0.6161
0.0000
0.0000
0.0000
0.0000
0.0000
0.0000
1.0366
0.0000
0.0000
0.0000
0.0000
1.0905
0.0000
1.7291
0.1226
0.0000
0.0000
0.0000
0.0000
0.0000
0.0000
0.0000
3.0409
1.1247
0.0000
0.0000
0.0000
0.0000
0.0000
0.0000
0.0000
0.0000
0.0000
0.0000
0.0000
0.0000
0.0000
1.1268
0.0000
1.8308
0.0000
0.0000
0.7364
0.0000
0.4632
0.0000
1.3225
0.0000
0.0000
2.4900
0.6067
1.7987
0.0000
0.0000
0.0000
0.0000
0.0000
0.0000
0.0000
0.0000
0.0000
0.0000
0.0000
0.5754
0.0000
1.1705
0.0000
0.4192
0.0000
0.0000
0.0000
0.0000
0.0000
0.0000
0.0000
0.0000
0.0000
0.0000
0.0000
0.0000
0.0000
0.0000
0.0000
0.0000
0.0000
0.0000
0.0000
0.0000
0.0000
0.0000
0.0000
0.0000
0.1366
0.0000
0.9865
0.0000
1.3396
0.0000
0.5484
0.0000
4.6344
0.0000
0.0000
0.0000
0.3093
0.0000
0.0000
2.6685
3.0543
0.6184
0.9177
0.0000
3.8928
0.0000
0.6834
0.0000
0.0000
2.3821
0.0000
0.0000
0.0000
0.0000
0.0000
0.0000
0.0000
0.7727
1.5669
0.0000
0.0000
0.0000
0.0000
0.0000
0.0000
0.0000
0.0000
0.0000
4.4485
0.0000
0.0000
2.5054
0.0000
0.0000
3.5440
0.0000
0.0000
0.0000
2.0229
0.3248
0.0000
0.0000
0.0000
1.2038
0.0000
0.0000
2.2742
0.0000
0.0000
0.0000
0.0000
0.0000
0.0000
0.0000
0.0000
1.8991
0.7754
2.6254
0.0000
0.0000
0.9800
0.1003
3.4831
0.0000
0.0000
0.0000
0.0000
0.0000
0.0000
0.0000
0.6061
0.0000
0.0000
0.6237
0.0000
0.1866
0.0000
0.0000
0.0000
0.0000
0.0000
0.0000
0.0000
0.0000
1.9319
0.0000
0.0000
0.5535
0.0000
0.0000
2.1290
0.0000
0.0000
0.0000
0.0000
0.0000
0.0000
0.0000
0.0000
0.0000
0.0000
0.0000
0.0000
0.1846
1.0607
0.0000
0.0000
0.0000
0.0000
1.1994
0.0000
3.3004
1.6779
0.0000
0.0000
0.0000
0.0000
0.0000
0.0000
0.0000
0.9838
0.0000
2.3260
0.0000
0.0000
0.0000
0.0000
0.8459
0.0000
0.0000
0.0000
0.0000
0.0000
0.0000
0.0000
1.5084
1.5447
0.0000
0.0000
0.0000
0.0000
0.0000
0.0000
0.0386
0.0000
0.0000
0.0000
0.0000
0.0000
1.3755
0.2537
0.0000
0.0000
0.0000
0.0000
0.0000
0.0000
0.0000
0.0000
0.0975
0.0000
1.2002
0.0000
0.0000
0.0000
0.5424
0.0000
0.0000
0.0000
0.3526
0.0000
0.0000
0.0000
0.0000
0.5276
0.0000
0.0000
0.0000
0.0000
0.0000
2.1675
0.0000
0.0000
0.0000
0.0000
0.0220
0.0000
1.5718
0.3833
0.0000
0.0000
0.0000
0.0000
0.0000
0.0000
0.0000
0.0000
0.0000
0.0000
0.0000
0.0000
0.0000
0.9128
1.0950
3.1009
0.0000
0.6527
0.3419
0.0000
0.6546
0.0000
2.3049
1.0517
0.0000
0.0000
0.0000
0.0000
0.0000
0.0000
1.6512
0.0000
0.0000
0.0000
0.0000
0.0000
0.0000
0.0000
0.0000
0.4919
0.0000
0.0000
0.0000
1.8212
0.0000
0.0000
2.8032
4.1776
0.0820
0.0000
0.0000
0.0000
0.0000
0.6415
0.0000
0.0000
1.5389
0.2581
0.0000
0.0000
2.6305
0.0000
0.0000
2.1345
0.0000
0.0382
0.0000
0.0000
3.3242
0.0000
0.0000
0.0000
0.0000
0.0000
1.9781
0.7917
0.0000
0.0000
0.0000
3.6047
0.0000
2.3112
1.0827
0.0000
0.0000
0.0000
2.6542
0.0000
0.0000
0.0000
1.1408
1.2954
0.0000
0.0000
0.0000
0.0000
0.0000
0.0000
0.3816
0.0000
0.0000
2.1088
0.0000
0.5170
2.4098
0.0000
0.0000
0.0000
0.0000
1.6120
0.0000
0.0000
0.0000
0.0000
0.0000
0.0000
0.0000
0.0000
0.0000
0.0000
0.8553
0.0000
0.0000
0.2278
0.0000
0.0000
0.0000
1.1480
0.0000
2.0987
0.2564
0.0000
0.0000
1.6444
0.0000
1.2564
0.0000
0.0000
0.0000
1.9072
0.0000
0.0000
0.8993
0.0000
0.0000
0.0000
0.0000
0.0000
0.0000
0.0000
0.0000
0.0000
0.0000
0.0000
1.9219
0.0000
0.4194
0.0000
0.0000
0.0000
0.0000
0.0000
2.3209
0.0000
0.0000
0.0000
0.0000
0.0000
0.0000
0.0000
0.0000
0.0000
0.0000
0.0000
0.0000
1.1514
0.0000
0.1872
1.7100
0.0000
2.4563
0.0000
0.0000
0.0000
0.0000
0.2786
0.0000
0.0000
0.0000
0.0000
0.9327
5.1612
0.0000
4.1159
0.0000
2.6475
0.0000
0.0000
0.0000
0.7234
0.0000
0.0000
0.0000
0.0000
0.0000
2.8588
0.0000
3.4376
0.0000
0.0000
0.0000
0.0000
0.0000
1.3964
0.0000
0.0000
0.5866
0.0000
1.0475
0.0000
0.0000
0.0000
0.0000
0.7746
0.0000
0.0000
0.0000
0.7038
1.1755
0.0000
0.0000
0.0000
1.5121
0.0000
0.0000
0.0000
0.0000
0.0000
0.0000
0.8609
2.5873
1.4423
0.0000
0.5867
0.1701
0.0000
0.0000
0.0000
0.0000
0.0000
0.0000
1.7874
0.0000
0.0000
0.0000
0.0000
0.0000
0.0000
0.0000
0.0000
0.0000
0.0000
0.0000
0.0000
0.0000
0.0000
0.0000
0.0000
4.1588
0.0000
0.0000
0.0000
0.0000
0.0000
0.0000
0.0000
0.0000
0.0000
1.7214
0.0000
0.0000
0.0000
0.0165
0.4073
0.0000
0.0000
0.0000
0.0000
0.0000
0.0000
0.0000
0.0000
0.0000
0.0000
0.0000
0.0000
0.0000
0.0000
0.0000
0.0000
0.0000
0.0000
1.3850
0.0000
0.0000
0.0000
1.8074
0.0000
0.0000
0.0000
1.7183
0.0000
0.0000
0.0000
0.0000
0.0000
0.0000
1.2766
0.2783
0.0000
0.0000
0.0000
0.0000
4.4891
0.0000
0.0000
0.0000
1.0355
0.0000
0.3905
3.5385
0.0000
2.8669
0.0000
0.0000
0.0000
0.0599
0.0000
0.0000
0.0000
1.7376
0.0000
0.0000
0.0000
0.0000
0.0000
0.0000
0.0000
1.3602
0.0000
0.0000
0.0000
0.0000
0.4100
0.0000
0.0000
0.0000
0.0000
0.0000
0.0000
0.0000
0.6386
0.0000
0.0000
0.0000
0.3188
2.3768
0.7097
0.0000
1.8850
0.0000
0.0000
0.0000
0.0000
0.0000
0.0000
0.8780
0.1003
0.0000
1.2895
0.0000
0.0000
0.0000
0.0000
0.0000
0.0000
0.0000
0.0000
0.0000
1.7392
0.0000
0.0000
0.0000
0.0000
0.0000
1.8972
0.0715
0.0000
0.0000
0.0000
0.0000
0.0000
0.0000
0.0000
0.0000
0.0000
0.0000
0.0000
0.0000
0.6521
0.0000
0.0000
0.0000
0.0000
0.7423
6.8445
0.0000
0.0000
0.0000
0.0000
0.0000
0.0000
0.9299
0.0000
0.0000
0.0000
0.0000
0.0000
0.0000
0.0000
0.0000
0.0000
0.0000
0.0000
0.0000
0.0000
0.0000
1.1459
0.0000
0.0000
0.4293
0.0000
0.0000
0.3197
0.0000
0.5851
0.0000
0.0000
1.3850
0.0000
1.2931
0.0000
1.4950
0.0000
2.8029
0.0000
0.8333
0.0000
0.0000
1.0262
0.0000
0.0000
0.0000
0.5786
0.0000
0.0000
0.0000
0.0000
4.0389
0.0000
0.0000
0.0000
0.0000
0.0000
0.0000
0.0000
1.0949
0.0000
0.0000
0.0000
0.0000
2.3339
0.0000
0.0000
0.0000
0.0000
1.9292
0.0000
0.0000
0.0000
0.0000
0.2017
0.0000
0.0000
0.0000
0.0000
0.0000
0.0000
0.0000
2.7922
0.3844
0.0000
3.2432
0.0000
0.0000
0.0000
0.0000
1.0763
0.0000
0.0000
0.0000
0.0000
1.6094
0.0000
0.0000
0.5575
0.0000
0.0000
0.0000
0.0000
0.0000
0.0000
0.0000
0.0000
0.4147
0.0000
0.0000
0.0000
0.0000
0.0000
0.0037
1.2525
0.0000
0.0248
0.0000
0.0000
0.0000
0.0000
0.0000
0.0000
0.0000
2.6886
0.0000
0.3634
0.0000
0.2668
0.0000
0.0000
0.0000
0.0000
4.0827
0.5697
0.0000
0.5791
0.0000
0.0000
1.7476
0.0000
0.0000
0.0000
0.0000
0.0000
0.0000
0.0000
0.9037
0.0000
0.0000
0.0330
0.0000
0.0000
0.0000
0.0000
0.0000
0.0000
0.3615
0.0000
0.0000
0.0000
0.0000
2.6094
0.0000
0.0000
0.0000
0.0000
2.5672
0.0000
0.0000
0.0000
3.7987
0.0000
0.0000
0.2084
0.0000
1.8389
0.4421
0.4518
2.4412
0.0000
0.1779
0.0000
0.0000
0.0000
0.0000
0.9640
0.0000
0.0000
0.0000
0.0000
0.0000
0.0000
0.0000
0.9604
0.0000
0.0000
0.0000
0.0000
0.0000
0.0000
0.0000
0.0000
0.0000
0.0000
0.0000
1.2093
0.2963
1.3597
0.8466
0.0000
0.0000
0.0000
0.0000
0.0000
0.0000
0.0000
0.0000
2.7587
0.0000
0.0000
0.0000
0.0000
0.0000
0.0000
0.0000
4.8222
0.0000
0.0000
0.0000
0.0000
0.0000
0.0000
0.0000
0.0000
0.0000
2.1517
0.0000
0.0000
2.0776
0.0000
3.0637
0.0000
0.0000
3.4702
0.0000
0.0000
0.7184
0.0000
0.0000
4.2993
0.0000
6.2321
2.2917
0.0000
0.0000
0.0000
0.6419
0.0000
1.4363
0.0000
0.0000
0.0000
0.0000
0.0000
3.8035
0.0000
0.0000
0.4546
0.0000
0.0000
0.0000
1.5715
0.0000
0.0000
0.0000
2.7505
0.0000
0.0000
1.4657
0.6626
1.1066
1.7527
0.0000
0.0000
0.0000
0.0000
0.0000
0.0000
3.6954
0.0000
2.5634
0.0000
1.2683
2.7084
2.0359
0.0000
0.0000
0.0000
0.0000
0.0000
1.8389
0.0000
1.6628
3.4753
0.0000
0.0000
0.0000
0.0000
3.1141
0.0000
0.0000
3.7782
0.0000
2.2413
0.0000
0.4681
0.1072
0.0000
0.4864
0.0000
0.0000
0.0000
0.0000
0.0000
0.0000
0.0000
0.3473
0.0000
1.9829
0.2973
0.0000
0.0000
2.1326
0.0000
0.0000
0.2349
0.0000
0.0000
0.5686
0.0000
0.0000
0.1336
1.0720
0.0000
0.9303
0.0000
0.8754
0.0000
0.0000
2.0030
0.0000
0.0000
0.0000
0.0000
0.0000
0.0000
0.0000
0.0000
0.0000
0.0000
0.0000
0.0000
0.0000
0.8329
0.0000
0.0000
0.0000
0.0000
1.3740
0.4937
0.0000
0.1437
0.0000
0.0000
0.0000
0.0000
0.0000
0.0000
0.0000
0.0000
0.0000
0.0000
0.0000
4.2635
0.0000
0.0000
0.2515
0.0000
0.0000
0.0000
1.2256
0.0000
0.0000
0.0000
0.0000
0.0000
0.0000
0.0000
0.0000
0.0000
1.6261
0.0000
1.5984
0.0000
0.0000
0.0000
0.0000
0.0000
2.0732
0.0000
0.0000
0.0000
2.4653
0.0000
0.0000
2.3400
0.0000
0.0000
0.0000
0.0000
0.9147
2.2053
0.8934
1.2610
0.0000
0.0000
2.8677
0.0000
0.0000
0.0000
0.0000
0.0000
0.1239
0.0000
0.0000
0.0000
0.0000
0.0000
0.0000
1.8345
0.0000
0.0000
0.0000
0.0000
0.2410
0.0000
0.7644
0.0348
2.5636
0.0000
0.2236
0.0000
0.0000
0.0000
0.0000
1.6361
3.9186
0.0000
0.0000
0.0000
0.0000
0.0000
0.0000
1.5761
0.2124
0.0000
0.0000
0.0000
0.0000
2.6274
0.0000
0.0000
0.0000
0.0000
0.0000
0.4639
0.0000
0.0000
0.0286
0.0000
0.0000
0.0000
0.0000
0.9159
0.0000
0.0000
1.6320
0.0000
0.0000
0.0000
0.0000
0.0000
0.0000
0.0000
2.7669
0.5970
0.0000
0.0000
0.6971
0.0000
0.0000
0.2828
1.5076
0.0000
0.0000
2.0886
5.4321
0.0000
0.0000
0.0000
0.0000
0.0000
0.0000
0.0326
0.8361
0.0000
0.0000
6.8713
0.3421
0.0577
0.0000
0.0000
0.0000
0.0000
0.0000
0.0000
0.0000
0.0000
1.0576
0.0000
0.0000
0.0000
1.7383
0.7310
0.0000
0.0000
0.0000
1.5749
0.0000
0.5739
0.0000
0.4263
0.3134
0.0000
1.0222
0.0000
0.0000
1.1091
0.0000
0.0000
2.6860
0.0000
1.0095
0.0000
0.0000
0.0000
0.0000
0.0000
0.0000
0.0000
0.0000
0.0000
0.0000
0.0000
0.0000
0.0000
0.0000
1.7269
0.0000
0.4059
0.0000
0.0000
2.0440
0.0000
0.0000
0.0000
0.0000
0.0000
0.0000
0.3167
0.0000
0.5889
0.0000
0.0000
2.1948
0.0000
0.6366
1.4417
0.0000
0.0000
0.8764
0.0000
0.0000
0.0000
0.0000
0.0000
0.0000
0.0000
0.0000
0.0000
0.0000
0.0000
0.0000
0.0000
0.0000
0.0000
0.0232
0.0000
0.0000
0.4975
0.0000
1.0482
0.0000
0.6446
0.4812
0.0000
1.7185
0.0000
1.0087
0.0000
1.2999
0.0000
0.0000
0.0000
0.0000
0.0000
0.0000
0.0000
0.0000
0.0000
0.0000
0.0000
0.0000
0.0000
2.5370
0.0000
1.3841
0.0000
2.0217
1.3173
0.0000
0.0000
2.9866
0.0000
0.0000
0.0000
0.0000
0.0000
0.0000
3.6336
0.0000
0.0000
0.0000
0.0000
1.2146
0.0000
0.0000
0.6788
0.0000
0.0000
1.7775
0.0000
0.0000
0.0000
0.6079
0.0000
0.0000
1.8757
0.0000
0.0000
0.0000
0.0000
0.0000
2.3035
0.0000
0.1884
0.0000
0.0000
0.7266
0.0000
0.0000
0.0000
0.0000
2.1709
0.0000
0.0000
0.0000
0.0000
0.0000
0.0000
0.0663
0.0000
0.0000
0.7724
0.0000
1.3860
0.0000
0.0000
0.0000
0.0000
0.0000
0.8064
0.0000
0.0000
0.0000
0.8393
0.0000
0.0000
2.0324
0.0000
0.0000
0.6517
0.5151
0.0000
0.0000
0.0000
2.2783
0.0000
0.0000
0.7206
0.0000
0.0000
0.0000
0.0000
0.0000
0.0000
0.0000
0.0000
0.0000
0.0000
0.0000
0.0000
0.0000
0.0000
0.0000
0.0000
2.1649
0.0000
0.0000
1.3272
0.9617
0.1803
0.0000
0.0000
0.0000
0.0000
3.7370
0.8156
0.0000
0.0000
1.8766
0.1833
0.0000
0.0000
4.1332
0.0000
0.0000
0.9885
1.5572
0.0000
0.0000
0.0000
0.0000
0.0000
0.0000
0.0000
0.0000
1.6137
0.0000
0.0000
0.0000
0.0000
0.0000
0.4109
0.0000
0.0000
0.0000
0.0000
0.0000
0.0000
0.0000
4.2398
0.0000
0.0000
0.0000
4.2454
0.0000
0.5929
0.0000
0.0000
0.0000
0.0000
0.0000
0.0000
0.0000
0.8544
0.0000
0.0000
0.5113
0.0000
0.0000
0.0000
0.0000
0.0000
0.0000
0.0000
0.0000
0.6318
0.0000
0.7587
0.0000
0.0000
0.0000
0.0000
0.0000
0.0000
0.0000
0.0000
0.0000
0.0000
2.1096
0.0000
1.1020
0.0000
0.0000
1.9982
0.0000
0.0000
2.1768
2.0214
0.0000
0.0000
0.0000
0.0000
0.0000
0.0000
0.0000
0.0000
0.0000
0.0000
2.4220
1.4352
0.0000
0.0000
0.0000
0.0000
0.0000
3.3026
0.0000
0.0620
0.0000
0.0000
0.0000
0.1733
0.0000
0.0000
1.6365
0.0000
0.0000
0.0000
0.0000
0.0000
0.0000
0.0000
0.0000
0.0000
0.0000
0.0000
0.0000
0.0000
0.0000
0.0000
0.0000
1.1115
0.0000
0.0000
1.0171
0.2323
0.0000
0.0000
0.0000
0.0000
0.0000
1.5115
0.0000
1.1326
0.0000
1.3612
0.0000
0.1033
0.0000
1.0285
0.6953
0.0000
0.0000
0.0000
0.0000
0.5094
0.4333
0.0000
0.0000
0.0000
0.0000
0.4705
0.0000
0.0000
0.4403
1.7848
0.0000
0.0000
0.0000
0.0000
0.0000
0.0000
0.0000
0.0000
0.0000
1.6393
0.0000
0.0000
0.6451
0.0000
0.0000
0.0000
0.0000
0.2911
0.0000
0.0000
0.0000
0.0000
0.0000
0.0000
3.7435
0.0000
0.0900
0.0000
0.0000
0.7628
0.0000
0.0000
0.0000
0.0000
0.0000
0.0000
0.0000
0.0000
1.3408
0.0000
0.0583
0.0000
0.0000
0.0000
1.3846
0.0000
0.0000
0.0000
0.0000
0.0000
0.8001
0.0000
0.0000
0.0000
0.0000
0.0000
0.0000
0.0000
1.2760
0.0000
0.0000
0.0000
2.6698
0.0000
0.0000
0.0000
0.0000
0.0000
0.6135
0.0347
0.0000
0.0000
0.0000
1.1409
0.0000
0.0000
0.0000
0.0000
0.0000
4.2260
0.0000
0.0000
0.0000
0.0000
0.0000
0.0000
0.0000
2.1799
1.5702
0.9020
0.0000
0.2724
0.0000
1.2700
0.0000
0.7398
0.0000
2.3341
3.8538
0.0000
0.0000
1.4234
0.0000
1.0978
0.0000
2.0041
0.0000
0.6555
0.0000
0.0000
0.0983
0.0000
0.0000
4.3215
0.0000
0.0000
0.0000
0.0000
2.7476
0.0000
0.0000
0.0000
0.0000
0.0000
0.0000
0.0000
2.0530
0.6127
0.0000
0.0000
0.0000
0.0000
0.0000
0.0000
0.3189
1.0646
0.0000
0.0000
0.0000
0.0000
0.0000
5.1530
0.0000
0.0000
0.0000
0.0000
2.4437
0.0000
0.0000
0.0000
0.0000
0.0000
0.0000
0.6377
0.0000
0.0000
2.5858
0.0000
0.0000
0.0000
0.0000
0.0000
0.2417
0.7567
0.0000
0.0000
0.0000
3.1424
0.0000
0.0000
0.0000
0.0000
0.0000
0.0000
0.0000
3.1173
0.0000
0.0000
0.0000
0.0000
1.7158
0.0000
0.0000
0.0000
0.0000
0.0000
0.0000
3.7899
0.0000
0.0000
0.0000
0.0000
0.0000
0.0000
1.4908
0.7023
0.0000
0.0000
1.5455
0.0000
0.0000
0.0000
0.0000
2.8506
4.6664
0.0000
0.0000
0.0000
0.0000
0.0000
0.0000
0.0000
0.0000
0.0000
0.0000
0.0000
0.3868
3.2133
2.2440
0.1819
0.0000
0.0000
0.0000
0.0000
3.4052
0.8930
0.0000
0.0000
0.0000
0.0000
0.0000
0.0000
0.0000
3.0513
0.0000
0.4797
1.0779
0.0000
0.0000
0.0000
1.6056
0.0000
0.0000
2.1012
2.1342
0.0000
0.0000
0.0000
0.1655
4.1233
0.0000
0.0000
0.0000
0.0000
0.0000
0.0919
0.0000
0.0000
0.0000
0.0000
0.1953
0.0000
0.0000
0.0000
0.0000
0.2639
0.0000
0.0000
0.5396
0.0000
0.0000
1.9825
0.9502
0.9110
1.8708
0.0000
0.0000
0.0241
0.0000
0.0000
0.0000
0.0000
0.0000
0.0000
0.0000
0.0000
0.0000
0.0000
2.1419
0.0000
0.0000
0.0000
0.0000
0.0000
0.7238
1.3220
1.3818
0.0000
0.0000
0.0000
3.2082
0.0000
2.1202
0.0000
0.0000
0.7302
0.0000
0.0000
0.0000
0.0000
0.0000
1.1551
0.0000
0.0000
0.7421
1.5793
0.0000
0.0000
0.0000
0.0000
0.0000
0.0000
0.8005
0.0000
0.0000
0.0000
0.9459
0.0000
0.0000
0.0000
0.0000
0.0000
0.0000
0.8859
0.0000
0.0000
0.0000
0.0000
0.0000
0.5138
0.0000
0.0000
2.3976
0.0000
0.8502
3.1478
0.0000
0.0000
0.0000
0.0000
0.0000
0.0000
0.0876
0.0000
0.0000
0.0000
0.0000
0.0000
1.2840
0.0000
0.0000
2.1539
0.0000
0.0000
2.4107
0.0000
0.0000
0.0000
0.0000
2.1750
0.0000
0.0000
0.0000
0.0000
0.0000
1.1267
0.9437
0.0000
0.0000
0.0000
0.0000
0.0000
0.0000
1.0926
0.0000
0.0000
0.0000
0.0000
2.4643
0.0000
0.0000
0.0000
0.0000
0.0000
3.4946
0.0000
0.0000
0.5987
0.0000
0.0000
0.0000
0.0000
0.8918
2.5425
0.0000
0.0000
0.0000
0.0000
3.9654
0.0000
5.3203
0.0000
0.0000
0.0000
0.0000
0.0000
0.0108
0.0000
0.0000
0.0000
0.0000
0.0000
3.6171
0.0000
0.0000
0.0000
0.0000
0.9787
1.1143
0.6211
0.3816
0.0000
0.0000
0.0000
0.0000
1.9581
0.0000
3.3898
0.0000
0.0000
0.0000
0.0000
0.0000
0.0000
1.7774
0.0000
0.0000
0.0000
0.0000
0.0000
0.0000
0.0000
0.0000
0.0000
0.4729
0.0000
0.0000
0.0000
0.0000
0.0000
3.4992
0.0000
0.0000
1.2284
0.0000
0.0000
0.0000
1.8735
0.0000
0.0000
0.0000
0.0000
0.5354
1.8153
3.3502
0.0000
0.0000
0.0000
0.0000
0.0000
0.0000
0.0000
0.0000
0.3444
0.0000
0.0000
0.0000
0.0000
0.0000
0.0000
0.0000
0.0000
0.0000
0.0000
0.0000
6.5485
0.0000
0.0000
4.2583
0.0000
0.0000
0.0000
0.0000
0.6678
0.0000
0.0000
0.7749
0.0000
0.0000
0.0000
0.7138
0.0000
1.3574
0.0308
0.0000
1.4762
0.0000
0.0000
0.0000
0.0000
0.0000
0.0000
0.0000
3.7435
0.0000
0.0000
0.0000
0.0000
0.0000
0.0000
0.0000
0.0000
0.0000
0.0000
0.0000
0.0000
0.0000
0.5899
0.3837
2.4971
0.0000
0.0000
0.0000
0.0000
0.0000
0.0000
0.0000
5.0107
0.0000
0.0000
0.0000
0.0000
0.0000
0.2177
0.0000
0.0000
0.0000
0.0000
0.0000
0.0000
0.0000
0.0000
0.9822
0.0000
0.0000
0.0000
0.0000
0.0000
0.0000
0.9881
2.2185
0.0000
0.0000
0.0000
1.8524
0.8235
0.0000
0.0000
0.0000
0.9491
3.9046
0.0000
0.0000
0.5842
5.3225
0.3252
0.0000
0.0000
0.0000
0.0000
0.0000
0.0958
0.0000
0.5820
0.0000
0.0000
0.5860
5.1076
0.0000
0.4913
0.0000
0.0000
0.0000
0.0000
4.7472
0.0000
0.1838
0.0000
0.0000
0.8195
0.0000
0.0000
0.0000
2.2342
0.0000
0.0000
0.0000
0.0000
0.0000
0.0000
0.0000
0.0000
0.0000
4.2270
0.0000
2.3364
0.0000
0.2933
1.0735
0.0000
2.5190
0.0000
1.8783
0.0000
1.1743
2.6352
0.0000
0.0000
0.0000
0.0000
0.0000
0.0000
1.1039
0.0000
0.0000
0.0000
0.0000
0.0000
0.0000
0.0000
0.0000
0.0000
0.0000
2.9245
0.0000
0.0000
0.7634
0.0000
0.0000
5.6347
0.0000
0.0000
1.8009
3.8558
0.3910
0.0000
0.0000
0.0000
4.7813
0.0000
0.3787
0.0000
0.6959
0.0000
0.0000
0.0000
0.0000
0.0000
0.0000
0.0000
2.0798
3.1063
1.0294
2.5048
0.6147
0.0000
3.3524
0.0000
0.0000
0.0000
0.0000
0.0000
0.0000
0.0000
0.0000
0.5350
0.0000
0.0000
0.0000
4.3815
0.0000
0.0000
0.0000
0.0000
0.0000
0.0000
0.0000
2.9460
0.4726
0.0806
0.0000
0.0000
1.2831
0.3736
0.0000
0.0000
0.0000
0.0000
0.0000
0.0000
0.0000
0.0000
0.0000
0.0000
0.0000
0.0000
0.0000
1.3189
0.9451
0.0000
0.0000
0.0000
2.4771
0.0000
4.1922
0.0000
0.0000
2.7421
0.0000
0.8847
0.0000
0.0000
0.0000
0.0000
0.0000
0.0000
0.0000
0.0000
0.0000
0.0000
2.5316
0.0000
0.0000
0.0000
0.0000
0.0000
0.0000
0.0000
0.2418
0.0000
0.0254
1.6364
1.3241
0.0000
0.0000
2.4301
0.0000
0.0000
0.0000
0.0000
0.0000
0.8524
0.0000
0.0000
0.0474
0.0000
0.0000
3.9829
0.1780
0.0000
0.0000
0.0000
0.3264
0.0000
0.0000
0.0000
0.7247
0.0000
0.3604
1.3766
0.0000
3.6865
0.0000
0.0000
0.0000
0.8291
1.6459
1.3108
0.0000
0.0000
0.0000
0.0000
0.0000
0.0000
0.0000
0.0000
0.0000
0.4635
0.0000
0.0000
0.0000
0.0000
0.0000
0.0000
0.0954
0.0000
0.0000
0.0000
1.3790
0.0000
3.3389
0.6954
1.1313
0.8967
0.0000
0.0000
1.6561
0.0000
0.0000
0.0000
0.0000
1.5242
0.6424
5.2855
0.0000
0.0000
3.9569
1.4562
1.3469
0.0000
0.0000
2.4231
0.0801
0.0000
0.0000
0.0000
1.1548
0.0000
2.2070
0.0000
0.0410
1.0417
0.0000
0.0000
0.0000
0.0000
0.0000
1.0856
0.0000
0.0000
0.0000
0.0000
0.0000
0.0000
