0.0000
0.0000
0.0000
0.0000
4.5793
0.0000
0.0000
0.6711
0.0000
1.5604
1.4148
0.0000
0.0000
0.0000
0.0000
0.0000
0.0000
0.0000
0.0000
0.0000
0.0000
0.0000
2.5151
0.0000
2.7393
0.0000
0.0000
0.9778
0.0000
0.0000
0.0000
0.0000
0.0000
0.0000
2.0595
0.0000
0.0000
0.0000
0.0000
1.0715
0.0000
0.0000
0.0000
0.0000
0.0000
0.7394
0.0000
0.0000
0.0000
0.7944
0.0000
0.3729
0.0000
0.0000
0.0000
0.0000
0.0000
0.0000
0.0000
0.0000
0.0000
1.0817
0.0000
1.3870
0.0000
0.0000
0.0000
0.0000
1.4398
0.0000
0.0000
4.0457
0.0000
0.0000
0.0000
1.9587
0.0000
0.0000
0.0000
0.0000
0.6956
0.0000
0.0000
0.0000
0.0000
1.0396
3.0291
0.0000
3.3466
0.0000
0.1397
0.0000
0.0000
2.0072
0.0000
0.0000
0.0000
0.0000
2.4210
0.0000
2.1120
0.0000
0.0000
0.0000
0.0000
0.0000
0.0000
0.0000
0.0000
1.6299
0.0000
0.0000
0.0000
0.0000
0.0000
0.0000
0.6782
0.0000
0.0000
0.0000
2.8104
0.0000
1.8991
0.0000
2.5431
0.0000
0.9024
0.0000
0.0000
1.2903
0.0000
0.0000
0.0000
0.0000
4.9663
0.0000
0.1788
2.2523
0.0000
2.8583
4.0906
0.0000
0.0000
0.1965
1.9243
0.0000
0.0000
1.5384
0.7240
0.0000
0.0000
0.0459
0.0000
0.0000
0.0000
0.0000
0.0000
0.9302
0.0000
0.0000
0.0000
0.0000
0.1393
0.0000
0.0000
1.6219
0.0000
0.0000
0.0000
3.1551
0.0000
0.0000
0.0000
0.0000
0.0000
0.0000
0.1570
0.0000
0.0000
5.3527
3.6856
2.2834
0.0000
0.0000
0.0000
0.0000
0.0000
1.3386
0.0000
1.2671
0.0000
0.0000
0.0000
0.0000
1.9021
0.0000
0.0000
0.2709
1.6991
2.1143
0.0000
0.0000
0.0000
0.0000
0.0000
0.1358
0.0000
0.0000
0.0000
0.0000
0.0000
0.0000
0.0000
0.2477
0.0000
0.0000
0.0000
0.0000
1.1610
0.0000
0.0000
0.0000
0.0000
0.0000
0.0000
0.0000
1.3646
0.0000
0.0000
0.0000
0.0000
0.0000
0.0000
0.0000
3.3189
0.0000
0.0000
0.0000
3.4189
0.0000
0.0000
0.0000
0.0000
0.0000
0.0000
0.0000
0.0000
0.0000
0.0000
0.0000
0.0000
0.0000
0.0000
1.3851
0.0000
1.1697
0.0000
0.0000
1.3283
0.0000
0.0000
0.9690
0.0000
0.0000
0.0000
0.0000
5.2555
0.0000
0.0000
0.0000
1.9759
0.0000
0.0000
1.2549
1.0952
0.0000
0.0000
0.0000
2.4994
0.0000
0.0000
0.2052
1.1372
0.0000
0.0000
1.7775
0.0000
0.0000
0.0000
0.0000
0.0000
0.0000
0.0000
0.9629
1.4898
0.0000
0.0000
0.0000
0.0000
3.0651
0.0000
0.0000
0.0000
0.0000
0.0000
0.0000
0.0000
0.0000
0.0000
0.0000
0.0000
0.0000
0.0000
0.0000
0.6517
0.0000
0.0000
0.0000
0.0000
0.0000
0.0034
1.9849
0.0000
1.3210
0.0000
1.1315
0.0000
0.0000
0.0000
0.7681
0.0000
1.0678
0.0000
0.0000
0.6154
0.9384
1.1323
0.0000
0.0000
2.8240
0.0000
0.0000
0.0000
0.0000
0.0000
3.8782
0.0000
0.0000
0.0000
0.0000
0.0000
1.8734
1.3094
0.0000
5.2426
3.7745
0.0000
0.1991
0.0000
0.0000
0.0000
0.0000
0.0000
0.0000
0.0000
0.0000
0.0000
0.0000
0.0000
0.0000
0.0000
0.0000
0.0000
0.0000
0.0000
1.0944
0.0000
3.0450
0.0000
0.0000
1.7571
0.0000
0.0000
0.0000
0.0000
0.0000
0.1274
0.0000
0.0000
0.0000
0.9004
0.0000
0.0000
0.0000
0.0000
0.0000
0.0000
0.0000
0.0000
0.0000
0.0000
0.0000
0.0000
0.0000
0.0000
0.0000
0.0000
0.0000
2.4997
0.0000
0.0000
0.0000
0.0000
4.7832
0.0000
0.0000
0.0000
0.0000
0.0000
0.0000
0.2056
0.0000
1.9282
0.0000
0.0000
0.0000
0.0000
0.0000
0.0000
0.0000
0.0000
0.0000
0.0000
0.0000
0.0000
0.0000
0.0000
0.0000
0.0000
0.0000
1.5500
0.0403
0.0000
0.0000
3.8368
1.8096
0.0000
0.0000
0.3905
0.1064
0.0000
0.0000
0.0000
0.0851
0.0000
0.0000
0.0000
2.0978
0.0000
0.0000
0.2395
0.0000
0.9652
0.0000
1.4424
0.0000
0.1758
3.1878
0.0000
0.0000
0.0000
0.3406
0.0000
0.0000
0.0000
0.0000
0.1769
0.0000
0.2595
0.0000
0.0000
0.0000
0.0000
0.5894
1.0746
0.0780
0.0000
0.5167
0.0000
4.4004
0.0000
0.0000
0.0000
0.0000
0.6421
0.2572
0.0000
0.0000
0.0000
0.0000
0.0000
0.0000
0.0000
0.0000
0.0000
0.0000
0.0000
0.0000
0.0000
0.5765
0.0000
0.0000
0.0000
0.3384
0.0000
1.6071
0.0000
0.0000
7.1603
0.0000
2.1739
1.5796
0.0000
0.0000
0.0000
0.0000
0.0000
1.2015
0.0000
0.0000
2.2594
2.8409
0.7765
0.0000
1.4989
0.0000
0.0000
0.0000
1.2221
0.0000
0.0000
0.0000
0.0000
0.0000
0.0000
0.0000
0.0000
0.3291
0.0000
0.0000
0.0000
0.0000
0.0000
0.0000
0.0000
0.0000
0.0000
0.0000
1.4226
0.0000
0.2055
2.5236
0.0000
0.0000
0.0000
0.0000
0.0000
0.0000
0.0000
0.0000
0.0000
0.0000
0.0000
0.0000
0.0000
0.0000
0.0000
0.0000
0.0000
1.2573
0.0000
0.0000
0.0000
0.0000
0.0000
0.0000
0.0000
2.0900
0.0000
0.0000
0.0000
0.0000
0.0000
0.0000
0.0000
0.0000
0.0000
0.0000
2.6089
0.0000
0.0000
0.0000
0.0000
0.0000
0.0000
0.0000
0.0000
0.0000
0.0000
0.0000
0.0000
0.0000
0.0000
2.0607
0.0000
0.0000
2.0499
0.0000
0.0000
0.0000
2.7891
0.0000
1.4211
0.0000
0.0000
0.9823
0.0000
0.0000
0.0000
0.0000
0.0000
0.0000
0.0000
0.0000
0.7317
2.9167
0.0000
0.0000
0.0000
0.0000
0.0000
0.0000
0.0000
0.0000
0.6156
0.0000
0.0000
0.5491
0.0000
0.0000
0.0000
1.2804
1.6299
0.0000
0.0000
0.0000
0.0000
0.0000
0.0000
0.0000
0.0000
1.6483
0.8857
0.0000
0.0000
0.0000
1.1247
0.0000
0.0000
0.0000
0.1925
0.0000
0.0000
0.0000
0.0000
0.5352
0.0000
0.0000
0.0000
0.0000
0.0000
3.5863
0.0000
0.0000
0.0000
3.8295
0.0000
0.0000
0.0000
1.6171
0.0000
0.0000
2.2024
0.0000
0.0000
0.0000
0.0000
0.0000
0.0000
0.0000
0.0000
0.0000
2.5115
1.6067
0.0000
0.0000
0.0000
0.0000
0.3663
0.0000
0.0000
5.6548
0.0000
0.0000
0.0000
0.0000
0.0000
0.0000
0.0000
0.0000
0.0000
0.0000
3.6305
0.9234
0.0000
0.0000
0.0000
0.0000
0.0000
0.0000
0.0000
0.0000
0.0000
0.9430
0.0000
0.0000
0.0000
0.1742
1.2260
3.7758
1.2102
0.0000
0.0000
0.0000
0.0000
0.0000
0.0000
0.0000
1.4453
0.0000
0.0000
0.0000
0.0000
0.0000
0.0000
0.0000
0.0000
0.0000
0.0000
0.0000
1.3823
0.0000
0.9499
0.0000
0.0000
1.7722
0.0000
0.2498
0.0000
0.0000
0.8161
0.0000
0.0000
0.0000
0.0000
0.0000
0.0000
0.0000
0.5959
1.6733
0.3540
0.5015
0.0000
0.0000
0.0000
0.2203
0.0000
1.1169
0.0000
0.0000
0.1180
0.0000
0.0000
0.0000
0.0000
0.0000
0.0000
0.0000
0.0000
0.0000
0.0000
0.0000
5.1213
0.0000
0.0000
0.0000
0.0000
0.0000
0.0000
0.0000
0.0000
0.0000
0.0000
0.0000
0.0000
0.0000
1.8451
0.0000
0.6198
0.8537
0.0000
0.0000
0.0000
0.0000
1.8199
0.0000
0.0000
0.0000
0.0000
0.0000
0.8826
0.0000
0.0000
0.0000
0.0000
0.0000
0.0000
0.4289
0.0000
0.0000
0.0000
0.0000
0.0000
0.1054
0.0000
0.4421
0.0000
0.0000
0.5811
0.0000
0.0000
0.0000
0.0000
1.3646
0.0000
0.0000
0.0000
0.0000
0.0000
0.0000
0.0000
2.1295
0.0000
2.4517
0.0000
0.0000
0.0000
0.0000
0.0000
0.0000
0.0000
0.0000
0.0000
0.8128
0.0000
0.0000
2.5108
0.6916
1.1076
0.0000
0.0000
0.0000
0.0000
0.0000
0.0000
0.0000
0.0000
0.0000
0.0000
0.0000
0.8992
0.0000
0.0000
0.0000
0.0000
0.0000
0.0000
0.7339
1.1245
0.0000
0.0000
0.0000
0.0000
0.0000
0.0000
0.0000
0.0000
0.0000
0.0000
1.7085
0.0000
0.0000
3.6384
0.0000
0.0000
0.0000
0.0000
0.0000
0.0000
0.0000
0.0000
0.0000
0.0000
0.0000
0.0000
6.7967
1.3007
0.0000
0.0000
0.0000
0.0000
0.0000
0.0000
0.0000
0.0000
0.0000
0.0000
0.0000
0.3410
0.0000
0.0000
0.0000
0.0000
0.0000
2.2504
0.1120
0.0000
1.6922
0.0000
4.4920
0.0000
1.3801
0.0000
0.0000
0.0000
0.0000
0.3617
0.0000
0.0000
0.0000
0.0000
1.4441
0.0000
0.0000
0.0000
0.0000
0.0000
2.5657
4.2761
0.0000
1.2532
0.0000
2.5723
0.0000
0.0000
0.0000
0.1773
0.0000
1.2163
0.0000
0.0000
2.2120
0.0000
3.3191
3.1926
0.3568
5.1867
0.0000
0.0000
0.9325
1.1407
0.0000
0.0000
0.0000
0.0000
0.0000
0.0000
0.0000
0.3853
3.9295
0.8212
0.0000
0.0000
0.0000
0.0000
0.0000
0.0000
0.0000
0.0000
1.9689
0.0000
1.7714
0.0000
0.4889
0.2320
0.0000
0.0000
0.7797
0.7862
2.2886
0.0000
0.0000
0.0000
0.0000
0.0000
0.0000
2.5298
0.0000
0.0000
0.0000
0.1234
0.0000
1.6942
0.0000
2.3131
0.0000
0.0000
0.0000
3.0011
0.0000
0.0000
0.0000
0.0000
0.0000
0.0000
0.0000
4.5691
0.0000
0.0000
0.8603
0.3417
0.0000
0.0000
0.0000
0.0000
0.0000
0.0000
0.0000
0.0000
0.0000
5.1033
0.0000
0.0000
0.0000
2.0973
0.0000
1.6814
0.0000
0.0000
0.0000
2.8673
0.0000
0.0000
0.0000
0.0000
0.0000
3.6230
0.0000
0.0000
0.7397
0.0000
0.0000
0.0000
0.0000
0.0000
0.0000
0.0000
0.7398
0.0000
0.0000
0.3454
0.4247
0.0000
0.0000
0.0000
0.0000
0.0000
0.2512
0.0000
1.1742
0.0000
0.0000
0.0000
0.0000
0.0000
0.0000
0.0000
0.0000
0.0000
0.0000
1.4373
0.3244
0.0000
0.0000
0.1259
0.0000
1.8674
0.0000
0.0000
0.0000
0.0000
0.0000
0.0000
0.0000
0.3898
0.0000
0.0000
0.0000
0.0000
0.0000
0.0000
0.0000
0.0000
1.5451
0.0000
0.0000
0.0000
0.0000
0.0000
0.0000
0.0000
0.0000
0.0000
0.0000
3.2609
0.9031
1.5731
0.0000
0.0000
0.0000
0.0000
0.0000
0.0000
0.0000
0.0000
1.2659
0.0000
0.0000
0.0000
0.0000
0.0000
0.0000
0.0000
0.0000
0.0000
0.0000
2.4509
0.0000
0.0508
0.0000
5.5206
0.0000
0.0000
0.7136
0.3819
4.4788
0.0000
0.0000
0.0000
0.0000
0.0000
1.6106
0.0000
0.0000
0.0000
0.0000
0.0000
0.0000
0.9737
0.0000
1.6088
0.0000
0.0000
0.0000
0.0000
0.0000
0.0000
0.0000
0.0000
0.0000
3.2915
0.0000
0.0000
0.0000
0.0951
0.0000
0.0000
0.0000
0.0000
0.0000
2.6085
0.0000
2.4765
0.9024
0.0000
0.0000
0.0000
0.0000
0.0000
0.3194
0.0000
0.0000
0.0000
3.9024
0.0000
0.0000
0.0000
0.0000
0.0000
0.0000
0.0000
0.0000
2.1223
0.0000
0.0000
0.0000
1.6369
0.0000
0.0000
0.0000
0.0000
0.0000
0.0000
0.0000
0.1037
0.1502
0.0000
0.0000
1.2378
0.0000
0.0000
0.0000
3.0742
0.0000
1.8009
0.0000
0.0000
1.5868
0.0000
0.0000
0.0000
0.0000
0.0000
1.3986
0.0000
0.0000
0.0000
0.0000
0.0000
0.0000
0.0000
0.8746
1.3489
0.0000
1.1233
0.0000
0.6301
0.0000
0.0000
0.0000
0.0000
0.0000
0.0000
0.0000
0.0000
0.0000
0.2278
0.0000
0.0000
0.1935
0.0000
0.0000
2.5177
0.0000
0.0000
0.0000
0.0000
0.0000
0.0000
0.0000
0.3586
0.0000
3.4833
0.0000
0.0000
1.2302
0.0000
0.0000
0.0000
0.0000
0.7628
0.0000
0.0000
0.0000
0.0000
0.0000
0.0000
0.0000
0.0000
0.0000
0.0000
0.0000
0.0000
0.0000
0.0000
0.0000
0.0000
0.0000
0.0000
0.0000
0.0000
0.0000
0.0000
1.5332
0.0000
0.0000
0.0000
3.0193
0.0000
0.3196
0.0000
0.0000
0.0000
0.0000
0.0000
0.0000
0.0000
0.1236
0.0000
0.0000
0.0000
1.0258
0.0000
1.2964
0.0000
0.0000
0.0000
0.0000
0.0000
0.0000
0.0000
0.0000
0.0000
0.0000
0.0000
0.0000
0.0000
0.0000
3.4944
2.2845
0.0000
0.3100
0.0000
0.0000
0.0000
0.0000
0.0000
0.0000
0.0000
0.0000
0.0000
0.0000
0.0000
0.8766
0.0000
0.0000
0.0000
0.0000
0.0000
0.0000
2.0862
0.0000
0.0547
0.7163
0.0000
0.0000
0.0000
1.0404
0.4397
3.6503
0.0000
0.0000
0.0000
0.0000
0.0000
0.0000
0.0000
0.0000
0.0000
0.0000
0.0000
0.0000
0.0000
0.0000
0.0000
0.0000
0.0000
0.0000
0.0000
0.1264
0.0000
1.8476
0.0000
0.0000
0.0000
0.0000
0.0000
2.2936
0.0000
0.0000
3.3117
0.0000
0.0000
0.0000
0.0000
0.9517
0.0000
0.0000
0.0000
0.0000
0.0000
0.0000
0.0000
0.0000
0.0000
0.4008
0.0000
0.0000
0.0000
4.5486
0.0000
0.0000
0.0000
0.0000
0.0000
0.0000
0.0000
0.0000
0.0000
0.0000
4.2512
0.0000
3.2150
0.9901
0.0000
0.0000
0.0000
0.0000
0.0000
0.0000
0.0000
0.0000
0.0000
0.0000
0.3672
0.0000
1.2657
0.0000
0.0000
0.0000
0.0000
0.0000
0.0000
0.0000
0.0000
0.7461
5.4594
0.0000
0.0000
0.9541
0.0000
2.1842
0.0000
0.0000
0.0000
0.0000
0.0000
0.0000
0.0000
0.0000
0.0000
0.0000
2.8101
2.3370
0.0000
0.6870
0.0000
0.0000
0.0000
1.2099
0.0000
0.0000
3.0515
0.0000
0.0000
0.0000
0.0000
0.0000
0.0000
2.2539
5.9038
0.8214
0.0000
0.0000
0.0000
0.0000
0.0000
0.0000
0.0000
0.0000
0.0000
0.0000
0.0000
0.0000
0.0000
0.0000
0.0000
2.7558
0.0000
0.0000
0.0000
0.0000
0.0000
2.5632
0.0000
0.0000
0.0000
0.0000
0.0000
0.0000
0.8704
2.6276
0.0000
0.0000
0.0000
0.0000
2.8272
0.0000
0.0000
1.2112
0.0000
2.3405
0.0000
0.0000
0.0000
0.0000
0.0000
0.0000
0.3497
0.0000
0.0000
0.0000
0.0000
0.0000
0.0000
7.8333
0.0000
0.0000
0.0000
0.0000
0.0000
0.0000
0.0000
0.0000
0.0000
0.0000
0.6779
0.0000
0.0000
0.0000
1.4362
0.9392
0.0000
0.0000
0.9190
0.0000
0.0000
0.0000
0.0000
1.9682
0.0000
0.0000
0.0000
1.0551
0.0000
2.4988
0.0000
0.0000
0.1508
0.0000
0.0000
0.0000
0.0000
0.0000
0.0000
1.2827
0.0000
0.0000
0.0000
0.0000
0.9302
0.5184
1.5888
0.0000
0.0000
0.0000
0.0000
1.0298
0.0000
0.0000
0.0000
2.1506
1.8332
0.0000
0.0000
0.0000
0.0000
0.0000
0.0000
0.0000
0.0000
0.0000
0.0000
0.0000
0.0000
0.0000
3.0348
0.0000
0.3291
0.0000
0.0000
1.1561
0.0000
0.0000
0.0000
1.0087
0.0000
0.0000
2.5007
3.3089
2.4194
0.0000
0.0000
0.0000
0.0000
0.0000
0.0000
1.0109
0.0000
0.0000
0.0000
0.0000
1.4020
0.0000
0.0000
0.0000
0.0000
1.6009
0.0000
0.0000
0.0000
0.0000
0.0000
0.0000
0.0000
0.4001
0.0000
0.0000
0.2822
0.0000
0.0000
0.0000
0.0000
0.0000
0.0000
0.0000
0.0000
0.0000
0.0000
0.0000
0.0000
0.0000
0.0000
0.0000
0.0000
3.1177
0.0000
0.0000
0.0000
4.1499
0.0000
0.0000
0.0000
0.0000
0.0000
0.5388
0.4348
4.8781
0.0000
0.0000
0.0000
3.2497
0.0000
0.0000
0.0000
0.0000
0.2424
0.0000
0.0000
0.2168
0.0000
0.0000
0.0000
0.0000
0.6442
0.3563
0.0000
0.0000
0.0000
0.0000
0.0000
0.0000
0.0000
0.0000
0.0000
4.3456
0.0000
0.8111
2.9798
0.0000
0.0000
2.5605
0.0000
0.0000
0.0000
2.4698
0.4941
0.0000
0.7516
0.0000
2.5525
0.9024
0.4751
3.0127
0.0000
0.0000
0.0000
0.0000
0.0000
0.0000
0.0000
0.0000
0.7792
0.0000
2.5472
0.0000
0.0000
2.3756
0.0000
3.6692
0.0000
0.0000
0.0000
0.0000
0.0000
0.0000
0.0000
0.0000
0.0000
0.1816
0.0000
0.0000
0.8284
0.0000
0.0000
0.0000
0.0000
0.0000
0.0000
0.0000
0.0000
2.4708
0.0000
0.0000
0.0000
0.0000
0.0000
2.3853
0.0000
1.5271
0.0000
0.0000
0.0000
0.0000
0.0000
0.0000
0.0000
0.0000
0.0000
0.0000
0.0000
0.4765
0.0000
0.0000
0.0000
0.0000
2.4349
0.0000
4.1320
3.7063
0.1819
0.0000
0.0000
0.0000
0.0000
0.0000
0.0000
2.8646
0.0000
1.2843
0.0000
0.0000
0.0000
0.0000
1.6227
0.0000
0.0000
0.0000
0.0000
0.0000
0.0284
0.0000
2.8352
0.0000
0.0000
0.0000
0.0000
0.0000
0.0000
0.0000
0.7272
0.0000
0.0000
0.0000
0.0000
0.0000
1.0456
0.0000
0.0000
0.0000
0.0000
0.0000
0.0000
0.0000
0.4424
0.0000
0.5253
0.0000
0.0905
0.0000
0.0000
0.0000
3.9297
0.0000
0.0000
0.0000
1.4762
0.0000
0.0000
0.0000
0.0000
1.6793
0.0000
0.0000
0.0000
0.0000
0.0000
2.9580
0.0000
0.0000
0.0000
0.0000
0.0000
0.0000
0.0000
0.8074
0.0000
0.0000
0.0000
0.0000
0.0000
0.0000
0.0000
0.0000
0.0000
0.0000
0.0000
0.0000
0.0000
0.0000
0.8806
3.2544
0.0000
0.0000
1.1279
0.0000
0.0000
0.0000
2.0399
1.6142
0.0000
0.0000
0.0000
0.0000
0.0000
0.0000
1.3100
0.0000
0.0000
0.0000
0.3426
0.0000
0.0000
0.0000
0.0000
0.0000
0.0000
0.0000
0.0000
1.0538
0.0000
0.0000
2.3384
5.1926
1.2102
0.0000
0.0000
0.0000
0.0000
0.4932
0.0000
0.0000
2.4490
0.9034
0.0000
0.3012
2.7035
0.0000
0.0000
0.7830
0.0000
0.0000
0.0000
0.0000
1.7102
0.0000
0.0000
0.0000
0.0000
0.0000
1.9093
0.0000
0.0000
0.0000
0.2114
3.2721
0.0000
2.6870
1.4152
0.0000
0.0000
0.0000
2.0704
0.0000
0.0000
0.0000
0.5144
1.1077
0.0000
0.0000
0.0000
0.0000
0.0000
0.0000
1.6914
0.0000
0.0000
0.5704
0.0000
0.0692
2.4017
0.9485
0.0000
0.0000
0.0000
1.9001
0.0000
0.0000
0.0000
0.0000
0.0000
0.0000
0.0000
0.0000
0.0000
0.0000
0.3548
0.0000
0.0000
0.0000
0.0000
0.0000
1.3175
2.0178
0.0000
2.7784
1.2469
0.0000
0.0000
0.3178
0.0000
0.2570
0.0000
0.0000
0.0000
3.3064
0.0000
0.0000
0.0000
0.0000
0.0000
0.0000
0.0000
0.0000
0.0000
0.0000
0.0000
0.0000
0.0000
0.0000
2.0739
0.0000
0.2422
0.0000
0.0000
0.0000
0.0000
0.0000
2.6229
0.0000
0.0000
0.0000
0.0000
0.0000
0.0000
0.0000
0.0000
0.0000
0.0000
0.0000
0.0000
0.6863
0.0000
0.0000
0.0000
0.0000
3.3791
0.0000
0.0000
0.0000
0.0000
0.9541
0.0000
1.8944
0.0000
0.0000
0.7286
5.3003
0.0000
6.0852
0.3319
3.0250
0.0000
0.0000
0.0000
0.0000
0.0059
0.0000
0.0000
0.0000
0.0000
2.6501
0.0000
3.6030
0.0000
0.0000
0.0000
0.0000
0.0000
2.0181
0.0000
0.0000
1.2735
0.0000
0.0000
0.0000
0.0000
0.0000
0.0000
0.5945
0.0000
0.0000
0.0000
1.1431
0.0000
0.0000
0.0000
0.0000
0.2747
0.0000
0.0000
0.0000
0.0000
0.0000
0.0000
2.9125
2.1672
0.0000
0.0000
0.0000
0.7432
0.0000
0.0000
0.0000
0.0000
0.0000
0.7120
1.6307
0.0000
0.0000
0.0000
0.0000
0.0000
0.0000
0.0000
0.0000
0.0000
0.0000
0.0000
0.0000
0.0000
0.0000
0.0000
0.0000
2.8732
0.0000
0.0000
0.0000
0.0000
0.0000
0.6691
0.0000
0.0000
0.0000
0.0000
0.5937
0.0000
0.0000
0.5311
0.0000
0.0000
0.0000
0.0000
0.0000
0.0000
1.8177
0.0000
0.0000
0.0000
0.0000
0.0000
0.0000
0.0000
0.0000
0.0000
0.0000
0.0000
0.0550
2.2871
0.0000
0.0000
0.0000
1.4470
0.0000
0.0000
0.0000
3.2283
0.0000
0.0000
0.0000
0.0000
0.0000
0.0000
2.3249
1.3812
0.0000
0.0000
0.0000
0.0000
3.8460
0.0000
0.0000
0.0000
0.3344
0.0000
0.0000
2.6629
0.0000
2.9759
0.0000
0.0000
0.0000
0.0322
0.0000
0.0000
0.0000
2.5842
0.0000
0.0000
0.0000
0.0000
0.0000
0.0000
0.0000
0.6076
0.0000
0.0000
0.0000
0.0000
0.0183
0.0000
0.0000
0.0000
0.0000
0.0000
0.0000
0.0000
1.6999
0.0000
0.0000
0.0000
0.0000
2.0111
0.0000
0.0000
2.8269
0.0000
0.0000
0.0000
0.0000
0.0000
0.0000
0.0000
0.1016
0.0000
2.5432
0.0000
0.0000
0.0000
1.9945
0.0347
0.0000
0.0000
0.0756
0.0000
0.0069
0.0000
0.0000
0.0000
0.0000
0.0000
1.2307
2.5034
0.0000
0.0000
0.0000
0.0000
0.2605
0.0000
0.0000
0.0000
0.0000
0.0000
0.0000
0.0000
1.3212
1.1573
0.0000
0.0000
0.0000
0.4952
7.2917
0.0000
0.0000
0.0000
0.0000
0.0000
0.0000
1.5713
0.0000
0.0000
0.0000
0.0000
0.0000
0.0000
0.0000
0.0000
0.0000
0.0000
0.0000
0.0000
0.0000
0.0000
0.5602
0.0000
0.0000
0.8092
0.0000
0.3792
1.4666
0.0000
0.0000
0.0000
0.0000
1.0623
0.0000
0.0000
0.0000
1.7187
0.0000
2.3339
0.0000
0.5540
0.0000
0.0000
0.9578
0.0000
0.0000
0.0000
0.7952
0.0000
0.0000
0.0000
0.0000
4.1162
0.0000
0.0000
0.0000
0.4609
0.0000
0.0000
0.0000
0.0000
0.0000
0.0000
0.0000
0.0000
2.2761
0.0000
0.0000
0.0000
0.0000
0.7347
0.0000
0.0000
0.0000
0.0000
0.4506
0.0000
0.0000
0.0000
0.0000
0.0000
0.0000
0.0000
3.2878
0.0000
0.0000
1.9190
0.0000
0.0000
0.0000
0.0000
0.2084
0.0000
0.0000
0.0000
0.0000
0.0000
0.0000
0.0000
0.0000
0.6460
0.0000
0.0000
0.0000
0.0000
0.0000
0.0000
0.0000
2.1471
0.0000
0.0000
0.0000
0.0000
0.0000
0.0000
0.2834
0.0000
1.8672
0.0000
0.0000
0.0000
0.0000
0.0000
0.3859
0.1730
1.2387
0.0202
0.0000
0.0000
0.0000
0.0000
0.0000
0.0000
0.0000
5.3428
0.2326
0.0000
0.5491
0.0000
0.0000
2.3806
0.0000
0.0000
0.0000
0.0000
0.0000
0.0000
0.0000
1.9054
0.0000
0.0000
0.7774
0.0000
0.0000
0.0000
0.0000
0.0000
0.0000
0.0000
0.0000
0.0000
0.0000
0.0000
2.9895
0.0000
0.0000
0.0000
0.0000
1.3033
0.0000
0.0000
0.0000
2.0523
0.0000
0.2224
0.0355
0.0000
0.3733
0.0000
0.0000
3.1991
0.7340
0.2653
0.0000
0.0000
0.0000
0.0000
0.0000
0.0000
0.0000
0.0000
0.0000
0.9809
0.0000
0.0000
1.0420
0.0000
0.0000
0.0000
0.0000
0.1682
0.0000
0.0000
0.0000
0.0000
0.0000
0.0000
0.6502
0.0000
2.1924
0.6138
0.0000
0.0000
0.0000
0.0000
0.0000
0.0000
0.0000
0.0000
3.7468
0.0000
0.0000
0.0000
0.0000
0.0000
0.0000
0.0000
3.9550
0.0000
0.0000
0.0000
0.0000
0.0000
0.5704
0.0000
0.0000
0.0000
2.8147
0.0000
0.0000
0.7285
0.0000
4.4994
0.0000
0.0000
3.3895
0.0000
0.0000
0.2079
0.0000
0.0000
5.2642
0.0000
6.9614
2.9266
0.0000
0.0000
0.0000
1.7845
0.0000
1.3124
0.0000
0.0000
0.0000
0.0000
0.0000
2.6069
0.0000
0.0000
0.7780
0.0000
0.0000
0.0000
1.6613
0.0000
0.0000
0.0000
2.8906
0.0000
0.0000
1.1122
0.0000
0.0731
1.8286
0.0000
0.0000
0.0000
0.0000
0.0000
0.0000
2.8784
2.1368
0.1152
0.0000
0.7408
0.0000
0.9341
0.0000
0.0000
0.0000
0.0000
0.0000
2.5573
0.0000
1.3710
3.8130
0.0000
0.0000
0.0000
0.0000
1.6404
0.0000
0.0000
2.8281
0.0000
0.0000
0.0000
1.0689
0.0000
0.3316
0.3742
0.0000
0.0000
0.4608
0.0000
0.0000
0.0000
0.0000
1.1855
0.0000
0.0508
0.4378
0.0000
0.0000
1.0608
0.0000
0.0000
0.0000
0.0000
0.0000
0.0000
0.0000
0.0000
0.0000
0.7979
0.0000
0.7360
0.0000
1.2617
0.0000
0.0000
1.9489
0.0000
0.0000
0.0000
0.7747
0.0000
0.0000
0.0000
0.0000
0.0000
0.0000
0.0000
0.0000
0.0000
0.3149
0.0000
0.0000
0.0000
0.0000
0.0000
0.0000
0.0635
2.0486
0.0000
0.9985
0.0000
0.0000
0.0000
0.0000
0.0000
0.0000
0.0000
0.0000
0.0000
1.9469
0.0000
0.0000
1.2054
0.0000
0.0000
0.0000
1.1242
0.0000
0.0000
0.0000
0.0000
0.0000
0.0000
0.0000
0.0000
0.0000
1.6314
0.0000
0.6328
0.0000
0.0000
0.0000
0.7258
0.0243
0.5281
0.0000
0.0000
0.0000
2.6032
0.0000
0.0000
5.8312
0.0000
0.0000
0.0000
0.0000
0.3544
1.4518
1.3810
0.3626
0.0000
0.0000
1.8608
0.0000
0.3333
0.0000
0.0000
0.0000
0.3951
0.0000
0.0000
0.0000
0.0000
0.0000
0.0000
2.1183
0.0000
0.0000
0.0000
0.0000
0.0094
0.0000
1.1458
1.4652
2.4416
0.0000
0.7335
0.0000
0.0000
0.0000
0.0000
2.1269
1.6573
0.0000
0.0000
0.0000
0.0000
0.0000
0.0000
2.1731
0.0000
0.0000
0.0000
0.0000
0.0899
3.2234
0.0000
0.0000
0.0000
0.0000
0.0000
0.0000
0.0000
0.0000
0.0000
0.0000
0.0000
0.0000
0.0000
0.4866
0.0000
0.0000
2.7121
0.0000
0.0000
0.0000
0.0000
0.0000
0.0000
0.0000
2.8486
0.0000
0.0000
0.0000
0.2415
0.0000
0.0000
0.0000
1.3804
0.0000
0.0000
2.0670
6.3684
0.5236
0.0000
0.0000
0.0000
0.0000
0.0000
0.0000
3.5522
0.0000
0.0000
3.7291
0.0000
0.0000
0.0000
0.0000
0.0000
0.0000
0.0000
0.0000
0.0000
0.0000
2.3348
0.0000
0.0000
0.2718
0.7039
0.6115
0.0000
0.0000
0.0000
0.5672
0.0000
0.0000
0.0000
0.0000
3.3503
0.0000
0.2093
0.0000
0.0000
0.0000
0.0000
0.0000
2.2569
0.0000
0.0000
0.0000
0.0000
0.0000
0.0000
0.0000
0.0000
0.0000
0.0000
0.0000
0.0000
0.0000
0.0000
0.0000
0.0000
2.7272
0.0000
0.9903
0.0000
0.0000
0.8796
0.0000
0.0000
0.0000
0.0000
0.0365
0.0000
0.0000
0.0000
0.2223
0.0000
0.0000
2.8571
0.0000
1.6180
0.0000
0.0000
0.0000
0.7122
0.0000
0.0000
0.0000
0.0000
0.0000
0.0000
0.0000
0.0000
0.0000
0.0000
0.0000
0.0000
0.0000
0.0000
0.0000
1.0848
0.0000
0.0000
2.1530
1.2175
0.4733
0.0000
0.0000
0.0000
0.0000
3.0817
0.0000
1.0737
0.6320
3.4910
0.0000
0.0000
0.0000
0.0000
0.0000
0.0000
0.0000
0.0000
0.0000
0.0000
0.0000
0.0000
0.0000
2.2110
0.0000
0.7395
0.0000
1.5303
2.3919
0.0000
0.0000
6.8567
0.0000
0.0000
0.5818
0.0000
0.0000
0.0000
6.0062
0.0000
0.0000
0.0000
0.0000
2.3030
0.0000
0.0000
0.5677
0.0000
0.0000
3.4512
0.0000
0.0000
0.0000
1.2973
0.0000
0.0000
1.4720
0.0000
0.0000
0.0000
0.0000
0.0000
1.2006
0.0000
0.0000
0.0000
0.0000
1.8913
0.0000
0.0000
0.0000
0.0000
1.9106
0.0000
0.0000
0.0000
0.0000
0.3098
1.3356
0.4527
0.0000
0.0000
0.0000
0.0000
0.0000
0.0000
0.0000
0.0000
0.0000
0.0000
0.3482
0.0000
0.0000
0.0000
0.0000
0.0000
0.0000
3.6397
0.0000
0.0000
0.0000
0.0000
0.0000
0.0000
0.0000
4.1206
0.0000
0.0000
1.2476
0.0000
0.0000
0.0000
0.4896
0.0000
0.0000
0.2598
0.0000
0.0000
0.0000
0.0000
0.0000
0.0000
0.0000
0.0000
0.0000
1.4116
0.0000
0.0000
1.6514
3.2144
0.1982
0.0000
0.0139
0.0000
0.0000
1.5620
0.4967
0.0000
0.0000
1.6440
1.1195
0.0000
0.0000
4.9311
0.0000
0.0000
0.0000
0.0000
0.0000
0.0000
0.0000
0.0000
0.0000
0.0000
0.0000
0.0000
2.2622
0.0000
0.0000
0.0000
0.0000
0.0000
0.0000
0.0000
0.0000
0.0000
0.0000
0.0000
0.0000
0.0000
4.7155
0.0000
0.0000
0.0000
4.4888
0.0000
1.6751
0.0000
0.0000
0.0000
0.0000
0.0000
0.0000
0.0000
0.0000
0.0000
0.0000
0.2696
0.0000
0.0000
0.0000
0.0000
0.0000
0.0000
0.0000
0.0000
0.6500
0.0000
1.9857
0.0000
0.0000
0.0000
0.0000
0.7573
0.0000
0.0000
0.9126
0.0000
0.0000
0.0000
0.0000
0.1298
0.0000
0.0577
0.2014
0.0000
0.0000
0.6886
2.1993
0.0000
0.0000
0.0000
0.0000
0.0000
0.0000
1.9267
0.0000
0.0000
0.0000
1.2423
2.0377
0.0000
0.0000
0.0000
0.0000
0.0000
3.3712
0.0000
1.6131
0.0000
0.0000
0.0000
0.0000
0.0000
0.0000
0.8913
0.0000
0.0000
0.0000
0.0000
0.0000
0.0000
0.0000
0.0000
0.0000
0.0000
0.0000
0.0000
0.0000
0.0000
0.0000
0.0000
0.4878
0.0000
0.0000
0.0000
0.0000
0.0000
0.0000
0.0000
0.0000
0.0000
1.9716
0.0000
2.1695
0.0000
0.3815
0.0000
0.0000
0.0000
4.1503
0.2845
0.0000
0.0000
0.0000
0.0000
0.0000
0.0000
0.0000
0.0000
0.0000
0.3155
0.9824
0.0000
0.0000
0.0000
1.2309
0.0000
0.0000
0.0000
0.0000
0.0000
1.9468
0.0000
0.4105
0.0000
0.2650
0.0000
0.0000
2.7906
0.0000
0.0000
0.0000
0.0000
0.6223
0.0000
0.0000
0.0000
0.0000
0.0000
0.0000
4.9182
0.0000
0.0000
0.0000
0.0000
0.0000
0.0000
0.0000
0.0000
0.0000
0.0000
0.0000
0.0000
0.0000
2.1386
0.0000
0.3831
0.0000
0.0000
0.0000
1.4532
0.0000
0.0000
0.0000
0.0000
0.0000
0.0000
0.0000
0.0000
0.0000
0.0000
0.0000
0.0000
0.0000
0.0000
0.0000
0.0000
0.0000
1.5839
0.0000
0.0000
0.0000
0.7634
0.0000
1.3600
0.0380
0.0000
0.0000
0.0000
0.6232
2.0366
0.0000
0.0000
0.0000
0.8194
4.0696
0.0000
0.0000
0.0000
0.0000
0.0000
0.0000
0.0000
0.0000
0.1471
0.7691
0.0000
0.0296
0.0000
1.4087
0.0000
1.1040
0.0000
1.7173
2.6994
0.0000
0.0000
1.3439
0.0000
0.8405
0.0000
1.8169
0.0000
0.8068
0.0000
0.0000
0.0000
0.0000
0.0000
6.2651
0.0000
0.0000
0.3126
0.0000
2.8030
0.0000
0.0000
0.0000
0.0000
0.0000
0.0000
0.0000
2.3997
0.2968
0.0000
0.0000
0.0000
0.0000
0.0000
0.0000
0.9578
1.8798
0.0000
0.0000
0.0000
0.0000
0.0000
5.7333
0.0000
1.3225
0.0000
0.0000
1.6944
0.0000
0.0000
0.0000
0.0000
0.0000
0.0000
0.7338
0.0000
0.0000
3.5471
0.0000
0.0000
0.0000
0.0000
0.0000
0.0000
0.1697
0.0000
0.0000
0.0000
1.0614
0.0000
0.0000
0.0000
0.0000
0.0000
0.0000
0.0000
4.5222
0.0000
0.1902
0.0000
0.0000
0.0000
0.0000
0.0000
0.0000
0.0000
0.7986
0.0000
3.8424
0.0000
0.0000
0.0000
0.0000
0.0000
0.0000
0.0000
0.0742
0.0000
0.0000
0.8091
0.0000
0.0000
0.0000
0.3333
3.5400
4.8427
0.0000
0.0000
0.0000
0.0000
0.0000
0.0000
0.0000
0.0000
0.0000
0.0000
0.8911
0.0000
0.5448
1.1502
1.1969
0.0000
0.0000
0.0000
0.0000
1.2311
1.3581
0.0000
0.0000
0.0000
0.0000
0.0000
1.0621
0.0000
2.6221
0.0000
2.2904
0.5441
0.0000
0.0000
0.0000
0.8828
0.0000
0.0000
2.5823
1.4841
0.0000
0.0000
0.0000
0.0000
3.9008
0.0000
0.0000
0.0000
0.0000
0.0000
0.0000
0.0000
0.0000
0.0000
0.0000
0.9091
0.0000
0.0000
0.0000
0.0000
0.0000
0.0000
0.0000
0.0000
0.0000
0.0000
1.1783
0.0000
1.7655
2.3593
0.0000
0.0000
1.6074
0.0000
0.0000
0.0731
0.0000
0.0000
0.0000
0.0000
0.0000
0.0000
0.0000
1.3695
0.0000
0.0000
0.0000
0.0000
0.0000
0.0000
2.9330
1.8465
0.2973
0.0000
0.0000
3.9249
0.0000
0.0000
0.0000
0.0000
0.5017
0.0000
0.0000
0.0000
0.0000
0.0000
1.9626
0.0000
0.0000
0.0778
1.0898
0.0000
0.2876
0.0000
0.0000
0.0000
0.0000
0.5062
0.0000
0.0000
0.0000
0.0000
0.0000
0.0000
0.0000
0.1692
0.0000
0.0000
0.0000
0.0000
0.0000
0.0000
0.0000
0.0000
0.0000
0.0000
0.0000
3.6848
0.0000
0.0000
3.1975
0.0000
0.0000
0.0000
0.0000
0.0000
0.0000
0.0000
0.0000
0.0000
0.4214
0.0000
0.0000
0.0000
0.0000
0.0000
3.6894
0.0000
0.0000
0.8938
0.0000
0.0000
0.0000
0.0000
2.6349
0.1277
0.0000
0.0000
0.0000
0.0000
0.5399
0.0000
0.0000
0.0000
0.0000
0.0000
0.0000
0.0000
0.0000
0.0000
0.0000
0.0000
0.0000
1.5723
0.0000
0.0000
0.0000
0.0000
0.0000
3.3058
0.0000
0.0000
0.8203
0.0000
0.0000
0.0000
0.0000
0.1147
0.4897
0.0000
0.0000
0.0000
0.0000
6.1015
0.0000
4.8258
0.0000
0.0000
0.0000
0.0000
0.0000
0.0000
0.0000
0.0000
0.0000
0.8306
0.0000
1.5227
0.0000
0.0000
0.0000
0.0000
0.4744
2.4983
0.8099
1.2164
0.0000
0.3166
0.0000
0.0000
0.3647
0.0000
2.5785
0.0000
0.0000
0.0000
0.0000
0.0000
0.0000
0.7451
0.0000
0.0000
0.0000
0.0000
0.0000
0.0000
0.1802
0.0000
0.0000
0.0000
0.0000
0.6581
0.0000
0.0507
0.0000
3.3564
0.0000
0.0000
1.3766
0.0000
0.0000
0.0000
2.1911
0.0000
0.0000
0.0000
0.0000
2.0294
4.6530
2.4452
0.0000
0.0000
0.0000
0.0000
0.0000
0.0000
0.0000
0.0000
0.7965
0.0000
0.0000
0.0000
0.0000
0.0000
0.6353
0.0000
0.0000
0.0000
0.0000
0.0000
5.8895
0.0000
0.0000
3.6589
1.0298
0.0000
0.0000
0.0000
0.0000
0.0000
0.0000
0.0000
0.0000
0.0000
0.4065
1.2921
0.0797
3.2948
1.1830
0.0000
1.5987
0.0000
0.0000
0.0000
0.0000
0.0000
0.0000
0.0000
5.3613
0.0000
0.0000
0.0000
0.0000
0.0000
0.0000
0.0000
0.0000
0.0000
0.0000
0.0000
0.0000
0.0000
0.0000
1.0388
1.1288
0.0000
0.0000
0.0000
0.0000
0.0000
0.0000
0.0000
4.8642
0.0000
0.0000
0.0000
0.0000
0.0000
1.0680
0.0000
0.0000
0.0000
0.0000
0.0000
0.0000
0.0000
0.0000
0.6303
0.0000
0.0000
0.0000
0.0000
0.0000
0.0000
0.9833
3.2670
0.0000
0.0000
0.0000
3.4115
0.2590
0.0000
0.0000
0.0000
0.0000
1.2655
0.0000
0.0000
0.1854
3.9716
0.0000
0.0000
0.0000
0.0000
0.0000
0.0000
0.0000
0.0000
1.0085
0.0000
0.0000
0.0000
4.7812
0.0000
0.0000
0.0000
0.0000
0.0000
0.0000
4.6674
0.0000
0.0000
0.0000
0.0000
2.6832
0.0000
0.0000
0.0000
1.0148
0.0000
0.0000
0.0000
0.0000
0.0000
0.0000
0.0000
0.0000
0.0000
1.3303
0.0000
5.1175
0.0000
0.0000
0.7276
0.0000
2.2400
0.0000
0.9740
0.0000
0.0000
1.9978
0.0000
0.0000
0.0000
0.0000
0.0000
0.0000
0.7374
0.0000
0.0000
0.0000
0.0000
0.0000
0.0000
0.0000
0.0000
0.0000
0.0000
1.1932
0.6888
0.0000
0.5395
2.1840
0.0000
5.0874
0.0000
0.0000
3.9109
3.3943
0.0000
0.0000
0.7870
0.0000
3.8127
0.0000
0.0000
0.0000
1.5479
0.0000
0.0000
0.0000
0.0000
0.0000
0.0000
0.0000
0.0485
1.0405
0.0000
1.1999
0.0000
0.0000
3.4820
0.0000
0.0000
0.0000
0.0000
0.0000
0.0000
0.0000
0.0000
0.3201
0.0000
0.0000
0.0000
3.4049
0.0000
0.0000
0.0254
0.0000
0.0000
0.0000
0.0000
0.9716
0.0000
0.0000
0.0000
0.0000
0.0000
0.0000
0.0000
0.0000
0.0000
0.0000
0.2345
0.0000
0.0000
0.0000
0.0000
0.0000
0.0000
0.0000
0.0000
1.2703
1.2289
0.0000
0.0000
0.0000
0.6307
0.0000
4.4747
0.0000
0.0000
2.2065
0.0000
0.0000
0.0000
0.0000
0.0000
0.0000
2.2266
0.0000
0.0000
0.0000
0.0000
0.0581
3.0071
0.1097
0.0000
0.0000
0.3884
0.1604
0.0000
0.0000
0.0000
0.0000
2.0838
1.8051
2.3400
0.0000
0.0000
1.5520
0.0000
0.0000
0.0000
0.0000
0.0000
0.9050
0.0000
0.0000
0.0000
0.0000
0.0000
3.4734
0.3554
0.5074
0.0000
0.0000
0.7370
0.0000
0.0000
0.0000
1.6848
0.0000
0.0000
3.2276
0.0000
5.4119
0.0000
0.0000
0.0000
1.1952
2.2267
0.7658
0.0000
0.0000
0.0000
0.0000
0.0000
0.0408
0.0000
0.0000
0.0000
0.0000
0.0000
0.0000
0.0000
0.0000
0.0000
0.0000
0.2414
0.0000
0.0000
0.0000
0.6525
0.0000
3.3822
0.0000
1.0155
0.5646
0.0000
0.0000
2.5851
0.0000
0.0000
0.0000
0.0000
0.2559
1.5437
3.9282
0.1791
0.0000
7.1555
0.3741
1.5875
0.0000
0.0000
2.2639
0.0000
0.3739
0.0000
0.0000
0.1449
0.0000
4.3236
0.0000
0.0655
0.0000
0.0000
0.0000
0.0000
0.0000
0.0000
0.0249
0.0000
0.0000
0.0000
0.0000
0.0000
0.0000
