0.1056
0.0000
0.0000
0.0000
1.7853
0.0000
0.0000
0.0000
0.3143
1.5975
0.3384
0.0000
0.7781
0.0000
0.0000
0.7146
0.0000
0.0000
0.0000
0.0000
0.0000
0.0000
2.4120
0.7603
2.3623
0.7182
0.0000
0.0000
0.0000
0.0000
0.0000
0.0000
0.0000
0.0000
2.8253
0.0000
0.0000
0.0000
1.9221
1.6241
0.0000
0.1703
0.0000
0.0000
0.0000
0.0000
0.0000
0.0000
0.0000
0.4627
0.0000
0.0000
0.0000
0.0000
0.0000
0.0000
0.0000
0.0000
0.0000
0.0000
0.0000
2.7490
0.0000
0.0433
0.0000
0.1346
0.0000
0.0000
0.0000
0.0000
0.0000
3.1641
0.0000
0.0000
0.0000
0.0000
0.0000
0.0000
0.0000
0.0000
0.0000
0.0000
0.0000
0.0000
0.0000
1.3669
0.0000
2.2894
0.0000
0.0000
0.0000
0.0000
1.4831
2.0336
0.0000
0.0000
0.0000
0.0000
2.2391
0.0000
0.0000
0.0000
0.0000
0.0000
0.0000
0.0000
0.0000
0.0000
0.5726
1.4386
0.0000
0.0000
0.5682
0.0000
0.0000
0.0000
0.1675
0.0000
0.0000
0.0000
3.7514
0.0000
2.5959
0.0000
0.0000
0.0000
0.7948
0.0000
0.0000
1.0123
0.0000
0.0000
0.0000
0.0000
2.3600
0.0000
0.0000
1.3701
0.0000
2.8543
2.5615
0.0000
1.6483
0.4161
2.6767
0.0000
0.0000
0.4299
0.0000
0.0000
0.0000
0.8707
0.4982
0.7572
0.0000
0.0000
0.0000
0.9483
0.0000
0.0000
1.9393
0.0000
0.3053
0.0000
0.0000
1.0409
0.0000
0.0000
0.0000
0.0561
0.0000
0.0000
0.0000
0.0000
0.0000
0.0000
0.0000
0.0000
0.0000
5.5577
2.5454
3.8593
0.0000
0.0000
0.0000
0.0000
1.0335
0.0000
1.6066
1.3755
0.0000
0.0000
0.0000
0.0000
0.0000
0.0000
0.0000
1.3520
3.5229
2.0597
0.0000
0.0000
0.0000
0.0000
0.0000
0.0000
0.0000
0.0000
0.0000
0.0000
0.0000
0.0000
0.0000
0.6519
0.0000
0.0000
0.0000
0.0000
0.0000
0.0000
0.0000
0.0000
0.0000
0.0000
1.1812
0.0000
0.0000
1.5457
0.0000
0.0000
0.0000
0.0000
0.0000
0.0000
2.2310
0.0000
2.2170
0.0000
2.1547
0.0000
0.0000
0.0000
0.0000
0.0000
0.0000
0.0000
0.0000
0.0000
1.3294
0.0000
0.0000
0.0000
0.0000
0.0000
0.0000
1.6411
0.0000
0.0000
0.0000
0.0000
0.0000
1.0216
0.0000
0.0000
0.0000
0.0000
0.0745
0.0000
0.0000
0.6605
3.6156
0.0000
0.0000
3.1420
0.0000
0.0000
0.0000
0.4027
0.0000
0.0000
1.1198
0.0000
0.3083
0.0000
0.0000
2.7821
0.0000
0.0000
0.0000
0.0000
0.0000
0.0000
0.0000
0.0000
3.3993
0.0000
0.0000
0.6560
0.0000
2.3685
0.0000
0.0000
0.0000
0.0000
0.0000
0.0000
0.0000
0.0000
0.0000
0.0000
0.0000
0.0000
0.0000
0.0573
1.6149
0.0000
0.0000
0.0000
0.0000
0.4219
0.0000
2.7800
0.0000
1.6078
0.0000
2.1281
0.0000
0.0000
0.0000
1.9210
0.0000
0.0000
0.0000
0.0000
0.0000
2.8626
0.6485
0.0000
0.0000
4.3255
0.0000
0.0000
0.0000
0.0000
0.0000
5.3087
0.0000
0.0000
0.0000
0.0000
0.0000
3.4960
1.4409
0.0000
1.6813
0.4221
0.0000
0.0000
0.6627
0.0000
0.0000
0.0000
0.0000
0.0000
0.0000
0.6275
0.0000
0.0000
0.0000
0.0000
0.0000
0.0000
0.0000
0.0000
0.0000
0.0000
0.0000
1.6855
0.0000
0.0000
3.7621
0.0000
1.3924
0.0000
0.0000
0.0000
0.6088
0.0000
0.0000
0.0000
4.2963
0.0000
0.0000
0.0000
0.0000
0.6421
0.0000
0.0000
0.0000
0.0000
0.0000
0.6347
0.0000
0.0000
0.0000
1.7556
0.0000
0.0000
0.8818
0.0000
0.0000
0.0000
0.0000
1.8403
0.2527
1.1413
0.0000
0.0000
0.5019
0.0000
0.0000
0.1832
1.2250
0.0000
0.0000
0.0000
0.0000
0.0000
0.0000
0.0000
0.0000
0.0000
0.0000
0.0000
0.0000
0.0000
0.0000
0.0000
1.3719
0.0000
2.6548
0.1177
0.4091
0.0000
2.8348
0.0000
0.0000
1.5518
2.5486
0.2576
0.2885
0.0000
0.0000
0.0195
0.0000
0.0000
0.0000
0.0000
0.0000
0.0000
1.4889
0.0000
0.9714
0.0000
0.0000
0.0000
0.0000
0.0000
0.0000
0.0000
0.0000
0.7561
0.0000
1.0449
0.0000
0.4527
1.0142
0.0000
0.0000
0.0000
0.0000
0.0000
0.3954
1.3697
1.3140
0.0000
0.0000
0.1620
0.0000
0.4121
0.0000
0.0000
0.0000
0.0000
0.0000
0.0000
0.0000
0.0000
0.5369
0.0000
0.0000
0.0000
0.9333
0.0000
0.0000
0.7172
0.0000
0.0000
0.0000
1.8133
0.0000
2.6854
0.0000
0.3682
0.0000
0.0000
0.0000
0.4986
6.2855
0.0000
1.3058
1.9963
0.0000
0.0000
0.0000
0.0000
0.0000
0.0000
0.0000
0.0000
0.8526
0.0980
0.2960
0.0000
0.0000
2.5934
0.0000
0.0000
0.4221
0.0000
0.0000
0.0000
0.0000
0.0000
0.0000
0.0000
0.0000
0.0000
0.0000
0.0000
0.0000
0.0000
0.0000
0.0000
0.0000
0.0000
0.0000
0.0000
0.0000
0.0000
0.0000
0.0000
0.0000
0.0000
0.0000
0.9343
0.0000
0.0000
0.0000
0.0000
0.0000
0.0000
0.0000
0.0000
0.0000
0.0000
0.7823
0.9414
0.0000
0.3695
0.0000
0.0000
0.0000
0.0000
0.0000
0.0000
0.0000
0.3999
1.7687
0.0000
0.0000
0.0000
0.0000
0.0000
0.0000
0.0000
0.0000
0.0000
2.2051
0.0000
0.0000
1.6637
0.0000
0.0000
0.0000
0.0000
0.8593
0.0000
0.0000
0.0000
0.0000
0.0000
0.0000
3.4504
0.0000
0.0000
0.2687
0.5041
0.0000
0.0000
1.6560
0.0000
1.3640
0.0000
0.0000
1.6691
0.0000
0.0000
0.0000
0.0000
0.0000
0.0000
0.0000
0.1707
0.0000
0.9807
0.0000
0.9070
0.0000
0.0000
0.0000
0.0000
0.0000
0.0000
0.0000
0.0000
0.0000
0.0000
0.0000
0.0000
0.0000
1.2288
0.6102
0.0000
0.0000
0.0000
0.0000
0.0000
0.0000
0.0000
0.0000
2.1768
0.0000
0.0000
0.0000
0.0000
0.0000
0.0000
0.0000
0.0000
0.1156
0.0000
0.0000
0.0000
0.0000
0.0000
0.0000
0.0000
0.0000
0.0000
0.0000
0.8988
0.0000
0.0000
0.0000
0.0000
0.0000
0.0000
0.0000
1.7394
1.3146
0.0000
4.0734
0.0000
0.0000
0.0000
0.0000
0.0000
0.0000
0.0000
0.3915
0.0000
0.0000
0.0000
0.0000
0.0000
0.0000
0.0000
0.5140
0.0000
0.0000
5.4143
0.0000
0.0000
0.0000
0.0000
0.0000
0.0000
0.0000
0.0000
0.0000
0.0000
0.0000
0.0000
0.0000
0.0000
0.7442
0.0000
0.1205
0.0000
0.0000
0.0000
0.0000
1.4239
0.0000
0.0000
0.0000
0.0000
0.0000
1.8323
0.0000
0.0000
0.0000
1.5477
0.0000
0.0000
0.0000
0.2237
0.0000
0.0000
0.0000
0.1164
0.0000
0.0000
0.0000
0.0000
0.0000
0.0000
0.0000
0.0459
0.0000
0.0000
1.1669
0.2364
0.0000
0.8446
0.0000
0.7141
0.0000
0.0000
0.0000
0.0000
0.0000
0.0000
0.0000
0.0000
0.0000
0.0000
1.6640
0.5752
0.0000
0.0000
0.0000
0.0000
0.0000
0.0000
0.0000
0.0000
0.0000
0.0000
0.0000
0.0000
1.0665
0.5313
0.0000
0.0000
0.0000
0.0000
0.0000
0.0000
0.0000
0.0000
2.6494
0.3361
0.0000
0.9532
0.0000
0.0000
0.0000
0.0000
0.8806
0.6244
0.0000
0.0000
0.0000
0.0000
0.5874
0.0000
0.0000
3.0087
1.6680
0.0000
0.0000
0.0000
0.0000
0.0000
0.0000
0.0000
0.0660
0.0000
0.4616
0.0000
0.0000
0.0000
0.0000
0.0000
0.0000
1.8445
0.0000
0.0000
0.0205
0.0000
0.0000
0.0000
0.0000
0.0000
0.0000
0.0000
0.2719
0.0000
0.0000
0.0000
0.0000
0.0000
0.0000
0.0509
0.0000
0.0000
0.0000
0.0000
1.1564
0.0000
0.0000
3.0338
0.0000
0.7465
0.0000
0.0000
0.0000
0.0000
0.0000
0.0000
1.3745
0.0000
0.0000
0.0550
0.0000
0.4789
0.0000
0.0000
0.0000
0.0000
0.0000
0.0000
0.0000
0.0000
0.0000
0.0000
0.0000
0.0000
0.1296
0.0000
0.0000
0.0000
0.0000
0.0000
0.0000
2.5765
1.9899
0.0000
0.0000
0.0000
0.0000
0.0000
0.0000
0.0000
0.0000
0.0000
0.0000
0.3376
0.0000
0.0000
3.0167
0.0000
0.0000
0.0000
0.0000
0.3066
0.0000
0.0000
0.0000
0.0000
0.2263
0.0000
0.0000
4.3613
1.4743
0.0000
0.0000
0.0000
0.0000
0.0000
0.0000
0.0000
0.0000
0.4642
0.0000
0.0000
0.0000
0.0000
0.0000
0.0000
0.0000
0.0000
0.4927
1.3407
0.0000
0.4357
0.0000
4.2677
0.0000
0.9273
0.0000
0.0000
0.0000
0.0000
1.8827
0.0000
0.0000
0.0000
0.0000
2.7082
0.0000
0.7579
0.0000
0.0000
0.0000
1.2186
0.5375
0.0000
0.0000
0.0000
0.5125
0.0000
0.0000
0.0000
1.2744
0.2319
0.0000
0.0000
0.0000
1.4699
0.0000
0.0000
1.8508
1.2045
1.4430
0.0000
0.0000
0.0000
0.2645
0.0000
0.0000
0.0000
0.0000
0.0000
0.0000
0.0000
0.0000
4.6684
0.0000
0.0000
0.0000
0.1079
0.0000
1.2251
0.0000
0.0000
0.0000
2.3363
0.0000
2.5204
0.0000
4.5354
0.0000
0.0000
0.0000
2.7496
0.0000
0.5841
0.0000
3.4570
0.7984
0.0000
0.0000
0.4013
2.4569
0.0000
0.0000
1.8067
0.8964
1.0808
1.0489
0.0000
0.4353
0.0000
1.8448
0.0000
1.3954
0.0000
0.0000
0.6883
0.0000
0.0000
0.0000
0.0000
1.4575
0.0000
0.8877
0.0000
0.0000
0.0000
0.0000
0.0000
0.0000
0.0000
0.0000
0.0000
0.0000
0.0000
0.9594
0.0000
0.4139
0.0000
0.0000
1.4371
0.7259
0.0000
0.0000
0.0000
0.7543
0.0000
0.0000
0.4866
0.0000
0.0000
1.7913
0.0000
0.0000
0.7786
0.0000
0.0000
0.0000
0.0000
0.0000
0.6574
0.0000
1.0292
0.0000
0.0000
0.0000
1.1331
0.0000
0.0000
0.3722
0.0000
0.0000
0.2907
0.0000
0.6321
0.0000
0.0000
0.1826
0.0000
0.7972
0.0000
0.0000
0.0000
0.0000
0.6632
0.0000
1.0980
0.0000
0.0000
0.0000
0.0000
0.2523
0.0000
0.0000
0.0000
0.0000
0.0000
0.3907
0.0000
0.4126
0.0000
0.1422
0.0000
0.0000
0.0000
0.0000
0.0000
0.0000
0.0000
0.0000
0.0000
0.0000
0.0000
0.0000
0.0000
0.0000
0.0000
0.0000
0.0000
0.5824
0.0000
3.2566
0.0000
0.0000
0.0000
0.0000
1.0028
0.7639
0.0000
0.0000
0.7899
0.0000
0.0000
0.5103
0.0000
0.0000
0.0000
0.0000
0.0000
0.0000
0.0000
1.6475
0.0000
0.0000
0.0000
3.3211
0.0000
0.0000
0.0000
3.7256
3.2779
0.0000
0.0118
0.0000
0.0000
0.0000
0.9306
0.0000
0.0000
0.0000
0.0000
0.0000
0.0000
0.2931
0.0000
0.3516
0.2353
0.0000
0.0000
1.3278
0.0000
0.0000
0.0000
0.0000
0.0000
1.8712
1.9723
0.0000
0.0000
0.6091
0.0000
0.6678
0.0000
0.0000
0.0000
1.1707
0.2088
1.4262
0.0000
0.0000
0.0000
0.0000
0.0000
0.4973
0.0000
0.0000
0.0000
0.0000
3.3974
0.0000
0.0000
0.0000
0.0000
0.0000
0.0000
0.0000
0.0000
0.0000
0.1979
0.0000
0.0000
0.0000
0.0000
0.0000
0.0000
0.0000
0.0000
0.0000
0.0000
0.0000
0.1856
0.0000
0.0000
3.7503
0.0000
0.0000
0.0000
3.2681
0.0000
0.9446
0.0000
0.0000
4.0675
0.0000
0.0000
0.0000
0.0000
0.0000
0.0000
0.0000
0.0000
0.0000
0.0000
0.0000
0.0000
0.0000
0.3608
2.5912
0.0000
0.0000
0.0000
0.0000
0.0000
0.0000
1.4748
0.0000
0.0000
0.0000
0.0000
0.0000
0.0000
1.8207
0.0000
0.0000
0.1606
0.0000
2.1067
1.2571
0.0000
0.0000
0.0000
0.2900
0.0210
0.0000
0.0000
0.1927
0.0000
2.4003
0.0000
0.0000
0.0000
0.0000
0.0000
0.0000
0.0000
0.0000
0.0000
0.1298
0.0000
0.0000
0.0000
0.0000
0.0000
0.0000
0.0000
0.0000
0.0000
0.0000
0.0000
0.0000
0.0000
0.0000
0.0000
0.0000
0.0000
0.0000
0.0000
0.0000
1.7076
0.0000
1.5673
0.0000
0.7313
0.0000
0.9749
0.0000
0.0000
0.0000
0.0000
0.0000
0.0000
0.0000
0.0000
0.0000
0.0000
0.0000
0.0000
0.0000
0.0000
0.0000
0.0000
0.0000
0.4110
0.0000
0.0000
0.0000
0.0000
0.5350
0.0000
0.0000
0.0000
0.0000
0.0000
2.3671
2.1660
0.0000
1.7653
0.0000
0.2117
0.0000
0.0000
0.0000
0.0000
0.0000
0.0000
0.0000
0.0000
0.8066
2.4346
0.5628
0.0000
0.0000
0.0000
0.0000
0.0000
0.0000
0.0000
0.0000
0.0000
0.0000
3.3547
0.0000
1.9053
0.7770
3.9452
0.0000
0.0000
0.0000
0.0000
0.0682
0.0000
0.0000
1.8312
0.0000
0.0000
0.0462
0.0000
0.8610
0.0000
0.0000
0.0000
0.0000
1.1244
0.0000
0.0000
0.0000
0.8597
0.0000
0.0000
0.2099
0.8442
0.0000
1.9856
0.0000
0.0000
2.2897
1.6193
0.0000
0.0000
0.0000
0.0000
0.0000
0.0000
0.6765
0.0000
0.0000
0.1749
0.0000
0.0000
0.0000
0.0535
0.0000
2.4784
0.0000
3.3836
0.0793
0.0000
0.0000
0.0000
0.0000
0.1163
0.0000
0.0000
0.0000
0.0000
0.0000
0.0000
2.2843
1.2378
0.0000
0.0000
0.0000
1.4990
0.0000
0.0000
0.0000
0.0000
0.0000
0.0000
0.0000
0.0000
3.1555
0.0000
0.9916
0.0000
0.0000
0.0000
0.0000
0.0000
0.0000
0.0000
1.5639
1.1517
0.0000
0.4218
0.0000
0.0000
0.0000
1.0775
0.0000
0.1059
0.0000
0.0000
0.0000
0.0000
0.0000
0.0000
0.5181
1.0500
0.0000
0.7113
0.0000
0.0000
0.0000
0.3208
0.0000
0.0000
3.8353
0.5670
0.8970
0.0000
0.0000
0.0000
0.0000
2.7444
2.7917
0.7397
0.0000
0.0000
0.0000
0.0000
0.0000
0.0000
0.0000
0.0000
0.0000
0.0000
0.0000
0.0000
0.0000
0.0000
0.0000
0.0000
0.0000
0.3658
0.0000
0.0000
0.0000
0.5266
0.0000
0.0000
0.0000
0.0463
0.0000
0.0000
0.0000
0.6246
0.0000
0.0000
0.0000
0.0000
2.3027
0.0000
0.0000
0.0000
0.2858
2.7409
0.0000
0.9176
0.0000
0.0000
0.0000
1.6746
1.0391
1.8304
0.0000
0.0000
0.0000
0.0000
0.0000
2.7934
0.0000
0.0000
0.0000
0.0000
0.0000
0.0000
0.0000
0.0000
0.0000
0.0000
0.9590
0.0000
0.0000
0.0000
0.6108
0.0000
0.0000
0.0000
3.2037
0.4326
0.0000
0.0000
0.0000
2.0307
0.0000
0.0000
0.0782
2.2164
0.0000
0.0000
0.0000
0.0000
0.0000
0.0000
0.0000
0.0000
0.0000
0.0000
0.0000
0.2967
0.0000
0.0000
0.0000
3.5807
0.3361
0.3360
4.2101
0.1420
0.0000
0.0000
0.0000
0.9216
0.0000
0.0000
0.0000
0.8068
1.2371
0.0000
0.0000
0.3075
0.0000
0.0000
0.0000
0.0000
0.0000
0.0000
0.0000
0.0000
0.0000
0.0000
1.1834
0.0000
0.0000
0.0000
0.0000
0.0000
0.0000
0.0000
0.0000
0.0000
0.0000
0.8516
0.4692
0.4005
2.6387
0.0000
0.0000
0.0000
0.0000
0.0000
0.0000
0.0000
0.0000
0.0000
0.0000
0.0000
0.3567
0.0000
1.8872
0.0000
2.0564
0.0090
0.0000
0.0000
0.0000
1.3083
0.0000
0.0000
0.0000
0.4551
0.0000
0.0000
1.5977
0.0000
0.0000
0.0000
0.0000
0.0000
0.0000
0.0000
0.0000
0.0000
0.0000
0.0000
0.0000
0.0000
0.0000
0.4566
0.0000
1.4058
0.0000
1.1626
0.3069
2.1566
0.0000
0.0000
0.0000
0.0000
0.0000
1.9100
0.3044
2.2251
0.0000
0.0000
0.6215
1.4558
0.0000
0.0000
0.0000
0.0000
0.0000
0.0000
0.0000
0.0000
0.0000
0.0000
0.0000
0.0000
0.0000
1.6975
0.0000
4.1510
0.0000
0.7518
0.0000
0.0000
0.0000
0.0000
0.0000
3.7315
0.0000
0.7535
2.6430
0.0000
0.0000
0.4030
0.8160
0.0000
1.7803
1.5896
0.8164
0.0000
0.0000
1.0017
1.4272
0.0000
0.0000
0.0771
0.0000
0.1467
0.1429
0.0000
0.0000
0.0000
0.0000
0.0000
1.5893
0.0000
3.3938
0.0000
0.0000
4.6460
0.0000
2.2979
0.0000
0.0000
0.0000
0.0000
0.5568
0.0000
0.0000
0.1058
0.0000
0.0000
2.3278
0.0000
2.3603
0.0000
0.0000
0.0000
0.0000
0.0000
0.0000
0.0000
1.3904
3.2131
0.0000
0.0000
2.2446
0.0000
0.0000
3.1637
0.0000
0.0000
0.5898
0.0000
0.0000
0.0000
0.0000
0.2306
0.0000
0.0000
0.0000
0.0000
0.0000
2.0509
0.5815
0.0000
0.0000
0.0000
1.3782
0.0000
2.4553
0.5668
0.4249
0.0000
0.0000
0.0000
0.0000
0.0000
0.0000
0.0000
0.0000
0.2649
0.0000
0.0000
0.0000
0.0000
0.0000
0.0000
0.0000
0.0000
0.0000
0.0000
1.9502
0.9475
1.6181
0.0000
0.0000
0.4290
0.0000
0.0000
0.0000
0.0000
0.3754
0.4833
0.0000
0.0000
0.0000
0.0000
0.0000
0.9531
0.0000
0.0000
0.0000
1.3636
0.0000
0.0000
0.0000
0.0000
0.0000
0.0000
0.7080
0.0000
1.3895
0.0000
0.0000
0.0000
0.0000
0.0000
0.5444
0.0000
0.0000
0.0000
0.0000
2.7060
0.0000
2.3545
0.1038
0.0000
0.0000
1.5146
0.0000
0.0000
0.0000
0.0000
0.7829
0.0000
0.8162
2.3855
0.0000
0.0000
0.0000
0.9569
0.0000
0.0000
0.0000
0.0000
0.0000
0.9811
0.0000
0.0000
0.0000
0.0000
1.0668
1.3862
0.0000
1.1735
0.0000
0.0000
1.1716
0.0000
4.7468
0.0000
0.0000
0.0000
0.0000
0.0000
0.0000
0.0000
0.1580
0.0000
0.0000
0.0000
0.0000
0.0000
0.0000
0.0000
0.0000
0.0000
0.0000
0.0000
0.0000
1.5029
0.2067
0.0000
0.4402
0.2894
1.5185
0.1252
0.4772
0.0000
0.0000
0.5172
0.0000
0.0000
3.2885
0.0000
0.0000
1.2635
2.3062
0.0000
0.0000
0.0000
0.0000
0.0000
0.2926
0.7154
1.6626
0.0000
0.0000
0.0000
0.0000
0.0000
0.0000
0.0000
0.0000
0.0000
1.2152
1.6319
0.0000
1.8781
0.0000
0.0000
0.0000
0.0000
0.2141
0.0000
0.0000
0.0000
1.7099
1.1640
0.0000
0.0000
0.0000
0.0000
0.0000
0.6049
1.6836
0.0000
0.0000
0.0000
0.0000
1.3167
2.0442
0.0000
0.0000
0.0000
0.0000
0.0000
2.0168
0.0000
0.0000
0.0000
0.0000
0.0000
0.0000
0.0000
0.0000
0.0000
0.0000
0.0000
0.0000
0.3721
0.0000
0.0000
0.0000
1.1787
0.0000
0.5453
0.0106
0.0000
0.0000
0.0000
0.0000
0.1300
0.0000
0.0000
0.0000
0.6635
0.0000
0.4808
0.1357
0.0000
0.0000
0.0000
0.0000
0.0000
0.0000
0.0000
0.0000
0.0000
0.0000
0.0000
2.7237
0.0000
0.8751
0.0000
0.0000
0.0000
0.0000
0.0000
0.2438
0.0000
0.0000
0.0000
0.0000
0.0000
0.0000
0.0000
0.0000
0.0000
0.0000
0.0000
0.0000
0.8522
0.0000
1.1244
0.0000
1.0364
0.8734
0.0000
0.0000
0.0000
0.0000
0.6200
0.0000
0.1619
0.0000
0.0000
0.0000
0.8482
0.0000
1.4063
0.0000
0.0372
0.0000
0.0000
0.0000
0.0000
0.0000
0.0000
0.0000
0.0000
0.0000
2.9173
0.0000
4.4389
0.0000
0.0000
0.0000
0.0000
0.0000
1.6680
0.0000
0.7186
0.9278
0.0000
1.1778
0.0000
0.0000
0.0000
0.7857
1.0588
0.0000
0.0000
0.0000
0.0000
0.2401
0.0000
0.0000
0.0000
0.0000
0.0000
0.0000
0.0000
0.4748
0.0000
2.2017
1.9102
1.0021
0.0000
1.1411
0.0099
0.7679
0.0000
0.0000
0.0000
0.0000
1.4183
0.4161
1.7240
0.0000
0.0000
0.0000
0.0000
0.0000
0.0000
0.0000
0.0000
0.0000
0.0000
0.0000
0.0000
0.0000
0.0000
0.0000
0.0000
1.8499
0.9399
0.0000
0.0000
0.0000
0.0000
1.9386
0.0000
0.0000
0.0000
0.2070
0.0000
0.0000
0.6810
0.0977
1.0143
0.0000
0.0000
0.0000
0.0000
0.0000
0.0000
0.0000
0.0000
0.0000
0.0000
0.0000
0.0000
0.0000
0.0000
0.1037
0.0000
0.0000
0.2800
1.2165
0.0000
0.0000
0.0000
3.7025
0.0000
0.0000
0.0000
0.5590
0.0000
0.0000
0.9402
0.0000
0.0000
0.0000
2.2890
2.6748
0.0000
0.0000
0.0000
0.0000
2.3267
0.0000
0.0000
0.0000
0.0000
0.0000
0.9782
0.5605
0.0000
1.2220
0.0000
0.0000
0.0000
0.0000
0.0000
0.0000
0.0000
0.0000
0.0000
0.0000
0.0000
0.0000
0.0000
0.0000
0.0000
0.0000
0.0000
0.0000
0.0000
1.3571
0.0000
0.0000
0.0000
0.0000
0.0000
0.8847
0.0000
0.0000
2.6947
0.0000
0.0000
1.1005
0.0000
1.8535
0.0000
0.0000
0.0000
0.0000
0.0000
0.0000
0.0000
0.0000
0.0000
0.0499
1.1451
0.0000
0.0000
0.0000
0.0000
0.0000
1.7637
0.0000
0.0000
0.0000
0.0000
0.0000
0.0442
0.0000
0.0000
0.0000
0.0000
0.0000
0.0000
0.4309
0.2830
0.0000
0.7083
1.9142
0.0000
0.0000
0.0000
0.8744
0.0000
0.0000
0.0000
0.6235
0.3408
0.0000
0.0000
0.0000
0.0000
2.7035
5.8163
0.0000
0.6878
0.0139
0.0000
0.0000
0.0000
0.0000
0.0000
0.0000
0.0000
0.0000
0.0000
0.0000
0.0000
0.0000
0.0000
0.0000
0.0000
0.0000
0.0000
0.0000
1.0115
0.0000
0.4910
0.0000
0.0000
0.9428
0.0000
0.0000
0.0000
0.0000
0.0000
3.6425
0.6653
0.0000
0.0000
1.1716
0.0000
0.0000
0.0000
0.0076
0.0000
0.0000
0.3925
0.0000
0.0000
0.0000
0.3715
0.0000
1.6372
0.0000
0.0000
3.5257
0.0000
1.1753
0.0000
0.9199
0.2711
0.0000
0.0000
0.3583
0.0000
0.0000
0.0000
0.0000
0.0000
0.4004
0.0000
0.0000
1.4689
0.0000
0.0000
0.0128
0.0000
0.0000
0.7000
0.0000
0.0000
0.0000
0.0000
0.3377
0.0000
0.0000
2.7060
0.0000
1.4321
1.7322
0.0000
0.0000
0.0000
0.0000
0.0000
0.0000
0.0884
0.0000
0.0000
0.4878
0.0000
0.0000
0.0000
0.0000
0.0000
0.0000
0.0000
0.0000
0.0000
0.0000
0.0000
0.5800
0.0000
0.0000
0.0000
0.0000
0.0000
0.0000
1.3601
0.0000
0.0000
0.0000
0.0000
0.0000
1.3458
1.1792
0.0000
0.2396
0.0000
1.4913
0.0000
0.0000
0.0000
0.0000
0.7063
0.0000
0.0000
3.7421
2.8112
0.0000
0.0000
0.0000
2.9020
0.1543
0.0000
0.0000
0.1302
0.0000
0.0000
0.0000
0.0000
0.0719
0.0000
0.0000
0.0000
0.0000
0.0000
0.0000
0.0000
0.0000
0.0000
1.0383
0.0000
0.3452
0.0000
0.6144
1.1978
0.0000
0.0000
0.1754
0.0000
0.0000
0.0000
0.0000
0.0000
1.2941
0.0000
1.2048
0.0000
0.5055
0.0000
0.0000
0.3516
3.0130
0.0000
0.0000
0.0000
0.0000
0.0000
0.0000
0.0000
0.0000
0.0000
0.0000
0.4505
0.0000
0.0000
0.0000
0.6531
0.0000
0.0000
0.0000
0.0000
0.0000
0.0000
0.0000
0.0000
0.0000
0.0000
0.0000
0.4417
0.0000
1.3208
0.0000
0.0000
0.0000
0.0000
0.2428
0.0000
0.0000
0.0000
0.0000
2.3835
0.0000
0.0000
0.0000
0.0000
0.0000
0.0000
1.5620
1.2990
0.0000
0.0000
0.0000
0.0000
0.0000
0.1247
0.0000
0.0000
0.0000
4.9788
0.0000
0.0000
1.4128
0.0000
1.7491
0.0000
0.0000
0.5092
0.0000
0.0000
0.0000
1.2178
1.7388
1.8741
0.0000
4.0144
1.9087
0.0000
0.0000
0.0000
2.2238
0.0000
2.6407
0.0000
0.0000
0.0000
0.0000
0.0000
1.4859
0.0000
0.0000
0.0000
0.0000
0.0000
0.0000
1.3123
0.2152
0.0000
0.0000
0.7572
0.0000
0.0000
0.9625
0.0000
0.0000
0.0200
0.0000
0.0000
0.0000
0.0000
0.0000
0.0000
1.8490
0.0000
4.5714
0.0000
2.4349
2.2937
2.2729
0.0000
0.0000
0.0000
0.0000
0.0000
0.5727
0.0000
0.5824
2.9211
0.0000
0.0000
0.0000
0.0000
0.0000
0.0000
0.0000
3.1632
0.0000
0.0000
0.0000
0.6017
0.1504
0.0000
0.3269
0.0000
0.0000
0.9857
0.0000
1.1637
0.0000
0.0000
2.9760
0.0000
0.0000
0.0000
0.0000
0.0000
2.7799
0.0000
0.0000
0.0000
0.0000
0.0000
0.2037
0.0000
0.0000
0.0000
3.3280
0.7649
0.0000
0.0000
0.0000
0.0000
0.0000
1.4719
0.0000
0.0000
0.0000
0.0000
0.0000
0.0000
0.0000
0.0000
0.0000
0.0000
1.3923
0.0000
0.0000
1.5733
0.0000
0.0000
0.0000
0.3572
0.0000
0.8742
0.6189
0.0000
0.0000
0.3357
0.0000
0.0000
0.0000
0.0000
0.4593
0.0000
0.1710
0.0000
0.0000
2.9993
0.0000
0.0000
0.6348
0.0000
0.0000
0.0000
0.2805
0.0000
0.0000
0.0000
0.0000
0.0000
0.4358
0.0000
0.0000
0.0000
1.5618
0.0000
0.9988
2.2564
0.0000
0.0000
0.0000
0.0000
0.0000
0.0000
0.0000
0.0000
0.0000
0.0000
0.0000
0.5888
0.0000
0.7718
0.0000
0.0000
0.0000
0.0000
0.1742
0.7951
0.0000
0.0000
1.2871
0.0000
0.0000
0.0000
0.0996
0.0000
0.0000
0.0000
0.0000
0.0000
0.0006
0.0000
0.3627
0.0000
0.0000
0.0000
0.0000
1.0120
0.0000
0.1711
0.0000
0.0000
2.1407
2.2735
1.2398
0.0000
0.0000
0.0000
0.0000
0.8553
0.5456
0.0000
0.0000
0.0000
0.0000
0.0000
0.0000
1.8325
3.7922
0.0000
0.0000
0.0000
0.0000
3.2579
0.0000
0.0000
0.0000
0.0000
0.0000
0.0000
0.0000
0.0000
0.4082
0.0000
0.0000
0.0041
0.0000
3.1505
0.0000
0.0000
0.6401
0.0000
0.0000
1.4409
0.0000
0.0000
0.0000
0.0000
2.2272
0.4591
0.0000
0.0000
0.0000
0.0000
0.0000
0.0000
2.8771
0.1680
0.0000
0.2081
1.9630
0.0720
0.0000
0.0000
0.0000
0.0000
0.0000
1.4738
0.0000
0.0000
0.0000
6.8256
0.0000
0.0000
0.0000
0.5915
0.3257
0.0000
0.0000
0.0000
0.0451
0.0000
0.3550
0.0000
0.0000
0.5846
0.3846
1.2960
0.0000
0.0000
0.0000
1.1264
0.0000
0.1762
0.0000
0.0000
0.3396
0.0000
0.0000
0.0000
0.0000
0.0000
0.0000
3.0003
1.9981
0.0000
0.0000
0.1758
0.0000
0.0000
0.1852
0.0000
0.4837
0.0000
0.0000
0.0000
0.0000
0.0000
0.0000
0.0000
0.0000
0.8954
0.0000
1.3001
0.1856
0.0000
1.8951
0.0000
0.0000
0.0000
0.0000
0.0000
0.0000
0.2936
0.0000
0.0000
0.0000
0.0000
1.9019
0.9762
0.0000
0.0000
0.0000
0.0000
1.7157
0.0000
0.0000
0.0000
0.0000
0.0000
0.0000
0.0000
0.0000
0.0000
0.0000
1.2367
0.0000
0.7910
0.0000
0.0000
0.0000
0.0000
0.0000
0.0000
0.8416
0.0000
0.0000
0.6749
0.1007
0.0000
3.5090
0.0000
0.0000
0.4670
1.3021
0.0000
0.0382
0.0000
0.0000
0.2156
0.0000
0.0000
0.0000
0.0000
0.0000
0.0000
0.0000
0.0000
0.8200
0.0000
2.5413
0.0000
1.6155
0.0000
0.0000
0.5774
2.2927
1.8535
0.0000
0.1649
0.0000
0.0000
0.0000
1.3894
0.0000
0.0000
0.0000
0.0000
0.4306
0.0000
0.0000
2.4903
0.0000
0.0000
3.7373
0.0000
0.0000
0.0000
1.4045
0.0000
0.0000
3.2684
0.0000
0.0000
0.4651
0.0000
0.0000
2.9531
0.0000
1.1165
0.0280
0.0000
0.9638
0.0000
0.1335
0.0000
0.0000
3.1245
0.0280
0.0000
0.0000
0.0000
0.0000
0.3582
1.1561
0.0000
0.0000
0.0000
0.0000
1.2873
0.6872
0.0000
0.0000
0.0000
0.0000
0.6978
0.0000
0.0000
0.0000
2.5116
0.0000
0.0000
2.9989
0.0000
0.0000
0.0000
0.8425
0.0000
0.0000
0.0000
1.7297
0.0000
0.0000
0.4981
0.0000
1.4068
1.0994
2.4268
0.2977
0.0000
0.6373
0.0000
0.0000
0.0000
1.5159
0.0000
0.0000
0.0000
0.0000
0.0000
0.1018
0.0000
0.0000
0.0000
0.0000
0.0000
0.0000
0.0017
0.0000
0.0000
0.0000
0.0000
0.0000
0.0000
2.5768
0.0000
0.0047
0.0000
4.9783
0.0000
1.5409
0.9293
0.0135
0.0000
0.0000
0.0000
0.0000
0.0000
0.0000
0.0000
0.0000
1.8074
0.0000
0.0000
0.0000
0.0000
0.0000
0.0000
0.0000
0.2947
0.0000
0.0000
0.0000
0.0000
0.0000
1.2540
0.0000
0.0000
0.0000
3.5142
0.0000
1.5264
0.0000
0.0000
0.0000
0.0000
0.0000
0.0000
0.0000
0.0407
0.0000
0.0000
0.3037
0.1711
0.0000
0.0000
0.0000
0.0000
0.0000
0.0000
0.0000
0.0000
0.4101
0.3497
0.0000
0.0000
0.0000
0.0000
0.6499
0.0000
0.0000
0.0000
0.0000
0.0000
0.5558
0.0000
0.0000
0.0000
0.0000
2.6148
0.0000
0.0000
0.0000
0.0000
0.0000
0.0000
0.0000
0.0000
1.7385
0.0000
0.0000
0.0000
0.0000
0.0000
0.0345
1.1639
0.0000
0.0000
0.0000
0.0000
0.0000
2.1294
0.2417
1.2805
0.0000
0.0000
0.0000
0.0000
0.0000
0.0000
4.0844
0.0000
0.0000
0.0000
0.0000
0.0000
0.0000
0.0000
0.0000
0.0000
0.0000
1.2120
0.0000
0.0000
0.0000
0.0000
0.0000
1.0347
0.0000
0.0000
1.0270
0.0000
0.0000
0.0000
0.0000
0.0000
0.0000
1.9421
0.5760
0.1963
0.0000
1.1246
0.0000
0.0000
0.0000
0.0000
0.9219
0.0000
0.0000
0.0000
0.0000
1.0871
0.0000
0.0000
0.0000
0.0000
0.0000
0.0000
0.0000
0.0000
0.0000
0.2644
0.0000
0.0000
0.0000
0.0000
0.0000
3.4674
0.3556
0.0000
0.0000
0.0000
0.0000
0.0000
0.0000
0.0000
0.0000
0.0000
1.2278
0.0000
0.0000
0.6266
0.0000
0.0000
0.0000
0.0000
2.0317
0.0000
0.0000
0.0000
0.0000
0.0000
0.0000
0.0000
0.0000
0.0000
0.0000
0.0000
0.0000
0.0000
0.0000
0.0000
0.4638
0.0000
0.5495
0.0000
3.3069
0.0000
0.0000
0.0000
0.0000
0.0000
0.0000
0.0000
0.1004
0.0000
0.0000
0.0000
0.0000
0.5624
0.0000
0.0000
0.0000
0.0000
0.0000
0.0000
0.0000
0.2316
0.0000
0.6575
2.0547
0.0000
0.0000
0.0000
0.0000
0.6390
0.0000
0.0000
0.0000
0.0000
0.8271
0.1388
0.0000
0.0000
0.0000
0.0000
0.0000
0.0000
0.0000
2.4788
0.0000
3.1707
0.0000
0.0000
0.0000
0.0540
0.0000
2.6261
0.0000
2.1595
0.8872
0.0000
0.0000
1.2970
0.1461
0.6249
0.0000
2.3757
0.0000
0.0000
0.0000
0.0000
0.3062
0.0000
1.5904
2.4887
0.8952
0.0000
0.0000
0.0000
0.3290
0.9750
0.0000
0.0000
0.0000
0.0000
0.0000
0.4672
3.8902
0.7267
0.0000
0.0000
0.0424
0.0000
0.6413
0.0000
1.3047
0.8869
0.0000
0.0000
0.0000
0.0000
0.0000
3.5578
0.0000
0.0000
0.0000
0.0000
3.2024
1.1156
0.0000
0.0000
0.0000
0.0000
0.0000
1.7062
0.0000
0.0000
1.7619
0.0000
0.0000
0.0000
0.0000
0.0000
1.9755
1.1852
0.0000
0.0000
0.0000
0.7713
0.7911
0.0000
0.0000
0.0000
0.3221
0.0000
0.0000
4.5127
0.0000
0.0000
0.0000
0.0000
0.2443
0.0000
0.0000
0.0000
0.0000
1.1668
0.0000
4.5936
0.0000
0.0000
0.0000
0.0000
0.0000
0.0000
0.0000
0.9919
0.0000
0.0000
0.0000
0.0000
0.0000
0.0000
0.0000
2.8080
4.3435
0.0000
0.0000
0.0000
0.0000
0.0000
0.0000
0.0000
0.0000
0.0000
0.0000
1.6399
0.0000
2.0182
1.3899
0.0000
0.0000
0.0000
0.0000
0.4991
0.1269
1.5496
0.0000
0.2189
0.0000
0.0000
0.0000
0.0000
0.0000
2.4211
0.0000
0.6919
0.0000
0.0000
0.0000
0.0000
0.0000
0.0000
0.0000
0.8345
1.0989
0.0000
0.0000
0.0000
0.0000
2.2708
0.0000
1.3888
0.0000
0.0000
0.0000
0.3693
0.0000
0.0000
0.0000
0.0000
3.2233
0.0000
0.0000
0.0000
0.0000
1.0230
0.0000
0.0000
0.0000
0.0000
0.0000
1.0558
1.8153
1.5488
1.4252
1.8437
0.0000
0.5837
0.0000
0.0000
0.8562
0.0000
0.0000
0.0000
0.0000
0.0000
0.0000
1.3309
0.0000
0.0000
0.0000
0.0000
0.0000
0.0000
0.0000
0.8935
0.0437
0.0000
0.0000
0.0000
3.3787
0.0000
0.0000
0.0000
0.0000
0.0000
1.4856
0.0000
0.0000
0.0000
0.0000
0.9877
0.0000
1.1935
0.5568
2.3804
0.0000
0.0000
0.0000
0.0000
0.2170
0.0000
0.2697
0.0000
0.0000
0.0000
0.9527
0.0000
0.1734
0.0000
0.0000
0.0000
0.7859
2.4426
0.0000
0.0000
0.0000
0.0000
0.0000
0.0000
0.0000
0.1643
1.3884
0.0000
1.3680
0.0854
1.1198
0.0000
0.0000
0.0000
0.0000
0.5663
0.0000
0.0000
0.0000
0.0000
0.0000
0.8388
0.0000
0.0000
0.0000
1.9583
0.8872
1.3574
0.3373
0.0000
0.0000
1.3190
0.0000
2.0245
0.0000
0.0000
0.0000
0.0000
0.0000
0.0000
3.0957
0.0000
0.0000
0.0000
0.2042
0.0000
0.0000
0.7579
0.0000
0.0000
0.0000
0.0032
1.1831
0.0000
0.0000
0.0000
0.5171
0.4064
0.1943
0.0000
0.0000
0.9272
0.0000
0.0000
0.0000
0.0000
0.0000
0.3306
0.0000
0.0000
0.0000
1.5883
2.3075
0.0000
2.9281
0.0000
0.0000
0.0000
0.0000
0.0000
0.2808
0.0000
0.0000
0.3517
1.1107
0.0000
2.2006
0.0000
0.0000
0.0000
0.0000
0.3398
1.9941
0.0000
0.0000
0.0000
0.0122
0.0000
0.0000
0.0000
0.0000
2.0712
0.0000
0.0000
0.0000
0.0000
0.0000
0.0000
2.6188
0.0000
0.0000
0.0000
0.0000
0.0000
0.0000
0.0000
0.1282
0.0000
0.0000
0.0000
0.5164
0.0000
0.6588
0.0000
1.7507
0.0000
0.0000
0.8631
0.0000
0.0000
0.0000
3.3198
0.0000
0.0000
0.0000
0.0000
1.9351
0.0000
0.0000
0.0000
0.0000
0.0000
0.0000
0.3869
0.0000
0.0000
0.0000
1.1887
0.0000
0.0000
0.0000
0.0000
0.0000
1.6701
0.0000
0.0000
0.0000
0.0000
0.0000
3.3323
0.0000
0.0000
2.2113
0.7237
0.0000
0.0000
0.0000
0.0000
0.0000
0.0000
0.6374
0.0000
0.0000
1.1028
2.8035
0.1569
0.8672
1.7347
0.0000
1.7709
0.0000
0.0000
1.8291
0.0000
0.0000
0.0000
0.0000
1.2822
0.0000
0.0000
0.0000
0.4279
0.0000
0.0000
0.0000
0.0000
0.4957
0.3315
0.0000
0.0000
0.0000
0.0000
2.3200
0.5333
0.0000
0.0000
0.0000
0.0000
0.0000
0.0000
0.0000
0.2006
0.0000
0.0000
0.0000
0.0000
0.4850
0.0000
0.0000
0.0000
0.1545
0.0000
0.1008
0.0000
0.0000
0.0000
0.0000
0.0000
0.0000
0.0000
0.0062
0.0000
0.0000
0.0263
0.0000
0.0000
0.0000
0.0000
3.4440
1.7451
0.1968
0.1631
0.0000
0.6163
1.1828
0.0000
0.0000
0.0000
2.1199
1.1745
0.0000
0.0000
0.0000
0.0000
0.0000
0.0000
0.0000
2.4053
0.0000
0.0000
0.0351
5.2925
0.0000
0.0706
0.0000
0.0000
0.0000
0.0000
2.5800
0.0000
0.0000
0.0000
0.0000
1.2809
0.0000
0.0000
0.0000
1.2201
0.0000
0.0000
0.6088
0.0000
0.0000
0.0000
0.0000
0.0000
0.0000
4.7079
0.0000
2.2513
0.0000
0.0000
1.5007
0.0000
0.0077
0.0000
1.3512
0.0000
0.0000
1.7063
0.0000
0.0000
0.3477
0.0000
0.0000
0.0000
0.6175
0.0000
0.0000
0.0000
0.0000
0.0000
0.0000
2.3570
0.0000
0.0000
0.0000
0.9239
0.6350
0.0000
0.0000
0.3090
0.0000
2.9579
0.1281
0.0000
0.7388
4.2221
0.0000
0.0000
2.2807
1.0228
3.2081
0.0000
1.9929
0.0000
2.2101
0.0000
0.0000
0.0000
0.0000
0.0000
0.0000
0.0000
0.2127
0.4331
1.6106
3.1169
0.0000
0.0000
1.7269
0.0000
0.0000
0.0000
0.0000
0.0000
0.6426
0.0000
0.0000
2.6751
0.0000
0.0000
0.0000
2.6263
1.1325
0.0000
0.0000
0.0000
0.0000
1.4806
0.2474
0.8696
0.0000
0.0000
0.0000
0.7578
0.0000
1.3043
0.0000
0.0000
0.0000
0.0000
0.6889
0.0000
0.0000
0.0000
0.0000
0.0000
0.0000
0.7593
0.1591
0.0000
0.6094
0.0000
0.0000
0.0000
1.8738
2.4618
0.0000
0.0000
0.8949
1.1065
0.0000
0.7738
0.0000
0.0000
0.0000
0.0000
0.2086
0.0000
0.0000
0.0000
0.0000
3.3026
0.0000
0.6464
1.2297
0.0000
0.0000
0.0000
0.7521
0.0000
0.0000
0.0000
1.8813
1.9089
1.0685
0.0000
0.0000
0.0000
0.0000
0.0000
0.0000
0.0000
1.6434
2.1319
0.0000
0.0000
0.0000
0.0000
0.0000
4.5048
0.0000
0.0000
0.0000
2.7573
0.0000
0.0000
0.0000
0.0000
0.5367
0.0000
0.0000
0.5888
0.0000
2.8353
1.5355
0.0000
0.0000
0.3092
3.6828
0.0000
0.0000
0.0000
0.0000
0.0000
0.0000
0.0000
0.0000
0.0000
0.0000
0.0000
0.0000
0.4132
0.0000
0.0000
0.0000
0.0000
0.0000
0.0000
0.0000
0.0000
1.0994
0.0000
1.3606
1.1078
2.0027
0.0000
0.0000
0.0000
2.9440
0.0000
0.0000
0.0000
0.8744
0.8899
0.0000
2.9822
1.3994
0.0000
3.9913
0.0000
0.0000
0.7359
0.0000
1.3950
0.0000
0.0000
0.0000
0.0000
0.0000
0.0000
0.0000
0.0000
1.9769
0.0000
0.0000
0.0000
1.1192
0.0000
0.0000
1.6199
0.0000
0.6864
0.0000
0.0000
0.8238
0.0000
