0.0000
0.0000
0.0000
0.0000
2.1716
0.0000
0.0000
0.0000
0.0000
1.1599
0.2682
0.0000
0.0635
0.0000
0.0000
0.0000
0.0000
0.0000
0.0000
0.0000
0.0000
0.0000
4.0818
0.0000
1.4129
0.5045
0.0000
1.5610
0.0000
0.0000
0.0000
0.0000
0.9584
0.0000
1.6693
0.0000
0.0000
0.0000
0.1206
1.0209
0.0000
1.3137
0.0000
0.0000
0.0000
0.0000
0.0000
0.0000
0.0000
0.7626
0.0000
0.0000
0.0000
0.0000
0.0000
0.0000
0.6013
0.0000
0.0000
0.0000
0.0000
2.7412
0.0000
0.1214
0.0000
0.7984
0.0000
0.0000
0.0000
0.0000
0.0000
3.5012
0.0000
0.0000
0.0000
0.0000
0.0000
0.0000
0.0000
0.0000
0.7015
0.0000
0.0000
0.0000
0.0000
0.2083
0.0565
1.7296
0.0000
0.0000
0.2680
0.0000
0.7819
1.7966
0.0000
0.0000
0.0000
0.0000
3.2522
0.0000
0.5760
0.0000
0.0000
0.0000
0.0000
0.0000
0.0000
0.0000
0.0261
2.5164
0.0000
0.0000
0.3325
0.0000
0.0000
0.0000
0.8039
0.0000
0.0000
0.0000
3.0803
0.0000
2.0753
0.0000
0.0000
0.0000
1.5053
0.0000
0.0000
0.8709
0.0000
0.0000
0.0000
0.0000
2.3336
0.6250
1.6577
1.7448
0.0000
3.1876
2.9634
0.0000
1.6610
0.5266
1.0194
0.0000
0.0000
1.1941
0.0002
0.0000
0.0000
0.8121
0.4925
1.1484
0.0000
0.0000
0.0000
1.2538
0.0000
0.0000
3.1501
0.0000
0.0601
0.0000
0.0000
0.4214
0.0000
0.6581
0.0000
1.3819
0.0000
0.0000
0.0000
0.0000
0.0000
0.0000
0.0000
0.0000
0.0000
4.7297
1.3402
3.3489
0.0000
0.0000
0.0000
0.0000
0.6670
0.0000
1.3419
0.4965
0.0000
0.0000
0.0000
0.0000
0.0000
0.0000
0.0000
0.8997
3.4682
3.9323
0.0000
0.0000
0.0000
0.0000
0.0000
0.0000
0.0000
0.0000
0.0000
0.0000
0.0000
0.0000
0.0000
0.0000
0.0000
0.0000
0.0000
0.0000
0.0000
0.0000
0.0000
0.0000
0.0000
0.0000
0.2271
0.0000
0.0000
0.9644
0.1073
0.0000
0.0000
0.0000
0.0000
0.0000
1.3435
0.0000
2.2683
0.0000
3.0694
0.0000
0.0000
0.0000
0.0000
0.0000
0.0000
0.0000
0.0000
0.0000
0.0000
0.0000
0.0000
0.0000
0.0000
0.6152
0.0000
1.1400
0.0000
0.0000
0.0000
0.0000
0.0000
0.8846
0.0000
0.0000
0.0000
0.0000
1.1698
0.5249
0.0000
0.0000
2.9469
0.0000
0.0000
2.3559
0.0000
0.0000
0.0000
0.4734
0.0000
0.0000
0.0286
0.0000
0.0763
0.0000
0.0000
0.7626
0.0000
0.0000
0.0000
0.0000
0.0000
0.0000
0.0000
0.0000
3.0705
0.0000
0.0000
0.0000
0.0000
2.4429
0.0000
0.0000
0.0000
0.0000
2.0818
0.0000
0.0000
0.0000
0.0000
0.0000
0.0000
0.0000
0.0000
0.0000
1.3769
0.0000
0.0000
0.0000
0.0665
0.6005
0.0000
1.9620
0.0000
1.2110
0.0000
2.3750
0.0000
0.0000
0.0000
1.4095
0.0000
0.0000
0.0000
0.0000
0.0000
1.5713
0.8971
0.0000
0.0000
4.8035
0.0000
0.0000
0.0000
0.0000
0.0000
5.2234
0.0000
0.0000
0.0000
0.0000
0.0000
3.9742
1.0513
0.0000
1.7854
0.6432
0.0000
0.0000
0.0000
0.0000
0.0000
0.0000
0.0000
0.0000
0.0000
0.0000
0.0000
0.0000
0.1832
0.0000
0.0000
0.0000
0.0000
0.0000
0.0000
0.0000
0.0000
2.6022
0.0000
0.0000
3.2597
0.0000
0.0000
0.0000
0.0000
0.0000
0.5918
0.0000
0.0000
0.1619
1.9765
0.0000
0.0000
0.0000
0.0000
0.0000
0.0000
0.0000
0.0000
0.0000
0.0000
2.2504
0.0000
0.0000
0.0000
0.3765
0.0000
0.0000
2.6535
0.0000
0.0000
0.0000
0.0000
3.7189
0.0000
0.4098
0.0000
0.0000
0.0000
0.0000
0.0000
0.0000
1.8818
0.0000
0.0000
0.0000
0.1334
0.0000
0.0000
0.0000
0.0000
0.0000
0.0000
0.0000
0.0000
0.0000
0.0000
0.0000
0.8439
0.0000
3.5628
0.0000
0.0000
0.0000
4.1170
1.2717
0.0000
0.1661
2.6295
0.8856
0.5043
0.0000
0.0000
0.0000
0.0000
0.0000
0.0000
0.7332
0.0000
0.0000
1.5590
0.0000
0.3250
0.0000
0.0000
0.0000
0.4934
0.0000
0.0000
0.0000
0.0000
1.9891
0.0000
0.0000
0.0000
0.4572
0.6434
0.0000
0.0000
0.0000
0.0000
0.0000
0.7551
2.0497
0.5007
0.4544
0.0000
1.4851
0.0000
0.8196
0.0000
0.0000
0.0000
0.0000
0.0000
0.0000
0.0000
0.0000
0.0000
0.0000
0.0000
0.0000
1.3209
0.0000
0.3725
0.1938
0.0000
0.0000
0.0000
1.8982
0.0000
1.7343
0.0000
0.0000
0.0000
0.9482
0.0000
0.0000
4.7611
0.0000
0.7125
2.0242
0.0000
0.0000
0.1338
0.0000
0.0000
0.0000
0.0000
0.0000
0.3473
0.0000
1.1131
0.0000
0.0000
1.4167
0.0000
0.0000
0.0000
0.0000
0.0000
0.0000
0.0000
0.0000
0.0000
0.0000
0.0000
0.0531
0.0000
0.0000
0.0000
0.0000
0.0000
0.0000
0.0000
0.0000
0.0742
0.0000
0.0000
0.0000
0.3355
0.7281
0.0000
0.0000
0.0000
1.0470
0.0000
0.0000
0.0000
0.0000
0.0000
0.0000
0.0000
0.0000
0.0000
0.0000
0.0317
1.3190
0.0000
0.0000
0.0000
0.0000
0.0000
0.0000
0.0000
0.0000
0.0000
1.1766
2.0017
0.0000
0.0000
0.0000
0.0000
0.0000
0.0000
0.0000
0.0000
0.0000
2.7396
0.0000
0.0000
1.6741
0.0000
0.2388
0.0000
0.5305
1.3148
0.0000
0.0000
0.0397
0.0000
0.0000
0.0000
2.5089
0.0000
0.7426
1.0103
0.0000
0.0000
0.0000
1.0811
0.0000
0.0000
0.0000
0.0000
0.6160
0.0000
0.0000
0.0000
0.0000
0.0000
0.0000
0.0000
0.3209
0.6982
1.9144
0.0000
0.0000
0.0000
0.0000
0.2384
0.0000
0.0000
0.0000
0.0000
0.0000
0.0000
0.0000
0.4592
0.0000
0.0000
1.8450
2.5779
0.0000
0.0000
0.0000
0.0000
0.0000
0.0000
0.0000
0.0000
2.1322
1.2210
0.0000
0.0000
0.0000
0.2976
0.0000
0.0000
0.0000
0.3882
0.0000
0.0000
0.0000
0.0000
0.0438
0.0000
0.0000
0.0000
0.0000
0.0000
1.2928
0.0000
0.0000
0.0000
0.0000
0.0000
0.0000
0.0000
2.2118
0.8090
0.0000
3.6409
0.0000
0.0000
0.0000
0.0000
0.0000
0.0000
0.0000
0.0000
0.0000
0.0000
0.9013
0.0000
0.4598
0.0000
0.0000
0.6440
0.0440
0.0000
4.2027
0.0000
0.0965
0.0000
0.0000
0.0000
0.0000
0.0000
0.0000
0.0000
0.0000
1.4765
0.0090
0.0000
0.0000
0.2157
0.0000
0.0028
0.5414
0.0000
0.0000
0.0000
1.7667
0.0000
0.0000
0.0000
0.6167
0.0000
1.2911
0.0000
0.0000
0.0000
1.4940
0.0000
0.0000
0.0000
0.0335
0.0233
0.0000
0.0000
0.1489
0.0000
0.0000
0.0000
0.0000
0.0000
0.0000
0.0000
0.0000
0.7861
0.0000
1.2531
0.4329
0.0000
0.8991
0.0000
0.5872
0.0000
0.0000
0.0565
0.0000
0.0000
0.0000
0.0000
0.0000
0.0000
0.0000
2.1043
0.0000
0.0000
0.0000
0.0000
0.0546
0.0000
0.0000
0.0000
0.0000
0.0000
0.0000
0.0000
0.0000
0.6248
0.0730
0.0000
0.0000
0.0000
0.0000
0.0000
0.0000
0.0000
0.0000
3.2297
0.0000
0.0000
0.0000
0.0000
0.0000
0.0000
0.0000
0.8048
0.0000
0.0000
0.0461
0.0000
0.0000
0.4895
0.0000
0.0000
2.9010
0.3576
0.1030
0.0000
0.0000
0.0000
0.0000
0.0000
0.0000
0.0000
0.0000
0.6311
0.0000
0.0000
0.0000
0.0000
0.0000
0.0000
1.2146
0.0000
0.0000
0.0000
0.0000
0.0000
0.0000
0.0000
0.0000
0.0000
0.0000
0.0000
0.0000
0.0000
0.0712
0.0000
0.0000
0.0000
0.0000
0.0000
0.0000
0.0000
0.0000
0.5811
0.0000
0.0000
1.5751
0.0000
0.0957
0.0370
0.0000
0.0000
0.0000
0.3994
0.0000
1.6368
0.0000
0.0000
0.0849
0.0000
0.2142
0.4537
0.0000
0.0000
0.0000
0.0000
0.0000
0.0000
0.0000
0.0993
0.0000
0.0000
0.0000
1.1094
0.0000
0.0000
0.0000
0.0084
0.0000
0.0000
2.2668
0.0000
0.0000
0.0000
0.0000
0.0000
0.0000
0.0000
0.0000
0.0000
0.0000
0.0000
0.6177
0.0000
0.0000
1.7369
0.0000
0.0000
0.0000
0.0000
0.5006
0.0000
0.0000
0.0000
0.0000
1.1033
0.0000
0.0000
3.1967
1.8401
0.0000
0.0000
0.0000
0.0000
0.0000
0.0000
0.0000
0.0000
0.0000
0.0000
0.0000
0.0000
0.0000
0.0000
0.0000
0.0000
0.0000
0.8929
0.7950
0.0000
0.3452
0.0000
4.8211
0.0000
0.4690
0.0000
0.0000
0.0000
0.0000
1.5822
0.0000
0.0000
0.0000
0.0000
2.5190
0.0000
0.2233
0.0000
0.1103
0.0000
0.0000
1.4820
0.0000
0.5484
0.0000
0.1772
0.0000
0.0000
0.0000
0.7374
0.0000
0.0000
0.0000
0.0000
1.1889
0.0000
0.8123
2.0570
1.2275
3.4935
0.0000
0.0000
0.0000
0.4667
0.0000
0.0000
0.0000
0.0000
0.0000
0.0000
0.0000
0.0000
4.2857
0.0000
0.0000
0.0000
0.1489
0.0000
0.6475
0.0000
0.0000
0.0000
2.1939
0.0000
1.0660
0.0000
2.7496
0.0000
0.0000
0.0000
2.3698
0.0000
1.2080
0.0000
1.0327
0.1662
0.0000
0.0000
0.0582
2.4761
0.0000
0.0000
1.1304
0.2639
0.0000
0.4239
0.0000
0.0000
0.0000
1.0363
0.0000
1.1859
0.0000
0.0000
3.1247
0.0000
0.0000
0.0000
0.0000
1.7177
0.0000
0.0321
0.0000
0.0000
0.0000
0.0000
0.0000
0.0000
0.0000
0.0000
0.0000
0.3286
0.0000
1.5301
0.0000
0.5809
0.0000
0.2761
0.4313
0.3511
0.0000
0.0000
0.0000
1.1100
0.0000
0.0000
0.0000
0.0000
0.0000
0.3652
0.0000
0.0000
0.0000
0.0000
0.0000
0.0000
0.0000
0.0000
0.3366
0.0000
0.9867
0.0000
0.0000
0.0000
1.2119
0.0000
0.0000
1.0615
0.0000
0.0000
0.2872
0.0000
0.0000
0.0000
0.0000
0.0000
0.0000
1.0322
0.0000
0.0000
0.0000
0.0000
0.5412
0.0000
1.6540
0.0000
0.0000
0.0168
0.0000
0.1427
0.0000
0.0000
0.0000
0.0000
0.0000
0.0082
0.0000
0.4167
0.0000
0.0000
0.0000
0.0000
0.0000
0.0000
0.0000
0.0000
0.0000
0.0000
0.0000
0.0000
0.0000
0.0000
0.0000
0.0000
0.0000
0.0000
0.0000
0.9345
1.1730
3.0105
0.0000
0.0000
0.0000
0.0000
0.2000
1.5785
0.0000
0.0000
0.3518
0.0000
0.0000
0.0194
0.0000
0.0000
0.0000
0.0000
0.0000
0.0000
0.0000
2.1568
0.0000
0.0000
0.6234
2.4840
0.0000
0.0000
0.0000
3.8354
2.4455
0.0000
0.0000
0.0000
0.0000
0.0000
1.9786
0.0000
0.0000
0.0000
0.0000
0.0000
0.2698
0.8793
0.0000
0.8470
0.0000
0.0000
0.0000
1.4956
0.0000
0.0000
0.0000
0.0000
0.0000
0.9602
0.8205
0.0000
0.0000
0.6393
0.0000
0.6795
0.0000
0.0000
0.0000
1.5779
0.1703
2.0125
0.0000
0.0000
0.0000
0.0000
0.0000
0.0000
0.0000
0.0000
0.0000
0.0000
2.5452
0.0000
0.0000
0.0000
0.0000
0.0000
0.0000
0.0000
0.0000
0.0000
0.0000
0.0000
0.0000
1.3782
0.0000
0.0000
0.0000
0.0000
0.0000
0.0000
0.0000
0.0000
0.0000
0.0000
0.0000
2.8470
1.2253
0.0000
0.0000
2.3238
0.0000
1.4235
0.0000
0.0000
3.3606
0.0000
0.0000
0.0000
0.0000
0.0000
0.3464
0.0000
0.3242
0.0000
0.0000
0.0000
0.0000
0.0000
0.5829
3.2489
0.0000
0.0686
0.0000
0.0000
0.0000
0.0000
0.4124
0.0000
0.0000
0.0000
0.0000
0.0000
0.0000
1.5222
0.0000
0.0000
0.0000
0.0000
1.0066
1.3970
0.0000
0.0000
0.0000
0.0000
0.0000
0.0000
0.0000
0.0000
0.0000
2.1122
0.0000
0.0000
0.6616
0.0000
0.0000
0.0000
0.0000
0.0000
0.0000
0.0700
0.1798
0.0000
0.0000
0.0000
0.0000
0.0000
0.0000
0.0985
1.0027
0.0000
0.0000
0.0000
0.3480
0.0000
0.0000
0.0000
0.0000
0.0000
0.0000
0.0000
1.3325
0.2369
0.8628
0.0000
0.9121
0.0000
0.5737
0.0000
0.0000
0.0000
0.0000
0.0000
0.0000
0.0000
0.0000
0.0000
0.0000
0.0000
0.0000
0.0000
0.0000
0.0000
0.0000
0.0000
0.0000
0.0000
0.6009
0.0000
0.0000
0.6980
0.0000
0.0000
0.0000
0.0000
0.0000
2.0647
3.0578
0.0000
1.5735
0.0000
0.0000
0.0000
0.0000
0.0000
0.0000
0.0000
0.0000
0.0000
0.0000
0.2822
2.5375
2.5741
0.0000
0.0000
0.4796
0.0000
0.0000
1.2998
0.0000
2.1666
0.0000
0.0000
1.3346
0.0000
1.5415
0.9276
3.4318
0.0000
0.0000
0.0000
0.0000
0.0000
0.0000
0.0000
0.7537
0.0000
0.0000
0.0000
0.3573
0.0000
0.0000
0.0000
0.0000
0.0000
0.3730
0.0408
0.0000
0.0000
0.2155
0.0000
0.0000
0.0000
0.0000
0.0000
2.9235
0.0000
0.0000
1.5575
1.5146
0.0000
0.0000
0.0000
0.0000
0.0000
0.0000
0.0000
0.0000
0.0000
0.0000
0.0000
0.0000
0.0000
0.0000
0.0000
1.2060
0.0000
2.1500
0.0000
0.7672
0.0000
0.0000
0.0000
0.0000
0.0000
0.0000
0.0000
0.0000
0.0000
0.0000
2.2143
1.3876
0.0000
0.0000
0.0000
0.3011
0.0000
0.0000
0.0000
0.0000
0.0000
0.0000
0.3549
0.0000
1.7182
0.0000
1.5229
0.0000
0.0000
0.0000
0.0000
0.0000
0.0000
1.0434
3.9132
1.6024
0.0000
0.0000
0.0000
0.0000
0.0000
0.1671
0.0000
1.2885
0.0000
0.0000
0.0000
0.0000
0.0000
0.0000
0.0000
1.9140
0.0000
1.0399
0.0000
0.0000
0.0000
0.2344
0.0000
0.0000
3.6467
1.1508
0.5634
0.0000
0.0000
0.0000
0.0000
1.2372
2.1002
1.8319
0.0000
0.0000
0.0000
0.0000
0.0000
0.0000
0.2123
0.5294
0.0000
0.0000
0.0000
0.0000
0.0000
0.0000
0.0000
0.0000
0.0000
0.0793
0.0000
0.0000
0.0000
0.2663
0.0000
0.0000
0.0000
0.0000
0.0000
0.0000
0.0000
0.4022
0.0000
0.0000
0.0000
0.0000
3.0837
0.0000
0.0000
0.0000
0.0000
1.4839
0.0000
0.0941
0.0000
0.0000
0.0000
1.1474
0.0000
1.3682
0.0000
0.0000
0.0000
0.0000
0.0000
3.1091
0.0000
0.0000
0.0000
0.0000
0.0000
0.0000
0.0000
0.0000
0.0000
0.0000
0.0949
0.0000
0.0000
0.0000
0.0000
0.0000
0.3572
0.0000
1.7208
0.0000
0.0000
0.0000
0.0000
3.1624
0.0000
0.0000
0.2627
2.4460
0.0000
1.0433
0.0000
0.0000
0.0000
0.0000
0.0000
0.0000
0.0000
0.0000
0.0000
0.5172
0.0000
0.0000
0.0000
1.4592
0.9868
0.0000
3.9236
0.8593
0.0000
0.0000
0.0000
0.0158
0.0000
0.0000
0.0000
1.4517
1.0758
0.0000
0.0000
0.0000
0.0000
0.0000
0.0000
0.0000
0.0000
0.0000
0.0000
0.0000
0.0000
0.0000
1.0855
0.0000
0.6916
0.0000
0.0000
0.4275
0.0000
0.0000
0.2285
0.0000
0.0000
0.0000
1.5215
0.6095
1.9619
0.0000
0.0000
0.0000
0.0000
0.0000
0.0000
0.0000
0.0000
0.0000
0.0000
0.0000
0.0000
0.0000
2.1987
0.0000
2.1195
0.0000
0.0000
0.0000
0.0000
0.5682
0.0000
0.0000
0.0000
0.0000
0.0000
0.0000
0.9961
0.0000
0.0000
0.0000
0.0000
0.0000
0.0000
0.0000
0.0000
0.0000
0.4261
0.0000
0.0000
0.0933
0.0000
1.0125
0.0000
0.7758
0.0000
0.2432
0.0000
3.6513
0.0000
0.0000
0.0000
0.0000
0.0000
0.9913
1.6294
1.8416
0.0000
1.4363
0.2324
1.4818
0.0000
0.5295
0.0000
0.0000
1.3884
0.0000
0.0000
0.0000
0.0000
0.0000
0.0000
0.0000
0.5011
0.8322
0.0000
2.4565
0.0000
0.2411
0.0000
0.0000
0.0000
0.0000
0.0000
4.1634
0.0000
1.2250
3.4563
0.0000
0.0000
0.9955
0.0520
0.0000
1.1574
1.4366
0.9790
0.0000
0.1782
0.0000
0.6300
0.8036
0.0000
1.9339
0.9228
0.0000
0.4166
0.0000
0.0000
0.0000
0.0000
0.0000
1.2941
0.7780
4.3444
0.0000
0.0000
3.9355
0.0000
1.2172
0.0000
0.0000
0.0000
0.0000
0.0000
0.0000
0.0000
1.0532
0.0000
0.0000
1.3545
0.0000
2.8766
0.0000
0.0974
0.0000
0.0000
0.0000
0.0000
0.0000
0.4215
2.9726
0.0000
0.0000
2.0240
0.0000
0.0000
2.2639
0.0000
0.0000
0.0000
0.0000
0.0000
0.0000
0.0000
0.0000
0.0000
0.0000
0.0000
0.0000
0.0000
1.5972
0.4016
0.0000
0.0000
0.0000
1.0514
0.0000
3.2996
0.4190
0.2864
0.0000
0.0000
0.0000
0.0000
0.0000
0.0000
0.8522
0.0000
0.7994
0.0000
0.0000
0.0000
0.0000
0.2864
0.0000
0.0000
0.0000
0.0000
0.0000
0.7612
0.8318
1.4446
0.0000
0.0000
1.3389
0.0000
0.0000
0.0000
0.0000
0.4358
0.0000
0.0000
0.0000
0.0000
0.0000
0.7601
0.9666
0.0000
0.0000
0.0000
0.7000
0.0000
0.0000
0.0000
0.0000
0.0000
0.0000
0.6505
0.0000
0.5833
0.0000
0.4226
0.0000
0.0000
0.0000
0.0428
0.0000
0.0000
0.0000
0.0000
1.8321
0.0000
1.2101
0.0000
0.0000
0.0000
1.6224
0.0000
0.0000
0.0000
0.0000
0.0000
0.0000
1.2821
1.5120
0.0000
0.0000
0.0000
0.0000
0.0000
0.0729
0.0000
0.4990
0.0000
1.2158
0.0000
0.0000
0.0000
0.0000
1.9417
1.8192
0.0000
0.7994
0.5110
0.0000
0.3191
0.0000
4.6099
0.0000
0.0000
0.0000
0.0000
0.0000
0.0000
0.0000
0.0000
0.0000
0.5794
0.0000
0.0000
0.6765
0.0000
0.0000
0.0000
0.0000
0.0000
0.0000
0.0000
1.8535
0.0000
0.0000
0.8017
0.2396
1.5000
0.0000
0.3635
0.0000
0.0000
0.4409
0.0000
0.0000
3.3743
0.0000
0.0000
1.9509
2.2544
0.0000
0.0000
1.0369
0.0000
0.0000
0.5816
0.0081
1.9131
0.0000
0.0000
0.0000
0.0000
0.0000
0.0000
0.0000
0.0000
0.0000
0.2996
1.7242
0.0000
0.6056
0.7452
0.0000
0.0000
0.0000
0.6985
0.0000
0.0000
0.0000
2.7080
1.9384
0.0000
0.0000
0.0000
0.3196
0.0000
0.8347
1.4732
0.0000
0.0000
0.0000
0.0000
2.0654
2.6806
0.0000
0.0000
0.0000
0.0000
0.0000
1.7130
0.0000
0.0000
0.0000
0.0000
0.0000
0.0000
0.0000
0.0000
0.0000
0.0000
0.0000
0.0000
0.5167
0.0000
0.0000
0.0000
1.6134
0.0000
0.0000
0.4671
0.0000
0.0000
0.0000
0.0000
1.3455
0.0000
0.0000
0.0000
1.5005
0.0000
0.0000
0.4809
0.0000
0.0000
0.0000
0.0000
0.0000
0.0000
0.0000
0.0000
0.0000
0.0000
0.0000
3.4958
0.0207
1.3633
0.0000
0.0000
0.0000
0.0000
0.0000
1.0098
0.0000
0.0000
0.0000
0.0000
0.0000
0.0000
0.0000
0.0000
0.0000
0.0000
0.0000
0.0000
1.3300
0.0000
1.2395
0.0000
0.3378
1.2949
0.0000
0.0000
0.0000
0.0000
0.1286
0.0000
0.4105
0.0000
0.0000
0.4789
2.5433
0.0000
1.4833
0.0000
0.4701
0.0314
0.0000
0.0000
0.0000
0.0000
0.0000
0.0000
0.0000
0.0000
1.2879
0.0000
3.5431
0.0000
0.1050
0.0000
0.0000
0.0000
0.3343
0.0000
0.0000
2.0055
0.0000
1.1870
0.0000
0.0000
0.0000
0.0271
0.9154
0.0000
0.0000
0.0000
0.0281
0.0000
0.0000
0.0000
0.0000
0.0000
0.0000
0.0000
0.0000
0.2184
0.0000
1.0427
1.7656
0.0000
0.0000
0.5785
0.1859
0.7965
0.0000
0.0000
0.0000
0.0000
0.0000
0.3957
1.9911
0.0000
0.0000
0.0000
0.0000
0.0000
0.0000
0.0000
0.0000
0.0000
0.0000
0.0000
0.0000
0.0000
0.0000
0.0000
0.0000
2.6960
0.9434
0.0000
0.0000
0.0000
0.0000
0.2881
0.0000
0.0000
0.0000
0.1833
0.9994
0.0000
0.0000
0.3111
1.0226
0.0000
0.0000
0.0000
0.0000
0.0000
0.0000
0.0000
0.0000
0.0000
0.0000
0.0000
0.0000
0.0000
0.0000
0.3618
0.0000
0.2171
0.0558
0.4821
0.0000
0.0000
0.9301
3.0468
0.0000
0.0000
0.0000
0.5062
0.0000
0.0000
1.3821
0.0000
0.0000
0.0000
1.6990
1.1734
0.0000
0.0000
0.0000
0.0000
2.5816
0.0000
0.0000
0.0000
0.0000
0.0000
0.9621
1.5543
0.0000
1.0832
0.0000
0.0000
0.0000
0.0000
0.0000
0.0000
0.0000
0.0000
0.0000
0.0000
0.0000
0.0000
0.0000
0.0000
0.0000
0.0000
0.0000
0.0000
0.0000
0.9784
0.0000
0.0000
0.0000
0.0000
0.0000
0.7173
0.0000
0.0000
3.4022
0.0000
0.0000
0.2142
0.1087
1.0456
0.0000
0.0000
0.0140
0.0000
0.0000
0.0000
0.0000
0.0000
0.0000
0.0000
0.5427
0.0000
0.2474
0.0000
0.0000
0.0000
1.3112
0.0000
0.0153
0.0000
0.0000
0.0000
0.8862
0.0000
0.0000
0.0000
0.0000
0.0000
0.0000
2.0615
0.4061
0.0000
0.1424
1.8622
0.0000
0.0000
0.0000
1.4824
0.0000
0.0000
0.0000
0.0000
0.1700
0.0000
0.0000
0.0000
0.0000
2.5285
6.8390
0.0000
0.0000
0.0000
0.0000
0.0000
0.0000
0.0000
0.0000
0.0000
0.0000
0.0000
0.0000
0.0000
0.0000
0.0000
0.0000
0.0000
0.0000
0.0000
0.0000
0.3166
0.0000
0.0000
1.0219
0.0000
0.0000
1.3684
0.0000
0.0000
0.0000
0.0000
0.0000
2.4540
0.4560
0.0000
0.0000
1.8145
0.0000
0.5579
0.0000
1.2300
0.0000
0.0000
0.3136
0.0000
0.0000
0.0000
0.0000
0.0000
1.2481
0.6548
0.0000
3.9131
0.0000
0.3752
0.0000
1.3205
0.1532
0.0000
0.0000
0.2378
0.0000
0.0000
0.0000
0.0000
0.1352
0.3598
0.0000
0.0000
0.3080
0.0000
0.1478
0.0000
0.0000
0.1475
0.6137
0.0000
0.0000
0.0000
0.0000
0.8810
0.0000
0.0000
2.1573
0.0000
0.7918
1.5554
0.0000
0.0000
0.0000
0.0000
0.0000
0.0000
0.0000
0.0000
0.0000
0.3014
0.0000
0.0000
1.1614
0.0193
0.0000
0.0000
0.0000
0.0000
0.0000
0.0000
0.0000
1.2341
0.0000
0.0000
0.0000
0.0000
0.0000
0.0000
1.6872
0.0000
0.1155
0.0000
0.0000
0.0000
1.0524
1.0247
0.0000
0.1958
1.5386
0.3954
0.0000
0.0000
0.0000
0.0000
0.2378
0.0000
0.0000
4.0549
2.4322
0.0000
0.8167
0.0000
2.3607
0.0000
0.0650
0.0000
0.0000
0.0000
0.0000
0.0336
0.0000
0.0000
0.0000
0.0000
0.0000
0.0000
0.0000
0.0000
0.0000
0.0000
0.0000
0.9494
0.0000
0.0000
0.0000
0.1257
0.2872
0.0000
0.0000
1.2857
0.0000
0.3978
0.0000
0.0000
0.0000
2.3446
0.0000
0.9314
0.0000
0.0000
0.3073
0.0000
0.4851
2.5706
0.3971
0.4485
0.0000
0.0000
0.0000
0.0000
0.0000
0.0000
0.0000
0.0000
0.0000
0.0000
0.0000
0.0000
0.1179
0.0000
0.0000
0.0000
0.0000
0.0000
0.0338
0.0000
0.0000
0.0000
0.0000
0.0000
1.8752
0.0000
0.1206
0.0000
0.0000
0.0000
0.0000
0.0000
0.0000
0.0000
0.0000
0.0000
1.7669
0.0000
0.0000
0.0000
0.0000
0.1265
0.0000
0.2873
1.3774
0.0000
0.0000
0.0000
0.0000
0.0000
0.6567
0.0000
0.0000
0.0000
3.9748
0.0000
0.0000
1.8819
0.0000
2.3715
0.0000
0.0000
0.0787
0.0000
0.0000
0.5844
1.3344
2.5976
1.7908
0.0000
4.0854
1.4491
0.0000
0.0000
0.0000
1.4797
0.0000
2.2722
0.0000
0.0000
0.0000
0.0000
0.0000
2.5590
0.0000
0.0000
0.2105
0.0000
0.0000
0.0000
1.2204
0.2413
0.0000
0.0000
2.6544
0.0000
0.0000
0.0000
0.0000
0.0000
1.5344
0.0000
0.0000
0.0000
0.0000
0.0000
0.0000
2.6926
0.0000
4.5050
0.0000
1.7109
2.8252
2.2553
0.0000
0.0000
0.0000
0.0000
0.0000
0.2166
0.0000
1.1108
3.1610
0.0000
0.0000
0.0000
0.0000
0.6197
0.0000
0.0000
3.8606
0.0000
0.0000
0.0000
0.7238
0.0000
0.1904
1.0496
0.0000
0.0000
1.0298
0.0000
0.7792
0.0000
0.0000
3.1760
0.0000
1.5273
0.5199
0.0598
0.0000
2.7270
0.0000
0.0000
0.0000
0.0000
0.0000
0.6019
0.0000
0.0000
0.0000
2.9362
0.0000
0.1998
0.0000
0.0000
0.0000
0.0000
0.3003
0.0000
0.0000
0.0000
0.0000
0.0000
0.0000
0.0000
0.0000
0.0000
0.0000
1.5744
0.0000
0.0000
0.8821
0.0000
0.0000
0.0000
1.3572
0.4177
0.7692
0.8594
0.0000
0.0000
0.8771
0.0000
0.0000
0.1339
0.0000
0.0000
0.0000
0.7525
0.0000
0.0000
4.9952
0.0000
0.0000
1.7307
0.0000
0.0000
0.0000
0.0000
0.0000
0.0000
0.0000
0.0000
0.6874
0.2341
0.0000
0.0000
0.0000
2.6275
0.0000
2.0407
2.5782
0.0000
0.0000
0.0000
0.0000
0.0000
0.0000
0.7271
0.0000
0.4855
0.0000
0.0000
0.6579
0.0000
0.0000
0.0000
0.0000
0.2686
0.3115
0.8008
0.7354
0.0000
0.0000
2.3132
0.0000
0.3180
0.0000
0.1585
0.0000
0.0427
0.0000
0.0000
0.0000
1.8206
0.0000
0.0000
0.0000
0.0000
0.0000
0.0000
0.1885
0.2505
0.6396
0.0103
0.0000
3.0322
0.7202
0.2579
0.0000
0.0000
0.0000
0.0000
0.4794
1.7987
0.0000
0.0000
0.0000
0.0000
0.0000
0.0000
1.9657
3.6488
0.0000
0.0000
0.0000
0.2855
3.3178
0.0000
0.0000
0.0000
0.0000
0.0000
0.0000
0.0000
0.0000
0.0000
0.0000
0.0000
0.0884
0.0000
2.0679
0.0000
0.0000
0.3220
0.0000
0.0000
1.9821
0.0000
0.0000
0.0000
0.0000
3.0221
0.8919
0.0000
0.0000
0.0000
0.0000
0.0000
0.0000
2.2313
0.0000
0.0000
0.9815
3.3008
0.0000
0.0000
0.0000
0.0000
0.0000
0.0000
1.0447
0.2452
0.0000
0.0000
7.0182
0.0000
0.0000
0.0000
0.0000
0.0000
0.0000
0.0000
0.0000
0.0000
0.0000
0.1203
0.0000
0.0000
0.6787
0.1680
1.3262
0.0000
0.0000
0.0000
0.0000
0.0000
0.6143
0.0000
0.0000
0.3036
0.0000
0.0000
0.2404
0.0000
0.9238
0.0000
2.8284
2.1833
0.0000
0.0000
0.0212
0.0000
0.0000
0.0000
0.0000
1.5708
0.0000
0.0000
0.0000
0.0000
0.0000
0.0000
0.0000
0.0000
1.9893
0.0000
2.6931
0.0000
0.0000
0.9430
0.0000
0.0000
0.0000
0.0000
0.0000
0.0000
0.0000
0.0000
0.0000
0.0000
0.0000
2.3956
0.4170
0.0000
0.0000
0.0000
0.0000
2.0970
0.0000
0.0000
0.0000
0.0000
0.0000
0.0000
0.0000
0.0000
0.0000
0.0000
0.3279
0.0000
0.1588
0.0000
0.0000
0.0310
0.0000
0.0000
0.0000
0.0000
0.9149
0.0000
1.5034
0.4972
0.0000
2.9290
0.0000
0.1045
0.9154
1.9136
0.0000
0.9914
0.0000
0.0000
0.0000
0.0000
0.0000
0.0000
0.0000
0.0000
0.0000
0.0000
0.0000
1.9455
0.0000
2.7436
0.0000
1.8718
0.0863
0.0000
2.0064
1.8330
1.2726
0.0000
0.4180
0.0000
0.0000
0.0000
1.3373
0.0000
0.0000
0.0000
0.0000
0.1301
0.0000
0.0000
2.3329
0.0000
0.0057
4.4374
0.0000
0.0000
0.0000
0.0583
0.0000
0.0000
2.9836
0.0000
0.0000
0.0000
0.0000
0.0000
2.0095
0.0000
1.2851
0.0000
0.0000
0.6973
0.0000
0.0000
0.0000
0.0000
1.5929
0.2734
0.0000
0.0000
0.0000
0.0000
0.8826
0.9882
0.0000
0.0000
0.0000
0.0000
1.8723
0.3135
0.0000
0.0000
0.0000
0.0000
0.0000
0.0000
0.0000
0.0000
3.7052
0.0000
0.0000
0.7486
0.0000
0.0000
0.0643
1.1761
0.0000
0.0000
0.0000
1.2621
0.0000
0.0000
0.6951
0.0000
2.0311
0.8980
1.9402
0.6567
0.0000
0.0000
0.0000
0.0000
0.0000
1.2337
0.0000
0.0000
0.0000
0.0000
0.0000
1.0235
0.0000
0.0000
0.0000
0.0000
0.8669
0.0000
0.4691
0.0000
0.0000
1.4905
0.0913
0.0000
0.0000
2.2686
0.0000
0.0000
0.0000
4.5840
0.0000
1.6361
1.6110
1.4173
0.0000
0.0000
0.0000
0.0000
0.0000
0.0000
0.0000
0.0000
1.5974
0.0000
0.0000
0.0000
0.0000
0.0000
0.7189
0.0000
0.0000
0.0000
0.0000
0.0000
0.0000
0.0000
1.8988
0.0000
0.0000
0.0000
3.2475
0.0000
1.2745
0.0000
0.0000
0.0000
0.0000
0.0000
0.0000
0.0000
0.0000
0.0000
0.0000
0.7816
0.0000
0.0000
0.0000
0.0000
0.0000
0.0000
0.0000
0.0000
0.0000
0.0000
0.0000
0.0000
0.0000
0.0000
0.0000
0.0043
0.0000
0.0000
0.0000
0.0000
0.0000
1.6420
0.0000
0.0000
0.0569
0.0000
1.4999
0.0000
0.0000
0.0000
0.0000
0.0000
0.0000
0.0000
0.0000
2.0578
0.0000
0.0000
0.0000
0.0000
0.0000
1.1052
2.2491
0.0000
0.1098
0.0000
0.0000
0.0000
2.6272
0.8251
1.8352
0.0000
0.0000
0.0000
0.0000
0.0000
0.0000
3.1416
0.6942
0.0000
0.0000
0.0000
0.0000
0.0000
0.0000
0.0000
0.0000
0.0000
1.0123
0.0000
0.0000
0.0000
0.1389
0.0000
2.3004
0.0000
0.0000
2.1928
0.2229
0.0000
0.2358
0.0000
0.0000
0.0000
1.8288
0.2765
0.9167
0.0000
0.3630
0.0000
0.0000
0.0000
0.4696
0.0000
0.0000
0.0000
0.0000
0.0000
1.2813
0.0000
0.0000
0.0000
0.0000
0.0000
0.1694
0.0000
0.0000
0.0000
1.3883
0.0000
0.0000
0.0000
0.0000
0.0000
2.5649
0.3821
0.0000
0.0000
0.1262
0.0000
0.0000
0.9960
0.0000
0.0000
0.0000
0.2758
0.1861
0.0000
0.0000
0.0000
0.0000
0.0000
0.0000
2.2889
0.0000
0.0000
0.0000
0.0000
0.0000
0.0000
0.0000
0.0000
0.0000
0.0000
0.0000
0.0000
0.0000
0.2110
0.0000
0.9517
0.0000
0.0000
0.0000
5.1282
0.0000
0.0000
0.0000
0.0000
0.0000
0.0000
0.0000
0.0000
0.0000
0.0000
0.0000
0.6344
1.3964
0.0000
0.0000
0.0000
0.0000
0.0586
0.0000
0.0000
0.6640
0.0000
0.2374
3.4313
0.0000
0.0000
0.0000
0.0000
0.7463
1.2522
0.0000
0.0000
0.0000
1.0181
1.0106
0.0000
0.0000
0.0000
0.0000
0.0000
0.0000
0.0000
1.8686
0.0000
2.5689
0.0000
0.5045
0.0000
1.6732
0.0000
1.2643
0.0000
1.9873
1.4460
0.0000
0.0000
1.3077
1.6006
0.0000
0.0000
1.8988
0.0000
0.0000
0.0000
0.0000
0.2727
0.0000
1.1050
2.6323
0.0000
0.0000
0.0000
0.0000
0.9088
1.8485
0.0000
0.0000
0.0000
0.0000
0.0000
0.3201
2.3975
0.0000
0.0000
0.0000
0.1567
0.0000
0.6824
0.8902
1.4584
0.4890
0.0000
0.0000
0.2746
0.0000
0.0000
3.8560
0.0000
0.1750
0.0000
0.0000
3.3787
1.1580
0.0000
0.0000
0.0000
0.0000
0.0000
2.2289
0.0000
0.0000
1.6977
0.0000
0.0000
0.0000
0.0000
0.0000
1.1743
0.1509
0.0000
0.0000
0.0000
1.2312
0.6299
0.0000
0.0000
0.0000
0.0000
0.0000
0.0000
4.3918
0.0000
0.6912
0.2964
0.0000
1.9651
0.0000
0.0000
0.0000
0.0000
0.4357
0.0000
4.4507
0.0000
0.0000
0.0000
0.0000
0.0000
0.0000
0.0000
1.0992
0.0000
0.0000
0.1775
0.0000
0.0000
0.0000
0.0000
2.8649
5.5319
0.0000
0.0000
0.0000
0.0000
0.0000
0.0000
0.0000
0.0000
0.0000
0.0000
1.8577
0.0000
1.7588
1.5724
0.0000
0.0000
0.0000
0.0000
0.0000
2.0228
1.2403
0.0000
0.0000
0.0000
0.0000
0.0000
0.0000
0.0000
3.8249
0.0000
0.0000
0.0000
0.0000
0.0000
0.0000
0.3864
0.0000
0.0000
0.6719
0.8941
0.0000
0.0000
0.0000
0.0000
3.5626
0.0000
0.8978
0.0000
0.0000
0.0000
0.2023
0.0000
0.0000
0.0000
0.0000
2.7350
0.0000
0.0000
0.0000
0.0000
0.3940
0.0000
0.0000
0.0000
0.0000
0.0000
1.6149
2.2463
1.7973
1.7463
0.5606
0.0000
1.2454
0.0000
0.0000
0.0000
0.0000
0.5406
0.0000
0.0115
0.0000
0.0000
1.1459
0.5470
0.0000
0.0000
0.0000
0.0000
0.0000
0.0000
0.6392
0.3442
0.0000
0.0000
0.0000
3.1232
0.0000
0.0000
0.0000
0.0000
0.0000
1.6149
0.0000
0.0000
0.0000
0.0000
0.1501
0.0000
0.6946
0.0000
1.8699
0.0000
0.0000
0.0000
0.0000
0.0000
0.0000
0.7547
0.0000
0.0000
0.0000
1.4511
0.0000
0.0000
0.0000
0.0000
0.0000
0.0000
2.5330
0.0000
0.0000
0.0000
0.0000
0.0000
0.0000
0.0000
0.0000
1.2282
0.0000
1.0830
1.4853
1.4291
0.2077
0.0000
0.0000
0.0000
1.2978
0.0000
0.0000
0.0000
0.0000
0.0000
0.4760
0.2572
0.0000
0.0000
0.8898
0.1833
1.2346
0.8758
0.0000
0.0000
0.4075
0.0000
2.2055
0.0000
0.0000
0.2364
0.0000
0.0000
0.7266
3.0550
0.0000
0.0000
0.3893
0.0000
0.0000
0.0000
1.0197
0.0000
0.0000
0.0000
0.0000
2.2472
0.0000
0.0000
0.0000
0.0000
0.0000
0.6794
0.2631
0.0000
1.0329
0.0000
0.0000
0.0000
0.0000
0.0000
2.1969
0.0000
0.0000
0.0000
1.8751
0.9976
0.0000
5.3529
0.0000
0.0000
0.0000
0.0000
0.0000
0.4600
0.0000
0.0000
0.0000
0.6105
0.0000
3.5330
0.0000
0.0000
0.0000
0.0000
0.0000
2.1192
0.3592
0.0000
0.0000
0.0000
0.0000
0.0000
0.3868
0.0000
1.5944
0.0000
0.0000
0.0000
0.0000
0.0000
0.0000
2.4160
0.0000
0.0000
0.0000
0.0000
0.0000
0.0000
0.0000
0.0000
0.0000
0.0000
0.0000
1.4003
0.0000
0.0000
0.0000
2.1824
0.0000
0.0000
0.7385
0.0000
0.0000
0.0000
2.5874
0.0000
0.0000
0.0000
0.0000
0.3802
0.3633
1.4032
0.0000
0.0000
0.0000
0.0000
0.4415
0.0000
0.0000
0.0000
1.3657
0.1327
0.0000
0.0000
0.0000
0.0000
0.9298
0.0000
0.0000
0.0000
0.0000
0.0000
4.9840
0.0000
0.0000
3.2483
0.4153
0.0000
0.0000
0.0000
0.0000
0.0000
0.0000
0.4994
0.0000
0.0000
0.8852
1.7369
0.0000
0.7040
0.2870
0.0000
1.0626
0.0000
0.0000
0.7235
0.0000
0.0000
0.0000
0.0000
2.7982
0.0000
0.0000
0.0000
0.6094
0.0000
0.0000
0.0000
0.0000
0.0000
0.5150
0.0000
0.0000
0.0000
0.0000
1.7815
1.6524
0.0000
0.0000
0.0000
0.0000
0.0000
0.0000
0.0000
0.7580
0.0000
0.0000
0.1420
0.0000
0.0000
0.0000
0.0000
0.0000
0.4090
0.0000
0.0000
0.0000
0.0000
0.0000
0.0000
0.0000
0.0000
0.0000
0.0000
0.0000
0.0000
1.1270
1.2022
0.0000
0.0000
0.0000
3.7204
2.2902
0.0000
0.0000
0.0000
1.5857
2.2216
0.0000
0.0000
0.0000
3.4490
1.2862
0.0000
0.0000
0.2186
0.0000
0.0000
0.0000
0.0000
2.6464
0.0000
0.0000
0.1139
5.6961
0.0000
0.0000
0.0000
0.0000
0.0000
0.0000
1.9379
0.0000
0.0000
0.0000
0.0000
0.5951
0.0000
0.1358
0.0237
0.5214
0.0000
0.0000
0.8800
0.0000
0.0000
0.0000
0.0000
0.0892
0.1219
5.0346
0.0000
1.0909
0.0000
0.0000
1.6465
0.0000
0.8369
0.0000
1.1765
0.0000
0.0000
0.0194
0.0000
0.0000
0.0000
0.0000
0.0000
0.0000
0.4056
0.0000
0.0000
0.0000
0.0000
0.0000
0.0000
1.5697
0.0000
0.0000
0.0000
0.5732
0.0000
0.0000
0.0000
0.0862
0.0000
3.2703
0.0000
0.0000
1.4756
5.0933
0.0000
0.0000
0.0000
0.2855
6.1732
0.6844
1.2384
0.0000
1.2279
0.0000
0.0000
0.0000
0.0000
0.0000
0.0000
0.0000
1.1866
2.2475
1.0662
2.3160
1.3384
0.0000
2.5710
0.0000
0.0000
0.0000
0.0000
0.0000
0.5562
0.0000
0.0000
1.5674
0.0000
0.0000
0.0000
3.1530
1.1927
0.4392
0.0000
0.0000
0.0000
0.2723
0.0000
0.4025
0.0000
0.0000
0.0000
0.7209
0.4527
1.3553
0.0000
0.0000
0.5138
0.0000
0.2209
0.0000
1.0683
0.0000
0.0000
0.0000
0.0000
0.0000
0.2966
0.0000
0.0000
0.0000
0.0000
0.0000
2.4883
2.5036
0.0000
0.0000
0.9985
2.5963
0.0000
1.9022
0.0000
0.0000
0.0000
0.0000
0.8393
0.0000
0.0000
0.3022
0.0000
2.4400
0.0000
0.0000
0.3412
0.0000
0.0000
0.0521
0.8363
0.0000
0.0000
0.0000
2.1555
2.8942
1.6932
0.0000
0.0000
1.0679
0.0000
0.0000
0.0000
0.0000
1.4020
1.8331
0.0000
0.0000
0.0000
0.0000
0.0000
4.5245
0.0000
0.0000
0.0000
2.5040
0.0000
0.0000
0.0000
0.0000
0.4101
0.0000
0.0000
0.4602
0.0000
3.8385
1.0086
0.0000
0.0000
0.6899
3.4179
0.0000
0.0000
0.0000
0.0000
0.0000
0.0000
0.0000
0.0000
0.0000
0.0000
0.0000
0.0000
0.5516
0.0000
0.0000
0.0254
0.0000
0.0000
0.6780
0.0000
0.0000
1.0964
0.0000
2.1578
1.9909
1.1597
0.2343
0.0000
0.0000
2.1457
0.0000
0.0000
0.0000
0.2026
1.6916
0.0000
4.4214
1.2041
0.0000
4.2250
1.0541
0.8588
1.0068
0.0000
2.1214
0.2387
0.0000
0.0000
0.0000
0.0000
0.0000
0.0146
1.1903
0.7945
0.6886
0.0000
0.0000
1.7809
0.0000
0.0000
1.4223
0.0000
0.2432
0.0000
0.0000
0.0000
0.0000
