0.0000
0.0000
0.0000
0.0000
2.5041
0.0000
0.0000
0.0000
0.0000
1.4942
0.6604
0.0000
0.0000
0.1704
0.0000
0.0000
0.0000
0.0000
0.0000
0.0000
0.0000
0.0000
2.2311
0.0000
0.5027
0.0806
0.0000
3.0249
0.0000
0.0000
0.0000
0.0000
1.4051
0.0000
3.1382
0.0000
0.0000
0.0000
1.0415
1.9947
0.0000
1.0684
0.0000
0.0000
0.0000
0.0000
0.0000
0.0000
0.1995
0.0000
0.0000
0.0000
0.0000
0.0000
0.0000
0.0000
0.2555
0.0000
0.0000
0.0000
0.0000
1.8979
0.0000
1.6681
0.0000
0.1623
0.0000
0.0000
0.3131
0.0000
0.0000
3.1258
0.0000
0.0000
0.0000
0.7883
0.0000
0.0000
0.0000
0.0000
1.2956
0.0000
0.0000
0.0000
0.0000
0.0000
0.8526
0.0000
1.6111
0.0000
0.9449
0.0000
0.3180
2.5845
0.0000
0.0000
0.0000
0.0000
2.2368
0.0000
0.1516
0.0000
0.0000
0.0000
0.0000
0.0000
0.0000
0.0000
0.0407
3.1871
0.0000
0.0000
0.0498
0.0000
0.0000
0.0000
0.1378
0.0000
0.0000
0.0000
4.4041
0.0000
1.5739
0.1037
0.3296
0.0000
1.3754
0.0000
0.0000
1.7602
0.0000
0.0000
0.0000
0.0000
3.4813
0.4474
0.5891
1.7894
0.0000
4.1965
3.4177
0.0000
2.4378
1.8696
1.9867
0.0000
0.0000
2.4626
0.1451
0.0000
0.0000
0.3214
0.8848
0.2448
0.0000
0.0000
0.0000
1.3595
0.6870
0.0000
1.5628
0.0000
0.4505
0.0000
0.0000
1.0787
0.0000
0.1986
0.0000
2.8446
0.0000
0.0000
0.0000
0.0000
0.3155
0.0000
0.0000
0.0000
0.0000
5.7978
1.8630
3.7895
0.0000
0.0000
0.0000
0.0000
0.5912
0.0000
1.0407
0.5076
0.0000
0.0000
0.0000
0.0000
0.6624
0.0000
0.0000
1.1639
2.8875
4.3455
0.0000
0.0000
0.0000
0.0000
0.0000
0.0000
0.0000
0.0000
0.0000
0.0000
0.0000
0.0000
0.0000
0.0359
0.0000
0.0000
0.0000
0.0000
0.0002
0.0000
0.0000
0.0000
0.0000
0.0000
0.5610
0.0000
1.1642
0.4994
0.0000
0.0000
0.0000
0.0000
0.0000
0.0000
3.5671
0.0000
1.4817
0.0000
1.9887
0.0000
0.0000
0.0000
0.0000
0.0000
0.0000
0.0000
0.0000
0.0000
0.0000
0.0000
0.0000
0.0000
0.0000
1.0654
0.0000
1.6310
0.0000
0.0000
0.0000
0.0000
0.0000
1.1854
0.0000
0.0000
0.0000
0.0000
2.7736
1.3306
0.0000
0.5057
2.5567
0.0000
0.0000
2.2666
0.0000
0.0000
0.0000
0.0000
0.7966
0.0000
1.0150
0.7962
1.5905
0.0000
0.0000
0.0000
0.0000
0.0000
0.0000
0.0000
0.0000
0.0000
0.0000
0.4632
3.8015
0.0000
0.0000
0.0000
0.0000
2.7625
0.0000
0.0000
0.0000
0.0000
0.7986
0.0000
0.0000
0.0000
0.0000
0.0000
0.0000
1.0009
0.0000
0.1382
0.0000
0.0000
0.0000
0.0000
0.0802
0.3860
0.0000
2.2027
0.0000
0.3386
0.0000
2.0808
0.0000
0.0000
0.0000
2.9903
0.0000
0.0000
0.0000
0.1154
0.0000
1.6059
1.3614
0.0000
0.0000
5.0726
0.0000
0.0000
0.0000
0.0000
0.0000
4.9260
0.0000
0.0000
0.0000
0.0000
0.0000
4.5092
1.7525
0.0000
1.5712
1.8390
0.0000
0.0000
1.3078
0.0000
0.0000
0.0000
0.0000
0.0000
0.0000
0.1854
0.0000
0.0000
0.0000
0.0000
0.0000
0.0000
0.0000
0.0000
0.0000
0.0000
0.0000
3.0325
0.0000
0.0000
2.6082
0.0000
0.0000
0.0000
0.0000
0.0000
1.0058
0.0000
0.0000
0.0000
2.0120
0.0000
0.0000
0.0000
0.0000
0.1899
0.0000
0.1796
0.0000
0.0000
0.0000
1.5473
0.0000
0.0000
0.0000
0.0000
0.0000
0.0000
3.4520
0.0000
0.0000
0.0000
0.0000
5.9648
0.0000
0.0000
0.0000
0.0073
0.0000
0.0000
0.0000
0.0000
1.5153
0.0000
0.0000
0.0000
0.1923
0.0000
0.0000
0.0000
0.0000
0.0000
0.0000
0.0000
0.0000
0.0000
0.2161
0.0000
0.4457
0.0000
2.7625
0.4480
0.0000
0.0000
4.7749
1.0806
0.0000
0.0000
1.4848
0.2076
0.1918
0.0000
0.0000
0.1036
0.0000
0.0000
0.0000
1.5890
0.0000
0.0000
1.6309
0.0000
0.8822
0.0000
0.0603
0.0000
0.0000
0.4643
0.0000
0.0000
0.0000
2.5557
0.0000
0.0000
0.0000
0.0000
0.9291
0.0000
0.0000
0.0000
0.0000
0.0000
0.0000
2.2526
0.2301
0.3191
0.0000
2.2452
0.0000
2.7525
0.0000
0.0000
0.0000
0.0000
0.0000
0.5352
0.0000
0.0000
0.9321
0.0000
0.0000
0.0000
0.7260
0.0000
0.9604
0.0000
0.0000
0.0000
0.0000
3.2826
0.0000
0.0000
0.0000
0.0000
0.0000
1.7367
0.0000
0.2893
4.9714
0.0000
0.9397
2.5695
0.0000
0.0461
0.4695
0.0000
0.0000
0.1913
0.0000
0.0000
1.5371
0.1060
1.1367
0.0000
0.0000
0.5405
0.0000
0.0000
0.1145
0.0000
0.0000
0.0000
0.0000
0.0000
0.0000
0.0000
0.0000
0.0000
0.0000
0.0000
0.0000
0.0000
0.0000
0.0000
0.0000
0.0000
0.0000
0.0000
0.0000
0.0000
0.7529
0.8207
0.0000
0.0000
0.0000
1.9090
0.0000
0.0000
0.0000
0.0000
0.0000
0.0000
0.0000
0.0000
0.0000
0.0000
0.0000
0.2491
0.0000
0.0000
0.0000
0.0000
0.0000
0.0000
0.0000
0.0000
0.0000
1.0508
0.3106
0.0000
0.0000
0.0000
0.0000
0.0000
0.0000
0.0000
0.0000
0.0000
3.7386
0.0000
0.0000
1.0483
0.0000
0.2888
0.0000
0.0000
1.8795
0.0000
0.0000
0.0000
0.0000
0.0000
0.0000
2.7363
0.0000
0.3041
2.0961
0.5505
0.6610
0.0000
2.4524
0.0000
0.0072
0.0000
0.0000
1.7680
0.0000
0.0000
0.0000
0.0000
0.0000
0.0000
0.0000
0.0000
2.4634
3.2260
0.0000
0.0000
0.0000
0.0000
0.0000
0.0000
0.0000
0.0000
0.0000
0.0000
0.0000
0.0000
2.0927
0.0000
0.0000
0.0000
2.7709
0.0000
0.0000
0.0000
0.7172
0.0000
0.0000
0.0000
0.0000
1.7094
2.0289
0.0000
0.0000
0.0022
0.4635
0.0000
0.0000
0.0000
0.2242
0.0000
0.0000
0.0000
0.0000
0.0000
0.0000
0.0000
0.0000
0.0000
0.0000
1.5930
0.0000
0.0000
0.0000
1.1479
0.0000
0.0000
0.0000
2.0393
0.0000
0.0000
2.6028
0.0000
0.0000
0.0000
0.0000
0.0000
0.0000
0.0000
1.3472
0.0000
0.0000
1.7662
0.0000
0.4983
0.0000
0.0000
0.6609
0.7832
0.0000
3.9065
1.2153
0.0871
0.0000
0.0000
0.0000
0.0000
0.0000
0.0000
0.0000
0.0000
2.8998
0.3102
0.0000
0.0000
0.0000
0.0000
0.0000
0.0000
0.0000
0.0000
0.0000
0.5700
0.0000
0.0000
0.0000
0.1876
0.0000
2.6797
0.0511
0.4412
0.0000
0.0000
0.0000
0.0000
0.0000
0.0000
0.6500
0.0000
0.0000
0.0000
0.0000
0.0000
0.0000
0.0000
0.0000
0.0000
0.0000
0.0000
2.1928
0.0000
1.0827
0.0000
0.0000
2.2725
0.0000
1.3996
0.0000
0.0000
1.5040
0.0000
0.0000
0.0000
0.0000
0.0000
0.0000
0.0000
1.8731
0.0000
0.6830
0.0000
0.0000
0.0000
0.0000
0.0000
0.0000
0.0000
0.0000
0.0000
0.0000
0.0000
0.0000
0.0000
0.0000
0.0000
0.0000
0.0000
0.0000
0.0000
0.0000
0.0000
4.7860
0.0000
0.0000
0.0000
0.0000
0.0000
0.0000
0.2403
2.1312
0.0000
0.0000
0.0000
0.0000
0.0000
1.5652
0.0000
0.0717
1.6198
0.0000
0.0000
0.0000
0.0000
0.0000
0.0000
0.0000
0.0000
0.0000
0.0000
1.3118
0.0000
0.0000
0.0000
0.0000
0.0000
0.0000
0.0000
0.0000
0.0000
0.0000
0.0000
0.0000
0.0000
0.0000
0.0000
0.0000
0.0000
0.2539
0.0000
0.0000
0.5162
0.0000
0.0270
0.0000
0.0000
0.0000
0.0000
0.0000
0.0000
0.6584
0.0000
0.0000
0.8233
0.0000
0.0000
0.0000
0.0000
0.0000
0.0000
0.0000
0.0000
1.9630
0.0000
0.0000
0.0000
0.0000
1.5427
0.5056
0.0819
0.0000
0.0000
0.0000
0.0000
0.0000
0.0000
0.0000
0.0000
0.0000
0.0000
1.7097
0.0000
0.1199
0.0000
0.0000
0.0000
0.0000
2.3199
1.2127
0.0000
0.0000
0.0000
0.0000
0.0000
0.0000
0.0000
0.0000
0.0000
0.0000
0.5557
0.0000
0.0000
2.1424
0.0000
0.0000
0.0000
0.0000
0.2709
0.0000
0.0000
0.0000
0.5449
1.5577
0.0000
0.0000
3.5488
2.3846
0.0000
0.0000
0.0000
0.0000
0.0000
0.0000
0.0000
0.0000
0.5094
0.0000
0.0000
0.0000
0.0000
0.0000
0.1526
0.0000
0.0000
2.2436
0.1484
0.0000
1.3381
0.0000
5.3157
0.1766
0.0000
0.0000
0.0000
0.0000
0.0000
2.3816
0.0000
0.0000
0.0000
0.0000
2.1554
0.0000
0.0000
0.0000
0.0036
0.0000
0.0000
3.3960
0.0000
0.0000
0.0000
0.5415
0.0000
0.0000
0.0000
0.7449
0.0000
0.0000
0.0000
0.0000
1.1952
0.0000
2.2958
2.9706
0.5399
4.1705
0.0000
0.0000
0.0000
0.0006
0.0000
0.0000
0.0000
0.0000
0.0000
0.0000
0.0000
0.0000
4.7100
0.0000
0.0000
0.0000
0.6836
0.0000
0.0000
0.0000
0.0000
0.0000
2.4674
0.0000
0.4429
0.0000
1.1750
0.0000
0.0000
0.0000
2.2468
0.0000
3.4255
0.0000
0.2070
0.0000
0.0000
0.0000
0.0000
2.4164
0.0000
0.0000
0.0000
0.1747
0.0000
0.4229
0.0000
1.4985
0.0000
1.3772
0.0000
2.7863
0.0000
0.0000
2.4475
0.0000
0.0000
0.0000
0.0000
2.9806
0.0000
0.0000
0.0000
0.0000
0.0000
0.0000
0.0000
0.0000
0.0000
0.0000
0.0000
0.0000
0.0000
5.2058
0.6085
0.2650
0.0000
0.7307
0.5511
1.5225
0.1991
0.0000
0.0000
1.9917
0.0000
0.0000
0.0000
0.0000
0.0000
2.3680
0.0000
0.0000
0.0000
0.0000
0.0000
0.0000
0.0000
0.0000
1.3012
0.0000
0.9343
0.0000
0.0000
0.7158
1.4199
0.0000
0.0000
1.0858
0.0000
0.0000
0.1532
0.0000
0.0000
0.0000
0.0000
0.0000
0.2894
0.1070
0.0000
0.0000
0.0000
0.0000
0.0000
0.2401
0.7514
0.7109
0.0000
0.2511
0.0000
1.3533
0.0000
0.0000
0.0000
0.0000
0.1191
0.0000
0.0000
1.0231
0.0000
0.0000
0.0000
0.0000
0.0000
0.0000
0.0000
0.0000
0.0000
0.0000
0.0000
0.0000
0.0000
0.0000
0.0000
0.0000
0.0000
0.0000
0.0000
2.1109
1.1196
1.1967
0.0000
0.0000
0.0000
0.0000
0.0970
0.0000
0.0000
0.0000
0.0000
0.1755
0.0000
0.0000
0.5951
0.0000
0.0000
0.0000
0.0000
0.0000
0.0000
2.5581
0.0000
0.0000
0.8168
2.6699
0.0000
0.0000
0.2992
2.8685
1.1479
0.0000
0.0000
0.0000
0.0000
0.0000
1.6267
0.0000
0.0000
0.0000
0.0000
0.0000
1.0208
1.4380
0.0000
1.4324
0.0000
0.0000
0.0000
0.4277
0.0000
0.0000
0.0000
0.0000
0.0000
1.6504
0.7033
0.0000
0.0000
1.9726
0.0000
0.0000
0.0000
0.0000
0.0000
3.1523
0.0000
3.5667
0.0000
0.0000
0.0000
0.0000
0.0000
0.0000
0.0000
0.0000
0.0000
0.0000
3.4812
0.0000
0.0000
0.0000
0.0000
0.0000
0.0000
0.0000
0.0000
0.3820
0.0000
0.0000
0.0000
1.2330
0.0000
0.0000
0.0000
0.0000
0.0000
0.0000
0.0000
0.0000
0.0000
0.0000
0.0000
1.0005
1.4602
0.0000
0.0000
1.7319
0.0000
0.8722
0.0000
0.0000
3.2625
0.0000
0.0000
0.0000
0.0000
0.0000
1.9774
0.0000
0.4953
0.0000
0.0000
0.0000
0.0000
0.0000
2.0235
3.4507
0.0000
0.0158
0.0000
1.3314
0.0000
0.0000
0.4852
0.0000
0.0000
0.0000
0.0000
0.0000
0.0000
0.1332
0.0000
0.0000
0.0000
0.0000
0.2230
1.9534
0.0000
0.0000
0.0000
0.0000
0.0000
0.0000
0.0000
0.4244
0.0000
2.3428
0.0000
0.0000
0.0866
0.0000
0.0000
0.0000
0.0000
0.0000
0.0000
0.5465
0.0000
0.0000
0.0000
0.0000
0.0000
0.0000
0.0000
0.0000
0.9445
0.0000
0.0000
0.2854
1.6449
0.0000
0.0000
0.0000
0.0000
0.0000
0.0000
0.0000
0.5147
0.3717
0.6171
0.0000
1.1740
0.0000
0.0000
0.0000
0.0000
0.0000
0.0000
0.0000
0.0000
0.0000
0.0000
0.0000
0.0000
0.0000
0.1077
0.0000
0.0000
0.0000
0.0000
0.0000
0.0000
0.0000
1.1734
0.0000
0.0000
0.0000
0.0000
0.0000
0.0000
0.0000
0.0000
1.5456
2.9830
0.0000
0.4001
0.0000
0.0000
0.0000
0.0000
0.0000
0.0000
0.0000
0.0000
0.0000
0.0000
0.0000
2.2057
1.9957
0.0000
0.0000
1.3826
0.0000
0.0000
2.7156
0.0000
2.5011
0.0000
0.0000
0.0000
0.0000
1.4752
1.9810
2.8262
0.0000
0.2097
0.0000
0.0000
0.0000
0.0000
0.0000
1.1090
0.0000
0.0000
0.0000
0.0000
0.0000
0.1812
0.0000
0.0000
0.0000
0.7479
0.3481
0.0000
0.0000
0.8884
0.0000
0.0000
0.0000
0.0827
0.0000
2.2679
0.0000
0.0000
1.7041
1.5003
0.0000
0.8691
0.0000
0.1368
0.0000
0.0000
0.0000
0.0000
0.0000
0.0000
0.0000
0.0000
0.7921
0.0000
0.0000
1.7033
0.0000
3.4744
0.0000
0.1167
0.0000
0.0000
0.0000
0.0000
0.0000
0.0000
0.0000
0.0000
1.2208
0.0000
3.9729
1.5092
0.0000
0.0000
0.0000
0.0000
0.0000
0.0000
0.0000
0.0000
0.0000
0.0000
1.4362
0.0000
1.6673
0.0000
0.5146
0.0000
0.0000
0.0000
0.0305
0.0000
0.0000
1.3025
4.2600
0.9343
0.0000
0.0000
0.0000
0.0000
0.0000
0.0000
0.0000
0.0000
0.0000
0.0000
0.0000
0.0000
0.0000
0.0000
0.3628
0.4258
0.0000
1.1477
0.0000
0.0000
0.0000
1.0774
0.0000
0.0000
3.5288
0.0000
0.0000
0.0000
0.0000
0.0000
0.0000
0.5693
2.8182
1.8197
0.0000
0.0000
0.0000
0.0000
0.0000
0.0000
0.0000
0.0000
0.0000
0.0000
0.0000
0.0000
0.0000
0.0000
0.0000
0.0000
0.0000
0.0000
0.0000
0.0000
0.0000
0.1289
0.0000
0.0000
0.0000
0.0000
0.0000
0.0000
0.0000
2.9002
0.0000
0.0000
0.0000
0.0000
2.7188
0.0000
0.0855
0.0000
0.0000
0.6452
0.0000
0.7737
0.0000
0.0000
0.0000
0.3166
0.1730
1.7345
0.0000
0.0000
0.0000
0.0000
0.0000
4.8255
0.0000
0.0000
0.0000
0.0000
0.0000
0.0000
0.0000
0.0000
0.0000
0.0000
1.3238
0.0000
0.0000
0.0000
0.4074
0.0000
0.6238
0.0000
1.7546
0.0000
0.0000
0.0000
0.0000
1.2311
0.0000
0.0000
0.0000
1.5327
0.0000
2.5802
0.0000
0.0000
0.0000
0.0000
0.0000
0.0000
0.0000
0.0000
0.0000
1.7137
0.0000
0.0000
0.0000
1.1283
0.5436
0.0644
4.3773
0.1505
0.0000
0.0000
0.0000
0.4022
0.0000
0.0000
0.0000
1.5787
1.2921
0.0000
0.0000
0.0000
0.0000
0.0000
0.0000
0.0000
0.0000
0.0000
0.0000
0.0000
0.0000
0.0000
0.7323
0.0000
1.9699
0.0000
0.0000
0.9966
0.0000
0.0000
0.0975
1.0588
0.1228
0.3809
3.3622
1.2980
1.9766
0.0000
0.0000
0.0000
0.0000
0.0000
0.0000
0.8532
0.0000
0.0000
0.0000
0.0000
0.0000
0.0000
1.1579
0.0000
1.9414
0.8335
0.0000
0.0000
0.0000
0.1785
0.0000
0.0000
0.0000
0.0000
0.0000
0.0000
1.0106
0.0000
0.0000
0.0000
0.0000
0.0000
0.0000
0.0000
0.0000
0.0000
0.0000
0.0000
0.0000
0.3356
0.0000
0.9079
0.0000
1.1604
0.0000
0.0000
0.0000
4.1598
0.0000
0.0000
0.0000
0.0000
0.0000
0.8574
1.9660
1.3154
0.2758
1.1442
0.0000
2.1832
0.0000
0.8641
0.0000
0.0000
0.0000
0.0000
0.0000
0.0000
0.0000
0.0000
0.0000
0.0000
2.6375
1.1212
0.0000
1.6402
0.0000
0.0000
0.0000
0.0000
0.0000
0.0000
0.0000
4.5464
0.0000
1.8344
2.9210
0.0000
0.0000
0.0000
0.3843
0.0000
1.1364
2.7359
0.5505
0.0000
0.0000
0.0000
0.8916
2.8635
0.0000
3.7252
1.8106
0.0000
0.6725
0.0000
0.0000
0.0000
0.0000
0.0000
0.0000
1.5554
2.6220
0.0000
0.0000
3.3531
0.0000
2.7368
0.0000
0.0000
0.0000
0.0000
0.0000
0.0000
0.0000
1.5840
0.0000
1.5191
0.3924
0.0000
3.4650
0.0000
0.0000
0.0000
0.0000
0.0000
0.0000
0.0000
1.5311
1.7623
0.0000
0.0000
1.3008
0.0000
0.0000
3.4692
0.0000
0.0000
0.0000
0.0000
0.0000
0.0000
0.0000
0.0000
0.0000
0.0000
0.0000
0.0000
0.0000
1.5396
0.1407
0.0000
0.0000
0.0000
2.8098
0.0000
3.4758
2.3407
1.1246
0.0000
0.0000
0.0000
0.0000
0.0000
0.0000
0.9945
0.0000
1.0485
0.0000
0.0000
0.0000
0.0000
0.3438
0.0000
0.0000
0.0000
0.0000
0.0000
0.1164
0.7286
1.3851
0.0000
0.0000
1.1172
0.0000
0.0000
0.0000
0.0000
0.0650
0.0000
0.0000
0.0000
0.0000
0.0000
0.0000
0.0000
0.0000
0.0000
0.0000
0.0000
0.0000
0.8039
0.0000
0.0000
0.0000
0.0000
1.2203
0.0000
1.5596
0.0000
1.7071
0.0000
0.0000
0.0000
0.2337
0.0000
0.0000
0.0000
0.0000
1.2457
0.0000
0.1035
0.0000
0.0000
0.0000
2.9023
0.0000
0.0000
0.0000
0.0000
0.0000
0.0000
0.4417
0.9536
0.0000
0.0000
0.0000
0.0000
0.0000
0.0000
0.0000
0.3084
0.0000
0.7110
0.0000
0.0000
0.0000
0.6902
1.5228
2.0549
0.0000
0.0000
1.7397
0.0000
0.1353
0.0000
4.1242
0.0000
0.5948
0.0000
0.0000
0.0000
0.0000
0.0000
0.0000
0.0000
0.9097
0.0000
0.0951
0.4582
0.0000
0.0000
0.0000
0.0000
0.0000
0.0000
0.0000
1.1009
0.0000
0.0000
1.6147
2.9880
1.6262
0.0000
0.0000
0.0000
0.0000
0.0061
0.0000
0.0000
2.9849
0.0000
0.0000
1.8855
3.6264
0.0000
0.0000
0.0000
0.3411
0.0000
0.0000
0.0000
1.4394
0.0000
0.0000
0.0000
0.0000
0.5688
0.7677
0.0000
0.0000
0.0000
0.0000
3.6110
0.0000
1.3803
1.2589
0.0000
0.0000
0.0000
3.3981
0.0000
0.0000
0.0000
2.6782
1.5321
0.0000
0.0000
0.1733
0.0000
0.0000
1.2118
0.9130
0.0000
0.0000
0.0000
0.0000
2.1578
2.4058
0.2091
0.0000
0.0000
0.0000
0.0000
2.3135
0.0000
0.0000
0.0000
0.0000
0.0000
0.0000
0.0000
0.0000
0.0000
0.0000
0.0000
0.0000
0.2421
0.0000
0.0000
0.2889
2.4559
0.0000
0.0000
0.0000
0.0000
0.0000
0.0874
0.0000
2.3270
0.0000
0.0000
0.0000
1.5937
0.0000
0.0000
1.8040
0.0000
0.0000
0.0000
0.0000
0.0000
0.0000
0.0000
0.0000
0.0000
0.0000
0.0000
3.3908
0.0000
0.8074
0.0000
0.0000
0.0000
0.0000
0.0000
1.7248
0.0000
0.0000
0.0000
0.0000
0.0000
0.0000
0.0000
0.0000
0.0000
0.0000
0.0000
0.0000
1.1881
0.0000
0.6450
1.0087
0.0000
3.2719
0.0000
0.0000
0.0000
0.0000
0.5492
0.0000
0.0000
0.0000
0.0000
0.3864
4.0629
0.0000
3.0884
0.0000
1.5944
1.0650
0.0000
0.0000
0.0000
0.0000
0.0620
0.0000
0.0000
0.0000
0.2729
0.0000
3.5278
0.0000
0.0000
0.0000
0.0000
0.0000
2.5146
0.0000
0.0000
2.4543
0.0000
0.0263
0.0000
0.0000
0.0000
0.0000
2.4810
0.0000
0.0000
0.0000
0.0000
0.0000
0.0000
0.0000
0.0000
0.0338
0.0000
0.0000
0.0000
0.0000
0.0000
1.8727
2.8722
1.0802
0.4084
1.2794
0.0000
0.0000
0.2207
0.0000
0.0000
0.0000
0.0000
0.4289
3.2484
0.0000
0.0000
0.0000
0.7472
0.0000
0.0000
0.0000
0.0000
0.0000
0.0000
0.0000
0.4487
0.0000
0.0000
0.0000
0.0000
3.1125
0.2164
0.0000
0.0000
0.0000
0.0000
0.3039
0.0000
0.0000
0.0000
0.7470
0.5939
0.0000
0.0000
1.9199
0.6537
0.0000
0.0000
0.0000
0.0000
0.0000
1.0379
0.0731
0.0000
0.0000
0.0000
0.0000
0.0000
0.0000
0.0000
0.0000
0.0000
0.0000
0.0000
2.3381
0.0000
0.0000
0.0000
1.5530
0.0000
0.0000
0.0000
3.1201
0.0000
0.0000
0.5654
0.0000
0.0000
0.0000
2.4269
1.4121
0.0000
0.0000
0.0000
0.0000
1.5934
0.0000
0.0000
0.0000
0.0563
0.0000
0.6622
2.1611
0.0000
1.1007
0.0000
0.0000
1.4988
0.0000
0.0000
0.0000
0.0000
1.2025
0.0000
0.0000
0.0000
0.0000
0.0000
0.0000
0.0000
1.0635
0.0000
0.0000
0.0000
0.0000
0.0000
0.0000
0.0000
0.0000
0.0000
0.0000
0.0000
0.0000
1.5974
0.0000
0.0000
0.1075
0.7484
1.0730
0.0000
0.0000
0.0182
0.0000
0.0000
0.0000
0.0000
0.0000
0.0000
0.0000
0.0000
0.0000
0.6154
0.0000
0.0000
0.0000
1.6418
0.0000
0.0000
0.0000
0.5059
0.0000
0.4230
0.0000
0.4154
0.0000
0.0000
0.0000
0.2992
1.9433
0.0000
0.0000
0.0000
1.3536
0.0000
0.0000
0.0000
0.3763
0.0000
0.0000
0.0000
0.0000
1.9768
1.4927
0.0000
0.0000
0.0000
2.2210
7.5209
0.0000
0.0000
0.0000
0.0000
0.9729
0.0000
0.0000
0.0000
0.0000
0.0000
0.0000
0.0000
0.0000
0.0000
0.0000
0.0000
0.0000
0.0000
0.0000
0.0000
0.0000
0.0000
0.0000
0.3359
0.1415
0.0000
0.5401
0.0000
0.0000
0.0000
0.0000
0.0000
1.7730
1.1659
1.3118
0.0000
2.0871
0.0000
1.6765
0.0000
2.1855
0.0000
0.0000
0.4398
0.0000
0.0000
0.0000
0.0000
0.0000
1.0535
0.1709
0.0000
3.2670
0.0000
0.0000
0.0000
0.9961
0.0000
0.0000
0.0000
0.4006
0.0000
0.0000
0.0000
0.6596
0.7842
0.4612
0.0000
0.0000
0.0000
0.0000
0.0000
0.0000
0.0000
0.0000
0.0000
0.0000
0.0000
0.0000
0.0000
0.0144
0.0000
0.0000
2.8424
0.1433
0.0000
1.5551
0.0000
0.0000
0.0000
0.0000
0.0000
0.0000
0.0000
0.0000
0.0000
0.8979
0.0000
0.0000
0.5371
0.5079
0.0000
0.0000
0.0000
0.0000
0.0000
0.0000
0.0000
1.9153
0.0000
0.0000
0.0000
0.0000
0.0000
0.0000
1.9957
0.0000
1.5701
0.0000
0.0000
0.0000
0.0000
0.0000
0.0000
0.3073
2.7357
0.5136
0.0000
0.0000
0.0000
0.0000
0.0000
0.0000
0.0000
4.5068
0.0157
0.0000
1.1254
0.0000
0.9271
1.3621
0.0000
0.0000
0.0000
0.0000
0.0000
0.5770
0.0000
0.0000
0.0000
0.0000
0.0000
0.0000
0.0000
0.0000
0.0000
0.0000
0.2387
0.7048
0.0000
0.0000
0.0000
0.0000
0.8679
0.0000
0.0000
0.6371
0.0000
1.1339
0.0000
0.0000
0.0000
2.8190
0.0000
0.1359
0.0000
0.0000
0.6918
0.4014
0.0000
2.6127
0.0000
1.1579
0.0000
0.0000
0.0000
0.0000
0.0000
0.0000
0.0000
0.0000
0.0000
0.0000
0.0000
0.0000
0.0000
0.0000
0.0000
0.0000
0.0000
0.0000
1.4357
0.0000
0.0000
0.0000
0.0000
0.0000
0.6097
0.0000
0.0000
0.0000
0.0000
0.0000
0.0000
0.6596
0.0000
0.0000
0.0000
0.0000
2.1734
0.0000
0.0000
0.0000
0.0000
0.6393
0.0000
0.0000
3.3514
0.0000
0.0000
0.0000
0.0000
0.0000
0.0000
0.0000
0.0000
0.0000
2.9590
0.0000
0.0000
0.8626
0.0000
3.6939
0.0000
0.0000
0.0000
0.0000
0.0000
0.0000
0.0555
1.7444
1.6169
0.0000
5.5823
0.8772
0.0000
0.0000
0.0000
1.7491
0.0000
1.7959
0.0000
0.0000
0.0000
0.0000
0.0000
1.5622
0.0000
0.0000
1.6193
0.0000
0.0000
0.0000
3.3382
0.0000
0.0000
0.0000
2.8523
0.0000
0.0000
0.0000
0.0000
0.0000
2.1812
0.0000
0.0000
0.0000
0.0000
0.0000
0.0000
2.1640
0.5682
3.6900
0.0000
2.1003
3.8046
1.4139
0.0000
0.0000
0.0000
0.0000
0.0000
0.7821
0.0000
0.4074
2.7799
0.0000
0.0000
0.0000
0.0000
1.1610
0.0000
0.0000
4.4616
0.0000
0.0000
0.0000
0.9074
0.7171
1.5251
2.5655
0.0000
0.0000
0.9740
0.0000
0.7305
0.0000
0.0000
2.7540
0.0000
0.0000
0.0000
0.0000
0.0000
3.0729
0.0000
0.0000
0.0000
0.0000
0.0000
1.1793
0.0000
0.0000
0.0000
2.8462
0.0000
0.2044
0.0000
0.0238
0.0000
0.0000
0.0000
0.0000
0.0000
0.0000
0.8763
0.0000
0.0000
0.0000
0.0000
0.0000
0.0000
0.5989
0.0000
0.0000
2.0284
0.0000
0.0000
0.0000
1.3181
0.0000
0.7049
2.5020
0.0000
0.0000
1.3373
0.0000
0.0000
0.0000
0.0000
0.3837
0.0000
0.7716
0.0000
0.0000
4.5048
0.0000
0.0000
1.9787
0.0000
0.0000
0.0000
0.5761
0.0000
0.0000
0.0000
0.0000
0.0000
0.3664
0.0000
0.0000
0.0000
1.7034
0.0000
1.0337
1.6485
0.0000
0.0000
0.3503
0.0000
0.0000
0.0000
0.7528
0.0000
2.2663
0.3996
0.0000
2.2731
0.0000
0.0000
0.0000
0.0000
0.0000
1.0135
1.9165
1.1520
0.0000
0.0000
2.4620
0.0000
0.6914
0.0000
0.0000
0.0000
0.5898
0.0000
0.0000
0.0000
0.9724
0.0000
0.0000
0.3288
0.0000
0.0000
0.0000
0.0000
0.0000
0.0000
0.8586
0.0000
3.8205
0.6042
1.5043
0.0000
0.0000
0.0000
0.0000
2.0772
1.4802
0.0000
0.0000
0.0000
0.0000
0.0000
0.0000
1.7280
3.0227
0.0000
0.0000
0.0000
0.3913
3.3912
0.0000
0.0000
0.0000
0.0000
0.0000
0.0000
0.0000
0.0000
0.0437
0.0000
0.0000
0.0000
0.0000
1.5778
0.0000
0.0000
1.6296
0.0000
0.0000
0.4455
0.0000
0.0000
0.0000
0.0000
3.8101
1.1100
0.0000
0.0000
0.8426
0.0000
0.0000
0.6833
2.0335
0.0000
0.0000
3.3957
3.9759
0.0000
0.0000
0.0000
0.0000
0.0000
0.0000
0.2641
1.9735
0.0000
0.0000
6.1085
0.2534
0.4742
0.0000
0.0000
0.0000
0.0000
0.0000
0.0000
0.0642
0.0000
1.9102
0.0000
0.0000
0.0000
0.5936
1.6221
0.0000
0.0296
0.0000
0.0000
0.0000
0.0000
0.0000
0.0000
1.4089
0.0000
0.0000
0.0000
0.0000
0.0000
0.0000
1.2637
0.9866
0.0000
0.0000
0.4893
0.0000
0.0000
0.0000
0.0000
0.5775
0.0000
0.0000
0.0000
0.0000
0.0000
0.0000
0.0000
0.0000
2.4976
0.0000
2.4158
0.0000
0.0000
0.0000
0.0000
0.0000
0.4446
0.0000
0.0000
0.0000
0.0000
0.0000
0.2641
0.0000
0.0000
1.9391
0.0608
0.0118
0.0000
1.5364
0.0000
1.0231
0.0000
0.0000
0.0000
0.0000
0.0000
0.0000
0.0000
0.0000
0.0000
0.0000
0.0000
0.0000
0.0000
0.0000
0.0000
0.0000
0.0000
0.0000
0.0000
0.0000
1.0675
0.0000
0.6761
1.4187
0.0000
3.7233
0.0000
1.0822
1.5980
1.5916
0.0000
0.9731
0.0000
0.0000
0.4500
0.0000
0.0000
0.0000
0.0000
0.0000
0.0000
0.0000
0.0000
2.5904
0.0000
0.0000
0.0000
3.3315
2.2173
0.0000
1.3689
2.8861
2.0702
0.0000
0.0000
0.0000
0.0000
0.0000
2.8904
0.0000
0.0000
0.0000
0.0000
1.1112
0.0000
0.0000
1.6393
0.0000
0.2799
4.3364
0.0000
0.0000
0.0000
0.5721
0.0000
0.0000
3.2441
0.0000
0.0000
0.0000
0.0000
0.0000
1.7361
0.0141
0.0000
0.0498
0.0000
0.5556
0.0000
0.0000
0.0000
0.0000
0.8420
0.0000
0.0000
0.0000
0.0000
0.0000
1.9187
1.0249
0.0000
0.0000
0.0000
0.0000
1.7438
0.0000
0.0000
0.0000
0.0000
0.0000
0.0000
0.0000
0.0000
0.0000
2.5150
0.0000
0.0000
1.2535
0.0000
0.0000
0.0000
1.0141
0.0000
0.0000
0.0000
2.7980
0.0000
0.0000
0.8947
0.0000
0.8034
2.0225
0.0305
0.0000
0.0000
0.5049
0.0000
0.0000
0.0000
0.0000
0.0000
0.0000
0.0000
0.0000
0.0000
1.0161
0.0000
0.0000
0.8026
1.0638
0.6451
0.0000
0.0481
0.0000
0.0000
0.9573
0.0000
0.1711
0.0000
1.4357
1.2558
0.0000
0.0000
5.3442
0.0000
0.9217
0.7483
2.0572
0.0000
0.0000
0.0000
0.0000
0.0000
0.0000
0.0000
0.0000
1.0967
0.0000
0.0000
0.0000
0.0000
0.0000
0.0000
0.0000
0.0000
0.0000
0.0000
0.0000
0.0000
0.0000
3.2361
0.0000
0.0000
0.0000
4.6772
0.0000
2.3608
0.0000
0.0000
0.0000
0.0000
0.0000
0.0000
0.0000
0.0000
0.0000
0.0000
0.4447
0.0000
0.4152
0.0000
0.0000
0.0000
0.0000
0.0000
0.0000
0.2072
0.0000
0.0000
0.0000
0.0000
0.0000
0.0000
0.0000
0.0000
0.0000
0.0000
0.0000
0.0000
0.5999
0.0000
0.0000
0.0000
0.0000
1.1782
0.0000
0.0000
0.3837
1.0647
0.0000
0.0000
0.0000
0.0000
2.6257
0.0000
0.0000
0.0000
0.0000
0.0000
1.3350
1.3256
0.0774
0.0000
0.0000
0.7729
0.0000
2.1205
0.0000
2.3824
0.0000
0.0000
0.0000
0.0000
0.0000
0.0000
3.6459
0.5588
0.0000
0.0000
0.0000
0.0000
0.0000
0.0000
0.0000
0.0000
0.0000
0.0000
0.0000
0.3008
0.0000
1.4041
0.0000
2.2898
0.0000
0.0000
0.1786
0.8820
0.0000
0.0000
0.0000
0.0000
0.0000
0.9397
0.0000
1.3885
0.0000
0.0000
0.0000
0.0000
0.0000
2.0206
0.0000
0.0000
0.0000
0.0000
0.0000
1.0069
0.0000
0.0000
0.0000
0.0000
1.2395
0.9334
0.0000
0.0000
0.0000
0.0000
0.0000
0.0000
0.0000
0.0000
0.0000
1.8834
0.0000
0.0000
0.0000
0.3934
0.0000
0.0938
0.5114
0.0000
0.0000
0.0000
0.0000
0.6036
0.0000
0.1009
0.0000
0.0000
0.0000
0.0000
2.8215
0.0000
0.0000
0.0000
0.0000
0.4859
0.0000
0.0000
0.0000
0.0000
0.0000
0.0000
0.0000
0.0000
0.4862
0.0000
0.7206
0.9210
0.0000
0.0000
5.3075
0.0000
0.0000
0.0000
0.0000
0.0000
0.0000
0.0000
0.6601
0.0000
0.0000
0.0000
0.0000
1.0477
0.0000
0.0000
0.0000
0.0000
0.2350
0.0000
0.0000
0.0000
0.6135
0.7700
2.8364
0.0000
0.0000
0.0000
0.0000
0.8425
1.3497
0.0000
0.0000
0.0000
2.7906
2.4195
0.0000
0.0000
0.0000
0.0000
0.0000
0.0000
0.0000
2.1765
0.0000
3.0881
0.0000
1.1386
0.0000
1.5428
0.1028
0.9158
0.0000
1.6376
1.7320
0.0000
0.0000
0.2355
0.1180
0.5870
0.0000
1.5414
0.0000
0.0000
0.0000
0.0000
0.8959
0.0000
0.0000
4.2241
0.0000
0.0000
0.3733
0.0000
1.9248
1.5779
0.0000
0.0000
0.0000
0.0000
0.0000
1.4191
3.5765
0.0000
0.0000
0.0000
0.0000
0.0000
0.0000
1.1742
2.0345
0.6671
0.0259
0.0000
0.5517
0.0000
0.0000
4.5544
0.0000
0.8485
0.0000
0.1270
3.7188
0.0000
0.0000
0.0000
0.0000
0.0000
0.0000
2.4350
0.0000
0.0000
1.9107
0.0000
0.0000
0.0000
0.0000
0.0000
0.5412
0.0000
0.0000
0.0000
0.0000
1.1001
0.0049
0.0000
0.1989
0.0000
0.0000
0.0000
0.0000
3.6468
0.0000
0.8019
0.0000
0.0000
1.2419
0.0000
0.0000
0.0000
0.0000
0.0000
0.0000
3.9001
0.0000
0.0000
0.0000
0.0000
0.0000
0.0000
0.0000
0.2208
0.0022
0.0000
0.9193
0.0000
0.0000
0.0000
0.2004
3.7959
5.6432
0.0000
0.0000
0.0000
0.0000
0.0000
0.0000
0.0000
0.0000
0.0000
0.1109
3.0818
0.0000
1.7480
2.8111
0.8415
0.0000
0.0000
0.0000
0.0000
1.2761
0.9644
0.0000
0.0000
0.0000
0.0000
0.0000
0.0000
0.0000
6.7906
0.0000
0.9296
0.0000
0.0000
0.0000
0.0000
0.3624
0.0000
0.0000
1.4578
1.2231
0.0000
0.0000
0.0771
0.0000
3.4610
0.0000
0.0000
0.0000
0.0000
0.0000
0.0000
0.0000
0.0000
0.0000
0.0000
3.3124
0.0000
0.0000
0.0000
0.0000
0.1470
0.0000
0.0000
0.0000
0.7789
0.0000
1.6523
1.2091
1.6785
1.5445
0.0000
0.0000
0.7138
0.0000
0.0000
0.1886
0.0000
0.0000
0.0000
0.9670
0.0000
0.0000
0.0000
1.5673
0.0000
0.0000
0.0000
0.0000
0.0000
0.0000
0.7985
0.0636
0.0000
0.0000
0.0000
4.1231
0.0000
0.0000
0.0000
0.0000
0.0000
0.5041
0.0000
0.0000
0.0000
0.0000
0.0000
0.0000
0.0000
0.0000
1.7559
0.0000
0.0000
0.0000
0.0000
0.0000
0.0000
2.4285
0.0000
0.0000
0.0000
0.9526
0.0000
0.0000
0.0000
0.0000
0.0000
0.0000
0.6509
0.0000
0.0000
0.0000
0.0000
0.0000
0.8696
0.0000
0.0000
3.0015
0.0000
0.6580
3.5444
1.7507
0.3744
0.0000
0.0000
0.0000
0.2346
0.0148
0.0000
0.0000
0.0000
0.0000
0.7693
1.7196
0.0000
0.0000
1.7525
0.0000
1.1971
0.3027
0.0000
0.0000
0.0000
0.0000
3.3569
0.0000
0.0624
0.0000
0.0000
0.0000
1.0747
1.3319
0.0000
0.0000
0.0000
0.0000
0.3595
0.0000
0.0000
0.0000
0.0000
0.0000
0.3742
1.8237
0.0000
0.0000
0.0000
0.2509
0.0000
1.1121
0.0000
0.0000
0.8587
0.0000
0.0000
0.0000
0.0000
0.0000
1.5823
0.0000
0.0000
0.0000
1.5331
2.6599
0.0000
4.3705
0.0000
0.0000
0.0000
0.0000
0.0000
0.0000
0.0000
0.0000
0.0000
1.9076
0.0000
2.4002
0.0000
0.0000
0.0000
0.0000
0.5000
2.0842
1.0816
0.0000
0.0000
0.0000
0.0000
0.0000
0.3235
0.0000
1.4039
0.0000
0.0000
0.0000
0.0000
0.0000
0.9619
1.2597
0.0000
0.0000
0.0000
0.0000
0.0000
0.0000
0.0000
0.1199
0.0000
0.0000
0.0000
2.0292
0.0000
0.0000
0.0000
2.9462
0.0000
0.0000
0.1577
0.0000
0.0000
0.0000
1.7398
0.0000
0.0000
0.0000
0.0000
0.8120
1.5021
1.4570
0.0000
0.0000
0.0000
0.0000
0.4554
0.0000
0.0000
0.0000
0.4477
0.0000
0.0000
0.0000
0.0000
0.0000
0.0574
0.0000
0.0000
0.0000
0.0000
0.0000
5.5970
0.0000
0.0000
4.2338
0.0402
0.0000
0.0000
0.0000
0.0000
0.0000
0.0000
0.2964
0.0000
0.0000
0.1681
0.9004
0.0000
2.1476
0.2897
0.0000
0.4216
0.0000
0.0000
0.3468
0.0000
0.0000
0.0000
0.0000
3.6083
0.0000
0.0000
0.0000
0.5047
0.0000
0.0000
0.4623
0.0000
0.0000
0.6272
0.0000
0.0000
0.0000
0.0000
2.4391
0.9645
0.0000
0.0000
0.0000
0.0000
0.0000
0.0000
0.0000
1.4139
0.0000
0.0000
0.4462
0.0000
0.0000
0.0000
0.0000
0.0000
0.0000
0.0000
0.0000
0.0000
0.0000
0.0000
0.7310
0.0000
0.0000
0.0000
0.0000
0.0000
0.0000
2.1724
1.6519
0.0000
0.0000
0.0000
1.7107
1.2544
0.0133
0.0000
0.0000
1.0937
2.6280
0.0000
0.0000
0.0000
4.5682
0.0379
0.0000
0.0000
0.0000
0.1435
0.0000
0.0980
0.0000
1.7606
0.0000
0.0000
0.0000
5.2639
0.0000
0.6138
0.0000
0.0000
0.0000
0.0000
3.4039
0.0000
0.0000
0.0000
0.0000
1.3685
0.0000
0.5705
0.0000
0.7300
0.0000
0.0000
1.1200
0.0000
0.0000
0.0000
0.0000
0.0000
0.0000
4.9306
0.0000
1.8745
0.0000
0.1456
1.3101
0.0000
2.2253
0.0000
1.3602
0.0000
0.0000
0.0000
0.0000
0.0000
0.0000
0.6933
0.0000
0.0000
1.3164
0.0000
0.0000
0.0000
0.0000
0.0000
0.0000
0.0000
0.0000
0.0000
0.0000
1.0868
0.3528
0.0000
0.0000
0.2402
0.0000
3.2385
0.1183
0.0000
2.2876
3.9938
0.0000
0.0000
0.7733
0.0000
6.0310
1.1215
0.0000
0.0000
1.4766
0.0000
0.0000
0.0000
0.0000
0.0000
0.0000
0.0000
0.0000
2.5185
1.3957
1.4175
0.0000
0.0000
1.4885
0.0000
0.0000
0.0000
0.0000
0.0000
1.1525
0.0000
0.0000
0.7611
0.0000
0.0000
0.0000
2.7971
0.0000
0.6827
0.0000
0.0000
0.0000
0.0000
0.0000
0.4518
0.0000
0.0000
0.0000
0.5413
0.3388
0.8186
0.0000
0.0000
0.0000
0.0000
0.0000
0.0000
1.0142
0.0000
0.0000
0.0000
0.0000
0.2003
0.0000
0.0694
0.0000
0.0000
0.0000
0.0000
1.4993
1.4536
0.4285
0.0000
1.1049
2.3680
0.0000
1.6675
0.0000
0.0000
0.0000
0.0000
1.0828
0.0000
0.0000
0.0000
0.0000
3.3071
0.0000
0.0000
0.5604
0.0000
0.0614
0.0000
2.2220
0.0000
0.0000
0.0000
3.2870
2.4658
2.5263
0.0000
0.0000
0.9814
0.0000
0.0000
0.0000
0.0000
0.3720
0.3595
0.0000
0.0000
0.0000
0.0000
0.0000
5.5281
0.1061
1.1402
0.0000
0.0000
1.0229
0.0000
0.0000
0.0000
1.0506
0.0000
0.5260
1.5607
0.0000
5.2927
0.0000
0.0000
0.0000
1.4119
1.9867
0.0000
0.0000
0.0000
0.0000
0.0000
0.0000
0.0000
0.0000
0.0000
0.0000
0.0000
0.0000
0.0000
0.0000
0.0000
0.0000
0.0000
0.0000
0.0000
0.0000
0.0000
1.8934
0.0000
2.7099
2.2742
1.9771
1.1580
0.0000
0.0000
1.5608
0.0000
0.0000
0.0000
0.0000
2.3443
0.0000
5.7505
0.7101
0.0000
4.7290
1.4535
0.9718
0.3402
0.0000
2.3232
0.2813
0.0000
0.0000
0.0000
0.0000
0.0000
0.0000
0.0000
0.8469
0.8905
0.0000
0.0000
0.5016
0.0000
0.0000
0.4386
0.0000
0.0000
0.0000
0.0000
0.0000
0.0000
