0.0000
0.0000
0.0000
0.0000
1.9722
0.0000
0.0000
0.0000
0.4093
1.2594
1.3320
0.0000
1.2351
0.0000
0.0000
1.2182
0.0000
0.0000
0.0000
0.0000
0.0000
0.0000
2.8439
0.2031
2.2041
1.0726
0.0000
0.1228
0.0000
0.0000
0.0000
0.0000
0.0397
0.0000
3.3525
0.0000
0.0000
0.0000
1.8397
0.9514
0.0000
0.1222
0.0000
0.0000
0.0000
0.0000
0.0000
0.0000
0.0000
0.5704
0.0000
0.0000
0.0000
0.0000
0.0000
0.0000
0.0000
0.0000
0.0000
0.0000
0.0000
2.4427
0.0000
0.3992
0.0000
0.1792
0.0000
0.0000
0.0000
0.0000
0.0000
3.6660
0.0000
0.0000
0.0000
0.0000
0.0000
0.0000
0.0000
0.0000
0.0000
0.0000
0.0000
0.0000
0.0000
1.2540
0.2606
2.4827
0.0000
0.0000
0.0000
0.0000
0.5995
2.4543
0.5289
0.0000
0.0000
0.0000
2.5977
0.0000
0.0000
0.0000
0.0000
0.0000
0.0000
0.0000
0.0000
0.0000
0.5121
1.8400
0.0000
0.0000
0.3581
0.2797
0.0000
0.0000
0.2657
0.0000
0.0000
0.0000
3.8963
0.0000
2.2787
0.0000
0.0000
0.0000
0.6218
0.0000
0.0000
1.4308
0.0000
0.0000
0.0000
0.0000
2.2631
0.0000
0.0983
1.8449
0.0000
3.4208
2.0706
0.0000
1.7377
0.1257
1.9863
0.0000
0.0000
0.8510
0.0000
0.0000
0.0000
1.0878
0.3166
0.4529
0.0000
0.0000
0.0000
0.2063
0.0000
0.0000
1.6817
0.0000
0.1965
0.0000
0.0000
1.0001
0.0266
0.1324
0.0000
0.0332
0.0000
0.0000
0.0000
0.2626
0.0000
0.0000
0.0000
0.0000
0.0000
4.8559
2.0802
3.7963
0.0000
0.0000
0.0000
0.0000
1.1044
0.0000
1.6991
1.1172
0.0000
0.0000
0.0000
0.0000
0.0348
0.0000
0.0000
1.3777
3.2716
1.9608
0.0000
0.0000
0.0000
0.0000
0.0000
0.0000
0.0000
0.0000
0.0000
0.0000
0.0000
0.0000
0.0000
0.3137
0.0000
0.0000
0.0000
0.0000
0.0000
0.0000
0.0000
0.0000
0.0000
0.0000
0.7370
0.0000
0.0000
1.7500
0.1914
0.0000
0.0000
0.0000
0.0000
0.0000
2.6780
0.0000
1.5463
0.0000
2.5195
0.0000
0.0000
0.0000
0.0000
0.0000
0.0000
0.0000
0.0000
0.0000
0.7041
0.0000
0.0000
0.0000
0.0000
0.0000
0.0000
1.6384
0.0000
0.0000
0.0000
0.0000
0.0000
1.2705
0.0000
0.0000
0.0000
0.0000
0.0000
0.0000
0.0000
0.9914
4.0147
0.0000
0.0000
3.5322
0.0000
0.0000
0.0000
0.5946
0.0000
0.0000
0.7434
0.0000
0.1723
0.0000
0.0000
2.8226
0.0000
0.0000
0.0000
0.0000
0.0000
0.0000
0.0000
0.0000
3.3016
0.0000
0.0000
0.2236
0.0000
2.2422
0.0000
0.0000
0.0000
0.0000
0.5233
0.0000
0.0000
0.0000
0.0000
0.0000
0.0000
0.0000
0.0000
0.0000
1.0447
0.0000
0.0000
0.0000
0.0000
0.0000
0.0000
2.3277
0.0000
2.0720
0.0000
1.6098
0.0000
0.2788
0.0000
2.2905
0.0000
0.0000
0.0000
0.0000
0.0000
2.6648
0.4697
0.0000
0.0000
3.3757
0.0000
0.0000
0.0000
0.0000
0.0000
5.3358
0.0000
0.0000
0.0000
0.0000
0.0000
4.0335
1.5528
0.0000
1.9322
0.9803
0.0000
0.0000
0.3483
0.0000
0.0000
0.0000
0.0000
0.0000
0.0000
0.2757
0.0000
0.0000
0.2549
0.0000
0.0000
0.4428
0.0000
0.0000
0.0000
0.0000
0.0000
1.9693
0.0000
0.0000
3.0395
0.0000
0.3601
0.0000
0.0000
0.0000
0.3709
0.0000
0.0000
0.0000
4.2794
0.0000
0.0000
0.0000
0.0000
0.5064
0.0000
0.0000
0.0000
0.0000
0.0000
0.3574
0.0000
0.0000
0.0000
1.2085
0.0000
0.0000
1.8207
0.0000
0.0000
0.0000
0.0000
2.7412
0.0000
0.1597
0.0000
0.0000
0.0000
0.0000
0.0000
0.0000
0.7137
0.0000
0.0000
0.0000
0.0000
0.0000
0.0000
0.0000
0.0000
0.0000
0.0000
0.0000
0.0000
0.0000
0.0000
0.0000
1.1859
0.0000
3.3963
0.4313
0.4769
0.0000
3.2153
0.0000
0.0000
1.5567
2.1682
0.4423
0.4452
0.0000
0.0000
0.4342
0.0000
0.0000
0.0000
0.2982
0.0000
0.0000
1.5881
0.0000
0.7658
0.0000
0.0000
0.0000
0.0000
0.0000
0.0000
0.0000
0.0000
0.9824
0.0000
0.8316
0.0000
0.1746
1.2366
0.0000
0.0000
0.0000
0.0000
0.0000
0.0000
1.9945
1.6905
0.3627
0.0000
0.5437
0.0000
0.9479
0.0000
0.0000
0.0000
0.0000
0.0000
0.0000
0.0000
0.0000
0.0142
0.0000
0.0000
0.0000
0.6954
0.0000
0.0000
0.2101
0.0000
0.0000
0.0000
2.2614
0.0000
2.0810
0.0000
0.0000
0.0000
0.0000
0.0000
0.9602
5.3068
0.0000
1.4034
2.2700
0.0000
0.0000
0.0000
0.0000
0.0000
0.0000
0.0000
0.0000
0.7225
0.0000
1.0147
0.0000
0.0000
2.7215
0.0000
0.0000
0.2636
0.0000
0.0000
0.0000
0.0000
0.0000
0.0000
0.0000
0.0000
0.0694
0.0000
0.0000
0.0000
0.0000
0.0000
0.0000
0.0000
0.0000
0.0280
0.0000
0.0000
0.0000
0.0000
0.0559
0.0000
0.0000
0.0000
1.3628
0.0000
0.0000
0.0000
0.0000
0.0000
0.0000
0.0000
0.0000
0.0000
0.0000
0.6926
0.8842
0.0000
0.2409
0.0000
0.0000
0.0000
0.0000
0.0000
0.0000
0.0000
0.2402
2.5970
0.0000
0.0000
0.0000
0.0000
0.0000
0.0000
0.0000
0.0000
0.0000
1.9955
0.0000
0.0000
0.9966
0.0000
0.6746
0.0000
0.0000
0.9842
0.0000
0.0000
0.0000
0.0000
0.0000
0.0000
2.8445
0.0000
0.0000
0.5883
0.0000
0.0000
0.0000
1.6842
0.0000
1.1322
0.0000
0.0000
2.2198
0.0000
0.0000
0.0000
0.0000
0.0000
0.0000
0.0000
0.3921
0.8895
2.2045
0.0000
0.6920
0.0000
0.0000
0.0000
0.0000
0.0000
0.0000
0.0000
0.0000
0.0000
0.0000
0.0000
0.0000
0.0000
0.3543
1.4497
0.0000
0.0000
0.0000
0.0000
0.0000
0.0000
0.0000
0.0000
1.9688
0.2954
0.0000
0.0000
0.0000
0.0000
0.0000
0.0000
0.0000
0.0118
0.0000
0.0000
0.0000
0.0000
0.0000
0.0000
0.0000
0.0000
0.0000
0.0000
1.9248
0.0000
0.0000
0.0000
0.1124
0.0000
0.0000
0.0000
1.9561
1.5038
0.0000
3.8163
0.0000
0.0000
0.0000
0.0000
0.0000
0.0000
0.0000
0.0000
0.0000
0.0000
0.4281
0.0000
0.0000
0.0000
0.0000
0.9932
0.0000
0.0000
5.9808
0.0000
0.0000
0.0000
0.0000
0.0000
0.0000
0.0000
0.0000
0.0000
0.0000
0.3572
0.0000
0.0000
0.0000
0.1480
0.0000
0.1837
0.0000
0.0000
0.0000
0.0000
1.4128
0.0000
0.0000
0.0000
0.0000
0.0000
1.1689
0.0000
0.0000
0.0000
0.9636
0.0000
0.0000
0.0000
0.0000
0.0000
0.0000
0.0000
0.1877
0.0000
0.0000
0.0000
0.0000
0.0000
0.0000
0.0000
0.0000
0.0665
0.0000
1.2997
0.5138
0.0000
1.3594
0.0000
0.9000
0.0000
0.0000
0.0000
0.0000
0.0000
0.0000
0.0000
0.0000
0.0000
0.0000
2.1356
1.1077
0.0000
0.0000
0.0000
0.0000
0.0000
0.0000
0.0000
0.0000
0.0000
0.0000
0.0000
0.0000
0.8491
0.8945
0.0000
0.0000
0.0000
0.0000
0.0000
0.0000
0.0000
0.0000
2.5533
0.0000
0.0000
1.4031
0.0000
0.0000
0.0000
0.0000
1.2887
0.0000
0.0000
0.0000
0.0000
0.0000
0.8051
0.0000
0.0053
3.1513
1.5645
0.0000
0.0000
0.0000
0.0000
0.0000
0.0000
0.0000
0.0000
0.0000
0.0000
0.0000
0.0000
0.0000
0.0000
0.0000
0.0000
1.4339
0.0000
0.0000
0.4688
0.0000
0.0000
0.0000
0.0000
0.0000
0.0000
0.0000
0.0000
0.0000
0.0000
0.0000
0.0000
0.0000
0.0000
0.3170
0.0000
0.0000
0.0000
0.0000
1.2180
0.0000
0.0000
2.1907
0.0000
0.0000
0.0000
0.0000
0.0000
0.0000
0.0000
0.0000
1.4583
0.0000
0.0000
0.7040
0.0000
0.1425
0.5697
0.0000
0.0000
0.0000
0.0000
0.0000
0.0000
0.0000
0.1023
0.0000
0.0000
0.0000
0.2936
0.0000
0.0000
0.0000
0.0000
0.0000
0.0000
2.0756
1.8141
0.0000
0.0000
0.0000
0.0000
0.0000
0.0000
0.0000
0.0000
0.0000
0.0000
0.6605
0.0000
0.0000
2.2859
0.0000
0.0000
0.0000
0.0000
0.6186
0.0000
0.0000
0.0000
0.0000
1.7308
0.0000
0.0000
3.6176
1.8250
0.0723
0.0000
0.0000
0.0000
0.0000
0.0000
0.0000
0.0000
0.9073
0.0000
0.0000
0.0000
0.0000
0.0000
0.0000
0.0000
0.0000
0.9018
0.9337
0.0000
0.4977
0.0000
4.8848
0.6950
1.1759
0.0000
0.0000
0.0000
0.0000
1.7008
0.0000
0.0000
0.0000
0.0000
2.3865
0.0000
0.6225
0.0000
0.0405
0.0000
1.9444
0.8796
0.0000
0.0000
0.0000
0.2929
0.0000
0.0000
0.0000
1.2960
0.3260
0.0000
0.0000
0.0000
1.0349
0.0000
0.0000
1.7963
0.1825
1.3848
0.0000
0.0000
0.0000
0.0520
0.0000
0.0000
0.0000
0.0000
0.0000
0.0000
0.0000
0.0000
4.4847
0.0000
0.0000
0.0000
0.2477
0.0000
1.5626
0.0000
0.0000
0.0000
2.5936
0.0000
2.2106
0.0000
3.8100
0.0000
0.0000
0.0000
2.6102
0.0128
0.0000
0.0000
2.5786
0.5248
0.0000
0.0000
0.1765
2.2264
0.0000
0.0000
0.9454
0.7928
1.3191
0.5871
0.0000
0.3669
0.0000
1.4499
0.0000
1.6702
0.0000
0.0000
1.4088
0.0000
0.0000
0.0000
0.0000
2.1932
0.0000
0.4596
0.0000
0.0000
0.0000
0.0000
0.0000
0.0000
0.0000
0.0000
0.0000
0.0000
0.0000
2.1326
0.0000
0.1547
0.0000
0.0000
1.1727
0.3402
0.0000
0.0000
0.0000
0.7521
0.0000
0.0000
0.0000
0.0000
0.0000
2.0942
0.0000
0.0000
0.9925
0.0000
0.0000
0.0000
0.0000
0.0000
0.8323
0.0000
1.4448
0.0000
0.0000
0.0000
1.0837
0.0000
0.0000
0.6190
0.0000
0.0000
0.0043
0.0000
0.0000
0.0000
0.0000
0.0000
0.0000
0.1556
0.0000
0.0000
0.0000
0.0000
0.1880
0.0000
1.0744
0.0000
0.0000
0.0000
0.0000
0.0000
0.0000
0.0000
0.0000
0.0000
0.0000
0.0000
0.0000
0.3504
0.0000
0.2111
0.0000
0.0000
0.0000
0.0000
0.0000
0.0000
0.0000
0.0000
0.0000
0.0000
0.0000
0.0000
0.0000
0.0000
0.0000
0.0000
0.0000
0.6213
0.0000
3.4790
0.0000
0.0000
0.0000
0.0000
0.6607
0.8837
0.0000
0.0000
0.9798
0.0000
0.0000
0.5440
0.0000
0.0000
0.0000
0.0000
0.0000
0.0000
0.0000
0.7043
0.0000
0.0000
0.0000
3.8163
0.0000
0.0000
0.0000
3.8330
3.2656
0.0000
0.0000
0.0000
0.0000
0.0000
0.5337
0.0000
0.0000
0.0000
0.0000
0.0000
0.0000
1.2314
0.0000
0.9421
0.0000
0.0000
0.0000
1.0886
0.0000
0.0000
0.0000
0.0000
0.0000
1.9747
1.3270
0.0000
0.0000
0.0092
0.0000
0.1500
0.0000
0.0000
0.0000
1.1502
0.0000
1.2381
0.0000
0.0000
0.0000
0.0000
0.0000
0.0000
0.0000
0.0000
0.0000
0.0000
3.1510
0.0000
0.0000
0.0000
0.0000
0.0000
0.0000
0.0000
0.0000
0.0000
0.0000
0.0000
0.0000
0.0000
0.0000
0.0000
0.0000
0.0000
0.0000
0.0000
0.0000
0.2120
1.2889
0.0000
0.0000
3.6718
0.3101
0.0000
0.0000
3.1812
0.0000
1.4468
0.0000
0.0000
3.3060
0.0000
0.0000
0.0000
0.0000
0.0000
0.0000
0.0000
0.0000
0.0000
0.0000
0.0000
0.0000
0.0000
0.2707
2.8221
0.0000
0.0000
0.0000
0.0851
0.0000
0.0000
1.4429
0.0000
0.0000
0.0000
0.0000
0.0000
0.0000
1.8513
0.0000
0.0000
0.0321
0.0000
1.8259
0.9112
0.0000
0.0000
0.0000
0.1280
0.0000
0.0000
0.0000
0.5480
0.0000
2.1684
0.0000
0.0000
0.0000
0.0000
0.0000
0.0000
0.0000
0.0000
0.0000
0.3992
0.0000
0.0000
0.0000
0.0000
0.0000
0.0000
0.0000
0.0000
0.3613
0.0000
0.0000
0.0000
0.0000
0.0000
0.0000
0.0000
0.0000
0.0000
0.0000
0.0000
2.0730
0.0124
1.4500
0.0000
1.4871
0.0000
1.1026
0.0000
0.0000
0.0000
0.0000
0.0000
0.0000
0.0000
0.0000
0.0000
0.0000
0.0000
0.0000
0.0000
0.0000
0.0000
0.0000
0.0000
0.0636
0.0000
0.0000
0.0000
0.0000
0.1997
0.0000
0.0000
0.0000
0.0000
0.0000
2.6867
3.0917
0.0000
1.9241
0.0000
0.0000
0.0000
0.0000
0.0000
0.0000
0.0494
0.0000
0.0000
0.0000
0.7672
1.6936
0.9028
0.0000
0.0000
0.0000
0.0000
0.0000
0.4023
0.0000
0.5499
0.0000
0.0000
2.7582
0.0000
2.1883
0.6348
3.2793
0.0000
0.3949
0.0000
0.0000
0.0000
0.0000
0.0000
2.5192
0.0000
0.0000
0.0366
0.0000
0.4843
0.0000
0.0000
0.0000
0.0000
0.9149
0.0000
0.0000
0.0000
0.8550
0.0000
0.0000
0.0000
0.8643
0.0000
2.1364
0.0000
0.0000
2.3711
1.9718
0.0000
0.0000
0.0000
0.0000
0.0000
0.0000
0.5151
0.0000
0.0000
0.0000
0.0000
0.0000
0.0000
0.0000
0.0000
2.1909
0.0000
3.9771
0.0000
0.2807
0.0000
0.0000
0.0000
0.0000
0.0000
0.0000
0.0000
0.0000
0.0000
0.0000
1.6810
0.9556
0.0000
0.0000
0.0000
1.2765
0.0000
0.0000
0.0000
0.0000
0.0000
0.0000
0.0000
0.0000
3.4779
0.0000
1.5734
0.0000
0.0000
0.0000
0.0000
0.0000
0.0000
0.0000
2.1020
1.4383
0.0000
0.0255
0.0000
0.0000
0.0000
0.7455
0.0000
0.1486
0.0000
0.0000
0.0000
0.0000
0.0000
0.0000
0.3208
1.5332
0.0000
1.0111
0.0000
0.0000
0.0000
0.4017
0.0000
0.0000
4.1249
1.0023
0.5360
0.0000
0.0000
0.0000
0.0000
3.1906
2.9366
1.1768
0.0000
0.0000
0.0000
0.0000
0.0000
0.0000
0.0000
0.2181
0.0000
0.0000
0.0000
0.0000
0.0000
0.0000
0.0000
0.0000
0.0000
0.2138
0.0000
0.0000
0.0000
0.7981
0.0000
0.0000
0.0000
0.4233
0.0000
0.0000
0.0000
0.9674
0.0000
0.0000
0.0000
0.0000
2.3520
0.0000
0.0000
0.0000
0.3196
3.1694
0.0000
0.5668
0.0000
0.0000
0.0000
1.3102
1.1743
0.7001
0.0000
0.0000
0.0000
0.0000
0.0000
3.6611
0.0000
0.0000
0.0000
0.0000
0.0000
0.0000
0.0000
0.0000
0.0000
0.0000
0.9198
0.0000
0.0000
0.0000
0.3953
0.0000
0.3066
0.0000
2.7522
0.0724
0.0000
0.0000
0.0000
2.5160
0.0000
0.0000
0.1767
2.1633
0.0000
0.4395
0.0000
0.0000
0.0000
0.0000
0.0000
0.0000
0.0000
0.0000
0.0000
0.7164
0.0000
0.0000
0.0000
2.3343
0.3998
0.0000
4.3434
0.6806
0.0000
0.0000
0.0000
1.0871
0.0000
0.0000
0.0000
1.2114
1.3667
0.0000
0.0000
0.0000
0.0000
0.0000
0.0000
0.0000
0.0000
0.0000
0.0000
0.0000
0.0000
0.0000
1.3874
0.0000
0.0000
0.0000
0.0000
0.2825
0.0000
0.0000
0.0000
0.0000
0.0000
0.3848
0.4717
0.0318
2.0998
0.0000
0.0000
0.0000
0.0000
0.0000
0.1112
0.0000
0.0000
0.0000
0.0000
0.0000
0.4079
0.0000
2.2505
0.0000
1.7791
0.1172
0.0000
0.0000
0.0000
1.2851
0.0000
0.0000
0.0000
0.0000
0.0000
0.0000
1.1477
0.0000
0.0000
0.0000
0.0000
0.0000
0.0000
0.0000
0.0000
0.0000
0.0000
0.0000
0.0000
0.0398
0.0000
0.2198
0.3219
1.2995
0.0000
0.1526
0.6160
2.5653
0.0000
0.0000
0.0000
0.0000
0.0000
2.1452
0.6568
2.6043
0.0000
0.0000
0.0000
1.0618
0.0000
0.3084
0.0000
0.0000
0.0000
0.0000
0.0000
0.0000
0.0000
0.0000
0.0000
0.0000
0.3565
1.4863
0.0000
4.0874
0.0000
0.5147
0.0000
0.0000
0.0000
0.0000
0.0000
3.2285
0.0000
1.2471
2.9976
0.0000
0.0000
0.9357
0.3098
0.0000
1.7935
1.5901
0.5351
0.0000
0.0000
1.6627
0.4505
0.2805
0.0000
0.0981
0.0000
0.0000
0.6517
0.0000
0.0000
0.0000
0.0000
0.0000
0.9622
0.0000
3.4256
0.0000
0.0572
4.3733
0.0000
2.4609
0.0000
0.0000
0.0000
0.0000
0.2927
0.0000
0.0000
0.4920
0.0000
0.0000
1.7262
0.0000
2.2260
0.0000
0.0000
0.0000
0.0000
0.0000
0.0000
0.0000
1.9102
2.8273
0.0000
0.0000
1.8272
0.0000
0.0000
2.8723
0.0000
0.0000
0.1324
0.0000
0.0000
0.0000
0.0000
0.0000
0.0000
0.0000
0.0000
0.0000
0.0000
2.2040
1.0704
0.0000
0.0000
0.0000
1.9569
0.0000
2.6878
0.8109
0.1354
0.0000
0.0000
0.0000
0.0000
0.0000
0.0000
0.0000
0.0000
0.2890
0.0000
0.0000
0.0000
0.0000
0.0000
0.0000
0.0000
0.0000
0.0000
0.0000
1.7034
0.9542
1.0803
0.0000
0.0000
0.7325
0.0000
0.0000
0.0000
0.0000
0.0000
0.0000
0.0000
0.0000
0.0000
0.0000
0.0000
0.7602
0.0000
0.0000
0.0000
1.0931
0.0000
0.0000
0.0000
0.0000
0.0000
0.0000
0.2131
0.0000
0.7022
0.0000
0.3733
0.0000
0.0000
0.0000
0.1889
0.0000
0.0000
0.0000
0.0000
1.8197
0.0000
1.9027
0.0000
0.0000
0.0000
1.7639
0.0000
0.0000
0.0000
0.0000
0.6427
0.0000
0.8278
1.9837
0.0000
0.0000
0.0000
1.6526
0.0000
0.0000
0.0000
0.0000
0.0000
1.1275
0.0000
0.0000
0.0000
0.0000
1.2861
2.3072
0.0000
1.3270
0.0000
0.0000
1.5273
0.0000
4.9856
0.0000
0.0000
0.0000
0.0000
0.0000
0.0000
0.0000
0.0000
0.0000
0.0000
0.0000
0.0000
0.0000
0.0000
0.0000
0.0000
0.0000
0.0000
0.0000
0.0000
1.7512
0.2089
0.0000
0.7274
0.9433
1.3328
0.0000
0.4796
0.0000
0.0000
0.4891
0.0000
0.0000
3.3527
0.0000
0.0000
2.0078
2.2061
0.0000
0.0000
0.3402
0.0000
0.0000
0.4257
0.4610
2.9217
0.0000
0.0000
0.0000
0.0000
0.0000
0.0000
0.0000
0.0000
0.0000
0.9464
1.9163
0.0000
1.4884
0.0000
0.0000
0.0000
0.0000
0.0000
0.0000
0.0000
0.0308
1.6209
1.2708
0.0000
0.0000
0.0000
0.0000
0.0000
0.2581
1.1418
0.0000
0.0000
0.0000
0.0000
1.4899
2.1954
0.0000
0.0000
0.0000
0.0000
0.0000
1.3769
0.0000
0.0000
0.0000
0.0000
0.0000
0.0000
0.0000
0.0000
0.0000
0.0000
0.0000
0.0000
0.0000
0.0000
0.0000
0.0000
0.7959
0.0000
1.6972
0.3906
0.0000
0.0000
0.0000
0.0000
0.4491
0.0000
0.0000
0.0000
0.5773
0.0000
0.0000
0.0000
0.0000
0.0000
0.0000
0.0000
0.0000
0.0000
0.0000
0.0000
0.0000
0.0000
0.0000
2.4876
0.0000
1.2966
0.0000
0.0000
0.0000
0.0000
0.0000
0.9111
0.0000
0.0000
0.0000
0.0000
0.0000
0.0000
0.0000
0.0000
0.0000
0.0000
0.0000
0.0000
0.9060
0.0000
1.0692
0.0000
0.9550
1.3117
0.0000
0.0000
0.0000
0.0000
0.3232
0.0000
0.6264
0.0000
0.0000
0.0000
2.1618
0.0000
1.4691
0.0000
0.0000
0.0000
0.0000
0.0000
0.0000
0.0000
0.0000
0.0000
0.0000
0.0000
3.0103
0.0000
4.5018
0.0000
0.0000
0.0000
0.0000
0.0000
1.6095
0.0000
0.2694
1.2053
0.0000
0.8125
0.0000
0.0000
0.0000
0.0000
1.2924
0.0000
0.0000
0.0000
0.0000
0.0000
0.0000
0.0000
0.0000
0.0000
0.0000
0.0000
0.0000
0.2063
0.0000
2.0541
1.5503
1.0212
0.0000
1.3217
0.6884
1.3529
0.0000
0.0000
0.0000
0.0000
1.3326
0.0176
1.0911
0.0000
0.0000
0.0000
0.1042
0.0000
0.0000
0.0000
0.0000
0.0000
0.0000
0.0000
0.0000
0.0000
0.0000
0.0000
0.0000
2.1797
0.8037
0.0000
0.0000
0.0000
0.0000
1.4856
0.0000
0.0000
0.0000
0.1198
0.0000
0.0000
0.9273
0.0490
1.1100
0.0000
0.0000
0.0000
0.0000
0.0000
0.5074
0.0000
0.0000
0.0000
0.0000
0.0000
0.0000
0.0000
0.0000
0.0591
0.0000
0.0000
0.0000
0.5795
0.0000
0.0000
0.0000
3.4321
0.0000
0.0000
0.0000
0.5990
0.0000
0.0000
0.0000
0.0000
0.0000
0.0000
2.4222
1.8533
0.0000
0.0000
0.0000
0.0000
1.9609
0.0000
0.0000
0.0000
0.0000
0.0000
0.8869
0.6756
0.0000
0.5645
0.0000
0.0000
0.0000
0.0000
0.0000
0.0000
0.0000
0.0000
0.0000
0.0000
0.0000
0.0000
0.0000
0.0000
0.0000
0.0000
0.0000
0.0000
0.0000
1.2380
0.0000
0.0000
0.0000
0.0000
0.0000
0.9632
0.0000
0.0000
2.0710
0.0000
0.0000
1.5549
0.0000
2.3200
0.0000
0.0000
0.0000
0.0000
0.0000
0.0000
0.0000
0.0000
0.0000
0.0000
0.7483
0.0000
0.0000
0.0000
0.0000
0.0000
1.6588
0.0000
0.0000
0.0000
0.0000
0.0000
0.3238
0.0000
0.0000
0.0000
0.0000
0.0000
0.0107
0.0874
0.0000
0.0000
0.8365
1.2247
0.0000
0.0000
0.0000
1.2955
0.0000
0.0000
0.0000
0.9775
0.1260
0.0000
0.0000
0.0000
0.0000
2.6531
5.1223
0.0000
0.5328
0.0000
0.0000
0.0000
0.0000
0.0000
0.0000
0.0000
0.0000
0.0000
0.0000
0.0000
0.0000
0.0000
0.0000
0.0000
0.0000
0.0000
0.0000
0.0000
0.4183
0.0000
0.5711
0.0000
0.0000
0.1663
0.0000
0.0000
0.0000
0.0000
0.0000
3.3738
0.2692
0.0000
0.0000
1.3255
0.0000
0.0000
0.0000
0.5569
0.0000
0.0000
0.4339
0.0000
0.0000
0.0000
0.0000
0.0000
1.9566
0.2857
0.0000
3.5410
0.0000
1.5387
0.0000
0.3975
0.0000
0.0000
0.0000
0.0000
0.0000
0.0000
0.0000
0.0000
0.0000
0.0191
0.0000
0.0000
1.1163
0.6973
0.0000
0.0882
0.0000
0.0000
0.4090
0.0000
0.0000
0.0000
0.0000
0.0000
0.0000
0.0000
3.0044
0.0000
1.6161
2.2570
0.0000
0.0000
0.0000
0.0000
0.0000
0.0000
0.1082
0.0000
0.0000
0.5298
0.0000
0.0000
0.3825
0.0045
0.0000
0.0000
0.0000
0.0000
0.0000
0.0000
0.0000
1.0556
0.0000
0.0000
0.0000
0.0000
0.0000
0.0000
0.9444
0.0000
0.0000
0.0000
0.0000
0.0000
0.4708
1.3226
0.0000
0.0000
0.4858
1.1668
0.0000
0.0000
0.0000
0.0000
0.7600
0.0000
0.0000
3.5536
2.2784
0.0000
0.0000
0.0000
2.2387
0.8651
0.0000
0.0000
0.6127
0.0000
0.0000
0.0000
0.0000
0.1203
0.0000
0.0000
0.0000
0.0000
0.0000
0.0000
0.0000
0.0000
0.0000
1.6238
0.0000
0.0000
0.0000
0.8525
0.6730
0.0000
0.0000
0.5321
0.0000
0.0000
0.0000
0.0000
0.0000
1.1512
0.0000
1.2309
0.0000
0.3784
0.2788
0.0000
0.0000
2.9041
0.1340
0.0000
0.0000
0.0000
0.0000
0.0000
0.0000
0.0000
0.0000
0.0000
0.0000
0.0000
0.0000
0.0000
0.4622
0.0000
0.0000
0.0000
0.0000
0.0000
0.0000
0.0000
0.0000
0.0000
0.0000
0.0000
0.0525
0.0000
1.3142
0.0000
0.0000
0.0000
0.0000
0.2834
0.0000
0.0000
0.0000
0.0000
1.5305
0.0000
0.0000
0.0000
0.0000
0.0000
0.0000
1.4049
1.5780
0.0000
0.0000
0.0000
0.0000
0.0000
0.0000
0.0000
0.0000
0.0000
4.3998
0.0000
0.0000
2.1893
0.0000
2.4498
0.0000
0.0000
1.4847
0.0000
0.0000
0.2092
0.8841
1.8599
1.3239
0.0000
4.2788
1.2441
0.0000
0.0000
0.0000
1.9637
0.0000
3.2480
0.0488
0.0000
0.0000
0.0000
0.0000
2.4941
0.0000
0.0000
0.0000
0.0000
0.0000
0.0000
1.2247
0.1999
0.0000
0.0000
1.7242
0.0000
0.0000
0.8689
0.0000
0.0000
0.1516
0.0000
0.0000
0.0000
0.0000
0.0000
0.0000
2.2010
0.0000
4.5611
0.0000
2.3563
2.4067
1.4345
0.0000
0.0000
0.0000
0.0000
0.0000
0.3205
0.0000
0.4131
3.2285
0.0000
0.0000
0.0000
0.0000
0.0000
0.0000
0.0000
2.9615
0.0000
0.0000
0.0000
0.6464
0.0000
0.6845
0.2936
0.0000
0.0000
0.9561
0.0000
1.5112
0.0000
0.0000
3.3086
0.0000
0.4478
0.0000
0.0000
0.0000
2.4189
0.0000
0.0000
0.0000
0.0000
0.0000
0.4493
0.0000
0.0000
0.0000
2.7406
0.5776
0.0000
0.0000
0.0000
0.0000
0.0000
1.8572
0.0000
0.0000
0.0000
0.0000
0.0000
0.0000
0.0000
0.0000
0.0000
0.0000
0.9986
0.0000
0.0000
1.6834
0.0000
0.0000
0.0000
0.5999
0.0000
0.5062
0.3792
0.0000
0.0000
0.7154
0.0000
0.0000
0.0000
0.0000
0.2053
0.0000
0.0000
0.0000
0.0000
3.1696
0.0000
0.0000
0.4001
0.0000
0.0000
0.0000
0.2447
0.0000
0.0000
0.0000
0.0000
0.0000
0.2526
0.0000
0.0000
0.0000
1.6840
0.0000
0.7593
1.7931
0.0000
0.0000
0.0000
0.0000
0.0000
0.0000
0.0000
0.0000
0.0000
0.0000
0.0000
0.4687
0.0000
0.3843
0.0000
0.0000
0.0000
0.6017
0.3920
0.5285
0.0000
0.0000
1.7248
0.0000
0.0000
0.0000
0.1656
0.0000
0.0000
0.0000
0.0000
0.0000
0.0000
0.0000
0.2013
0.0000
0.0000
0.0000
0.0000
0.3368
0.2260
0.0000
0.0000
0.0000
2.3502
1.2776
1.2900
0.0000
0.0000
0.0000
0.0000
1.0521
0.8920
0.0000
0.0000
0.0000
0.0000
0.0000
0.0000
1.2453
2.8763
0.0000
0.0000
0.0000
0.4824
3.1910
0.0000
0.0000
0.0000
0.0000
0.0000
0.0000
0.0000
0.0000
0.0768
0.0000
0.0000
0.0000
0.0000
2.8536
0.0000
0.0000
1.0260
0.0000
0.0000
1.4969
0.0000
0.0000
0.0000
0.0000
2.4088
0.8292
0.0000
0.0000
0.0000
0.0000
0.0000
0.0000
2.7435
0.0817
0.0000
1.1246
2.6158
0.0742
0.0000
0.0000
0.0000
0.0000
0.0000
1.0951
0.0721
0.0000
0.0000
6.9369
0.0000
0.0000
0.0000
0.0843
0.1776
0.0000
0.0000
0.0000
0.0000
0.0000
0.4651
0.0000
0.0000
0.0818
0.0000
1.2524
0.0000
0.0000
0.0000
1.1285
0.0000
0.0000
0.0000
0.0000
1.4504
0.0000
0.0000
0.0000
0.0000
0.0000
0.0000
2.7889
2.6811
0.0000
0.0000
0.8010
0.0000
0.0000
0.0828
0.0000
0.3286
0.0000
0.0000
0.0000
0.0000
0.0000
0.0000
0.0000
0.0000
1.2978
0.0000
1.4668
0.0000
0.0000
1.9378
0.0000
0.0000
0.0000
0.0000
0.0000
0.0000
0.7046
0.0000
0.0000
0.0000
0.0000
1.8055
0.0000
0.0000
0.0000
0.0000
0.0000
1.6348
0.0000
0.0000
0.0000
0.0000
0.0000
0.0000
0.0000
0.0000
0.0000
0.0000
0.8344
0.0000
0.0000
0.0000
0.0000
0.0000
0.0000
0.0000
0.0000
0.2860
0.0000
0.0000
1.3427
0.0000
0.0000
3.2065
0.0000
0.0000
0.0000
1.3263
0.0000
0.0000
0.0000
0.0000
0.0000
0.0000
0.0000
0.0000
0.0000
0.0000
0.0000
0.0000
0.0000
1.3184
0.0000
2.5004
0.0000
1.3384
0.0000
0.0000
1.0097
2.1930
1.3782
0.0000
0.0000
0.0000
0.0000
0.0000
1.6036
0.0000
0.0000
0.0000
0.0000
0.8661
0.0000
0.0000
1.4664
0.0000
0.0000
3.8740
0.0000
0.0000
0.0000
1.2477
0.0000
0.0000
2.2887
0.0000
0.0000
0.1562
0.0000
0.0000
3.2890
0.0000
1.1090
0.0000
0.0000
1.0381
0.0000
0.0000
0.0000
0.0000
2.5936
0.0074
0.0000
0.0000
0.0000
0.0000
0.3685
1.1587
0.0000
0.0000
0.0000
0.0000
0.8011
0.7191
0.0000
0.0000
0.0000
0.0000
0.5396
0.0000
0.0000
0.0000
2.3564
0.0000
0.0000
2.2415
0.0000
0.0000
0.0000
0.9346
0.0000
0.0000
0.0000
1.4692
0.0000
0.0000
0.5449
0.0000
1.1578
1.0243
2.2414
0.0000
0.0000
0.0925
0.0000
0.0000
0.0000
0.9542
0.0000
0.0000
0.0000
0.0000
0.0000
0.6688
0.0000
0.0000
0.0000
0.0000
0.0000
0.0000
0.3012
0.0000
0.0000
0.1177
0.2272
0.0000
0.0000
2.8386
0.0000
0.2840
0.0000
5.7457
0.0000
1.2706
0.9823
0.2856
0.0000
0.0000
0.0000
0.0000
0.0000
0.0000
0.0793
0.0000
1.3941
0.0000
0.0000
0.0000
0.0000
0.0000
0.0000
0.0000
0.5605
0.0000
0.0000
0.0000
0.0000
0.0000
1.9239
0.0000
0.0000
0.0000
3.1705
0.0000
2.0461
0.0000
0.0000
0.0000
0.0000
0.0000
0.0000
0.0000
0.2955
0.0000
0.0000
0.0000
0.0000
0.0000
0.0000
0.0000
0.0000
0.0000
0.0000
0.0000
0.0000
0.1639
0.8502
0.0000
0.0000
0.0000
0.0000
0.6255
0.0000
0.0000
0.0000
0.0000
0.0000
0.7493
0.0000
0.0000
0.0000
0.0000
3.2429
0.0000
0.0000
0.1678
0.0000
0.0000
0.0000
0.0000
0.0000
2.2757
0.0000
0.0000
0.0000
0.0000
0.0000
0.0000
1.6159
0.0000
0.0000
0.0000
0.0000
0.0000
2.5638
0.1399
1.4763
0.0000
0.0000
0.0000
0.0000
0.0000
0.0000
4.2658
0.0000
0.0000
0.0000
0.0000
0.0000
0.0000
0.0000
0.0000
0.0000
0.0000
0.4439
0.0000
0.0000
0.0000
0.0000
0.0000
0.7249
0.0000
0.0000
0.6296
0.0000
0.0000
0.0000
0.0000
0.0000
0.0000
1.4286
0.2208
0.5564
0.1079
0.8335
0.0000
0.0000
0.0000
0.0000
1.0701
0.0000
0.0000
0.0000
0.0000
2.0102
0.0000
0.0000
0.0000
0.0000
0.0000
0.0000
0.0000
0.0000
0.0000
0.3192
0.0000
0.0000
0.0000
0.0000
0.0000
3.5928
0.0000
0.0000
0.0000
0.0000
0.0000
0.0000
0.4929
0.0000
0.0000
0.0000
0.6043
0.0000
0.0000
0.0689
0.0000
0.0000
0.0000
0.0000
1.9519
0.0000
0.0000
0.0000
0.0000
0.0000
0.0000
0.0000
0.0000
0.0000
0.0000
0.0000
0.0000
0.0000
0.6219
0.0000
0.4125
0.0000
0.6267
0.0000
4.0274
0.0000
0.0000
0.0000
0.0000
0.0000
0.0000
0.0000
0.0000
0.0000
0.0000
0.0000
0.0000
0.5156
0.0000
0.0000
0.0000
0.0000
0.0000
0.0000
0.0000
0.0072
0.0000
0.7831
2.5729
0.0000
0.0000
0.0000
0.0000
1.2694
0.1588
0.0000
0.0000
0.0000
0.8003
0.7999
0.0000
0.0000
0.0000
0.0000
0.0000
0.0000
0.0000
1.6358
0.0000
2.5861
0.0000
0.0000
0.0000
0.2917
0.0000
1.7430
0.0000
2.0196
1.0919
0.0000
0.0000
1.0233
0.0000
0.4109
0.0000
2.9034
0.0000
0.0000
0.0000
0.0000
0.2089
0.0000
1.1762
2.7564
0.9044
0.0000
0.0000
0.0000
0.8003
0.5091
0.0000
0.0000
0.0000
0.0000
0.0000
0.7145
4.1338
0.2524
0.0000
0.0000
0.0823
0.0000
0.9553
0.0000
0.9206
0.6434
0.0000
0.0000
0.0000
0.0000
0.0000
3.3467
0.0000
0.0000
0.0000
0.0000
2.9723
0.6865
0.0000
0.0000
0.0000
0.0000
0.0000
0.8096
0.0000
0.0000
1.6412
0.0000
0.0000
0.0000
0.0000
0.0000
1.9047
1.1031
0.0000
0.0000
0.0000
0.7440
0.0422
0.0000
0.0000
0.0000
0.2276
0.0000
0.0000
3.6519
0.0000
0.1517
0.0000
0.0000
0.5893
0.0000
0.0000
0.0000
0.0000
0.9334
0.0000
4.0268
0.0000
0.0000
0.0000
0.0000
0.0000
0.0000
0.0000
0.7379
0.0133
0.0000
0.0000
0.0000
0.0000
0.0000
0.0000
3.3349
4.5596
0.0000
0.0000
0.0000
0.0000
0.0000
0.0000
0.0000
0.0000
0.0000
0.0000
1.7806
0.0000
1.6665
1.2034
0.0000
0.0000
0.0000
0.0000
0.0000
0.3835
1.6967
0.0000
0.0000
0.0000
0.0000
0.0000
0.0000
0.0000
2.8027
0.0000
0.4254
0.0000
0.0000
0.0000
0.0000
0.0000
0.0000
0.0000
0.9399
1.2183
0.0000
0.0000
0.0000
0.0000
2.7141
0.0000
0.8814
0.0000
0.0000
0.0000
0.0000
0.0000
0.0000
0.0000
0.0000
2.9355
0.0000
0.0000
0.0000
0.0000
0.7676
0.0000
0.0000
0.0000
0.0000
0.0000
1.3086
1.8847
1.5899
1.3708
0.9095
0.0000
0.3038
0.0000
0.0000
0.0303
0.0000
0.0000
0.0000
0.0000
0.0000
0.0000
0.7228
0.0000
0.0000
0.0000
0.0000
0.0000
0.0000
0.0000
1.3623
0.1602
0.0000
0.0000
0.0000
3.1392
0.0000
0.0000
0.0000
0.0000
0.0000
0.7886
0.0000
0.0000
0.0000
0.0000
1.0154
0.0000
1.1302
0.4950
2.7892
0.0000
0.0000
0.0000
0.0000
0.0000
0.0000
0.7919
0.0000
0.0000
0.0000
1.2625
0.0000
0.0821
0.0000
0.0000
0.0000
0.2779
2.3730
0.0000
0.0000
0.0000
0.0000
0.0000
0.0000
0.0000
0.0143
0.7968
0.0000
1.1790
0.3175
1.4150
0.0000
0.0000
0.0000
0.0000
0.4472
0.0000
0.0000
0.0000
0.0000
0.0000
1.0637
0.0000
0.0000
0.0000
2.2982
0.9550
1.3766
0.5350
0.0000
0.0000
0.8877
0.0000
3.3251
0.0000
0.0000
0.0000
0.0000
0.0000
0.2073
2.3806
0.0000
0.0000
0.0000
0.3755
0.0000
0.0000
0.4664
0.0000
0.0238
0.0000
0.3140
1.6600
0.0000
0.0000
0.0000
0.0000
0.0511
0.2763
0.0000
0.0000
0.2843
0.0000
0.0000
0.0000
0.0000
0.0000
0.1044
0.0000
0.0000
0.0000
1.5406
1.8265
0.0000
2.9216
0.0000
0.0000
0.0000
0.0000
0.0000
0.3781
0.0000
0.0000
0.0000
1.3547
0.0000
1.4381
0.0000
0.0000
0.0000
0.0000
0.4853
1.7589
0.0000
0.0000
0.0000
0.0000
0.0000
0.0000
0.0000
0.0000
2.0444
0.0000
0.0000
0.0000
0.0000
0.0000
0.0000
2.9208
0.0000
0.0000
0.0000
0.0000
0.0000
0.0000
0.0000
0.0000
0.0000
0.0000
0.0000
0.7952
0.2099
0.0000
0.0000
2.8159
0.0000
0.0000
1.1124
0.0000
0.0000
0.0000
2.6838
0.0000
0.0000
0.0000
0.0000
1.5139
0.7945
0.1837
0.0000
0.0000
0.0000
0.0000
0.1838
0.0000
0.0000
0.0000
0.8677
0.0000
0.0000
0.0000
0.0000
0.0000
0.9920
0.0000
0.0000
0.0000
0.0000
0.0000
3.2267
0.0000
0.0000
2.1140
1.1874
0.0000
0.0000
0.0000
0.0000
0.0000
0.0000
0.0720
0.0000
0.0000
0.7631
3.1817
0.0000
0.4781
1.4160
0.0000
2.2305
0.0000
0.0000
1.6540
0.0000
0.0000
0.0000
0.0000
1.1675
0.0000
0.0000
0.0000
0.8450
0.0000
0.0000
0.0000
0.0000
0.2260
0.2166
0.0000
0.0000
0.0000
0.0000
2.9123
1.3171
0.0000
0.0000
0.0000
0.0000
0.0000
0.0000
0.0000
0.5111
0.0000
0.0000
0.4872
0.0000
0.6804
0.0000
0.0000
0.0000
0.1134
0.0000
0.0000
0.0000
0.0000
0.0000
0.0000
0.0000
0.0000
0.0000
0.0000
0.0000
0.0000
0.0000
0.0000
0.0000
0.0000
0.0000
3.6987
1.1132
0.0000
0.3023
0.0000
0.3432
1.8110
0.0000
0.0000
0.0000
2.7366
1.0260
0.0000
0.0000
0.0000
0.0000
0.0000
0.1241
0.0000
1.5308
0.0000
0.0000
0.0000
4.8427
0.0000
0.6314
0.0000
0.0000
0.0000
0.0000
2.1764
0.0000
0.0000
0.0000
0.0000
1.3626
0.0000
0.0000
0.0000
1.3415
0.0000
0.0000
1.1924
0.0000
0.0000
0.0000
0.0000
0.0344
0.0000
4.8447
0.0000
2.2240
0.0000
0.0000
1.4154
0.0000
0.3091
0.0000
1.3506
0.0000
0.0000
2.0592
0.0000
0.0000
0.0000
0.0436
0.0000
0.0000
0.2937
0.0000
0.0000
0.0000
0.0000
0.0000
0.0000
2.6380
0.0000
0.0000
0.0000
1.1049
0.0000
0.0000
0.0000
0.0000
0.0000
2.9462
0.2609
0.0000
0.8657
4.8441
0.0000
0.0000
1.5806
0.5543
3.5946
0.0000
1.7455
0.0000
1.9382
0.0000
0.0000
0.0000
0.0000
0.0000
0.0000
0.0000
0.4780
0.3191
1.6398
2.7285
0.0000
0.0000
1.9925
0.0000
0.0000
0.0000
0.0000
0.0000
0.4844
0.0000
0.0000
2.4459
0.0000
0.0000
0.0000
2.1251
0.9197
0.0000
0.0000
0.0000
0.0000
1.1122
0.0000
0.7442
0.0000
0.0000
0.0000
0.9306
0.0000
0.9913
0.0000
0.0304
0.0000
0.0000
0.2947
0.0000
0.6611
0.0000
0.0000
0.0000
0.0000
0.4438
0.7855
0.0000
0.3022
0.0000
0.0000
0.0000
1.7110
1.7354
0.0000
0.0000
0.5594
1.5808
0.0000
0.6925
0.0000
0.0000
0.0000
0.0000
0.3894
0.0000
0.0000
0.0000
0.0000
2.9652
0.0000
0.9217
1.0014
0.0000
0.0000
0.0000
0.5312
0.0583
0.0226
0.0000
2.4142
2.0665
1.3859
0.0000
0.0000
0.0000
0.0000
0.0000
0.0000
0.0000
1.3629
1.8168
0.0000
0.0000
0.0000
0.0000
0.0000
4.5068
0.0000
0.0000
0.0000
2.8656
0.3132
0.0000
0.0000
0.0000
0.3013
0.0000
0.0000
0.5431
0.0000
2.8630
1.4568
0.0000
0.0000
1.6553
3.4287
0.0000
0.0000
0.0000
0.0000
0.0000
0.0000
0.0000
0.0712
0.0000
0.0000
0.0000
0.0000
0.8087
0.0000
0.0000
0.0000
0.0000
0.0000
0.0000
0.0000
0.0000
0.5128
0.0000
2.0409
0.8084
0.6829
0.0000
0.0000
0.0000
2.3951
0.0000
0.0000
0.0000
1.3285
1.1865
0.0000
3.2449
1.6079
0.0000
3.9896
0.0000
0.0000
0.7912
0.0000
1.0476
0.1338
0.3158
0.0000
0.0000
0.0000
0.0000
0.1525
0.4670
2.2944
0.0000
0.0000
0.0000
1.0044
0.0000
0.0000
0.8224
0.0000
0.0000
0.0000
0.0000
0.0000
0.0000
