0.0000
0.0000
0.0000
0.0000
0.3731
0.4576
0.0000
0.0000
0.0000
2.5410
0.0000
0.0000
0.0000
0.0000
0.0000
0.0000
0.0000
0.0000
0.0000
0.0000
0.0000
0.0000
4.5729
0.1088
0.0000
0.6621
0.0000
2.0185
0.0000
0.0000
0.0000
0.0000
1.7574
0.0000
1.6905
0.0000
0.0000
0.0000
0.6073
1.8185
0.0000
0.0000
0.0000
0.0000
0.0000
0.0000
0.0000
0.0000
0.0000
0.0000
0.0000
0.0000
0.0000
0.0000
0.0000
0.0000
0.2067
0.0264
0.0000
0.0000
0.0000
2.8672
0.0000
0.4636
0.0000
0.5438
0.0000
0.7823
0.0000
0.0000
0.0000
0.1317
0.0000
0.0000
0.0000
0.0752
0.0000
0.0000
0.0000
0.0000
0.0000
0.0000
0.0000
0.0000
0.0000
0.7445
0.4100
2.1186
0.6288
0.0000
0.4546
0.0000
0.8718
2.0108
0.0000
0.0000
0.0000
0.0000
2.9591
0.0000
0.3117
0.0000
0.0000
0.0000
0.0000
0.0000
0.0000
0.0000
1.5318
3.7281
0.0000
0.0000
0.3631
0.0000
0.0000
0.0000
0.1381
0.0000
0.0000
0.0000
1.9754
0.0000
2.4501
0.0000
0.0000
0.0000
1.1416
1.8277
0.0000
0.0000
0.0000
0.0000
0.0000
0.0000
2.1564
1.6172
0.9642
1.6209
0.0000
2.0600
4.2911
0.0000
1.0687
0.8176
0.3070
0.0000
0.7753
1.3090
0.3757
0.0000
0.0000
1.8442
0.0000
0.0000
0.0000
0.0000
0.0000
2.5940
0.0000
0.0000
1.3862
0.0000
0.0000
0.0000
0.0000
0.5387
0.0000
0.9184
0.0000
0.6953
0.0000
0.0000
0.0000
0.1752
0.0000
0.0000
0.0000
0.0000
0.0000
3.8220
2.6164
2.7226
0.0000
0.0000
0.0000
0.0000
0.4482
0.0000
0.2874
1.6879
0.0000
0.0000
0.0000
0.0000
0.0000
0.0000
0.0000
0.0000
3.2785
5.0558
0.0000
0.0000
0.0000
0.0000
0.4357
0.0000
0.0000
0.0000
0.0000
0.0000
0.0000
0.0426
0.0000
0.0000
0.0000
0.0000
0.0000
0.0000
0.0000
0.0000
0.0000
0.0000
0.0000
0.0000
1.3462
0.0000
0.0000
0.0966
0.0000
0.0000
0.0000
0.0000
0.0000
0.0000
0.2956
0.0000
1.8521
0.0000
3.5194
0.0000
0.0000
0.0000
0.0000
0.0000
0.0000
0.0000
0.0000
0.0000
0.0000
0.0000
0.0000
0.0000
0.0000
0.8711
0.0000
0.6434
0.0000
0.0000
0.0000
0.0000
0.0000
0.0000
0.0000
0.0000
0.0000
0.0000
0.0000
0.0000
0.0000
0.9458
2.5833
0.0000
0.0000
0.8182
0.0000
0.0000
0.0825
0.1169
0.2186
0.0000
1.8149
0.0000
0.2127
0.0000
0.0000
0.0000
0.0000
0.0000
0.0000
0.0000
0.0000
0.0000
0.0000
0.2473
2.1282
0.0000
0.0000
0.0000
0.0000
3.4881
0.0000
0.0000
0.0000
0.0000
0.1753
0.0000
0.7109
0.0000
0.0000
0.0000
0.0000
0.0000
0.0000
0.1159
2.2131
0.0000
0.0000
0.0000
0.0000
1.8598
0.0000
2.0636
0.0000
2.0332
0.0000
2.7841
0.0000
1.1036
0.0000
1.8588
0.0000
0.0000
0.0000
0.0000
0.0000
1.7398
0.9481
0.0000
0.0000
3.1006
0.0000
0.0000
0.0000
0.0000
0.0000
4.5561
0.0000
0.0000
0.0000
0.0000
0.0000
2.7043
0.0000
0.0000
1.3112
1.0322
0.0000
0.0000
0.7452
0.0000
0.0000
0.0000
0.0000
0.0000
0.0000
0.7875
0.0000
0.0000
0.0000
0.0000
0.0000
0.6367
0.0000
0.0000
0.0000
0.0000
0.0000
1.5241
0.0000
0.0000
2.4030
0.0000
0.0000
0.0000
0.0000
0.0000
0.0000
0.0000
0.0000
0.0060
3.6271
0.0000
0.0000
0.0000
0.0000
0.0000
0.0000
0.0000
0.0000
0.9268
0.0000
0.8828
0.0000
0.0000
0.0000
1.0907
0.0000
0.0000
1.8136
0.0000
0.0000
0.0000
0.0000
1.2797
0.0000
0.8664
0.0000
0.0000
0.0000
0.0000
0.0000
0.0000
2.5454
0.0000
0.0000
0.0000
0.4095
0.0000
0.0000
0.0000
0.0000
0.0000
0.0000
0.0000
0.0000
0.0000
1.2122
0.0000
0.9974
0.0000
0.9130
0.0000
0.0000
0.0000
2.5680
1.1830
0.0000
0.0000
2.9904
0.9152
0.1764
0.0000
0.5978
0.0000
0.0000
0.0000
0.0000
0.0000
0.3749
0.0000
0.6868
0.4123
0.5726
0.0000
0.0840
0.0000
0.0000
0.7319
0.0000
0.0000
0.0000
2.2402
1.0328
0.0000
0.0000
2.1144
0.6201
0.0000
0.3923
0.0000
0.0000
0.0000
0.2041
0.0000
0.2043
2.1016
0.0000
0.7285
0.0000
0.8877
0.0000
0.0000
0.0000
0.0000
0.1398
0.2670
0.0000
0.0000
0.0000
0.0000
0.0000
0.0000
0.3711
0.0000
1.6788
0.0000
0.0000
0.0000
0.0000
0.5742
0.2412
0.8783
0.0000
0.3485
0.0000
0.0000
0.0000
0.0000
3.9942
0.0000
0.0000
1.4075
0.0000
0.0000
0.1414
0.0000
0.2765
0.6861
0.0000
0.0000
0.0592
0.0883
1.7318
0.0000
0.2221
0.3606
0.0000
0.0000
0.0000
0.0000
0.0000
0.0000
0.0000
0.0000
0.0000
0.0000
0.0000
0.6506
0.0000
0.0000
0.0000
1.4430
0.0000
0.0000
0.0000
0.0000
0.2390
0.0000
0.0000
0.1769
0.9579
1.1968
0.0000
0.0000
0.0000
0.0000
0.0000
0.0000
0.0000
0.0000
0.0000
0.0000
0.0000
0.0000
0.0000
0.0000
0.0000
0.9251
0.0000
0.0000
0.0000
0.0000
0.0000
0.0000
0.0000
0.0000
0.0000
0.0442
0.0781
0.0000
0.0000
0.0000
0.0000
0.0000
0.0000
0.0000
0.0000
0.0000
2.8501
0.0742
0.0000
2.2159
0.0000
0.0000
0.0000
0.0000
0.3290
0.0000
0.0000
0.0000
0.0000
0.0000
0.0000
0.8414
0.0000
0.0000
1.1161
0.0000
0.0000
0.0000
1.4164
0.0000
0.0000
0.0000
0.0000
0.0000
0.0000
0.0000
0.0000
0.0000
0.0000
0.0000
0.0000
0.0000
1.1764
2.7516
0.0000
1.1286
0.0000
0.0000
0.0000
0.0000
0.0000
0.0000
1.3741
0.0000
0.0000
0.3681
0.4637
0.0000
0.0000
2.2157
1.3618
0.3642
0.0000
0.0000
0.0000
0.0000
0.0000
0.0000
0.0000
0.6457
0.5758
0.0000
0.0000
0.0000
0.0000
0.0000
0.0000
0.0000
0.0000
0.0000
0.0000
0.0000
0.0000
0.0000
0.3003
0.0000
0.0000
0.0000
0.0000
0.0000
0.0000
0.0000
0.0000
2.1149
0.0000
0.0000
0.5235
2.0508
0.0000
0.0000
1.8281
0.0000
0.0000
0.0000
0.0000
0.0000
1.0609
0.0000
2.3720
0.0000
0.0000
0.3484
0.6406
0.9385
0.0000
0.0000
1.1317
1.4027
0.0000
3.6209
0.0000
0.6472
0.0000
0.0000
0.0000
1.5689
0.0000
0.0000
0.0000
0.0000
0.7261
0.8410
0.0165
0.0000
1.4994
0.0000
0.5477
0.6783
0.0000
0.0000
0.0000
1.0599
0.0000
0.0000
0.0000
0.4431
0.0000
1.8805
0.0000
0.0000
0.0000
1.6419
0.0000
0.0000
0.0000
0.4931
1.3039
0.0000
0.0000
0.0000
0.0000
0.0000
0.0000
0.0000
0.0000
0.0000
0.0000
0.3348
1.4466
0.0000
3.0497
0.6503
0.0000
0.4594
0.0000
0.0000
0.0000
0.0000
0.0000
0.0000
0.0000
0.0000
0.0000
0.0000
0.0000
0.0000
2.3446
0.0000
1.2906
0.0000
0.0000
0.0000
0.0000
0.0000
0.0000
0.2285
0.0000
0.0000
0.0000
0.0000
0.0000
1.1929
0.0000
0.0000
0.0000
0.0000
0.0000
0.0000
0.0000
0.1461
2.2491
0.0000
0.0000
0.0000
0.0000
0.0000
0.0000
0.0000
0.0000
0.3112
0.0000
0.0000
0.0000
0.0000
1.5811
0.0000
0.0000
0.1835
0.4736
0.0000
0.0000
0.0000
0.0000
0.0000
0.0000
0.0000
0.0000
0.0000
1.7293
0.0000
0.0000
0.0000
0.0000
1.2732
0.5939
0.8335
0.0000
0.0000
0.0000
0.0000
0.0000
0.0000
0.0000
0.0000
0.0000
0.0000
0.6373
0.0000
0.0000
2.4668
0.0000
0.0000
0.0000
0.0000
0.0000
0.0000
0.0000
0.0486
0.0000
0.0000
0.0000
2.8294
0.0000
0.0000
1.3106
0.0000
0.0000
0.0000
0.0000
0.0000
1.4400
1.0192
0.0000
0.0000
0.0000
1.6196
0.6661
0.0000
0.0000
0.0000
0.0000
0.0000
0.0000
0.0000
0.0000
0.0000
0.0000
0.0000
0.8612
0.0000
0.7443
0.0000
1.4306
0.0000
0.0000
0.9552
0.0000
0.0000
0.0000
0.0000
0.0000
0.0000
0.0000
0.0000
0.0000
0.0000
0.0000
0.8470
0.0000
0.0000
2.8118
0.0000
0.0000
0.0000
0.0000
0.0000
0.0000
0.0000
0.0000
0.0000
0.5408
0.0000
0.0000
3.0294
1.9989
0.0000
0.0000
0.0000
0.0000
0.6186
0.0000
0.0000
0.0000
0.0230
0.0000
0.0000
0.0000
0.0000
0.0000
0.0000
0.0000
0.0000
0.8002
1.1099
0.0000
1.3550
0.0000
4.6495
0.2687
0.0000
0.0000
0.0000
0.0000
0.9469
2.1393
0.0000
0.0000
0.0000
0.0000
3.2276
0.2132
1.0227
0.0000
0.2531
0.0000
0.0000
1.7371
0.0000
0.7393
0.0000
0.7827
0.0000
0.0000
0.0000
1.5952
0.0000
0.0000
0.0000
0.0000
0.3464
0.0000
0.4844
1.3574
1.8829
1.5245
0.0000
0.0000
0.0000
1.0897
0.0000
0.0000
0.0000
0.0000
2.2112
0.0000
0.0000
0.0000
4.9603
0.0000
0.0000
0.0000
1.1788
0.0000
0.0000
0.0000
0.0000
0.0000
3.4789
0.0000
1.0906
0.0000
2.1793
0.0000
0.0000
0.0000
3.8294
0.0000
1.0001
0.0000
0.1424
0.0000
0.0000
0.0000
1.0173
3.1413
0.0000
0.0000
2.1540
0.0403
0.3364
1.9184
0.0000
1.4420
0.0000
0.4717
0.0000
0.0000
0.0000
0.0000
0.8970
0.0000
0.0000
0.0000
0.0000
2.1048
0.0000
0.0000
0.0000
0.4808
0.0000
0.0000
0.0000
0.0000
0.0000
0.0000
0.0000
0.5563
0.0000
0.4911
0.0000
1.1565
0.0000
0.0195
0.6483
0.0000
0.0000
0.0000
0.0000
2.4763
0.0000
0.0000
0.0000
0.0000
0.0000
0.1353
0.0000
0.0000
0.0000
0.0000
0.0000
0.0000
0.0000
0.0000
1.6858
0.0000
0.0000
0.0000
0.0000
0.0000
0.1696
0.0000
0.0000
1.6620
0.0000
0.0000
2.5800
0.0000
1.6321
0.0000
0.0000
0.0000
0.7288
1.5509
0.0000
0.0000
0.0000
0.0000
1.8273
0.5759
0.2392
1.9350
0.0000
0.0000
0.0000
2.4233
0.0000
0.0000
0.0000
0.0000
0.0000
0.0000
0.0000
0.4110
0.0000
0.0000
0.0000
0.0000
0.7328
0.0000
0.0000
0.0000
0.0000
0.0000
0.0000
0.0000
0.0000
0.0000
0.0000
0.0000
0.0000
0.0000
0.0000
2.1135
2.2914
3.6486
0.0000
0.0000
0.0000
0.0000
0.0000
0.0000
0.0000
0.0000
0.0000
1.6544
0.0000
0.0000
0.6594
0.0000
0.0000
0.0000
0.0606
0.0000
0.0000
3.2822
0.0000
0.5834
0.0000
1.3841
0.0366
0.0000
0.7133
2.4052
2.6391
0.0000
0.0000
0.0000
0.0000
0.0000
0.4215
1.1193
0.0000
0.0000
0.0000
0.0000
0.0000
0.0368
0.0000
1.7322
0.0000
0.0000
0.0000
0.3550
0.0000
0.0000
0.0000
0.0000
0.0000
0.1316
1.7696
0.0000
0.0000
1.8757
0.0000
0.0000
0.0000
0.0000
0.0000
1.4005
1.7155
1.5881
0.0000
0.0000
0.0000
0.0000
0.0000
0.0000
0.0000
0.0000
0.0000
0.0613
2.9554
0.0000
0.0000
0.0000
0.0000
0.5596
0.0000
0.0000
0.0000
0.0000
0.0000
0.0000
0.0000
1.6482
0.0000
0.0000
0.0000
0.0000
0.0000
0.0000
0.9084
0.0000
0.0000
0.0000
0.0000
1.2601
0.8575
0.0000
0.0000
2.3812
0.0000
1.8674
0.0000
0.0000
1.0961
0.0000
0.0000
0.0000
0.0000
0.0000
0.5199
0.0000
0.0000
0.0000
0.0000
0.0000
0.0000
0.0000
1.2753
4.4385
0.0000
0.5321
0.9574
0.9541
0.0000
0.0000
1.0751
0.0000
0.7367
0.0000
0.0000
0.0000
0.0000
2.6030
0.0000
0.0000
1.4436
0.0000
1.1536
1.1663
0.0000
0.0000
0.0000
0.0000
0.0000
0.0000
0.0000
0.0000
0.0000
2.8606
0.0000
0.0000
2.8276
0.0000
0.0000
0.0000
0.0000
0.0000
0.0000
0.0000
0.0000
0.0000
0.0000
0.0000
0.0000
0.5946
0.0000
0.0000
0.0000
0.0000
0.0000
0.0000
1.9010
0.0000
0.3087
0.0000
0.0000
0.0000
0.0000
0.0000
0.8138
0.2818
0.6249
0.0000
0.5160
0.0000
0.4750
0.0000
0.0000
0.0000
0.0000
0.0000
0.0000
0.0000
0.0000
0.0000
0.0000
0.0000
0.0000
0.0000
0.0000
0.0000
0.0000
0.0000
0.0808
0.0000
1.7674
0.0000
0.0000
0.0000
0.0000
0.0000
0.0000
0.0000
0.0000
2.7752
2.8352
0.0000
1.9587
0.0000
0.0000
0.0000
0.0000
0.0000
0.0000
0.0000
0.0000
0.0000
0.0000
0.4095
1.5275
0.3030
0.0000
0.0000
0.8917
0.0000
0.0000
0.0000
0.0000
0.7054
0.0000
0.0000
1.0062
0.0000
2.9586
0.4412
3.3217
0.0000
0.8429
0.0000
0.0000
1.6674
0.0000
0.0000
1.2096
0.0000
0.0000
0.0236
0.5385
0.0000
0.0000
0.0000
0.0000
0.0000
1.3191
1.7966
0.0000
0.0000
1.5625
0.0000
0.0000
0.5544
0.0000
0.0000
2.0157
0.0000
0.0000
2.6084
0.1339
0.0000
0.0000
0.0000
0.0000
0.0000
0.0000
0.0000
0.0000
0.0000
0.0000
0.0000
0.0000
0.0000
0.5688
0.0000
0.5875
0.0000
1.8716
0.0000
1.8089
0.0000
0.0000
0.0000
0.0000
0.0000
0.0000
0.0000
0.0000
0.0000
0.0000
1.3238
2.3340
0.0000
0.0000
0.0000
0.6397
0.0000
0.0000
0.0000
0.0000
0.0000
0.0000
0.6923
0.0000
0.8844
0.0000
0.6275
0.0000
0.0000
0.0000
0.6758
0.0000
0.0000
2.7298
3.6396
2.4611
0.0000
1.1702
0.0000
0.7487
0.0000
0.0000
0.0000
0.0000
0.0000
0.0000
0.0000
0.0000
0.0000
0.0000
0.0976
0.5676
0.0000
0.0000
0.0000
0.0000
0.0000
0.0000
0.0000
0.0000
3.2283
1.6550
1.1050
0.0000
0.0000
0.0000
0.0000
0.0000
2.4196
2.4786
0.0000
0.0000
0.0000
0.5369
0.0000
0.0000
1.6230
1.2297
0.0000
0.0000
0.0000
0.0000
0.0000
0.0000
0.0000
0.2619
0.7951
2.0910
0.0000
0.0000
0.0000
0.0000
0.0000
0.0000
0.0000
0.0000
0.0000
0.0000
0.0000
0.4393
0.0000
0.0000
0.0000
0.0000
3.8976
0.0000
0.2624
0.0000
0.0000
0.0000
0.0000
0.0000
0.0000
0.0000
0.0000
0.3660
0.7055
1.6460
0.0000
0.0000
0.0000
0.2857
0.0000
2.9440
0.0000
0.0000
0.0000
0.0000
0.0000
0.0000
0.7622
0.0000
0.0000
0.0000
0.0000
0.0000
0.0000
0.0000
0.7827
0.0000
0.2964
0.0000
1.9295
0.0000
0.0000
0.0000
0.0000
2.2865
1.0023
0.9736
0.9194
1.1498
0.0000
0.6327
0.0000
0.0000
0.0000
0.0000
0.0000
0.0000
0.0000
0.0000
0.0000
1.5249
0.0000
0.0000
0.0000
2.3218
0.2143
0.0000
3.8305
0.9959
0.0000
0.0000
0.0000
0.0000
0.0000
0.0000
0.0000
0.3837
1.1410
0.0000
0.0000
0.0000
0.0000
0.0000
0.0000
0.0000
0.0000
0.0000
0.0000
0.0000
0.0000
0.0000
1.9119
0.0000
0.1687
0.0000
0.0000
0.1618
0.0000
0.0000
0.0000
0.7278
0.0000
0.5100
2.7878
0.1771
2.2330
0.0000
0.0000
0.0000
0.7528
1.0778
1.3861
0.0000
0.0000
0.0000
0.0000
0.0000
0.5303
0.0000
1.1295
0.0000
2.8343
0.0000
0.0000
0.0000
0.0000
0.0000
0.0000
0.0000
0.0000
0.0000
0.0000
0.0000
0.0000
0.0000
0.0000
0.0000
0.0000
0.0000
0.0000
0.0000
0.0000
0.0000
0.3837
0.0000
0.0000
0.0000
0.0000
1.9185
0.0000
1.2281
0.0000
1.0324
0.0000
2.0116
0.0000
0.0000
0.0000
0.0000
0.0000
0.9066
1.8894
0.4718
0.0000
0.1936
2.0390
3.0920
0.0000
0.0000
0.2436
0.0000
1.8018
0.0000
0.0000
0.0719
0.0000
0.7622
0.0000
0.0000
0.4727
3.1765
0.0000
2.0607
0.0000
0.0000
0.0000
0.0000
0.0000
0.0000
0.0000
3.3279
0.0000
3.8260
3.9754
0.0000
0.0000
0.0000
0.1149
0.0000
0.0000
2.4335
0.7557
0.0000
1.0293
0.0000
2.5212
1.0800
0.0000
1.4406
0.0000
0.2227
0.9800
0.0000
0.0000
0.0000
0.0000
0.0000
0.0000
0.0000
3.0256
0.0000
0.0000
4.1209
0.0000
2.2379
0.0000
0.0000
0.0000
0.5162
0.0000
0.0000
0.0000
0.0000
0.0000
0.0000
1.5438
0.0000
2.3645
0.0000
0.0000
0.0000
0.0000
0.0000
0.0000
0.0000
0.0000
2.2752
0.0000
0.0000
2.0158
0.0000
0.0000
2.0687
0.0000
0.0000
0.0000
0.0000
0.0670
0.0000
0.0000
0.2936
0.0000
0.0000
0.0000
0.0000
0.2924
1.5509
0.0000
0.0000
0.0000
0.0000
2.6795
0.0000
3.3659
2.3996
0.0000
0.0000
0.0000
0.0000
0.0000
0.0000
0.0000
1.0547
0.0000
1.9922
0.0000
0.0000
0.0000
0.0000
1.0012
0.0000
0.0000
0.0000
0.0000
0.0000
0.5192
0.0000
2.3927
0.0000
0.0000
1.9212
0.0000
0.0000
0.0000
0.0000
2.3783
0.8820
0.0000
0.0000
0.0000
1.0690
0.0000
0.5041
0.0000
0.0000
0.0000
0.0000
0.0000
0.9464
0.0000
0.0000
0.0000
0.0000
1.1620
0.0000
0.9128
0.0000
0.0000
0.0000
0.0000
0.0000
0.0000
0.0000
0.0000
0.0000
0.2526
0.9942
0.0000
0.6949
0.0000
0.0602
0.0000
2.5410
0.0000
0.0000
0.0000
0.0000
0.0000
0.0000
2.3467
0.0238
0.0000
0.0000
0.0000
0.0000
0.0000
0.0000
0.0000
0.0000
0.0000
0.4512
0.0000
0.0000
0.0000
0.0000
1.9740
2.6272
0.0000
1.5976
0.1051
0.0000
0.1891
0.0000
4.6945
0.0000
1.9718
0.0000
0.0000
0.0000
0.0000
0.0000
0.0000
0.0056
0.0000
0.0000
0.0000
2.3185
0.0000
0.0000
0.0000
0.4123
0.0000
0.0000
0.0000
1.8391
0.0000
0.0000
0.0000
1.0132
1.4599
0.0000
0.0000
0.0000
0.0000
0.0000
0.0000
0.0000
3.2168
0.2884
0.0000
1.9088
2.6823
0.0000
0.0000
1.3332
0.4748
1.0571
1.3186
0.0000
0.5542
0.7655
0.0000
0.0000
0.0000
0.0000
0.6209
0.5055
0.0000
0.0000
0.0000
1.9042
0.0000
2.1791
2.0845
0.0862
0.0000
0.0000
1.4526
0.0000
0.0000
0.0000
2.2903
1.6803
0.0000
0.0000
0.1969
0.0000
0.0000
1.3213
2.4657
0.0000
0.0000
1.7132
0.0000
0.9291
1.8305
0.9368
0.0000
0.0000
0.0000
0.0000
3.5716
0.0000
0.0000
0.0000
0.0000
0.0000
0.0000
0.0000
0.0000
0.0000
0.0000
0.0000
0.0000
0.0000
0.0000
0.0000
0.8792
1.1150
0.0000
0.0000
0.0000
0.0000
0.0000
0.0000
0.0000
1.9004
0.0000
0.0000
0.0000
1.3560
0.0000
0.0000
0.3096
0.0000
0.0000
0.0000
0.0000
0.0000
0.0000
0.0000
0.0000
0.0000
0.0000
0.0000
2.2415
0.3169
0.0000
0.0000
0.0000
0.0000
0.0000
0.0000
0.9475
0.0000
0.0000
0.0000
0.0000
0.3914
0.0000
0.0000
0.0000
0.0000
0.0000
1.4305
0.0000
1.0862
0.0000
0.0479
0.0000
0.0000
0.0000
0.0000
0.0000
0.0000
0.7344
0.3878
0.0000
0.0000
0.0000
0.0000
0.6105
1.4446
0.0000
2.0501
0.0000
0.0360
0.0000
0.0000
0.0000
0.0000
0.0000
2.2678
0.0000
0.5056
0.0000
0.1412
0.0000
3.1700
0.0000
0.0000
0.0000
0.0000
0.0000
1.0820
0.0000
0.0000
1.0941
0.0000
0.8797
0.0000
0.0000
0.0000
0.0000
0.4494
0.0000
0.0000
0.0000
0.2697
0.2971
0.0000
0.0000
0.0000
0.0000
0.0082
0.0000
0.0000
0.0000
0.0000
0.0000
0.7547
1.5637
0.0000
0.0000
0.0000
0.0000
0.0000
0.0000
0.0000
0.0000
0.7770
0.1019
1.5847
0.0000
0.0000
0.0000
1.7349
0.0000
0.0000
0.0000
0.0000
0.0000
0.0000
0.0000
0.0000
0.0000
0.0000
0.0000
0.0000
2.9884
2.1899
0.0000
0.8676
0.0000
0.0000
1.5709
0.0000
0.0000
0.0000
0.5303
0.7569
0.0000
0.0000
0.0000
0.0000
0.0000
0.0000
0.0000
0.0000
0.0000
0.0000
0.0000
0.0000
0.0000
0.0000
0.0000
0.0000
0.7401
0.0000
0.0000
0.0000
0.9451
0.0000
1.4242
0.0000
0.0000
0.0000
3.5276
0.1056
0.0000
0.0000
0.0000
0.0000
0.0000
2.7478
0.0000
0.0000
0.0000
1.6904
2.1034
0.0000
0.0000
0.0000
0.0000
1.7003
0.0000
0.0000
0.0000
0.9375
0.7973
1.6400
0.6389
0.0000
1.1500
0.0000
0.0000
0.0000
0.0000
0.0000
0.0000
0.0000
1.6315
0.0000
0.1048
0.0000
0.0000
0.0000
0.0000
0.0000
0.8877
0.0000
0.0000
0.0000
1.0527
0.0000
0.0000
0.0000
0.0000
0.0000
1.9202
0.0000
0.0000
4.1337
0.0000
0.0000
0.0000
0.9135
0.8347
0.0000
0.0000
0.8553
0.0000
0.0000
0.0000
0.9200
0.0000
0.0000
0.5862
0.0000
0.0000
0.0000
0.0000
0.0000
0.0000
1.3369
0.0000
0.0000
0.0000
0.0000
0.0000
0.0000
0.0000
1.2545
0.0000
0.0000
0.6928
0.0076
3.5816
0.6361
0.6231
0.0000
1.7774
0.0000
0.0000
0.0000
1.1505
0.0000
0.0000
0.0000
0.0000
0.0000
0.6610
0.0000
0.0000
0.0000
2.3790
6.8106
0.0000
0.0000
0.0000
0.0000
0.1630
0.0000
0.2224
0.0000
0.0000
0.0000
0.0000
0.0000
0.0000
0.0000
0.0000
0.0000
0.0000
0.0000
0.0000
0.0000
0.6966
0.0000
0.0000
1.1377
1.6145
0.0000
1.0391
0.0000
0.0000
1.8318
0.3055
1.1224
1.5253
0.8957
0.0000
0.0000
2.4733
0.0000
1.8923
0.0000
1.8422
0.0000
0.0000
0.3440
0.0000
0.0000
0.0000
0.7494
0.0000
0.3124
1.1471
0.0000
2.6967
0.0000
0.0000
0.0000
2.3706
0.7514
0.0000
0.0000
0.8725
0.0000
0.0000
0.0000
0.0000
0.0000
0.3927
0.8014
0.0000
0.1031
0.0000
0.0000
0.0000
0.0000
0.0000
1.2005
0.8836
0.0000
0.0000
0.0000
0.5797
0.0000
0.0000
1.6438
0.0000
0.0000
1.8300
0.0000
0.0000
0.0000
0.0000
1.6470
0.0000
0.0000
0.0000
0.0000
0.0000
0.0000
0.0000
1.6846
0.8844
0.0000
0.0000
0.0000
0.0000
0.0000
0.0000
0.0000
0.0000
0.0000
0.0000
0.0000
0.0000
0.0000
0.0000
3.4703
0.0000
1.5340
0.0000
0.0000
0.0000
1.2744
0.0000
0.0000
0.0000
1.4224
0.0000
0.4438
0.0000
1.4871
0.0000
0.0000
0.0000
0.0000
5.1727
2.8560
0.0000
0.0000
0.0000
0.5184
0.0000
0.0000
0.0000
0.0000
0.0000
0.0000
0.4866
0.0000
0.6249
0.0000
0.0000
0.0000
0.0000
0.0000
0.0000
0.0000
0.0000
0.0000
0.1501
0.0000
0.1881
0.0000
0.0000
0.0000
0.0000
0.0000
0.6699
0.0000
1.0042
0.0000
0.0000
0.0000
4.7848
0.0000
0.0000
0.0000
0.0000
0.0000
0.0000
1.8393
1.6527
0.0332
0.0000
0.0000
0.0000
0.0000
0.0000
0.1026
0.0000
0.0000
0.0000
0.0000
0.0000
0.0000
0.0000
0.0000
0.0000
0.0000
0.0000
0.0000
0.0000
0.0000
0.1022
0.0000
0.0000
0.0000
0.0000
0.7659
0.0000
0.1290
0.0000
0.0000
0.0000
0.0000
0.0817
0.0000
0.0000
0.0000
0.0000
1.2670
0.0000
0.0000
0.1411
0.0000
0.0000
0.0000
0.0000
1.5587
0.0000
0.0000
0.0000
0.0000
0.0000
1.0646
0.0000
0.0000
0.1843
2.1931
0.0000
0.0000
2.0886
0.0000
2.4351
0.0000
0.0000
0.0000
0.0000
0.0000
0.1371
0.5519
2.8643
4.1478
0.0000
4.7867
0.6816
0.0000
0.0000
0.0000
1.0164
0.0000
1.0611
0.0000
0.6307
0.0000
0.0000
0.0000
1.6031
0.0000
0.0000
0.0000
0.0000
0.0000
0.0000
0.4883
1.0502
0.0000
0.0000
1.2426
0.0000
0.0000
0.0000
1.6566
0.0000
2.8079
0.0000
0.0000
0.0000
0.0000
0.0000
0.0000
4.9767
0.0000
4.9480
0.0000
0.0142
2.9629
4.3587
0.0000
0.0000
0.0000
0.0000
0.0000
0.0000
0.0000
0.9904
3.1717
0.0000
0.0000
0.0000
0.2737
0.2599
0.0000
0.0000
4.1569
0.0000
0.0000
0.0000
0.1866
0.3866
0.4404
0.3056
0.0000
0.0000
0.0000
0.0000
1.8474
0.0000
0.0000
2.6843
0.0000
0.0000
0.0000
0.0000
0.0000
2.4512
0.0000
0.3796
0.0000
0.0000
0.0000
0.2627
0.0000
0.0000
0.0000
2.9799
0.0000
0.0000
0.0000
0.0000
0.0000
0.0000
0.0000
0.0000
0.0000
0.0000
0.0000
0.0000
0.0000
0.0000
0.0000
0.0000
0.4398
2.3880
0.0000
0.0000
0.0000
0.0000
0.0000
0.0000
0.0000
1.4832
0.0109
1.6013
0.3937
0.0000
2.5260
0.0000
0.0000
0.0000
0.0000
1.4762
0.0000
0.6037
0.0000
0.0000
4.2080
0.0000
0.0000
1.1686
0.0000
0.0000
0.0000
0.0000
0.0000
0.0000
0.0000
0.0000
2.0388
0.2394
0.0000
0.0000
1.2727
3.9089
0.0000
2.2278
2.5469
0.0000
0.0000
0.5830
0.0000
0.0000
0.0000
1.6774
0.0000
0.1256
0.0000
0.0000
1.1967
0.6457
1.0423
0.0000
0.0000
0.0000
0.6272
0.0000
0.4221
0.0000
0.0000
1.6555
0.0000
0.3035
0.0000
0.0000
0.0000
0.0000
0.0000
0.0000
0.0000
1.0766
0.0000
0.0000
0.4579
0.0000
0.0000
0.0000
0.3863
0.2973
1.4995
0.9097
0.0000
1.7392
1.0442
0.0000
0.0000
0.0000
0.0000
0.0000
1.2796
1.2971
0.0000
0.0000
0.0000
0.0000
0.0000
0.0000
2.6134
3.4279
0.0000
0.0000
0.0000
0.6279
2.7502
0.0000
0.0000
0.0000
0.0000
0.0000
0.0000
0.0000
0.0000
0.0144
0.0000
0.0000
1.5938
0.0000
3.1840
0.0000
0.0000
0.0141
0.2465
0.0000
0.0000
0.0000
0.0000
0.0000
0.0000
5.0928
0.6556
0.0000
0.0000
0.1876
0.0000
0.0000
1.7247
3.0251
0.0000
0.0000
1.4263
1.2861
0.0000
0.0000
0.0000
0.0000
0.0000
0.0000
0.0662
1.1769
0.0000
0.0000
5.3469
0.0000
0.0000
0.0000
0.6371
0.5864
0.0000
0.0000
0.0000
1.5714
0.0000
2.0796
0.0000
0.0000
0.0000
1.3536
1.2891
0.0000
0.0959
0.0000
0.6269
0.0000
0.1637
0.0000
0.0000
0.0000
0.0000
0.3552
0.0000
0.0000
0.7708
0.0000
1.0226
2.9394
0.0000
0.6435
0.0000
0.0000
0.0000
0.6162
0.0000
2.2305
0.0000
0.0000
0.0000
0.0000
0.0000
0.0000
0.0000
0.4516
0.4861
0.0000
1.5339
0.0000
0.1680
0.1356
0.0000
0.0000
0.0000
0.0000
0.0000
0.0000
0.2127
2.0411
0.0000
0.0000
0.0000
0.7540
2.1660
1.2511
0.4843
0.0000
0.0000
1.6811
0.0000
0.0000
0.0000
0.0000
0.0000
0.0000
0.0000
0.0000
0.0000
0.0000
0.0000
0.0000
0.0000
0.0000
0.0000
1.0267
0.0000
0.0000
1.7984
0.0000
1.6728
0.0000
0.4269
2.6567
0.0000
4.8385
0.0000
0.4423
1.3750
0.5872
0.0000
0.7565
0.0000
0.0000
0.2375
0.7044
0.0000
0.0000
0.0000
0.0000
0.0000
0.0000
0.0000
4.0418
0.0000
0.4612
0.0000
4.1931
0.1643
0.0000
2.5972
2.6856
1.1232
0.0000
1.8907
0.0000
0.1932
0.2338
2.0251
0.0000
1.4016
0.0000
0.0000
0.0000
0.0000
0.0000
2.1811
0.0000
0.0000
2.1312
0.0000
0.6088
0.0000
0.1768
0.0000
0.0000
4.4116
0.0000
0.0000
0.0000
0.0000
0.0000
0.3295
0.0816
0.3384
1.1940
0.0000
2.7407
0.0000
0.6737
0.0000
0.0000
0.0000
0.0000
0.0000
0.0000
0.0000
0.0000
0.0000
2.0557
0.0000
0.0000
1.2744
0.0000
2.6197
0.0000
0.0000
0.0000
0.0000
0.0121
0.2478
0.0000
0.0000
0.0000
3.5391
0.0000
0.0000
1.1545
0.0000
0.0000
0.0000
0.0000
0.0000
0.0000
0.0000
0.9767
0.0000
0.0000
0.7326
0.0000
3.1769
2.1051
1.7016
2.9451
0.0000
0.1086
0.0000
0.0000
0.0000
1.3799
0.0000
0.0000
0.0000
0.0000
0.0000
0.1327
0.0000
0.0000
0.0000
0.0000
0.0000
0.0000
0.0000
0.0000
0.7449
1.6450
0.0000
0.0275
0.0000
1.8918
0.0000
0.0000
0.0000
4.5064
0.0000
0.2330
0.0000
0.0000
0.0000
0.0000
0.0000
0.0000
0.0000
0.0000
0.0000
0.0000
2.4125
0.0000
0.0000
0.0000
0.0000
0.0000
0.0000
0.0000
0.0000
0.0000
0.0000
0.0000
0.0000
0.0000
1.7490
0.0000
0.0000
0.0000
3.7160
0.0000
0.8138
0.0000
0.0000
0.0000
0.0000
0.0000
0.0000
0.0000
0.0000
0.0000
0.0000
0.8705
0.0000
0.0000
0.0000
0.0000
0.5188
0.0000
0.0000
0.0000
0.0000
0.0035
0.0000
0.0000
0.0000
0.0000
0.0000
0.6301
0.0000
0.0000
0.0000
0.0000
0.0000
0.0000
0.0000
0.0000
2.4077
0.0000
0.0000
0.0000
0.0000
0.0000
0.0000
0.0000
0.0000
0.0000
0.0000
1.0095
0.0000
0.4042
0.0000
0.0000
0.0000
0.9996
3.0618
0.0000
0.5810
0.0000
0.0000
0.0000
4.0316
0.1201
2.2134
0.0000
0.0000
0.0000
0.0000
1.8837
0.0000
0.9597
1.0663
0.0000
0.0000
0.0000
0.0177
0.0000
0.0000
0.0000
0.0000
0.0000
1.0445
0.0000
0.0000
0.0000
0.0000
0.0000
1.8334
0.0000
0.0000
0.0000
0.0000
0.5955
0.0000
0.0000
0.0000
0.0000
2.4607
0.8599
1.6498
0.0000
0.8707
0.0000
0.0000
0.0000
1.4879
0.0000
0.0000
0.0000
0.0000
0.2721
0.0000
1.1494
0.0000
0.0000
0.0000
0.0000
1.4779
0.0000
0.0000
0.0983
0.1222
0.0000
0.0000
0.0000
0.0000
0.0000
1.3721
0.0000
0.0000
0.0000
0.0000
0.0000
0.0000
1.0024
0.0000
0.0000
0.0000
2.0535
0.0000
0.0000
1.9073
0.0000
0.0000
0.0000
0.0000
0.8715
0.0000
0.0000
0.0000
0.0000
0.7059
0.0000
0.0000
0.0000
0.0000
0.0000
0.0000
0.0000
0.0000
0.0000
0.0000
0.4531
0.0000
0.1662
0.0000
4.6533
0.0000
0.0000
0.0000
0.0000
0.0000
0.0000
0.0000
1.3894
0.0000
0.0000
0.0000
1.2252
0.3295
0.0000
0.0000
0.0000
0.0000
0.2024
0.0000
0.0000
0.0000
0.0000
0.0000
3.2227
0.0000
0.0000
0.0000
0.0000
0.2124
0.0031
0.0000
0.0000
0.8142
0.0000
1.4470
0.0000
0.0000
0.0000
0.0000
0.0000
0.0000
0.0000
2.7608
0.0000
1.9644
0.0000
0.0000
0.0000
0.0000
0.1185
0.9650
0.0000
1.9231
1.7725
0.0000
0.0000
0.2711
3.0571
1.3146
0.5719
0.0000
0.0000
0.0000
0.0000
0.0000
0.9655
0.0000
0.6754
0.6508
0.0000
0.0000
0.2880
0.0000
1.8777
3.0749
0.4573
0.0000
0.0000
0.0000
0.0000
0.0000
2.5596
1.1689
0.0000
0.0000
0.0000
0.0000
0.0000
0.0000
3.7920
0.6803
0.0000
0.0000
0.0000
0.0000
0.0000
4.8934
0.0000
0.0000
0.0000
0.0000
4.8232
0.8156
0.0000
0.0000
0.0000
0.0000
0.0000
2.5438
0.0000
0.0000
2.9618
0.0000
0.0000
0.0000
0.0000
0.0000
0.0000
0.7231
0.0000
0.0000
0.0000
2.8571
0.3453
0.0000
0.0000
0.0000
0.0000
0.0000
0.0000
5.8574
0.0000
1.5904
0.0000
0.0000
1.4566
0.0000
0.0000
0.0000
0.0000
0.5863
0.0000
5.0935
0.0000
0.0000
0.0000
0.0000
0.0000
0.0000
0.0000
0.0892
1.3258
0.0000
1.2350
0.0000
0.0000
0.0000
0.2454
0.0634
6.2099
0.0000
0.0000
0.0000
0.0000
0.0000
0.0000
0.0000
0.0000
0.0000
0.0161
3.5830
0.0000
1.3809
1.0592
0.2998
0.0000
0.0000
0.0000
0.0000
1.6902
1.2822
0.0000
0.0000
0.0000
0.0000
0.0000
0.0000
0.0000
3.8624
0.0000
1.7137
0.1510
0.0000
0.0000
0.0000
0.0000
0.0000
0.0000
0.6268
0.5884
0.0000
0.0000
0.0000
0.0000
2.8516
0.0000
0.0000
0.0000
0.0445
0.0000
0.0000
0.0000
0.0000
0.0000
0.0000
3.5588
0.0000
0.0000
0.7667
0.0000
0.0000
0.0000
0.0000
0.0000
1.2633
0.0000
1.2894
2.0766
0.8694
0.8664
0.3512
0.0000
2.3216
0.0000
0.0000
0.0000
0.0000
0.0000
0.0000
0.0000
0.0000
0.0000
0.0000
0.2913
0.0000
0.0000
0.0000
0.0000
0.0000
0.0000
0.2932
0.2638
0.0000
0.0000
0.0000
5.2898
0.0000
0.6218
0.0000
0.0000
0.0000
0.0000
0.0000
0.0000
0.0000
0.0000
0.0000
0.0000
0.7191
0.0000
1.8492
0.0000
0.2610
0.0000
0.0000
0.0000
0.0000
0.8997
0.0000
0.0000
0.0000
0.5968
0.0000
0.0000
0.0000
0.0000
0.0593
0.0000
2.2327
0.0000
0.0000
0.0000
0.0000
0.0000
0.0000
0.0000
0.0000
2.6265
0.0000
0.0000
1.2024
1.9190
0.0000
0.0000
0.8858
0.0000
1.2010
0.5247
0.0000
0.0000
0.0000
0.0000
1.1284
0.0000
0.0000
0.0000
2.9031
0.0367
0.2497
1.4294
0.0000
0.0000
0.9982
0.0000
2.2108
0.0000
1.5616
0.0000
0.0000
0.0000
1.2302
4.0640
0.0000
0.0000
0.0000
0.0000
0.2757
0.0000
0.9899
0.0000
0.0000
0.0000
0.0000
2.5882
0.0000
0.0000
0.0000
1.2423
0.0000
0.6473
0.0000
0.0000
1.8878
0.0000
0.0000
0.0000
0.0000
0.0000
2.6342
0.0000
0.0000
0.0000
1.5989
2.2060
0.0000
5.7543
0.0000
0.0000
0.0000
0.0000
0.0071
0.0000
0.0000
0.0000
1.5665
0.5111
0.0000
3.1892
0.0000
0.0000
0.0000
0.0000
0.8854
2.8211
1.1065
0.0000
0.0000
0.0000
0.0000
0.0000
1.6153
0.0000
2.1239
0.0000
0.0000
0.0000
0.0000
0.0000
0.3955
0.7246
0.0000
0.0000
0.0000
0.0000
0.0000
0.0000
0.0000
0.0000
0.0000
0.8671
0.0000
0.0000
0.0000
0.0523
0.0000
0.4462
0.0000
0.0000
0.2453
0.0000
0.0000
0.0000
2.4052
0.0000
0.0000
0.0000
0.0000
0.0000
0.0000
2.5846
0.0000
0.0000
0.0000
0.0000
0.7499
0.0000
0.0000
0.0000
0.1935
0.0000
0.0000
0.0000
0.0000
0.0000
0.1334
0.0000
0.0000
0.0000
0.0000
0.0000
3.7463
0.0000
0.0000
4.9662
0.0000
0.0000
0.0000
0.0000
0.0000
0.0000
0.0000
0.8243
0.0000
0.0000
0.8164
1.3428
1.0305
1.3033
1.0693
0.0000
1.4873
0.0000
0.0000
2.1040
0.0000
0.0000
0.0000
0.0000
3.0769
0.0000
0.0000
0.0000
0.0000
0.0000
0.0000
0.0000
0.0000
0.0000
1.3694
0.0000
0.0000
0.0000
0.0000
0.6098
0.0000
0.0000
0.0000
0.0000
0.0000
0.0000
0.0000
0.0000
1.5255
0.0000
0.0000
0.2304
0.0000
0.5255
1.3895
0.0000
0.0000
0.0000
0.0000
0.0000
0.0000
0.0000
0.0000
2.1393
0.0000
0.0000
0.0000
0.0000
0.0000
0.0000
0.2465
1.0654
0.0000
0.0000
0.0000
2.4126
3.0874
0.0000
0.0000
0.0000
0.0000
1.6284
0.0000
0.0000
0.0000
3.0841
2.2805
0.0000
0.0000
0.0000
0.5555
0.0000
0.0000
0.0000
2.5480
0.0000
0.0000
0.4128
4.3049
0.0000
0.2393
0.0000
0.0000
0.0000
0.0000
3.9079
0.5708
0.0000
0.0000
0.0000
0.6663
0.0000
0.1510
0.4831
0.3909
0.0000
0.0000
0.2800
0.0000
0.0000
0.0000
0.0000
0.0000
0.0000
2.1677
0.0000
2.4829
0.0000
2.2049
1.9863
0.0000
1.2838
0.0000
1.7286
0.0000
1.4453
0.4674
0.0000
0.0000
1.3092
0.0000
0.0000
0.0000
0.0000
0.0000
0.0000
0.0000
0.4808
0.0000
0.0000
0.2451
0.0000
0.0000
0.0000
1.0826
0.0000
1.1222
0.0000
1.3400
0.0000
4.2175
1.0216
0.0000
1.0481
3.1748
0.0000
0.0000
0.0000
0.0000
3.9454
1.3366
2.1066
0.0000
0.3881
0.0000
0.0000
0.0000
0.0000
0.0000
0.0000
0.0000
1.0830
2.6859
0.8869
3.8651
0.5934
0.0000
1.9270
0.0000
0.0000
0.0000
0.0000
0.0000
2.3949
0.0000
0.0000
3.1593
0.0000
0.0000
0.0000
3.4729
1.9057
0.0000
0.0000
0.0000
0.0000
0.9667
0.2222
2.1408
0.0000
0.0000
0.0000
1.0465
1.3906
2.2705
0.0000
0.0000
0.4392
0.0000
0.0000
0.0000
0.6780
0.0000
0.0000
0.0000
0.4247
0.0000
1.6848
0.0000
0.8174
0.0000
0.0000
0.1703
1.6576
3.8872
0.0297
0.0000
0.5905
3.2164
0.0000
2.0806
0.0000
0.0000
0.0000
0.0000
0.7846
0.0000
0.0000
0.0000
0.0000
4.0942
0.0000
0.0000
0.0000
0.0000
0.0000
0.7302
0.0000
0.9076
0.0000
0.0000
0.9640
1.5150
0.0000
0.0000
0.0000
0.0000
0.0000
0.0000
0.0000
0.0000
1.1286
1.2353
0.0000
0.3041
0.0000
0.0000
0.0000
2.2617
0.0000
0.0000
0.0000
1.7810
0.0000
0.0000
0.0000
0.0000
3.2152
0.0000
0.0981
1.0265
1.5369
2.8500
1.0132
1.9306
0.0000
0.0000
2.0524
0.0000
0.0000
0.0000
0.0000
0.0000
0.0000
0.0000
0.0000
0.0000
0.5697
0.0000
0.0000
0.0000
0.0000
0.0000
0.2647
0.0000
0.0000
2.2236
0.1374
0.0000
1.0780
0.0000
4.5024
2.2743
0.0000
1.3000
0.0000
0.0000
0.2025
0.0000
0.0000
0.0000
1.6045
1.3108
0.0000
3.4738
0.0000
0.0000
3.7742
0.7337
1.2265
0.0000
0.0000
2.9234
1.2939
0.0000
0.0000
0.0000
0.0000
0.0000
0.0957
0.0000
0.0000
0.5616
0.0000
0.0000
1.4522
0.0000
0.0000
1.1996
0.0000
0.0000
0.0000
0.0000
0.0000
0.0000
