0.0000
0.0000
0.0000
0.0000
0.0000
0.6016
0.0000
0.0000
0.0000
1.3920
0.0000
0.0000
0.0000
0.0000
0.0000
0.0000
0.0000
0.0000
0.0000
0.0000
0.0000
0.0000
4.6620
0.0000
0.0000
0.4593
0.0000
1.0522
0.0000
0.0000
0.0000
0.0000
0.4960
0.0000
0.6137
0.0000
0.0000
0.0000
1.5843
1.2249
0.0000
0.0971
0.0000
0.0000
0.0000
0.0000
0.0000
0.0000
0.0000
0.0000
0.0000
0.0000
0.0000
0.0000
0.0000
0.0000
0.1955
0.0000
0.0000
0.0000
0.0000
2.5592
0.0000
0.0000
0.0000
0.0000
0.0000
1.2498
0.0000
0.0000
0.0000
0.5523
0.0000
0.0000
0.0000
0.0000
0.0000
0.0000
0.0000
0.0000
0.0000
0.0000
0.0000
0.0000
0.0000
1.3394
0.3650
1.6190
0.9578
0.0000
0.3238
0.0000
0.2536
0.8153
0.0000
0.0000
0.0000
0.0000
4.0300
0.0000
0.0000
0.0000
0.0000
0.0000
0.0000
0.0000
0.0000
0.0000
1.2780
4.4407
0.0000
0.0000
0.0000
0.0000
0.0000
0.0000
0.0000
0.0000
0.0000
0.0000
1.6422
0.0000
2.3478
0.0000
0.0000
0.0000
0.4992
2.9810
0.0000
0.0000
0.0000
0.0000
0.0000
0.0000
2.3876
1.3121
0.7496
1.6272
0.0000
2.7076
4.8343
0.0000
0.0000
0.8705
1.1498
0.0000
1.4004
1.3142
0.0119
0.0000
0.0000
1.2435
0.0000
0.0000
0.0000
0.0000
0.0000
1.8849
0.0000
0.0000
1.5831
0.0000
0.0000
0.0000
0.0000
0.1833
0.3074
1.6363
0.0000
0.9738
0.0000
0.0000
0.0000
0.1442
0.0000
0.0000
0.0000
0.0000
0.0000
4.2495
2.3529
3.2315
0.0000
0.0000
0.0000
0.0000
0.3627
0.0000
0.1275
0.7531
0.0000
0.0000
0.0000
0.0000
0.0000
0.0000
0.0000
0.0000
2.6718
4.3500
0.0000
0.0000
0.0000
0.0000
0.0000
0.0000
0.0000
0.0000
0.0000
0.0000
0.0000
0.0000
0.0000
0.0000
0.0000
0.0000
0.0000
0.0000
0.0000
0.0000
0.0000
0.0000
0.0000
0.0000
1.1403
0.0000
0.0000
0.4060
0.0000
0.0000
0.0000
0.0000
0.0000
0.0000
1.1525
0.0000
1.9045
0.0000
3.8381
0.0000
0.0000
0.0000
0.0000
0.0000
0.0000
0.0000
0.0000
0.0000
0.0000
0.0000
0.0000
0.0000
0.0000
0.3933
0.0000
0.3628
0.0000
0.0000
0.0000
0.0000
0.0000
0.0000
0.0000
0.0000
0.0000
0.0000
0.0000
0.0000
0.0000
0.0000
2.5001
0.0000
0.0000
0.6046
0.4288
0.0000
0.0343
0.4477
0.3154
0.0000
2.0465
0.0000
0.0000
0.0000
0.0000
0.0000
0.0000
0.0000
0.0000
0.0000
0.0000
0.0000
0.0000
0.3103
2.5345
0.0000
0.0000
0.0000
0.0000
3.3460
0.0000
0.0000
0.0000
0.0000
0.0000
0.0000
0.1626
0.0000
0.0000
0.0000
0.0000
0.0000
0.0000
0.0000
1.8652
0.0000
0.0000
0.0000
0.0000
1.3675
0.0000
2.0910
0.0000
2.7237
0.0000
2.6304
0.0000
0.0728
0.0000
1.3139
0.0000
0.0000
0.0000
0.0000
0.0000
2.1303
0.1548
0.0000
0.0000
3.5080
0.0000
0.0000
0.0000
0.0000
0.0000
4.6896
0.0000
0.0000
0.0000
0.0000
0.0000
2.6866
0.0000
0.0000
1.2160
1.1368
0.0000
0.0000
0.6517
0.0000
0.0000
0.0000
0.0000
0.0000
0.0000
1.3342
0.0000
0.0000
0.0000
0.0000
0.0000
0.3976
0.0000
0.0000
0.0000
0.0000
0.0000
0.5359
0.0000
0.0000
2.7720
0.0000
0.0000
0.0000
0.0000
0.0000
0.0000
0.0000
0.0000
0.0000
4.8240
0.0000
0.0000
0.0000
0.0000
0.0000
0.0000
0.0000
0.0000
0.9191
0.0000
0.0000
0.0000
0.0000
0.0000
1.0476
0.0000
0.0000
1.3451
0.0000
0.0000
0.0000
0.0000
1.8786
0.0000
0.4789
0.0000
0.0000
0.0000
0.0000
0.0000
0.0000
1.9912
0.0000
0.0000
0.0000
0.6108
0.0000
0.0000
0.0000
0.0000
0.0000
0.0000
0.0000
0.0000
0.0000
1.3988
0.0000
0.0000
0.0000
1.1544
0.0000
0.0000
0.0000
2.6255
0.8475
0.0000
0.0000
3.3123
0.0000
0.0000
0.0000
0.0954
0.0000
0.0000
0.0000
0.0000
0.0000
0.0000
0.0000
0.8427
0.6563
0.0000
0.0000
0.0000
0.0000
0.0000
0.3601
0.0000
0.0000
0.0000
1.1205
0.9655
0.0000
0.0000
3.1485
0.0000
0.0000
0.0310
0.0000
0.0000
0.0000
0.0000
0.0000
0.6205
2.4202
0.0000
0.0000
0.0000
1.1921
0.0000
0.0000
0.0000
0.0000
0.0000
0.0000
0.0000
0.0000
0.0000
0.0000
0.0000
0.0000
1.0274
0.0000
0.7893
0.0319
0.0000
0.0000
0.0000
0.5026
1.3598
0.4329
0.0000
0.0000
0.0000
0.0000
0.0000
0.0000
4.9386
0.0000
0.2526
1.3003
0.0000
0.2102
0.0000
0.0000
0.2816
0.0000
0.1329
0.0000
0.8258
0.3675
1.4196
0.0000
0.2362
0.3838
0.0000
0.0000
0.0000
0.0000
0.0000
0.0000
0.0000
0.0000
0.0000
0.0000
0.0000
0.8230
0.0000
0.0000
0.0000
1.3004
0.0000
0.0000
0.0000
0.0000
0.5906
0.0000
0.0000
0.0000
1.2296
1.1503
0.0000
0.0000
0.0000
0.0000
0.0000
0.0000
0.0000
0.0000
0.0000
0.0000
0.0000
0.0000
0.0000
0.0000
0.0000
0.0000
0.0000
0.0000
0.0000
0.0000
0.0000
0.0000
0.0000
0.0000
0.0000
0.0882
0.1192
0.0000
0.0000
0.0000
0.0000
0.0000
0.0000
0.0000
0.0000
0.0000
3.4814
0.0000
0.0000
1.9139
0.0000
0.0000
0.0000
0.0000
0.0779
0.0000
0.0000
0.0000
0.0000
0.0000
0.0000
1.0317
0.0000
0.0000
0.6322
0.5343
0.0000
0.0000
1.9742
0.0000
0.0000
0.0000
0.0000
0.0000
0.0000
0.0000
0.0000
0.0000
0.0000
0.0000
0.0000
0.0000
1.2031
2.2996
0.0000
0.0117
0.0000
0.0000
0.0000
0.0633
0.0000
0.0000
2.0671
0.0000
0.0000
0.8862
0.0000
0.0000
0.0000
1.8676
1.0961
0.9803
0.0000
0.0000
0.0000
0.0000
0.0000
0.0000
0.0000
1.4885
0.1279
0.0000
0.0000
0.0000
0.0000
0.0000
0.0000
0.0000
0.0000
0.0000
0.0000
0.0000
0.0000
0.0000
0.0000
0.0000
0.0000
0.0000
0.0000
0.0000
0.0000
0.0000
0.0000
2.9458
0.0000
0.0000
1.0719
1.3303
0.0000
0.0000
1.4796
0.0000
0.3354
0.0000
0.0000
0.0000
1.3548
0.0000
1.5018
0.0000
0.0000
0.4151
0.2337
0.0000
0.0000
0.0000
1.0125
1.2365
0.0000
4.3930
0.0000
0.4037
0.0000
0.0000
0.0000
1.2982
0.0000
0.0000
0.0000
0.0000
0.6257
0.9816
0.0000
0.0000
1.4186
0.0000
0.0000
0.8202
0.0000
0.0000
0.0000
2.3584
0.0000
0.0000
0.0000
0.0000
0.0000
1.7142
0.0000
0.0000
0.0000
1.4631
0.0000
0.0000
0.0000
0.5390
0.7849
0.0000
0.0000
0.0000
0.0000
0.0000
0.0000
0.0000
0.0000
0.0000
0.0000
0.0000
0.5634
0.0000
3.9758
0.0000
0.0000
0.4034
0.0000
0.0000
0.0000
0.0000
0.0000
0.0000
0.0000
0.0000
0.0000
0.0000
0.0000
0.0000
3.0819
0.0000
0.4939
0.0000
0.0000
0.0000
0.0000
0.0000
0.4579
0.6618
0.0000
0.0000
0.0000
0.0000
0.9106
1.8933
0.0000
0.0000
0.0000
0.0000
0.0000
0.0000
0.0000
0.0000
3.0630
0.0000
0.0000
0.0000
0.0000
0.0000
0.0000
0.0000
0.0000
0.0000
0.0000
0.0000
0.0000
0.0000
1.4109
0.0000
0.0000
0.5508
0.0000
0.0000
0.0017
0.0000
0.0000
0.0000
0.0000
0.0000
0.0000
0.0000
2.0849
0.0000
0.0000
0.0000
0.0000
1.4500
0.0000
1.5955
0.0000
0.0000
0.0000
0.0000
0.0000
0.0000
0.0000
0.0000
0.3429
0.0000
0.1888
0.0000
0.0000
1.3134
0.0000
0.0000
0.0000
0.1418
0.0000
0.0000
0.0000
0.0000
0.0000
0.3368
0.0000
2.7884
0.0000
0.0000
0.8443
0.0000
0.0000
0.0000
0.0000
0.0000
2.5245
1.3409
0.0000
0.0000
0.0000
1.6135
0.9213
0.0000
0.0000
0.0000
0.0000
0.0000
0.0000
0.0000
0.0000
0.0000
0.0000
0.0000
0.7903
0.0000
1.1452
0.0000
0.6408
0.0000
0.0000
1.4301
0.0678
0.0000
0.0000
0.0000
0.0000
0.0000
0.0000
0.0000
0.0000
0.0000
0.0000
0.2508
0.0000
0.0000
3.9281
0.0000
0.0000
0.0000
0.0000
0.0000
0.0000
0.0000
0.0000
0.0000
0.6838
0.0000
0.0000
3.0568
2.3491
0.0000
0.0000
0.0000
0.0000
0.0000
0.0000
0.0000
0.0000
0.0000
0.0000
0.0000
0.0000
0.0000
0.0000
0.0000
0.0000
0.0000
0.0000
1.9113
0.0000
1.4709
0.0000
6.0261
0.0000
1.0937
0.0000
0.0000
0.0000
0.0000
1.7005
0.0000
0.0000
0.0000
0.0000
3.3508
0.2504
1.0642
0.7350
0.0000
0.0000
0.0000
1.5189
0.0000
0.5995
0.0000
1.0772
0.0000
0.0000
0.0000
1.3473
0.0000
0.0000
0.0000
0.0000
0.0000
0.0000
1.2536
2.1291
1.0735
0.6744
0.0000
0.0000
0.0000
0.0000
0.0000
0.0000
0.0000
0.0000
2.8599
0.0000
0.0000
0.0000
4.8179
0.3423
0.0000
0.0000
1.1731
0.0000
0.0000
0.0000
0.0000
0.0000
4.1404
0.0000
0.7850
0.0000
2.3838
0.0000
0.0000
0.0000
2.8055
0.0000
0.0000
0.0000
1.4661
0.0000
0.1532
0.0000
0.5425
2.6065
0.0000
0.0000
1.2599
0.8813
0.4096
1.3794
0.0000
1.2102
0.0000
0.1547
0.0000
0.0000
0.0000
0.0000
0.8967
0.0000
0.0000
0.0000
0.0000
2.2507
0.0000
0.0000
0.0000
0.4958
0.0000
0.0000
0.0000
0.0000
0.0000
0.0000
0.0000
0.0000
0.0000
1.1767
0.1680
1.3280
0.0000
2.2548
0.6903
0.0000
0.0000
0.0000
0.0000
2.6395
0.0000
0.0000
0.0000
0.0000
0.0000
0.0608
0.0000
0.0000
0.0000
0.0000
0.0000
0.0000
0.0000
0.0000
1.8329
0.0000
0.0000
0.0000
0.0000
0.0000
2.2874
0.0000
0.0000
1.8636
0.0000
0.0000
2.7436
0.0000
1.3982
0.0000
0.0000
0.0000
0.0369
0.0643
0.0000
0.0000
0.0000
0.0000
2.4574
0.0000
0.2106
2.0449
0.0000
0.0000
0.0000
1.9303
0.0000
0.0000
0.0000
0.0000
0.0000
0.0000
0.0000
0.0000
0.0000
0.0000
0.0000
0.0000
0.1662
0.0000
0.0000
0.0000
0.0000
0.0000
0.0000
0.0000
0.0000
0.0000
0.0000
0.0000
0.0000
0.0000
0.0000
2.3087
2.7933
3.5342
0.0000
0.0000
0.0000
0.0000
0.0000
0.0000
0.0000
0.0000
0.0000
1.8132
0.0000
0.0000
0.1542
0.0000
0.0000
0.0000
0.0000
0.0000
0.0000
3.6263
0.0000
0.0000
0.0000
0.8544
0.9793
0.0000
0.0000
2.1921
2.3718
0.0000
0.0000
0.0000
0.0000
0.0000
0.5402
0.4778
0.0000
0.0000
0.0000
0.0000
0.0000
0.0000
0.0000
2.5774
0.0000
0.0000
0.0000
0.0000
0.0000
0.0000
0.0000
0.0000
0.0000
1.6548
0.9380
0.0000
0.0000
1.4818
0.0000
0.0000
0.0000
0.0000
0.0000
1.5111
0.8978
1.9439
0.0000
0.0000
0.0000
0.0000
0.0000
0.0000
0.0000
0.0000
0.0000
0.0000
4.1709
0.0000
0.0000
0.0000
0.0000
0.8390
0.0000
0.0000
0.0000
0.0000
0.0000
0.0000
0.0000
1.5553
0.0000
0.0000
0.0000
0.0000
0.0000
0.0000
0.7968
0.0000
0.0000
0.0000
0.0000
1.7083
1.3223
0.0000
0.0000
2.7708
0.0000
0.6721
0.0000
0.0000
1.1518
0.0000
0.0000
0.0000
0.0000
0.0000
0.6447
0.0000
0.0000
0.0000
0.0000
0.0000
0.0000
0.0000
1.4994
4.2711
0.0000
0.0000
0.6684
0.0000
0.0000
0.0000
1.1008
0.0000
0.1716
0.0000
0.0000
0.0000
0.0000
2.9835
0.0000
0.0000
0.8963
0.0000
0.9988
0.6380
0.0000
0.0000
0.0000
0.0000
0.0000
0.0000
0.0000
0.0000
0.0000
2.2780
0.0000
0.0000
2.3521
0.0000
0.0000
0.0000
0.0000
0.0000
0.0000
0.0000
0.0000
0.0000
0.0000
0.0000
0.0000
1.9592
0.0000
0.0000
0.0000
0.0000
0.0000
0.0000
2.0338
0.0000
0.0000
0.0000
0.0000
0.0000
0.0000
0.0000
0.8505
0.9769
0.2928
0.0000
1.9344
0.0000
1.9386
0.0000
0.0000
0.0000
0.0000
0.0000
0.0000
0.0000
0.0000
0.0000
0.0000
0.0000
0.0000
0.0000
0.0000
0.0000
0.0000
0.0000
0.0000
0.0000
1.5362
0.0000
0.0000
0.0000
0.0000
0.0000
0.0000
0.0000
0.0000
2.7479
3.7132
0.0000
1.6671
0.0000
0.0000
0.0000
0.0000
0.0000
0.0000
0.0000
0.0000
0.0000
0.0000
0.0000
1.4853
0.6961
0.0000
0.0000
1.1725
0.0000
0.0000
0.6286
0.0000
0.1950
0.0000
0.0000
1.1031
0.3157
3.2466
1.4995
4.6795
0.0000
0.9103
0.0000
0.0000
0.7743
0.0000
0.0000
1.3332
0.0000
0.0000
0.0000
0.0000
0.0000
0.0000
0.0000
0.0000
0.0000
1.0144
1.0636
0.0000
0.0000
2.6880
0.0000
0.0000
0.6144
0.0000
0.3549
1.8474
0.0000
0.0000
3.2756
0.3317
0.0000
0.0000
0.0000
0.0000
0.0000
0.0000
0.0000
0.0000
0.0000
0.0000
0.0000
0.0000
0.0000
0.6753
0.0000
1.4807
0.0000
2.5434
0.0000
1.4026
0.0000
0.0000
0.0000
0.0000
0.0000
0.0000
0.0000
0.0000
0.0000
0.0000
0.6908
2.1366
0.0000
0.0000
0.0000
1.1802
0.0000
0.0000
0.0000
0.0000
0.0000
0.0000
0.4970
0.0000
1.0689
0.0000
0.0000
0.0000
0.0000
0.0000
0.0000
0.0000
0.0000
2.9814
4.4370
1.9352
0.0000
1.6591
0.0000
2.4176
0.0000
0.0000
0.0000
0.0000
0.0296
0.0000
0.0000
0.0000
0.0000
0.0000
1.0617
0.0000
0.0000
0.0000
0.0000
0.0000
0.0000
0.0000
0.0000
0.0000
4.1313
1.2701
0.6034
0.0000
0.0000
0.0000
0.0000
0.7331
2.3495
1.7014
0.0000
0.0000
0.0000
0.0000
0.0000
0.0000
1.6204
1.9906
0.0000
0.0000
0.0000
0.0000
0.0000
0.0000
0.0000
0.0000
0.9261
2.5739
0.0000
0.0000
0.0000
0.6894
0.0000
0.0000
0.0000
0.9357
0.0000
0.0000
0.0000
0.6005
0.0000
0.0000
0.0000
0.0000
3.7391
0.0000
0.2666
0.2397
0.0000
0.0000
0.0000
0.0000
0.0000
0.0000
0.0000
1.1217
1.0701
0.5714
0.0000
0.0000
0.0000
0.6714
0.0000
3.1314
0.0000
0.0000
0.0000
0.0000
0.0000
0.0000
0.0000
0.0000
0.0000
0.0000
0.0000
0.0000
0.0000
0.0000
0.7522
0.0000
0.0000
0.0000
1.5401
0.0000
0.0000
0.0000
0.0000
3.0430
0.0160
1.1940
0.6931
0.9794
0.0000
1.0508
0.0000
0.0000
0.0000
0.0000
0.0000
0.0000
0.0000
0.0000
0.0000
1.0165
0.0000
0.7399
0.0000
3.7739
0.0000
0.0000
2.7626
0.2619
0.0000
0.0000
0.0000
0.0000
0.0000
0.0000
0.0000
0.0000
0.8825
0.0000
0.0000
0.0000
0.0000
0.0000
0.0000
0.0000
0.0000
0.0000
0.0000
0.0000
0.0000
0.0000
2.5856
0.0000
0.0000
0.0000
0.4407
0.3461
0.0000
0.0000
0.1145
0.1745
0.0000
0.0654
1.8874
0.0000
2.0300
0.0000
0.0000
0.0000
0.5187
0.4587
0.9060
0.0000
0.0000
0.0000
0.0000
0.0000
0.0000
0.0000
0.6505
0.0000
2.6604
0.0000
0.0000
0.0000
0.0000
0.0000
0.0000
0.0000
0.0000
0.0000
0.0000
0.0000
0.0000
0.0000
0.0000
0.0000
0.0000
0.0000
0.0000
0.0000
0.0000
0.0000
0.0000
0.0000
0.0000
0.0000
0.0000
1.2795
0.0000
1.1903
0.0000
0.0981
0.0000
1.8804
0.0000
0.0000
0.0000
0.0000
0.0000
0.2910
3.0441
0.8681
0.0000
0.0000
0.6830
2.9397
0.0000
0.0000
0.0000
0.0000
0.8353
0.0000
0.0000
0.3651
0.0000
0.5828
0.0000
0.0000
0.1174
3.7892
0.0000
2.0710
0.0000
0.0000
0.0000
0.0000
0.0000
0.0000
0.0000
2.7108
0.0000
3.3020
4.5321
0.0000
0.0000
0.0000
0.0000
0.0000
0.0000
2.8688
0.5872
0.0000
0.2703
0.2084
3.1138
0.3518
0.0000
0.7285
0.0000
0.0000
1.4531
0.0000
0.0000
0.0000
0.0000
0.0000
0.0000
0.4312
4.0219
0.0000
0.0000
3.8149
0.0000
2.4645
0.0000
0.0000
0.0000
0.0000
0.0000
0.0000
0.0000
0.0000
0.0000
0.4662
1.3558
0.0000
2.9644
0.0000
0.0000
0.0000
0.0000
0.0000
0.0000
0.0000
0.0000
0.8974
0.0000
0.0000
1.6792
0.0000
0.0000
1.2073
0.0000
0.0000
0.0000
0.0000
0.0000
0.0000
0.0000
0.1584
0.0000
0.0000
0.0000
0.0000
0.1743
0.9354
0.5060
0.0000
0.0000
0.0000
3.3351
0.0000
4.7283
3.2929
0.0000
0.0000
0.0000
0.0000
0.0000
0.0000
0.0000
0.0000
0.0000
1.5065
0.0000
0.0000
0.0000
0.0000
1.3324
0.0000
0.0000
0.0000
0.0000
0.0000
0.0000
0.0000
1.6162
0.0000
0.0000
2.2749
0.0000
0.0000
0.0000
0.0000
2.7907
0.1690
0.0000
0.0000
0.0000
0.4799
0.0000
0.3560
0.0000
0.0000
0.0000
0.0000
0.0000
0.0000
0.0000
0.0000
0.0000
0.0000
0.1787
0.0000
0.0000
0.0000
0.0000
0.0000
0.0000
0.0000
0.0000
0.0000
0.0000
0.0000
0.0000
0.7360
0.0000
1.2469
0.0000
0.0000
0.0000
2.4730
0.0000
0.0000
0.0000
0.0000
0.0000
0.0000
3.2272
0.3344
0.0000
0.0000
0.0000
0.0000
0.0000
1.1632
0.0000
0.0000
0.0000
1.0229
0.0000
0.0000
0.0000
0.0000
1.2031
3.5344
0.0000
1.3249
0.0000
0.0000
0.0000
0.0000
5.2054
0.0000
1.5428
0.0000
0.0000
0.0000
0.0000
0.0000
0.0000
0.0000
0.0000
0.0000
0.1426
2.1788
0.0000
0.0000
0.0000
0.9413
0.0000
0.0000
0.0000
2.2631
0.0000
0.0000
0.0000
1.4691
0.7027
0.0000
0.0000
0.0000
0.0000
0.0000
0.0000
0.0000
3.0339
1.1879
0.0000
2.8953
1.2286
0.0000
0.0000
2.6300
0.7611
0.0000
1.8752
0.0000
0.2462
0.0029
0.0000
0.0000
0.0000
0.0000
0.0000
0.0000
0.0000
0.0000
0.0000
1.8361
0.0000
1.6842
1.2962
0.1981
0.0000
0.0000
1.3972
0.0000
0.0000
0.0000
2.8137
0.8541
0.0000
0.0000
0.2867
0.0000
0.0000
1.2474
2.4300
0.0000
0.0000
1.2667
0.0000
1.5373
1.3589
0.8777
0.0000
0.0000
0.0000
0.0000
4.3340
0.0000
0.0000
0.0000
0.0000
0.0000
0.0000
0.0000
0.0000
0.0000
0.0000
0.0000
0.0000
1.2100
0.0000
0.0000
0.4280
0.0000
0.0000
0.5061
0.0000
0.0000
0.0000
0.0000
0.0000
1.3824
0.0000
0.0000
0.0000
1.9527
0.0000
0.0000
0.0000
0.0000
0.0000
0.0000
0.0000
0.0000
0.0000
0.0000
0.0000
0.0000
0.0000
0.0000
1.8222
0.0000
0.0000
0.0000
0.0000
0.0000
0.0000
0.0000
1.0438
0.0000
0.0000
0.0000
0.0000
0.0000
0.0000
0.0000
0.0000
0.0000
0.0000
1.3553
0.0000
0.7608
0.0000
0.6881
0.0000
0.0000
0.0000
0.0000
0.0000
0.0000
0.4147
0.0000
0.0000
0.0000
0.0000
0.0000
0.5231
2.1294
0.0000
1.6924
0.0000
0.7115
0.0000
0.0000
0.0000
0.0000
0.0000
2.4666
0.0000
0.5403
0.0000
0.0000
0.0000
3.4675
0.0000
0.0000
0.0000
0.0000
0.0000
1.1517
0.0000
0.0000
1.4827
0.0000
0.0000
0.0000
0.0000
0.0000
0.0000
2.0878
0.0000
0.0000
0.0000
0.3388
0.4425
0.0000
0.0000
0.0000
0.0000
0.0000
0.0000
0.0000
0.0000
0.0000
0.0000
0.9688
2.4716
0.0000
0.0000
0.0000
0.3263
0.0000
0.0000
0.0000
0.0000
0.3584
1.5894
1.5279
0.0000
0.0000
0.0000
1.3037
0.0000
0.0000
0.0000
0.0000
0.0000
0.0000
0.0000
0.0000
0.0000
0.0000
0.0000
0.0000
2.8076
2.4897
0.0000
0.7792
0.0000
0.0000
2.1056
0.0000
0.0000
0.0000
0.6283
0.8654
0.0000
0.0000
0.0000
0.0000
0.0000
0.0000
0.0000
0.0000
0.0000
0.0000
0.0000
0.0000
0.0000
0.0000
0.0000
0.0000
0.1820
0.0000
0.0000
0.0000
0.2854
0.0000
0.4096
0.0000
0.0000
0.0000
4.3815
0.0000
0.0000
0.0000
0.0000
0.0000
0.0000
2.8097
0.0000
0.0000
0.0000
2.3743
2.6624
0.0000
0.0000
0.0000
0.0000
1.2678
0.0000
0.0000
0.0000
0.4591
0.1404
1.0452
0.5469
0.0000
1.4823
0.0000
0.0000
0.0000
0.0000
0.0000
0.0000
0.0000
1.8695
0.0000
0.1051
0.0000
0.0000
0.0000
0.0000
0.0000
1.0849
0.0000
0.0000
0.0000
0.3132
0.0000
0.0000
0.0000
0.0000
0.0000
2.1269
0.0000
0.0000
3.9623
0.0000
0.0000
0.0000
0.0000
1.1460
0.0000
0.0000
1.0499
0.0000
0.0000
0.0000
0.0700
0.0000
0.0000
0.0000
0.0000
0.0000
0.0000
0.0000
0.0000
0.0000
0.2462
0.0000
0.0000
0.0000
0.0000
0.0000
0.0000
0.0000
0.2851
0.0000
0.0000
0.0000
0.0000
2.8755
0.0000
0.0000
0.0000
0.8444
0.0000
0.0000
0.0000
0.0000
0.0000
0.0000
0.0000
0.0000
0.0000
0.1252
0.0000
0.0000
0.0000
4.0452
6.9266
0.0000
0.0000
0.0000
0.0000
0.2484
0.0000
0.0000
0.0000
0.0000
0.0000
0.0000
0.0000
0.0000
0.0000
0.0000
0.0000
0.0000
0.0000
0.0000
0.0000
0.0000
0.0608
0.0000
1.1766
2.1210
0.0000
0.2156
0.0000
0.2394
1.2665
0.3767
0.5697
1.7800
0.0000
0.0000
0.0000
2.1968
0.0000
0.7776
0.0000
1.8746
0.0000
0.0000
0.0957
0.0000
0.0000
0.0000
0.4317
0.0000
0.0000
1.9592
0.0000
3.3068
0.0000
0.0000
0.0000
1.1273
0.1435
0.0000
0.0000
0.0000
0.0000
0.0000
0.0000
0.2728
0.0000
0.2288
0.0000
0.0000
0.7970
0.0000
0.0000
0.0000
0.0000
0.0000
1.0804
0.6665
0.0000
0.0000
0.0000
0.0000
0.0000
0.0000
2.0658
0.0000
0.0000
1.4865
0.0000
0.0000
0.0000
0.0000
1.9141
0.0000
0.0000
0.0000
0.0000
0.0000
0.0000
0.0000
0.0000
0.7179
0.0000
0.0000
0.0000
0.0000
0.0000
0.0000
0.0000
0.0000
0.0000
0.0000
0.0000
0.0000
0.0000
0.0000
2.7034
0.0000
0.6834
0.0000
0.0000
0.0000
1.5147
0.0000
0.0000
0.0000
1.9220
0.0000
0.9289
0.0000
0.4998
0.0000
0.0000
0.0000
0.0000
4.6635
2.9072
0.0000
0.0000
0.0000
1.0924
0.0000
0.0000
0.0000
0.0000
0.0000
0.0000
0.7698
0.0000
0.8400
0.0000
0.0000
0.0000
0.0000
0.2347
0.0000
0.0000
0.0000
0.0000
0.3960
0.0000
0.0000
0.0000
0.0000
0.0000
0.0000
0.0000
0.0000
0.0000
0.2080
0.0000
0.0000
0.0000
4.4849
0.0000
0.0000
0.0000
0.0000
0.0000
0.0000
1.2906
1.9704
0.0000
0.0000
0.0000
0.0000
0.0000
0.0000
0.0000
0.0000
0.0000
0.0000
0.0000
0.0000
0.0000
0.0000
0.0000
0.0000
0.0000
0.0000
0.0000
0.0000
0.0000
0.0000
0.0000
0.0000
0.0000
0.0000
0.1034
0.0000
0.0000
0.0000
0.0000
0.0000
0.0000
0.0000
0.0000
0.0000
0.0000
0.0000
1.8177
0.0000
0.0000
0.0000
0.0000
0.0000
0.0000
0.9032
1.5816
0.0000
0.0000
0.0000
0.0000
0.0000
0.7440
0.0000
0.0000
0.0000
1.8836
0.0000
0.0000
2.4160
0.0000
2.8111
0.0000
0.0000
0.0000
0.0000
0.0000
0.4305
1.0057
1.5100
4.3574
0.0000
6.3329
0.0000
0.0000
0.0000
0.0000
1.5508
0.0000
0.2638
0.0000
0.8299
0.0000
0.0000
0.0000
1.8834
0.0000
0.0000
0.0000
0.0000
0.0000
0.0000
1.0242
2.3684
0.0000
0.0000
1.4249
0.0000
0.0000
0.0000
1.1834
0.0000
1.9610
0.0000
0.0000
0.0000
0.0000
0.0000
0.0000
4.1498
0.0000
3.7613
0.0000
0.0000
2.5682
4.7021
0.0000
0.0000
0.0000
0.0000
0.0000
0.0000
0.0000
0.0000
3.1897
0.0000
0.0000
0.0000
0.7668
0.0881
0.0000
0.0000
3.8474
0.0000
0.0000
0.0000
0.0000
0.7892
0.0000
0.6676
0.0000
0.0000
0.0000
0.0000
2.8227
0.0000
0.0000
3.5476
0.0000
0.0000
0.1105
0.0000
0.3656
2.7081
0.0000
0.4175
0.0000
0.0000
0.0000
0.2774
0.0000
0.0000
0.0000
1.2406
0.0000
0.0000
0.0000
0.0000
0.0000
0.0000
0.0000
0.0000
0.0000
0.0000
0.0000
0.0000
0.0000
0.0000
0.0000
0.0000
0.5306
2.4949
0.0000
0.0000
0.0000
0.0000
0.0000
0.0000
0.2425
1.8292
0.2641
1.4706
0.3157
0.0000
2.8017
0.0000
0.0000
0.0000
0.0000
0.9334
0.0000
0.0000
0.0000
0.0000
4.5666
0.0000
0.0000
0.8361
0.0000
0.0000
0.0000
0.0000
0.0000
0.0000
0.0000
0.0000
1.4572
0.0000
0.0000
0.0000
0.0000
3.5280
0.0000
2.2044
3.6058
0.0000
0.0000
0.0000
0.0000
0.0271
0.0000
1.6760
0.0000
1.1570
0.8133
0.0000
1.3430
0.0000
0.8863
0.0000
0.0000
0.0000
1.2372
0.0000
0.7369
0.0000
0.0000
2.4720
0.0000
0.0000
0.0000
0.0000
0.0000
0.0000
0.0000
0.0000
0.0000
0.4382
0.0000
0.0000
0.0000
0.1120
0.0000
0.0000
0.4464
0.0927
1.6999
0.0000
0.0000
1.5392
1.1015
0.0000
0.0000
0.0000
0.0000
0.0000
0.5120
0.0297
0.0000
0.0000
0.0000
0.0000
0.0000
0.0000
3.3386
4.6305
0.0000
0.0000
0.0000
1.0075
2.7952
0.0000
0.0000
0.0000
0.0000
0.0000
0.0000
0.0000
0.0000
0.0000
0.0000
0.0000
0.4526
0.0000
3.7105
0.0000
0.0000
0.0000
0.4796
0.0000
0.0000
0.0000
0.0000
0.0000
0.0000
6.3081
0.0000
0.0000
0.0000
0.2826
0.0000
0.0000
0.0000
2.9814
0.1019
0.0000
0.6717
2.3315
0.0000
0.0000
0.0000
0.0000
0.0000
0.0000
0.0000
0.7426
0.0000
0.0000
5.7096
0.0000
0.0000
0.0000
0.8761
0.0000
0.0000
0.0000
0.0000
1.5455
0.0000
2.5343
0.0000
0.0000
0.0000
0.6723
0.7483
0.0000
0.0000
0.0000
0.8738
0.0000
0.0291
0.0000
0.0000
0.9214
0.0000
0.0000
0.0000
0.0000
0.5664
0.0000
0.9765
2.6249
0.0000
0.0000
0.0000
0.0000
0.0000
0.0000
0.0000
1.6746
0.0000
0.0000
0.0000
0.0000
0.0000
0.0000
0.0000
0.0000
0.5498
0.0000
1.5281
0.0000
0.0000
0.0000
0.0000
0.0000
0.0000
0.0000
0.0000
0.0000
0.0000
2.8759
0.0000
0.0000
0.0000
0.3043
1.5824
1.7642
0.0000
0.0000
0.0000
0.7501
0.0000
0.0000
0.0000
0.0000
0.0000
0.0000
0.0000
0.0000
0.0000
0.0000
0.0000
0.0000
0.0000
0.0000
0.0000
1.3718
0.0000
0.0000
0.2942
0.0000
0.0000
0.0000
0.5233
1.8854
0.0000
4.5774
0.0000
0.0000
1.0508
1.2150
0.0000
0.0000
0.0000
0.0000
1.1770
0.0000
0.0000
0.0000
0.0000
0.0000
0.0000
0.0000
0.0000
3.3155
0.0000
1.4032
0.0000
2.8133
0.7203
0.0000
1.9170
4.2237
1.1003
0.0000
0.2247
0.0000
0.0000
0.0000
2.1387
0.0000
0.8600
0.0000
0.0000
0.0000
0.0000
0.0000
0.3487
0.0000
0.0000
2.4624
0.0000
0.9506
0.0000
0.0000
0.0000
0.0000
4.2756
0.0000
0.0000
0.0000
0.0000
0.0000
1.5016
0.0372
0.4876
1.8243
0.0000
3.3230
0.0000
0.6423
0.0000
0.0000
0.0000
0.0000
0.0000
0.0000
0.0000
0.0000
0.0000
1.9016
0.0000
0.0000
0.9119
0.0000
1.8502
0.0000
0.0000
0.0000
0.0000
0.0000
0.0000
0.0000
0.0000
0.0000
4.7860
0.0000
0.0000
1.6248
0.0000
0.0000
0.0000
0.0000
0.0000
0.0000
0.0000
1.5966
0.0000
0.0000
0.0222
0.0000
3.1767
1.7128
3.3129
3.4942
0.0000
0.0000
0.0000
0.0000
0.0000
1.3207
0.0000
0.0000
0.0000
0.0000
0.0000
0.0000
0.0000
0.0000
0.0000
0.0000
0.0000
0.0000
0.0000
0.0000
0.0000
1.9142
0.0000
0.0000
0.0000
2.4280
0.0000
0.0000
0.0000
4.5496
0.0000
0.0000
0.0000
0.0000
0.0000
0.0000
0.0000
0.0000
0.0000
0.0000
0.0000
0.0000
2.8118
0.0000
0.0000
0.0000
0.0000
0.0000
0.0000
0.0000
0.0000
0.0000
0.0000
0.0000
0.0000
0.0000
2.4277
0.0000
0.0000
0.0000
5.5245
0.0000
0.5426
0.0000
0.0000
0.0000
0.0000
0.0000
0.0000
0.0000
0.0000
0.0000
0.0000
1.1161
0.0000
0.0000
0.0000
0.0000
0.1873
0.0000
0.0000
0.0000
0.0000
0.3804
0.0000
0.0000
0.0000
0.0000
0.0000
0.0000
0.0000
0.0000
0.0000
0.0000
0.0000
0.0000
0.0000
0.0000
1.8242
0.0000
0.2805
0.0000
0.0000
0.0000
0.0000
0.0000
0.0000
0.0000
0.0000
0.4997
0.0000
0.0496
0.0000
0.0000
0.0000
1.6236
2.4196
0.0000
0.0000
0.0000
0.0000
0.0000
3.1059
0.0000
1.3689
0.0000
0.0000
0.0000
0.0000
1.4574
0.0000
0.5575
0.8305
0.0000
0.0000
0.0000
0.0000
0.0000
0.0000
0.0000
0.0000
0.0000
1.4177
0.0000
0.0000
0.0000
0.0000
0.0000
1.9123
0.0000
0.0000
0.0000
0.4129
0.0543
0.0832
0.0000
0.0000
0.0000
2.5598
1.2836
1.3403
0.0000
1.2556
0.0000
0.3078
0.0000
2.3697
0.0000
0.0000
0.0000
0.0000
0.4129
0.0000
0.4011
0.0000
0.0000
0.0000
0.0000
2.0104
0.0000
0.0000
0.1330
0.0000
0.0000
0.0000
0.0000
0.0000
0.0000
1.7239
0.0000
0.0000
0.0000
0.0000
0.0000
0.0000
1.5663
0.0000
0.0000
0.0000
1.4858
0.0000
0.0000
3.5389
0.0000
0.0000
0.0000
0.0000
0.0000
0.0000
0.0000
0.0000
0.0000
0.5114
0.0000
0.0000
0.0000
0.0000
0.0000
0.0000
0.0000
0.0000
0.0000
0.0000
0.0000
0.0000
0.0000
0.0000
4.3069
0.0000
0.0000
0.0000
0.0000
0.0000
0.0000
0.0000
0.5218
0.0000
0.0000
0.0000
1.5152
0.0000
0.0000
0.0000
0.0000
0.0000
1.5103
0.0000
0.0000
0.0000
0.0000
0.0000
3.4138
0.0000
0.0000
0.0000
0.0000
1.1467
0.3788
0.0000
0.0000
0.2352
0.6670
1.6738
0.0000
0.0000
0.0000
0.0000
0.0012
0.0000
0.0000
3.0991
0.0000
2.0668
0.0000
0.0000
0.0000
0.1047
0.0000
1.4760
0.0000
2.3635
1.4958
0.0000
0.0000
0.9127
3.2103
2.3302
0.0000
0.0000
0.0000
0.0000
0.0000
0.0000
0.5396
0.0000
0.1247
1.1930
0.0000
0.1641
0.0000
0.0000
2.0356
3.0372
0.0000
0.0000
0.0000
0.0000
0.0000
0.0000
3.4427
0.9473
0.0000
0.0000
0.0000
0.0000
0.0000
0.0000
3.4082
0.0000
0.0000
0.0000
0.0000
0.0000
0.0000
4.6509
0.0000
0.0000
0.0000
0.0000
4.5379
0.3360
0.0000
0.0000
0.0000
0.0000
0.0000
0.1439
0.0000
0.0000
3.2372
0.1077
0.0000
0.0000
0.0000
0.0000
0.0000
0.5973
0.0000
0.0000
0.0000
1.4052
0.3792
0.0000
0.0000
0.0000
0.0000
0.0000
0.0000
6.9812
0.0000
1.4270
0.0000
0.0000
1.2969
0.0000
0.0000
0.0000
0.0000
0.9741
0.0000
4.7446
0.0000
0.0000
0.0000
0.0000
0.0000
0.0000
0.0000
0.0000
1.3046
0.0000
0.6780
0.0000
0.0000
0.0000
0.0000
0.0000
6.1397
0.0000
0.0000
0.0000
0.0000
0.0000
0.0000
0.0000
0.0000
0.0000
0.0000
3.2677
0.0000
1.7259
0.3534
0.0000
0.0000
0.0000
0.0000
0.0000
1.0889
1.2777
0.0000
0.0000
0.0000
0.0000
0.0000
0.0000
0.0000
3.1703
0.0000
1.8192
0.0000
0.0000
0.0000
0.0000
0.0000
0.0000
0.0000
1.0625
1.4522
0.0000
0.0000
0.7781
0.0000
4.2164
0.0000
0.0000
0.0000
0.9284
0.0000
0.0000
0.0000
0.0000
0.0000
0.0000
3.8082
0.0000
0.0000
0.0000
0.0000
0.0000
0.0000
0.0000
0.0000
1.2930
0.0000
1.1806
1.2640
1.1485
2.3799
0.3895
0.0000
1.9937
0.0000
0.0000
0.0000
0.0000
0.0000
0.0000
0.0000
0.0000
0.0000
0.0000
1.1074
0.0000
0.0000
0.0000
0.0000
0.0000
0.0000
0.0000
0.0000
0.0000
0.0000
0.0000
5.3705
0.0000
0.0000
0.0000
0.0000
0.0000
0.0000
0.0000
0.0000
0.0000
0.0000
0.0000
0.0000
0.3969
0.0000
2.2055
0.0000
0.2643
0.0000
0.0000
0.0000
0.0000
0.0449
0.0000
0.0000
0.0000
0.3087
0.0000
0.0000
0.0000
0.0000
0.0000
0.0000
1.7323
0.0000
0.0000
0.0000
0.0000
0.0000
0.0000
0.0000
0.0000
2.3211
0.0000
0.0000
0.3807
0.8888
0.7735
0.0000
0.0000
0.0000
0.4275
0.8331
0.0000
0.0000
0.0000
0.0000
0.2041
0.0000
0.0000
0.0000
1.8982
1.4694
0.0000
1.0287
0.0000
0.0000
0.8712
0.0000
1.7882
0.0000
1.7146
0.0000
0.0000
0.0000
1.2046
3.2456
0.0000
0.0000
0.0000
0.0000
0.2721
0.0000
1.2883
0.0000
0.0000
0.0000
0.0000
2.5183
0.0000
0.0000
0.0000
0.5352
0.0000
0.0268
0.0000
0.0000
2.1045
0.0000
0.0000
0.0000
0.0000
0.0000
1.5165
0.0000
0.0000
0.0000
0.7167
2.0354
0.0000
6.1684
0.0000
0.0000
0.0000
0.0000
0.0000
0.0000
0.0000
0.0000
1.5922
0.0000
0.0000
2.8603
0.0000
0.0000
0.0000
0.0000
1.8677
3.5801
0.7640
0.0000
0.0000
0.0000
0.0000
0.0000
0.6144
0.0000
2.6928
0.0000
0.0000
0.0000
0.0000
0.0000
0.0000
1.2561
0.0000
0.0000
0.0000
0.0000
0.0000
0.0000
0.0000
0.0000
0.0000
1.0160
0.0000
0.0368
0.0000
0.0000
0.0000
1.3863
0.0000
0.0000
0.5734
0.0000
0.0000
0.0000
1.6160
0.0000
0.0000
0.0000
0.0000
0.9307
0.0000
1.8034
0.0000
0.0000
0.0000
0.0000
0.4902
0.0000
0.0000
0.0000
0.0000
0.0000
0.0000
0.0000
0.0000
0.0000
0.2310
0.0000
0.0000
0.0000
0.0000
0.0000
3.0174
0.0000
0.0000
5.4483
0.5572
0.0000
0.0000
0.0000
0.2340
0.0000
0.0000
0.0000
0.0000
0.0000
2.0196
1.7817
0.7481
0.3660
1.0717
0.0000
0.3442
0.0000
0.0000
1.8628
0.0000
0.0000
0.0000
0.0000
3.4446
0.0000
0.0000
0.0000
0.0038
0.0000
0.0000
0.0000
0.0000
0.0000
1.7596
0.0000
0.0000
0.0000
0.0000
0.1861
0.3810
0.0000
0.0000
0.0000
0.0000
0.0000
0.0000
0.4012
1.5944
0.0000
0.0000
0.0000
0.0000
0.3127
0.3451
0.0000
0.0000
0.0000
0.0000
0.0000
0.0000
0.0000
0.0000
2.4690
0.0000
0.0000
0.0000
0.0000
0.0000
0.0000
0.0000
0.4381
0.0000
0.0000
0.0000
1.9132
2.5507
0.0000
0.0000
0.0000
0.0000
2.2808
0.0000
0.0000
0.0000
2.6028
3.4752
0.0000
0.0000
0.0000
1.6270
0.0000
0.0000
0.0000
2.7129
0.0000
0.0000
0.7690
3.7561
0.0000
0.0000
0.0000
0.0000
0.0000
0.0000
3.9122
0.1697
0.0000
0.0000
0.0000
0.0000
0.0000
0.0000
0.9225
0.0000
0.0000
0.0000
1.2367
0.0000
0.0000
0.0000
0.0000
0.0000
0.0000
2.0466
0.0000
2.7995
0.0000
1.3564
1.0968
0.0000
0.5667
0.0000
2.4740
0.0000
1.0114
0.0000
0.0000
0.0000
0.9687
0.0000
0.0000
0.0000
0.0000
0.0000
0.0000
0.0000
0.8912
0.0000
0.0000
0.1101
0.0000
0.0000
0.0000
0.8573
0.0000
0.0000
0.0000
2.7353
0.0000
4.6032
1.8569
0.0000
0.6219
3.5932
0.0000
0.0000
0.0000
0.0000
3.7573
0.0000
1.7677
0.0000
0.0000
0.0000
0.0000
0.0000
0.0000
0.0000
0.0000
0.0000
0.0000
2.7958
0.2096
4.2445
0.8386
0.0000
2.1219
0.0000
0.0000
0.0000
0.0000
0.0000
1.8192
0.0000
0.0000
4.1908
0.0000
0.0000
0.0000
3.9154
2.5474
0.0000
0.0000
0.0000
0.0000
0.8646
0.3283
2.0257
0.1049
0.0000
0.0000
1.1759
0.0167
1.5882
0.1338
0.0000
0.0000
0.0000
0.0000
0.0000
0.4640
0.0000
0.0000
0.0000
0.0000
0.0000
2.0836
0.0000
1.3754
0.0000
0.0000
0.2668
1.3758
3.6499
0.0000
0.0000
0.5128
2.9107
0.0000
2.1786
0.0000
0.0000
0.0000
0.0000
0.6569
0.0000
0.0000
0.0000
0.0000
5.3300
0.0000
0.0000
0.0000
0.0000
0.0000
0.8843
0.0000
2.5327
0.1443
0.0000
1.8631
0.8554
0.1170
0.0000
0.0000
0.0000
0.0000
0.0000
0.0000
0.0000
0.6644
0.4893
0.0000
0.7515
0.0000
0.0000
0.0000
2.2909
0.0000
0.0000
0.0000
2.8398
0.0000
0.0000
0.0000
0.0000
3.1660
0.0000
0.0000
0.1026
1.1558
3.7730
1.4482
0.6301
0.0000
0.0000
2.2524
0.0000
0.0000
0.0000
0.0000
0.0000
0.0000
0.0000
0.0000
0.0000
0.0000
0.0000
0.0000
0.5213
0.0000
0.0000
0.0000
0.0000
0.0000
1.2634
0.8980
0.0000
0.0000
0.0000
5.6157
2.7396
0.0000
1.1221
0.0000
0.0000
0.0000
0.0000
0.0000
0.0000
0.2240
1.5404
0.0000
4.0234
1.1545
0.0000
4.8480
0.0000
1.5517
0.0000
0.0000
2.9057
1.0670
0.0000
0.0000
0.0000
0.0000
0.0000
0.0477
0.2490
0.0000
0.9934
0.0000
0.0000
0.7715
0.0000
0.0000
1.2085
0.0000
0.0000
0.0000
0.0000
0.0000
0.0000
