0.7516
0.0000
0.0000
0.0466
0.8685
0.7817
0.0000
0.0000
0.0000
2.5501
2.9557
0.0000
0.5270
0.0000
0.0000
0.0000
0.0000
0.0000
0.0000
0.0000
0.0000
0.0000
1.7935
1.2501
1.6131
0.0000
0.0000
0.0000
0.0000
0.0000
0.0000
0.0000
0.0000
0.0000
0.5663
0.0000
0.0000
0.0000
0.0000
2.4968
0.0000
0.6939
0.0000
0.0000
0.0000
0.3185
0.0000
0.0000
0.0000
1.4410
0.0000
0.0000
0.0000
0.0000
0.0000
0.0000
0.0014
0.0000
0.0000
0.0000
0.0000
1.7494
0.0000
1.0244
0.0000
0.0000
0.3671
1.0238
0.0000
0.0000
0.0000
1.9025
0.0000
0.0000
0.0000
2.2168
0.0000
0.0000
0.0000
0.0000
0.6226
0.0000
0.6943
0.7925
0.0000
0.0000
0.2908
1.5077
0.9065
0.0000
2.0826
0.0000
0.0000
2.5352
0.0000
0.0000
0.0000
0.0000
2.9959
0.0000
0.7461
0.0000
0.0000
0.0000
0.0000
0.0000
0.0000
0.0000
0.7977
0.9822
0.0000
0.0000
0.0000
0.0000
0.0000
0.0000
0.6568
0.0000
0.0000
0.0000
1.3075
0.0000
2.2993
0.0000
0.0000
0.0000
0.8587
0.6270
0.0000
0.4531
0.0000
0.0000
0.0000
0.0000
3.2122
0.0000
0.1652
2.2401
0.0000
1.6437
2.1816
0.0000
0.3298
0.1619
2.0366
0.0000
0.4766
1.0714
1.2518
0.0000
0.0000
2.3985
0.0000
0.0000
0.0000
0.6832
0.0000
0.6827
0.0000
0.0000
0.0000
0.0000
0.2910
0.0000
0.0000
2.1948
0.0000
0.0000
0.0000
2.8772
0.0000
0.0000
0.0000
0.0000
0.0000
0.0000
0.0000
0.6238
0.0000
4.2499
2.8851
1.5310
0.0000
0.0000
0.0000
0.0000
0.8389
0.0000
0.0000
1.3211
0.0000
0.0000
0.0000
0.0000
0.7209
0.0000
0.0000
0.0000
3.0213
2.2018
0.0000
0.0000
0.0000
0.0000
0.3420
0.0000
0.0000
0.0000
0.4109
0.0000
0.0000
0.0000
0.0000
0.0000
0.0000
0.0000
0.0000
0.0000
0.0000
0.0000
0.0000
0.0000
0.0000
0.0000
0.0000
0.0000
0.8945
0.1073
0.0000
0.0000
0.0000
0.0000
0.0000
0.0000
1.8786
0.0000
0.0000
0.0000
1.8657
0.0000
0.0000
0.0000
0.0000
0.0000
0.0000
0.0000
0.0000
0.0000
0.0000
0.0000
0.0000
1.7004
0.0000
0.0975
0.0000
0.6046
0.0000
0.0000
1.4764
0.0000
0.0000
0.0000
0.0000
0.0000
0.0000
0.0000
1.3250
0.0000
0.0000
1.5110
1.2832
0.6511
0.0000
0.0000
0.0000
0.0000
0.5155
0.0000
1.3386
0.0000
3.6594
0.0000
0.9997
0.0000
0.0000
0.0000
0.0000
0.0000
0.0000
0.0000
0.0000
0.0000
0.0000
2.2429
4.0104
0.0000
0.0000
0.0000
0.0000
3.0850
0.0000
0.0000
0.0000
0.0000
0.0000
0.0000
0.1396
0.0000
0.0000
0.0000
0.0000
1.6206
0.0000
0.6551
0.9614
0.0000
0.0000
0.0000
0.0000
1.3367
0.0000
2.3147
0.0000
1.1030
0.0000
1.0376
0.0000
0.0000
0.0000
0.2176
0.0000
0.0000
0.0000
0.0000
0.0000
3.9451
2.9777
0.0000
0.0000
3.5112
0.0000
0.0000
0.0000
0.0000
0.0000
4.6088
0.0000
0.1443
0.0000
0.0000
0.0000
1.3862
0.3811
0.0000
3.2524
1.2949
0.0000
0.0000
0.0000
0.0000
0.0000
0.0000
0.0000
0.0000
0.0000
1.2149
0.0000
0.0000
0.0000
0.0000
0.0000
0.0000
0.0000
0.0000
0.0000
1.2789
0.0000
1.4635
0.0000
0.0000
2.3862
0.0000
0.0000
0.0000
0.0000
0.0000
0.9485
0.0000
0.0000
0.0000
1.3454
0.0000
0.0000
0.6643
0.0000
1.8853
0.0000
0.0000
0.0000
0.3795
0.0000
0.2715
0.0000
0.0000
0.0000
0.0000
0.0000
0.0000
0.9385
0.0000
0.0000
0.0000
0.0000
3.0445
0.9133
1.5805
0.0000
0.0000
0.0000
0.0000
0.0000
0.0000
1.7256
0.0000
0.0000
0.0000
0.0000
0.0000
0.0000
0.0000
0.0000
0.0000
0.0000
0.0000
0.0000
0.0000
0.0000
0.0000
0.0917
0.0000
1.6125
0.0000
0.0000
0.0000
3.8015
0.9856
0.0000
1.0010
0.9337
0.4549
0.0000
0.0000
0.0000
0.5906
0.0000
0.0000
0.0000
1.2516
0.3019
0.0000
0.3545
0.0000
2.1280
0.0000
0.0000
0.0000
0.0000
0.3110
0.0000
0.0000
0.0000
0.7801
0.0000
0.2019
0.0000
2.1756
1.9895
0.0000
1.4432
0.0000
0.5414
0.0000
0.0000
1.4214
0.6744
0.0000
0.0000
0.0000
0.0000
1.9683
0.0000
0.0000
0.0000
0.0000
1.4585
0.0000
0.0000
0.0000
0.7864
0.0000
0.0000
0.0000
1.4194
0.0000
0.0000
0.0000
1.9416
0.0000
0.0000
1.1071
0.0000
2.3088
0.0000
1.4647
0.0000
0.0000
0.0000
0.0000
4.8654
0.0000
1.2089
2.5878
0.0000
0.4192
0.0000
0.0000
0.0000
0.0000
0.0000
0.0000
0.0000
1.2550
0.0000
0.0000
0.8073
1.9640
0.0000
0.0000
0.0000
0.0000
0.0000
0.0000
0.0000
0.0000
0.0000
0.0000
0.0000
0.2453
1.1548
0.0000
0.0000
0.1337
0.0000
0.0000
0.0000
0.0000
0.0000
0.0000
0.0000
0.0000
1.0519
0.8188
0.0000
0.0000
0.0000
0.3319
0.0000
0.0000
0.0000
0.0000
0.0000
0.0000
0.0000
0.0000
0.0000
0.0000
0.0000
0.4984
0.0000
1.4803
0.0000
0.0000
0.0000
0.0000
0.0000
0.0000
0.0000
0.0714
1.9375
0.0000
0.0000
0.0000
0.0000
0.0000
0.0000
0.0000
0.0000
0.0000
1.7774
0.5540
0.0000
0.9134
0.0000
0.0000
0.0000
0.0000
0.5183
0.0000
0.0000
0.0000
0.0000
0.0000
0.0000
2.5224
0.0000
0.0000
1.8780
0.0000
0.0000
0.0000
2.8368
0.0000
0.0000
0.0000
0.0000
2.3787
0.0000
0.0000
0.0000
0.0000
0.0000
0.0000
0.0000
0.3233
1.4353
3.0626
0.0000
0.0000
0.0000
0.0000
0.0000
0.0000
0.0000
0.0000
1.6165
0.0000
0.0000
0.6869
0.0000
0.0000
0.0000
1.7476
0.4274
0.0000
0.0000
0.0000
0.1799
0.0000
0.0000
0.0000
0.0000
0.9620
0.5638
0.0000
0.0000
0.0000
0.4948
0.0000
0.0000
0.0000
0.4013
0.0000
0.0000
0.0000
0.0000
0.0000
0.0000
0.0000
0.0000
0.0000
0.0000
0.3218
0.0000
0.0000
0.0000
1.6472
0.0000
0.1239
1.5588
2.3151
0.0000
0.0000
2.2387
0.0000
0.0000
0.0000
0.0000
0.0000
0.0000
0.0000
0.7605
0.0000
1.9375
0.3853
0.2976
0.3496
0.0000
0.0000
0.0000
0.8015
0.0000
3.5294
0.0000
0.5642
0.0000
0.0000
0.0000
0.0000
0.0000
0.0000
0.0000
0.0000
0.0466
0.3718
0.0000
0.0000
1.4824
0.0000
0.0000
1.7218
0.0000
0.0000
0.0860
1.1670
0.0000
0.0000
0.0000
1.9483
0.0000
0.7532
0.6416
0.0000
0.0000
0.0000
0.0000
0.0000
0.0000
0.0000
1.6554
0.0000
0.0000
0.0000
0.0000
0.0000
0.0000
0.0000
0.0000
0.0000
0.0000
0.0000
1.7450
0.0000
2.6090
0.3195
0.0000
0.0000
0.0000
0.0000
0.0000
0.0000
0.0000
0.0000
0.0000
0.0000
0.0000
0.0000
0.0000
0.0000
0.9731
0.0000
1.7303
0.0000
0.0000
0.0000
0.0000
0.0000
0.0000
1.4644
0.0000
0.2401
0.0000
0.0000
0.5348
0.0000
0.0000
0.0000
0.0000
0.0000
1.1125
0.0000
0.0000
0.1883
2.2742
0.0000
0.0000
0.0000
0.0000
0.0000
0.0000
0.0000
0.0000
0.0000
0.0000
0.0000
0.0000
0.0000
1.9363
0.0000
0.3936
1.5552
0.7956
0.0000
0.0000
0.0000
0.0000
0.0000
0.0000
0.0000
0.0000
0.0000
1.9646
0.0000
0.0000
0.0000
0.0000
2.3779
0.4636
0.0000
0.0000
0.0000
0.0000
0.0000
0.0000
0.0000
0.0000
0.0000
0.0000
0.0000
1.6161
0.0000
0.0000
0.0000
0.0000
1.3401
0.0000
0.0055
0.0000
0.0000
0.0000
0.0000
1.3809
0.0572
0.0000
2.3270
0.0000
0.0000
2.0243
0.0000
0.0000
0.0000
0.0000
0.0000
0.0000
0.8570
0.0000
0.0000
1.0631
2.4485
0.6052
0.0000
0.0000
0.0000
0.7035
0.0000
0.0000
0.0000
0.0000
0.0000
0.0000
0.0000
1.1275
0.0000
0.5350
0.0000
0.0000
0.0000
0.0000
0.4341
0.3621
0.0000
0.0000
0.0000
0.0000
0.0000
0.0000
0.0000
0.0000
0.0000
0.0000
0.0000
0.0000
0.0000
1.8563
0.0000
0.0000
0.0000
0.5166
0.4376
0.0000
0.0000
0.0000
0.0000
0.9689
0.0000
0.0000
3.2613
0.5819
0.0000
0.0000
0.0000
0.0000
0.0000
0.0000
0.6221
0.0000
1.0406
0.0000
0.0000
0.0000
0.0000
0.5597
0.4072
0.0000
0.0000
0.8592
1.4654
0.0000
2.0433
0.0000
4.5851
0.0000
1.1662
0.0000
0.0000
0.0000
0.0000
1.5887
0.0000
0.0000
0.0000
0.0000
2.3359
0.0000
0.0000
0.0000
0.5765
0.0000
0.0000
4.5313
0.0000
2.2098
0.5732
0.0000
0.0000
0.0000
0.0000
0.5827
0.0000
1.4510
0.0000
0.2848
1.6739
0.0000
0.0101
2.9705
1.3841
1.2947
0.0000
0.0000
0.0000
1.0854
0.0000
0.0000
0.0000
0.0000
0.0000
0.0000
0.0000
0.5467
5.4020
0.0000
0.0000
0.0000
1.1269
0.0000
0.0000
0.0000
0.0000
0.0000
2.9968
0.0000
3.3681
0.0000
3.3909
0.0000
0.0000
1.6910
1.8133
0.4337
0.7344
0.0000
2.4369
0.0000
0.0000
0.0000
0.0000
2.4248
0.0000
0.0000
0.2647
0.0000
0.9898
1.7691
0.0000
1.4093
0.0000
0.5630
0.0000
2.4228
0.0000
0.0000
0.0000
0.0000
0.0000
0.0000
0.0000
2.0736
0.0000
0.0000
0.0000
0.1491
0.0000
0.0000
0.0000
0.0000
0.0000
0.0000
0.0000
0.3167
0.0000
2.9534
0.0000
3.0418
0.0000
0.0824
0.0000
0.0000
0.0000
0.0000
0.0000
1.1361
0.0000
0.0000
0.0000
0.0000
0.0000
1.8074
0.0000
0.0000
0.0000
0.0000
0.0000
0.0000
0.0000
0.0000
0.4971
0.0000
0.2355
0.0000
0.0000
0.0000
1.3213
0.0000
0.0000
0.0474
0.0000
0.0000
0.4724
0.0000
1.1203
0.0000
0.0000
0.0000
0.0000
1.3518
0.0000
0.0000
0.0000
0.0000
0.0000
1.0878
0.0000
1.7171
0.0000
0.0000
0.0000
1.6317
0.0000
0.0000
0.0000
0.0000
0.5781
0.0000
0.0000
0.0000
0.0000
0.0000
0.0000
0.0000
0.7312
0.0000
0.0000
0.0000
0.0000
0.0000
0.0000
0.0000
0.0000
0.0000
0.0000
0.0000
0.0000
0.0000
0.2252
1.9869
0.7664
3.0588
0.0000
0.0000
0.0000
0.0000
0.4576
0.4933
0.0000
0.0000
0.8086
0.2490
0.0000
0.1590
0.0000
0.0000
0.0000
0.0000
0.0000
0.0000
0.0000
2.9351
0.0000
0.0000
0.0000
3.0707
0.0000
0.0000
0.8871
2.8504
2.9474
0.0000
1.3815
0.0000
0.0000
0.0000
0.4581
0.9947
0.0000
0.0000
0.0000
0.0000
0.0000
0.9143
0.0000
2.5588
0.0000
0.0000
0.0000
0.0000
0.0000
0.3040
0.0000
0.0000
0.0000
1.8274
1.9492
0.0000
0.0000
0.0000
0.0000
1.1834
0.0000
0.0000
0.0000
2.5729
0.8406
1.7602
0.9173
0.1490
0.0000
0.0000
0.0969
0.0000
0.0000
0.0000
0.0000
0.0000
2.6902
0.0000
0.0000
0.0000
0.0000
0.0000
0.0000
0.0000
0.0000
0.7420
0.0000
0.0000
0.0000
0.0622
0.0000
0.0000
0.0000
0.0000
0.0000
0.0000
0.0000
0.3339
0.2197
0.0000
0.2757
1.6050
0.0000
0.0000
0.0000
3.0787
0.0000
1.4987
0.0000
0.0000
2.0771
0.0000
0.0000
0.0000
0.0000
0.0000
2.3522
0.0000
0.0000
0.0000
0.0000
0.0000
0.0000
0.0000
0.0000
2.6333
0.0000
0.0000
0.0000
0.0000
0.0000
0.0000
2.1496
0.0000
0.1079
0.0000
0.0000
0.0000
0.0000
3.2254
0.0000
0.0000
1.9747
0.0000
2.0467
1.4034
0.0000
0.0000
0.0000
0.0000
0.0000
0.0000
0.0000
0.0000
0.0000
1.6315
0.0000
0.0000
0.9509
0.0000
0.0000
0.0000
0.0000
0.0000
0.0000
0.7283
0.0000
0.0000
1.2769
0.0000
0.0000
0.0000
0.4167
0.0000
0.0000
0.0000
0.0000
0.0000
0.7511
0.0000
0.0000
0.0000
0.0000
0.0000
0.0000
0.0000
1.5813
0.0000
1.8134
0.2380
1.3961
0.0000
0.9241
0.0000
0.0000
0.0000
0.0000
0.0000
0.0000
0.0000
0.0000
0.0000
0.0000
0.0000
0.7065
0.0000
0.0000
0.0000
0.0000
0.0000
0.0000
0.0000
0.0000
0.0000
0.0000
0.1697
0.0000
0.0000
0.0000
0.0000
0.0000
3.0533
1.2920
0.0000
2.0549
0.0000
0.0000
0.0000
0.0000
0.0000
0.0000
0.0000
0.0000
0.0000
0.0000
0.3777
2.6863
0.0000
0.0000
0.0000
0.0051
0.0000
0.9455
1.0439
0.0000
0.4120
0.0000
0.0000
0.3904
0.0000
0.5111
0.6582
3.3804
0.0000
0.0000
0.0000
0.0000
0.9904
0.0000
0.8536
0.0000
0.0000
0.0000
0.0000
0.1616
0.0000
0.0000
0.0000
0.0000
0.0000
0.7965
0.0000
1.8588
0.0000
2.1295
0.0000
0.0000
0.0000
0.6266
0.0000
2.3879
0.0000
0.0000
1.6501
0.8374
0.0000
0.0000
0.0000
0.0000
0.0000
0.0000
0.0000
0.0000
0.0000
0.2673
0.0000
0.0000
0.0000
0.0000
0.0000
0.0000
0.0000
2.9462
0.0000
0.4293
0.0000
0.0000
0.0000
0.0000
0.0000
0.0000
0.0000
0.0000
1.4015
0.0000
2.2345
2.4553
0.0000
0.0000
0.0000
0.0000
0.0000
0.0000
0.0000
0.0000
0.0000
0.0000
0.0000
0.0000
1.4684
0.0000
0.0000
0.0000
0.0000
0.0000
0.0000
0.0000
0.0000
0.5621
3.3669
1.7834
0.0000
0.6189
0.0000
0.6823
0.0912
1.7699
0.0000
0.3963
1.7822
0.0000
0.0000
0.0000
0.0000
0.0000
2.3230
0.6528
0.0000
0.0000
0.0000
0.0000
0.0000
1.4723
0.0000
0.0000
4.2926
0.0000
1.2814
0.0000
0.2590
0.0000
0.0000
1.5928
4.0644
0.1377
0.0000
0.0000
0.0000
1.3998
0.0000
0.0000
0.2038
0.0000
0.0000
0.0000
0.0000
0.0000
0.0000
0.0000
0.0000
1.5794
0.1767
0.0000
0.0000
0.0000
0.0000
0.1488
0.0000
0.0000
0.0000
0.6580
0.0000
0.0000
0.0000
2.6418
0.0000
0.0000
0.0000
0.0000
1.1639
0.0000
0.0000
0.0000
0.0000
1.1963
0.0000
0.4389
0.0000
0.0000
0.0000
0.5679
0.0000
1.5119
0.0000
0.0000
0.0000
0.0000
0.0000
4.5596
0.0340
0.0000
0.0000
0.0000
0.0000
0.0000
0.0000
0.0000
0.0000
0.0000
0.0384
0.0000
0.0000
0.0000
0.7450
0.0000
0.0000
0.0000
3.0441
0.3153
0.0000
0.0000
0.0000
2.1713
0.6341
1.5491
0.0000
0.9582
0.0000
1.3232
0.0000
0.0000
0.0000
0.0000
0.0000
0.0000
0.3666
0.0000
0.0000
0.9735
0.0000
0.0000
0.0000
0.0000
0.8002
0.0000
1.7622
0.2328
0.0000
0.0000
0.0000
0.0000
0.0000
0.0000
0.0000
2.7545
0.8533
0.0000
0.2520
0.0000
0.0000
0.0000
0.0000
0.0000
0.0000
0.0000
0.0000
0.0000
0.0000
0.0000
1.7220
0.0000
0.3669
0.4995
0.0000
0.0000
0.0000
0.0359
0.0000
0.0000
0.0000
1.1267
2.1369
0.3237
4.5806
0.0000
0.0000
0.0000
0.3847
0.8790
0.2352
0.1135
0.0000
0.0000
0.0000
0.0000
1.0491
0.0000
0.0000
0.0000
0.8371
0.0000
0.0000
0.0000
0.0000
0.5635
0.0000
0.0000
0.0000
0.9700
0.0000
0.0000
1.1770
0.0000
0.0000
0.0000
0.0000
0.0000
0.0000
0.0000
0.0000
0.0000
0.0101
0.0000
0.0000
0.0524
0.0000
1.4737
0.0512
0.5594
0.0000
1.4832
0.0000
3.1465
0.0000
0.0000
0.0000
0.5264
0.0000
0.2442
2.7139
1.9628
0.0000
0.0000
0.2891
2.2832
0.0000
0.5748
0.0000
0.0000
0.0861
0.0000
0.0000
0.0000
0.0000
0.0000
0.0000
0.0000
0.0000
1.0908
0.0000
2.0627
0.0000
0.0000
0.0000
0.0000
0.0000
0.0000
0.0000
3.9628
0.0000
0.0000
4.1306
0.0000
0.0000
1.7123
0.0000
0.0000
0.8200
0.5359
0.7501
0.0000
0.8549
0.0000
1.9685
1.3649
0.0000
0.7384
0.0000
0.0000
1.2851
0.0000
0.0000
0.3849
0.0000
0.0000
1.8410
0.0000
2.7606
0.0000
0.0000
1.5935
0.0000
2.0358
0.0000
0.0000
0.0000
0.0929
0.0000
0.0000
0.0000
0.0000
0.0000
0.0000
1.8415
0.0000
2.3097
0.0000
1.0730
0.0000
0.0000
0.0000
0.0000
0.0000
0.5550
1.3136
0.0000
0.0000
2.3741
0.0000
0.0492
2.9569
0.0000
0.0000
0.0000
0.0000
0.5794
0.0000
0.0000
0.0000
0.3050
0.0000
0.0000
0.0000
0.0000
0.9656
0.0000
0.0000
0.0000
0.0000
1.3370
0.0000
3.6283
1.3707
0.2939
0.0000
0.0000
0.0000
0.0000
0.0000
0.0000
1.3174
0.0000
0.4704
0.0000
0.5930
0.0000
0.0000
0.0000
0.0000
0.0000
0.0000
0.0000
0.0000
2.7286
0.0000
2.6939
0.0000
0.0000
0.5718
0.0000
0.0000
0.0000
0.0000
0.8136
0.2079
0.0000
0.0000
0.0000
0.7983
0.0755
1.0998
0.0000
0.0000
0.0000
0.0000
0.0000
0.0000
0.4053
0.0000
0.0000
0.0000
1.1265
0.0000
0.0000
0.0000
0.4931
0.0000
0.0000
0.0000
0.0000
0.0000
0.0000
0.0000
0.0000
3.3831
0.0000
0.0000
0.0000
0.0000
0.0000
0.4743
0.0000
0.0000
0.0000
0.0000
0.0000
0.0000
1.3194
1.3150
0.0000
0.0000
0.0000
0.0000
0.0000
0.0000
0.0000
1.5533
0.0000
0.4358
0.0000
0.0000
0.0000
0.0000
0.5148
1.5635
0.0000
1.1473
1.7282
0.0000
0.0563
0.0000
4.4816
0.0000
0.0000
0.0000
0.0000
0.0000
0.0000
0.0000
1.5711
0.0000
0.4249
0.0000
0.0709
0.2546
0.0000
0.0000
0.0000
0.0000
0.0000
0.0000
0.0000
0.5963
0.0000
0.0000
2.1317
2.8065
0.3953
0.0000
1.0415
0.0000
0.0000
0.0000
0.0000
0.0000
1.7714
1.0974
0.0000
0.4267
1.9698
0.0000
0.0000
0.9989
0.9628
0.1720
1.4166
0.0000
0.8213
0.0000
0.0000
0.0000
0.0000
0.0000
0.9066
0.0000
0.0000
0.0000
0.3302
4.1626
0.0000
1.4479
0.8684
0.0000
0.0000
0.0000
2.1309
0.0000
0.0000
0.0000
0.6028
1.4049
0.0000
0.4256
0.0000
0.0000
0.0000
0.9657
1.2568
0.0000
0.0000
0.1043
0.0000
0.9432
2.3940
0.4237
0.0000
0.0000
0.0000
0.0000
1.7306
0.0000
0.0000
0.0000
0.0000
0.0000
0.0000
0.0000
0.0000
0.0000
0.0000
0.0000
0.0000
0.1986
0.0000
0.0000
0.0713
1.8255
0.0000
0.0000
0.0000
0.0000
0.0000
0.0000
0.0000
1.1421
0.0000
0.0000
0.0000
3.2768
0.0000
0.0000
0.1970
0.9737
0.0000
0.0000
0.0000
0.0000
0.0000
0.0000
0.0000
0.0000
0.0000
0.0000
3.0111
0.0000
0.8402
0.0000
0.0000
0.0000
0.0000
0.0000
0.7535
0.0000
0.0000
0.0000
0.0000
0.0000
0.0000
0.0000
0.0000
0.0000
0.0000
0.7212
0.0000
0.7565
0.0000
0.0000
0.0000
0.0000
1.5857
0.0000
0.0000
0.0000
0.0000
0.0000
0.0000
0.2408
0.0000
0.0000
2.3142
2.0649
0.0000
3.6662
0.0000
1.0327
0.0000
0.0000
0.0000
0.1174
0.0000
0.0000
0.0000
0.0000
0.0000
1.5159
0.0000
2.7363
0.0000
0.0000
0.0000
0.0000
0.0000
0.8817
0.0000
0.5929
0.8706
0.0000
0.6133
0.0000
0.0000
0.0000
0.0000
0.5347
0.0000
0.0000
0.0000
2.3177
0.3194
0.0000
0.0000
0.0000
0.0000
0.0000
0.0000
0.0000
0.0000
0.0000
0.2740
1.0885
0.2004
0.0000
0.1288
1.0258
0.2974
0.0000
0.0000
0.0000
0.0000
1.2056
0.0000
0.6040
0.0000
0.0000
0.0000
0.0000
0.0000
0.0000
0.0000
0.0000
0.0000
0.0000
0.0000
0.0000
0.0000
0.0000
0.0000
0.0000
2.0907
0.0000
0.0000
1.1344
0.0000
0.0000
0.3556
0.0000
0.0000
0.0000
0.0000
0.4255
0.0000
0.0000
0.8474
0.0000
0.0000
0.0000
0.0000
0.0000
0.0386
1.4303
0.0000
0.0000
0.5659
0.0000
0.0000
0.0000
0.0000
0.0000
0.0000
0.0000
0.8389
0.3995
1.8254
0.0000
0.0000
0.0000
3.8265
2.1073
0.0000
0.0000
0.8072
0.0000
0.0000
1.1934
0.0000
0.0000
0.0000
1.8206
1.8974
0.0000
0.0000
0.0000
0.0000
2.9269
0.0000
0.0000
0.0000
1.8075
0.0000
0.8024
0.6342
0.0000
1.2215
0.0000
0.0000
0.0000
0.0000
0.0000
0.0000
0.0000
2.5727
0.0000
0.8331
0.0000
0.0000
0.7015
0.1365
0.0000
0.0000
0.0000
0.0000
0.0000
0.3904
0.8708
0.0000
0.0000
0.0000
0.0000
1.7139
0.0000
0.0000
1.9730
0.0000
0.0000
0.2868
0.9334
1.3928
0.0000
0.0000
1.4405
0.0000
0.5123
0.0000
0.4334
0.0000
0.0000
0.3635
1.1309
0.0000
0.8649
0.0000
0.0000
0.0000
1.7103
1.0630
0.0000
0.0000
0.0000
0.0000
1.0439
0.0000
0.0000
0.0000
0.0000
0.1686
0.2749
2.7086
0.7730
0.0000
0.0000
0.2088
1.4724
0.0000
0.0000
0.2348
0.0000
0.0000
0.0000
0.0000
0.0807
0.0000
0.0000
0.0000
0.0000
3.1025
6.0893
0.0000
0.1654
1.5811
0.0000
0.0000
0.0000
0.0000
0.0000
0.0000
0.0000
0.0000
0.0000
0.0000
0.0000
0.0000
0.2034
0.0000
0.0000
0.0000
0.0000
0.7168
0.0000
0.0000
1.4417
1.2317
0.0000
1.1333
0.0000
0.2921
0.2038
0.0000
0.0000
1.1842
0.7726
0.0000
0.0000
4.0013
0.0000
0.5325
0.0000
1.2629
0.0000
0.0000
0.1681
0.0000
0.0000
0.0000
0.0000
0.0000
0.0000
0.0000
0.0000
3.3219
0.0000
0.0000
0.0000
0.0396
0.0000
0.0000
0.0000
0.8626
0.0000
0.0000
0.0000
0.0000
0.5422
0.6053
0.3174
0.0000
1.7424
0.4519
0.0000
0.0000
0.0000
0.0000
0.0000
0.0000
0.0000
0.0000
0.0000
0.0218
0.0000
0.0000
4.5220
0.0000
0.0000
2.0939
0.0000
0.0000
0.0000
0.0000
0.3434
0.0000
0.0000
0.0000
1.5320
0.0000
0.0000
0.0000
1.0033
0.0000
0.0000
0.0000
0.0000
0.0000
0.0000
0.0000
0.0000
0.0000
0.0000
0.0000
0.0000
0.0000
0.0000
0.0000
2.5249
0.0000
0.3117
0.0000
0.0000
0.0000
0.1352
0.0000
0.0000
0.0000
0.8736
0.8595
1.5097
0.0000
0.0000
0.0000
0.7149
0.0000
0.0000
3.6675
0.5115
0.0000
0.0000
0.0000
2.8542
0.7706
0.0653
0.0000
0.0000
0.0000
0.0000
0.2200
0.0000
0.9804
0.0000
0.0000
0.0000
0.0000
0.0000
0.0000
0.0000
0.0000
0.7138
0.7907
0.0000
0.0000
0.2263
0.0000
0.0000
0.0000
0.0000
2.0295
0.0000
2.2971
0.0000
0.0000
0.0000
1.0014
0.0000
1.4430
0.7428
0.0000
1.8211
0.0000
0.3337
2.4899
0.0000
0.0000
0.0000
0.0123
0.0000
0.0000
0.0000
0.0000
0.0000
0.0000
1.2425
0.0000
0.0000
0.0000
2.2858
0.0000
0.0000
0.0000
0.0000
0.0000
0.0000
0.0000
0.0000
0.0000
0.0000
0.0000
1.7972
0.0000
0.5865
0.1030
0.0000
0.0000
0.0000
0.0000
0.0000
0.0000
0.0000
0.0000
2.9229
0.0000
0.0000
0.0000
0.0000
0.1827
0.0000
0.9250
3.9734
0.0000
0.0000
0.0000
0.0000
0.0000
0.0000
0.0000
0.0000
0.0000
3.7420
0.0000
0.0000
0.6863
0.0000
2.6132
0.0000
0.0000
1.6917
0.0000
0.0000
0.8242
0.0000
0.3924
2.0873
0.0000
2.4840
1.8708
0.0000
0.0000
0.0000
0.7239
0.0000
2.7318
0.0000
0.7148
0.0000
0.0000
0.0000
1.9169
0.0000
0.0000
0.0000
0.0000
0.0000
0.0000
0.6183
0.0000
0.0000
0.0000
1.7345
0.0000
0.0000
1.2635
1.2338
0.7082
0.0000
0.0000
0.0000
0.4677
0.0000
0.0000
0.0000
2.3326
0.3388
4.6723
0.0000
2.1905
1.5426
1.2841
0.0000
0.0000
0.0000
0.0000
0.0000
1.1219
0.0000
0.2409
2.7210
0.0000
0.0000
0.0000
0.0000
0.0000
0.0000
0.0000
2.1723
0.0000
0.0000
0.0000
1.7397
0.0000
1.1906
1.1942
0.0000
0.0000
0.0000
0.0000
2.2980
0.0000
0.0000
1.1875
0.0000
0.1998
0.0710
0.5375
0.0000
1.8996
0.0000
0.0000
0.0000
0.0000
0.0000
0.0000
0.0000
0.0000
0.0000
2.4975
0.0000
0.0000
0.0000
0.0000
0.0000
0.0000
0.5123
0.0000
0.0000
0.0000
0.0000
0.0000
0.0000
0.0000
0.0000
0.1967
0.0000
1.4713
0.0000
0.0000
1.3910
0.0000
0.0000
0.0000
0.3586
0.0000
0.7892
0.9460
0.1928
0.0000
1.7539
0.0000
0.0000
0.3040
0.0000
2.1209
0.0000
0.0000
0.0000
0.0000
3.2115
0.0000
0.0000
0.8402
0.0000
0.0000
0.0000
0.0000
0.0000
0.0000
0.0000
0.0000
0.2293
0.0000
0.0000
0.0000
1.2422
0.8050
0.0000
2.1689
2.0438
0.0000
0.0000
1.1897
0.0000
0.0000
0.0000
0.5677
0.0000
1.2211
0.0000
0.0000
1.8390
0.0000
0.8940
0.0000
0.0000
0.4676
0.0000
0.3248
0.0000
0.0000
0.0000
2.4229
0.0000
0.0000
0.0000
0.0000
0.0000
0.7777
0.0000
0.0000
0.0000
0.0000
0.0000
0.0000
0.7937
0.1884
0.0000
0.0000
0.5331
0.3286
0.6964
0.4541
0.0000
2.3995
0.9383
0.0000
0.0000
0.0000
0.0000
0.0000
1.1644
2.0042
0.0000
0.0000
0.0000
0.0000
0.0000
0.1051
3.0642
1.9645
0.5881
0.0000
0.0000
0.1686
2.5190
0.0000
0.0000
0.0000
0.0000
0.0000
0.0000
0.0000
0.0000
0.0000
0.7092
0.0000
1.1187
0.0000
1.8524
0.0000
0.0000
0.3756
0.0000
0.0000
0.5034
0.0000
0.0000
0.0000
0.0000
1.6545
0.0000
0.0000
0.0000
0.1006
0.0000
0.0000
0.0000
2.7007
0.9895
0.0000
0.0374
4.0676
0.0000
0.0000
0.0000
0.0000
0.0000
0.0000
0.0000
0.2962
0.0000
0.0000
4.9585
1.0789
0.8771
0.0000
0.0000
0.4595
0.0000
0.0000
0.0000
0.6781
0.0000
1.2197
0.0000
0.0000
1.3326
0.0000
0.4626
0.0000
0.0000
0.0000
2.1028
0.3395
0.0000
0.0000
0.0000
1.1177
0.0000
0.3542
0.0000
0.0000
0.9165
0.0000
1.4594
2.2283
0.0000
0.7252
0.0000
0.0000
0.0000
1.2470
0.0000
0.0000
0.0000
0.0000
0.0000
0.0000
0.0000
0.0000
0.0000
0.0000
2.9387
0.0000
1.9361
0.2102
0.0000
0.5177
0.0000
0.0000
0.7547
0.0000
0.3648
0.0000
0.0000
0.0000
0.0000
0.4042
0.0000
1.1222
2.1897
0.5551
0.0000
0.0000
0.0000
1.6725
0.0000
0.0000
0.0000
0.0000
0.0000
0.6333
0.0000
0.0000
0.0000
0.0000
0.0000
0.0000
0.7572
0.0000
0.0000
0.0000
0.0000
0.0000
1.2000
1.9338
0.6925
0.0000
1.5506
0.4049
0.0000
3.4008
0.5012
1.5793
0.7300
1.1852
0.0000
0.6476
0.5021
0.0000
0.0000
1.2565
0.0000
0.0000
0.0000
0.0000
0.0000
0.0000
0.0000
2.5909
0.2530
1.9135
0.0000
1.9310
1.7363
0.0000
0.8713
2.1822
0.0490
0.0000
1.3441
0.0000
0.0000
0.0000
3.3428
0.0000
0.0000
0.0000
0.0000
0.5732
0.0000
0.0000
0.4430
0.0000
0.0000
2.0459
0.0000
0.0000
0.0000
0.8564
0.0000
0.0000
3.2190
0.0000
0.0000
0.0000
0.0000
0.0000
1.7091
0.0000
0.1370
1.3787
0.2285
0.4513
0.0000
0.2619
0.0000
0.0000
1.3362
0.1556
0.0000
0.0000
0.0000
0.0000
1.2735
1.3101
0.0000
0.0000
0.4376
0.0000
0.6562
0.0000
0.0000
0.0000
0.0000
0.0000
0.4163
0.0000
0.0000
0.0000
1.0228
0.0000
0.0000
2.7775
0.0000
0.0000
0.0000
0.0000
0.0000
0.0000
0.0000
2.2095
0.0000
0.0000
1.2192
0.0000
0.9363
1.2372
1.4644
1.5795
0.0000
0.0000
0.0000
0.0000
0.0000
1.7468
0.0000
0.0000
0.0000
0.0000
0.0000
0.0000
0.0000
0.0000
1.0512
0.0525
0.7064
0.0000
0.2172
0.4481
0.0000
0.3882
0.8138
0.0000
0.0000
0.8396
0.0000
0.0000
0.0000
6.0238
0.0000
0.2370
2.2588
0.8087
0.0000
0.0000
0.0000
0.0000
0.0000
0.0000
0.0000
0.0000
1.8311
0.0000
0.0000
0.0000
0.0000
0.0000
0.0000
0.0000
0.0000
0.0000
0.0000
0.0000
0.0000
0.0000
0.8731
0.0000
0.0000
0.0000
3.3941
0.0000
1.1796
0.0000
0.0743
0.0000
0.0000
0.0000
0.0000
0.0000
0.7208
0.0000
0.0000
0.9940
0.0000
0.0000
0.0000
0.0000
0.0000
0.0000
0.0000
0.0000
0.0000
0.0000
0.0000
0.0000
0.0000
0.0000
0.0000
0.8213
0.0000
0.0000
0.0000
0.0000
0.0000
1.3258
0.0000
0.3144
0.8462
0.0000
0.7623
0.0000
0.0000
0.2401
0.0000
0.0000
0.0000
0.0000
0.0000
0.8997
0.0000
0.1998
0.0000
0.0000
0.0000
0.6391
3.1733
0.0000
0.4506
0.0000
0.0000
0.0000
2.5855
0.0000
1.1863
0.0000
0.0000
0.0000
0.0000
0.0000
0.4234
4.0496
0.0412
0.0000
0.3110
0.0000
0.3495
0.0000
0.0000
0.0000
0.0000
0.0000
0.0000
0.0000
0.0000
0.0000
0.0000
0.0000
1.5911
0.0000
0.0000
0.0000
0.0000
1.5945
0.2794
0.0000
0.0000
0.0000
2.7405
0.0000
1.5600
0.0000
1.4103
0.0000
0.0000
0.0000
2.3208
1.0627
0.0000
0.0000
0.0000
0.0000
0.0000
0.6303
0.6023
0.0000
0.0000
0.0000
1.5990
0.0000
0.0000
0.0000
0.0000
0.0000
0.0000
0.0000
0.0000
0.0000
1.7644
1.1295
0.0000
0.0000
0.0000
0.2640
0.5806
2.2839
0.0000
0.0000
0.0000
1.5567
0.0000
0.0000
0.0000
0.0000
0.0000
0.0000
0.0000
1.7683
0.0000
0.6986
0.0000
0.0000
0.0000
0.0000
0.0000
0.0000
0.0000
0.0000
0.0000
0.0000
0.0000
1.1283
0.0000
0.2686
0.0380
0.0000
0.0000
1.3536
0.0000
0.0000
0.0000
0.0000
0.0000
0.0000
0.0000
0.2532
0.0000
0.0000
0.0000
0.0000
0.0000
0.0000
0.0000
0.3395
0.0000
0.0000
0.5428
0.0000
0.5062
0.3790
0.6551
1.0924
0.0000
0.0000
0.0000
0.0000
1.8198
0.6445
0.0000
0.0000
2.0158
0.6579
1.5655
0.0000
0.0000
0.0000
0.0000
1.0827
0.0000
0.0000
1.0528
0.0000
2.2763
0.0000
0.0000
0.0000
2.4712
0.0000
0.4970
0.0000
3.2063
1.2316
0.0000
0.0000
0.7441
0.0000
1.2825
0.0000
0.0000
0.0000
0.0000
0.0000
0.0000
1.8066
0.0000
2.6732
1.8890
0.0000
0.0000
0.0000
0.0000
2.2899
0.6645
0.0000
0.0000
0.0000
0.0000
0.0000
0.0000
2.6629
1.9766
0.0000
0.0186
0.0000
0.0000
0.0000
0.8140
1.0835
1.9495
0.0000
0.0000
0.0000
0.0000
0.0000
4.2706
0.0000
0.2405
0.0000
0.0000
3.1105
0.6602
0.0000
0.0000
0.0359
0.0000
0.0000
1.6941
0.0000
0.0000
3.9923
0.0000
0.0000
0.0000
0.0000
0.0572
0.2073
1.6553
0.0000
0.0000
0.0000
2.1047
2.2525
0.0000
0.0000
0.0000
0.0000
0.0000
0.0000
4.0012
0.0000
0.6301
0.0000
0.5029
0.5125
0.0000
0.0000
0.0000
0.0000
0.6620
0.0000
5.2424
0.0000
0.0000
0.0000
0.0000
0.0000
0.0000
0.0000
0.1057
0.8203
0.0000
0.3846
0.0000
0.0000
0.0000
0.0000
1.0945
5.5070
0.0000
0.0000
0.0000
0.0000
0.0000
0.0000
0.0000
0.0000
0.0000
0.0000
2.2384
0.0000
0.4365
1.2562
1.2490
0.0000
0.0000
0.0000
0.0000
2.3790
1.9475
0.0000
0.0000
0.0000
0.0000
0.0000
0.0000
0.0000
2.6900
0.0000
1.8629
0.0000
0.0000
0.0000
0.0000
1.2827
0.0000
0.0000
1.5787
1.1246
0.0000
0.0000
0.8032
0.0000
3.3551
0.0000
2.0877
0.0000
0.0000
0.0000
0.4690
0.0000
0.0000
0.0000
0.0000
2.2366
0.0000
0.4019
1.0950
0.0000
0.0000
0.0000
0.0000
0.0000
0.0000
0.0000
1.7429
2.1472
2.1602
1.7205
0.0000
0.0715
1.1413
0.0000
0.0000
0.0000
0.0000
0.5300
0.0000
0.0000
0.0000
0.0000
0.0000
0.4444
0.0000
0.0000
0.0000
0.0000
0.0000
0.5886
0.3349
1.2891
0.0000
0.0000
0.0000
4.4561
0.0000
0.2190
0.0000
0.0000
0.7053
0.2827
0.0000
0.0000
0.0000
0.0000
0.4454
0.0000
0.0000
1.7368
1.6505
0.0000
1.0368
0.0000
0.0000
0.0000
0.0000
0.0000
0.0000
0.0000
0.0000
0.2954
0.0000
0.0000
0.0000
0.0000
0.0000
0.3833
2.5227
0.0000
0.0000
0.0000
0.0000
0.0000
0.0000
0.0000
0.4486
4.3650
0.0000
0.0000
0.8840
1.2342
0.0000
0.0000
0.0000
0.0000
0.0000
0.0000
0.0000
0.0000
0.1884
0.0000
0.6529
0.0000
0.0000
0.0000
3.7307
0.5201
0.0000
1.3578
0.0000
0.0000
0.0000
0.0000
2.8173
0.0000
1.3264
0.0000
0.0000
0.0000
1.1347
2.8500
0.0000
0.0000
0.0000
0.9829
0.0000
0.0000
0.7936
0.0000
0.0000
0.0000
1.4567
1.5078
0.0000
0.0000
0.0000
1.3562
0.0000
1.9205
0.2792
0.0000
1.5272
0.0000
0.0000
0.0000
0.0000
0.0000
0.0000
0.0000
0.0000
0.0000
1.6706
1.8240
0.0000
2.2715
0.0000
0.0000
0.0000
0.0000
0.3168
0.0000
0.0000
0.0000
0.6631
0.0000
0.0000
2.8854
0.0000
0.0000
0.0000
0.0000
0.7895
1.9777
0.0000
0.0000
0.0000
0.0000
0.0000
0.0000
0.4117
0.0000
2.0184
0.0000
0.0000
0.0000
0.0000
0.0000
0.0000
0.4833
0.0000
0.0000
0.0000
0.0000
0.0000
0.0000
0.0000
0.0000
0.0000
0.1337
0.0000
1.0057
0.0000
0.7707
0.0000
3.3186
0.0000
0.0000
1.6934
0.0000
0.0000
0.0000
1.9153
0.0000
0.0000
0.0000
0.0000
0.7516
1.6306
2.6108
0.0000
0.0000
0.0000
0.0000
1.1720
0.0000
0.0000
0.0000
0.7320
0.4047
0.0000
0.0000
0.0000
0.0000
0.8284
0.0000
0.0000
0.0000
0.0000
0.0000
2.6443
0.0000
0.0000
3.8459
0.0000
0.0000
0.7277
0.0000
0.2417
0.0000
0.0000
0.5011
0.0000
0.0000
1.7891
1.4728
1.1440
0.8237
0.8946
0.0000
0.9521
0.0000
0.0000
0.2691
0.0000
0.0000
0.0000
0.0000
2.1270
0.0000
0.0000
0.0000
0.0000
0.0000
0.0000
0.0000
0.0000
0.0000
0.5884
0.0000
0.0000
0.0000
0.0000
0.5791
1.0200
0.0000
0.0000
0.0000
0.0000
0.0000
0.0000
0.0000
2.2237
0.0000
0.0000
0.0000
0.0000
0.0000
0.9804
0.0000
0.0000
0.0000
0.0000
0.0000
0.0000
0.0000
0.0000
1.4942
1.3440
0.0000
0.0000
0.0000
0.0000
0.0000
1.5284
0.5046
0.0000
0.0000
0.0000
3.0543
1.9571
0.7982
0.2728
0.0000
0.6558
4.7762
0.0000
0.0000
0.0000
3.0985
2.1037
0.0000
0.0000
0.0000
0.0000
0.0000
0.2514
0.0000
2.4292
0.0000
0.0000
0.8213
3.4605
0.0000
0.2241
0.0000
0.0000
0.0000
0.0000
3.2373
0.0000
0.0000
0.0000
0.0000
0.0000
0.0000
0.0000
0.6078
1.4379
0.0000
0.0000
0.0000
0.8597
0.0000
0.0000
0.0000
0.0000
0.0000
1.5003
0.0000
4.2836
0.0000
1.2347
2.2615
0.0000
1.9432
0.0000
1.5900
0.0000
0.0000
0.9257
0.0000
0.0000
1.2886
0.7462
0.0000
0.0000
2.0363
0.0000
0.0000
0.0000
0.0000
0.0000
0.0000
1.4888
0.0000
0.0000
0.0000
1.6755
1.2181
0.0000
0.0000
0.0000
0.0000
2.9987
0.0000
0.0000
2.9423
2.1642
0.0000
0.0000
0.4627
0.0000
5.7164
0.0000
2.0388
0.0000
0.9604
0.0000
0.0000
0.0000
0.0000
0.0000
0.0000
0.0000
0.0127
1.1328
2.6608
3.2890
0.0000
0.0000
2.7896
0.0000
0.0000
0.0000
0.0000
0.0000
0.7665
0.0000
0.0000
1.9880
0.0000
0.0000
0.0000
2.8867
2.2971
0.5597
0.0000
0.0000
0.0000
0.2295
2.2669
1.2767
0.0000
0.0000
0.0000
1.3514
0.6408
1.0643
0.5461
0.0000
0.0000
0.0000
0.0000
0.0000
0.0000
0.0000
0.0000
0.0000
0.0000
0.0000
0.0000
0.0000
0.0000
0.0000
0.0000
1.1532
2.1147
1.6115
0.8397
0.0000
0.3425
1.8270
0.0000
0.1378
0.0000
0.0000
0.0000
0.0000
0.0000
0.0000
0.0000
0.0000
0.0000
2.6679
0.2884
0.0000
0.2730
0.2500
1.2584
1.1128
0.0000
0.3967
1.7390
0.0000
1.4923
0.7644
0.7469
0.0000
0.0000
0.2261
0.0000
0.0000
0.0000
0.0000
2.2899
1.9847
0.0000
0.0249
0.0000
0.0000
0.0000
2.8976
0.0000
1.0274
0.0000
0.0000
1.3553
0.0000
0.0000
0.0000
2.6603
0.0000
0.0000
0.6708
0.0000
1.8740
0.3976
1.4056
0.0000
2.0113
1.4925
0.0000
0.0000
0.0000
0.0000
0.0000
0.0000
0.0000
0.0000
0.0000
0.4354
0.0000
0.0000
0.5212
0.0000
0.0000
0.0000
0.0000
0.0569
0.0000
0.0000
0.0000
0.9898
0.1899
2.3751
1.5313
1.2461
0.6066
0.0000
0.0000
0.3472
0.0000
0.0000
0.0000
0.2174
0.8847
0.0000
3.2191
0.9369
0.0000
5.3213
0.0000
1.3716
0.5683
0.0000
2.5179
0.7476
0.0000
0.0000
0.0000
0.0000
0.0000
0.0000
1.7158
0.4643
0.2408
0.0000
0.0000
0.0000
0.0000
0.0000
1.8927
0.0000
1.1460
0.0000
0.0000
0.8717
0.0000
