0.0000
0.0000
0.0000
0.0000
1.4217
0.0000
0.0000
0.0000
0.0000
1.4608
0.5681
0.0000
0.6519
0.0000
0.0000
0.0000
0.0000
0.0000
0.0000
0.0000
0.0000
0.0000
3.7229
0.0000
1.3834
0.5490
0.0000
1.2507
0.0000
0.0000
0.0000
0.0000
1.2755
0.0000
2.4112
0.0000
0.0000
0.0000
0.8312
0.8927
0.0000
0.6450
0.0000
0.0000
0.0000
0.0000
0.0000
0.0000
0.0524
0.1348
0.0000
0.0000
0.0000
0.0000
0.0000
0.0000
0.0000
0.0000
0.0000
0.0000
0.0000
2.5745
0.0000
0.5515
0.0000
0.9127
0.0000
0.0000
0.0000
0.0000
0.0000
3.3331
0.0000
0.0000
0.0000
0.0000
0.0000
0.0000
0.0000
0.0000
0.4153
0.0000
0.0000
0.0000
0.0000
0.0000
0.1333
1.7635
0.0000
0.0000
0.4827
0.0000
0.2627
2.9380
0.0310
0.0000
0.0000
0.0000
2.7598
0.0000
0.0179
0.0000
0.0000
0.0000
0.0000
0.0000
0.0000
0.0000
0.0000
2.6273
0.0000
0.0000
0.9103
0.0000
0.0000
0.0000
1.2717
0.0000
0.0000
0.0000
3.0402
0.0000
1.8559
0.0000
0.0000
0.0000
0.7255
0.0000
0.0000
0.9949
0.0000
0.0000
0.0000
0.0000
1.7937
0.3519
1.0683
2.2793
0.0000
3.1212
2.1611
0.0000
1.6455
0.5799
1.0902
0.0000
0.0000
1.1937
0.0361
0.0000
0.0000
0.4382
0.3668
1.2233
0.0000
0.0000
0.0000
0.3221
0.0000
0.0000
2.8468
0.0000
0.0326
0.0000
0.0000
0.7226
0.0000
0.6831
0.0000
1.1908
0.0000
0.0000
0.0000
0.0000
0.0000
0.0000
0.0000
0.0000
0.0000
4.1007
1.4920
3.7767
0.0000
0.0000
0.0000
0.0000
1.0515
0.0000
1.3169
1.2396
0.0000
0.0000
0.0000
0.0000
0.0000
0.0000
0.0000
0.9685
3.8332
3.6150
0.0000
0.0000
0.0000
0.0000
0.0000
0.0000
0.0000
0.0000
0.0000
0.0000
0.0000
0.0000
0.0000
0.0058
0.0000
0.0000
0.0000
0.0000
0.0000
0.0000
0.0000
0.0000
0.0000
0.0000
0.0881
0.0000
0.0000
1.7077
0.3016
0.0000
0.0000
0.0000
0.0000
0.0000
1.9436
0.0000
2.6749
0.0000
3.0137
0.0000
0.0000
0.0000
0.0000
0.0000
0.0000
0.0000
0.0000
0.0000
0.0000
0.0000
0.0000
0.0000
0.0000
0.1043
0.0000
1.5246
0.0000
0.0000
0.0000
0.0000
0.0000
1.0019
0.0000
0.0000
0.0000
0.0000
1.1269
0.0000
0.0000
0.2392
3.0227
0.0000
0.0000
3.1589
0.0000
0.0000
0.0000
0.8835
0.0000
0.0000
0.0015
0.0000
0.2459
0.0000
0.0000
0.9998
0.0000
0.0000
0.0000
0.0000
0.0000
0.0000
0.0000
0.0000
3.1905
0.0000
0.0000
0.4353
0.0000
2.3757
0.0000
0.0000
0.0000
0.0000
1.5320
0.0000
0.0000
0.0000
0.0000
0.0000
0.0000
0.0000
0.0000
0.3882
1.4526
0.0000
0.0000
0.0000
0.0000
0.1276
0.0000
2.6234
0.0000
1.8811
0.0000
1.4904
0.0000
0.6973
0.0000
2.0728
0.0000
0.0000
0.0000
0.0000
0.0000
1.9112
0.3690
0.0000
0.0000
3.9024
0.0000
0.0000
0.0000
0.0000
0.0000
4.9469
0.0000
0.0000
0.0000
0.0000
0.0000
3.2411
0.0425
0.0000
1.6926
1.1635
0.0000
0.0000
0.0000
0.0000
0.0000
0.0000
0.0000
0.0000
0.0000
0.3889
0.0000
0.0000
0.3833
0.0000
0.0000
0.0000
0.0000
0.0000
0.0000
0.0000
0.0000
2.6877
0.0000
0.0000
3.3853
0.0000
0.4439
0.0000
0.0000
0.0000
0.6368
0.0000
0.0000
0.0000
3.4546
0.0000
0.0000
0.0000
0.0000
0.0000
0.0000
0.0000
0.0000
0.0000
0.0000
1.4635
0.0000
0.0000
0.0000
1.1302
0.0000
0.0000
2.2190
0.0000
0.0000
0.0000
0.0000
2.6610
0.0000
0.4770
0.0000
0.3660
0.0000
0.0000
0.0000
0.0000
1.5901
0.0000
0.0000
0.0000
0.6650
0.0000
0.0000
0.0000
0.0000
0.0000
0.0000
0.0000
0.0000
0.0000
0.0000
0.0000
0.8268
0.0000
3.7123
0.0000
0.6357
0.0000
4.1903
1.1699
0.0000
0.6371
1.4944
0.9919
0.6296
0.0000
0.0000
0.2615
0.0000
0.0000
0.0000
0.3624
0.0000
0.0000
1.8276
0.0000
0.9046
0.0000
0.0000
0.0000
0.0000
0.0000
0.0000
0.0000
0.0000
1.8382
0.0000
0.0000
0.0000
0.8486
0.7544
0.0000
0.0000
0.0000
0.0000
0.0000
0.3528
1.7456
1.8410
1.2286
0.0000
1.7369
0.0000
0.3571
0.0000
0.0000
0.0000
0.0000
0.0000
0.0014
0.0000
0.0000
0.0000
0.0000
0.0000
0.0000
0.6617
0.0000
0.0394
0.2978
0.0000
0.0000
0.0000
1.7057
0.0000
2.8199
0.0000
0.0000
0.0000
0.0000
0.0000
0.0000
5.2756
0.0000
1.1340
2.3232
0.0000
0.0000
0.0787
0.0000
0.0000
0.0360
0.0000
0.0000
0.5737
0.0000
1.4517
0.0000
0.0000
2.1067
0.0000
0.0000
0.0000
0.0000
0.0000
0.0000
0.0000
0.0000
0.0000
0.0000
0.0000
0.0613
0.0000
0.0000
0.0000
0.0000
0.0000
0.0000
0.0000
0.0000
0.0259
0.0000
0.0000
0.0000
0.0000
0.1473
0.0000
0.0000
0.0000
1.1178
0.0000
0.0000
0.0000
0.0000
0.0000
0.0000
0.0000
0.0000
0.0000
0.0000
0.6785
1.8537
0.0000
0.0000
0.0000
0.0000
0.0000
0.0000
0.0000
0.0000
0.0000
0.6335
2.1691
0.0000
0.0000
0.0000
0.0000
0.0000
0.0000
0.0000
0.0000
0.0000
2.3637
0.0000
0.0000
0.6950
0.0000
0.1572
0.0000
0.5249
1.1274
0.0000
0.0000
0.0650
0.0000
0.0000
0.0000
2.7433
0.0000
0.7156
0.9674
0.0000
0.0000
0.0000
1.0273
0.0000
0.4845
0.0000
0.0000
1.3347
0.0000
0.0000
0.0000
0.0000
0.0000
0.0000
0.0000
0.0000
0.9828
1.9530
0.0000
1.2613
0.0000
0.0000
0.0000
0.0000
0.0000
0.0000
0.0000
0.0000
0.0000
0.0000
0.0000
0.0000
0.0000
1.0288
1.8800
0.0000
0.0000
0.0000
0.0000
0.0000
0.0000
0.0000
0.0000
2.3024
1.3660
0.0000
0.0000
0.0000
0.2555
0.0000
0.0000
0.0000
0.4216
0.0000
0.0000
0.0000
0.0000
0.0000
0.0000
0.0000
0.0000
0.0000
0.0000
1.3326
0.0000
0.0000
0.0000
0.0000
0.0000
0.0000
0.0000
2.4989
0.8326
0.0000
3.9094
0.0000
0.0000
0.0000
0.0000
0.0000
0.0000
0.0000
0.0000
0.0000
0.0000
0.6674
0.0000
0.0000
0.0000
0.0000
1.0632
0.0000
0.0000
4.9394
0.0000
0.1892
0.0000
0.0000
0.0000
0.0000
0.0000
0.0000
0.0000
0.0000
0.7511
0.0000
0.0000
0.0000
0.4199
0.0000
0.5858
0.7344
0.0000
0.0000
0.0000
1.4860
0.0000
0.0000
0.0000
0.0000
0.0000
1.0257
0.0000
0.0000
0.0000
0.8650
0.0000
0.0000
0.0000
0.1319
0.0425
0.0000
0.0000
0.0632
0.0000
0.0000
0.0000
0.0000
0.0000
0.0000
0.0000
0.0000
0.8361
0.0000
0.1616
0.8286
0.0000
1.1579
0.0000
0.7083
0.0000
0.0000
0.0000
0.0000
0.0000
0.0000
0.0000
0.0000
0.0000
0.0000
2.6026
0.0000
0.4065
0.0000
0.0000
0.0000
0.0000
0.0000
0.0000
0.0000
0.0000
0.0000
0.0000
0.0000
0.3830
0.9021
0.0000
0.0000
0.0000
0.0000
0.0000
0.0000
0.0000
0.0000
2.7605
0.0000
0.0000
0.3748
0.0000
0.0000
0.0000
0.0000
1.3409
0.0000
0.0000
0.0000
0.0000
0.0000
0.5379
0.0000
0.0000
2.0547
0.7345
0.0000
0.1001
0.0000
0.0000
0.0000
0.0000
0.0000
0.0000
0.0000
0.0000
0.0000
0.0000
0.0000
0.0000
0.0000
0.0000
1.2620
0.0000
0.0000
0.0000
0.0000
0.0000
0.0000
0.0000
0.0000
0.0000
0.0000
0.2772
0.0000
0.0000
0.0000
0.0000
0.0000
0.0000
0.0000
0.0000
0.0000
0.0000
0.0000
0.1962
0.0000
0.0000
2.4180
0.0245
0.0000
0.0000
0.0000
0.0000
0.0000
0.9600
0.0000
1.7181
0.0000
0.0000
0.3838
0.0000
0.8919
1.1921
0.0000
0.0000
0.0000
0.0000
0.0000
0.0000
0.0000
0.0000
0.0000
0.0000
0.0000
1.2359
0.0000
0.0000
0.0000
0.0810
0.0000
0.0000
1.5643
0.0000
0.0000
0.0000
0.0000
0.0000
0.0000
0.0000
0.0000
0.0000
0.0000
0.0000
0.6734
0.0000
0.0000
1.8057
0.0000
0.0000
0.0000
0.0000
0.4037
0.0000
0.0000
0.0000
0.0000
0.9611
0.0000
0.0000
3.5411
1.6720
0.0253
0.0000
0.0000
0.0000
0.0000
0.0000
0.0827
0.0000
0.0000
0.0000
0.0000
0.0000
0.0000
0.0000
0.3053
0.0000
0.0000
1.0309
0.4994
0.0000
1.2642
0.0000
4.8330
0.3536
0.7075
0.0000
0.0000
0.0000
0.0000
1.1537
0.0000
0.0000
0.0000
0.0000
2.7046
0.0000
0.0000
0.0000
0.7477
0.0000
0.0000
1.4773
0.0000
0.1130
0.0000
0.4717
0.0000
0.0000
0.0000
0.3205
0.0000
0.0000
0.0000
0.0000
0.8318
0.0000
0.0000
1.6696
1.1879
2.3722
0.0000
0.0000
0.0000
0.0883
0.0000
0.0000
0.0000
0.0000
0.1568
0.0000
0.0000
0.0000
4.4888
0.0000
0.0000
0.0000
0.6606
0.0000
0.6173
0.0000
0.0000
0.0000
2.9098
0.0000
1.9841
0.0000
2.8185
0.0000
0.0000
0.0000
2.9029
0.0000
0.0000
0.0000
1.5967
0.0832
0.0000
0.0000
0.0039
3.0310
0.0000
0.0000
1.5380
0.9443
0.0000
1.0939
0.0000
0.2305
0.0000
2.0824
0.0000
1.4089
0.0000
0.0000
2.7344
0.0000
0.0000
0.0000
0.0000
2.1223
0.0000
0.7758
0.0000
0.0000
0.0000
0.0000
0.0000
0.0000
0.0000
0.0000
0.0000
0.0000
0.0000
1.6229
0.0000
0.6063
0.0000
0.0473
0.0764
0.1873
0.0000
0.0000
0.0000
1.0242
0.0000
0.0000
0.0000
0.0000
0.0000
0.7881
0.0000
0.0000
0.0000
0.0000
0.0000
0.0000
0.0000
0.0000
0.0000
0.0000
0.8970
0.0000
0.0000
0.0000
0.7335
0.0000
0.0000
0.6827
0.0000
0.0000
0.0000
0.0000
0.0000
0.0000
0.0000
0.0000
0.0000
0.2346
0.0000
0.0000
0.0000
0.0000
1.0884
0.0000
1.0525
0.0000
0.0000
0.0000
0.0000
0.1454
0.0000
0.0000
0.0000
0.0000
0.0000
0.0000
0.0000
0.0338
0.0000
0.0000
0.0000
0.0000
0.0000
0.0000
0.0000
0.0000
0.0000
0.0000
0.0000
0.0000
0.0000
0.0000
0.0000
0.0000
0.0000
0.0000
0.0000
1.2368
0.6029
3.1630
0.0000
0.0000
0.0000
0.0000
0.1234
1.9255
0.0000
0.0000
0.7226
0.0000
0.0000
0.0000
0.0000
0.0000
0.0000
0.0000
0.0000
0.0000
0.0000
1.9005
0.0000
0.0000
0.1186
2.8751
0.0000
0.0000
0.0000
3.8903
2.3411
0.0000
0.1384
0.0000
0.0000
0.0000
1.3676
0.0000
0.0000
0.0000
0.0000
0.0000
0.3257
1.4198
0.0000
1.1160
0.0000
0.0000
0.0000
1.6379
0.0000
0.0000
0.0000
0.0000
0.0000
0.6991
1.1071
0.0000
0.0000
0.0000
0.0000
0.0000
0.0000
0.0000
0.0000
0.9384
1.1707
2.1128
0.0000
0.0000
0.0000
0.0000
0.1537
0.0000
0.0000
0.0000
0.0000
0.0000
3.0132
0.0000
0.0000
0.0000
0.0000
0.0000
0.0000
0.0000
0.0000
0.0000
0.0000
0.0000
0.0000
0.9615
0.0000
0.0000
0.0000
0.0000
0.0000
0.0000
0.0000
0.0000
0.6701
0.0000
0.0000
2.6493
0.4944
0.0000
0.0000
2.9526
0.0000
1.3080
0.0000
0.0000
3.5900
0.0000
0.0000
0.0000
0.0000
0.0000
0.3325
0.0000
0.0000
0.0000
0.0000
0.0000
0.0000
0.0000
1.1088
3.3534
0.0000
0.0918
0.0000
0.2242
0.0000
0.0000
0.8373
0.0000
0.0000
0.0000
0.0000
0.0000
0.0000
1.8066
0.0000
0.0000
0.0000
0.0000
1.3509
0.8640
0.0000
0.0000
0.0000
0.3002
0.0000
0.0000
0.0000
0.0000
0.0000
2.0515
0.0000
0.0000
0.2979
0.0000
0.0000
0.0000
0.0000
0.0000
0.0000
0.4816
0.4598
0.0000
0.0000
0.0000
0.0000
0.0000
0.0000
0.5010
0.4353
0.0000
0.0000
0.0000
0.6044
0.0000
0.0000
0.0000
0.0000
0.0000
0.0000
0.0000
1.9976
1.0940
1.7710
0.0000
1.3085
0.0000
0.9517
0.0000
0.0000
0.0000
0.0000
0.0000
0.0000
0.0000
0.0000
0.0000
0.0000
0.0000
0.0000
0.0000
0.0000
0.0000
0.0000
0.0000
0.0000
0.0000
0.4272
0.0000
0.0000
0.3592
0.0000
0.0000
0.0000
0.0000
0.0000
1.9968
3.0329
0.0000
1.4648
0.0000
0.0000
0.0000
0.0000
0.0000
0.0000
0.0000
0.0000
0.0000
0.0000
0.7658
2.7763
1.3408
0.0000
0.0000
0.3426
0.0000
0.2357
0.2868
0.1321
1.3470
0.0000
0.0000
1.6472
0.0000
2.3935
0.9389
3.3544
0.0000
0.0000
0.0000
0.0000
0.0000
0.0000
0.0000
1.6388
0.0000
0.0000
0.2714
0.0000
0.2011
0.0000
0.0000
0.0000
0.0000
0.0000
0.0000
0.0000
0.0000
0.7863
0.0000
0.0000
0.0000
0.0000
0.0000
2.7090
0.0000
0.0000
2.0309
1.5144
0.0000
0.0000
0.0000
0.0000
0.0000
0.0000
0.1950
0.0000
0.0000
0.0000
0.0000
0.0000
0.0000
0.0000
0.0000
1.8622
0.0000
2.7557
0.0000
1.5434
0.0000
0.0000
0.0000
0.0876
0.0000
0.0000
0.0000
0.0000
0.0000
0.0000
2.1457
1.6442
0.0000
0.0000
0.0000
0.9722
0.0000
0.0000
0.0000
0.0000
0.0000
0.0000
0.0238
0.0000
3.0946
0.0000
1.3183
0.0000
0.0000
0.0000
0.0000
0.0000
0.0000
0.0000
3.1740
1.7518
0.0000
0.1396
0.0000
0.0000
0.0000
0.4829
0.0000
1.2804
0.0000
0.0000
0.0000
0.0000
0.0000
0.0000
0.0000
2.4569
0.0000
1.1965
0.0000
0.0000
0.0000
0.0383
0.0000
0.0000
4.0043
1.3835
0.4734
0.0000
0.0000
0.0000
0.0000
1.5430
2.3365
2.1320
0.0000
0.0000
0.0000
0.0000
0.0000
0.0000
0.0000
0.4415
0.0000
0.0000
0.0000
0.0000
0.0000
0.0000
0.0000
0.0000
0.0000
0.0000
0.0000
0.0000
0.0000
0.0000
0.0000
0.0000
0.0000
0.0796
0.0000
0.0000
0.0000
0.0000
0.0000
0.0000
0.0000
0.0000
2.2531
0.0000
0.0000
0.0000
0.0000
1.8481
0.0000
0.0000
0.0000
0.0000
0.0000
1.3475
0.8520
1.3722
0.0000
0.0000
0.0000
0.0000
0.0000
2.9187
0.0000
0.0000
0.0000
0.0000
0.0000
0.0000
0.0000
0.0000
0.0000
0.0000
0.2295
0.0000
0.0000
0.0000
0.7556
0.0000
0.3109
0.0000
1.6046
0.0000
0.0000
0.0000
0.0000
2.5206
0.0000
0.0000
0.2825
2.6668
0.0000
0.4765
0.0000
0.0000
0.0000
0.0000
0.0000
0.0000
0.0000
0.0000
0.0000
0.9395
0.0000
0.0000
0.0000
1.9697
1.3152
0.0000
4.8256
1.1890
0.0000
0.0000
0.0000
0.7529
0.0000
0.0000
0.0000
1.8551
0.7200
0.0000
0.0000
0.0000
0.0000
0.0000
0.0000
0.0000
0.0000
0.0000
0.0000
0.0000
0.0000
0.0000
1.2541
0.0000
0.0000
0.0000
0.0000
0.4567
0.0000
0.0000
0.0000
0.0000
0.0000
0.6228
1.2130
0.3258
1.5157
0.0000
0.0000
0.0000
0.0000
0.2934
0.0000
0.3016
0.0000
0.0000
0.0000
0.0000
0.4697
0.0000
2.0244
0.0000
2.4679
0.0000
0.0000
0.0000
0.0000
1.1371
0.0000
0.0000
0.0000
0.0000
0.0000
0.0000
1.4064
0.0000
0.0000
0.0000
0.0000
0.0000
0.0000
0.0000
0.0000
0.0000
0.0359
0.0000
0.0000
0.2266
0.0000
0.6432
0.0000
0.8369
0.0000
0.3856
0.0000
3.6058
0.0000
0.0000
0.0000
0.0000
0.0000
1.3525
1.5187
2.0778
0.0000
0.4444
0.6059
1.1039
0.0000
0.1974
0.0000
0.0000
0.7496
0.0000
0.0000
0.0000
0.0000
0.0000
0.0000
0.0000
0.9275
1.1415
0.0000
3.1782
0.0000
0.2434
0.0000
0.0000
0.0000
0.0000
0.0000
3.7244
0.0000
1.3930
2.6626
0.0000
0.0000
0.3022
0.4290
0.0000
2.1380
1.3086
0.1580
0.0000
0.0000
0.4975
0.7933
1.4508
0.0000
1.6617
0.5797
0.0000
0.0945
0.0000
0.0000
0.0000
0.0000
0.0000
1.3181
0.0000
4.4119
0.0000
0.0000
3.6378
0.0000
1.8838
0.0000
0.0000
0.0000
0.0000
0.5013
0.0000
0.0000
1.3169
0.0000
0.0000
0.9568
0.0000
2.6728
0.0000
0.0000
0.0000
0.0213
0.0000
0.0000
0.0000
1.2984
2.8968
0.0000
0.0000
2.0992
0.0000
0.0000
3.1141
0.0000
0.0000
0.0000
0.0000
0.0000
0.0000
0.0000
0.0000
0.0000
0.0000
0.0000
0.0000
0.0000
1.8214
0.5926
0.0000
0.0000
0.0000
1.9330
0.0000
2.8224
0.3584
0.5790
0.0000
0.0000
0.0000
0.0000
0.0000
0.0000
0.0000
0.0000
0.7978
0.0000
0.0000
0.0000
0.0000
0.0000
0.0000
0.0000
0.0000
0.0000
0.0000
0.9881
0.6581
1.5750
0.0000
0.0000
1.1260
0.0000
0.0000
0.0000
0.0000
1.1304
0.0609
0.0000
0.0000
0.0000
0.0000
0.2418
0.5699
0.0000
0.0000
0.0000
1.3819
0.0000
0.0000
0.0000
0.0000
0.0000
0.0000
0.6043
0.0000
0.3778
0.0000
0.6717
0.0000
0.0000
0.0000
0.0000
0.0000
0.0000
0.0000
0.0000
2.1319
0.0000
1.7366
0.0000
0.0000
0.0000
1.6302
0.0000
0.0000
0.0000
0.0000
0.0000
0.0000
1.2470
1.6453
0.0000
0.0000
0.0000
0.5779
0.0000
0.0000
0.0000
0.0000
0.0000
1.5793
0.0000
0.0000
0.0000
0.0000
1.6900
1.6888
0.0000
0.4692
0.2882
0.0000
0.6457
0.0000
5.0942
0.0000
0.0000
0.0000
0.0000
0.0000
0.0000
0.0000
0.0039
0.0000
0.8059
0.0000
0.0000
0.1399
0.0000
0.0000
0.0000
0.0000
0.0000
0.0000
0.0000
1.9305
0.0000
0.0000
0.3719
0.8931
1.7344
0.0786
0.2940
0.0000
0.0000
0.6020
0.0000
0.0000
3.2495
0.0000
0.0000
1.7250
2.4880
0.0000
0.0000
0.4932
0.0000
0.0000
0.5889
0.3142
2.4339
0.0000
0.0000
0.0000
0.0000
0.0000
0.0000
0.2994
0.0000
0.0000
0.4471
1.8742
0.0000
0.4488
0.3873
0.0000
0.0000
0.0000
0.3104
0.0000
0.0000
0.0000
2.8137
2.1185
0.0000
0.0000
0.0000
0.0000
0.0000
0.4221
1.2060
0.0000
0.0000
0.0000
0.0000
2.1278
2.6476
0.0000
0.0000
0.0000
0.0000
0.0000
1.8406
0.0000
0.0000
0.0000
0.0000
0.0000
0.0000
0.0000
0.0000
0.0000
0.0000
0.0000
0.0000
0.0000
0.0000
0.0000
0.1124
1.7465
0.0000
0.5753
0.8772
0.0000
0.0000
0.0000
0.0000
1.3680
0.0000
0.0000
0.0000
1.1567
0.0000
0.0000
0.0060
0.0000
0.0000
0.0000
0.0000
0.0000
0.0000
0.0000
0.0000
0.0000
0.0000
0.0000
3.0900
0.0000
1.2385
0.0000
0.0000
0.0000
0.0000
0.0000
0.9173
0.0000
0.0000
0.0000
0.0000
0.0000
0.0000
0.0000
0.0000
0.0000
0.0000
0.0000
0.0000
1.3657
0.0000
0.0000
0.0000
0.3801
1.0669
0.0000
0.0000
0.0000
0.0000
0.0000
0.0000
0.3701
0.0000
0.0000
0.0000
1.8362
0.0000
2.1061
0.0000
0.0000
0.0000
0.0000
0.0000
0.0000
0.0000
1.0436
0.0000
0.0000
0.0000
2.2752
0.0000
3.3522
0.0000
0.0925
0.0000
0.0000
0.0000
0.6786
0.0000
0.0531
1.8718
0.0000
0.8077
0.0000
0.0000
0.0000
0.0000
1.0407
0.0000
0.0000
0.0000
0.1253
0.0000
0.0000
0.0000
0.0000
0.0000
0.0000
0.0000
0.0000
0.1303
0.0000
1.1754
2.1577
0.5475
0.0000
1.2550
0.0000
0.0000
0.0000
0.0000
0.0000
0.0000
0.3265
0.3232
1.7089
0.0000
0.0000
0.0000
0.3862
0.0000
0.0000
0.0000
0.0000
0.0000
0.0000
0.0000
0.1942
0.0000
0.0000
0.0000
0.0000
2.7856
1.3187
0.0000
0.0000
0.0000
0.0000
1.1609
0.0000
0.0000
0.0000
0.5227
0.3634
0.0000
0.0000
0.0674
0.7252
0.0000
0.0000
0.0000
0.0000
0.0000
0.0645
0.0000
0.0000
0.0000
0.0000
0.0000
0.0000
0.0000
0.0000
0.1500
0.0000
0.8476
0.5091
0.5372
0.0000
0.0000
0.2044
3.1105
0.0000
0.0000
0.0000
1.0283
0.0000
0.0000
0.7724
0.0000
0.0000
0.0000
2.2872
1.6805
0.0000
0.0000
0.0000
0.0000
2.2646
0.0000
0.0000
0.0000
0.0000
0.0000
0.7512
1.6421
0.0000
1.3771
0.0000
0.0000
0.0000
0.0000
0.0000
0.0000
0.0000
0.0000
0.0000
0.0000
0.0000
0.0000
0.0000
0.0000
0.0000
0.0000
0.0000
0.0000
0.0000
1.1226
0.0000
0.0000
0.0000
0.0000
0.0000
1.5632
0.0000
0.0000
2.7902
0.0000
0.0000
0.5622
0.0000
0.8693
0.0000
0.0000
0.4085
0.0000
0.0000
0.0000
0.0000
0.0000
0.0000
0.0000
0.2661
0.0000
1.1120
0.0000
0.0000
0.0000
1.3617
0.0000
0.0000
0.0000
0.0000
0.0000
0.7273
0.0000
0.0000
0.0000
0.0000
0.0000
0.0058
0.0402
0.0000
0.0000
0.1652
1.6166
0.0000
0.0000
0.0000
1.6479
0.0000
0.0000
0.0000
0.0000
0.6235
0.0000
0.0000
0.0000
0.0000
2.3523
5.4767
0.0000
0.2643
0.0000
0.0000
0.0000
0.0000
0.0000
0.0000
0.0000
0.0000
0.0000
0.0000
0.0000
0.0000
0.0000
0.0000
0.0000
0.0000
0.0000
0.0000
0.3366
0.0000
0.0000
1.3578
0.0000
0.0000
0.5831
0.0000
0.0000
0.0000
0.0000
0.0000
2.9972
0.7839
0.0000
0.0000
1.5635
0.0000
0.3652
0.0000
1.1412
0.0000
0.0000
0.0000
0.0000
0.0000
0.0000
0.0000
0.0000
1.3256
1.0999
0.0000
3.6166
0.0000
0.9365
0.0000
1.5635
0.0000
0.0000
0.0000
0.6442
0.0000
0.0000
0.0000
0.0000
0.0000
1.4297
0.0000
0.0000
0.7694
0.1875
0.0000
0.0000
0.0000
0.2769
1.2499
0.0000
0.0000
0.0000
0.0000
0.0857
0.0000
0.0000
1.8953
0.0000
0.5904
2.1098
0.0000
0.0000
0.0000
0.0000
0.0000
0.0000
0.0000
0.0000
0.0000
0.3613
0.0000
0.0000
1.1622
0.0000
0.0000
0.0000
0.0000
0.0000
0.0000
0.0000
0.0000
1.3730
0.0000
0.0000
0.0000
0.0000
0.0000
0.0000
1.3141
0.0000
0.5342
0.0000
0.0000
0.0000
1.3257
0.8823
0.0000
0.1810
2.4253
0.5565
0.0000
0.0000
0.0000
0.0000
0.7271
0.0000
0.0000
4.3207
2.4494
0.0000
0.7015
0.0000
2.9655
0.0000
0.0000
0.0000
0.0000
0.0000
0.0000
0.0000
0.0000
0.0000
0.0000
0.0000
0.0000
0.0000
0.0000
0.0000
0.0000
0.0000
0.0000
0.9009
0.0000
0.0000
0.0000
0.2432
0.4204
0.0000
0.0000
1.2412
0.0000
0.9123
0.0000
0.0000
0.0000
2.0773
0.0000
0.9161
0.0000
0.0000
0.4533
0.0000
0.0000
2.1369
0.1497
0.0000
0.0000
0.0000
0.0000
0.0000
0.0000
0.0000
0.0000
0.0000
0.0000
0.0000
0.0000
0.0000
0.0000
0.0000
0.0000
0.0000
0.0000
0.0000
0.0000
0.0000
0.0000
0.0000
0.0000
0.0000
1.4396
0.0000
0.1195
0.0000
0.0000
0.0000
0.0000
0.0000
0.0000
0.0000
0.0000
0.0000
2.2614
0.0000
0.0000
0.4382
0.0000
0.0000
0.0000
1.0797
1.1944
0.0000
0.0000
0.0000
0.0000
0.0000
0.0000
0.0000
0.0000
0.0000
3.9256
0.0000
0.0000
2.8644
0.0000
2.0236
0.0000
0.0000
0.1170
0.0000
0.0000
0.8793
1.8602
2.6737
1.7404
0.0000
4.1038
1.5356
0.0000
0.0000
0.0000
1.0321
0.0000
1.8778
0.1158
0.0000
0.0000
0.0000
0.0000
2.6052
0.0000
0.0000
0.3292
0.0000
0.0000
0.0000
1.3089
0.1781
0.0000
0.0000
2.1464
0.0000
0.0000
0.0000
0.0000
0.0000
1.2368
0.0000
0.0000
0.0000
0.0000
0.0000
0.4850
2.5325
0.0000
5.0041
0.0000
1.8607
2.4843
1.2133
0.0000
0.0000
0.0000
0.0000
0.0000
0.0569
0.0000
1.2379
3.0423
0.0000
0.0000
0.0000
0.0000
0.5841
0.0000
0.0000
3.4524
0.0000
0.0000
0.0000
0.2025
0.0000
0.8250
1.1456
0.0000
0.0000
0.9745
0.0000
1.2741
0.0000
0.0000
3.6041
0.0000
1.5101
0.1185
0.7398
0.0000
2.8268
0.0000
0.0000
0.0000
0.0000
0.0000
0.9604
0.0000
0.0000
0.0000
2.3514
0.0000
0.0000
0.0000
0.0000
0.0000
0.0000
0.0083
0.0000
0.0000
0.0000
0.0000
0.0000
0.0000
0.0000
0.0000
0.0000
0.0000
1.2906
0.0000
0.0000
1.0025
0.0000
0.0000
0.0000
2.2256
0.0000
1.8334
0.8105
0.0000
0.0000
0.6825
0.0000
0.0000
0.0000
0.0000
0.0000
0.0000
0.2759
0.0000
0.0000
4.7382
0.0000
0.0000
1.1403
0.0000
0.0000
0.0000
0.0000
0.0000
0.0000
0.0000
0.0000
0.6170
0.3508
0.0000
0.0000
0.0000
2.1812
0.0000
1.1437
2.5928
0.0000
0.0000
0.0000
0.0000
0.0000
0.0000
0.6522
0.0000
0.1212
0.0000
0.0000
0.8303
0.0000
0.3194
0.0000
0.0000
0.5206
0.0596
0.2573
0.0623
0.0000
0.0000
1.5542
0.0000
0.7600
0.0000
0.0000
0.0000
0.0000
0.0000
0.0000
0.0000
0.6518
0.0000
0.0000
0.0000
0.0000
0.0000
0.0000
0.0583
0.5455
0.0069
0.0000
0.0000
2.2942
0.7053
0.7514
0.0000
0.0000
0.0000
0.0000
0.0815
0.7978
0.0000
0.0000
0.0000
0.0000
0.0000
0.0000
0.8292
3.1556
0.0000
0.0000
0.0000
1.0589
3.6456
0.0000
0.0000
0.0000
0.0000
0.0000
0.0000
0.0000
0.0000
0.3104
0.0000
0.0000
0.0000
0.0000
2.6448
0.0000
0.0000
0.8120
0.0000
0.0000
0.8787
0.0000
0.0000
0.0000
0.0000
2.1408
0.4514
0.0000
0.0000
0.0000
0.0000
0.0000
0.0000
2.5214
0.0000
0.0000
1.6089
3.4957
0.0000
0.0000
0.0000
0.0000
0.0000
0.0000
1.0913
0.5035
0.0000
0.0000
7.2155
0.0000
0.0000
0.0000
0.3642
0.0000
0.0000
0.0000
0.0000
0.0371
0.0000
0.3837
0.0000
0.0000
0.1404
0.0000
2.0540
0.0000
0.0000
0.0000
0.0000
0.0000
0.0000
0.0000
0.0000
0.6990
0.0000
0.0000
0.3409
0.0000
0.7911
0.0000
2.5235
2.6177
0.0000
0.0000
0.0000
0.0000
0.0000
0.0166
0.0000
1.3826
0.0000
0.0000
0.0000
0.0000
0.0000
0.0000
0.0000
0.0000
2.1077
0.0000
1.7600
0.0000
0.0000
1.1125
0.0000
0.0000
0.0000
0.0000
0.0000
0.0000
0.1360
0.0000
0.0000
0.0000
0.0000
1.9347
0.0000
0.0000
0.0000
0.0000
0.0000
2.9617
0.0000
0.0000
0.3148
0.0000
0.0000
0.0000
0.0000
0.0000
0.0000
0.0000
0.7048
0.0000
0.0000
0.0000
0.0000
0.0000
0.0000
0.0000
0.0000
0.0000
0.0000
0.0000
1.3808
0.0000
0.0000
3.7687
0.0000
0.0000
0.0000
1.5580
0.0000
0.0000
0.0000
0.0000
0.0000
0.0000
0.0000
0.0000
0.0000
0.0000
0.0000
0.0000
0.0000
1.7544
0.3212
3.0519
0.0000
1.7400
0.0000
0.0000
2.2149
1.3741
1.8528
0.0000
0.0000
0.0000
0.0000
0.0000
1.2330
0.0000
0.0000
0.0000
0.0000
0.6247
0.0000
0.0000
1.5612
0.0000
0.0000
3.9107
0.0000
0.0000
0.0000
0.7900
0.0000
0.0000
3.0766
0.0000
0.0000
0.0000
0.0000
0.0000
2.7017
0.0000
0.4627
0.0000
0.0000
1.3705
0.0000
0.0000
0.0000
0.0000
1.7665
0.4197
0.0000
0.0000
0.0000
0.0000
0.0000
0.8379
0.0000
0.0000
0.0174
0.0000
1.8772
0.4212
0.0000
0.0000
0.0000
0.0000
0.1273
0.0000
0.0000
0.0000
2.8588
0.0000
0.0000
1.3804
0.0000
0.0000
0.0000
1.2627
0.0000
0.0000
0.0000
2.0494
0.0000
0.0000
0.3931
0.0000
1.1041
1.1458
1.7113
0.2260
0.0000
0.0000
0.0000
0.0000
0.0000
1.5954
0.0000
0.0000
0.0000
0.0000
0.0000
0.8581
0.0000
0.0000
0.0000
0.0000
0.2529
0.0000
0.0000
0.0000
0.0000
1.4590
0.5122
0.1619
0.0000
2.6928
0.0000
0.2453
0.0000
5.7001
0.0000
1.5501
1.7950
0.9256
0.0000
0.0000
0.0000
0.0000
0.0000
0.0000
0.0000
0.0000
1.6649
0.0000
0.0000
0.0000
0.0000
0.0000
0.0000
0.0000
0.2820
0.0000
0.0000
0.0000
0.0000
0.0000
2.3559
0.0000
0.0000
0.0000
2.7488
0.0000
1.8766
0.0000
0.0000
0.0000
0.0000
0.0000
0.0000
0.0000
0.0000
0.0000
0.0000
0.0386
0.0000
0.0000
0.0000
0.0000
0.0000
0.0000
0.0000
0.0000
0.0000
0.0363
0.0000
0.0000
0.0000
0.0000
0.0000
0.1221
0.0000
0.0000
0.0000
0.0000
0.0000
0.7528
0.0000
0.2450
0.0344
0.0000
1.8821
0.0000
0.0000
0.2816
0.0000
0.0000
0.0000
0.0000
0.0000
2.5490
0.0000
0.0000
0.0000
0.0000
0.0000
1.0870
2.5036
0.0000
0.6275
0.0000
0.0000
0.0000
2.3573
0.2938
1.8027
0.0000
0.0000
0.0000
0.0000
0.0000
0.0000
4.1857
0.0000
0.0000
0.0000
0.0000
0.0000
0.0000
0.0000
0.0000
0.0000
0.0000
0.8415
0.0000
0.0000
0.0000
0.0481
0.0000
1.4354
0.0000
0.0000
2.2978
0.1668
0.0000
0.0034
0.0000
0.0000
0.0000
1.2585
0.4745
0.7861
0.0000
0.5067
0.0000
0.0000
0.0000
0.2497
0.2493
0.0000
0.0000
0.0000
0.0000
1.4856
0.0000
0.0000
0.0000
0.0000
0.0000
0.2314
0.0000
0.0000
0.0000
1.0469
0.0000
0.0000
0.0000
0.0000
0.0000
2.3520
0.0000
0.0000
0.0000
0.1445
0.0000
0.0000
0.9812
0.0000
0.0000
0.0191
0.3470
0.3031
0.0000
0.0000
0.0000
0.0000
0.0000
0.0000
2.3101
0.0000
0.0000
0.0000
0.0000
0.0000
0.0000
0.0000
0.0000
0.0000
0.0000
0.0000
0.0000
0.0000
0.5796
0.0000
1.0035
0.0000
0.0000
0.0000
5.2388
0.0000
0.0000
0.0000
0.0000
0.0000
0.0000
0.0000
0.0000
0.0000
0.0000
0.0000
1.0406
1.4262
0.0000
0.0000
0.0000
0.0000
0.0000
0.0000
0.0000
0.4865
0.0000
0.4466
3.7765
0.0000
0.0000
0.0000
0.0000
0.6649
1.1913
0.0000
0.0000
0.0000
0.8432
0.0001
0.0000
0.0000
0.0000
0.0000
0.0000
0.0000
0.0000
2.5267
0.0000
2.3563
0.0000
0.3074
0.0000
0.8568
0.0000
2.1137
0.0000
1.7277
1.3162
0.0000
0.0000
1.0994
0.5659
0.0017
0.0000
2.0844
0.0000
0.0000
0.0000
0.0000
0.4703
0.0000
1.0837
2.4687
0.0000
0.0000
0.0000
0.0000
0.3822
1.7618
0.0000
0.0000
0.0000
0.0000
0.0000
1.1141
3.1328
0.0000
0.0000
0.0000
0.0000
0.0000
0.2020
0.7840
1.6447
0.3253
0.0000
0.0000
0.0000
0.0000
0.0000
3.7719
0.0000
0.2278
0.0000
0.0000
3.2191
1.8059
0.0000
0.0000
0.0000
0.0000
0.0000
2.2776
0.0000
0.0000
2.3564
0.0000
0.0000
0.0000
0.0000
0.0000
1.1452
0.1267
0.0000
0.0000
0.0000
1.3016
0.6166
0.0000
0.3585
0.0000
0.0000
0.0000
0.0000
4.5174
0.0000
0.9384
0.0489
0.0000
1.4835
0.0000
0.0000
0.0000
0.0000
0.5320
0.0000
4.3581
0.0000
0.0000
0.0000
0.0000
0.0000
0.0000
0.0000
1.3785
0.6895
0.0000
0.0000
0.0000
0.0000
0.0000
0.0000
2.5087
4.8688
0.0000
0.0000
0.0000
0.0000
0.0000
0.0000
0.0000
0.0000
0.0000
0.0000
1.7355
0.0000
1.3880
2.5599
0.0000
0.0000
0.0000
0.0000
0.0000
1.3600
0.7221
0.0000
0.0000
0.0000
0.0000
0.0000
0.0000
0.0000
4.0551
0.0000
0.6220
0.0000
0.0000
0.0000
0.0000
0.1660
0.0000
0.0000
0.5052
1.2940
0.0000
0.0000
0.0000
0.0000
3.0442
0.0000
0.3469
0.2100
0.0000
0.0000
0.3407
0.0000
0.0000
0.0000
0.0000
2.8203
0.0000
0.0000
0.0000
0.0000
0.9853
0.0000
0.0000
0.0000
0.0000
0.0000
2.2009
2.7982
1.7390
1.5908
0.4118
0.0000
0.8539
0.0000
0.0000
0.0000
0.0000
0.0000
0.0000
0.0000
0.0000
0.0000
1.1736
0.0845
0.0000
0.0000
0.0000
0.0000
0.0000
0.0000
0.8579
1.3081
0.0000
0.0000
0.0000
3.7244
0.0000
0.0000
0.0000
0.0000
0.0000
0.8532
0.0000
0.0000
0.0000
0.0000
0.0000
0.0000
0.7459
0.2591
2.2663
0.0000
0.0000
0.0000
0.0000
0.0000
0.0000
0.7788
0.0000
0.0000
0.0000
0.7569
0.0000
0.0000
0.0000
0.0000
0.0000
0.0000
3.0673
0.0000
0.0000
0.0000
0.0000
0.0000
0.1631
0.0000
0.0000
0.3491
0.0000
1.1603
1.4204
1.2746
1.1347
0.0000
0.0000
0.0000
0.9584
0.0000
0.0000
0.0000
0.0000
0.0000
0.6177
0.0000
0.0000
0.0000
1.2288
0.4810
1.2723
0.6549
0.0000
0.0000
1.2170
0.0000
2.1193
0.0000
0.0000
0.0000
0.0000
0.0000
0.8992
2.7755
0.0000
0.0000
0.5276
0.1884
0.0000
0.0000
1.2448
0.0000
0.0000
0.0000
0.1190
2.2904
0.0000
0.0000
0.0000
1.0796
0.0000
0.6000
0.0000
0.0000
0.6741
0.0000
0.0000
0.0000
0.0000
0.0000
1.4221
0.0000
0.0000
0.0000
1.6746
1.5956
0.0000
4.0780
0.0000
0.0000
0.0000
0.0000
0.1164
0.3525
0.0000
0.0000
0.0000
0.7025
0.0000
2.6214
0.0000
0.0000
0.0000
0.0000
0.8876
1.9927
0.5239
0.0000
0.0000
0.0000
0.0000
0.0000
0.0000
0.0000
1.9394
0.0000
0.0000
0.0000
0.0000
0.0000
0.0000
3.0883
0.0000
0.0000
0.0000
0.0000
0.0000
0.0000
0.0000
0.0000
0.0000
0.0000
0.0000
1.2201
0.1119
0.0000
0.0000
2.7764
0.0000
0.0000
1.2286
0.0000
0.0000
0.0000
2.9891
0.0000
0.0000
0.0000
0.0000
1.1449
0.2808
0.8927
0.0000
0.0000
0.0000
0.0000
0.8702
0.0000
0.0000
0.0000
1.7820
0.0000
0.0000
0.0000
0.0000
0.0000
0.6734
0.0000
0.0000
0.0000
0.0000
0.0000
5.2648
0.0000
0.0000
2.8520
0.5755
0.0000
0.0000
0.0000
0.0000
0.0000
0.0000
0.9402
0.0000
0.0000
0.3070
2.6568
0.0000
0.8103
0.6997
0.0000
1.4633
0.0000
0.0000
1.6343
0.0000
0.0000
0.0000
0.0000
2.6933
0.0000
0.0000
0.0000
0.9198
0.0000
0.0000
0.0000
0.0000
0.0000
0.8638
0.0000
0.0000
0.0000
0.0000
2.4413
2.1940
0.0000
0.0000
0.0000
0.0000
0.0000
0.0000
0.0000
1.2665
0.0000
0.0000
0.7387
0.0000
0.8585
0.0000
0.0000
0.0000
0.4098
0.0000
0.0000
0.0000
0.0000
0.0000
0.5038
0.0000
0.0000
0.0000
0.0000
0.0000
0.0000
0.7341
0.7882
0.0000
0.0000
0.0000
3.5501
1.9406
0.0000
0.0000
0.0000
0.6423
2.5659
0.0000
0.0000
0.0000
3.4130
1.0864
0.0000
0.0000
0.2318
0.0000
0.0000
0.0000
0.0000
2.1684
0.0000
0.0000
0.2823
5.7122
0.0000
0.0000
0.0000
0.0000
0.0000
0.0000
2.0807
0.0000
0.0000
0.0000
0.0000
1.5018
0.0000
0.9810
0.0000
1.4095
0.0000
0.0000
0.6013
0.0163
0.0000
0.0000
0.0000
0.7361
0.0000
5.4203
0.0000
1.6124
0.0000
0.0000
1.7292
0.0000
0.5779
0.0000
1.9513
0.0000
0.0000
0.6596
0.0000
0.0000
0.0234
0.0000
0.0000
0.0000
0.3623
0.0000
0.0000
0.0000
0.0000
0.0000
0.0000
2.4518
0.0000
0.0000
0.0000
0.1787
0.3150
0.0000
0.0000
0.2295
0.0000
3.7175
0.2839
0.0000
1.4096
5.3710
0.0000
0.0000
0.3818
0.0000
4.7301
0.0000
1.6016
0.0000
1.8605
0.0000
0.0000
0.0000
0.0000
0.0000
0.0000
0.0000
0.7685
1.8077
1.4786
2.4873
0.4678
0.0000
1.9689
0.0000
0.0000
0.0000
0.0000
0.0000
0.0968
0.0000
0.0000
1.7599
0.0000
0.0000
0.0000
2.6218
0.8968
0.5374
0.0000
0.0000
0.0000
0.9902
0.0000
0.0526
0.0000
0.0000
0.0000
1.4879
0.0000
1.3678
0.0000
0.0000
0.7410
0.0000
0.7879
0.0000
1.3830
0.0000
0.0000
0.0000
0.0000
0.0000
0.4770
0.0000
0.4819
0.0000
0.0000
0.0000
2.3235
2.6778
0.0000
0.0000
0.8839
2.5410
0.0000
0.9857
0.0000
0.0000
0.0000
0.0000
0.6402
0.0000
0.0000
0.1478
0.0000
2.9550
0.0000
0.1231
0.2885
0.0000
0.0000
0.1978
0.7248
0.0414
0.0000
0.0000
1.7643
2.8054
1.2272
0.0000
0.0000
0.9340
0.0000
0.0000
0.0000
0.0000
1.3904
1.7517
0.0000
0.0000
0.0000
0.0000
0.0000
4.6493
0.0000
0.0000
0.0000
2.3087
0.0000
0.0000
0.0000
0.0000
0.9566
0.0000
0.0000
1.2495
0.0000
3.4178
0.9881
0.0000
0.0000
0.6919
3.2217
0.0000
0.0000
0.0000
0.0000
0.0000
0.0000
0.0000
0.0000
0.0000
0.0000
0.0000
0.0000
0.3959
0.0000
0.0000
0.0000
0.0000
0.0000
0.7852
0.0000
0.0000
0.2617
0.0000
2.7621
1.4219
0.6672
0.0000
0.0000
0.0000
2.6193
0.0000
0.0000
0.0000
0.3934
0.8631
0.0000
4.4719
1.1264
0.0000
3.8619
0.2830
0.4575
1.5141
0.0000
0.8308
0.0000
0.0000
0.0000
0.0000
0.0000
0.0000
0.0000
0.6281
1.3674
0.8549
0.0000
0.0000
1.8871
0.0000
0.0000
1.6283
0.0000
0.0000
0.0000
0.0000
0.0000
0.0000
