0.0000
0.0000
0.0000
0.0000
0.3387
0.0000
0.0000
0.0000
1.0217
2.7949
0.1154
0.0000
0.0553
0.0000
0.0000
0.0000
0.0000
0.0000
0.0000
0.0000
1.2184
0.0000
3.8143
0.2969
2.5880
1.5943
0.0000
1.6506
0.0000
0.0000
0.0000
0.0000
2.4698
0.0000
1.5337
0.0000
0.0000
0.0000
0.7013
0.0000
0.0000
0.0000
0.0000
0.0000
0.0000
0.0000
0.0000
0.0000
0.0000
0.8108
0.0000
0.0000
0.0000
0.0000
0.0000
0.0000
0.3039
0.0000
0.0000
0.0000
0.0000
2.5495
0.0000
2.3156
0.0000
0.9645
0.0000
0.0000
0.0000
0.0000
1.4193
3.2917
0.0000
0.0000
0.0000
3.5763
0.0000
0.0000
0.0000
0.0000
0.4723
0.0000
0.0000
0.0000
0.0000
0.0000
0.9811
1.7097
0.8086
0.0000
0.0000
0.0000
0.0000
1.4792
0.0000
0.0000
0.0000
0.0000
3.1095
0.0000
0.0000
0.0000
0.0000
0.0000
0.6027
0.1389
0.0000
0.0000
0.7626
3.6687
0.4932
0.0000
0.5288
0.8786
0.0000
0.0000
0.5748
0.0000
0.0000
0.0000
1.5147
0.7011
1.2039
1.4723
0.3146
0.0000
0.4525
1.4379
0.0786
0.3981
0.0000
0.0000
0.0331
0.0000
2.5016
0.0000
1.5443
0.9686
0.0000
3.1355
2.5622
0.0000
1.2630
0.9229
1.4689
0.0000
0.0000
1.0824
1.1717
0.0000
0.0000
1.8999
0.2760
0.4683
0.0000
0.0000
0.0727
0.0000
0.0000
0.0000
0.6223
0.0000
0.5565
0.0000
0.0000
0.5844
0.0000
0.0000
0.0000
1.3564
0.0000
0.0000
0.0000
0.0000
0.0000
0.0000
0.0000
0.0685
0.0000
4.8369
0.4311
2.7141
0.5798
0.0000
0.0000
0.0000
0.3554
0.0000
2.2680
1.4019
0.0000
0.0000
0.0000
0.0000
0.1793
0.0000
0.0000
0.0000
2.6257
2.9250
0.0000
0.3178
0.0000
0.0000
0.0000
0.0000
0.0000
0.0041
0.0000
0.0000
0.0000
0.0000
0.0000
0.0000
0.0000
0.0000
0.0000
0.0000
0.0000
0.0000
0.0000
0.0000
0.0000
0.0000
0.0000
0.0000
0.0000
0.2232
0.0000
0.0000
0.0519
0.0806
0.0000
0.0000
1.4696
0.0000
1.5606
0.0000
3.6902
0.0000
0.0000
0.0000
0.0000
0.0000
0.0000
0.0000
0.0000
0.0000
0.0000
0.0000
0.0000
0.0000
0.0000
0.4276
0.0000
0.0000
0.0000
0.0000
1.6363
0.0000
0.0000
0.1871
0.0000
0.0000
0.0000
0.0000
0.0688
0.0000
0.0000
0.8785
1.0421
0.0000
0.0000
1.0877
1.4572
0.0000
0.0000
0.6292
1.2211
0.0000
0.8739
0.0000
0.1749
0.0000
0.2348
0.6255
0.2788
0.0000
0.0000
0.0000
0.0000
0.0000
0.0000
0.0000
4.1350
0.0000
0.0000
0.9632
0.0000
1.2690
0.0000
0.0000
0.0000
0.0000
0.1790
0.0000
0.0000
0.0000
0.0000
0.0000
0.0000
0.1878
0.0000
0.1892
0.8052
0.0000
0.0000
0.0000
0.3381
1.5617
0.0000
0.0883
0.0000
0.0000
0.0000
3.1261
0.0000
1.0272
0.0000
1.5489
0.0000
0.0000
0.0000
0.0000
0.0000
0.8096
1.7054
0.0000
0.0000
2.1388
0.0000
0.0000
0.0000
0.0000
0.0000
3.8923
0.0000
0.0000
0.0000
0.0000
0.0000
3.6051
0.0000
0.0000
0.0000
1.8813
0.0000
0.0000
0.0000
0.0000
0.0000
0.0000
0.0000
0.0000
0.0000
0.3402
0.0000
0.0000
0.0000
0.0000
0.0000
1.9139
0.0000
0.0000
0.1452
0.0000
0.0000
2.2251
0.0000
0.0000
3.6087
0.0000
1.5247
0.0000
0.0000
0.0000
0.0000
0.0000
0.0000
0.0000
0.8276
0.0000
0.0000
0.0000
0.0000
0.4617
0.0000
0.0000
0.4504
0.6959
0.0000
1.0647
0.0000
0.0000
0.0000
0.0000
0.0000
0.0000
3.7820
0.0000
0.0000
0.0000
0.0000
1.9361
0.0000
0.0000
0.0000
0.0000
0.0000
0.0000
0.0000
0.0000
0.8940
0.0000
0.0000
0.0000
0.0000
0.0000
0.0000
0.0000
0.0000
0.0000
0.0000
0.0000
0.0000
0.0000
0.0000
0.0000
2.2969
0.0000
2.5521
0.0000
0.4661
0.0000
4.5460
1.2389
0.0000
0.0000
1.7009
1.1173
0.7065
0.0000
0.0000
0.0000
0.0000
0.0802
0.0000
0.0000
0.0000
0.0000
0.5300
0.0000
0.0000
0.0000
0.5132
0.0000
1.2491
0.6100
0.0000
0.0000
0.0000
1.7372
0.0000
0.0000
0.0000
1.2712
1.0777
0.0000
0.0000
0.0000
0.0000
0.0000
0.0000
3.7427
0.2277
1.5222
0.0000
0.2657
0.0000
1.3835
0.0000
0.0000
0.0000
0.0000
0.8728
0.0329
0.0000
0.0000
0.0000
0.0000
0.0000
0.0000
2.0787
0.0000
0.7092
0.0000
0.0000
0.0000
0.0000
2.5530
1.2803
0.0552
0.0000
1.2435
0.7979
0.0000
0.0000
0.0000
5.7943
0.0000
1.9732
2.6160
0.0000
1.4533
0.1130
0.0000
0.8752
0.1955
0.0000
0.0000
0.8362
0.4396
0.9650
0.0000
1.2220
0.6020
0.0000
0.0000
1.5211
0.0000
0.0000
0.0000
0.0000
0.0000
0.0000
0.0000
0.0000
0.0000
0.0000
0.0000
0.0000
0.0000
0.0000
0.0000
0.0000
0.0000
0.0000
0.0000
0.5420
0.0000
0.6836
1.8625
0.0000
0.0000
0.5653
1.8214
0.0000
0.0000
0.0000
0.0000
0.0000
0.0000
0.0000
0.0000
0.0000
0.0000
0.0000
0.0000
0.0000
0.0000
0.0000
0.0000
0.0000
0.0000
0.0000
0.0000
0.0000
1.0121
2.4832
0.0000
0.0000
0.4590
0.0000
0.0000
0.0000
0.0000
0.0000
0.0000
2.9745
0.0000
0.0000
1.8597
0.0000
0.0000
0.0000
0.5024
0.7640
0.0000
0.0000
0.9904
0.0000
0.0000
0.0000
4.8013
0.0000
1.6951
1.6546
0.0000
0.0000
0.0000
1.6732
0.0000
0.0000
0.0000
0.0000
1.7373
0.0000
0.0000
0.0000
0.0000
0.0000
0.0000
0.0000
0.0000
3.0038
3.4083
0.0000
1.6475
0.0000
0.0000
0.7428
0.0000
0.0000
0.0000
0.0000
0.0000
0.0000
0.8898
0.0000
0.0000
0.0000
0.8195
5.8468
0.0000
0.0000
0.0000
0.3668
0.0000
0.0000
0.0000
0.0000
1.5838
0.0000
0.0000
0.0000
0.0000
0.0000
0.0000
0.0000
0.0000
1.7455
0.0000
0.0000
0.0000
0.0000
0.0000
0.0000
0.0000
0.0000
0.0000
0.0000
0.0000
0.0000
0.0000
0.0000
1.5756
0.0000
0.9127
0.0000
1.1850
1.4527
0.0000
3.6383
0.0000
0.0000
0.0000
0.0000
0.0000
0.0000
0.0000
1.5003
1.5123
0.2396
1.0205
0.0000
0.0000
0.0000
0.0000
0.8826
0.5075
0.0000
3.6663
0.0000
0.0000
0.0000
0.0000
0.0000
0.0000
0.0000
0.0000
0.0000
0.0000
1.8370
1.5233
0.0000
0.0000
0.0000
0.0000
0.0153
1.6683
0.0000
0.0000
0.0000
1.6832
0.0000
0.0000
0.0000
1.3022
0.0000
1.1085
0.7886
0.0000
0.0000
1.1789
0.0000
0.0000
0.0000
0.0000
3.4067
0.0000
0.0000
0.0000
0.0000
0.0000
0.0000
0.0000
0.0000
0.0000
0.0000
0.0000
0.4471
0.0000
1.1539
0.0000
0.0000
0.0000
0.0000
0.0000
0.0000
0.0000
1.3005
0.0000
0.0000
0.0000
0.0000
0.0000
0.0000
0.0000
0.0000
1.6096
0.0000
0.1428
0.0000
1.2477
0.0000
0.0000
0.3888
0.9696
0.0000
0.0000
0.0000
0.0000
2.3556
0.0000
0.6640
0.0000
0.0000
0.0000
0.0000
0.0000
0.0000
0.0000
3.3284
0.0000
0.0000
0.0000
0.0000
0.0000
0.0000
0.0000
0.8001
0.0000
0.0000
0.1650
0.0000
0.0000
1.3216
0.0000
0.0000
1.1946
1.8525
0.0000
0.6704
0.0000
0.0000
0.0000
0.0000
0.0000
0.0000
0.0608
1.2605
0.0000
0.0000
0.0000
0.0000
0.0000
0.9689
0.6712
0.0000
0.0000
0.0000
0.0000
0.0000
0.1652
0.0000
0.0000
0.6027
0.0000
0.1196
0.0000
0.0000
0.0000
0.0000
0.0000
0.0000
0.0000
0.0000
0.0000
0.0000
1.2478
0.0000
0.0465
0.0000
0.9230
0.0888
0.0000
1.2857
0.0000
0.0000
0.0000
1.5316
0.0000
1.2514
0.0000
0.0000
0.0000
0.0000
1.8140
0.0000
0.0000
0.0000
0.0000
0.0000
0.0000
0.0000
0.0000
0.0395
0.0000
0.0000
0.0000
0.8919
0.0000
0.8737
0.0000
0.0000
0.0000
0.0000
1.5640
0.0000
0.0000
0.0000
0.0000
0.0000
0.0000
0.0000
0.0000
0.0000
0.0000
0.0000
1.0890
0.0000
0.0000
1.6894
0.0000
0.0000
0.0000
0.0000
0.5605
0.0000
0.0000
0.0000
0.0000
2.0714
0.0000
0.0000
2.2009
2.8734
0.0000
0.0000
0.0000
0.0000
0.0000
0.4683
0.0000
0.0000
0.4806
0.0000
0.0000
0.0000
0.8806
0.0000
0.0000
0.0000
0.0000
2.4554
3.0614
0.0000
0.0000
0.0000
5.5888
0.0000
0.9206
0.0000
0.0000
0.0000
0.0000
1.9532
0.0000
0.0000
0.0000
0.0000
0.4829
0.0000
0.6572
0.0000
0.0000
0.0000
0.7347
1.4894
0.0000
2.4202
0.0000
0.0000
0.0000
0.0000
0.0000
0.1284
0.0000
0.0000
0.0000
0.0000
0.9542
0.0000
1.3962
1.8388
2.4489
2.3455
0.0000
0.0000
0.0000
1.0863
0.0000
0.0000
0.0000
0.0000
0.0000
0.0000
0.0000
0.0000
4.3732
0.0000
0.0000
0.0000
1.1555
0.0000
1.8316
0.0000
0.0000
0.0000
2.7847
0.0000
0.6340
0.0000
2.7741
0.0000
0.0000
0.8710
2.1310
0.0000
1.3245
0.0000
0.9824
0.0000
0.0000
0.0000
0.5570
2.0121
0.0000
0.0000
0.5463
0.1283
0.0000
1.9047
0.0000
0.1662
0.0000
0.0000
0.0000
2.0136
0.0000
0.0000
1.9216
0.0000
0.0000
0.0000
0.0000
1.4836
0.0000
0.0000
0.0000
0.0000
0.0000
0.0000
0.0000
0.0000
0.0000
0.0000
0.0000
0.0000
0.0000
3.4421
0.0000
1.5274
0.0000
0.8550
0.9765
0.0000
0.0000
0.0000
0.0000
0.3694
0.0000
0.0000
0.0000
0.0000
0.0000
1.0980
0.0000
0.0000
0.0000
0.0000
0.0000
0.0000
0.0000
0.0000
0.7765
0.0000
0.0000
0.0000
0.0000
0.0000
0.0000
0.0000
0.0000
1.3278
0.0000
0.0000
0.0474
0.0000
0.0000
0.0000
0.0000
0.0000
0.0000
0.8453
0.0000
0.0000
0.0000
0.0000
0.2165
0.0000
0.0000
0.9798
0.0000
1.0671
0.0000
0.0000
0.0000
0.0000
0.0000
0.0000
0.3498
0.0000
0.0000
1.9133
0.0000
1.6097
0.0000
0.0000
0.0000
0.0000
0.0000
0.0000
0.0000
0.0000
0.0000
0.0000
0.0000
0.0000
0.0000
1.5270
0.0000
0.0000
0.0000
0.0000
1.0160
3.6958
0.0000
0.0000
0.0000
0.0000
0.7598
0.8185
0.0000
0.0000
0.2076
1.2348
0.0000
0.0000
0.0000
0.0000
0.0000
0.0000
0.0000
0.0000
0.0000
1.5304
0.6051
0.0000
0.3545
3.9431
0.1474
0.0000
0.4893
3.5285
0.5686
0.0000
0.0413
0.0000
0.0000
0.0000
1.4309
0.2718
0.0000
0.0000
0.0000
0.0000
0.0000
2.0289
0.0000
2.6680
0.0000
0.0000
0.0000
1.4548
0.0000
0.0000
0.0000
0.0000
0.0000
1.0224
1.2151
0.0000
0.0000
0.0000
0.0000
1.5249
0.0000
0.0000
0.0000
3.5865
0.0000
0.0000
0.0000
0.8138
0.0000
0.0000
0.0000
0.0000
0.0000
0.0000
0.0000
0.0000
3.2215
0.0000
0.0000
0.0000
0.0000
0.0000
0.0000
0.0000
0.0000
0.0000
0.0000
0.0000
0.0000
0.0000
0.0000
0.0000
0.0000
0.0000
0.0000
0.0000
0.0000
0.3874
0.0000
0.0000
0.0000
1.9171
0.0000
0.0000
0.0000
3.3060
0.0000
1.1288
0.0000
0.0000
1.8762
0.0000
0.0000
0.0000
0.0000
0.0000
0.1821
0.0000
0.0000
0.0000
0.0000
0.0000
0.0000
0.0000
0.7377
2.7737
0.0000
0.8018
0.0000
0.2406
0.0000
0.0000
0.9709
0.0000
0.0000
0.5486
0.0000
0.0000
0.0000
1.6960
0.0000
0.0000
0.0000
0.0000
0.0000
0.6056
0.0000
0.0000
0.0000
1.8126
0.0000
0.0000
0.0000
0.0000
0.0000
1.6142
0.0000
0.0000
0.2781
0.0000
0.0000
0.0000
0.0000
0.0000
0.0000
0.0000
0.0000
0.4070
0.5305
0.0000
0.0000
0.0000
0.9389
0.0000
1.0425
0.0000
0.0000
0.5389
1.0226
0.0000
0.0000
0.0000
0.0000
0.0000
0.0000
0.0000
0.8764
1.0986
1.2657
0.0000
0.3269
0.0000
0.0000
0.0000
0.0000
0.0000
0.0000
0.0000
0.0000
0.0000
0.0000
0.0000
0.0000
0.0000
0.0000
0.0000
0.3126
0.0000
0.0000
0.0000
1.0382
0.0000
1.7194
0.0000
0.0000
0.7685
0.0000
0.0000
0.0000
0.0000
0.0000
2.2303
3.7616
0.0000
1.5529
0.0000
0.0000
0.0000
0.0000
0.0000
0.0000
0.0000
0.0000
0.0000
0.0000
1.1184
3.1119
1.7430
0.0000
0.0000
0.5744
0.0000
0.0000
0.3707
0.0000
3.3826
0.0000
0.0000
0.8227
0.0000
2.3211
2.7730
3.3935
0.0000
0.0000
0.0000
0.0000
0.0000
0.0000
0.2654
0.9358
0.0000
0.0000
0.0000
0.0000
0.0000
0.0000
0.0000
0.0000
0.0000
2.0263
0.0000
0.0000
0.0000
0.4001
0.0000
0.0000
0.0000
0.3991
0.0000
2.8920
0.0000
0.0000
0.0000
1.5578
0.0000
0.0000
0.0000
0.1639
0.0000
0.0000
0.0000
0.0000
0.0000
0.0000
0.0000
0.0000
0.0000
0.0000
0.0000
1.0641
0.0000
2.7577
0.0000
0.0000
0.0000
0.0000
0.0000
0.0000
0.0000
1.3416
0.0000
0.0000
0.1618
0.0000
1.9089
2.4873
0.0000
0.0000
0.0000
0.0000
0.0000
0.0000
0.0000
0.0000
0.0000
0.0000
0.3923
0.0000
1.4474
0.0000
1.1473
0.0000
0.0000
0.0000
0.0000
0.0000
0.0000
0.4632
5.3046
1.6075
0.0000
0.6514
0.0000
0.0000
0.0000
0.0000
0.1125
0.7279
0.3797
0.0000
0.0000
0.0000
0.0000
0.0000
0.1574
0.0000
0.0000
0.3743
0.0000
0.0000
0.0000
1.5212
0.0000
0.0000
3.6679
0.8696
1.1297
0.0000
0.5059
0.0000
0.0000
3.3621
2.6279
0.0000
0.0000
0.0000
0.0000
1.2022
0.0000
0.0000
0.0000
0.0000
0.0000
1.0283
0.0000
0.0000
0.0000
0.0000
0.0000
1.2562
0.3326
0.3865
0.0000
0.0000
0.0000
0.0000
0.0000
0.0000
0.0000
0.7391
0.0000
0.0000
0.0000
3.1886
0.0000
0.0000
0.0000
0.0000
0.0000
0.0000
0.0000
0.0000
0.0000
1.9360
0.0000
0.0000
0.0000
0.0000
0.0000
1.6156
0.8460
0.4100
0.0000
0.0000
0.0000
0.0000
0.0000
2.8590
0.0000
0.0000
0.0000
0.0000
0.0000
0.0000
0.0000
0.0000
0.0000
0.0000
0.0100
0.0000
0.0000
0.0000
1.0805
0.3595
0.0829
0.0000
1.3633
0.0000
0.0000
0.0000
0.0000
2.4597
0.0000
0.0000
0.1179
0.4907
0.0000
3.1747
0.0000
0.0000
0.0000
0.0000
0.0000
0.0000
0.0000
0.0000
0.0000
0.8278
0.0000
0.0000
0.8864
0.4802
0.4033
0.0000
2.7810
0.0000
0.0000
0.0000
0.0000
0.1929
0.0000
0.0000
0.0000
2.0115
0.0533
0.0000
0.8886
0.0487
0.0000
0.0000
0.0000
0.0000
0.0000
0.0000
0.0309
0.0000
0.0000
0.0000
0.3941
0.0000
0.0000
1.0624
0.8339
0.0000
0.0000
0.0000
0.5372
0.0000
0.0929
0.0000
1.3877
1.4517
1.8155
0.0000
0.0000
0.1882
1.0333
1.6068
1.3979
0.0000
0.0000
0.0000
0.0000
0.0000
0.1060
0.0000
2.6108
0.0000
0.1944
0.0000
0.0000
0.0000
0.0000
0.0000
0.0000
0.0000
0.0000
0.0000
0.0000
0.0000
0.6954
0.0000
0.0000
0.0000
0.0000
0.0000
0.0000
0.0000
0.0000
0.0000
1.6507
0.0000
0.0000
1.3065
0.0000
1.1728
0.4390
0.0000
0.0000
0.0000
0.0000
3.0895
0.0000
0.0000
0.0000
0.6578
0.0000
0.0000
2.1421
2.5686
0.0000
2.1996
0.0000
1.2481
0.0000
0.9717
0.1161
0.0000
2.3968
0.0000
0.0000
0.0000
0.0000
0.0000
0.0000
0.0000
0.6270
1.3811
0.0000
0.6183
0.0000
0.1753
0.0000
0.0000
0.0000
0.0000
0.0000
2.1454
0.0000
1.3776
3.4028
0.0000
0.2566
1.8278
1.2367
0.0000
0.3751
1.7311
0.8319
0.0000
0.0000
0.0000
1.6368
1.1210
0.0000
1.2214
1.2110
2.0475
0.4713
0.0000
0.0000
0.0000
0.0000
0.0000
1.1094
1.3408
5.3877
0.0000
0.0000
2.4038
0.0000
2.1878
0.0000
0.0000
0.0000
0.0680
0.0000
0.0000
0.0000
0.0000
0.0000
0.0000
2.4974
0.0000
0.6908
0.0000
0.8398
0.0000
0.0000
0.0000
0.0000
0.0000
0.1085
1.8187
0.0000
0.0000
1.3696
0.0000
0.0000
3.4426
0.0000
0.0000
0.1312
0.0000
0.2087
0.1561
0.0000
1.2413
0.0000
0.0000
0.0000
0.0000
0.0000
1.7980
0.0000
0.0000
0.0000
0.0000
1.6660
0.0000
3.8791
1.3452
0.7716
0.0000
0.0000
0.0000
0.0000
0.0000
0.0000
1.0261
0.0000
1.2631
0.0000
0.0000
0.0000
0.0000
0.5899
0.0000
0.0000
0.0000
0.0000
0.0000
1.2588
0.0000
0.0000
1.9126
0.0000
1.1803
0.0000
0.0000
0.0000
0.0000
0.0098
0.0000
0.0000
0.0000
0.0000
0.0000
0.0000
2.8639
0.0000
0.0000
0.0000
0.0000
0.0000
1.3324
0.0000
0.0000
1.0190
0.0000
2.2025
0.0000
0.0000
0.0000
0.0000
0.0000
0.0000
0.0000
0.0000
0.0000
0.0000
0.0000
0.0000
0.4352
0.2850
0.0000
0.0000
0.0000
0.0000
1.9198
0.0000
0.0000
0.0000
0.0000
0.0000
0.0000
0.3028
1.7046
0.0000
0.0000
0.0000
1.0391
0.0000
0.0000
0.0000
1.1667
0.0000
1.4084
0.0000
0.0000
0.0000
0.0000
1.7804
1.1355
0.0000
1.6051
0.5869
0.0000
0.5474
0.0000
3.6724
0.1409
0.0000
0.0000
0.0000
0.0000
0.0000
0.0000
0.2111
0.0000
1.2715
0.0000
0.0000
1.2694
0.0000
0.0000
0.0000
0.0000
0.0000
0.0000
0.0000
2.6628
0.0000
0.0000
1.0844
4.2540
1.0350
0.0000
0.0000
0.0000
0.0000
0.0000
0.0000
0.0000
3.3300
1.1027
0.0000
2.1757
3.7036
0.0000
0.0000
2.1166
0.0000
0.4169
0.0000
0.0000
2.3893
0.0000
0.0000
0.0000
0.0000
0.0000
0.0288
0.0311
0.0000
0.0000
0.0000
1.3796
0.0000
1.0559
0.0000
0.0000
0.0000
0.0000
0.9131
0.0000
0.0000
0.0000
1.3778
1.8941
0.0000
0.0000
0.0000
0.0000
0.0000
0.7553
1.3904
0.0000
0.0000
1.0904
0.0000
1.9845
3.2562
0.0000
0.0000
0.0000
0.0000
0.0000
1.9874
0.8941
0.0000
0.0000
0.0000
0.0000
0.0000
0.0000
0.0000
0.0000
0.0000
0.0000
0.0000
0.0000
0.0000
0.0000
0.0000
1.0363
0.0000
0.8837
0.0000
0.0000
0.0000
1.2502
0.0000
2.0228
0.0000
0.0000
0.0000
2.1997
0.0000
0.0000
0.3086
0.2942
0.0000
0.0000
0.1540
0.0000
0.0000
0.0000
0.0000
0.0000
0.0000
0.0000
2.8220
0.5186
0.0000
0.0000
0.0000
0.0000
0.0000
0.0000
2.7941
0.0000
0.0000
0.0000
0.0000
0.0000
0.0000
0.0000
0.0000
0.0000
0.0000
0.0000
0.0000
1.4251
0.0000
0.0000
0.0000
0.0000
1.3181
0.0000
0.0000
0.0000
0.0000
1.5086
0.0000
0.0000
0.0000
0.0000
0.4980
3.5019
0.0000
1.6423
0.2979
0.8220
0.0000
0.0000
0.0000
0.0000
0.0000
2.0485
0.0000
0.0000
0.0000
2.0534
0.0000
3.3236
0.0000
1.1828
0.0000
0.0000
0.0000
0.0000
0.0000
0.0000
2.4286
0.0000
1.7576
0.0000
0.0000
0.0000
0.0000
0.3160
0.0000
0.0000
0.0000
0.1379
0.0000
0.0000
0.0000
0.0000
0.0000
0.0000
0.0000
0.0000
0.0000
0.0000
0.0000
0.1168
2.8337
0.7657
0.0000
0.0000
0.0743
0.0000
0.0000
0.0000
0.0000
1.8909
1.8049
1.5093
0.0000
0.0041
0.0000
1.4285
0.0000
0.0000
0.0000
0.0000
0.0000
0.0000
0.0000
0.0000
0.0000
0.0000
0.0000
0.0000
2.6601
0.2624
0.0000
1.7433
0.0000
0.0000
0.0000
0.0000
0.0000
0.0000
1.3252
0.0000
0.0000
0.0000
1.5360
0.5826
0.0000
0.0000
0.0000
0.0000
0.0000
0.0000
0.0000
0.0000
0.0000
0.0000
0.0000
0.0000
0.0000
0.1415
0.0000
0.0000
0.4057
0.0000
0.0000
0.0000
0.1040
0.0000
3.8863
0.0000
0.0000
0.0000
0.1936
0.0000
0.0000
2.3793
0.0000
0.0000
0.0000
2.6800
1.0286
0.0000
1.4532
0.0000
0.0000
4.3595
0.0000
0.0000
0.0000
2.1748
0.0000
0.4562
1.6000
0.0000
1.2059
0.2090
0.0000
0.0000
0.0000
0.0000
0.0000
0.0000
0.7934
0.0000
0.0000
0.0000
0.0000
0.0000
0.0000
0.0000
0.8355
0.0000
0.0000
0.0000
0.0000
0.0000
0.0000
0.0000
0.0000
0.0000
1.4197
0.0000
0.0000
1.1321
0.0000
0.0000
0.0000
0.0000
2.3567
0.0000
0.0000
0.0000
0.0000
0.0000
0.0000
0.0000
0.0000
0.3523
0.5339
1.1712
0.0000
0.2920
0.0000
0.0000
0.0000
1.7188
0.0000
0.0000
0.0000
0.0000
0.6282
0.9082
0.0000
0.0000
0.0000
0.0000
0.0000
0.0000
0.0000
0.0000
0.0000
0.0000
0.9812
0.0000
0.0000
0.0000
0.0000
0.0000
0.0000
0.0000
0.0000
1.5658
0.8556
0.0000
0.0000
0.0000
3.4200
7.7098
0.0000
0.0000
1.7966
0.0000
0.0000
0.0000
0.0000
0.0000
0.0000
0.0000
0.0000
0.0000
0.0000
0.0000
0.0000
0.0000
0.0000
0.0000
0.0000
0.0000
1.6900
0.0000
0.0000
0.0803
0.0000
0.0000
1.3707
0.0000
0.0000
0.8826
0.0000
1.2922
0.9413
0.0000
0.0000
0.0000
3.8858
0.0000
0.2485
0.0000
1.7246
0.0000
0.0000
1.4471
0.0000
0.0000
0.0000
0.0376
0.0000
0.8095
0.0000
0.0000
1.5091
0.0000
0.0369
0.0000
0.0000
1.2472
0.0000
0.0000
1.7321
0.0000
0.0000
0.0000
1.4258
0.6769
1.6583
0.4831
0.0000
0.5976
1.3663
0.0000
0.0000
0.0000
0.0000
0.9415
0.0000
0.0000
0.0000
0.0000
0.0000
0.0000
0.0000
3.4161
0.6216
0.0000
3.7740
0.0000
0.0000
0.0000
0.0000
1.5089
0.0000
0.7687
0.0000
0.8846
0.0000
0.0000
0.0000
1.0043
0.0000
0.0000
0.0000
0.0000
0.0000
0.0000
1.4765
0.0000
2.0111
0.0000
0.0000
0.0000
0.0000
0.0000
0.0000
1.5451
0.0000
1.7568
0.0000
0.0000
0.0000
1.8150
1.1347
0.0000
0.0000
1.6310
0.4607
0.0000
0.0000
0.0000
0.0000
0.0000
0.0000
0.0000
3.6006
0.4314
0.0000
0.0000
0.0000
4.2043
1.3530
0.0000
0.0000
0.0000
0.0000
0.0000
0.0000
0.0000
0.0000
0.0000
0.0000
0.0000
0.0000
0.0000
0.0000
0.0000
0.0000
0.3359
0.6544
0.0000
0.0000
0.0000
0.0000
0.1917
0.0000
0.0000
0.4353
0.0000
2.2736
0.0000
0.0858
0.0000
1.8957
0.0000
0.0000
0.0000
0.0000
1.6805
0.0000
0.0000
2.0289
1.8369
0.0000
0.0000
0.0000
0.0000
0.0000
0.0000
0.0000
0.0000
0.0000
0.5436
0.0000
0.0000
0.0000
0.3925
0.0000
0.0000
0.8262
0.0000
0.0000
0.0000
0.0000
0.0000
0.0000
0.0000
0.0000
1.1860
0.0000
0.7579
0.0000
0.0000
0.0000
0.0000
0.0000
0.0000
0.0000
0.2161
0.0000
3.4382
0.0000
0.0000
2.2497
0.0000
0.0000
0.0000
0.0000
2.6568
0.0000
0.0000
0.0000
0.0000
0.0000
0.0000
0.0000
0.0000
0.0000
1.1748
0.0000
0.0000
2.2550
0.0000
0.8652
0.0000
0.0000
1.4776
0.0000
0.0000
1.2875
1.1538
2.1678
1.7435
0.0000
5.2081
0.4870
0.0000
0.0000
0.0000
1.5931
0.0000
2.5508
0.0000
0.0000
0.0000
0.0000
0.0000
2.2757
0.0000
0.0000
1.9296
0.0000
0.0000
0.0000
0.6753
0.0000
0.0000
0.0000
2.4434
0.0000
0.0000
0.0000
1.2432
0.0000
0.2164
0.0000
0.0000
1.1715
0.0000
0.0000
0.0000
4.9275
1.3989
4.7655
0.0000
1.1329
3.0641
0.2966
0.0000
0.0000
0.0000
0.0000
0.3487
1.2633
0.0000
0.0000
4.7423
0.0000
0.0000
0.0000
0.6023
1.4840
0.7058
0.1292
1.8511
0.0000
0.0000
0.0000
2.0178
0.7508
0.4537
0.8822
0.0000
0.0000
1.7384
0.0000
1.9516
0.0000
0.0000
1.2245
0.0000
0.6107
0.0000
1.3412
0.0000
2.6556
0.0000
0.0000
0.0000
0.0000
0.0000
1.5899
0.0000
0.0000
0.0000
1.6458
0.0000
1.4250
0.0000
0.0000
0.0000
0.0000
0.5428
0.0000
0.0000
0.0000
0.0000
0.0000
0.0000
0.0000
0.0000
0.0000
0.2525
0.3493
0.0000
0.0000
1.0856
0.0000
0.0000
0.0000
0.3138
2.4983
1.2013
0.1826
0.3454
0.0000
0.2446
0.0000
0.0000
0.0000
0.0000
0.0000
0.0000
1.8385
0.0000
0.0000
5.4035
0.0000
0.0000
0.1455
0.0000
0.0000
0.0000
1.5648
0.0000
0.0000
0.0000
0.0000
0.0000
0.0731
0.0000
0.0000
0.0000
1.2866
0.0000
2.8293
2.0669
0.0000
0.0000
0.5499
0.0000
2.0497
0.0000
1.9629
0.0000
0.7132
0.0000
0.0000
1.8523
0.0000
0.0000
0.0000
0.0000
0.0000
0.6084
1.4361
1.6663
0.0000
0.0000
3.4551
0.0000
0.0000
0.0000
0.4000
0.0000
0.0000
0.0000
0.0000
0.0000
0.8581
0.0000
0.0000
0.9425
0.0000
0.0000
0.0000
0.0000
0.7512
1.7466
0.0000
0.0000
1.8238
0.7078
0.0000
0.0000
0.0000
0.0000
0.0000
0.5600
3.6437
0.0000
0.0000
0.0000
0.0000
0.2671
0.0000
0.4449
2.7356
0.0000
0.0000
0.0000
0.6259
4.2344
0.0000
0.0000
0.0000
0.0000
0.0000
0.0000
0.0000
0.0000
0.1121
0.0000
0.0000
0.0000
0.0000
2.5566
0.0000
0.0000
0.2765
0.0000
0.0000
0.0602
0.0000
0.0000
0.0000
0.0000
4.7347
2.3651
0.0000
0.0000
0.2988
0.0000
0.0000
0.0000
1.5045
0.0000
0.0000
1.5151
4.3865
0.0000
0.0000
0.0000
0.0000
0.0000
0.0000
0.7676
0.0000
0.0000
0.0000
8.7760
0.0000
1.2837
0.0000
0.0000
0.0000
0.0000
0.0000
0.0000
0.0000
0.0000
0.7571
0.0000
0.0000
0.0000
0.5306
0.0000
0.0000
0.0000
0.0000
0.0000
0.0000
1.0574
0.0000
0.0000
0.2454
1.1024
1.0112
0.0000
0.0000
1.9101
0.0000
0.2681
3.9331
0.0000
0.0000
0.0000
0.0000
0.0000
0.0000
0.0000
0.0000
0.0000
0.0000
0.0000
0.0000
0.0000
0.0000
0.0000
0.0000
2.9983
0.0000
2.0910
0.0000
0.0000
0.7939
0.0000
0.0000
0.0000
0.0000
0.0000
0.0000
0.0000
1.4639
0.1403
0.0000
0.0000
1.8856
0.0000
0.3375
0.0000
0.0000
0.0000
2.1518
0.0000
0.0000
0.0000
0.0000
0.0000
0.0000
0.0000
0.0000
0.0000
0.0000
0.0430
0.0000
0.7885
0.0000
0.0000
0.7445
0.0000
0.0000
0.1327
0.2050
1.6036
0.0000
3.8844
1.6690
0.0000
1.8464
0.9539
0.1519
2.5606
0.9017
0.0000
0.0000
0.0547
0.0000
0.0000
0.0000
0.0000
0.0000
0.0000
0.0000
0.0000
0.0000
0.0000
1.6131
0.0000
2.6857
0.0000
2.7583
0.0000
0.0000
1.1631
0.0000
0.6553
0.0000
0.0000
0.0000
0.0000
1.3878
0.7243
0.0000
0.0000
0.0000
0.0000
1.2762
0.0000
0.0000
0.9019
0.0000
0.0000
3.6645
0.0000
0.8976
0.0000
0.0000
0.0000
0.0000
3.2158
0.0000
0.0000
0.0000
0.0000
0.0000
0.0000
0.0000
0.0000
0.0000
0.0000
0.0000
0.0000
0.0000
0.0000
0.0000
1.7004
0.0000
0.0000
0.0000
0.0000
0.0000
1.6720
0.0000
0.0000
0.0000
0.8364
0.0000
1.9398
1.4419
0.0000
0.0000
0.0000
0.0000
0.0975
0.0000
0.0000
0.0000
4.7642
0.0000
0.0000
1.4816
0.0000
0.0000
1.2030
0.8948
0.0000
0.0000
0.0000
1.3008
0.0000
0.0000
1.1233
0.0000
1.0862
0.0000
0.6145
0.0000
0.0000
0.0000
0.0000
0.0000
0.0000
0.0000
0.0000
0.0000
0.0000
0.0000
0.0000
0.7512
0.0000
0.0000
0.4614
0.0000
0.2126
0.0000
0.0000
0.0000
0.0000
1.2995
1.1963
0.0000
0.0000
2.4854
0.0000
0.4340
0.0000
5.6222
0.0000
0.2390
0.9064
3.9193
0.0000
0.0000
0.0000
0.0000
0.0000
0.0000
0.0000
0.0000
0.0000
0.0000
0.0000
0.0000
0.0000
0.0000
1.4877
0.0000
0.0000
0.0000
0.0000
0.0000
0.0000
0.0000
4.0730
0.0000
0.0000
0.0000
2.2811
0.0000
0.0000
0.0000
1.6479
0.0000
0.0000
0.0000
0.0000
0.0000
0.0000
0.0000
0.0000
0.0000
0.0000
0.0000
0.0000
0.0000
0.0000
0.0000
0.0000
0.0000
1.9871
0.0000
0.3628
0.0000
0.0000
0.0000
0.0000
0.4533
0.0000
0.0000
0.0000
0.0000
0.0000
0.9085
0.0000
0.6610
0.0025
0.0000
2.0112
0.0000
0.0000
0.2839
0.0000
0.0000
0.0000
0.0000
0.0000
1.5038
0.0000
0.0000
0.0000
0.0000
0.0000
2.6486
1.9239
0.0000
0.1046
0.0000
0.1981
0.0000
2.9606
0.6644
0.3365
0.0000
0.0000
0.0000
0.0000
0.0000
0.0000
2.6328
0.0000
0.0000
1.4868
0.0000
0.0000
0.0000
0.0000
0.0000
0.4497
0.0000
0.0000
0.0000
0.0000
0.0000
0.0000
0.0000
0.8539
0.0000
0.0000
2.2276
2.6265
0.0000
0.9384
0.0000
0.0000
0.0000
1.0571
0.0000
2.5354
0.0000
0.3458
0.0000
0.0000
0.0000
0.8060
0.0000
0.0000
0.0000
0.0000
0.0000
1.8142
1.2845
0.0000
0.0000
0.0000
0.4227
0.2206
0.0000
0.0000
0.0000
1.4067
0.0000
0.0000
0.0000
0.0000
0.0000
2.3179
0.0000
0.0000
0.0000
1.3930
0.0000
0.7076
1.8590
0.0000
0.0000
0.0000
0.0000
0.6558
0.0000
0.0000
0.0000
0.0000
0.0000
0.0000
2.1691
0.0000
0.2681
0.0000
0.0000
0.2336
0.0000
0.0000
0.0000
0.0000
0.0000
0.0000
0.0000
0.0517
0.9609
0.0000
0.0000
0.6092
0.3673
0.0000
3.6390
0.0000
0.0000
0.0000
0.0000
0.0000
0.8700
0.0000
0.0000
0.0000
0.0000
0.0000
0.0000
0.0000
0.0000
0.0000
0.0000
0.0000
3.1001
0.0000
0.0000
0.8377
0.0000
0.0000
1.5135
0.0000
0.0000
0.0000
0.0000
2.2231
0.7358
0.0000
0.0000
1.2150
1.4158
3.1977
0.0000
0.0000
0.0000
0.0000
0.0000
0.0000
0.0000
2.7613
0.0000
3.2360
0.0000
0.0000
0.0000
0.4968
0.8115
0.9025
0.0000
3.4483
2.6941
0.0000
0.0000
1.5068
0.0000
0.0000
0.0000
0.7253
0.0000
0.0000
0.0000
0.0000
2.1068
0.0000
0.6140
2.9753
1.0832
0.0000
0.0000
0.0000
2.2509
0.0000
0.1421
0.0000
0.0000
0.0000
0.0000
0.0000
4.4414
0.0000
0.0000
0.0000
0.0000
0.0000
0.9459
2.1009
0.0000
0.1294
0.0000
0.0000
0.0000
0.0000
0.9650
5.5874
0.0000
0.0000
0.0000
0.7087
3.9335
0.0000
0.0000
0.0000
0.0000
0.0000
0.0000
0.7862
0.0000
0.0000
3.0124
0.0000
0.0000
0.0000
0.0000
0.0000
0.5436
0.6918
0.0000
0.0000
0.0000
1.2125
1.5547
0.0000
0.0000
0.0000
0.0000
0.0000
0.0000
4.6972
0.0000
2.3174
0.0000
0.0000
2.7976
0.0000
0.0000
0.0000
0.0000
0.0599
0.3345
4.6421
0.0000
0.0000
0.0000
0.0000
0.0000
0.0000
0.0000
0.0000
0.8509
0.0000
0.0000
0.0000
0.0000
0.0000
0.0000
2.9386
5.7098
0.0000
0.0000
0.0000
0.0000
0.2812
0.0000
0.0000
0.0000
0.0000
0.2738
2.4009
0.0000
0.6995
1.2946
0.0000
0.0000
0.0000
0.0000
0.0000
2.4547
0.5248
0.0000
0.0000
0.0000
0.0000
0.0000
0.6410
0.0000
4.7539
0.0000
0.0000
0.5195
0.0000
0.0000
0.0000
1.4981
0.0000
0.0000
0.1426
1.3972
0.0000
0.0000
0.0000
0.0000
3.8738
0.0000
0.7636
0.4252
0.0000
0.0000
0.0000
0.0000
0.0000
0.0000
0.0000
1.8221
0.0000
0.0000
0.0000
0.0000
0.0462
0.0000
0.0000
2.0306
0.0000
0.0000
1.5854
2.8268
0.1863
1.6501
0.3952
0.0000
2.6816
0.0000
0.0000
0.0000
0.0000
0.0000
0.0000
0.0000
0.0000
0.0000
0.0000
0.5121
0.0000
0.0000
0.0000
0.0000
0.0000
0.0000
0.4729
0.5418
0.0000
0.0000
0.0000
3.9872
0.0000
0.7596
0.0000
0.0000
1.7130
0.7594
0.0000
0.0000
0.0000
0.0000
0.0000
0.0000
0.9548
0.0000
3.6519
0.0000
0.0000
0.0000
0.0000
0.0410
0.0000
0.8755
0.0000
0.0000
0.0000
1.8390
0.4708
0.0000
0.0000
0.0000
0.0000
0.0000
1.9496
0.0000
0.0000
0.0000
0.0000
0.0000
0.0000
0.0000
0.0000
2.4869
0.0000
0.0000
2.6194
2.9912
0.5406
0.0000
0.0000
0.0000
1.3369
0.0000
0.0000
0.0000
0.0000
0.0000
0.6210
2.0460
0.0000
0.0000
3.5521
0.2769
1.1381
1.8133
0.0000
0.0000
0.0000
0.0000
3.0040
0.0000
0.0000
0.0000
0.0000
0.0000
0.4122
3.8292
0.0000
0.0000
0.6678
0.7489
0.7495
0.0000
1.8314
0.0000
0.0000
0.0000
0.5541
3.6730
0.0000
0.0000
0.0000
0.3190
0.0000
2.8975
0.0000
0.0000
0.0000
0.0000
0.0000
0.0000
0.0000
0.0000
3.1496
0.0000
0.0000
0.0000
0.4669
0.5831
0.0000
2.8193
0.0000
0.0000
0.0000
0.0000
0.0000
1.9218
0.0000
0.0000
0.0000
0.0000
0.0000
3.6833
0.0108
0.0000
0.0000
0.0000
0.0000
1.6641
0.0000
0.0000
0.0000
0.0000
0.0000
0.0000
1.6403
0.0000
1.6622
0.0000
0.0000
0.0000
0.0000
0.0000
0.0000
1.6658
0.0000
0.3589
0.0000
0.0000
0.0000
0.0000
0.0000
0.0000
0.0000
0.4224
0.0000
0.0190
0.0000
0.0000
0.0000
2.6411
0.0000
0.0000
1.4162
0.0000
0.0000
0.0000
2.3509
0.0000
0.0000
0.0000
0.0000
0.0000
0.5047
2.4397
0.0000
0.0000
0.0000
0.0000
0.7437
0.0000
0.0000
0.0000
1.6030
0.0000
0.0000
0.0000
0.0000
0.0000
0.7182
0.0000
0.0000
0.0000
0.0000
0.0000
6.5812
0.0000
0.0000
3.5356
0.0000
0.0000
0.0950
0.0000
0.4958
0.0000
0.0000
0.9885
0.0000
0.0000
0.0373
2.2339
0.0000
0.0000
0.7050
0.0000
0.3961
0.2493
0.2137
0.0000
0.0000
0.0000
0.0000
0.0000
3.2132
0.0000
0.0000
0.0000
0.1603
0.0000
0.0000
0.0000
0.0000
0.0000
0.5260
0.0000
0.0000
0.0000
0.0000
0.0000
3.3291
0.0000
0.0000
0.0000
0.0000
0.0000
0.0000
0.0000
1.3081
0.0000
0.0000
0.0000
0.0000
0.0000
0.0000
0.0000
0.0000
0.0000
0.0000
0.0000
0.0000
0.0000
0.0000
0.7967
0.0000
0.0000
0.0000
0.0000
0.0000
0.0000
2.3561
0.0000
0.0000
0.0000
0.0000
1.7164
1.8529
0.0000
0.0000
0.0000
0.0000
4.8707
0.0000
0.1941
0.0000
4.9849
3.1248
0.0000
0.0000
0.0000
0.0000
0.0000
0.0000
0.0000
1.9549
0.0000
0.0000
0.0000
4.5618
0.0000
0.0800
0.0000
0.0000
0.0000
0.0000
3.5589
0.0000
0.0000
0.0000
0.0000
0.3093
0.0000
0.0000
0.0000
0.0000
0.0000
0.0000
0.0000
0.0000
0.0000
0.0000
0.0000
0.0000
0.0000
3.6585
0.0000
1.2484
0.0000
0.0626
2.5266
0.0000
2.5258
0.0000
1.9233
0.0000
0.0000
1.4617
0.0000
0.4942
0.0000
0.6042
0.0000
0.0000
0.4520
0.0000
0.0000
0.0000
0.0000
0.0000
0.0000
1.0767
0.0000
0.0000
0.0000
2.3558
0.0542
0.0000
0.0000
0.0000
0.0000
1.6846
0.0000
0.0000
0.5249
3.9334
0.0000
0.0000
0.0000
0.0000
6.4566
0.0000
2.2981
0.0000
0.3887
0.0000
0.0000
0.0000
0.0000
0.0000
0.0000
0.0000
0.5258
3.1023
0.2972
2.9560
0.0000
0.0000
1.5075
0.0000
0.0000
0.0000
0.0000
0.0000
0.7576
0.0000
0.0000
1.9862
0.0000
0.0000
0.0000
2.8333
0.2749
0.2876
0.0000
0.0000
0.0000
0.0000
0.0000
2.0229
0.2739
0.0000
0.0000
0.0000
0.0267
1.5903
0.0000
0.0000
0.0000
0.0000
0.0000
0.1859
0.2013
0.0000
0.0000
0.0000
0.0000
0.0000
0.2061
0.3489
0.0000
0.0000
0.0000
0.0000
2.6768
1.2021
0.8055
0.0000
0.0000
2.9530
0.0000
0.0000
0.0000
0.0000
0.0000
0.0000
0.8524
0.0000
0.0000
0.0000
0.0000
2.1552
1.9459
0.0000
1.6231
0.0000
0.9543
0.0000
0.5946
0.0000
0.1554
0.0000
0.6009
0.9303
0.0000
0.0000
0.0000
0.5014
0.0000
0.0000
0.0000
0.0000
0.0000
0.3385
0.0000
0.0000
0.0000
0.0000
0.0000
5.0073
0.0000
0.5746
0.0000
1.0195
0.0000
0.0000
0.0000
0.0000
1.0928
0.0000
1.0904
1.7597
0.0000
2.0475
1.3194
0.8076
0.0000
0.0000
1.3610
0.0000
0.0000
0.0000
0.0000
0.0000
0.0000
0.0000
0.0000
0.0000
0.0000
0.0000
0.0000
0.0000
0.0000
0.0000
0.0000
0.0000
0.0000
0.0467
0.0000
0.0000
1.3729
0.7201
1.8055
1.6503
0.7361
0.8717
0.0359
0.0000
1.0648
0.0000
0.0000
0.0000
0.0000
0.0000
0.0000
5.5020
0.0000
0.0000
3.5394
1.1296
2.0040
1.3112
0.0000
2.2379
0.0000
0.0000
0.0000
0.0000
0.0000
0.0000
0.0000
2.3591
0.0000
0.6705
0.0000
0.0000
0.6349
0.0000
0.0000
2.0171
0.0000
0.0000
0.0000
0.0000
0.0000
0.0000
