0.0000
0.0000
0.0000
0.0000
0.4846
0.0000
0.0000
0.0000
0.3487
2.1303
0.4979
0.0000
0.8763
0.0000
0.0000
0.0000
0.0000
0.0000
0.0000
0.0000
1.5362
0.0000
2.1434
1.5939
2.8362
1.8132
0.0000
0.9138
0.0000
0.0000
0.0000
0.0000
1.6511
0.0000
1.8962
0.0000
0.0000
0.0000
0.6911
1.2109
0.0000
0.0000
0.0000
0.0000
0.0000
0.2211
0.0000
0.0000
0.0000
0.1400
0.0000
0.0000
0.0000
0.0000
0.0000
0.0000
1.1853
0.0000
0.0000
0.0000
0.0000
1.7276
0.0000
2.7262
0.0000
0.4813
0.0000
0.0000
0.3122
0.0000
0.4496
3.3853
1.0919
0.0000
0.0000
3.3721
0.0000
0.0000
0.0000
0.0000
0.0476
0.0000
0.0000
0.0000
0.0000
0.1242
0.6339
1.8578
0.0000
0.0000
0.0000
0.0000
0.9162
0.0000
0.0000
0.0000
0.0000
0.0000
2.5280
0.0000
0.0000
0.0000
0.0000
0.0000
0.7542
0.7818
0.0000
0.0000
0.0000
2.9732
0.7080
0.0000
0.0210
0.0189
0.0000
0.0000
0.9185
0.0000
0.0000
0.0000
2.5655
0.0000
0.6059
0.8297
0.6519
0.0000
1.0825
1.6073
0.5704
0.0000
0.0000
0.0000
0.0000
0.0000
2.0745
0.0000
1.6765
1.1595
0.0000
3.5121
3.2822
0.0000
2.0484
1.2394
2.4223
0.0000
0.0000
2.5508
1.6669
0.0000
0.0000
1.6373
2.0177
0.2613
0.0000
0.0000
0.1826
0.0000
0.0346
0.0000
0.0000
0.0000
2.1334
0.0000
0.0000
0.3624
0.0000
0.0000
0.0000
2.4315
0.0000
0.0000
0.0000
0.0000
0.0000
0.0000
0.0000
0.8616
0.0000
4.1945
0.9517
1.8053
0.0000
0.0000
0.0000
0.0000
2.3228
0.0000
1.8369
0.0000
0.0000
0.0000
0.0000
0.0000
0.6319
0.0000
0.0000
0.0000
2.7206
1.8834
0.0000
0.2808
0.0000
0.0000
0.0000
0.0000
0.0000
0.0000
0.0000
0.0000
0.0000
0.0000
0.0000
0.0000
0.0000
0.0000
0.0000
0.0000
0.1807
0.0000
0.0000
0.0000
0.0000
0.0000
0.8942
0.0000
0.0000
0.0000
0.0000
0.0000
0.0000
0.1962
0.0000
0.0000
1.7704
0.0000
1.1288
0.0000
1.5005
0.0000
0.0000
0.0000
0.0000
0.0000
0.0000
0.1845
0.0000
0.0000
0.0000
0.0000
0.0000
0.0000
0.0000
0.4467
0.0000
0.1050
0.0000
0.0000
1.5412
0.0000
0.0000
0.0000
0.0000
0.0000
0.0000
0.0000
1.1115
0.5864
0.0000
1.1018
1.9062
0.0000
0.0000
0.3578
1.6585
0.0000
0.5732
0.0000
0.6352
0.0000
1.0455
0.0000
0.0000
0.0000
0.0000
1.0430
0.5768
0.0000
0.0000
0.0000
0.0000
0.0000
0.0000
0.0000
3.7306
0.0000
0.0000
1.2407
0.0000
1.6957
0.0000
0.0000
0.0000
0.0000
0.0000
0.0000
0.0000
0.0000
0.0000
0.0000
0.0000
1.0898
0.0000
1.2848
0.0000
0.0000
0.0000
0.0000
0.8263
2.4585
0.0000
0.9126
0.0000
0.0000
0.0000
2.5474
0.0000
1.3828
0.0000
0.8249
0.0000
0.0000
0.0000
0.0000
0.0000
2.0748
0.0317
0.0000
0.0000
2.7350
0.0000
0.0000
0.0000
0.0000
0.0000
2.5820
0.0000
0.0000
0.0000
0.0000
0.0000
2.3308
1.7765
0.0000
0.0000
0.0000
0.0000
0.0000
1.0670
0.0000
0.0000
0.0000
0.0000
0.0000
0.0000
0.0000
0.0000
0.0000
0.0000
0.0000
0.0000
0.8454
0.0000
0.0000
0.1877
0.0000
0.0000
0.0000
0.0000
0.0000
3.7124
0.3450
2.1453
0.0000
0.0000
0.0000
0.0000
0.0000
0.0000
0.0000
1.3504
0.0000
0.0000
0.0000
0.0000
0.9146
0.0000
0.0000
0.4897
0.6211
0.0000
0.4576
0.0000
0.0000
0.0000
0.0000
0.0000
0.0000
2.6765
0.0000
0.0000
0.0000
0.0000
2.8271
0.0000
0.1302
0.0000
0.0000
0.3507
0.0000
1.7808
0.0000
0.1309
0.0000
0.0000
0.0000
0.0000
1.4961
0.0000
0.0000
0.0000
0.0000
0.0000
0.0000
0.0000
0.0000
0.1356
0.0000
2.0166
0.0000
1.5897
0.0000
0.2346
0.0000
4.5164
0.3459
0.0000
0.0000
2.1992
1.2655
0.4572
0.0000
0.0000
0.0000
0.0000
0.0000
0.0000
0.0000
0.8106
0.0000
0.2154
0.0000
0.3223
0.0000
0.3230
0.0000
0.1680
0.0000
0.0000
0.0000
0.0000
1.7856
0.0000
0.0000
0.0000
1.1465
0.7441
0.0000
0.0000
0.0000
0.6459
0.0000
0.2397
3.0734
0.0000
0.3736
0.0000
1.3554
0.0000
0.7436
0.0000
0.0000
0.0000
0.0000
1.6731
0.0000
0.0000
0.0000
0.8849
0.0000
0.0000
0.0000
3.1454
0.0000
0.0000
0.0000
0.0000
0.0000
0.0000
2.1651
0.3065
0.0000
0.0000
1.2932
1.1025
0.0339
0.0000
0.0000
5.3163
0.0000
2.0493
1.3371
0.0000
2.1379
0.0000
0.0000
0.2660
0.0000
0.0000
0.0000
0.8921
0.0000
0.1025
0.0000
0.0000
0.2867
0.0000
0.0000
0.8460
0.0000
0.0000
0.0000
0.0000
0.0000
0.0971
0.0000
0.0000
0.0000
0.0000
0.0000
0.0000
0.0000
0.0000
0.0000
0.0000
0.0000
0.0000
0.0000
0.3148
0.0000
0.0000
2.4445
0.0000
0.0000
0.1907
0.9644
0.0000
0.0000
0.0000
0.0000
0.0000
0.0000
0.0000
0.0000
0.0000
0.0000
0.0000
0.0000
0.0000
1.6127
0.0000
0.0000
0.0000
0.0000
0.0000
0.0000
0.0000
1.0285
3.4372
0.0000
0.0000
0.4226
0.0000
0.0000
0.0000
0.0000
0.0000
0.0000
2.2204
0.1880
0.0000
2.6573
0.0000
0.2523
0.0000
0.2734
1.9897
0.0000
0.0000
0.1572
0.5952
0.0000
0.0000
5.0526
0.0000
2.6608
1.2522
0.0000
0.0000
0.0000
2.1474
0.0000
0.0000
0.0000
0.0000
1.5503
0.0000
0.4219
0.0588
0.0000
0.0000
0.0000
0.0000
0.0000
2.6730
2.7265
0.0000
2.4116
0.0000
0.0000
0.0000
0.9986
0.0000
0.0000
0.0000
0.0000
0.0000
0.0000
0.0000
0.0000
0.0000
1.1957
4.3581
0.0000
0.0000
0.0000
0.3770
0.0000
0.0000
0.0000
0.0000
1.6971
1.4511
0.0000
0.0000
0.0000
0.6086
0.0699
0.0000
0.0000
0.6498
0.0000
0.0000
0.0000
0.0000
0.0000
0.0000
0.0000
0.0000
0.0000
0.0000
0.1006
0.0000
0.0000
0.0000
1.3926
0.0000
0.8776
0.0000
0.7127
0.3263
0.0000
3.0424
0.0000
0.0000
0.0000
0.0000
0.0000
0.0000
0.0000
3.1069
1.4070
0.0000
0.5459
0.0000
0.0000
0.0000
0.0000
0.7968
1.5236
0.0000
1.8600
1.4300
0.0000
0.0000
0.0000
0.0000
0.0000
0.0000
0.0000
0.0000
0.0000
1.0607
1.6503
0.0000
0.0000
0.0000
0.0000
0.0000
0.4346
0.0000
0.0000
0.0000
0.4049
0.0000
0.0000
0.0000
1.2946
0.0000
2.3724
1.2626
0.0000
0.1852
1.2309
0.0000
0.0000
0.0000
0.0000
3.2880
0.0000
0.0000
0.0000
0.0000
0.0000
0.0000
0.0000
0.0000
0.0000
0.2939
0.0000
0.2992
0.0000
2.8607
0.0000
0.0000
0.4409
0.0000
0.0000
0.0000
0.0000
1.4590
0.0000
0.2004
0.0000
0.9073
0.0000
0.0000
0.0000
0.0000
0.5780
0.0000
0.0000
0.0000
1.4635
0.0000
0.0000
0.3975
2.0232
0.0000
0.0000
0.0720
0.0000
2.9558
0.0000
0.5216
0.5820
0.0000
0.0000
0.0000
0.0000
0.0000
0.4886
3.4991
0.1589
0.0000
0.0000
0.0000
0.0000
0.0000
0.0000
0.9484
0.0000
0.0000
0.3231
0.0000
0.0000
0.9997
0.0000
0.0000
2.2287
1.3204
0.0000
0.5110
0.0000
0.0000
0.0000
0.1339
0.0000
1.0042
0.0000
2.5409
0.0000
0.0000
0.0000
0.0000
0.0000
1.8913
0.0000
0.0000
0.0000
0.0000
0.0000
0.0000
0.8638
0.0000
0.0000
0.5189
0.0000
0.0315
0.0000
0.0000
0.0000
0.0000
0.0000
0.0000
0.0000
0.0000
0.0000
0.0000
0.9481
0.0000
0.0000
0.0000
0.0000
0.5124
0.0000
1.3478
0.0000
0.0000
0.0000
0.0833
0.0000
1.7701
0.0000
0.0000
0.0000
0.0000
1.7595
0.0000
0.0000
0.0000
0.0000
0.0000
0.0000
0.0000
0.0000
0.0000
0.0000
0.0000
0.0000
1.4007
0.0000
0.4801
0.0000
0.0000
0.0000
0.0000
1.4664
1.3529
0.0000
0.0000
0.0000
0.0000
0.0000
0.0000
0.0000
0.0000
0.0000
0.0000
1.1477
0.0000
0.0000
2.2307
0.0000
0.0000
0.0000
0.0000
0.6311
0.0000
0.0000
0.0000
0.0000
0.1428
0.0000
0.0000
2.2074
1.7591
0.0000
0.0000
0.0000
0.0000
0.0000
0.8874
0.0000
0.0000
0.0000
0.0000
0.3783
0.0000
0.7208
0.1460
0.2451
0.0000
0.0000
2.3789
2.3638
0.0000
0.0000
0.0000
4.0410
0.0000
0.2183
0.0000
0.0000
0.0000
0.0000
1.0419
0.0000
0.0000
0.0000
0.0000
0.8505
0.0000
0.1528
0.1174
0.0000
0.0000
0.8687
0.1374
0.0000
1.1543
0.0000
0.0000
0.0000
0.0000
0.0000
1.0320
0.0000
0.1781
0.0000
0.0000
0.5828
0.0000
0.0000
2.1273
1.1684
2.5556
0.0000
0.0000
0.0000
0.6323
0.0000
0.0000
0.0000
0.0000
0.0000
0.0000
0.0000
0.0000
3.1883
0.0000
0.0000
0.0000
1.1519
0.0000
2.2762
0.0000
0.0000
0.0000
1.4070
0.0000
0.9814
0.0000
2.5602
0.0000
0.0000
0.5280
2.3174
0.0000
1.4775
0.0000
1.7194
0.0000
0.0000
0.5719
0.0066
1.3118
0.7523
0.0000
0.4980
0.0000
0.0000
2.8454
0.0000
0.0000
0.0000
0.0000
0.0000
1.4737
0.0000
0.0000
0.1860
0.0000
0.0000
0.0000
0.0000
1.4337
0.0000
0.0000
0.0000
0.0000
0.0000
0.0000
0.0000
0.0000
0.0000
0.0000
0.0000
0.0000
0.0000
2.4769
0.0000
1.7171
0.0000
0.0000
1.9532
0.0000
0.0000
0.0000
0.1294
1.6268
0.0000
0.0000
0.0000
0.0000
0.0000
1.0444
0.0000
0.0000
0.4413
0.0000
0.0000
0.0000
0.0000
0.0000
0.7989
0.0000
0.0000
0.0000
0.0000
0.9563
0.6556
0.0000
0.0000
1.2503
0.0000
0.0000
1.6691
0.0000
0.0000
0.0000
0.0000
0.0000
0.0000
1.5069
0.0000
0.0000
0.0000
0.0000
0.0163
0.0000
0.0000
0.2886
0.0000
0.9485
0.0000
0.0000
0.0000
0.0000
0.0000
0.0000
0.8672
0.0000
0.0000
2.3995
0.8308
0.9094
0.0000
0.0000
0.0000
0.0000
0.0000
0.0000
0.0000
0.0000
0.0000
0.0000
0.0000
0.0000
0.0000
1.1858
0.0000
0.0000
0.0000
0.1412
0.3587
3.3123
0.0000
0.0000
0.5300
0.2318
0.0020
1.3850
0.0000
0.0000
0.0000
2.0107
0.0000
0.1732
0.0000
0.0000
0.0000
0.0000
0.0000
0.0000
0.0000
1.3637
0.0000
0.0000
0.0000
3.1851
0.0000
0.0000
1.8620
4.2591
0.0000
0.0000
0.0000
0.0000
0.0000
0.0000
1.0010
0.3687
0.0000
0.0000
0.0000
0.0000
0.0000
2.1180
0.0000
1.9702
0.0000
0.0000
0.0000
0.1108
0.0000
0.0000
0.0000
0.0000
0.0000
1.1014
1.1689
0.0000
0.0000
0.2524
0.0000
2.1306
0.0000
0.0000
0.0000
4.1001
0.0000
0.3660
0.0000
0.3939
0.0000
0.0000
0.0000
0.0000
0.0000
0.0000
0.0000
0.0000
3.1868
0.0000
0.0000
0.0000
0.0000
0.0000
0.0000
0.0000
0.0000
0.0000
0.0000
0.0000
0.0000
0.0000
0.0000
0.0000
0.0000
0.0000
0.0000
0.0000
0.0000
1.3593
0.0000
0.0000
0.0000
3.2498
0.0000
0.0000
0.0000
2.3027
0.0000
0.6358
0.0000
0.0000
1.8583
0.0000
0.0000
0.0000
0.0000
0.0000
0.0087
0.0000
0.0000
0.0000
0.0000
0.0000
0.0000
0.0000
0.9755
2.8447
0.0000
0.8906
0.0000
1.0135
0.0000
0.0000
1.8244
0.0000
0.0000
0.0000
0.0000
0.0000
0.0000
1.2476
0.0000
0.0000
0.0000
0.0000
0.0000
0.0452
0.0000
0.0000
0.0000
1.7088
0.0000
0.0000
0.0000
0.0000
0.0000
1.2183
0.0000
0.0000
0.3635
0.0000
0.0000
0.0000
0.0000
0.0000
0.0000
0.0000
0.0000
0.0000
1.6087
0.0000
0.0000
0.0000
1.0348
0.0000
1.4867
0.0000
0.0869
0.7099
1.1639
0.0000
0.0000
0.0000
0.0000
0.0000
0.0000
0.0000
0.5926
1.0131
1.5485
0.0000
1.2694
0.0000
0.0000
0.0000
0.0000
0.0000
0.0000
0.0000
0.0000
0.0000
0.8586
0.0000
0.0000
0.0000
0.1077
0.0000
0.3300
0.0000
0.0000
0.0000
0.7398
0.0000
0.2381
0.0000
0.0000
0.7691
1.2553
1.5408
0.0000
0.0000
0.0000
2.4026
2.8327
0.0000
2.2882
0.0000
0.0000
0.0000
0.0000
0.0000
0.0000
0.3006
0.0000
0.0000
0.0000
1.0693
3.0728
0.6111
0.0000
0.0000
0.0000
0.0000
0.0000
0.7979
0.0000
2.9458
0.0000
0.0000
0.4752
0.5697
0.4317
1.0393
3.6798
0.0000
0.0000
0.0000
0.0000
0.0966
0.0000
0.0000
0.0000
0.0000
0.0000
0.0000
0.0000
0.0000
0.0000
0.0000
0.0000
0.0000
1.1677
0.0000
1.1105
0.0000
0.3512
0.0000
0.0000
0.6300
1.3155
0.0000
2.3232
0.0000
0.0000
0.0000
0.5027
0.0000
0.0000
0.0000
2.0185
0.0000
0.0000
0.9626
0.0000
0.0000
0.1573
0.0000
0.0000
0.0000
0.0000
0.0821
1.6631
0.0000
1.0023
0.0000
0.0000
0.0000
0.0000
0.0000
0.0000
0.0000
1.3066
0.0000
0.0000
0.7934
0.0000
1.6475
1.7341
0.0000
0.0000
0.0000
0.0000
0.0000
0.0000
0.0000
0.0000
0.0000
0.0000
0.0000
0.0000
0.0000
0.0000
0.3576
0.0000
0.0000
0.0000
0.0000
0.0000
0.0000
0.8153
6.0020
0.4835
0.0000
0.0000
0.0000
0.1469
0.0000
0.0000
0.3004
0.7957
0.0000
0.0000
0.0000
0.0000
0.0000
0.0000
0.9830
0.0000
0.0000
0.5819
0.0000
0.0000
0.0000
1.4426
0.0000
0.0000
2.9948
2.9817
1.8706
0.2922
0.0000
0.0000
0.0000
2.5267
2.9164
0.0000
0.0000
0.0000
0.0000
0.5094
0.0000
0.0000
0.0000
2.5993
0.0000
1.0109
0.0000
0.0000
0.0000
0.0000
0.0000
2.0421
1.4136
0.6368
0.0000
0.0000
0.0000
0.0000
0.0000
0.0000
0.0000
0.3385
0.0000
0.0000
0.0000
3.0749
0.0121
0.0000
0.0000
0.0000
0.0000
0.0000
0.0000
0.9846
0.3196
1.2283
0.0000
0.4877
0.0000
0.0000
1.5387
0.8195
0.3867
1.6251
0.0000
0.0000
0.0000
0.0000
0.0000
1.9443
0.6064
0.0000
0.0000
0.0000
0.0000
0.0000
0.0000
0.0000
0.0000
0.0000
0.0000
0.0000
0.0000
0.3287
0.5354
0.0000
0.0000
0.0000
2.2910
0.1755
0.0000
0.0000
0.0000
1.7185
0.1902
0.0000
0.0000
1.3117
0.0000
1.1750
0.0000
0.0000
0.4077
0.0000
0.0000
0.0000
0.0000
0.0000
0.0000
0.6545
0.0000
0.0000
0.9723
0.0000
0.0000
0.0232
1.4807
0.0000
0.0000
0.0000
0.0000
0.0000
0.0000
0.0000
0.0000
0.3521
0.0000
0.0000
0.6305
0.0000
0.0000
0.0000
0.0000
0.0000
0.0000
0.0000
1.0465
0.0000
0.0000
0.0000
0.0000
0.0000
0.1241
0.4126
0.0424
0.0000
0.0000
0.0000
0.5971
0.0000
0.5753
0.0000
0.7966
0.9698
2.4713
0.0000
0.0000
0.0000
1.0210
1.8036
0.0000
0.0000
0.0000
0.0000
0.0000
0.0000
0.0000
0.0000
1.1201
0.0000
0.0000
0.4558
0.0000
0.0000
0.0000
0.0000
0.0000
0.0000
0.0000
0.0000
0.0000
0.0000
1.0072
0.0000
0.0000
0.0000
0.0000
0.0000
0.0000
0.0000
0.0000
0.0000
1.3928
0.0000
0.0000
1.2583
0.0000
1.6600
0.0000
0.0000
0.0000
0.0000
0.0000
1.5554
0.0000
0.0000
0.0000
1.2322
0.0000
0.0000
1.0776
2.0898
0.7414
0.9014
0.0000
0.8800
0.0000
0.6309
0.0000
0.0000
1.2528
0.0000
0.0000
0.0000
0.0000
0.0000
0.0000
0.0000
0.0000
0.5340
0.0000
1.5217
0.0000
0.0000
0.0000
0.0000
0.0000
0.0000
0.0000
1.8658
0.0000
0.1588
2.3955
0.0000
0.0000
0.7576
0.5850
0.0000
0.0000
1.7578
2.1699
0.0000
0.0000
0.0000
2.2075
1.1536
0.0000
0.0000
0.9398
0.9433
1.0480
0.0000
0.0000
0.0000
0.0000
0.0000
0.0000
0.6703
3.0696
0.0000
0.0000
1.7608
0.0000
2.5813
0.0000
0.0000
0.0000
1.1442
0.0000
0.0000
0.0000
0.0000
0.4396
0.0000
2.8287
0.0000
0.1550
0.0000
1.0783
0.0000
0.0000
0.0000
0.0000
0.0000
0.0000
0.4116
0.0000
0.0000
1.8714
0.0000
0.0000
2.6986
0.0000
0.0000
0.0000
0.0000
0.0000
0.0938
0.0000
1.5850
0.0000
0.0000
0.0000
0.0000
0.0000
1.4706
0.0000
0.0000
0.0000
0.0000
1.8009
0.0000
3.2245
1.7090
1.1138
0.0000
0.0000
0.0000
0.0000
0.0000
0.0000
1.4045
0.0000
0.8402
0.4631
0.0000
0.0000
0.0000
0.0000
0.0000
0.0000
0.0000
0.0000
0.0000
0.8500
0.0000
0.0000
1.0396
0.0000
0.9820
0.0000
0.0000
0.0000
0.0000
0.0000
0.0000
0.0000
0.0000
0.0000
1.0020
0.0000
2.3121
0.0000
0.0000
0.0000
0.0000
0.0000
0.0000
0.0000
0.0000
0.9998
0.0000
2.3369
0.0000
0.0000
0.0000
0.0000
0.0000
0.0000
0.0000
0.0000
1.6248
0.0000
0.0000
0.0000
1.1499
0.7208
0.0000
0.0000
0.0000
0.0000
1.0906
0.0000
0.0000
0.0000
0.0000
0.0000
0.0000
1.8176
2.0442
0.0000
0.0000
0.0000
0.0000
0.0000
0.0000
0.0000
1.4102
0.0000
2.6744
0.0000
0.0000
0.0000
0.0000
1.7303
0.6970
0.0000
1.1465
0.0000
0.0000
0.0000
0.0000
2.8985
1.2024
0.0000
0.0000
0.0000
0.0000
0.0000
0.0000
1.2538
0.0000
0.6553
0.0000
0.7236
0.6362
0.0000
0.0000
0.0000
0.0000
0.0000
0.0000
0.0000
1.7294
0.0000
0.0000
1.3541
2.9250
1.5313
0.0000
0.0000
0.0000
0.0000
0.0000
0.0000
0.0000
3.0066
0.0000
0.0000
1.2777
2.2249
0.0000
0.0000
0.0000
1.3435
0.5455
0.0000
0.0000
1.5943
0.0000
0.0000
0.0000
0.0000
0.0000
0.0000
0.0000
0.0000
0.0000
0.0000
1.7105
0.0000
1.7778
0.0000
0.0000
0.0000
0.0000
1.4670
0.0000
0.0000
0.0000
0.5600
2.3992
0.0000
0.0000
0.0000
0.0000
0.0000
0.8479
1.4046
0.0000
0.0000
0.0000
0.0000
2.2664
2.7122
0.7224
0.0000
0.0000
0.0000
0.0000
1.8630
0.1722
0.0000
0.0000
0.5942
0.4463
0.0000
0.0000
0.0000
0.0000
0.0000
0.0000
0.0000
1.6762
0.0000
0.0000
0.0000
0.5948
0.0000
1.4962
0.0000
0.0000
1.0492
1.1628
0.0000
1.0550
0.0000
0.0000
0.0000
0.6232
0.0000
0.0000
0.7403
0.0000
0.0000
0.0000
0.0000
0.0000
0.0000
0.0000
0.0000
0.0000
0.0000
0.0000
1.9524
0.0000
0.0000
0.0000
0.0000
0.0000
0.0000
0.0000
1.5399
0.0000
0.0000
0.0000
0.0000
0.0000
0.0000
0.0000
0.0000
0.0000
0.0000
0.0000
0.0000
1.1652
0.0000
0.1972
0.0000
0.0000
1.5686
0.0000
0.0000
0.0000
0.0000
1.5285
0.0000
0.0000
0.0000
0.0000
1.4163
1.7790
0.0000
0.1456
0.0000
1.7521
0.1985
0.0000
0.0000
0.0000
0.0000
1.3075
0.0000
0.9506
0.0000
0.3416
0.7412
3.4006
0.0000
0.5490
0.0000
0.0000
0.0000
0.0000
0.0000
0.0000
1.0568
0.0000
1.4699
0.0000
0.8464
0.0000
0.0000
0.1261
0.0000
0.0000
0.0000
0.3048
0.0000
0.0000
0.0000
0.0000
0.0000
0.0000
0.0000
0.0000
0.0000
0.0000
0.8419
0.0000
3.1162
0.0000
1.7823
0.0000
0.0000
0.0000
0.0996
0.0000
0.0000
2.0482
1.0003
1.7685
0.0000
0.0000
0.0000
1.9001
0.0000
0.0000
0.0000
0.0000
0.0000
0.0000
0.0000
0.0000
0.0000
0.0000
0.0000
0.0000
1.5204
0.2922
0.0000
1.9123
0.0000
0.0000
0.0000
0.0000
0.0000
0.0000
1.8717
0.0000
0.0000
0.0000
1.3352
0.0000
0.0000
0.0000
0.0000
0.0000
0.1623
0.0000
0.0000
0.0000
0.0000
0.0000
0.0000
0.0000
0.2042
1.6839
0.0000
0.0000
0.0667
0.0000
0.4722
0.0000
0.0000
0.0000
4.2111
0.0000
0.0000
0.0000
0.0000
0.2438
0.0000
1.8884
0.0000
0.0000
0.0000
2.0577
0.8002
0.0000
1.2315
0.0000
0.0000
4.5485
0.0000
0.0000
0.0000
0.4523
0.0000
0.0372
1.9726
0.0000
0.0957
0.6507
0.0000
0.0000
0.0000
0.0000
0.0000
0.0000
2.0964
0.0000
0.0000
0.0000
0.0000
0.0000
0.0000
0.0000
1.6649
0.0000
0.0000
0.0000
0.0000
0.0000
0.0551
0.0000
0.0000
0.0000
1.2430
0.0000
0.0000
1.5308
0.0000
0.0000
0.3661
0.0000
3.3771
0.0000
0.0000
0.0000
0.0000
0.0000
0.0000
0.0000
0.0000
0.6661
0.0000
0.9323
0.0000
0.3785
0.1175
0.0000
0.0000
2.4070
0.0000
0.0000
0.0000
0.0000
0.0583
1.1222
0.0000
0.0000
0.0000
0.0000
0.0000
0.0000
0.1142
0.0804
0.0000
0.0000
0.0000
0.0000
0.0000
0.6318
0.0000
0.0000
0.0000
0.0000
0.0000
1.0087
1.9747
0.0000
0.1371
0.0000
4.3459
5.8698
0.0000
0.0000
0.8803
0.0000
0.0000
0.0000
0.0000
0.0000
0.0000
0.0000
0.0000
0.4116
0.0000
0.0000
0.0000
0.0000
0.0000
0.0392
0.0000
0.0000
1.8065
0.0000
0.0000
0.5872
0.0000
0.0000
0.3912
0.0000
0.0000
0.5985
0.0000
0.0000
0.2529
0.5206
0.0091
0.0000
3.3607
0.0000
0.0116
0.0000
1.7184
0.0000
0.0000
1.5760
0.0000
0.0000
0.0000
0.0000
0.0000
0.9605
0.0000
0.0000
0.8513
0.0000
0.0000
0.0000
0.0000
1.6244
0.0000
0.0000
1.2578
0.0000
0.0000
0.0000
0.0000
0.0000
1.3557
0.0858
0.0000
0.8214
0.7894
0.0000
0.0000
0.0000
0.0000
0.9276
0.0000
0.0000
0.0000
0.0000
0.0000
0.0000
0.0000
3.8171
0.0000
0.0000
2.6277
0.0000
0.0000
0.0000
0.0000
0.8800
0.0000
0.0732
0.0000
1.1393
0.0000
0.0000
0.0000
0.1027
0.0000
0.0000
0.0000
0.0000
0.0000
0.4411
0.6224
0.0000
2.2186
0.0000
0.0000
0.0000
0.0000
0.0000
0.3460
2.0088
0.0000
1.2065
0.0000
0.0399
0.0000
0.0280
0.2539
0.0000
0.0000
0.3788
0.3580
0.0000
0.0000
0.0000
0.0000
0.0000
0.0000
0.0000
3.6345
0.0000
0.0000
0.0000
0.0000
3.4536
2.3876
0.8527
0.0000
0.0000
0.0000
0.0000
0.0000
0.0000
0.4312
0.0000
0.0000
0.9477
0.0000
0.0000
0.0000
0.0000
0.0000
0.2788
0.9431
0.0000
0.0000
0.0874
0.0000
0.0000
0.0000
0.0000
0.7185
0.0000
0.5930
0.0000
0.0000
0.0000
1.7834
0.0000
0.0000
0.0000
0.0000
2.9388
0.0000
0.0000
2.6177
0.4530
0.0000
0.3295
0.0000
0.0000
0.0000
0.0000
0.0000
0.0000
0.7520
0.0000
0.0000
0.0000
0.0000
1.3996
0.0000
0.0000
0.0503
0.0000
0.0000
0.3094
0.0000
0.0000
0.0000
0.0000
0.0000
0.8196
0.0000
0.0000
0.0000
0.0000
0.0000
0.0000
0.2647
0.0000
0.0000
0.0000
0.0000
3.7144
0.0000
0.0000
0.7629
0.0000
0.0000
0.0000
0.0000
1.6781
0.0000
0.0000
0.0000
0.0000
0.0000
0.6797
0.0000
0.0000
0.0000
0.7501
0.0000
0.0000
2.2187
0.0000
1.1768
0.2226
0.0000
0.5840
0.0000
0.7445
0.3233
0.0679
1.2121
0.4997
0.0000
4.3784
0.2409
0.0000
0.6200
0.0000
1.9967
0.0000
1.4110
0.0000
0.0000
0.0000
0.0000
0.0000
1.8562
0.0000
0.0000
0.5785
0.0000
0.0000
0.0000
0.0874
0.0000
0.0000
0.0000
1.3455
0.0000
0.0000
0.0000
3.3641
0.0000
0.0000
0.0000
0.0000
1.9203
0.0000
0.0000
0.0000
4.0246
1.7566
2.8097
0.0000
1.7228
3.3589
0.0000
0.0000
0.0000
0.0000
0.0000
0.0085
0.8596
0.0000
0.0000
3.4079
0.0000
0.0000
0.0000
0.1633
0.5314
0.4310
0.0000
0.3406
0.0000
0.0000
0.0000
1.4898
1.4797
0.1820
0.7898
0.0000
0.0000
1.7273
0.0000
1.5070
0.0000
0.0000
2.2686
0.0000
0.0000
0.2396
0.0000
0.0320
4.5696
0.0000
0.6048
0.0000
0.0000
1.4578
0.0000
0.0000
0.0000
0.0000
1.3935
0.0971
1.2903
0.0000
0.0000
0.0000
0.0000
1.6920
0.0000
0.0000
0.0000
0.0000
0.0000
0.0000
0.0000
0.0000
0.0000
1.7553
0.5462
0.0000
0.0000
2.0530
0.0000
0.0000
0.0000
0.4136
2.4971
0.3905
0.2123
0.7216
0.0000
0.5275
0.0000
0.0000
0.0000
0.1998
1.0436
0.0000
2.1456
0.0000
0.0000
4.1949
0.0000
0.0000
0.0163
0.0000
0.0000
0.4710
0.5439
0.0000
0.0000
0.0000
0.0000
0.0000
0.2590
0.0000
0.0000
0.5936
1.1661
0.0000
2.4406
1.6864
0.0000
0.0000
1.1050
0.0000
0.9528
0.0000
0.6868
0.0000
0.0000
0.0000
0.0000
1.1351
0.0000
0.0000
0.0000
0.0000
0.0000
1.1086
2.3358
0.9335
0.0000
0.0000
2.9926
0.0000
0.0000
0.0000
0.9975
0.0000
0.2618
0.0000
0.0000
0.0000
1.0960
0.0000
0.0000
0.5892
0.0000
0.0000
0.0000
0.0000
0.3065
2.6241
0.0000
0.0000
2.4259
1.4916
0.0951
0.0000
0.0000
0.0000
0.0000
1.8000
1.4897
0.0000
0.0000
0.0000
1.1379
0.8813
0.0000
1.9004
3.2455
0.0000
0.0000
0.0000
0.0000
4.4791
0.0000
0.0000
0.0000
0.0000
0.0000
0.0000
0.0000
0.0000
0.0000
0.0000
0.0000
0.0000
0.0000
2.1926
0.0000
0.0000
0.0000
0.0000
0.0000
0.1413
0.0000
0.0000
0.0000
0.0000
4.7122
1.8198
0.0000
0.0000
0.5378
0.0000
0.0000
0.0000
1.5214
0.0000
0.0000
0.0000
2.5213
0.3443
0.0000
0.0000
0.0000
0.0000
0.0000
0.5356
0.7220
0.0000
0.0000
7.8225
0.0495
0.9479
0.0000
0.0000
0.0000
0.0000
0.0000
0.0000
0.0000
0.0000
0.0000
0.0000
0.0000
0.0000
1.1952
0.0000
0.0000
0.0000
0.0000
0.0000
0.0000
0.6363
0.0000
0.0000
0.0000
0.0000
1.3133
0.0000
0.0000
2.1637
0.0000
0.0000
3.1389
0.0000
0.0000
0.0000
0.0000
0.0000
0.0000
0.0000
0.0000
0.0000
0.0000
0.0000
0.0000
0.0000
0.0000
0.0000
0.0000
3.7048
0.0000
1.1425
1.4246
0.0000
0.0000
0.0000
0.0000
0.0000
0.0000
0.0000
0.0000
0.0000
0.3050
0.6790
0.0000
0.0000
2.1711
1.2360
0.0000
0.0000
0.0000
0.0000
1.5697
0.0000
0.0000
0.0000
0.0000
0.0000
0.1476
0.0000
0.0000
0.0000
0.0000
0.5936
0.0000
0.4295
0.0000
0.0000
0.0000
0.0000
0.0000
0.7969
1.1760
0.3062
0.0000
3.1538
1.1083
0.0000
2.3903
1.1585
0.5033
3.7452
0.6031
0.0000
0.0000
0.0000
0.0000
0.5936
0.0000
0.0000
0.0000
0.0000
0.0000
0.0000
0.0000
0.0000
1.0152
0.1232
1.6894
0.0000
2.8127
0.0000
0.0000
0.1930
0.0000
1.4294
0.0000
0.0000
0.0000
0.0000
2.2905
0.0000
0.0000
0.0000
0.0000
0.0000
1.0597
0.0000
0.0000
2.6550
0.0000
0.0000
3.1291
0.0000
0.9504
0.0000
0.0659
0.0000
0.0000
3.9845
0.0000
0.0000
0.0000
0.0000
0.2080
0.0000
0.4406
0.3670
0.9985
0.0000
0.0000
0.0000
1.1232
0.0000
0.0000
1.5317
0.0000
0.0000
0.0000
0.0000
0.0000
2.9993
0.0000
0.0000
0.0000
0.0000
0.0000
2.5451
1.0688
0.0000
0.0000
0.0000
0.0000
0.8876
0.0000
0.0000
0.0000
2.5998
0.0000
0.0000
1.7660
0.0000
0.1294
2.5901
0.5626
0.0000
0.0000
0.0000
0.9041
0.0000
0.0000
0.1364
0.0000
1.2267
0.0000
0.3470
0.0000
0.0000
0.0000
0.0000
0.0000
0.0000
0.0143
0.9067
0.0000
0.0000
0.0000
0.0000
0.9977
0.0297
0.0000
0.4301
0.0000
0.0000
0.0000
0.1696
0.0000
0.0000
0.0000
1.3637
0.0000
0.0000
0.8743
0.0000
0.9962
0.0000
3.4257
0.0000
0.0000
0.0000
2.5249
0.0000
0.0000
0.0000
0.0000
0.0000
0.0000
0.0000
0.0000
0.3099
0.0000
0.0000
0.0000
0.0000
0.0000
1.9071
0.0000
0.0000
0.0000
0.9085
0.0000
0.0000
0.0000
2.5419
0.0000
0.0000
0.0000
1.8575
0.0000
0.0000
0.0000
1.7500
0.0000
0.0000
0.0000
0.0000
0.0000
0.0000
0.0000
0.0000
0.0000
0.0000
0.0000
0.0000
0.0000
0.0000
0.0000
0.0000
0.0000
0.8197
0.0000
0.1849
0.0000
0.2934
0.0000
0.0952
0.7604
0.5294
0.0000
0.0000
0.0000
0.0000
0.0000
0.0000
0.0000
0.0000
0.0000
1.9497
0.0159
0.0000
0.0000
0.0000
0.0000
0.0000
0.0000
0.0000
0.4186
0.0000
0.0000
0.0000
0.0000
0.0098
1.6207
0.8271
0.0000
0.0000
0.6280
0.0000
0.0000
2.5053
0.0603
0.0000
0.0000
0.0000
0.0000
0.0000
0.3467
0.0000
2.9488
0.0000
0.0000
1.4797
0.0000
0.0000
0.0000
0.0000
0.0000
0.7779
0.0000
0.0000
0.0000
0.0000
0.0000
0.0000
0.0000
0.8745
0.0000
0.0000
1.5722
1.8877
0.0000
1.0762
0.0000
0.0000
0.0000
0.0976
0.4983
0.8546
0.0000
0.0000
0.0000
0.4231
0.0000
0.0000
0.0000
0.0000
0.0000
0.0000
0.0000
1.7514
0.3962
0.0000
0.0000
0.0000
0.7138
0.7471
0.0000
0.0000
0.0000
0.6396
0.0000
0.0000
0.0000
0.0000
0.0000
1.5264
0.0000
0.0000
0.0000
0.9199
0.0000
0.2962
0.0416
0.0000
0.0000
0.0000
0.9220
0.0000
0.0000
0.0000
0.0000
0.0000
0.0000
0.0000
1.0902
0.0000
0.0000
0.0000
0.0000
0.0000
0.0000
0.0000
0.0000
0.0000
0.0000
0.0000
0.0000
0.5258
0.0000
0.0000
0.0000
0.0379
0.9537
0.0000
2.5785
0.0000
0.0000
0.0000
0.0000
0.0000
0.9604
0.0000
0.8305
0.0000
0.0000
0.0000
0.0000
0.0000
0.0000
0.0000
0.1291
0.0000
2.4811
0.0000
0.0000
1.2444
0.3047
0.0000
0.2792
0.0000
0.0000
0.0000
0.0000
0.9681
0.0000
0.0000
0.0000
1.7914
1.0411
4.1113
0.0000
0.0000
1.0216
0.0000
0.0000
0.0000
0.0000
1.9333
0.0000
3.4805
0.0000
0.0000
0.6348
0.6227
0.5965
2.1018
0.0000
3.2494
1.9766
0.0000
0.0000
1.0540
0.0000
1.2444
0.0000
0.0000
0.0000
0.5984
0.0000
0.0000
1.3637
0.0000
0.0000
1.8605
0.0000
0.0000
0.0000
0.0000
4.3609
0.0000
0.0722
0.0000
0.0000
0.0000
0.0000
0.0000
3.9890
0.0000
0.0000
0.0000
0.0000
0.0000
0.3734
1.7630
0.0652
1.4150
0.0000
0.0000
0.0000
0.0000
0.0200
4.8910
0.0000
0.0000
0.0000
0.7275
3.0694
0.0000
0.0000
0.0000
0.0000
0.0000
0.0000
0.7400
0.0000
0.0000
3.1680
0.0000
0.0000
0.0000
0.0000
0.0000
0.8168
1.0024
0.0000
0.0000
0.0000
0.6187
1.7343
0.0000
0.0382
0.0000
0.0000
0.0000
0.0000
4.1556
0.0000
1.3959
0.0000
0.0000
2.9751
0.0000
0.0000
0.0000
0.0000
0.0000
0.1963
4.3201
0.0000
0.0000
0.0000
0.0000
0.0000
0.0000
0.0000
0.7479
0.0000
0.0000
0.0000
0.0000
0.0679
0.0000
0.0000
3.0915
4.7626
0.0000
0.0000
0.0000
0.0000
0.0000
0.0000
0.0000
0.0000
0.0000
0.4658
1.1870
0.0000
0.2406
0.0000
0.0000
0.0000
0.0000
0.0000
0.0000
3.1296
2.0816
0.0000
0.0000
0.0000
0.0000
0.0000
0.0000
0.0000
3.9717
0.0000
2.3504
0.0000
0.0000
0.0000
0.0000
1.4596
0.0000
0.0000
0.0510
0.0739
0.0000
0.0000
0.0000
0.0000
1.8946
0.0000
2.4535
1.9753
0.0000
0.0000
0.0000
0.0000
0.0000
0.0000
0.0000
2.4907
0.0000
0.0000
0.8802
0.0000
0.8193
0.0000
0.0000
0.9843
0.0000
0.0000
0.7078
3.2688
0.4108
2.1598
0.0000
0.0000
2.0027
0.0000
0.0000
0.0000
0.0000
0.5062
0.0000
0.6946
0.0000
0.0000
0.0000
0.0000
0.0000
0.0000
0.0000
0.0000
0.0000
0.0000
1.1878
0.1943
0.0000
0.0000
0.0000
3.3350
0.0000
0.0000
0.0000
0.0000
1.4303
1.5483
0.0000
0.0039
0.0000
0.0000
0.0000
0.0000
0.7283
0.0000
3.6671
0.0000
0.3836
0.0000
0.0000
0.0000
0.0000
0.4500
0.0000
0.0000
0.0000
1.5540
0.0000
0.3161
0.0000
0.0000
0.0000
0.0000
2.0996
0.0000
0.0000
0.0000
0.0000
0.0000
0.0000
0.4055
0.4322
3.4744
0.0000
0.0000
3.5288
2.0904
0.7005
0.0000
0.0000
0.0000
0.1177
0.0000
0.0000
0.0000
0.0000
0.0000
0.2380
2.8854
0.0000
0.0000
2.2823
0.1345
2.0864
0.5604
0.0000
0.0000
0.0000
0.0000
3.1124
0.0000
0.0000
0.0000
0.0000
0.0000
0.2256
3.2721
0.0000
0.0000
0.5156
0.6746
0.0000
0.0000
1.6494
0.0000
0.0000
0.0000
0.9606
2.0949
0.0000
0.0000
0.0000
0.0000
0.0000
3.3783
0.0987
0.0000
0.1218
0.0000
0.0000
0.0000
0.0000
0.0000
1.8744
0.0000
0.0000
0.0000
0.0000
1.4431
0.0000
1.3178
0.0000
0.0000
0.0000
0.0000
0.0000
1.4635
0.0000
0.0000
0.0000
0.6115
0.0000
3.6174
0.0000
0.0000
0.0000
0.0000
0.0000
0.9737
0.2015
0.0000
0.0000
0.0000
0.0000
0.0000
1.7516
0.0000
1.9349
0.0000
0.0000
0.0000
0.0000
0.0000
0.0000
0.0000
0.0000
0.7446
0.0000
0.0000
0.0000
0.0000
0.0000
0.0000
0.0000
1.5235
0.0000
0.0000
0.7655
0.3550
0.0000
3.0869
0.0000
0.0000
1.0009
0.0000
0.0000
0.0000
2.4200
0.0000
0.0000
0.0000
0.0000
0.0000
0.0000
1.1212
0.0000
0.0000
0.0000
0.0000
0.0681
0.0000
0.0000
0.0000
0.0801
0.0000
0.0000
0.0000
0.0000
0.0000
1.1023
0.0000
0.0000
0.0000
0.0000
0.0000
3.5310
0.0000
0.0000
3.3645
1.0069
0.0000
0.0000
0.0000
1.1319
0.0000
0.0000
1.4218
0.0000
0.0000
1.5047
1.2465
1.0731
0.0000
0.1779
0.0000
1.0985
0.3311
0.0000
0.0000
0.0000
0.0000
0.0000
0.0000
2.2220
0.0000
0.0000
0.0000
0.0000
0.0000
0.0000
0.0000
0.0000
0.0000
0.7972
0.0000
0.0000
0.0000
0.0000
0.0000
0.9253
0.0000
0.0000
0.0000
0.0000
0.0000
0.0000
0.0000
0.5551
0.0000
0.0000
0.0459
0.0000
0.0000
0.0000
0.0000
0.3470
0.0000
0.0000
0.0000
0.0000
0.0000
0.0000
0.0000
0.5915
0.0000
0.0259
0.0000
0.0000
0.0000
2.1443
0.0000
0.0000
0.0000
0.0000
0.5056
1.4485
1.9871
0.0000
0.0000
0.0000
4.1052
0.0000
0.0000
0.5233
4.4065
1.2883
0.0000
0.0000
0.0000
0.0000
0.0000
1.5137
0.0000
2.0143
0.0000
0.0000
1.2104
3.3266
0.0000
1.0714
0.0000
0.0000
0.0000
0.0000
3.3872
0.0770
0.0000
0.0000
0.0000
0.8323
0.0000
0.0000
0.0723
0.0000
0.0070
0.0000
0.0000
0.3533
0.0000
0.0000
0.0000
0.0000
0.0000
3.5572
0.0000
2.7245
0.0000
0.0000
2.8491
0.0000
0.5588
0.0000
1.2590
0.4887
0.0000
1.8206
0.0000
0.1039
0.0000
0.1346
0.0000
0.0000
0.1085
0.0000
0.0000
0.0000
0.0000
0.0000
0.0000
0.0000
0.0000
0.0000
0.1547
2.9683
0.4543
0.0000
0.0000
0.0000
0.0000
0.8356
0.0000
0.0000
0.4066
3.1527
0.0000
0.0000
0.0000
0.0000
5.9001
0.0000
1.4687
0.0000
0.4827
0.0000
0.0000
0.0000
0.0000
0.0000
0.0000
0.0000
0.0000
1.4483
1.4258
2.5414
0.0000
0.0000
1.7892
0.0000
0.0000
0.0000
0.0000
0.0000
1.1891
0.0000
0.0000
1.2114
0.0000
0.0000
0.0000
2.5170
0.4274
0.0000
0.0000
0.0000
0.0000
1.0836
0.7719
2.1681
0.8814
0.0000
0.0000
0.0000
0.5308
2.5420
0.0000
0.0000
0.6556
0.0000
0.0000
0.7568
0.0000
0.0000
0.0000
0.0000
0.5451
0.0357
0.0000
0.5647
0.0000
0.0000
0.0000
0.0000
1.2507
0.8141
0.0000
0.0000
0.0000
3.3860
0.0000
0.0000
0.0000
0.0000
0.0078
0.0000
0.3910
0.0000
0.0000
0.3200
0.0000
1.9563
1.4084
0.0000
1.1738
0.0000
1.2626
0.0000
0.7991
0.1389
0.0000
0.0000
1.5583
0.0000
0.4234
0.5724
0.0000
0.7520
0.0000
0.0000
0.0000
0.0000
0.1291
0.7628
0.0000
0.0000
0.0000
0.0000
0.0000
4.4109
0.0000
0.6371
0.0000
1.1620
0.0000
0.0000
0.0000
0.0000
0.8980
0.0000
0.9324
1.0571
0.0000
1.7945
2.2342
0.8897
0.0000
0.1788
1.0451
0.0000
0.0000
0.0000
0.0000
0.0000
0.0740
0.0000
0.0000
0.0000
0.0000
0.0000
0.0000
0.0000
0.0000
0.0000
0.0000
0.0000
0.0000
0.2671
0.0000
0.0000
2.3804
0.2483
0.0000
1.5875
1.0036
1.8401
0.0000
0.0000
0.0000
0.0000
0.0000
0.0000
0.0000
0.0398
0.0000
5.7073
1.3158
0.0000
1.4678
1.6574
0.7606
0.3342
0.0000
2.3620
0.4930
0.0000
0.0000
0.0000
0.0000
0.0000
0.0000
0.7159
0.6310
0.0758
0.0000
0.0000
0.0000
0.0000
0.0000
2.1796
0.0000
0.3327
0.0000
0.0000
0.0000
0.0000
