0.2115
0.0000
0.0000
0.0000
1.1501
0.0000
0.0352
0.0000
0.0000
2.6197
0.9053
0.0000
0.9096
0.3488
0.0000
0.0000
0.0000
0.0000
0.0000
0.0000
0.0000
0.0000
1.9497
1.3680
1.7504
1.7886
0.0000
2.8161
0.0000
0.0000
0.0693
0.0000
1.9738
0.0000
1.3476
0.0000
0.0000
0.0000
1.7148
2.3939
0.0000
0.2249
0.0000
0.0000
0.0000
0.0000
0.0000
0.0000
0.5062
0.1692
0.0000
0.0000
0.0000
0.0000
0.0000
0.0000
1.3327
1.3852
0.0000
0.0000
0.0000
1.4569
0.0000
2.2289
0.0000
0.0000
0.0000
0.0000
0.8924
0.0000
0.0000
2.6815
0.1610
0.0000
0.0000
1.5577
0.0000
0.0000
0.0000
0.0000
0.0000
0.0000
0.0000
0.0000
0.0000
0.0000
0.2726
1.6990
1.1372
0.0000
0.7075
0.0000
1.1850
1.0522
0.0000
0.0000
0.0000
0.0000
1.7639
0.0000
0.0000
0.0000
1.4453
0.0000
0.7522
1.1919
0.0000
0.2167
0.0000
3.0537
0.2261
0.0000
0.2382
0.0253
0.0000
0.0000
0.4224
0.0000
0.0000
0.0000
2.5962
0.2206
1.6764
1.3673
0.6124
0.0000
0.2789
0.9061
0.9216
0.1404
0.0000
0.0000
0.0000
0.0000
2.2179
0.0000
1.8212
2.1738
0.0000
1.8913
2.3032
0.0000
2.1098
1.1301
2.4279
0.0000
0.0809
2.2179
1.2519
0.0000
0.0000
0.7268
1.3676
0.9570
0.0000
0.0000
0.0532
0.0000
1.4532
0.0000
0.0000
0.0000
0.8325
0.0000
0.0000
1.1070
0.0000
0.0000
0.0000
2.3264
0.0000
0.0000
0.0000
0.0000
0.0000
0.0000
0.0000
1.0985
0.0000
4.1252
0.9820
2.4209
0.0000
0.0000
0.0000
0.0000
2.1576
0.2039
1.8520
0.6502
0.0000
0.0000
0.0000
0.0000
1.2197
0.0541
0.0000
0.0000
1.5491
2.2023
0.0000
0.1289
0.0000
0.0000
0.0000
0.0000
0.0000
0.2182
0.0000
0.0000
0.0000
0.0000
0.0000
0.6604
0.0000
0.0000
0.0000
0.0000
1.0436
0.0000
0.0000
0.0000
0.0000
0.0000
1.3967
0.0000
0.0000
0.0606
0.0000
1.3307
0.0000
0.4592
0.0000
0.0000
1.1081
0.0236
1.8986
0.0000
0.9683
0.0000
0.0000
0.0000
0.0000
0.0000
0.0000
0.5547
0.0000
0.0000
0.0000
0.0000
0.0000
0.0000
0.0000
0.9446
0.0000
1.4555
0.0000
0.0000
1.3975
0.0000
0.0000
0.0000
0.0000
0.0627
0.0000
0.0000
0.8596
0.6863
0.0000
0.4478
1.3467
0.0000
0.0000
1.7434
1.0651
0.0000
0.8742
0.0000
0.0000
0.0000
1.7447
0.2304
1.4529
0.0000
0.0000
0.7890
0.2418
0.0000
0.0000
0.0000
0.0000
0.0000
0.0000
0.0000
3.1001
0.0000
0.0000
0.9744
0.0000
2.5185
0.0000
0.0000
0.0000
0.0000
0.0000
0.0000
0.3356
0.0000
0.0000
0.0000
0.0000
2.0624
0.0000
1.7449
1.1627
0.0000
0.0000
0.0000
0.2469
1.7438
0.0000
2.2853
0.0000
0.2577
0.0000
1.7454
0.0000
1.3689
0.0000
0.7842
0.0000
0.0267
0.0000
0.0000
0.0000
2.2252
0.3749
0.0000
0.0000
2.9029
0.0000
0.0000
0.0000
0.0000
0.0000
2.8268
0.0000
0.6691
0.0000
0.0000
0.0000
2.7487
1.5817
0.0000
0.4681
0.0000
0.0000
0.0000
1.5600
0.0000
0.0000
0.0000
0.0000
0.0000
0.0000
0.0000
0.0000
0.0000
0.7866
0.0000
0.0000
0.6461
0.0000
0.7228
0.0925
0.0000
0.0000
0.0000
0.0000
0.0000
2.5707
0.0000
1.7328
0.0000
0.0000
0.0000
0.0000
0.0000
0.0000
0.0000
1.5025
0.0000
0.0000
0.0000
0.0000
1.2177
0.0000
0.0000
0.4159
0.0636
0.0000
1.7825
0.0000
0.0000
0.0000
0.2179
0.0000
0.0000
2.4086
0.0000
0.0000
0.0000
0.0000
3.1070
0.0000
0.8446
0.0000
0.1081
0.9687
0.0000
1.3219
0.0342
0.0894
0.0000
0.0000
0.0247
0.0000
1.5947
0.0000
0.4207
0.0000
0.0000
0.0000
0.0000
0.0000
0.0000
1.2722
0.0000
2.0332
0.0000
2.0739
0.0000
0.5582
0.0000
3.6223
1.7251
0.0000
0.1143
1.7287
1.9359
0.8227
0.0000
0.0000
0.0000
0.0000
0.7220
0.0000
0.8338
0.9476
0.0000
0.1558
0.6023
1.3294
0.0000
0.1149
0.0000
0.0000
0.0000
0.0000
0.0000
0.0000
1.0641
0.0000
0.4622
0.0000
1.0330
1.5534
0.0000
0.4439
0.0000
0.3467
0.0000
1.5022
1.5062
0.1362
0.8595
0.0000
1.7200
0.0000
1.8358
0.0000
0.0000
0.0000
0.0000
2.2454
0.0000
0.0000
0.0000
0.8081
0.0000
0.0000
0.3375
2.3328
0.0000
0.0000
0.0000
0.0000
0.0000
0.2000
1.8695
0.0000
1.0579
0.0000
0.1240
0.3550
0.1558
0.0000
0.0000
4.6600
0.0000
2.1792
1.1421
0.0000
2.4811
1.0158
0.0000
0.3977
0.0000
0.1902
0.0718
1.1274
0.6662
0.5974
0.0000
0.0639
1.5985
0.0000
0.0000
0.7949
0.0000
0.0000
0.0000
0.0000
0.0000
0.0000
0.0000
0.0000
0.0000
0.0008
0.0000
0.0000
0.2247
0.0000
0.0000
0.0000
0.0000
0.0000
0.0000
0.0000
0.0000
0.0591
1.3245
0.0000
0.0000
0.0000
0.1855
0.0000
0.0000
0.0000
0.0000
0.0000
0.0000
0.0000
0.0000
0.0000
0.0000
0.0000
0.1680
0.0000
1.3095
0.0000
0.0000
0.0000
0.0000
0.0000
0.0000
0.0000
0.2593
3.0064
0.0000
0.0000
0.3415
0.0000
0.0000
0.0000
0.0000
0.0000
0.0000
3.1995
0.0000
0.0000
2.3782
0.0000
0.0000
0.0000
0.7575
2.3528
0.0000
0.0000
0.2899
0.0000
0.0000
0.0000
3.9916
0.0000
2.9029
1.7048
0.1514
0.0000
0.0000
1.4063
0.0000
0.0000
0.0000
0.0000
1.3827
0.0000
1.3202
0.0000
0.0000
0.0000
0.0000
0.0000
0.0000
1.5255
2.1729
0.0000
1.1722
0.0000
0.0000
0.0000
0.5309
0.0000
0.0000
0.0000
0.0000
0.0000
0.0000
0.2927
0.0000
0.0000
0.0000
2.0709
0.0000
0.0000
0.0000
0.0000
0.0000
0.0000
0.3741
0.0000
1.9759
1.6978
0.0000
0.0000
0.0000
0.9690
0.0000
0.0000
0.0000
0.4787
0.0000
0.0000
0.0000
0.0000
0.0000
0.0000
0.0000
0.0000
0.0000
0.0000
0.3350
0.0000
0.0000
0.0000
0.7896
0.0000
1.1652
0.0000
1.4271
0.0000
0.5975
1.8608
0.0000
0.0000
0.0000
0.0000
0.0000
0.0000
0.0000
1.9911
0.9092
0.2381
1.2714
0.0000
0.0000
0.0000
0.0000
0.0318
1.0927
0.0000
1.9462
1.2739
0.0000
0.0000
0.0000
0.0000
0.5621
0.0000
0.0000
0.0000
0.0000
1.2655
1.4046
0.0000
0.0000
0.3451
0.0000
0.0000
0.0000
0.0000
0.0000
0.0000
1.6522
0.0000
0.0000
0.0000
1.6105
0.0000
2.7530
0.6575
0.1175
0.2277
0.3411
0.0000
0.0000
0.0000
0.0000
2.0803
0.0000
0.0000
0.0000
0.0000
0.0000
0.0000
0.0000
0.0000
0.0000
0.0166
0.0000
0.0000
0.0000
1.4791
0.0000
0.0000
2.3906
0.0000
0.0000
0.0000
0.0000
1.5669
0.0000
0.0000
0.0000
0.4662
0.0000
0.0000
0.0000
0.0000
0.0000
0.0000
0.0000
0.0000
0.6363
0.0000
0.3129
0.0000
0.7478
0.0000
0.0000
1.3587
0.0000
2.1133
0.0000
0.0000
0.0000
0.0000
0.0000
0.7064
0.0000
0.0000
0.0000
3.5017
0.9247
0.0000
0.0000
0.0000
0.0000
0.0000
0.0000
0.8097
0.0000
0.6126
0.7530
0.0000
0.0000
1.1916
0.0000
0.0000
2.8147
0.2382
0.0000
0.8957
0.0000
0.0000
0.0000
0.1987
0.0000
0.9220
0.0000
1.4676
0.0000
0.0000
0.0000
0.0000
0.0000
0.9683
0.0000
0.0000
0.0000
0.0000
0.0000
0.0000
0.5479
0.0000
0.0000
0.0000
0.0000
0.0000
0.0000
0.0000
0.7462
0.0000
0.0000
0.0000
0.0000
0.0000
0.0000
0.0000
1.2779
0.0979
0.0000
0.0000
2.0266
0.9968
0.0000
0.4363
0.3467
0.0000
0.0000
0.0000
0.0000
2.2364
0.0000
0.0000
0.0000
0.0000
2.0998
0.0000
0.5120
0.0000
0.0000
0.0000
0.0000
0.0000
0.0000
0.0000
0.0000
0.0000
0.0000
0.3439
0.0000
1.2103
0.0000
0.0000
0.0000
0.0000
1.3016
1.8993
0.0000
0.0000
0.0000
0.0000
0.0000
0.0000
0.0000
0.0000
0.0000
0.0000
0.2064
0.0000
0.0000
1.9820
0.0000
0.0000
0.8440
0.0000
0.9794
0.0000
0.0000
0.0000
0.0000
0.0000
0.0000
0.0000
1.8082
1.5511
0.2015
0.0000
0.0000
0.0000
0.0000
0.3030
0.0000
0.2837
1.2376
0.0000
0.0000
0.0000
0.6758
1.2286
0.4924
0.0000
0.0000
1.1933
1.7888
0.0000
0.0000
0.0000
3.5980
0.0000
0.4774
0.0000
0.0691
0.1269
0.0000
1.5251
0.0000
0.0000
0.6749
0.0000
0.6974
0.0000
0.9870
0.0000
0.0000
0.0000
0.4826
0.3412
0.0000
1.7760
0.0000
0.3759
0.0000
0.0000
0.0000
1.0468
0.0000
0.2694
0.0000
0.0000
0.7855
0.0000
0.7305
2.7316
1.2882
2.6586
0.0000
0.0000
0.0000
0.0838
0.0000
0.0000
0.0000
0.0000
0.0640
0.0000
0.0000
0.0000
2.9873
0.0000
0.0000
0.0000
0.7823
0.0000
2.1380
0.0000
0.0000
0.0000
1.8313
0.0000
2.2933
0.0000
2.4979
0.0000
0.0000
1.0493
1.5598
0.0000
1.1838
0.0000
2.2152
0.0000
0.0000
0.3081
0.7502
1.5232
1.1701
0.0000
0.2651
0.0000
0.0000
2.1773
0.3725
0.3199
0.0550
1.2144
0.0000
1.5332
0.0000
0.0000
1.5157
0.0000
0.0000
0.0000
0.0000
1.4115
0.0000
0.0000
0.0000
0.2755
0.0000
0.0000
0.0000
0.0000
0.0000
0.0000
0.0000
0.0000
0.0000
3.0425
0.0000
2.0343
0.0000
0.0000
1.7580
0.7519
0.0000
0.0000
0.5379
0.8091
0.0000
0.0000
0.0000
0.0000
0.0000
0.9475
0.0000
0.0000
1.2172
0.0000
0.0000
0.0000
0.0000
0.0000
0.1647
0.0000
0.9114
0.0000
0.0000
0.9367
1.0573
0.0000
0.0000
2.5834
0.0000
0.0000
1.2317
0.0000
0.5691
0.0000
0.3508
0.0000
0.0000
1.2020
0.0000
0.0000
0.0000
0.0000
0.0000
0.0000
0.0000
0.8068
0.0000
1.5393
0.0000
0.0000
0.0000
0.0000
0.0000
0.0000
0.8707
0.0353
0.0000
1.1384
0.0000
0.4136
0.0000
0.0000
0.0000
0.0000
0.0000
0.0000
0.0000
0.0000
0.0000
0.0000
0.0000
0.0000
0.0000
1.4479
0.0000
0.0000
0.0000
0.4160
0.0814
2.5257
0.0000
0.0000
0.7336
0.1893
1.3698
0.9675
0.0000
0.0000
0.0000
1.1358
0.0000
0.0000
0.0000
0.0000
0.0000
0.0000
0.0000
0.0000
0.0000
2.1482
0.0000
0.0000
0.0000
2.4101
0.4487
0.0000
2.2302
3.2809
0.0000
0.0000
0.0000
0.0000
0.0000
0.0000
1.4961
0.2090
0.0000
0.0000
0.0000
0.0000
0.0000
1.9384
0.0000
1.4050
0.3149
0.0000
0.0000
0.2828
0.0000
0.0000
0.0000
0.0000
0.0000
1.0820
1.7613
0.0000
0.0000
0.0000
0.0000
1.8625
0.0000
0.0396
0.0000
4.0668
0.0471
1.6829
0.3878
0.0000
0.0000
0.0000
0.0000
0.0000
0.0000
0.0000
0.0000
0.0000
3.6350
0.0000
0.0000
0.0000
0.0000
0.0000
0.0000
0.0000
0.0000
0.0000
0.0000
0.0000
0.0000
1.0304
0.0000
0.0625
0.0000
0.0000
0.0000
0.0000
0.0000
0.4791
0.0000
0.0000
0.0000
2.0674
0.0000
0.0000
0.0000
2.5325
0.0000
0.0000
0.0000
0.0000
1.7661
0.0000
0.0000
0.0000
0.0000
0.0000
1.1858
0.0000
0.0000
0.0000
0.0000
0.0000
0.0000
0.0125
0.0000
2.8839
0.0000
0.6409
0.0000
1.4698
0.0000
0.0000
0.8120
0.0000
0.0000
0.0000
0.0000
0.0000
0.2040
1.3862
0.0000
0.0000
0.0000
0.0000
0.2484
1.2066
0.0000
0.0000
0.0000
1.2028
0.0000
0.0000
0.0000
0.0000
0.0000
1.0798
0.0000
0.0000
0.2826
0.0000
0.0000
0.0000
0.0000
0.0000
0.0000
0.0905
0.0000
0.0000
1.5100
0.0000
0.0000
0.0000
0.2642
0.0000
1.1790
0.0000
0.0000
0.5338
0.9561
0.0000
0.0000
0.0000
0.0000
0.0000
0.0000
0.0000
1.0997
0.3298
1.3184
0.0000
1.4896
0.0000
0.0000
0.0000
0.0000
0.0000
0.0000
0.0000
0.0000
0.0000
0.0000
0.0000
0.0000
0.0000
0.5386
0.0000
0.6160
0.3231
0.0000
0.0000
0.0407
0.0000
0.0000
0.0000
0.0000
0.9554
0.3411
0.9314
0.0000
0.5275
0.0000
1.6034
1.6232
0.0000
2.1929
0.0000
0.0000
0.0000
0.0000
0.0000
0.0000
0.5492
0.0000
0.0000
0.0000
1.1103
2.7373
0.2450
0.1940
0.0000
0.2326
0.0000
0.0000
1.2879
0.0000
2.0971
0.2353
0.4686
0.0000
0.7759
0.4699
0.4906
3.4330
0.0000
0.0000
0.0000
0.0000
0.0000
0.3531
0.0000
0.0000
0.0000
0.6387
0.0000
0.0000
0.0000
0.2074
0.0000
0.0000
0.0000
0.7803
0.6678
0.8261
0.0000
0.8739
0.0000
0.0000
1.0715
1.8216
0.0000
2.6027
0.0000
0.0000
0.0000
1.3094
0.0000
0.9243
0.0000
1.4013
0.2542
0.0000
1.5334
0.0000
0.0000
0.3378
0.0000
0.0000
0.4177
0.0000
1.5194
1.2143
0.0000
1.8049
0.0000
0.0000
0.0000
0.0000
0.0000
0.4732
0.0000
0.6958
0.0000
0.0000
0.2469
0.0000
1.0882
0.4785
0.0000
0.0000
0.0000
0.9265
0.0000
0.0000
0.0000
0.0000
0.0000
0.0000
0.2549
0.0000
1.0280
0.0000
0.0000
0.0000
0.0000
0.0000
0.0593
0.0000
0.0000
1.0182
5.1024
0.9785
0.0000
1.3426
0.0000
0.0000
0.0000
0.1978
0.3097
1.1430
0.0000
0.0000
0.0000
0.0000
0.0000
0.0000
0.4975
0.0000
0.0000
1.0805
0.0000
0.0000
0.0000
1.2447
0.0000
0.0000
2.7690
2.0093
0.9293
0.2765
0.0000
0.0000
0.0000
1.6314
1.1150
0.0000
0.0000
0.0000
0.0000
0.6941
0.0000
0.0000
0.0000
0.7840
0.0000
0.2190
0.0000
0.0000
0.0000
0.0000
0.0000
0.9816
0.1999
0.0000
0.0000
0.0000
0.0000
0.0000
0.0000
0.0000
0.0000
0.3931
0.0000
0.0000
0.0000
2.4826
0.4230
0.0000
0.0000
0.0000
0.3196
0.0000
0.0000
0.6227
0.4821
0.9787
0.0000
1.1634
0.0000
0.0000
1.3002
0.5206
0.6225
3.0712
0.0000
0.0000
0.0000
0.4602
0.0000
1.1890
1.0237
0.0000
0.8648
0.0000
0.0000
0.0000
0.0000
0.0000
0.0000
0.0000
0.4542
0.0000
0.0000
0.8658
0.0226
1.1562
0.0000
0.0271
2.3074
0.0000
0.0000
0.0000
1.0351
0.3331
0.0000
0.0000
0.0000
0.9403
0.0000
2.0309
0.0000
0.0000
0.0000
0.0000
0.0000
0.0000
0.0000
0.0000
0.0000
1.0466
0.0000
0.0000
0.8286
1.6469
0.0000
0.0000
1.4074
0.0000
0.0000
0.0000
0.0000
0.0281
0.0000
0.0000
0.0000
0.0145
0.4065
0.0000
0.4419
0.4430
0.0000
0.0000
0.3999
0.0000
0.0000
0.0000
0.0000
0.0000
0.0000
0.0000
0.3879
0.0000
0.0000
0.2108
0.6143
0.9986
0.0000
0.0000
0.0000
0.0000
0.6212
0.0000
0.6628
1.0255
1.7957
0.0000
0.0000
0.0000
0.0714
1.3198
0.3972
0.0000
0.0000
0.0000
0.0000
0.0000
1.1487
0.0000
1.2844
0.0000
0.4622
1.2402
0.0000
0.0000
0.0000
0.0000
0.0000
0.0000
0.0000
0.7716
0.0000
0.0000
0.9044
0.0000
0.0534
0.0000
0.0938
0.0000
0.0000
0.0000
0.0000
0.0000
1.5206
0.0000
0.0000
0.3497
0.0000
0.8394
0.0000
0.0000
0.0000
0.4636
0.0000
1.1070
0.0000
0.0000
0.0000
0.0000
0.0000
1.8287
1.2528
0.8973
0.1208
1.5236
0.2649
1.7219
0.0000
0.4718
0.1636
0.1717
1.1443
0.0000
0.0000
0.0000
0.0000
0.0000
0.0000
0.0000
0.4767
1.7472
0.2341
2.0089
0.0000
0.0000
0.0000
0.0000
0.0000
0.0000
0.0000
1.5272
0.0000
0.3606
1.2414
0.0000
0.0000
0.0000
0.8411
0.0000
1.2060
1.3020
2.0577
0.0000
0.0000
0.0000
1.4477
1.9198
0.0000
0.4093
1.7422
1.1457
1.6675
0.0000
0.0000
0.0000
0.0000
0.0000
0.0000
0.7548
2.4544
0.0000
0.0000
2.7771
0.0000
1.9528
0.0000
0.0000
0.0000
0.6226
0.0000
0.0000
0.1842
0.0425
0.7322
0.0000
2.9375
0.0000
0.8451
0.0000
0.8851
0.0000
0.0000
0.0000
0.0000
0.0000
0.6558
1.3099
0.0000
0.0000
1.6412
0.0000
0.0000
3.5510
0.0000
0.0000
0.0000
0.0000
0.0000
0.0000
0.0000
1.5206
0.0000
0.0000
0.0000
0.0000
0.0000
2.0272
0.0000
0.0000
0.0000
0.0000
2.1577
0.0000
2.5013
1.2058
1.2578
0.0000
0.0000
0.1628
0.0000
0.0000
0.0000
2.4251
0.0000
0.5248
0.0000
0.0000
0.0000
0.0000
0.0209
0.1632
0.0000
0.0000
0.0000
0.0000
1.1686
0.0000
0.0000
0.0000
0.0000
0.8414
0.0000
0.0000
0.0000
0.0000
0.0000
0.0000
0.0000
0.0000
0.0000
1.4341
0.0000
1.9323
0.0000
0.0000
0.0000
0.3803
0.0000
0.0000
0.0000
0.0000
0.8906
0.0000
0.8670
0.0000
0.0000
0.0000
1.0219
0.0000
0.0000
0.0000
0.0000
1.8057
0.0497
0.0000
0.0000
1.9258
0.0000
0.0000
0.0000
0.0000
0.0000
0.6275
0.0000
0.0000
0.0000
0.0000
0.0000
0.0000
2.6994
2.3738
0.0000
0.0000
0.0000
0.8865
0.0000
0.1871
0.0000
1.6590
0.0000
2.1918
0.0000
0.0000
0.0000
0.0000
0.8548
0.8979
0.0000
0.6196
0.0000
0.0000
0.3573
0.0000
3.1565
1.0171
0.3084
0.0000
0.0000
0.0000
0.0000
0.0000
0.7333
0.0000
0.8476
0.0000
0.0000
0.5630
0.0000
0.0000
0.0000
0.0000
0.3572
0.0000
0.0000
1.5048
0.0082
0.0000
1.0551
2.5431
1.6318
0.5216
0.3004
0.0000
0.0000
0.0000
0.0000
0.0000
2.9325
0.0000
0.0000
1.4938
1.6100
0.0000
0.0000
0.0000
1.4437
0.7675
0.0000
0.3794
1.2929
0.0000
0.0000
0.0000
0.0000
1.0924
0.9314
0.0000
0.0000
0.0000
0.0812
2.0578
0.0000
1.3715
0.0000
0.0000
0.0000
0.4569
1.4536
0.0000
0.0000
0.0000
1.0987
1.6383
0.0000
0.0000
0.4123
0.0000
0.0000
1.8853
0.6012
0.0000
0.0000
0.0000
0.0000
1.1677
2.4349
0.6227
0.0000
0.0000
0.0000
0.0000
3.0853
0.2845
0.0000
0.0000
0.0337
0.5519
0.0000
0.0000
0.0000
0.0000
0.0000
0.0000
0.0000
0.4048
0.0000
0.4000
0.0000
1.2748
0.0000
1.7497
0.0000
0.0000
0.6862
0.8994
0.0000
2.1007
0.0000
0.0000
0.0000
1.0659
0.0000
0.1929
0.7608
0.0000
0.0000
0.0000
0.0131
0.0000
0.0000
0.0000
0.0000
0.0000
0.4815
0.0000
1.9553
0.0000
0.0000
0.0000
0.0000
0.0000
0.0000
0.0000
1.9115
0.0000
0.0000
0.2814
0.0000
0.0000
0.0000
0.0000
0.0000
0.5007
0.0000
0.9379
0.0000
0.1594
0.0000
0.0000
0.0000
0.5451
1.8866
0.0000
0.0000
0.0000
0.0000
0.5223
0.4925
0.0000
0.0000
0.0000
0.2878
1.1910
0.0000
1.4952
0.0000
0.3222
0.5578
0.0000
0.1787
0.0000
0.0000
0.4861
0.0000
0.3853
0.0000
0.0000
0.2819
2.5331
0.0000
0.4132
0.0000
0.0000
0.0000
0.0000
0.0000
0.7268
1.9739
0.0000
1.2776
0.0000
0.5703
0.0000
0.0000
0.3369
0.0000
0.0000
0.0000
0.6366
0.0000
0.0000
0.0000
0.0000
0.0000
0.0000
0.0000
0.0000
0.0000
0.0000
1.2004
1.0649
2.3762
0.0000
1.7158
0.1453
0.0000
0.4756
0.2289
0.0000
0.0000
1.2242
0.8841
1.9414
0.0000
0.0000
0.0000
1.1550
0.0000
0.0000
0.0000
0.0000
0.0000
0.0000
0.0000
0.4158
0.0000
0.0000
0.0000
0.0000
1.1090
1.4698
0.0000
1.1006
0.0000
0.4954
0.0000
0.0000
0.0000
0.0000
1.0291
0.0000
0.0000
0.0000
0.9702
0.0000
0.0000
0.0000
0.7422
0.0000
0.0000
0.0000
0.0000
0.0000
0.0000
0.0000
0.0000
0.0000
0.6637
1.0007
0.0000
0.0000
0.7020
0.4891
0.5147
0.0000
0.0000
0.0000
3.6801
0.0000
0.0000
0.0000
1.5370
0.5654
0.0000
1.4338
0.0000
0.0000
0.0000
1.5838
0.3368
0.0000
1.0006
0.0000
0.0000
4.1119
0.0000
0.0000
0.0000
0.9723
0.0000
0.6844
1.3916
0.0000
1.0499
0.1084
0.0000
0.4730
0.0000
0.0000
0.0000
0.0000
1.2610
0.0000
0.6095
0.0000
0.0000
0.0000
0.0000
0.0000
0.8320
0.0000
0.0711
0.0000
0.0000
0.1550
0.2110
0.0000
0.0000
0.0000
1.8515
0.0000
0.0000
1.7335
0.0000
0.0000
1.0516
0.6149
2.3718
0.0000
0.0000
0.2526
0.0000
0.0000
0.0000
0.0000
0.0000
0.0072
0.4521
0.4147
0.0000
0.0000
0.5086
0.0000
0.0000
1.8796
0.0000
0.0000
0.0000
0.0000
0.5798
0.8364
0.0000
0.2193
0.0000
0.0000
0.0000
0.0000
0.3004
0.4993
0.0000
0.0240
1.0298
0.0000
0.0000
0.3856
0.0000
0.0000
0.0000
0.0000
0.0000
1.3963
2.0576
0.0000
0.8460
0.0000
2.5835
5.2444
0.0000
0.0277
1.0628
0.0000
0.0000
0.0000
0.0000
0.0000
0.0000
0.0000
0.0000
0.0860
0.0000
0.0000
0.0000
0.0000
0.0000
0.0000
0.0000
0.0000
2.7321
0.0000
0.0000
0.2776
0.2280
0.0000
1.8411
0.0000
0.0000
0.9436
0.0000
0.0000
0.0613
1.1769
0.0000
0.0000
1.6575
0.0000
0.5793
0.0000
1.8176
0.0000
0.0000
1.3992
0.0000
0.0000
0.0000
0.3234
0.0000
1.0589
0.0000
0.0000
2.1928
0.0000
0.2138
0.0000
0.0000
0.9605
0.0000
0.0000
1.3620
0.6783
0.0000
0.0000
0.0311
0.0000
1.1779
0.0726
0.0000
0.2842
0.5703
0.0000
0.0000
0.0000
0.0000
0.6429
0.0000
0.0000
0.0000
0.0000
0.0000
0.0000
0.0000
3.4256
0.0000
0.0000
1.8462
0.0000
0.0000
0.0000
0.0000
0.7941
0.0000
0.4587
0.0000
0.8107
0.0000
0.0000
0.0000
0.4846
0.0000
0.0000
0.0000
0.0000
0.0000
0.8542
0.7726
0.0000
1.6590
0.0000
0.0000
0.0000
0.0000
0.0000
0.3435
2.7428
0.0000
0.8341
0.0000
0.6249
0.0000
0.0000
0.0000
0.0000
0.0000
0.6015
1.7481
0.0000
0.0000
0.0000
0.0000
0.3706
0.0000
0.0000
3.8094
0.0000
0.0000
0.0000
0.0000
3.4549
1.9216
0.7168
0.0000
0.0000
0.0000
0.4947
0.0000
0.0000
0.0000
0.0000
0.0000
0.0000
0.0000
0.0000
0.0000
0.0000
0.0000
1.0043
0.0527
0.0000
0.0000
0.0000
0.0000
0.0000
0.0000
0.0000
1.5766
0.0000
1.1714
1.1461
0.0000
0.0000
1.7037
0.0000
0.1142
0.0000
0.0000
2.6553
0.3254
0.0000
1.9877
0.1646
0.0000
0.0000
0.0000
0.0000
0.0000
0.0000
0.0000
0.0000
0.1503
0.8953
0.0000
0.0000
0.0000
0.3852
0.0000
0.0000
0.0000
0.0000
0.0000
0.4626
0.1939
0.0000
0.0000
0.0000
0.0000
1.6869
0.0000
0.0000
0.0000
0.0000
0.0000
0.0000
1.4556
0.0000
0.0000
0.0000
0.0000
3.5201
0.0000
0.0000
0.2142
0.0000
0.3172
0.0000
0.0552
1.4424
0.0000
0.0000
0.0000
0.0000
0.0000
0.0750
0.0000
0.0782
0.0000
0.9910
0.0000
0.0000
1.5114
0.0000
1.6553
0.3751
0.0000
0.0000
0.1267
0.2622
0.0000
0.4567
1.5526
0.7436
0.0000
3.0371
0.1065
0.0000
0.8552
0.0000
1.4449
0.0000
0.6109
0.0000
0.0000
0.0000
0.0000
0.0000
1.1967
0.0000
0.0000
0.8167
0.0000
0.0000
0.0000
0.9572
0.0000
0.0000
0.0000
1.4297
0.0000
0.0000
0.0000
2.2720
0.0000
0.0000
0.0000
0.0000
1.7283
0.0000
0.0000
0.0000
2.8605
2.6758
3.5912
0.0000
1.6973
3.7521
0.0000
0.0000
0.0000
0.0000
0.0000
0.0000
1.1761
0.0000
0.0000
2.6983
0.0000
0.0000
0.0000
0.0313
0.0622
0.6675
0.0000
0.0000
0.0000
0.0000
0.0000
0.7824
0.7675
1.4569
1.2285
0.0000
0.0000
1.0470
0.0000
1.8547
0.0000
0.0000
1.9057
0.0000
0.0000
0.3359
0.2145
0.3934
3.9028
0.0000
0.5021
0.0000
0.0000
0.4424
0.0000
0.0000
0.0000
0.3326
2.4210
0.8938
0.6051
0.0000
0.0000
0.0000
0.0000
0.5261
0.0000
0.0000
0.0000
0.0000
0.0000
0.0000
0.0000
0.0000
0.0000
0.4032
0.0000
0.0000
0.0000
2.4653
0.0000
0.0000
0.0000
1.0240
1.7283
1.5561
1.0151
0.0000
0.0000
0.9554
0.0000
0.0000
0.0000
0.0000
0.7151
0.0000
2.4788
0.0000
0.0000
4.0294
0.0000
0.0000
0.7705
0.1960
0.0000
1.6471
0.8076
0.0000
0.0000
0.0000
0.0000
0.5414
0.6319
0.0000
0.0000
0.5521
0.9086
0.0000
0.8417
2.3241
0.2385
0.0000
1.3173
0.0000
0.0000
0.0000
1.4163
0.0000
0.8499
0.0926
0.0000
1.2554
0.0000
0.0000
0.0000
0.0000
0.0000
0.3475
3.2084
1.8821
0.0000
0.1122
1.9717
0.0000
0.0000
0.0000
0.7125
0.0000
1.3384
0.0000
0.0000
0.0000
0.8858
0.0000
0.0000
1.2061
0.0000
0.0000
0.0000
0.0000
1.2885
1.0987
0.0000
0.0000
2.2380
1.9570
0.0000
0.0000
0.0000
0.0000
0.0000
1.3847
0.9637
0.0000
0.0000
0.0379
0.4538
0.9800
0.0000
1.1775
1.9403
0.0000
0.0000
0.0000
0.0000
3.6500
0.0000
0.0000
0.1607
0.0000
0.0000
0.0000
0.0000
0.0000
0.0000
0.0000
0.0000
0.0000
1.1074
1.5216
0.0000
0.0000
0.1918
0.0000
0.0000
0.7343
0.0000
0.0000
0.0000
0.0000
4.8909
1.4999
0.0000
0.0000
1.1690
0.0000
0.0000
0.7454
1.9399
0.7565
0.0000
1.3468
2.3985
0.7347
0.0000
0.0000
0.0000
0.0000
0.0000
0.7005
2.1713
0.3625
0.0000
5.6472
1.1409
1.0789
0.0000
0.0000
0.0000
0.0000
0.0000
0.0000
0.0000
0.0000
0.5567
0.0000
0.0000
0.0000
0.0313
0.3920
0.0000
0.0000
0.0000
0.0000
0.0000
0.6537
0.0000
0.1761
0.5711
0.5652
0.8516
0.0000
0.0000
1.6428
0.0000
1.5658
2.0499
0.0000
0.0000
0.0000
0.0000
0.0000
0.0000
0.0000
0.4540
0.0000
0.0000
0.0000
0.0000
0.0000
0.0000
0.0000
0.0000
3.3873
0.0000
1.3721
0.8165
0.0000
0.0000
0.0000
0.0000
0.5868
0.0000
0.0000
0.0000
0.0000
0.0000
0.0000
0.0000
0.0000
1.7781
1.5147
0.0000
0.0000
0.1377
0.0000
1.4813
0.0000
0.0000
0.0000
0.0000
0.0000
0.8972
0.0000
0.0000
0.0000
0.0000
0.0000
0.0000
0.0000
0.0000
0.0000
0.2161
0.0000
0.0000
0.6421
1.1105
0.9488
0.0000
1.7022
0.4345
0.0000
3.3914
1.2588
0.4246
3.7007
1.2549
0.0000
0.2965
0.0000
0.0000
1.5519
0.0000
0.0000
0.0000
0.4165
0.0000
0.0000
0.0000
0.0000
2.4793
0.0000
2.0836
0.0000
1.6194
0.0000
0.0000
0.0000
1.5973
3.3960
0.0000
0.0000
0.0000
0.0000
0.5965
1.9248
0.0000
0.4216
0.0000
0.0000
1.3612
0.0000
0.0000
3.1756
0.0000
0.0555
3.2059
0.0000
0.8738
0.0000
0.2550
0.0000
0.0000
3.6770
0.0000
0.0000
0.0000
0.0000
0.0732
1.3362
0.1823
0.6295
0.3968
0.0000
0.0000
0.0000
1.1147
0.0000
0.0000
1.1523
0.0000
0.0000
0.0000
0.0000
0.0000
3.0581
0.0000
0.0000
0.0000
0.0000
0.0000
1.5798
0.6556
0.0000
0.0000
0.0000
0.1299
0.8970
0.0000
0.0000
0.0598
1.7634
0.0000
0.0000
1.1020
0.0000
0.8058
2.3559
0.0457
0.0000
0.0000
0.0000
1.2208
0.0000
0.0000
1.2683
0.0000
1.1879
0.9782
0.9826
0.0000
0.0000
0.0942
0.0000
0.0000
0.0000
0.5023
0.4178
0.0000
0.0000
0.0000
0.0000
0.9676
0.0000
0.0000
0.2090
0.2393
0.0000
0.0000
0.1289
0.0000
0.0000
0.0000
1.3534
0.0000
0.0000
0.7001
1.0082
1.0128
0.0000
3.0597
0.0000
1.1829
0.0000
2.0409
0.0000
0.0000
0.0000
0.0000
0.0000
0.0000
0.0000
1.0239
0.0000
0.0000
0.0000
0.0000
0.0000
0.0000
1.7361
0.0000
0.0000
0.0000
0.9266
0.0000
0.0000
0.0000
2.5525
0.0000
0.0000
0.0000
1.1210
0.0000
0.5288
0.0000
0.7763
0.0000
0.0000
0.0000
0.0000
0.0000
0.0000
0.0000
0.0000
0.3781
0.0000
0.0000
0.0000
0.1729
0.0000
0.0000
0.0000
0.0000
1.1422
0.0000
0.2805
0.0000
0.3286
0.0000
1.1206
0.0000
0.0000
0.0000
0.0253
0.0000
0.0000
0.0000
0.0000
0.3447
0.0000
0.0000
1.5836
0.0000
0.0000
0.0000
0.0000
0.0000
0.0000
0.0000
0.0000
0.8380
0.2532
0.0000
0.0000
0.0000
0.0000
1.5200
1.4658
0.0000
0.0000
0.1441
0.5688
0.0000
1.1714
0.2084
0.0000
0.0000
0.0000
0.0000
0.0000
0.4312
0.6215
3.2919
0.3649
0.0000
0.4461
0.0000
0.0718
0.0000
0.0000
0.0000
2.1407
0.0000
0.0000
0.0000
0.0000
0.1553
0.0000
0.0000
0.0000
0.0000
0.0000
0.8611
1.8817
0.0000
0.3899
0.0000
0.0000
0.0000
0.5615
0.9608
1.5474
0.0000
0.0000
0.0000
0.7446
0.0000
0.5666
0.0000
0.0000
0.0000
0.0000
0.0000
1.2101
0.9672
0.0000
0.0000
0.0000
0.6751
1.2386
0.0000
0.0000
0.0000
0.0000
0.0000
0.0000
0.0000
0.0000
0.0000
1.4241
0.1155
0.0000
0.0000
0.0163
0.0000
1.2836
0.0000
0.0000
1.5184
0.0000
0.0412
0.0000
0.0000
0.0000
0.0000
0.0000
0.0000
0.0000
0.6967
0.0000
0.0000
0.0000
0.0000
0.0000
0.0000
0.0000
0.0000
0.5673
0.0000
0.0000
0.0000
0.8209
0.0000
0.0000
0.0000
0.0000
0.8708
0.0000
2.0238
0.0000
0.0000
0.0000
0.0000
0.0000
0.0000
0.0000
0.6609
0.0000
0.0000
0.0000
0.0000
0.0000
0.0000
0.0000
0.3715
0.3343
1.2155
0.0000
0.0000
0.4282
1.2202
0.2802
1.2348
0.0000
0.0000
0.0000
0.0000
1.0277
0.1852
0.0000
0.0000
1.6320
1.2310
3.0222
0.0000
0.0000
0.6629
0.0000
0.0000
0.0000
0.0000
0.2739
0.0000
2.8330
0.0000
0.3267
1.5098
0.9223
0.6781
2.6878
0.0000
3.4405
0.0000
0.0000
0.0000
1.3997
0.0000
2.9666
0.3989
0.0000
0.0000
0.5891
0.0000
0.0000
1.1708
0.0000
0.0000
2.3861
0.0000
0.0000
0.0000
0.0000
3.2659
0.2285
0.0000
0.0000
0.0000
0.0000
0.0000
0.0000
3.7697
0.0000
0.0000
0.0000
0.0000
0.1821
0.0000
2.3104
1.6958
1.6443
0.0000
0.0000
0.7533
0.2672
0.8517
3.0301
0.0000
0.0000
0.0000
0.5693
2.5832
0.5456
0.0000
0.0000
0.0000
0.0000
0.0000
2.0271
0.0000
0.0000
3.1254
0.0000
0.0000
0.0000
0.0000
0.2688
0.3048
0.0744
0.0000
0.0000
0.0000
1.2816
1.6832
0.0000
0.8193
0.0000
0.0000
0.0000
0.0000
3.7377
0.0000
1.7678
0.0000
0.0000
2.2376
0.0000
0.0000
0.0000
0.0000
0.0000
0.0000
4.2287
0.0000
0.0000
0.0000
0.0000
0.0000
0.0000
1.2118
0.9377
0.0000
0.0000
0.0000
0.0000
0.3309
0.0000
0.0000
2.4345
3.6356
0.0000
0.0000
0.0000
0.0000
0.7759
0.0000
0.0000
0.0000
0.0000
0.4253
1.4628
0.0000
0.0000
0.0000
0.0000
0.0000
0.4771
0.0000
0.0000
2.0925
1.8286
0.0000
0.8824
0.0000
0.0000
0.0000
0.0000
0.0000
4.9377
0.0000
1.8530
0.0000
0.0000
0.0000
0.0000
1.3558
0.2940
0.0000
0.8375
0.2827
0.0000
0.0000
0.0000
0.0000
1.9730
0.0000
2.2117
2.5423
0.1335
0.0000
0.0000
0.0000
0.0000
0.0000
0.0000
2.6078
0.0000
0.0000
0.7130
0.0000
1.0560
0.0000
0.0000
0.0000
0.0000
0.0000
0.7534
3.2172
1.3159
1.6637
0.0894
0.0000
2.8846
0.0000
0.0000
0.0000
0.0000
0.0000
0.6491
0.5295
0.0000
0.0000
0.0000
0.3623
0.0000
0.0000
0.0000
0.0000
0.0000
0.0000
1.0755
1.2337
0.1121
0.0000
0.0000
3.3365
0.0000
0.0000
0.0000
0.0000
0.8028
1.8299
0.0000
0.1950
0.0000
0.0000
0.0264
0.0000
0.0937
0.0000
2.3133
0.0000
0.8094
0.0000
0.0000
0.0000
0.0000
0.4485
0.0000
0.0000
0.0000
1.9235
0.0000
0.2649
0.0000
0.0000
0.1778
0.0000
1.8550
0.0000
0.0000
0.0000
0.0000
0.0000
0.0000
0.7457
0.3336
2.7662
0.0000
0.0000
2.5368
1.2718
0.4170
0.0000
0.0000
0.1198
0.0505
0.0000
0.0000
0.0000
0.0000
0.0000
0.2838
1.3193
0.0000
0.2177
1.3936
0.8778
2.3089
0.7032
0.0000
0.0000
0.0000
0.0000
2.3644
0.4116
0.5923
0.0000
0.0000
0.0000
1.0860
2.2482
0.1633
0.0000
1.3022
0.0127
0.1323
0.0000
0.8305
0.0000
0.0000
0.0000
0.7273
1.2438
0.0000
0.0000
0.0000
0.0000
0.0000
2.2294
0.3839
0.0000
0.7559
0.0000
0.0000
0.0000
0.0000
0.0000
1.4182
0.0000
0.0000
0.0000
0.2400
2.6038
0.0000
1.3494
0.0000
0.0000
0.0000
0.0000
0.0000
0.1996
0.0000
0.0000
0.0000
0.4016
0.0000
2.5039
0.0000
0.0000
0.0000
0.4913
0.0000
1.0835
1.3027
0.0000
0.0000
0.0000
0.0000
0.0000
1.6971
0.1082
1.1931
0.0000
0.0000
0.0000
0.1961
0.0000
0.0000
0.0000
0.0000
0.8289
0.0000
0.0000
0.0000
0.0000
0.0000
1.2392
0.0000
0.0644
0.0000
1.4959
0.0000
0.0000
0.0000
3.8193
0.1993
0.0000
1.2488
0.1363
0.0000
0.0000
2.5269
0.0000
0.0000
0.0000
0.0000
0.0000
0.2255
0.3166
0.0000
0.0000
0.0000
0.0000
1.5698
0.0000
0.0000
0.0000
0.0000
0.0000
0.0000
0.0000
0.0000
0.0000
0.4965
0.0000
0.0000
0.0000
0.0000
0.0000
3.2537
0.6511
0.0000
2.6421
1.7173
0.0000
0.4989
0.0000
1.3679
0.0000
0.0000
0.3095
0.0000
0.0000
1.5723
1.5582
1.3433
0.0000
1.1159
0.0000
0.6299
0.4372
0.3158
0.5440
0.0000
0.0000
0.0000
0.0000
1.9720
0.0000
0.0000
0.0000
0.0000
0.0000
0.0000
0.0000
0.0000
0.0000
0.9543
0.0000
0.0000
0.0000
0.0000
0.0926
1.4201
0.1114
0.0000
0.0000
0.0000
0.0756
0.0000
0.0000
0.0103
0.0000
0.0000
0.0000
0.0000
0.0000
0.0000
0.0000
0.2880
0.0000
0.0000
0.0000
0.0000
0.0000
0.0000
0.0000
0.6446
0.0000
0.0000
0.0000
0.0000
0.0000
1.7457
0.2819
0.0000
0.0000
0.0000
1.1138
2.0944
1.9168
0.0000
0.0000
0.4610
2.3300
0.0000
0.0000
0.4146
3.5762
0.5658
0.0000
0.0000
0.0000
0.1392
0.0000
0.0598
0.0000
1.6860
0.0000
0.0000
1.1566
3.3626
0.0000
0.9169
0.0000
0.0000
0.0000
0.0000
2.7429
0.0000
0.0000
0.0000
0.0000
1.5297
0.0000
0.0000
1.0493
0.2084
0.0000
0.0000
0.3148
0.4554
0.0000
0.0000
0.0000
0.0000
0.0000
2.9719
0.0000
1.8818
0.0000
0.1279
1.9303
0.0000
0.0587
0.0000
1.8416
0.2262
0.0000
0.3037
0.0000
0.0000
0.0000
0.1069
0.0000
0.0000
0.3396
0.0000
0.0000
0.0000
0.0688
0.0000
0.0000
1.4822
0.0000
0.0000
0.2739
1.8206
0.4927
0.1450
0.0000
0.3974
0.3102
0.4259
0.0000
0.0000
1.8219
2.4339
0.2395
0.0000
0.0000
0.0000
5.7780
0.2720
1.4996
0.0000
1.2051
0.0000
0.0000
0.0000
0.0000
0.0000
0.0000
0.0000
0.0000
1.8228
1.7583
2.7754
0.0000
0.0000
1.6756
0.0000
0.0000
0.0000
0.0894
0.0000
0.7410
0.0000
0.0000
1.5283
0.0000
0.0000
0.0000
1.3660
1.4527
0.0161
0.0336
0.0000
0.0000
0.4566
1.4594
0.4161
1.4716
0.0000
0.0000
0.8818
1.5403
2.4975
0.3317
0.0000
0.2752
0.0000
0.0000
0.9020
0.1494
0.0000
0.0000
0.0000
0.2725
0.0000
0.0692
0.3726
0.0000
0.0000
0.0000
0.0086
1.1692
2.8687
0.7947
0.0000
0.5001
2.7941
0.0000
0.2426
0.0000
0.0000
0.7543
0.0000
0.3943
0.0000
0.0000
0.0000
0.0000
2.9966
1.1916
0.0000
1.1859
0.0000
0.9945
0.5093
0.5879
0.0000
0.0000
0.0000
1.9019
0.2339
0.5348
0.4400
0.0000
0.6321
0.0000
0.0000
0.0000
0.0000
0.9237
0.4703
0.0000
0.0000
0.0000
0.0000
0.0000
5.4861
0.0000
0.6822
0.0000
0.9471
0.0000
0.0000
0.0000
0.0000
1.6612
0.0000
1.5991
0.6057
0.0000
2.6313
2.0492
0.3068
0.0000
1.6585
0.8692
0.0000
0.0000
0.0000
0.0000
0.0000
0.3858
0.0000
0.0000
0.0000
0.0000
0.0000
0.0000
0.0000
0.0341
0.2812
0.0365
0.0000
0.7973
0.1433
0.0000
0.0000
1.3901
0.0139
0.0000
1.4243
1.1422
1.3477
0.0000
0.0000
0.0517
0.0000
0.0000
0.0000
0.0000
0.3913
0.0000
5.2831
1.0713
0.0000
1.8642
0.7350
0.5435
1.5908
0.0000
2.1436
0.7004
0.0000
0.0000
0.0000
0.0000
0.0000
0.0000
0.8425
0.9172
0.5475
0.0000
0.0000
0.0000
0.0000
0.0000
3.1385
0.0000
0.6167
0.0000
0.0000
1.3916
0.0000
