0.1082
0.0000
0.0000
0.0000
0.2090
0.0000
0.0000
0.0000
0.0118
2.0449
0.1616
0.0000
0.2868
0.0000
0.0000
0.0000
0.0000
0.0000
0.0000
0.0000
0.6687
0.0000
2.2233
1.5467
2.6746
1.5077
0.0000
1.5062
0.0000
0.0000
0.0000
0.0000
1.7471
0.0000
1.3407
0.0000
0.0000
0.0000
0.4878
1.2890
0.0000
0.0000
0.0000
0.0000
0.0000
0.0000
0.0000
0.0000
0.0000
0.4466
0.0000
0.0000
0.0000
0.0000
0.0000
0.0000
1.9883
0.2372
0.0000
0.0000
0.0000
1.7567
0.0000
1.9665
0.0000
0.9456
0.0000
0.4917
0.5965
0.0000
0.4158
3.2896
0.5707
0.0000
0.0000
2.9018
0.0000
0.0000
0.0000
0.0000
0.0000
0.0000
0.0000
0.0000
0.0000
0.0000
0.1952
2.3578
0.0000
0.0000
0.0000
0.0000
0.7669
0.0000
0.0000
0.0000
0.0000
0.0000
2.4550
0.0000
0.0000
0.0000
0.3980
0.0000
0.6834
1.8023
0.0000
0.0000
0.0000
3.1415
0.9623
0.0000
0.4249
0.0000
0.0000
0.0000
0.6636
0.0000
0.0000
0.0000
2.2330
0.4726
1.0257
0.0000
0.7884
0.0000
0.6823
2.1670
1.3413
0.0000
0.0000
0.0000
0.0000
0.0000
1.6008
0.0000
1.2496
0.2523
0.0000
3.1694
2.7930
0.2468
1.6218
1.7006
1.8256
0.0000
0.0000
2.2524
2.2131
0.0000
0.0000
1.1276
2.1887
0.7541
0.0000
0.0000
0.2790
0.0000
0.1841
0.0000
0.0197
0.0000
1.3022
0.0000
0.0000
0.0000
0.0000
0.0000
0.0000
1.9511
0.0000
0.0000
0.0000
0.0000
0.0000
0.0000
0.0000
0.0000
0.0000
3.0772
0.8197
1.9268
0.0000
0.0000
0.0000
0.0000
3.0698
0.0000
2.2426
0.0000
0.0000
0.0000
0.0463
0.0000
0.0000
0.0000
0.0000
0.0000
2.0971
2.2248
0.0000
0.4084
0.0000
0.0000
0.0000
0.0000
0.0000
0.0000
0.0000
0.0000
0.0000
0.0000
0.0000
0.0000
0.0000
0.0000
0.0000
0.0000
0.3263
0.0000
0.0000
0.0000
0.0000
0.0000
0.5219
0.0000
0.0000
0.0000
0.0000
0.2633
0.0000
0.0039
0.0000
0.0000
1.1753
0.0000
1.7670
0.0000
1.5111
0.0000
0.0000
0.0000
0.0000
0.0000
0.0000
0.4885
0.0000
0.0000
0.0000
0.0000
0.0000
0.0000
0.0000
0.5915
0.0000
0.0115
0.0000
0.0000
0.9202
0.0000
0.0000
0.0000
0.0000
0.0000
0.0000
0.0000
0.0000
0.1015
0.0000
0.3928
1.1707
0.0000
0.2268
0.0000
2.4168
0.0000
1.2477
0.0000
0.0000
0.0000
2.2721
0.0000
0.0645
0.0000
0.0000
0.4409
1.3899
0.0000
0.0000
0.0000
0.0000
0.0000
0.0000
0.0000
3.2811
0.0000
0.0000
0.6519
0.0000
2.0941
0.0000
0.0000
0.0000
0.0000
0.0000
0.0000
0.0000
0.0000
0.0000
0.0000
0.0000
1.1407
0.0000
1.2422
0.0000
0.0000
0.0000
0.0000
0.1135
2.3428
0.0000
1.2654
0.0000
0.0000
0.0000
1.9079
0.0000
2.8100
0.0000
0.0747
0.0000
0.0000
0.0000
0.0000
0.0000
1.5868
0.0000
0.0000
0.0000
2.6887
0.0000
0.0000
0.0000
0.0000
0.0000
2.1164
0.0000
0.4394
0.0000
0.0000
0.0000
2.5589
1.0268
0.0000
0.0000
0.0000
0.0000
0.0000
1.1828
0.0000
0.0000
0.0000
0.0000
0.0000
0.0000
0.0000
0.0000
0.0000
0.0000
0.0000
0.0000
0.4123
0.0000
0.0000
0.0000
0.0000
0.0000
0.0000
0.0000
0.0000
3.1580
0.8778
1.0271
0.0000
0.0000
0.0000
0.0000
0.0000
0.0000
0.0000
0.8266
0.0000
0.0000
0.0000
0.0000
0.6942
0.0000
0.0000
0.3756
0.3669
0.0000
0.0000
0.0000
0.0000
0.0000
0.0000
0.0000
0.0000
2.9334
0.0000
0.0000
0.0000
0.0000
2.9670
0.0000
0.0000
0.0000
0.0000
0.1219
0.0000
2.0021
0.0000
0.0711
0.0000
0.0000
0.0000
0.0000
1.8119
0.0000
0.1895
0.0000
0.0000
0.0000
0.0000
0.0000
0.0000
0.9417
0.0000
2.0100
0.0000
1.6504
0.0000
0.2476
0.0000
3.5764
0.7497
0.0000
0.0000
2.5434
0.7738
0.7295
0.0000
0.0451
0.0000
0.0000
0.0000
0.0000
0.0000
2.5451
0.0000
0.4764
0.0000
0.3496
0.0000
0.0000
0.0000
0.6633
0.0000
0.0000
0.0000
0.0000
2.0714
0.0000
0.1140
0.0000
1.5131
0.0937
0.0000
0.0000
0.0000
1.7085
0.0000
0.4967
2.3396
0.0000
1.4138
0.0000
1.9372
0.0000
0.0000
0.0000
0.0000
0.0000
0.0000
1.7075
0.0000
0.0000
0.0000
0.0000
0.0000
0.0000
0.0000
2.4406
0.0000
0.0000
0.0000
0.0000
0.0000
0.0000
2.2295
0.0000
0.0000
0.0000
0.4428
1.3384
0.0000
0.0000
0.0000
5.1387
0.0000
1.6263
0.2274
0.0000
1.4766
0.0000
0.0000
0.5884
0.4624
0.0000
0.5594
0.5879
0.0000
0.3780
0.0000
0.0000
0.3026
0.0000
0.0000
0.0000
0.0000
0.0000
0.0000
0.0000
0.0000
0.0000
0.0000
0.0000
0.0000
0.0000
0.0000
0.0000
0.0000
0.0000
0.0000
0.0000
0.0000
0.0000
0.0000
0.0000
0.0000
0.0000
2.3837
0.0000
0.0000
0.0000
0.9544
0.0000
0.0000
0.0000
0.0000
0.0000
0.0000
0.0000
0.0000
0.0000
0.0000
0.0000
0.0000
0.0000
2.2972
0.0000
0.0000
0.0000
0.0000
0.0000
0.0000
0.0000
0.0000
3.3245
0.0433
0.0000
0.3785
0.0000
0.0000
0.0000
0.0000
0.0000
0.0000
2.0605
0.3039
0.0000
2.2869
0.0000
0.0000
0.0000
0.2234
2.0390
0.0000
0.0000
0.1588
0.3428
0.0000
0.0000
4.7411
0.0000
2.4415
1.7355
0.0000
0.0000
0.0000
1.8137
0.0000
0.0000
0.0000
0.0000
1.2551
0.0000
0.5462
0.0000
0.0000
0.0000
0.0000
0.0000
0.0000
3.2828
3.0928
0.0000
2.4318
0.0000
0.0000
0.3774
1.8013
0.0000
0.0000
0.0000
0.0000
0.0000
0.0000
0.1909
0.0000
0.0000
1.4085
3.6988
0.0000
0.0000
0.0000
0.3034
0.0000
0.0000
0.0000
0.0000
1.8732
1.0058
0.0000
0.0000
0.0000
0.6140
0.2027
0.0000
0.0000
0.6430
0.0000
0.0000
0.0000
0.0000
0.0000
0.0000
0.0000
0.0000
0.0000
0.0000
0.0000
0.0000
0.0000
0.0000
0.7848
0.0000
0.2746
0.0000
0.0000
0.1743
0.0000
2.8072
0.0000
0.0000
0.0000
0.0000
0.0000
0.0459
0.0000
2.7421
1.5259
0.0000
0.5373
0.0000
0.0000
0.0000
0.0000
1.3375
1.3466
0.0000
1.5219
0.9467
0.0000
0.0000
0.0000
0.0000
1.1862
0.0000
0.0000
0.0000
0.0000
0.1610
1.1543
0.0000
0.0000
0.1000
0.0000
0.0000
0.0000
0.0000
0.0000
0.0000
0.4732
0.0000
0.0000
0.0000
1.3180
0.0000
2.2157
0.5966
0.0000
1.2213
1.0767
0.0000
0.0000
0.0000
0.0000
3.3534
0.0000
0.0000
0.0000
0.0000
0.0000
0.0000
0.0000
0.0000
0.0000
0.0000
0.0000
0.0000
0.0000
3.2957
0.0000
0.0000
0.5680
0.0000
0.0000
0.0000
0.0000
1.3663
0.0000
0.0524
0.0000
0.7064
0.0000
0.0000
0.0000
0.0000
0.6515
0.0000
0.0000
0.0000
1.5250
0.0000
0.0000
0.2434
1.7587
0.0000
0.0000
1.3844
0.0000
2.8144
0.0000
1.4042
0.1511
0.0000
0.0000
0.0000
0.0000
0.0000
0.4264
3.6739
0.7142
0.0000
0.0000
0.0000
0.0000
0.0000
0.0000
0.6480
0.0000
0.9321
0.0000
0.0000
0.0000
0.8667
0.0000
0.0000
2.3132
0.8963
0.0000
1.3669
0.0000
0.0000
0.0000
0.3925
0.0000
0.8599
0.0000
1.3496
0.0000
0.0000
0.0000
0.0000
0.0000
1.7890
0.0000
0.0000
0.0000
0.0000
0.0000
0.0000
0.5345
0.0000
0.0000
0.5929
0.0000
0.0036
0.0000
0.0000
0.0715
0.0000
0.0000
0.0000
0.0000
0.0000
0.0000
0.0000
1.8167
0.0000
0.0000
0.0000
0.0000
0.7449
0.0000
1.8444
0.0000
0.0000
0.0000
0.0000
0.0000
1.9320
0.0000
0.0000
0.0000
0.0000
2.4247
0.0000
0.0000
0.0000
0.0000
0.0000
0.0000
0.0000
0.0000
0.0000
0.0000
0.0000
0.0000
0.5920
0.0000
0.9294
0.0000
0.0000
0.0000
0.0000
1.5384
0.9395
0.0913
0.0000
0.0000
0.0000
0.0000
0.0000
0.0000
0.0000
0.0000
0.0000
0.7467
0.0000
0.0000
2.1279
0.0000
0.0000
0.0000
0.0000
0.3766
0.0000
0.0000
0.0000
0.0000
0.0000
0.0000
0.0000
1.6368
1.6080
0.5545
0.0000
0.0000
0.0000
0.0000
0.7588
0.0000
0.0000
0.0000
0.0000
0.3688
0.0000
0.0860
0.6023
0.0615
0.0000
0.0000
2.6708
2.0371
0.0000
0.0000
0.0000
3.8991
0.0000
0.2598
0.0726
0.6892
0.0000
0.0000
0.7792
0.0000
0.0000
0.0000
0.0000
0.8245
0.0000
0.5921
0.0000
0.0000
0.0000
0.5132
0.0000
0.0000
1.1650
0.0000
0.4020
0.0000
0.0000
0.0000
0.3886
0.0000
0.0000
0.0000
0.0000
0.5376
0.0000
0.0000
1.3802
0.9537
1.7548
0.0000
0.0000
0.0000
0.4162
0.0000
0.0000
0.0000
0.0000
0.7458
0.0000
0.0000
0.0000
3.1607
0.0000
0.0000
0.0000
1.3409
0.0000
2.6491
0.0000
0.0000
0.0000
1.2403
0.0000
0.9552
0.0000
2.8029
0.0000
0.0000
0.2083
1.3015
0.0000
0.8719
0.0000
2.5567
0.0000
0.0000
0.7702
0.2277
1.3898
1.7314
0.0000
0.8729
0.0000
0.0000
3.1368
0.0000
0.0000
0.0000
0.2970
0.0000
1.2080
0.0000
0.0000
1.0189
0.0000
0.0000
0.0000
0.0000
1.3140
0.0000
0.0000
0.0000
0.0000
0.0000
0.0000
0.0000
0.9060
0.0000
0.0000
0.0000
0.0000
0.0000
1.7053
0.0000
1.7504
0.0000
0.0000
0.9080
0.0000
0.0000
0.0000
0.0000
1.1068
0.0000
0.0000
0.0000
0.0000
0.0000
0.2353
0.0000
0.0000
0.1989
0.0000
0.0000
0.0000
0.0000
0.0000
0.8749
0.0000
0.0000
0.1919
0.0000
0.8178
0.2104
0.0000
0.0000
2.0132
0.0000
0.0000
2.2192
0.0000
0.0000
0.0000
0.2099
0.0000
0.0000
0.8533
0.0000
0.0000
0.0000
0.0000
0.6516
0.0000
0.0000
1.0101
0.0000
1.0424
0.0000
0.0000
0.0000
0.0000
0.0000
0.0000
0.4950
0.0000
0.0000
2.7652
1.2778
0.2725
0.0000
0.0000
0.0000
0.0000
0.0000
0.0000
0.0000
0.0000
0.0000
0.0000
0.0000
0.0000
0.0000
1.0020
0.0000
0.0000
0.0000
0.0000
1.1492
2.8461
0.0000
0.0000
1.2588
0.8377
0.2141
1.9669
0.0000
0.0000
0.0000
2.7101
0.0000
0.4651
0.0000
0.0000
0.0000
0.0000
0.0000
0.0000
0.0000
0.6318
0.0000
0.0000
0.0000
2.2072
0.4551
0.0000
0.3689
4.4344
0.0000
0.0000
0.0000
0.0000
0.0000
0.0000
0.9172
1.0226
0.0000
0.0000
0.0000
0.0000
0.0000
1.0825
0.0000
1.1721
0.0000
0.0000
0.0000
0.0000
0.0000
0.0000
0.7245
0.0000
0.0000
0.3112
0.7053
0.0000
0.0000
0.0494
0.0000
2.7703
0.0000
0.0000
0.0000
3.4207
0.0000
0.6362
0.0000
0.0000
0.0000
0.0000
0.0000
0.0000
0.0000
0.0000
0.0000
0.7048
2.4478
0.0000
0.0000
0.0000
0.0000
0.0000
0.3372
0.0000
0.0000
0.0000
0.0427
0.0000
0.0000
0.0000
0.0000
0.0000
0.0000
0.0000
0.0000
0.0000
0.0000
1.5369
0.0000
0.0000
0.0000
2.4700
0.2040
0.0000
0.0000
2.1580
0.0000
0.1476
0.0000
0.0000
1.6890
0.0000
0.0000
0.0000
0.0000
0.0000
0.2689
0.0000
0.0000
0.0000
0.0000
0.0000
0.0000
0.0000
0.4410
2.7980
0.0000
0.2908
0.0000
0.5639
0.0000
0.0000
2.0295
0.0000
0.0000
0.0000
0.0000
0.0000
0.0000
1.7146
0.0000
0.0000
0.0000
0.0764
0.0000
0.1977
0.0000
0.0000
0.0000
2.2686
0.0000
0.0000
0.0000
0.0000
0.0000
0.0000
0.0000
0.0000
0.8546
0.0000
0.0000
0.0000
0.0000
0.0000
0.0000
0.0000
0.0000
0.0000
1.8203
0.0000
0.0000
0.0000
0.6449
0.0000
2.4397
0.0000
0.1867
0.5303
1.2681
0.0000
0.0000
0.0000
0.0000
0.0000
0.0000
0.0000
0.4807
0.7741
1.7947
0.0000
1.4006
0.0000
0.0000
0.0000
0.0000
0.0000
0.0000
0.0000
0.0000
0.0000
0.0000
0.0000
0.0000
0.0000
0.0000
0.0000
0.0000
0.0000
0.0000
0.0000
0.0000
0.0000
0.3917
0.0000
0.0000
0.5957
1.5638
1.4756
0.0000
0.0000
0.0000
2.1126
4.1346
0.0000
2.7230
0.0000
0.0000
0.0000
0.0000
0.0000
0.0000
0.8173
0.0719
0.0000
0.0000
0.8986
3.5086
0.0000
0.0000
0.0000
0.0000
0.0000
0.0000
0.3723
0.0000
1.8276
0.0000
0.1991
0.0000
0.6681
0.3036
0.8565
3.8136
0.0000
0.0000
0.0000
0.0000
0.1812
0.0000
0.0000
0.0000
0.0000
0.0000
0.0000
0.0000
0.0000
0.5339
0.0000
0.0000
0.0000
1.9841
0.0317
0.3298
0.0000
0.2714
0.0000
0.0000
0.6641
0.9323
0.0000
1.7750
0.0000
0.0000
0.0000
0.3218
0.0000
0.0000
0.0000
1.9769
0.0000
0.0000
1.0211
0.0000
0.0000
0.0000
0.0000
0.0000
0.0000
0.2830
0.0000
1.2978
0.0000
1.0551
0.0000
0.0000
0.0000
0.0000
0.0000
0.0000
0.0000
1.7526
0.0000
0.0000
0.0000
0.0000
0.5441
1.8055
0.0000
0.0000
0.0000
0.0000
0.0000
0.0000
0.0000
0.0000
0.0000
0.0000
0.0000
0.0000
0.2203
0.0000
0.3431
0.0000
0.0000
0.0000
0.0000
0.0000
0.0000
0.9882
6.7059
0.7349
0.0000
0.0420
0.0000
0.0972
0.4309
0.0000
0.3858
1.5018
0.0000
0.0000
0.0000
0.0000
0.0000
0.0000
0.4705
0.0000
0.0000
1.1661
0.0000
0.0000
0.0000
0.9228
0.0000
0.0000
2.8162
3.2856
0.9225
0.1265
0.0000
0.0000
0.0000
1.7226
2.2529
0.0000
0.0000
0.0000
0.0000
0.7173
0.0000
0.0000
0.0000
2.7449
0.0000
0.8691
0.0000
0.0000
0.0000
0.0000
0.0000
1.7340
0.8729
0.4196
0.0000
0.0000
0.0000
0.0000
0.0000
0.0000
0.0000
0.5177
0.1210
0.0000
0.0000
2.3070
0.0000
0.0000
0.0000
0.0000
0.0000
0.0000
0.0000
0.2372
0.0000
1.2693
0.0000
0.6128
0.0000
0.0000
1.7373
0.8615
0.6627
1.1129
0.0000
0.0000
0.0000
0.0000
0.0000
0.3468
0.4660
0.0000
0.0000
0.0000
0.0000
0.0000
0.0000
0.0000
0.0000
0.0000
0.0000
0.0000
0.0000
0.7697
0.4987
0.0000
0.0000
0.0000
1.8190
0.1169
0.0000
0.0000
0.3535
0.9673
1.2984
0.0000
0.0000
0.5522
0.0000
1.1910
0.0000
0.0000
0.0084
0.0000
0.0000
0.0000
0.0000
0.0000
0.0000
0.6739
0.0000
0.0000
0.8352
0.0000
0.0000
0.0000
0.5567
0.0000
0.0000
0.0000
0.0000
0.0000
0.0000
0.0000
0.0000
0.0000
0.0000
0.0000
1.0133
0.0000
0.0000
0.0000
0.0000
0.0000
0.0000
0.0000
1.3213
0.0000
0.0000
0.0000
0.0000
0.0000
0.0000
0.7484
1.0504
0.0000
0.0000
0.0000
0.0000
0.0000
0.5289
0.0000
0.8025
0.3727
1.8440
0.0000
0.0000
0.0000
0.6167
1.7478
0.0000
0.0000
0.0000
0.0000
0.0000
0.0000
0.2388
0.0000
1.0636
0.0000
0.0000
0.0000
0.0000
0.0000
0.0000
0.0000
0.0000
0.0000
0.0000
0.0000
0.0000
0.0000
0.0000
0.0000
0.2657
0.0000
0.0000
0.0000
0.0000
0.0000
0.0000
0.0000
1.8152
0.0000
0.0000
1.2184
0.0000
1.3792
0.0000
0.0000
0.0000
0.3015
0.0000
0.5341
0.0000
0.0000
0.0000
1.1314
0.0000
0.0000
2.0964
1.5738
1.3639
1.0877
0.9963
1.1824
0.0000
0.0000
0.0000
0.0000
2.4332
0.0000
0.0000
0.0000
0.0000
0.0000
0.0000
0.0000
0.0000
0.6624
0.0000
1.2355
0.0000
0.0000
0.0000
0.0000
0.0000
0.0000
0.0000
1.0662
0.0920
0.7746
1.3183
0.0000
0.0000
0.0821
0.2887
0.0000
0.0000
1.8500
2.0006
0.0000
0.0000
0.0000
2.4112
0.4471
0.0000
0.0000
0.9130
0.6149
0.8930
0.0000
0.0000
0.0000
0.0000
0.0000
0.0000
0.3996
3.9956
0.0000
0.0000
1.4968
0.0000
2.1440
0.0000
0.0000
0.0000
1.7326
0.0000
0.0000
0.0000
0.0000
0.0000
0.0000
2.7232
0.0000
0.0000
0.0000
0.0018
0.3506
0.1010
0.0000
0.0000
0.0000
0.0000
0.0000
0.0000
0.0000
1.7010
0.0000
0.0000
2.6960
0.0000
0.0000
0.0000
0.0000
0.0000
0.0000
0.0000
1.7601
0.0000
0.0000
0.0000
0.0000
0.0000
2.2312
0.0000
0.0000
0.0000
0.0000
1.5192
0.0000
2.7114
1.4423
0.7103
0.0000
0.0000
0.0000
0.0000
0.0000
0.0000
1.9317
0.0000
0.6564
0.6865
0.0000
0.0000
0.0000
0.0000
0.0000
0.0000
0.0000
0.0000
0.0000
0.4537
0.0000
0.0000
0.2386
0.0000
0.7975
0.0000
0.0000
0.0000
0.0000
0.0000
0.0000
0.0000
0.0000
0.0000
0.7012
0.0000
2.1537
0.0000
0.0000
0.0000
0.0000
0.0000
0.0000
0.0000
0.7257
0.3581
0.0000
2.0463
0.0000
0.0000
0.0000
0.0000
0.0000
0.0000
0.0000
0.0000
2.4653
0.0000
0.0000
0.0000
1.1051
0.8469
0.0000
0.0000
0.0000
0.0000
0.1531
0.0000
0.0000
0.0000
0.0000
0.0000
0.0000
2.0902
2.9941
0.0000
0.0000
0.0000
0.4400
0.0000
0.0000
0.0000
1.2307
0.0000
2.9583
0.0000
0.0000
0.0000
0.0000
0.9296
0.3448
0.0000
1.1064
0.0000
0.0000
0.0000
0.0000
2.7715
1.1748
0.0000
0.0000
0.0000
0.0000
0.0000
0.0000
0.8221
0.0000
1.4613
0.0000
0.0000
1.2653
0.0000
0.0000
0.0000
0.0000
0.0000
0.0000
0.0000
1.4652
0.0000
0.0000
1.6387
2.0848
0.9611
0.1473
0.0000
0.0000
0.0000
0.0000
0.0000
0.0000
2.9072
0.2172
0.0000
1.3774
2.0933
0.0000
0.0000
0.0000
1.0320
1.6989
0.0000
0.0000
1.4039
0.0000
0.0000
0.0000
0.0000
0.0290
0.0000
0.1385
0.0000
0.0000
0.0000
1.6230
0.0000
2.0276
0.0195
0.0000
0.0000
0.0000
1.6938
0.0000
0.0000
0.0000
0.7424
2.5545
0.0000
0.0000
0.0000
0.1682
0.0000
0.8738
0.8866
0.0000
0.0000
0.0000
0.0000
2.0763
2.5986
0.5562
0.0000
0.0000
0.0000
0.0000
1.9863
0.0482
0.0000
0.0000
0.2229
0.0000
0.0000
0.0000
0.0000
0.0000
0.0000
0.0000
0.0000
1.6747
0.0000
0.0000
0.0000
0.0195
0.0000
0.9810
0.0000
0.0000
0.8115
0.8777
0.0000
1.1088
0.0000
0.0000
0.0000
0.5177
0.0000
0.0000
1.1275
0.0000
0.0000
0.0000
0.0000
0.0000
0.0000
0.0000
0.0000
0.0000
0.0000
0.0000
1.2797
0.0000
0.0000
0.0000
0.0000
0.0000
0.0000
0.0000
2.1334
0.0000
0.0000
0.0000
0.0000
0.0000
0.0000
0.0000
0.0000
0.0000
0.0000
0.0000
0.0000
1.2133
0.0000
0.0000
0.0000
0.8925
0.8093
0.0000
0.0000
0.0000
0.0000
0.7820
0.0000
0.0000
0.0000
0.0000
1.4312
0.5369
0.0000
0.0000
0.0000
1.3312
1.0583
0.0000
0.5468
0.0000
0.0000
1.6602
0.0000
0.8414
0.0000
0.0000
0.5035
3.2007
0.0000
0.2192
0.0000
0.0000
0.0000
0.0000
0.0000
0.0000
1.1645
0.0000
0.8507
0.0000
0.5584
0.0000
0.0000
0.0000
0.0000
0.0000
0.0000
0.9583
0.0000
0.0000
0.0000
0.0000
0.0000
0.0000
0.0000
0.0000
0.0000
0.0000
0.4552
0.0000
3.0163
0.0000
1.5672
0.0000
0.0000
0.0000
0.0000
0.0000
0.0000
1.3088
0.2890
1.1422
0.0000
0.1961
0.0000
1.4844
0.0180
0.0000
0.0000
0.0000
0.0000
0.0000
0.0000
0.0000
0.0000
0.0000
0.0000
0.0000
1.0971
1.0451
0.0000
1.0048
0.6814
0.0000
0.0000
0.0000
0.0000
0.0000
2.2028
0.0000
0.0000
0.0000
0.0000
0.0000
0.0000
0.0000
0.0000
0.0000
0.0661
0.0000
0.0000
0.0000
0.0000
0.0000
0.0000
0.0000
0.5324
1.8841
0.0000
0.0000
0.3655
0.0000
0.5460
0.0000
0.0000
0.5920
4.9670
0.0000
0.5823
0.0000
0.0000
0.3737
0.0000
1.7017
0.0000
0.0000
0.0000
2.3263
0.3854
0.0000
0.2679
0.0000
0.0000
4.2688
0.0000
0.0000
0.0000
1.0617
0.0000
0.0000
1.6579
0.0000
0.0000
1.6072
0.0000
0.0000
0.0000
0.0357
0.0000
0.0000
1.7357
0.0000
0.0000
0.0000
0.0000
0.0000
0.0000
0.0000
1.8044
0.0000
0.0000
0.0000
0.0000
0.0000
0.0486
0.0000
0.0000
0.0000
1.5420
0.0000
0.7405
1.2378
0.0000
0.0000
0.0000
0.0000
2.5235
0.0000
0.0000
0.0000
0.0000
0.0000
0.0000
0.0000
0.0000
0.6313
0.0000
0.3140
0.0000
0.0000
0.4336
0.0000
0.0000
0.8622
0.0000
0.0000
0.0000
0.0000
0.1717
0.6271
0.0000
0.0000
0.4705
0.0000
0.0000
0.0000
0.1419
0.2329
0.0000
0.0000
0.0000
0.0000
0.0000
0.4579
0.0000
0.0000
0.0000
0.0000
0.0000
0.0000
1.7174
0.0000
0.0000
0.0000
3.2775
5.2681
0.0000
0.0000
0.0771
0.0000
0.0000
0.0000
0.0000
0.0000
0.0000
0.0000
0.0000
0.0511
0.0000
0.0000
0.0000
0.0000
0.0000
0.0000
0.0000
0.0000
2.5683
0.6488
0.0000
0.7689
0.0000
0.0000
0.1723
0.0000
0.0000
1.0433
0.0000
0.6824
0.0000
0.1028
0.0000
0.0000
2.6314
0.0000
0.1957
0.0000
2.2073
0.0000
0.0000
1.1551
0.0000
0.0000
0.0000
0.5025
0.0000
0.8615
0.0000
0.0000
0.7379
0.0000
0.0000
0.0000
0.0000
1.9318
0.0000
0.0000
1.6617
0.0000
0.0000
0.0039
0.0000
0.0000
0.7011
0.8059
0.0000
0.8827
0.2981
0.0000
0.0000
0.0000
0.0000
0.9064
0.0000
0.0000
0.0000
0.0000
0.0000
0.0000
0.0000
3.7288
0.0000
0.0000
2.1776
0.0000
0.0000
0.0000
0.0000
1.9314
0.0000
0.0000
0.0000
1.2878
0.0000
0.0000
0.0000
0.0000
0.0000
0.0000
0.0000
0.0000
0.0000
0.0164
0.8694
0.0000
1.2195
0.0000
0.0000
0.0000
0.0000
0.0000
1.0844
2.0537
0.0000
1.2717
0.0000
0.2519
0.0000
0.0244
0.0000
0.0000
0.0000
0.3060
0.0000
0.0000
0.0000
0.0000
0.0000
0.0000
0.0000
0.0000
2.9150
0.0000
0.0000
0.0000
0.0000
3.3595
2.0089
1.9078
0.0000
0.0000
0.0000
0.0000
0.0000
0.0000
0.0000
0.0000
0.0000
0.2084
0.0000
0.0000
0.0000
0.0000
0.0000
0.4030
0.2651
0.0000
0.2577
0.0000
0.0000
0.0000
0.0000
0.0000
0.8080
0.0000
0.0520
0.1964
0.0000
0.0000
2.0105
0.0000
0.0000
0.0000
0.0000
2.3591
0.0000
0.0000
2.1666
0.3701
0.0000
0.8339
0.0000
0.0000
0.0000
0.0000
0.0000
0.0000
0.6392
0.0000
0.0000
0.0000
0.1747
1.3055
0.0000
0.0000
0.0000
0.0000
0.0000
0.0000
0.0000
0.0000
0.0000
0.0923
0.0000
0.9032
0.0000
0.0000
0.0000
0.0000
0.0000
0.0000
0.3036
0.0000
0.0000
0.0098
0.0000
2.6251
0.0000
0.0000
0.8980
0.0000
0.0000
0.0000
0.0000
1.0077
0.0000
0.0000
0.0000
0.0000
0.0000
0.0000
0.0000
0.0000
0.0000
0.3550
0.0000
0.0000
1.8285
0.0000
0.2527
0.0000
0.0000
0.0000
0.0000
0.2349
0.0000
0.0000
0.5600
1.2251
0.0000
3.5903
0.1817
0.0000
0.8293
0.0000
1.8760
0.0000
1.5218
0.0000
0.0000
0.0000
0.0000
0.0000
1.8746
0.0000
0.0000
0.8178
0.0000
0.0000
0.0000
0.1545
0.0000
0.0000
0.0000
1.2848
0.0000
0.0000
0.0000
3.7302
0.0000
0.0680
0.0000
0.0000
1.9617
0.0000
0.0000
0.0000
4.9487
0.7231
3.3014
0.0000
1.7018
2.8062
0.0000
0.0000
0.0000
0.0000
0.0000
0.0000
0.9024
0.0000
0.0000
3.4920
0.0000
0.0000
0.0000
0.0000
0.3227
0.0000
0.0000
0.1604
0.0000
0.0000
0.0000
0.5036
1.2953
0.0000
1.0171
0.0000
0.0000
1.2818
0.0000
1.8893
0.0000
0.0000
2.0391
0.0000
0.0000
0.4328
0.0000
0.2216
4.4490
0.0000
0.6794
0.0000
0.0000
0.5102
0.0000
0.0000
0.0000
0.0000
1.2958
0.0000
1.4121
0.0000
0.0000
0.0000
0.0000
1.4350
0.0000
0.0000
0.0000
0.0000
0.0000
0.0000
0.0000
0.0000
0.0000
1.4086
0.0000
0.0000
0.0000
1.7485
0.0000
0.0000
0.4198
0.0163
3.0206
0.0000
0.2962
0.1823
0.0000
1.2882
0.0000
0.0000
0.0000
0.0000
1.2277
0.0000
2.3042
0.0000
0.0000
4.0192
0.0000
0.0000
0.0000
0.0000
0.0000
0.1416
1.0246
0.0000
0.0000
0.0000
0.0000
0.0000
0.5703
0.0000
0.0000
1.5472
2.1288
0.0000
1.5905
1.7237
0.0000
0.0000
0.0000
0.0000
0.2805
0.0000
0.5536
0.0000
0.0000
0.0000
0.0000
0.0000
0.0000
0.0000
0.0000
0.0000
0.0000
1.9434
1.9903
1.1228
0.0000
0.1300
3.1511
0.0000
0.0000
0.0000
0.6290
0.0000
0.5538
0.0000
0.0000
0.0000
0.9564
0.0000
0.0000
0.4068
0.0000
0.0000
0.0000
0.0000
0.5189
3.0302
0.0000
0.0000
1.9925
1.5023
0.0000
0.0000
0.0000
0.0000
0.0000
1.3986
1.4914
0.0000
0.0000
0.0000
0.5758
0.7615
0.0000
2.6615
3.0675
0.0000
0.0000
0.0000
0.0000
3.7350
0.0000
0.0000
0.0000
0.0000
0.0000
0.0000
0.0000
0.0000
0.0000
0.0000
0.0000
0.0000
0.0000
1.9263
0.0000
0.0000
0.0000
0.0000
0.0000
0.1573
0.0000
0.0000
0.0000
0.0000
4.4253
1.5515
0.0000
0.0000
0.1641
0.0000
0.0000
0.0000
0.9964
0.0000
0.0000
0.0000
2.2744
0.7223
0.0000
0.0000
0.0000
0.0000
0.0000
0.5274
0.3996
0.0000
0.0000
7.6502
0.0000
0.2253
0.0000
0.0000
0.0000
0.0000
0.0000
0.0000
0.0000
0.0000
0.0000
0.0000
0.0000
0.0000
1.5002
0.0000
0.0000
0.0000
0.0000
0.0000
0.0000
0.3594
0.0000
0.4346
0.3278
0.0000
1.3270
0.0000
0.0000
3.3241
0.0000
0.4783
3.6112
0.0000
0.0000
0.0000
0.0000
0.0000
0.0000
0.0000
0.6270
0.0000
0.0000
0.0000
0.0000
0.0000
0.0000
0.0000
0.0000
3.6614
0.0000
1.0339
1.7929
0.0000
0.0000
0.0000
0.0000
0.0000
0.0000
0.0000
0.0000
0.0000
0.4733
0.0000
0.0000
0.0000
1.7437
0.8953
0.0000
0.0000
0.0000
0.0000
1.6783
0.0000
0.0000
0.0000
0.0000
0.0000
0.0000
0.0000
0.0000
0.0000
0.0000
0.0000
0.0000
0.1496
0.0000
0.0000
0.2506
0.0000
0.0000
0.6753
0.2981
0.3316
0.0000
2.9016
0.2596
0.0000
2.3268
1.0262
0.0000
3.0920
0.3022
0.0000
0.0000
0.0000
0.0000
0.6708
0.0000
0.0000
0.0000
0.0000
0.0000
0.0000
0.0000
0.0000
0.2334
0.0000
1.7711
0.0000
2.6239
0.0000
0.0000
0.8203
0.0000
2.5855
0.0000
0.0000
0.0000
0.0000
2.1958
0.0460
0.0000
0.0545
0.0000
0.0000
1.2736
0.0000
0.0000
2.7933
0.0000
0.0000
2.7088
0.0000
1.7840
0.0000
0.0000
0.0000
0.0000
3.8848
0.0000
0.0000
0.0000
0.0000
0.3886
0.0000
0.0000
0.8237
0.8850
0.0000
0.0000
0.0000
0.6466
0.0000
0.0000
0.4496
0.0000
0.3594
0.0000
0.0000
0.0000
2.5811
0.0000
0.0000
0.0000
0.0000
0.0000
3.0511
0.7450
0.0000
0.0000
0.0000
0.0000
0.6605
0.0000
0.0000
0.0000
2.2042
0.0000
0.0000
1.6525
0.0000
1.3737
2.6984
0.0000
0.0000
0.0000
0.0000
0.7654
0.0000
0.0000
0.2620
0.0000
2.4649
0.0000
0.5155
0.1384
0.0000
0.0000
0.0000
0.0000
0.0000
0.5708
1.2001
0.0000
0.0000
0.0000
0.0000
1.1402
0.9892
0.0000
0.0891
0.0000
0.0000
0.0000
0.0000
0.0000
0.0000
0.0000
1.8212
0.0000
0.0000
0.4716
0.0000
1.0899
0.0000
3.2239
0.0000
0.0371
0.0000
2.0045
0.0000
0.0000
0.0000
0.0000
0.0000
0.0000
0.0000
0.3316
0.3033
0.0000
0.0000
0.0000
0.0000
0.0000
1.8333
0.0000
0.0000
0.0000
1.3696
0.0000
0.0000
0.0000
1.9239
0.0000
0.0000
0.0000
1.7332
0.0000
0.0000
0.0000
2.5383
0.0000
0.0000
0.0000
0.0000
0.0000
0.0000
0.0000
0.0000
0.0000
0.0000
0.0000
0.0000
0.0000
0.0000
0.0000
0.0000
0.0000
0.6933
0.0784
0.3288
0.0000
0.0944
0.0000
0.5226
0.4620
0.0000
0.0000
0.0000
0.0000
0.0000
0.0000
0.0000
0.0000
0.0000
0.0000
1.4555
0.0000
0.0000
0.0000
0.0000
0.0000
0.0000
0.0000
0.0000
0.3116
0.0000
0.0000
0.0000
0.0000
0.0000
1.5604
2.0652
0.0000
0.0000
0.0612
0.0000
0.0000
2.2843
0.0000
0.0000
0.0000
0.0000
0.0000
0.0000
2.1257
0.0000
2.6782
0.1291
0.0000
1.6041
0.0000
0.0000
0.0000
0.0000
0.0000
1.6927
0.0000
0.0000
0.0000
0.0000
0.0000
0.0000
0.0000
0.7915
0.0000
0.0000
0.9397
1.9544
0.0000
1.2898
0.0000
0.0000
0.0000
0.0000
0.0000
1.7628
0.0000
0.0000
0.0000
0.7986
0.0000
0.0000
0.0000
0.0000
0.0000
0.0000
0.0000
1.5285
0.5060
0.0000
0.0000
0.0000
0.5055
1.2562
0.0000
0.0000
0.0000
0.3288
0.0000
0.0000
0.0000
0.0000
0.0000
0.4507
0.0000
0.0000
0.0000
0.8408
0.0000
0.0000
0.0000
0.0000
0.0000
0.0000
0.8569
0.0000
0.0000
0.0000
0.0000
0.0000
0.0000
0.0000
0.3928
0.0000
0.0000
0.0000
0.0000
1.0979
0.0000
0.0000
0.0000
0.0000
0.0000
0.0000
0.0000
1.6613
0.0000
0.0000
0.0000
0.0919
1.5569
0.0000
2.7433
0.0000
0.0000
0.0000
0.0000
0.0000
1.3858
0.0000
0.4435
0.0000
0.0000
0.0000
0.0000
0.0000
0.0000
0.0000
0.0000
0.0000
3.1066
0.0000
0.0000
0.9157
0.2914
0.0000
0.9430
0.0000
0.0000
0.0000
0.0000
0.6803
0.0000
0.0000
0.0000
2.0497
0.0000
4.4472
0.0000
0.0000
0.5813
0.0000
0.0000
0.0000
0.0000
1.9898
0.0000
3.1366
0.0000
0.0000
1.8324
0.4713
0.3976
1.8747
0.0000
3.5220
1.1256
0.0000
0.0000
0.6328
0.0000
1.6262
0.0000
0.0000
0.0000
1.8019
0.0000
0.0000
1.0932
0.0000
0.0000
0.9417
0.0000
0.0000
0.0000
0.0000
3.7868
0.0000
0.9059
0.0000
0.0000
0.0000
0.0000
0.0000
3.0691
0.0000
0.0000
0.0000
0.0000
0.0000
0.4801
1.4326
0.4329
0.6504
0.0000
0.0000
0.2593
0.0000
0.3543
4.2338
0.0000
0.0000
0.0000
0.9474
2.9284
0.0000
0.0000
0.0000
0.0000
0.0000
0.0000
0.0000
0.0000
0.0000
2.4647
0.0000
0.0000
0.0000
0.0000
0.0000
0.0000
0.9550
0.0000
0.0000
0.0000
0.5424
1.7947
0.0000
0.0000
0.0000
0.0000
0.0000
0.0000
4.3694
0.0000
1.7824
0.0000
0.0000
4.1635
0.0000
0.0000
0.0000
0.0000
0.0000
0.4167
4.2800
0.0000
0.0000
0.0000
0.0000
0.0000
0.0000
0.0000
0.5751
0.0000
0.0000
0.0000
0.0000
0.7820
0.0000
0.0000
3.1023
3.6200
0.0000
0.0000
0.0000
0.0000
0.5007
0.0000
0.0000
0.0000
0.0000
1.6812
0.6121
0.0000
0.0664
0.0000
0.0000
0.0000
0.0000
0.0000
0.0000
3.6257
1.2511
0.0000
0.0000
0.0000
0.0000
0.0000
0.0000
0.0000
3.6200
0.0000
2.5204
0.0000
0.0000
0.0000
0.0000
1.1838
0.0000
0.0000
0.0000
0.4627
0.0000
0.0000
0.0000
0.0000
2.5260
0.0000
2.9935
2.6049
0.0000
0.0000
0.0000
0.0000
0.0000
0.0000
0.0000
1.9883
0.0000
0.0000
1.6278
0.0000
0.6674
0.0000
0.0000
0.9078
0.0000
0.0000
0.1935
3.0639
0.3014
2.3720
0.3646
0.0000
2.1258
0.0000
0.0000
0.0000
0.0000
0.0000
0.0000
0.0000
0.0000
0.0000
0.0000
0.0000
0.0000
0.0000
0.0000
0.0000
0.0000
0.0000
0.5685
0.3094
0.0000
0.0000
0.0000
2.7102
0.0000
0.0000
0.0000
0.0000
0.9349
1.4971
0.0000
0.2154
0.0000
0.0000
0.0000
0.0000
0.6726
0.0175
2.9354
0.0000
0.3727
0.0000
0.0000
0.0000
0.0000
0.4979
0.0000
0.0000
0.0000
0.6356
0.0000
1.3559
0.0000
0.0000
0.0000
0.0000
1.6131
0.0000
0.0000
0.0000
0.0000
0.0000
0.0000
0.5524
0.2213
3.4501
0.0000
0.0000
2.5782
1.1475
1.0826
0.0000
0.0000
0.3747
0.0000
0.0000
0.0000
0.0000
0.0000
0.0000
0.0000
2.7526
0.0000
0.0000
1.3450
0.5861
1.9362
0.0000
0.0000
0.0000
0.0000
0.0000
2.5511
0.0000
0.0000
0.0000
0.0000
0.0000
1.1640
3.0463
0.0000
0.0000
0.5151
0.3665
0.6594
0.0000
2.1260
0.0000
0.0000
0.0000
1.5015
1.8651
0.0000
0.0000
0.0000
0.0000
0.0000
2.4115
0.0891
0.0000
0.1956
0.0000
0.0000
0.0000
0.0000
0.0000
2.5743
0.0000
0.0000
0.0000
0.0000
1.4448
0.0000
0.9256
0.0000
0.0000
0.0000
0.0000
0.0000
1.4566
0.0000
0.0000
0.0000
0.5279
0.0000
3.9128
0.0000
0.0000
0.0000
0.0000
0.0000
0.1281
0.3122
0.0000
0.0000
0.0000
0.0000
0.0000
1.8260
0.0000
1.2676
0.0000
0.0000
0.0000
0.0000
0.0000
0.0000
0.0000
0.0000
0.0000
0.0000
0.0000
0.0000
0.0000
0.0000
0.0877
0.0000
1.0517
0.0824
0.0000
0.5958
0.0000
0.0000
3.3861
0.2243
0.0000
1.0913
0.0000
0.0000
0.0000
1.4296
0.0000
0.0000
0.0000
0.0000
0.0000
0.0000
0.6276
0.0000
0.0000
0.0000
0.0000
0.0000
0.0000
0.0000
0.0000
0.0000
0.0000
0.0000
0.0000
0.0000
0.0000
0.1172
0.0000
0.0000
0.0000
0.0000
0.0000
2.5634
0.6547
0.0000
3.2514
0.0869
0.0000
0.0000
0.0000
1.5144
0.0000
0.0000
0.8248
0.0000
0.0000
1.3331
0.7230
1.7532
0.0000
0.3296
0.0000
0.9639
0.0432
0.0000
0.0000
0.0000
0.0000
0.0000
0.0000
1.0902
0.0000
0.0000
0.0203
0.0000
0.0000
0.0000
0.0000
0.0000
0.0000
0.8491
0.0000
0.0000
0.0000
0.0000
0.0000
1.2274
0.0000
0.0000
0.0000
0.0000
0.0000
0.0000
0.0000
0.3368
0.0000
0.0000
0.0000
0.0000
0.0000
0.0000
0.0000
0.4281
0.0000
0.0000
0.0000
0.0000
0.0000
0.0000
0.0000
0.0000
0.0000
0.8136
0.0000
0.0000
0.0000
1.3660
0.0000
0.0000
0.0000
0.0000
0.0000
2.1550
2.0034
0.0000
0.0000
0.0000
4.3173
0.4659
0.0000
0.7922
3.7961
2.3847
0.0000
0.0000
0.0000
0.0000
0.0000
0.4065
0.0000
1.2357
0.1177
0.0000
1.7850
2.4799
0.0000
0.2989
0.0000
0.0000
0.0000
0.0000
2.5801
0.2209
0.0000
0.0000
0.0000
0.5943
0.0000
0.0000
0.4758
0.0000
0.0000
0.0000
0.0000
0.1203
0.0000
0.0000
0.0000
0.0000
0.0000
3.6140
0.0000
1.9155
0.0000
0.0000
3.6205
0.0000
0.1543
0.0000
1.3487
0.9674
0.0000
0.8622
0.0000
0.0000
0.0000
0.0000
0.0000
0.0000
0.0000
0.0000
0.0000
0.0000
0.0000
0.0000
0.0000
0.0000
0.0000
0.0000
0.9179
2.5664
0.0000
1.2637
0.3076
0.0000
0.0349
0.4857
0.6640
0.0000
0.0000
2.8434
0.0000
0.0000
0.0000
0.0000
5.7873
0.0000
1.2839
0.0000
0.1656
0.0000
0.0000
0.0000
0.0000
0.0000
0.0000
0.0000
0.0000
1.7801
1.3495
2.1927
0.0000
0.0000
1.6540
0.0000
0.0000
0.0000
0.2312
0.0000
0.8584
0.0000
0.0000
1.1642
0.0000
0.0000
0.0000
1.7452
0.3248
0.0000
0.0000
0.0000
0.0000
1.4269
0.7760
0.8874
1.3698
0.0000
0.0000
0.0000
0.8277
2.4378
0.0000
0.0000
1.7482
0.0000
0.0000
0.5265
0.0000
0.0000
0.0000
0.0000
1.4560
0.0000
0.1852
0.0000
0.0000
0.0000
0.0000
0.0000
0.2741
1.6666
0.0000
0.0000
0.0000
4.1007
0.0000
0.4324
0.0000
0.0000
1.4086
0.0000
0.2075
0.0000
0.0000
0.5122
0.0000
2.2716
0.7128
0.0000
0.5126
0.0425
0.4703
0.0000
0.0000
0.8074
0.6268
0.0000
1.0015
0.0669
0.0073
0.9261
0.0000
0.4616
0.0000
0.0000
0.0000
0.0000
0.0000
0.7019
0.0000
0.0000
0.0000
0.0000
0.0000
4.1988
0.0000
0.6578
0.0000
1.2115
0.0000
0.0000
0.0000
0.0000
1.3479
0.0000
1.5634
0.0938
0.0000
1.1328
2.6514
1.5828
0.0000
0.0000
0.8219
0.0000
0.0000
0.0000
0.0000
0.0000
0.0000
0.0000
0.0000
0.0000
0.0000
0.0000
0.0000
0.0000
0.0000
0.0000
0.0000
0.0000
0.0000
0.6314
0.0000
0.0000
1.2400
0.6439
0.0000
1.7204
0.0000
1.8711
0.1748
0.0000
0.0000
0.0000
0.0000
0.0000
0.0000
0.2246
0.0000
5.2653
0.9766
0.0000
0.2623
1.4510
0.5189
0.5259
0.0000
2.3251
0.5460
0.0000
0.0000
0.0000
0.0000
0.0000
0.0000
1.3605
1.0959
0.1300
0.0000
0.0000
0.0000
0.0000
0.0000
2.5213
0.0000
0.3375
0.0000
0.0000
0.3005
0.0000
