0.3772
0.0000
0.0000
0.0000
1.3186
0.2543
0.1480
0.0000
0.0000
2.7830
0.9713
0.0000
0.7900
0.4181
0.0000
0.0000
0.0000
0.0000
0.0000
0.0000
0.0000
0.0000
1.9484
1.1169
1.4937
1.7678
0.0000
3.3143
0.0000
0.0000
0.0000
0.0000
2.4807
0.0000
1.3135
0.0000
0.0000
0.0000
1.6980
2.3737
0.0000
0.5027
0.0000
0.0000
0.0000
0.0000
0.0000
0.0000
0.2171
0.0519
0.0000
0.0000
0.0000
0.0000
0.0000
0.0000
1.0878
1.6733
0.0000
0.0000
0.0000
1.3511
0.0000
1.9158
0.0000
0.0000
0.0000
0.0000
0.5301
0.0000
0.0000
2.5540
0.0000
0.0000
0.0000
1.2535
0.0000
0.0000
0.0000
0.0000
0.0000
0.0000
0.0000
0.0000
0.0000
0.0000
0.2024
1.5619
1.1109
0.0000
0.6096
0.0000
1.3928
1.3911
0.0000
0.0000
0.0000
0.0000
1.8754
0.0000
0.0000
0.0000
1.9859
0.0000
0.2459
0.5577
0.0000
0.6576
0.1358
2.9496
0.0000
0.0000
0.8028
0.0000
0.0000
0.0000
0.3440
0.0000
0.0000
0.0000
2.2299
0.9495
1.9005
1.1188
0.6628
0.0000
0.0000
0.1722
0.8737
0.1961
0.0000
0.0000
0.1618
0.0000
2.7438
0.0000
1.2750
2.1953
0.0000
1.6453
2.3522
0.0000
1.9325
1.1966
2.0514
0.0000
0.2459
2.2947
1.1949
0.0000
0.0000
0.9882
1.2506
0.7922
0.0000
0.0000
0.0000
0.4345
1.1622
0.0000
0.0000
0.0000
0.1460
0.0000
0.0000
0.9284
0.0000
0.0000
0.0000
2.6556
0.0000
0.0000
0.0000
0.0000
0.0000
0.0000
0.0000
0.7821
0.0000
3.7859
1.3406
2.4296
0.0000
0.0000
0.0000
0.0000
1.7109
0.7141
2.0021
1.2005
0.1545
0.0000
0.0000
0.0000
1.3000
0.1837
0.0000
0.0000
1.2299
2.7875
0.0000
0.0000
0.0000
0.0000
0.0000
0.0000
0.0000
0.2584
0.0000
0.0000
0.0000
0.0000
0.0000
0.6802
0.0000
0.0000
0.0000
0.0000
0.5063
0.0000
0.0000
0.0000
0.0000
0.0000
1.3544
0.0219
0.0000
0.2129
0.0000
1.3680
0.0000
0.1611
0.0000
0.0000
1.0673
0.0000
2.0023
0.0000
1.1369
0.0000
0.0000
0.0000
0.0000
0.0000
0.0000
0.6852
0.0000
0.0000
0.0000
0.0000
0.0000
0.0000
0.0000
1.1254
0.0000
1.4629
0.0000
0.0000
1.1825
0.0000
0.0000
0.0000
0.0000
0.2494
0.0000
0.0000
0.5102
0.3501
0.0000
0.4282
1.7693
0.0000
0.0000
1.9313
0.6532
0.0000
0.6335
0.0936
0.0000
0.0000
1.6747
0.0844
1.5575
0.0000
0.0194
0.5745
0.1020
0.0000
0.0000
0.0000
0.0000
0.0000
0.0000
0.0000
2.3832
0.0000
0.0000
0.6681
0.0000
2.7506
0.0000
0.0000
0.0000
0.0000
0.0996
0.0000
0.6333
0.0000
0.0000
0.0000
0.0000
2.0237
0.0000
1.6018
1.2758
0.0000
0.0000
0.0000
0.0012
1.1434
0.0000
2.5820
0.4195
0.0985
0.0000
1.4844
0.0000
0.7776
0.0000
1.3349
0.0000
0.0000
0.0000
0.0000
0.0000
2.1748
1.0293
0.0000
0.0000
3.0242
0.0000
0.0000
0.0000
0.0000
0.0000
3.0530
0.0000
0.8106
0.0000
0.0000
0.0000
2.9575
1.4020
0.0000
0.5997
0.1174
0.2053
0.0000
1.2083
0.0000
0.0000
0.0000
0.0000
0.0000
0.0000
0.0000
0.0000
0.1421
1.1350
0.0000
0.0000
0.8096
0.0000
0.2464
0.1861
0.0000
0.0000
0.4023
0.0000
0.0000
2.0239
0.0000
1.6270
0.0000
0.0000
0.0000
0.0000
0.0000
0.0000
0.0000
1.6870
0.0000
0.0000
0.0000
0.0000
1.4768
0.0000
0.0000
0.3111
0.2588
0.0000
1.4636
0.0000
0.0000
0.0000
0.6486
0.0000
0.0000
2.0756
0.0000
0.0000
0.0000
0.0000
2.9507
0.0000
1.0657
0.0000
0.0043
1.0971
0.0000
1.1595
0.0325
0.1573
0.0000
0.0000
0.1226
0.0000
1.6216
0.0000
0.4355
0.0000
0.0000
0.0000
0.0000
0.0000
0.0000
1.2369
0.0000
2.3099
0.0000
2.5120
0.3854
0.6605
0.0000
3.1344
1.9800
0.0000
0.3746
1.6996
1.4905
0.8232
0.0000
0.0000
0.0807
0.0000
0.8846
0.0000
1.5136
0.1590
0.0000
0.0176
0.4468
1.1044
0.0000
0.0224
0.0000
0.0000
0.1821
0.0000
0.0000
0.0000
0.9972
0.0525
0.2024
0.0000
1.0452
1.8386
0.0000
0.8058
0.0000
0.0000
0.0000
1.5551
1.0486
0.5609
0.6440
0.0000
1.3730
0.0000
1.7367
0.0000
0.0000
0.0000
0.0000
2.4323
0.0000
0.0000
0.0000
0.4943
0.0000
0.0000
0.3466
2.1813
0.0000
0.0481
0.0000
0.0000
0.0000
0.2158
1.8307
0.0000
0.9400
0.0000
0.3938
0.2454
0.1151
0.0000
0.0000
4.7653
0.0000
1.6950
1.4640
0.0000
1.5265
0.9534
0.0000
1.3226
0.0000
0.0107
0.1612
1.8024
0.6809
1.1378
0.0000
0.0000
1.7564
0.0000
0.0966
1.1247
0.0000
0.0000
0.0817
0.0000
0.0000
0.0000
0.0000
0.0000
0.0000
0.1037
0.0000
0.0000
1.2430
0.0000
0.0000
0.0000
0.0000
0.0000
0.0000
0.0000
0.0000
0.7077
1.3010
0.0000
0.0000
0.0000
0.5785
0.0000
0.0000
0.0000
0.0000
0.0000
0.0000
0.0000
0.0000
0.0000
0.0000
0.0000
0.6357
0.0000
1.2455
0.0000
0.0000
0.0000
0.0000
0.0000
0.0000
0.0000
0.2966
2.5969
0.0000
0.0000
0.5458
0.0000
0.0000
0.0000
0.0000
0.0000
0.0000
2.9957
0.0000
0.0000
2.4888
0.0000
0.1203
0.0000
1.0875
2.5258
0.0000
0.0000
0.0000
0.3125
0.0000
0.0000
3.7505
0.0000
2.6289
1.2833
0.0966
0.1342
0.0000
1.4052
0.0000
0.0049
0.0000
0.0000
1.1131
0.0000
1.3789
0.0000
0.0000
0.0000
0.0000
0.0000
0.0000
1.2192
1.6067
0.0000
0.9679
0.0000
0.0000
0.0000
0.2946
0.0000
0.0000
0.0000
0.0000
0.0000
0.0000
0.7768
0.0000
0.0000
0.0000
1.2773
0.0000
0.0000
0.0000
0.0000
0.0000
0.0000
0.0346
0.0000
1.2513
1.4538
0.0000
0.0000
0.0000
0.1521
0.0000
0.0000
0.0000
0.0000
0.0000
0.0000
0.0000
0.0000
0.0000
0.0519
0.0000
0.0000
0.0000
0.0000
0.0000
0.0000
0.0000
0.0000
0.7424
0.0000
0.6097
0.0000
1.6732
0.1474
0.0000
1.7661
0.0000
0.0000
0.0000
0.0000
0.0000
0.0000
0.0000
2.0933
0.3179
0.1160
1.1254
0.0000
0.1869
0.0000
0.0000
0.1496
0.9597
0.0000
2.3457
1.1615
0.1258
0.0000
0.0000
0.0000
0.5350
0.0000
0.0000
0.0000
0.0000
1.3921
0.9751
0.0000
0.0000
0.6291
0.0000
0.1533
0.0000
0.0000
0.0000
0.0000
0.9195
0.0000
0.0000
0.0000
1.4870
0.0000
3.2472
0.6422
0.5354
0.0000
0.3018
0.0000
0.0000
0.0000
0.0063
1.4548
0.0000
0.0000
0.0000
0.0000
0.0000
0.0000
0.0000
0.0000
0.0000
0.0000
0.0000
0.1370
0.0000
1.5333
0.0000
0.0000
2.2565
0.0000
0.0550
0.0000
0.0000
1.7858
0.0000
0.0000
0.0000
0.0000
0.0000
0.0000
0.0000
0.0000
0.0000
0.0000
0.0000
0.0000
0.4762
0.0000
0.2112
0.0000
0.0871
0.0000
0.0000
1.2446
0.0000
1.4611
0.0000
0.0000
0.0000
0.0000
0.0000
0.4981
0.0681
0.0000
0.0000
3.1220
0.2317
0.0000
0.0000
0.0000
0.0000
0.0000
0.0000
0.1930
0.0000
0.1475
0.5614
0.0000
0.0000
1.0712
0.0000
0.1181
2.1723
0.1659
0.0000
1.2019
0.0000
0.0000
0.0000
0.1732
0.0000
0.5904
0.0000
0.7878
0.0000
0.0000
0.0000
0.0000
0.0000
0.8969
0.0000
0.0000
0.0000
0.0000
0.0000
0.0000
0.3095
0.0000
0.0000
0.0000
0.0000
0.8335
0.0000
0.0000
1.3998
0.0000
0.0000
0.0000
0.0000
0.0000
0.0000
0.0000
0.6695
0.2482
0.0000
0.0000
2.1171
0.7242
0.1207
0.4462
0.0000
0.0000
0.0000
0.0000
0.0000
2.4649
0.0000
0.0000
0.0000
0.0000
2.3225
0.0000
0.5977
0.0000
0.0000
0.0000
0.0000
0.0000
0.0000
0.2922
0.0000
0.0000
0.0000
1.0550
0.0000
0.3399
0.0000
0.0000
0.0000
0.0000
1.3493
1.5527
0.0000
0.0000
0.0000
0.0000
0.0000
0.0000
0.0000
0.0000
0.0000
0.0000
0.4006
0.0000
0.0000
1.7523
0.0000
0.0000
0.9028
0.0000
0.7193
0.0000
0.0000
0.0000
0.0000
0.0000
0.0000
0.0000
1.9396
1.2586
0.4334
0.0000
0.0000
0.0000
0.0000
0.1938
0.0950
0.4149
1.5365
0.0000
0.0000
0.0000
0.5347
1.0449
0.2860
0.0000
0.0000
1.0194
1.4348
0.0000
0.0000
0.0000
3.6304
0.0000
0.5220
0.0000
0.0000
0.0000
0.0000
1.5039
0.0000
0.0000
0.3390
0.0000
0.3563
0.0000
1.1673
0.0000
0.0000
0.0000
0.4669
0.8357
0.0000
1.4385
0.0000
0.4050
0.0000
0.0000
0.0000
0.9880
0.0000
0.5280
0.0000
0.0000
0.8500
0.0000
0.3867
2.4426
1.6175
2.5081
0.0000
0.0000
0.0000
0.5014
0.0000
0.0000
0.0000
0.0000
0.1817
0.0000
0.0000
0.0000
2.7009
0.0000
0.0000
0.0000
0.4898
0.0000
1.6038
0.0000
0.0000
0.0000
2.0421
0.0000
2.0462
0.0000
2.7595
0.0000
0.0000
0.8996
1.5611
0.0000
1.6706
0.0000
1.9624
0.0000
0.0000
0.0310
0.4578
1.5354
0.9204
0.0000
0.8504
0.0000
0.0000
2.2466
0.4469
0.4310
0.0000
1.2529
0.0000
1.2341
0.0000
0.0000
1.3713
0.0000
0.0000
0.0000
0.0000
1.2934
0.0000
0.0000
0.0000
0.4886
0.0000
0.0000
0.0000
0.0000
0.0000
0.0000
0.0000
0.0000
0.0000
3.0077
0.0000
2.4489
0.0000
0.0000
2.3608
0.7178
0.0000
0.0000
0.6240
0.5795
0.0000
0.0000
0.0000
0.0000
0.0000
0.4764
0.0000
0.0000
1.5532
0.0000
0.0000
0.0000
0.0000
0.0000
0.1769
0.0000
0.9130
0.0000
0.0000
1.0351
1.4987
0.0000
0.0000
2.5315
0.0000
0.0000
0.8241
0.0000
0.5831
0.0000
0.7433
0.0000
0.0000
0.5297
0.0000
0.0000
0.0000
0.0000
0.1761
0.0000
0.0000
1.1638
0.0000
1.1046
0.0000
0.2229
0.0000
0.0000
0.7041
0.0000
0.2635
0.0000
0.0000
0.6056
0.0000
0.2279
0.0000
0.0000
0.0000
0.0000
0.0000
0.0000
0.0726
0.0000
0.0000
0.0000
0.0000
0.0000
0.0000
1.7713
0.0000
0.0000
0.0000
0.4609
0.0000
2.6132
0.0000
0.0000
0.5352
0.0000
1.7673
0.5709
0.0000
0.0000
0.0000
1.1185
0.0000
0.0000
0.1182
0.0000
0.0000
0.0000
0.0000
0.0000
0.0000
1.9305
0.0000
0.0000
0.0904
2.2936
0.6360
0.0000
2.5428
2.4865
0.7072
0.0000
0.0975
0.0000
0.0000
0.0000
1.2976
0.0373
0.0000
0.0000
0.0000
0.0000
0.0000
1.5415
0.0000
1.2946
0.7662
0.0000
0.0000
0.7000
0.0000
0.0000
0.0000
0.0000
0.0000
1.3126
1.4688
0.0000
0.0000
0.0000
0.0000
1.1360
0.0000
0.0000
0.0000
4.2280
0.5091
2.3434
0.2068
0.0000
0.0000
0.0000
0.0000
0.0000
0.0000
0.0000
0.0000
0.0000
3.7156
0.0000
0.0000
0.0000
0.0000
0.0000
0.0000
0.0000
0.0000
0.0000
0.0000
0.0000
0.0000
0.8405
0.0000
0.0983
0.0000
0.0000
0.0000
0.0000
0.0000
0.3679
0.0000
0.0000
0.0000
1.9315
0.0000
0.0000
0.0000
2.5157
0.0000
0.0000
0.0000
0.0000
1.7308
0.0000
0.0000
0.0000
0.0000
0.0000
1.0856
0.0000
0.0000
0.0000
0.0000
0.0000
0.0000
0.0000
0.0000
2.9990
0.0000
0.3216
0.0000
1.4345
0.0000
0.1105
0.6257
0.0000
0.0000
0.0000
0.0000
0.0000
0.5332
1.5357
0.0000
0.0000
0.0000
0.0000
0.5373
1.5582
0.0000
0.0000
0.0000
0.6442
0.0000
0.0000
0.0000
0.0000
0.0000
1.0524
0.0000
0.0000
0.1152
0.0000
0.0000
0.0000
0.0000
0.0000
0.0000
0.0000
0.0000
0.0000
1.4747
0.0000
0.0000
0.0000
0.4898
0.0000
0.6727
0.0000
0.0000
0.9171
1.1232
0.0000
0.2612
0.0000
0.0000
0.0000
0.0000
0.0000
1.3237
0.0000
1.1805
0.0000
1.3348
0.0000
0.0000
0.0000
0.0000
0.2007
0.0000
0.0000
0.0000
0.0000
0.0000
0.0000
0.0000
0.0000
0.5603
0.0000
0.4667
0.4161
0.0000
0.0000
0.1871
0.0000
0.0000
0.0000
0.0000
0.9721
0.0000
0.9974
0.0000
0.3454
0.0000
1.5060
2.0583
0.0000
1.3379
0.0000
0.0000
0.0000
0.0000
0.0000
0.0000
0.3148
0.0000
0.0000
0.0000
1.1585
2.1486
0.4944
0.2754
0.0000
1.0199
0.0000
0.0000
1.3723
0.0000
2.1003
0.0799
1.1086
0.2912
0.6872
1.1475
0.4509
3.1796
0.0000
0.0000
0.0000
0.0000
0.0000
0.1981
0.0000
0.0972
0.0000
0.2434
0.0000
0.0000
0.0000
0.2628
0.0000
0.0000
0.0000
1.1561
0.9413
0.3945
0.0000
1.0974
0.0000
0.0000
0.8712
1.5436
0.0000
2.8252
0.0000
0.0000
0.5169
1.4064
0.0000
1.1677
0.0000
1.1092
0.0000
0.0000
1.1965
0.0000
0.0000
0.5855
0.0000
0.0000
0.7128
0.0000
1.2754
1.4957
0.0000
2.2471
0.0000
0.0000
0.0000
0.0000
0.0000
0.3364
0.0000
0.2422
0.0000
0.0000
0.4362
0.0000
1.4095
0.7369
0.0000
0.0000
0.0000
1.4303
0.0000
0.0000
0.0000
0.0000
0.0000
0.0000
0.3129
0.0000
0.7294
0.0000
0.0000
0.0000
0.0000
0.0000
0.0797
0.0000
0.0000
1.2076
4.3920
1.4100
0.0000
1.4238
0.0000
0.0000
0.0000
0.2579
0.2600
0.9232
0.0000
0.0000
0.0000
0.0000
0.0000
0.0000
0.9756
0.0035
0.0000
0.6641
0.0000
0.0000
0.0000
1.2086
0.0000
0.0000
2.8832
1.4625
0.5990
0.0000
0.0000
0.0000
0.0000
2.0843
0.3956
0.4047
0.1893
0.0000
0.0000
0.7113
0.0000
0.0000
0.0000
0.2551
0.0000
0.5299
0.0000
0.0000
0.0000
0.0000
0.0000
0.6553
0.2165
0.3205
0.0000
0.0000
0.0000
0.0000
0.0000
0.0000
0.0000
0.3230
0.0000
0.0000
0.0000
2.1582
0.3494
0.0000
0.0000
0.0000
0.4912
0.0000
0.0000
0.5114
0.2100
0.9069
0.0000
1.7093
0.0000
0.0000
0.6216
0.6047
1.0129
2.5443
0.0000
0.0000
0.0000
0.6193
0.0000
1.6529
0.9244
0.2935
1.0359
0.0000
0.0000
0.0000
0.0000
0.0000
0.0000
0.0000
0.8493
0.0000
0.0000
0.7681
0.0321
1.3527
0.0000
0.2466
2.2847
0.0000
0.0000
0.0000
0.9637
0.1111
0.0000
0.0000
0.1256
1.1020
0.0000
2.3476
0.0000
0.0000
0.1009
0.0000
0.0000
0.0000
0.0000
0.0000
0.0000
1.5426
0.0000
0.0000
0.7140
2.5256
0.0000
0.0000
1.7849
0.0000
0.0000
0.0000
0.0000
0.8387
0.0000
0.0000
0.0000
0.2680
0.6379
0.0000
0.0389
0.3430
0.0000
0.0000
0.5228
0.0000
0.0000
0.0000
0.0000
0.0000
0.0000
0.0000
0.8774
0.0000
0.2334
0.1500
1.1864
0.6126
0.0000
0.0000
0.0000
0.0000
0.8701
0.0000
0.5478
1.3958
1.7240
0.0000
0.0000
0.0000
0.1050
0.9122
0.4052
0.0000
0.0000
0.0000
0.0049
0.0000
1.4683
0.0000
1.4191
0.0000
0.8684
1.0467
0.0000
0.0000
0.0000
0.0000
0.0000
0.0000
0.0000
0.9218
0.0000
0.0000
0.9998
0.0000
0.0000
0.0000
0.3375
0.0000
0.0000
0.0000
0.0000
0.0000
0.9494
0.2291
0.0000
0.1660
0.0000
1.0553
0.0000
0.1492
0.0000
0.3984
0.0000
0.9655
0.0000
0.0000
0.0000
0.0000
0.0000
1.8149
1.5880
0.7590
0.0000
1.1070
0.0000
1.5537
0.0000
0.8540
0.5211
0.0041
1.5119
0.0000
0.0000
0.0000
0.0000
0.1830
0.0000
0.0000
0.7515
1.9570
0.9983
2.0156
0.0000
0.0000
0.0000
0.0000
0.0000
0.0000
0.0000
1.3421
0.0000
0.7034
1.4709
0.0000
0.0000
0.0000
0.9646
0.0000
0.9635
1.9216
2.0805
0.0000
0.0000
0.0000
1.3278
1.9824
0.0000
0.9259
1.1745
1.0407
1.3176
0.0000
0.0000
0.0000
0.0000
0.0000
0.0000
0.3441
2.1481
0.0000
0.0000
3.2120
0.0000
1.9435
0.0000
0.0000
0.0000
0.3935
0.0000
0.0000
0.3143
0.4102
0.3086
0.0000
2.8195
0.0000
1.6064
0.0000
0.1436
0.1804
0.0000
0.0000
0.0000
0.0000
0.9183
1.1390
0.0000
0.0000
1.6031
0.0000
0.0000
3.7028
0.0000
0.0000
0.3662
0.0000
0.3240
0.0000
0.0000
1.0744
0.0000
0.0000
0.0000
0.0000
0.0000
2.4585
0.0000
0.0000
0.0000
0.0000
2.5374
0.0000
2.5843
1.4812
1.2282
0.0000
0.0000
0.0198
0.0000
0.0000
0.0000
2.7601
0.0000
0.6604
0.0000
0.0000
0.0000
0.0000
0.2042
0.3005
0.0000
0.0000
0.0000
0.0000
1.1147
0.0215
0.0000
0.5620
0.0000
1.1243
0.0000
0.0000
0.0000
0.1576
0.0059
0.0000
0.0000
0.0000
0.0000
1.1919
0.0000
1.6731
0.0000
0.0000
0.0000
0.6732
0.0000
0.0000
0.3344
0.0000
0.5681
0.0000
0.6347
0.0000
0.6776
0.0000
1.2842
0.0000
0.0000
0.0000
0.0000
1.5779
0.0000
0.0000
0.0000
1.9023
0.0000
0.6546
0.0000
0.0000
0.0000
0.8810
0.0000
0.0000
0.0000
0.0000
0.0000
0.0000
2.6112
2.2362
0.0000
0.0000
0.0000
0.9358
0.0000
0.0000
0.0000
0.9710
0.0000
2.0334
0.0000
0.0000
0.6981
0.0000
0.7718
0.8562
0.0000
1.0081
0.3082
0.0000
0.0000
0.0000
3.1610
0.6908
0.3412
0.0000
0.0000
0.0000
0.0000
0.0000
0.7155
0.0000
0.9237
0.0000
0.0000
1.1030
0.0000
0.0000
0.0000
0.0000
0.5854
0.0000
0.0000
1.6322
0.0000
0.0000
1.1016
2.1549
1.4870
0.1663
0.4788
0.0000
0.0000
0.0000
0.0000
0.0000
2.8221
0.0000
0.0000
2.3471
1.2341
0.0000
0.0000
0.0000
1.6985
0.2804
0.0000
0.4420
1.0390
0.0000
0.0000
0.0000
0.0000
1.6057
0.7792
0.0591
0.0000
0.0000
0.3805
1.5817
0.0000
1.9740
0.0000
0.0000
0.0000
0.1454
0.8913
0.0000
0.0000
0.0000
1.7483
1.2429
0.0000
0.0000
0.9355
0.0000
0.0000
1.9110
0.3345
0.0000
0.0000
0.0000
0.0000
0.5977
2.0705
0.4536
0.0000
0.0000
0.0000
0.0000
3.3367
0.0898
0.0000
0.0000
0.0000
0.9130
0.0000
0.0000
0.0000
0.0000
0.0000
0.0000
0.0000
0.1084
0.0000
0.0013
0.0000
1.6540
0.0000
1.2934
0.2407
0.0000
0.2054
0.7245
0.0000
2.2852
0.0000
0.0000
0.0000
1.3581
0.0000
0.0000
1.2143
0.0000
0.0000
0.0000
0.0000
0.0000
0.0000
0.0000
0.0000
0.0000
0.6273
0.0000
2.3057
0.0000
0.0021
0.0000
0.0000
0.0000
0.0000
0.0000
2.4555
0.0000
0.0000
0.0000
0.0000
0.0000
0.0000
0.0000
0.0000
0.0000
0.0000
1.3103
0.0000
0.1463
0.0000
0.0000
0.0000
0.3698
1.7470
0.0000
0.0000
0.0000
0.0000
0.2310
0.1998
0.0000
0.0000
0.0000
0.0662
1.2893
0.0000
1.9438
0.0000
0.2143
0.7950
0.0000
0.0000
0.0000
0.0000
0.5700
0.0000
0.5952
0.0000
0.4223
0.0000
2.7132
0.0000
0.7832
0.0000
0.0000
0.0000
0.6157
0.0000
0.7432
1.8339
0.0000
1.2773
0.0000
0.1455
0.0000
0.0000
0.6316
0.0000
0.0000
0.0000
0.4202
0.0000
0.0000
0.0000
0.0000
0.0000
0.0000
0.0000
0.0000
0.0000
0.3900
1.1833
1.2771
2.3715
0.0000
1.6615
0.2777
0.0000
0.7382
0.0000
0.0000
0.0000
1.2885
1.1883
1.9786
0.0000
0.0000
0.0000
0.8420
0.0000
0.0000
0.0000
0.0000
0.0000
0.0000
0.0000
0.3098
0.0000
0.0000
0.0000
0.0000
1.2184
1.6617
0.0000
0.8567
0.0000
0.3168
0.0000
0.0000
0.0932
0.0000
0.5776
0.0000
0.0000
0.0000
1.0392
0.0000
0.0000
0.0000
0.5769
0.0000
0.0000
0.0435
0.0000
0.0000
0.0000
0.0000
0.0000
0.0000
0.4284
0.4156
0.0000
0.0000
0.4727
1.0969
0.7160
0.0000
0.0000
0.0000
3.0138
0.0000
0.0000
0.0000
1.7686
0.4004
0.0000
1.2883
0.0000
0.0000
0.0000
1.3400
0.3741
0.0000
1.1547
0.0000
0.0000
3.5480
0.0000
0.0000
0.0000
1.2758
0.0000
1.0541
1.3032
0.0000
1.1113
0.0000
0.0000
0.9497
0.0000
0.0000
0.0000
0.0000
1.0487
0.0000
0.6905
0.0000
0.0000
0.0000
0.0000
0.0000
0.9640
0.0000
0.1989
0.0000
0.0000
0.1707
0.0000
0.0000
0.0000
0.0000
1.4495
0.0000
0.0000
1.6901
0.0000
0.0000
1.1155
0.1849
2.1540
0.0000
0.0000
0.6505
0.0000
0.0000
0.1020
0.0301
0.0000
0.0000
0.5735
0.4728
0.0000
0.0000
0.1946
0.0000
0.0000
1.9592
0.0000
0.0000
0.0000
0.0000
0.5650
0.3619
0.0000
0.5866
0.0000
0.0000
0.0000
0.0656
0.7426
0.8204
0.0000
0.1694
1.5108
0.0000
0.0000
0.2875
0.0000
0.0000
0.0000
0.0000
0.0589
1.7411
2.0186
0.0000
1.2996
0.0000
2.2765
5.2548
0.0000
0.0000
0.9307
0.0000
0.0000
0.0000
0.0000
0.0000
0.0000
0.0000
0.0000
0.3944
0.0000
0.0000
0.0000
0.0000
0.0000
0.0000
0.0000
0.0000
2.0406
0.0000
0.0000
0.0383
0.5173
0.0000
2.3843
0.0000
0.0000
1.2475
0.0000
0.0000
0.0654
0.9565
0.0000
0.0000
1.6295
0.0000
0.8645
0.0000
2.2293
0.0000
0.0000
1.1938
0.0000
0.0000
0.0000
0.4320
0.0000
1.4279
0.0000
0.0000
2.7108
0.5329
0.0307
0.0000
0.6848
0.3899
0.0000
0.0000
1.2942
0.3537
0.0000
0.0000
1.2251
0.0000
0.9448
0.3832
0.0000
0.0726
0.6205
0.0000
0.0000
0.0000
0.0000
1.0203
0.0000
0.0000
0.2463
0.0000
0.0000
0.0000
0.0000
3.0420
0.0000
0.0000
1.8505
0.0000
0.0000
0.0000
0.0000
0.6494
0.0000
0.5670
0.0000
0.4228
0.1681
0.0000
0.0000
0.6815
0.0000
0.0000
0.0000
0.0000
0.0000
0.5350
0.8235
0.0000
1.4478
0.0000
0.0000
0.0000
0.0000
0.0000
0.0000
3.0530
0.0000
1.0424
0.0000
0.1662
0.0000
0.0000
0.0000
0.0000
0.0000
0.5749
1.6311
0.0000
0.0000
0.0000
0.0000
0.4498
0.0000
0.0000
3.8052
0.0000
0.0000
0.0000
0.0000
3.3161
1.5630
0.7403
0.0000
0.0000
0.0000
0.2326
0.0000
0.0000
0.0000
0.0000
0.0000
0.0000
0.0000
0.0000
0.0000
0.0000
0.0000
1.0557
0.1432
0.0000
0.0000
0.0000
0.0000
0.3424
0.0000
0.0000
1.3414
0.0000
1.2420
0.6431
0.0000
0.0000
1.6295
0.0000
0.1358
0.0000
0.0000
2.3235
0.4106
0.0000
1.5462
1.0045
0.0000
0.0719
0.0000
0.0000
0.0000
0.0000
0.1443
0.1495
0.1159
1.3177
0.0000
0.0000
0.0000
0.3179
0.0000
0.0000
0.3294
0.0000
0.0000
0.1280
0.7618
0.0000
0.0000
0.0000
0.0000
1.4788
0.0000
0.0000
0.0000
0.0000
0.0000
0.1877
2.0283
0.0000
0.3088
0.0000
0.0000
3.4696
0.0000
0.1658
0.7568
0.0000
0.0000
0.0000
0.0326
1.2365
0.0000
0.0000
0.0000
0.0000
0.0000
0.0000
0.0000
0.1180
0.0000
1.2484
0.0000
0.0000
1.6802
0.0000
1.9696
0.0865
0.0000
0.0000
0.0000
0.0144
0.0000
0.5982
1.8041
1.1204
0.0000
3.3900
0.2393
0.0000
0.4645
0.0000
1.4117
0.0000
0.7320
0.0000
0.0000
0.0000
0.0000
0.0000
0.8271
0.0000
0.0000
1.5924
0.0000
0.0000
0.0000
1.3313
0.0000
0.0000
0.0000
1.6044
0.0000
0.0000
0.0000
1.9056
0.0928
0.0578
0.0000
0.0000
1.1996
0.0000
0.0000
0.0000
2.5023
2.6109
3.6921
0.0000
1.0826
3.6116
0.0000
0.0000
0.0000
0.0000
0.0000
0.0000
0.9119
0.0000
0.1018
2.2847
0.0000
0.0000
0.0000
0.2338
0.0994
0.2365
0.0000
0.1819
0.0000
0.0000
0.0000
0.7636
0.3278
2.0660
0.7368
0.0000
0.0000
0.9273
0.0000
1.7175
0.0000
0.0000
2.0395
0.0000
0.0000
0.1549
0.3781
0.8694
3.4796
0.0000
0.6364
0.0000
0.0000
0.3922
0.0192
0.0000
0.0000
0.0000
2.8471
1.0845
0.1066
0.0000
0.0000
0.0000
0.0000
0.2422
0.0000
0.0000
0.0000
0.0000
0.0000
0.0000
0.0000
0.0000
0.0000
0.4380
0.0000
0.2564
0.0000
1.9542
0.0000
0.0000
0.0000
1.1738
1.5627
2.0444
0.5697
0.0000
0.0000
1.3196
0.0000
0.0000
0.4822
0.0000
0.5021
0.0000
1.7195
0.0000
0.0000
4.2371
0.0000
0.0000
1.1605
0.2060
0.0000
0.8162
1.2283
0.0000
0.0000
0.0000
0.0000
1.0762
0.8330
0.0000
0.0000
0.3901
1.2798
0.0000
0.9844
2.3080
0.0734
0.0000
0.8943
0.0000
0.0000
0.0000
2.1493
0.0000
0.4608
0.2131
0.0000
1.4551
0.0000
0.0000
0.0000
0.0000
0.0000
0.0000
2.7110
1.7536
0.0000
0.0000
1.4038
0.1597
0.0000
0.0000
0.5383
0.0000
0.8508
0.0000
0.0000
0.0000
1.0292
0.0000
0.0000
1.0681
0.0000
0.0000
0.0000
0.0000
0.8923
0.8048
0.0000
0.0000
2.1230
2.0729
0.4296
0.0000
0.0000
0.0000
0.0000
1.1577
0.3621
0.0000
0.0000
0.4821
0.0000
0.6659
0.0000
1.5195
1.8924
0.0000
0.0000
0.0000
0.0406
3.2326
0.0000
0.0000
0.1323
0.0000
0.0000
0.0000
0.0000
0.0000
0.0000
0.0000
0.0000
0.0000
1.0534
1.5171
0.0000
0.0000
0.3783
0.0000
0.0000
0.8667
0.0000
0.0000
0.0000
0.0000
5.0217
1.1834
0.0000
0.0000
1.1895
0.0000
0.0000
0.9974
2.2554
0.9011
0.0000
2.1083
1.7925
0.4695
0.0000
0.0000
0.0000
0.0000
0.0000
0.7509
1.9403
0.0000
0.0000
5.1726
0.9017
1.0939
0.0000
0.0000
0.0000
0.0000
0.0000
0.0000
0.0000
0.0000
0.9978
0.0000
0.0000
0.0000
0.0000
0.6357
0.0000
0.0000
0.0000
0.0000
0.0000
0.7334
0.0000
0.0000
0.6076
1.1432
0.3734
0.0000
0.0000
1.3756
0.0000
1.5693
2.0145
0.0000
0.0000
0.0000
0.0000
0.0000
0.0000
0.0000
0.6062
0.0000
0.0000
0.0000
0.0000
0.0000
0.0000
0.0000
0.0000
2.9577
0.0000
1.6830
0.4172
0.0000
0.1425
0.0000
0.0396
0.2387
0.0000
0.1233
0.0000
0.0000
0.0000
0.0000
0.0000
0.0000
1.8037
1.4024
0.0000
0.0000
0.1222
0.0000
1.3957
0.0000
0.0000
0.0000
0.0000
0.0000
0.8529
0.0000
0.0000
0.0000
0.0000
0.1446
0.0000
0.0000
0.0000
0.0000
0.3477
0.0000
0.0000
0.5606
1.0387
1.0940
0.0000
1.3019
0.9515
0.0000
3.5247
0.8073
0.3852
3.1822
1.3712
0.0000
0.4972
0.0000
0.0000
1.5397
0.0000
0.0000
0.0000
0.5707
0.0000
0.0000
0.0000
0.0000
2.6382
0.0000
1.9412
0.0000
2.2402
0.0000
0.0000
0.1071
2.7733
3.6792
0.0000
0.0000
0.0000
0.0000
0.3723
2.2591
0.0000
0.1286
0.0000
0.0000
1.3576
0.0000
0.0000
2.7780
0.0000
0.1050
2.7694
0.0000
0.9232
0.0000
0.2200
0.0000
0.0000
3.5755
0.0000
0.0000
0.0000
0.0000
0.0000
1.3940
0.0000
0.6612
0.3180
0.0000
0.0000
0.0000
0.8806
0.0000
0.0000
0.5646
0.0000
0.0000
0.0000
0.0000
0.0000
2.8691
0.2139
0.0000
0.0000
0.3147
0.0000
1.1438
0.5515
0.0000
0.0000
0.0000
0.1263
0.5609
0.0000
0.0000
0.1284
1.8673
0.0000
0.0000
1.0192
0.0000
0.3096
1.8217
0.1699
0.0000
0.0000
0.0000
1.6382
0.0000
0.0000
1.0220
0.0000
1.3131
0.9584
1.1247
0.0000
0.0000
1.0575
0.0000
0.0000
0.0000
0.0000
0.1581
0.2150
0.0000
0.0000
0.0000
0.7979
0.1945
0.0000
0.2857
0.0000
0.0000
0.0000
0.0565
0.0000
0.2600
0.0000
1.2877
0.0000
0.0000
0.9232
1.6506
0.8377
0.0000
2.8634
0.0956
1.2030
0.0000
1.5665
0.0000
0.0000
0.0000
0.0000
0.0000
0.0000
0.0000
0.8171
0.0000
0.0000
0.0000
0.0000
0.0000
0.0000
1.2243
0.0000
0.0000
0.0000
0.7872
0.0000
0.0000
0.0000
1.9251
0.0000
0.0000
0.0000
1.4898
0.0000
0.4669
0.0000
0.4956
0.0000
0.0000
0.0000
0.0000
0.0000
0.0000
0.0000
0.0000
0.3479
0.0000
0.0000
0.0000
0.0000
0.0000
0.0000
0.0000
0.0000
0.9994
0.0000
0.0958
0.0000
0.0000
0.0000
0.5218
0.4013
0.0000
0.0000
0.4922
0.0000
0.0000
0.0000
0.0000
0.2757
0.0000
0.0000
1.3301
0.0000
0.0000
0.0000
0.0000
0.0000
0.0000
0.0000
0.0000
1.6290
0.2639
0.0000
0.0000
0.0000
0.0000
1.2170
1.3396
0.0000
0.0000
0.0000
1.0087
0.0000
1.3451
0.0301
0.8002
0.0000
0.0000
0.0000
0.0000
0.3824
0.7555
3.1896
0.6604
0.0000
0.1545
0.0000
0.6022
0.0000
0.0000
0.0000
1.6430
0.0000
0.0000
0.0000
0.0000
0.6619
0.0000
0.0000
0.2011
0.0000
0.0000
0.8335
1.4271
0.0000
0.4138
0.0000
0.0000
0.0000
0.8366
0.8971
2.3176
0.0000
0.0000
0.0000
0.5257
0.0000
0.6235
0.0000
0.0000
0.0000
0.0000
0.0000
0.7410
0.6376
0.1325
0.0000
0.0000
0.6944
0.7644
0.0000
0.0000
0.0000
0.1858
0.0000
0.0000
0.0000
0.0000
0.0000
1.5208
0.1259
0.0000
0.0000
0.0000
0.0000
1.3999
0.5002
0.0000
1.0897
0.0000
0.0875
0.4589
0.0000
0.0000
0.0000
0.0000
0.0000
0.0000
1.0309
0.0000
0.1587
0.0000
0.0000
0.4204
0.0000
0.0000
0.0000
0.1303
0.0000
0.0000
0.0000
0.2932
0.0000
0.0000
0.0000
0.0000
1.0713
0.0000
2.6026
0.0000
0.0000
0.0000
0.0000
0.0000
0.0000
0.0000
0.3689
0.0000
0.0000
0.0000
0.0000
0.0000
0.0000
0.0000
0.0555
0.0678
0.6804
0.0000
0.0000
0.2440
1.3407
0.5605
1.8644
0.0000
0.0000
0.0000
0.0000
0.8729
0.8662
0.0000
0.0000
1.6059
1.5605
2.8650
0.0000
0.0000
0.6054
0.0000
0.0000
0.0000
0.0000
0.0772
0.0000
2.4855
0.0000
0.5217
0.8020
0.4279
0.0000
2.6003
0.0000
2.9326
0.0000
0.0000
0.0000
1.7340
0.0000
1.9777
0.7488
0.0000
0.0000
0.2784
0.0000
0.0000
1.1957
0.0000
0.0000
2.5887
0.0000
0.0229
0.0000
0.0000
2.5999
0.7325
0.0000
0.0000
0.0000
0.0000
0.0000
0.0000
3.4114
0.0373
0.0000
0.0000
0.0000
0.1464
0.0000
2.3381
1.6080
1.4199
0.0000
0.0000
0.6394
0.1930
1.0604
3.0562
0.0000
0.0000
0.0000
0.3454
2.6315
1.2144
0.0000
0.0000
0.0000
0.0000
0.0000
2.2921
0.0000
0.0000
3.1893
0.0000
0.0000
0.0000
0.0000
0.9230
0.3257
0.0000
0.0000
0.0000
0.0000
1.1166
1.3000
0.0000
0.5411
0.0000
0.1447
0.0000
0.0000
3.7734
0.0000
1.8858
0.0000
0.0000
1.7904
0.0000
0.0000
0.0000
0.0000
0.0000
0.0000
4.1761
0.0000
0.0000
0.0000
0.0000
0.0000
0.0000
1.1464
0.9559
0.0000
0.0000
0.0000
0.0000
0.0466
0.0000
0.0000
2.2234
3.6671
0.0000
0.0000
0.0000
0.0000
0.8465
0.0000
0.0000
0.0000
0.0000
0.0013
1.5478
0.0000
0.0000
0.0000
0.1666
0.0000
0.4445
0.0000
0.0000
1.0638
1.5755
0.0000
0.8595
0.0000
0.0000
0.0000
0.0000
0.0000
4.7894
0.0000
1.3739
0.0000
0.0000
0.0000
0.0000
1.1158
0.1713
0.0000
0.6784
0.0000
0.0000
0.0000
0.0000
0.0000
1.6226
0.0000
1.7088
1.4883
0.2293
0.0000
0.0000
0.0000
0.0000
0.0000
0.0000
2.4447
0.0000
0.0000
0.5972
0.0000
0.9735
0.0000
0.0000
0.0000
0.0000
0.0000
1.2513
3.3016
0.9420
1.4475
0.3380
0.0000
2.7496
0.0000
0.0000
0.0000
0.0000
0.0000
0.5080
0.8785
0.0000
0.0000
0.0000
0.3578
0.0000
0.0000
0.0000
0.0000
0.0000
0.0000
1.1061
1.1931
0.2760
0.0000
0.0000
3.5063
0.0000
0.0000
0.0000
0.0000
0.9254
1.5889
0.0000
0.0000
0.0000
0.0000
0.1407
0.0000
0.0000
0.0000
2.2939
0.0000
1.0042
0.0000
0.0000
0.0000
0.0000
0.9028
0.0000
0.0000
0.0000
1.6006
0.0000
0.2984
0.0000
0.0000
0.0000
0.0000
1.8979
0.0000
0.0000
0.0000
0.0000
0.0000
0.0000
0.1775
0.0000
3.0960
0.0000
0.0000
2.2724
1.5007
0.0000
0.0000
0.0000
0.1310
0.4717
0.0000
0.0000
0.0000
0.0000
0.0000
0.2175
0.4561
0.0000
0.1421
1.5318
0.5162
2.1370
1.0664
0.0000
0.0000
0.0000
0.0000
2.4596
0.3967
0.5200
0.0000
0.0000
0.0000
1.2259
2.6364
0.0000
0.0000
1.2811
0.2220
0.0999
0.0000
0.8495
0.0000
0.0000
0.0000
0.4905
1.4750
0.0000
0.0000
0.0000
0.0000
0.0000
2.3679
0.0000
0.2873
0.8518
0.0000
0.0000
0.0000
0.0000
0.0000
1.7137
0.0000
0.0000
0.0000
0.2830
2.8120
0.0000
1.5604
0.0000
0.0000
0.0000
0.0000
0.0000
0.0000
0.0000
0.0000
0.4921
1.0086
0.0000
1.8777
0.0000
0.0000
0.0000
0.0000
0.0000
1.7316
1.2508
0.0000
0.0000
0.3933
0.0000
0.0000
1.1923
0.1085
0.8244
0.0000
0.0000
0.0000
0.0000
0.0000
0.7532
0.3328
0.0996
0.8677
0.0000
0.0000
0.0000
0.0000
0.0000
1.1605
0.0000
0.0000
0.0000
2.3210
0.0000
0.0000
0.0000
3.3937
0.0000
0.0000
0.8515
0.4765
0.0000
0.0000
2.3802
0.0000
0.0000
0.0000
0.0000
0.0000
0.6599
0.1015
0.0000
0.0000
0.0000
0.0000
1.9992
0.0000
0.0000
0.0000
0.4284
0.0000
0.0000
0.0000
0.0000
0.0000
0.3202
0.0000
0.0000
0.0000
0.0000
0.0000
3.6747
0.0994
0.0000
2.7252
1.3601
0.0000
0.5724
0.0000
1.3036
0.0000
0.0000
0.4548
0.0000
0.0000
1.6329
1.8306
1.0011
0.2321
1.1011
0.0000
0.7276
0.0504
0.0756
0.4032
0.0000
0.0000
0.0000
0.0000
2.6699
0.0000
0.0000
0.0000
0.1959
0.0000
0.0000
0.0000
0.0000
0.0000
1.4192
0.0000
0.0000
0.0000
0.0000
0.5142
1.4150
0.0000
0.0000
0.0000
0.0000
0.0000
0.0000
0.0000
0.0000
0.0000
0.0000
0.0000
0.0000
0.0000
0.0000
0.0000
0.2812
0.0000
0.0000
0.0000
0.0000
0.0000
0.0000
0.0779
0.4651
0.0000
0.0000
0.0000
0.0000
0.0000
1.6867
0.7223
0.0000
0.0000
0.0000
1.2800
2.0916
1.6426
0.0000
0.0000
0.6227
1.3038
0.0000
0.0000
0.1829
3.9516
0.7234
0.0000
0.0000
0.0000
0.0804
0.0000
0.0000
0.0000
1.6722
0.0000
0.0000
1.0367
3.5554
0.0000
1.1005
0.0000
0.0000
0.0000
0.0000
2.9486
0.0000
0.0000
0.0000
0.0000
1.4121
0.0905
0.0000
1.5580
0.1176
0.0000
0.0000
0.3770
0.4657
0.0000
0.0000
0.0000
0.0000
0.0000
2.7502
0.0000
2.1395
0.0000
0.2763
2.0764
0.0000
0.1817
0.0000
2.0673
0.0000
0.0400
0.0000
0.0000
0.0000
0.0745
0.0000
0.0000
0.0000
1.0311
0.0000
0.0000
0.0000
0.0000
0.0000
0.0000
1.7441
0.0000
0.0000
0.0000
1.0280
1.3271
0.0000
0.0000
0.6197
0.5066
0.6085
0.0000
0.0000
1.5492
1.9494
0.3193
0.0000
0.9332
0.0000
5.0081
0.2380
1.8588
0.0000
1.5555
0.0000
0.0000
0.0000
0.0000
0.0000
0.0000
0.0000
0.0000
1.9593
1.6876
2.9082
0.0000
0.0000
1.4535
0.0000
0.0000
0.0000
0.0000
0.0000
0.9302
0.0000
0.0000
2.1638
0.0000
0.0000
0.0000
1.3454
1.2686
0.6612
0.5589
0.0000
0.0000
0.4923
1.5379
0.5060
1.4420
0.0000
0.0000
1.1219
1.6561
2.3567
0.0000
0.0000
0.0822
0.0000
0.0000
0.9359
0.2337
0.0000
0.0000
0.0000
0.1370
0.0000
0.1372
0.8179
0.0179
0.0000
0.0000
0.0000
1.4225
3.2713
0.6312
0.0000
0.9883
2.3332
0.0000
0.3333
0.0000
0.0000
0.2453
0.0000
0.7013
0.0000
0.0000
0.0000
0.0000
3.3969
0.9399
0.0377
0.8382
0.0000
1.1223
0.7456
1.6978
0.0000
0.0000
0.0000
2.0518
0.2144
0.1657
0.3542
0.0000
0.3453
0.0000
0.0000
0.0000
0.0000
0.5361
0.7286
0.0000
0.0000
0.0000
0.0000
0.0000
5.2894
0.0000
0.9667
0.0000
0.7319
0.0000
0.0000
0.0000
0.0000
1.5286
0.0000
1.3602
1.1407
0.0000
3.3423
1.4485
0.3063
0.0000
1.5573
1.1262
0.0000
0.0000
0.0000
0.0000
0.0000
0.7505
0.0000
0.0000
0.0000
0.2349
0.0000
0.0000
0.0000
0.0000
0.2376
0.4885
0.0000
1.3185
0.4570
0.0000
0.0000
1.2075
0.1054
0.1465
1.4821
1.2592
0.9787
0.0000
0.0000
1.1117
0.0000
0.0000
0.0000
0.0000
0.2702
0.0000
4.6680
0.8028
0.0000
2.2497
0.2576
1.2218
1.4489
0.0000
2.0202
0.6992
0.0000
0.0000
0.0000
0.0000
0.0000
0.0000
0.4798
0.7448
0.4591
0.0000
0.0000
0.3030
0.0000
0.0000
1.9419
0.0000
0.7831
0.0000
0.0000
1.6396
0.0000
