0.3153
0.0000
0.0000
0.0000
1.1722
0.0181
0.0000
0.0000
0.0000
2.6409
1.0115
0.0000
0.9423
0.1477
0.0000
0.0000
0.0000
0.0000
0.0000
0.0000
0.0000
0.0000
1.9657
1.1153
1.6705
1.7490
0.0000
3.2948
0.0000
0.0000
0.0000
0.0000
2.2097
0.0000
1.4195
0.0000
0.0000
0.0000
1.6458
2.4203
0.0000
0.3307
0.0000
0.0000
0.0000
0.0000
0.0000
0.0000
0.5400
0.0000
0.0000
0.0000
0.0000
0.0000
0.0000
0.0000
1.3564
1.5244
0.0000
0.0000
0.0000
1.4359
0.0000
2.0648
0.0000
0.0000
0.0000
0.0000
0.6447
0.0000
0.0000
2.6546
0.0000
0.0000
0.0000
1.5149
0.0000
0.0000
0.0000
0.0000
0.0000
0.0000
0.0000
0.0000
0.0000
0.0000
0.3819
1.8463
1.4273
0.0000
0.6640
0.0000
1.4236
1.1271
0.0000
0.0000
0.0000
0.0000
1.5246
0.0000
0.0000
0.0000
1.5868
0.0000
0.6861
0.9029
0.0000
0.0994
0.0000
3.3903
0.4133
0.0000
0.3912
0.0000
0.0000
0.0000
0.4885
0.0000
0.0000
0.0000
2.4871
0.6749
1.6765
1.2763
0.5988
0.0000
0.2016
0.3690
0.7342
0.1759
0.0000
0.0000
0.2063
0.0000
2.3617
0.0000
1.5474
1.8540
0.0000
1.8387
2.5460
0.0000
2.3315
1.1016
1.8898
0.0000
0.3431
2.5226
1.1518
0.0000
0.0000
0.8104
1.0271
0.8494
0.0000
0.0000
0.0000
0.1578
1.5420
0.0000
0.0000
0.0000
0.4359
0.0000
0.0000
1.0110
0.0000
0.0000
0.0000
2.2338
0.0000
0.0000
0.0000
0.0000
0.0426
0.0000
0.0000
0.9608
0.0000
3.9819
1.2206
2.3869
0.0000
0.0000
0.0000
0.0000
2.1609
0.4305
1.8220
0.8184
0.0498
0.0000
0.0000
0.0000
1.3327
0.2457
0.0000
0.0000
1.7939
2.6563
0.0000
0.0000
0.0000
0.0000
0.0000
0.0000
0.0000
0.5553
0.0000
0.0000
0.0000
0.0000
0.0000
0.7130
0.0000
0.0000
0.0000
0.0000
0.7873
0.0000
0.0000
0.0000
0.0000
0.0000
1.3300
0.0000
0.0000
0.0000
0.0000
1.5727
0.0000
0.2896
0.0000
0.0000
1.0657
0.0000
1.7552
0.0000
1.0239
0.0000
0.0000
0.0000
0.0000
0.0000
0.0000
0.6078
0.0000
0.0000
0.0000
0.0000
0.0000
0.0000
0.0000
1.0379
0.0000
1.4963
0.0000
0.0000
1.1909
0.0000
0.0000
0.0000
0.0000
0.4260
0.0000
0.0000
0.7163
0.6417
0.0000
0.4229
1.3436
0.0000
0.0000
1.8872
0.9207
0.0000
0.9351
0.0938
0.0000
0.0000
1.6305
0.3159
1.5665
0.0000
0.1824
0.4984
0.3336
0.0000
0.0000
0.0000
0.0000
0.0000
0.0000
0.0000
2.9644
0.0000
0.0000
0.7897
0.0000
2.3637
0.0000
0.0000
0.0000
0.0000
0.1123
0.0000
0.5568
0.0000
0.0000
0.0000
0.0000
2.1738
0.0000
1.8057
1.4939
0.0000
0.0000
0.0000
0.4458
1.2487
0.0000
2.3970
0.0000
0.1874
0.0000
1.8453
0.0000
1.1304
0.0000
1.1596
0.0000
0.0000
0.0000
0.0000
0.0000
2.0609
0.7382
0.0000
0.0000
3.1531
0.0000
0.0000
0.0000
0.0000
0.0000
2.9528
0.0000
0.6944
0.0000
0.0000
0.0000
2.6569
1.3759
0.0000
0.4985
0.0965
0.1680
0.0000
1.0995
0.0000
0.0000
0.0000
0.0000
0.0000
0.0000
0.0000
0.0000
0.0000
1.1181
0.0000
0.0000
1.1088
0.0000
0.3550
0.0982
0.0000
0.0000
0.3500
0.0000
0.0000
2.3140
0.0000
1.4738
0.0000
0.0000
0.0000
0.0000
0.0000
0.0000
0.0000
1.3046
0.0000
0.0000
0.0000
0.0000
1.3101
0.0000
0.0000
0.0446
0.0000
0.0000
1.9158
0.0000
0.0000
0.0000
0.2597
0.0000
0.0000
2.4944
0.0000
0.0000
0.0000
0.0000
3.1651
0.0000
0.8192
0.0000
0.0000
0.6004
0.0000
1.4296
0.0000
0.1675
0.0000
0.0000
0.0864
0.0000
1.6653
0.0000
0.6656
0.0000
0.0000
0.0000
0.0000
0.0000
0.0000
1.3371
0.0000
2.2012
0.0000
2.2912
0.3764
0.6533
0.0000
3.4383
1.8063
0.0000
0.0000
1.9408
1.7088
0.9121
0.0000
0.0000
0.0000
0.0000
0.5293
0.0000
1.1072
0.6048
0.0000
0.0719
0.6796
1.1218
0.0000
0.3248
0.0000
0.0000
0.0000
0.0000
0.0000
0.0000
1.1297
0.0000
0.3612
0.0000
1.0285
1.6012
0.0000
0.4918
0.0000
0.2498
0.0000
1.3444
1.4495
0.1599
1.0634
0.0000
1.3524
0.0000
1.4989
0.0000
0.0000
0.0000
0.0000
2.0552
0.0000
0.0000
0.0000
0.4090
0.0000
0.0000
0.6551
2.2178
0.0000
0.2229
0.0000
0.0000
0.0000
0.3011
1.8810
0.0000
0.9438
0.0000
0.0000
0.3646
0.1879
0.0000
0.0000
4.5567
0.0000
1.8662
1.0822
0.0000
2.0905
1.1403
0.0000
0.5985
0.0000
0.0772
0.1783
1.5881
0.7469
1.1883
0.0000
0.0771
1.5597
0.0000
0.0000
0.6437
0.0000
0.0000
0.0000
0.0000
0.0000
0.0000
0.0000
0.0000
0.0000
0.0837
0.0000
0.0000
0.8274
0.0000
0.0000
0.0000
0.0000
0.0000
0.0000
0.0000
0.0000
0.2936
0.9977
0.0000
0.0000
0.0000
0.1723
0.0000
0.0000
0.0000
0.0000
0.0000
0.0000
0.0000
0.0000
0.0000
0.0000
0.0000
0.5366
0.0000
0.9641
0.0000
0.0000
0.0000
0.0000
0.0000
0.0000
0.0000
0.2981
2.6462
0.0000
0.0000
0.3148
0.0000
0.0000
0.0000
0.0000
0.0000
0.0000
3.0606
0.0000
0.0000
2.4678
0.0000
0.1563
0.0000
0.7528
2.7573
0.0000
0.0000
0.0000
0.0604
0.0000
0.0000
3.4527
0.0000
2.6872
1.4132
0.1424
0.0000
0.0000
1.3777
0.0000
0.0000
0.0000
0.0000
1.3933
0.0000
1.2768
0.0000
0.0000
0.0000
0.0000
0.0000
0.0000
1.2930
1.8282
0.0000
0.9241
0.0000
0.0000
0.0000
0.4879
0.0000
0.0000
0.0000
0.0000
0.0000
0.0000
0.8233
0.0000
0.0000
0.0000
1.8010
0.0000
0.0000
0.0000
0.0000
0.0000
0.0000
0.1955
0.0000
1.2990
1.7232
0.0000
0.0000
0.0000
0.5750
0.0000
0.0000
0.0000
0.2328
0.0000
0.0000
0.0000
0.0000
0.0000
0.0000
0.0000
0.0000
0.0000
0.0000
0.0634
0.0000
0.0000
0.0000
0.5730
0.0000
1.2246
0.0000
1.8004
0.3154
0.3878
2.1573
0.0000
0.0000
0.0000
0.0000
0.0000
0.0000
0.0000
2.0681
0.7054
0.1272
1.2787
0.0000
0.2030
0.0000
0.0000
0.2109
1.2208
0.0000
2.2822
1.2518
0.0000
0.0000
0.0000
0.0000
0.5843
0.0000
0.0000
0.0000
0.0000
1.2686
1.1605
0.0000
0.0000
0.5661
0.0000
0.0000
0.0000
0.0000
0.0000
0.0000
1.5920
0.0000
0.0000
0.0000
1.5267
0.0000
2.9478
0.6585
0.2782
0.1080
0.6717
0.0000
0.0000
0.0000
0.0934
1.8899
0.0000
0.0000
0.0000
0.0000
0.0000
0.0000
0.0000
0.0000
0.0000
0.0000
0.0000
0.0000
0.0000
1.6389
0.0000
0.0000
2.1198
0.0000
0.0785
0.0000
0.0000
1.8298
0.0000
0.0000
0.0000
0.1924
0.0000
0.0000
0.0000
0.0000
0.0000
0.1554
0.0000
0.0000
0.6157
0.0000
0.5483
0.0000
0.3360
0.0000
0.0000
1.2629
0.0000
1.6311
0.0000
0.0000
0.0000
0.0000
0.0000
0.6653
0.0000
0.0000
0.0000
3.4136
0.4333
0.0000
0.0000
0.0000
0.0000
0.0000
0.0000
0.5693
0.0000
0.4315
0.7457
0.0000
0.0000
1.0572
0.0000
0.0000
2.4204
0.0202
0.0000
0.9722
0.0000
0.0000
0.0000
0.2310
0.0000
0.7675
0.0549
1.3240
0.0000
0.0000
0.0000
0.0000
0.0000
1.2877
0.0000
0.0000
0.0000
0.0000
0.0000
0.0000
0.3733
0.0000
0.0000
0.0000
0.0000
0.2275
0.0000
0.0000
1.2111
0.0000
0.0000
0.0000
0.0000
0.0000
0.0000
0.0000
0.9715
0.2080
0.0000
0.0000
1.8667
0.6106
0.0000
0.6457
0.0000
0.0000
0.0000
0.0000
0.0000
1.9204
0.0000
0.0000
0.0000
0.0000
2.2674
0.0000
0.4294
0.0000
0.0000
0.0000
0.0000
0.0000
0.0000
0.0000
0.0000
0.0000
0.0000
0.7072
0.0000
0.8711
0.0000
0.0379
0.0000
0.0000
1.1997
1.3857
0.0000
0.0000
0.0000
0.0000
0.0000
0.0000
0.0000
0.0000
0.0000
0.0000
0.4175
0.0000
0.0000
1.7730
0.0000
0.0000
0.8116
0.0000
0.6925
0.0000
0.0000
0.0000
0.0000
0.0000
0.0000
0.0000
1.8912
1.3342
0.4328
0.0000
0.0000
0.0000
0.0000
0.1993
0.0000
0.6155
1.5892
0.0000
0.0000
0.0000
0.6735
0.9389
0.5878
0.0000
0.0000
1.5250
1.8060
0.0000
0.0000
0.0000
3.5514
0.0000
0.5062
0.0000
0.0973
0.0000
0.0000
1.5246
0.0000
0.0000
0.5588
0.0000
0.5366
0.0000
1.0382
0.0000
0.0000
0.0000
0.4696
0.6737
0.0000
1.7796
0.0000
0.5253
0.0000
0.0000
0.0000
1.2628
0.0000
0.5403
0.0000
0.0000
0.7945
0.0000
0.6575
2.4001
1.3838
2.6133
0.0000
0.0000
0.0000
0.3700
0.0000
0.0000
0.0000
0.0000
0.2907
0.0000
0.0000
0.0000
2.9913
0.0000
0.0000
0.0000
0.7368
0.0000
1.7197
0.0000
0.0000
0.0000
1.8591
0.0000
1.8528
0.0000
2.4126
0.0000
0.0000
1.1784
1.9287
0.0000
1.0740
0.0000
1.5129
0.0000
0.0000
0.0000
0.6653
1.5106
0.9671
0.0000
0.4035
0.0000
0.0000
2.1777
0.2840
0.3923
0.0000
1.1757
0.0000
1.4337
0.0000
0.0000
1.4441
0.0000
0.0000
0.0000
0.0000
1.3571
0.0000
0.0000
0.0000
0.3578
0.0000
0.0000
0.0000
0.0000
0.0000
0.0000
0.0000
0.0000
0.0000
3.0224
0.0000
2.3972
0.0000
0.0000
1.9805
0.7314
0.0000
0.0000
0.6703
0.6713
0.0000
0.0000
0.0228
0.0000
0.0000
0.8741
0.0000
0.0000
1.5756
0.0000
0.0000
0.0000
0.0000
0.0000
0.2417
0.0000
0.9654
0.0000
0.0000
0.8991
1.1201
0.0000
0.0000
2.5588
0.0000
0.0000
1.0541
0.0000
0.5450
0.0000
0.2613
0.0000
0.0000
0.8088
0.0000
0.0000
0.0000
0.0000
0.0000
0.0000
0.0000
1.1458
0.0000
1.3830
0.0000
0.1250
0.0000
0.0000
0.1584
0.0000
0.8008
0.0000
0.0000
0.5985
0.0000
0.3663
0.0000
0.0000
0.0000
0.0000
0.0000
0.0000
0.0504
0.0000
0.0000
0.0000
0.0000
0.0000
0.0000
1.3520
0.0000
0.0000
0.0000
0.3006
0.0000
2.4729
0.0000
0.0000
0.4580
0.0000
1.6348
0.7568
0.0000
0.0000
0.0000
1.2837
0.0000
0.0000
0.0000
0.0000
0.0000
0.0000
0.0000
0.0000
0.0000
2.1490
0.0000
0.0000
0.0493
2.2528
0.3886
0.0000
2.5182
2.6849
0.0471
0.0000
0.0000
0.0000
0.0000
0.0000
1.3041
0.2852
0.0000
0.0000
0.0000
0.0000
0.0000
2.0177
0.0000
1.1477
0.4337
0.0000
0.0000
0.6550
0.0000
0.0000
0.0000
0.0000
0.0000
1.3388
1.9885
0.0000
0.0000
0.0000
0.0000
1.5233
0.0000
0.0000
0.0000
4.2000
0.2703
1.8261
0.2923
0.0000
0.0000
0.0000
0.0000
0.0000
0.0000
0.0000
0.0000
0.0000
3.7445
0.0000
0.0000
0.0000
0.0000
0.0000
0.0000
0.0000
0.0000
0.0000
0.0000
0.0000
0.0000
0.7121
0.0000
0.0732
0.0000
0.0000
0.0000
0.0000
0.0000
0.3685
0.0000
0.0000
0.0000
1.9888
0.0000
0.0000
0.0000
2.4959
0.0000
0.0000
0.0000
0.0000
1.7079
0.0000
0.0000
0.0000
0.0000
0.0000
1.1161
0.0000
0.0000
0.0000
0.0000
0.0000
0.0000
0.0000
0.1018
3.2050
0.0000
0.7108
0.0000
1.6060
0.0000
0.0000
0.6732
0.0000
0.0000
0.0000
0.0000
0.0000
0.0000
1.4788
0.0000
0.0000
0.0000
0.0000
0.0987
1.3192
0.0000
0.0000
0.0000
0.8091
0.0000
0.0000
0.0000
0.0000
0.0000
0.9176
0.0000
0.0000
0.4069
0.0000
0.0000
0.0000
0.0000
0.0000
0.0000
0.0000
0.0000
0.0000
1.0924
0.0000
0.0000
0.0000
0.3486
0.0000
1.2984
0.0000
0.0000
0.5662
1.0634
0.0000
0.2085
0.0000
0.0000
0.0000
0.0000
0.0000
1.0455
0.1586
1.2281
0.0000
1.1022
0.0000
0.0000
0.0000
0.0000
0.0000
0.0000
0.0000
0.0000
0.0000
0.0000
0.0000
0.0000
0.0000
0.7057
0.0000
0.6150
0.3269
0.0000
0.0000
0.3054
0.0000
0.0000
0.0000
0.0000
1.0920
0.2209
0.9265
0.0000
0.4004
0.0000
1.5894
2.1154
0.0000
1.6272
0.0000
0.0000
0.0000
0.0000
0.0000
0.0000
0.3783
0.0000
0.0000
0.0000
1.1673
2.3191
0.4476
0.0000
0.0000
0.6897
0.0000
0.0000
1.3979
0.0000
2.1548
0.1920
0.8076
0.0000
0.6753
0.7964
0.4822
3.0432
0.0450
0.0000
0.0000
0.0000
0.0000
0.5741
0.0000
0.0000
0.0000
0.9293
0.0000
0.0000
0.0000
0.0000
0.0000
0.0000
0.0000
1.0369
1.2786
0.3584
0.0000
0.5725
0.0000
0.0000
1.1292
1.5957
0.0000
2.9644
0.0000
0.0000
0.3040
1.3118
0.0000
1.0083
0.0000
1.1415
0.2345
0.0000
1.3847
0.0000
0.0000
0.3774
0.0000
0.0000
0.5659
0.0000
1.2232
1.0438
0.0000
1.8388
0.0000
0.0000
0.0000
0.0000
0.0000
0.4341
0.0000
0.6062
0.0000
0.0000
0.4682
0.0000
1.3348
0.9639
0.0000
0.0000
0.0000
0.9840
0.0000
0.0000
0.0000
0.0000
0.0000
0.0000
0.5015
0.0000
0.9228
0.0000
0.0000
0.0000
0.0000
0.0000
0.1877
0.0000
0.0000
1.0236
4.8108
1.1581
0.0000
1.0966
0.0000
0.0000
0.0000
0.0000
0.1611
1.1680
0.0000
0.0000
0.0000
0.0000
0.0000
0.0000
0.6833
0.0000
0.0000
0.7422
0.0000
0.0000
0.0000
1.2859
0.0000
0.0000
2.6122
2.1075
0.8954
0.1448
0.0000
0.0000
0.0000
1.6985
0.5717
0.2454
0.0897
0.0000
0.0000
0.8685
0.0000
0.0000
0.0000
0.6788
0.0000
0.3991
0.0000
0.0000
0.0000
0.0000
0.0000
0.8595
0.3182
0.2297
0.0000
0.0000
0.0000
0.0000
0.0000
0.0000
0.0000
0.3777
0.0000
0.0000
0.0000
2.1027
0.1326
0.0000
0.0000
0.0000
0.5643
0.0415
0.0000
0.3713
0.4058
0.7198
0.0000
1.2767
0.0000
0.0000
0.8536
0.3756
1.0346
2.7885
0.0000
0.0000
0.0000
0.5965
0.0000
1.6397
1.1182
0.0000
0.8885
0.0000
0.0000
0.0000
0.0000
0.0265
0.0000
0.0000
0.8558
0.0000
0.0000
0.7119
0.0000
1.1552
0.0000
0.1339
2.5578
0.0000
0.0000
0.0000
0.9639
0.5403
0.0000
0.0000
0.0673
1.0190
0.0000
2.2146
0.0000
0.0000
0.0000
0.0000
0.0000
0.0000
0.0000
0.0000
0.0000
1.1810
0.0000
0.0000
0.7679
1.9272
0.0000
0.0000
1.9809
0.0000
0.0000
0.0000
0.0000
0.3489
0.0000
0.0367
0.0000
0.2184
0.5556
0.0000
0.2795
0.3285
0.0000
0.0000
0.6083
0.0000
0.0000
0.0000
0.0000
0.0000
0.0000
0.0000
0.4722
0.0000
0.3038
0.2612
0.5228
1.0007
0.0000
0.0450
0.0000
0.0000
0.8001
0.0000
0.7454
1.3356
1.8357
0.0000
0.0000
0.0000
0.2677
1.1528
0.4622
0.0000
0.0000
0.0000
0.0000
0.0000
1.3626
0.0000
1.2108
0.0000
0.6390
1.2338
0.0000
0.0000
0.0000
0.0000
0.0000
0.0000
0.0000
0.6501
0.0000
0.0000
0.5994
0.0000
0.0000
0.0000
0.1375
0.0000
0.0000
0.0000
0.0000
0.0000
1.6577
0.0000
0.0000
0.0784
0.0000
1.2211
0.0000
0.1468
0.0000
0.2115
0.0000
1.1065
0.0000
0.0000
0.0000
0.0000
0.0000
1.6465
1.3250
0.7120
0.1319
1.4309
0.0000
1.5939
0.0000
0.8486
0.3309
0.2470
1.4417
0.0000
0.0000
0.0000
0.0000
0.0752
0.0000
0.0000
0.7474
1.8696
0.5971
2.0367
0.0000
0.0000
0.0000
0.0000
0.0000
0.0000
0.0000
1.6292
0.0477
0.6593
1.2926
0.0000
0.0000
0.0000
0.8110
0.0000
1.0589
1.5681
2.1377
0.0000
0.0000
0.0000
1.4025
1.9588
0.0000
0.5905
1.8163
1.1948
1.5776
0.0000
0.0000
0.0000
0.0000
0.0000
0.0000
0.6143
2.6982
0.0000
0.0000
2.9578
0.0000
2.1785
0.0000
0.0000
0.0000
0.4590
0.0000
0.0000
0.3673
0.1822
0.4737
0.0167
2.8280
0.0000
1.0931
0.0000
0.5100
0.0000
0.0000
0.0000
0.0000
0.0000
0.4656
1.5058
0.0000
0.0000
1.7419
0.0000
0.0000
3.5071
0.0000
0.0000
0.2972
0.0000
0.1150
0.0000
0.0000
1.2080
0.0000
0.0000
0.0000
0.0000
0.0000
2.1740
0.0000
0.0000
0.0000
0.0000
2.0800
0.0000
2.4953
1.3576
0.9996
0.0000
0.0000
0.0000
0.0000
0.0000
0.0000
2.4636
0.0000
0.8402
0.0000
0.0000
0.0000
0.0000
0.1724
0.0000
0.0000
0.0000
0.0000
0.0000
1.0590
0.0000
0.0000
0.1864
0.0000
1.0488
0.0000
0.0000
0.0000
0.0841
0.1286
0.0000
0.0000
0.0000
0.0000
1.1846
0.0000
1.8893
0.0000
0.0000
0.0000
0.2908
0.0000
0.0000
0.0312
0.0000
0.7296
0.0000
0.9705
0.0000
0.4225
0.0000
1.1753
0.0000
0.0000
0.0000
0.0000
1.6752
0.0000
0.0000
0.0000
1.6934
0.0000
0.3121
0.0000
0.0000
0.0000
0.7393
0.0000
0.0000
0.0000
0.0000
0.0000
0.0000
2.5259
1.9668
0.0000
0.0000
0.0000
0.7732
0.0000
0.1044
0.0000
1.4261
0.0000
1.9813
0.0000
0.0000
0.2036
0.3656
0.9832
1.2367
0.0000
0.8406
0.0195
0.0000
0.1499
0.0000
3.2391
0.6377
0.5621
0.0000
0.0000
0.0000
0.0000
0.0000
0.5226
0.0000
0.6517
0.0000
0.0000
0.7989
0.0000
0.0000
0.0000
0.0000
0.6088
0.0000
0.0000
1.2779
0.0000
0.0000
1.0584
2.2019
1.6758
0.0275
0.6787
0.0000
0.0000
0.0000
0.0000
0.0000
2.4923
0.0000
0.0000
2.1642
1.8926
0.0000
0.0000
0.0000
1.6135
0.5251
0.0000
0.4440
1.3118
0.0000
0.0000
0.0000
0.0000
1.4570
0.8168
0.1154
0.0000
0.0000
0.1452
1.8604
0.0000
1.6701
0.0611
0.0000
0.0000
0.0000
0.9425
0.0000
0.0000
0.0000
1.5170
1.5197
0.0000
0.0000
0.5646
0.0000
0.0000
1.6629
0.5628
0.0000
0.0000
0.0000
0.0000
0.9798
2.1237
0.7682
0.0000
0.0000
0.0000
0.0000
3.0656
0.2708
0.0000
0.0000
0.0213
0.6353
0.0000
0.0000
0.0000
0.0000
0.0000
0.0000
0.0000
0.0744
0.0000
0.2666
0.0000
1.4946
0.0000
1.4987
0.0000
0.0000
0.5884
0.9116
0.0000
2.1220
0.0000
0.0000
0.0000
1.4312
0.0000
0.0000
1.3275
0.0000
0.0000
0.0000
0.0000
0.0000
0.0000
0.0000
0.0000
0.0000
0.5916
0.0000
2.1305
0.0000
0.0616
0.0000
0.0000
0.0000
0.0000
0.0000
2.1137
0.0000
0.0000
0.1999
0.0000
0.0000
0.0000
0.0000
0.0000
0.2551
0.0000
1.0829
0.0000
0.3411
0.0000
0.0000
0.0000
0.1463
1.6289
0.0000
0.0000
0.0000
0.0000
0.2239
0.1534
0.0000
0.0000
0.0000
0.0365
1.2921
0.0000
1.4409
0.0000
0.2655
0.9462
0.0000
0.0207
0.0000
0.0000
0.4279
0.0000
0.2635
0.0000
0.3265
0.0000
2.5049
0.0000
0.6690
0.0000
0.0000
0.0000
0.5690
0.0000
0.7596
1.9769
0.0000
1.1212
0.0000
0.2507
0.0000
0.0000
0.5554
0.0000
0.0000
0.0000
0.5669
0.0000
0.0000
0.0000
0.0000
0.0000
0.0000
0.0000
0.0000
0.0000
0.1068
0.8853
1.1434
2.5088
0.0000
1.7337
0.0928
0.0000
0.4526
0.0146
0.0000
0.0000
1.2071
0.9750
2.0952
0.0000
0.0000
0.0000
1.2218
0.0000
0.0000
0.0000
0.0000
0.0000
0.0000
0.0000
0.3506
0.0000
0.0000
0.0000
0.0000
1.3554
1.9323
0.0000
0.9359
0.0000
0.3772
0.0000
0.0000
0.0000
0.0000
0.8212
0.0000
0.0000
0.0000
1.0565
0.1296
0.0000
0.0000
0.5816
0.0000
0.0000
0.0000
0.0000
0.0000
0.0000
0.0000
0.0000
0.0000
0.4865
0.7893
0.0000
0.0000
0.7550
0.7056
0.4310
0.0000
0.0000
0.0000
3.1105
0.0000
0.0000
0.0000
1.3098
0.5664
0.0000
1.4374
0.0000
0.0000
0.0000
1.2564
0.2443
0.0000
1.0517
0.0000
0.0000
3.8462
0.0000
0.0000
0.0000
0.9377
0.0000
0.9447
1.5479
0.0000
0.8970
0.2293
0.0000
0.7039
0.0000
0.0000
0.0000
0.0000
1.2033
0.0000
0.5778
0.0000
0.0000
0.0000
0.0000
0.0000
0.8495
0.0000
0.1411
0.0000
0.0000
0.0000
0.0000
0.0000
0.0000
0.0000
1.4529
0.0000
0.1705
1.5305
0.0000
0.0000
1.1738
0.3861
2.2363
0.0000
0.0000
0.5059
0.0000
0.0000
0.0000
0.0000
0.0000
0.0000
0.2714
0.3965
0.0000
0.0000
0.4139
0.0000
0.0000
1.9054
0.0000
0.0000
0.0000
0.0000
0.4028
0.8032
0.0000
0.2319
0.0000
0.0000
0.0000
0.0000
0.7288
0.5021
0.0000
0.0000
1.4455
0.0000
0.0000
0.3972
0.0000
0.0000
0.0000
0.0000
0.0787
1.3829
1.9724
0.0000
1.0643
0.0000
2.0767
5.0159
0.0000
0.0000
1.0320
0.0000
0.0000
0.0000
0.0000
0.0000
0.0000
0.0000
0.0000
0.2241
0.0000
0.0000
0.0000
0.0000
0.0000
0.0000
0.0000
0.0000
2.3727
0.0000
0.0000
0.0000
0.3510
0.0000
2.1208
0.0000
0.0000
0.8753
0.0000
0.0000
0.0842
1.1331
0.0000
0.0000
1.7061
0.0000
0.7794
0.0000
2.0859
0.0000
0.0000
1.1677
0.0000
0.0000
0.0000
0.0975
0.0000
1.4694
0.0000
0.0000
2.3853
0.0080
0.0029
0.0000
0.4384
0.9200
0.0000
0.0000
1.2605
0.6051
0.0000
0.0000
0.5208
0.0000
1.1350
0.2776
0.0000
0.2217
0.6208
0.0000
0.0000
0.0000
0.0000
0.5251
0.0000
0.0000
0.1804
0.0000
0.0000
0.1398
0.0000
3.2171
0.0000
0.0000
1.6929
0.0000
0.0000
0.0000
0.0000
0.6503
0.0000
0.4382
0.0000
0.4607
0.0000
0.0000
0.0000
0.8068
0.0000
0.0000
0.0000
0.0000
0.0000
0.9521
0.6347
0.0000
1.9059
0.0000
0.0000
0.0000
0.0000
0.0000
0.0362
2.9228
0.0000
1.1737
0.0000
0.1843
0.0000
0.0000
0.1367
0.0000
0.0000
0.6900
1.5501
0.0000
0.0000
0.0000
0.0000
0.6823
0.0000
0.0000
3.6106
0.0000
0.0000
0.0000
0.0000
3.1832
1.6544
1.0266
0.0000
0.0000
0.0000
0.4123
0.0000
0.0000
0.0000
0.0000
0.0000
0.0000
0.0000
0.0000
0.0000
0.0000
0.0000
0.9726
0.2432
0.0000
0.0000
0.0000
0.0000
0.0640
0.0000
0.0000
1.4496
0.0000
1.1175
0.9512
0.0000
0.0000
1.5422
0.0000
0.2430
0.0000
0.0000
2.5888
0.4073
0.0000
1.7539
0.1306
0.0000
0.0000
0.0000
0.0000
0.0000
0.0000
0.0954
0.1046
0.3111
1.2548
0.0000
0.0000
0.0000
0.2862
0.0000
0.0000
0.1645
0.0000
0.0000
0.4193
0.3223
0.0000
0.0000
0.0000
0.0000
1.6789
0.0000
0.0000
0.0000
0.0000
0.0000
0.0388
1.5900
0.0000
0.0000
0.0000
0.0000
3.3343
0.0000
0.1591
0.3998
0.0000
0.0931
0.0000
0.0000
1.2751
0.0000
0.0000
0.0000
0.0000
0.0000
0.0871
0.0000
0.3502
0.0000
1.0201
0.0000
0.0000
1.5358
0.0000
1.7717
0.2595
0.0000
0.0000
0.0000
0.0000
0.0000
0.2274
1.8202
0.9197
0.0000
3.0467
0.0386
0.0000
0.6031
0.0000
1.3750
0.0000
0.9781
0.0000
0.0000
0.0000
0.0000
0.0000
0.9393
0.0000
0.0000
0.7998
0.0000
0.0000
0.0000
1.2378
0.0000
0.0000
0.0000
1.6097
0.0000
0.0000
0.0000
2.1369
0.0000
0.0000
0.0000
0.0000
1.4011
0.0000
0.0000
0.0000
2.6723
2.7540
3.7123
0.0000
1.5102
4.0002
0.0000
0.0000
0.0000
0.0000
0.0000
0.0000
0.9965
0.0000
0.0000
2.8733
0.0000
0.0000
0.0000
0.3280
0.2748
0.4126
0.0000
0.2149
0.0000
0.0000
0.0000
0.7223
0.6472
1.5705
0.8795
0.0000
0.0000
0.9627
0.0000
1.7717
0.0000
0.0000
2.1797
0.0000
0.0000
0.3298
0.2849
0.3587
3.8685
0.0000
0.4544
0.0000
0.0000
0.2693
0.0000
0.0000
0.0000
0.0000
2.7177
0.6019
0.6196
0.0000
0.0000
0.0000
0.0000
0.3220
0.0000
0.0000
0.0000
0.0000
0.0000
0.0000
0.0000
0.0000
0.0000
0.4198
0.0000
0.1142
0.0000
1.9909
0.0000
0.0000
0.0000
1.4146
1.6221
1.5932
0.9057
0.0000
0.0000
1.4635
0.0000
0.0000
0.1545
0.0000
0.5914
0.0000
2.2401
0.0000
0.0000
4.0318
0.0000
0.0000
1.1879
0.3331
0.0000
1.0893
0.9310
0.0000
0.0000
0.0000
0.0000
0.9762
1.0029
0.0000
0.0000
0.6647
1.2638
0.0000
1.0227
2.4365
0.1651
0.0000
0.9269
0.0000
0.0000
0.0000
1.9534
0.0000
0.6725
0.0126
0.0000
1.1475
0.0000
0.0000
0.0000
0.0000
0.0000
0.0685
2.8462
1.7574
0.0000
0.0000
1.7154
0.0000
0.0000
0.0000
0.3729
0.0000
1.1217
0.0000
0.0000
0.0000
1.2714
0.0000
0.0000
0.8762
0.0000
0.0000
0.0000
0.0000
1.1388
1.0217
0.0000
0.0000
2.2267
1.9203
0.0000
0.0000
0.0000
0.0000
0.0000
1.0623
0.6648
0.0000
0.0000
0.1853
0.2066
1.0004
0.0000
1.3386
1.9397
0.0000
0.0000
0.0000
0.0000
3.3910
0.0000
0.0000
0.0406
0.0000
0.0000
0.0000
0.0000
0.0000
0.0000
0.0000
0.0000
0.0000
0.9078
1.4011
0.0000
0.0000
0.3688
0.0000
0.0000
0.8256
0.0000
0.0000
0.0000
0.0000
5.0746
1.5845
0.0000
0.0000
1.2316
0.0000
0.0000
1.2142
1.9672
0.9314
0.0000
1.6858
2.1761
0.3485
0.0000
0.0000
0.0000
0.0000
0.0000
0.4643
1.8492
0.0000
0.0000
5.7168
1.1616
1.6042
0.0000
0.0000
0.0000
0.0000
0.0000
0.0000
0.0000
0.0000
0.6279
0.0000
0.0000
0.0000
0.0000
0.5692
0.0000
0.0000
0.0000
0.0000
0.0000
0.9502
0.0000
0.0000
0.4496
0.7163
0.7153
0.0000
0.0000
1.5481
0.0000
1.7283
2.2618
0.0000
0.0000
0.0000
0.0000
0.0000
0.0000
0.0000
0.6422
0.0000
0.0000
0.0000
0.0000
0.0000
0.0000
0.0000
0.0000
3.0314
0.0000
1.0961
0.3642
0.0000
0.0000
0.0000
0.0000
0.5129
0.0000
0.0424
0.0000
0.0000
0.0000
0.0000
0.0000
0.0000
1.8080
1.2213
0.0000
0.0000
0.3124
0.0000
1.4667
0.0000
0.0000
0.0000
0.0000
0.0000
0.7408
0.0000
0.0000
0.0000
0.0000
0.0000
0.0000
0.0000
0.0000
0.0000
0.1225
0.0000
0.0000
0.7871
0.8627
1.2753
0.0000
1.0490
1.0016
0.0000
3.3931
0.8301
0.5199
3.3747
1.3970
0.0000
0.2626
0.0000
0.0000
1.4525
0.0000
0.0000
0.0000
0.5763
0.0000
0.0000
0.0000
0.0000
2.4083
0.0000
2.3460
0.0000
2.2166
0.0000
0.0000
0.1756
2.1427
3.5097
0.0000
0.0000
0.0000
0.0000
0.5695
2.0613
0.0000
0.6530
0.0000
0.0000
1.1060
0.0000
0.0000
2.9658
0.0000
0.0262
3.1912
0.0000
0.7179
0.0000
0.3653
0.0000
0.0000
3.6953
0.0000
0.0000
0.0000
0.0000
0.1431
1.1645
0.1570
0.6207
0.1926
0.0000
0.0000
0.0000
1.0785
0.0000
0.0000
0.8111
0.0000
0.0000
0.0000
0.0000
0.0000
2.9311
0.1088
0.0000
0.0000
0.3214
0.0000
1.4389
0.6072
0.2039
0.0000
0.0000
0.1808
0.7926
0.0000
0.0000
0.0755
2.0925
0.0000
0.0000
0.9914
0.0000
0.4627
2.0896
0.2421
0.0000
0.0000
0.0000
1.1655
0.0000
0.0000
1.1568
0.0000
1.2715
1.0004
0.9087
0.0000
0.0000
0.5371
0.0000
0.0000
0.0000
0.1528
0.3738
0.0000
0.0000
0.0000
0.0000
0.7630
0.0867
0.0000
0.0945
0.0000
0.0000
0.0000
0.1286
0.0000
0.1058
0.0000
1.2136
0.0000
0.0000
0.6172
1.2142
0.8748
0.0000
2.8720
0.0756
1.1951
0.0000
1.8845
0.0000
0.0000
0.0000
0.0000
0.0000
0.0000
0.0000
0.9139
0.0000
0.0000
0.0000
0.0000
0.0000
0.0000
1.4401
0.0000
0.0000
0.0000
1.0347
0.0000
0.0000
0.0000
2.1420
0.0000
0.0000
0.0000
1.5158
0.0000
0.3544
0.0000
0.7069
0.0000
0.0000
0.0000
0.0000
0.0000
0.0000
0.0000
0.0000
0.1304
0.0000
0.0000
0.0000
0.0000
0.0000
0.0000
0.0000
0.0000
1.0264
0.0000
0.2107
0.0000
0.0000
0.0000
0.7914
0.2766
0.0000
0.0000
0.3832
0.0000
0.0000
0.0000
0.0000
0.5155
0.0000
0.0000
1.3715
0.0000
0.0000
0.0000
0.0000
0.0000
0.0000
0.0000
0.0000
1.3256
0.1588
0.0000
0.0000
0.0000
0.0000
1.4925
1.4813
0.0000
0.0000
0.1165
0.7385
0.0000
1.3102
0.2843
0.7112
0.0000
0.0000
0.0000
0.0000
0.5059
0.6422
3.1967
0.6967
0.0000
0.6166
0.0000
0.4155
0.0000
0.0000
0.0000
1.7547
0.0000
0.0000
0.0000
0.0000
0.2105
0.2262
0.0000
0.3746
0.0000
0.0000
1.1254
1.6406
0.0000
0.6602
0.0000
0.0000
0.0000
0.7539
0.7301
1.4631
0.0000
0.0000
0.0000
0.7817
0.0000
0.5135
0.0000
0.0000
0.0000
0.0000
0.0000
1.1824
0.7140
0.0000
0.0000
0.0000
1.0211
1.3849
0.0000
0.0000
0.0000
0.0125
0.0000
0.0000
0.0000
0.0000
0.0000
1.8059
0.2057
0.0000
0.0000
0.2029
0.0000
1.2593
0.0245
0.0000
1.5075
0.0000
0.0000
0.2479
0.0000
0.0000
0.0000
0.0000
0.0000
0.0000
0.9862
0.0000
0.2169
0.0000
0.0000
0.0000
0.0000
0.0000
0.0000
0.4228
0.0000
0.0000
0.0000
0.6362
0.0000
0.0000
0.0000
0.0000
1.0639
0.0000
2.4823
0.0000
0.0000
0.0000
0.0000
0.0000
0.0000
0.0000
0.2885
0.0000
0.0000
0.0000
0.0000
0.0000
0.0000
0.0000
0.2888
0.0000
0.9731
0.0000
0.0000
0.2281
1.2591
0.3846
1.9208
0.0000
0.0000
0.0000
0.0000
0.8373
0.8053
0.0000
0.0000
1.4155
1.3589
2.9458
0.0000
0.0000
0.7323
0.0000
0.0000
0.0000
0.0000
0.1082
0.0000
2.7806
0.0000
0.2622
1.2460
0.6877
0.3116
2.4711
0.0000
2.9411
0.0000
0.0000
0.0000
1.2068
0.0000
2.4597
0.7674
0.0000
0.0000
0.5266
0.0000
0.0000
1.1442
0.0000
0.0000
2.2944
0.0000
0.0000
0.0000
0.0000
2.8670
0.4679
0.0000
0.0000
0.0000
0.0000
0.0000
0.0330
3.7440
0.1386
0.0000
0.0000
0.0000
0.3076
0.0831
1.8922
1.6253
1.4707
0.0000
0.0000
0.8231
0.2694
1.1260
3.1890
0.0000
0.0000
0.0000
0.5166
2.5314
0.8467
0.0000
0.0000
0.0000
0.0000
0.0000
2.0184
0.0000
0.0000
3.0222
0.0000
0.0000
0.0000
0.0000
0.6619
0.1517
0.0000
0.0000
0.0000
0.0000
1.4498
1.3015
0.0000
0.7352
0.0000
0.0000
0.0000
0.0000
3.6577
0.0000
1.9528
0.0000
0.0000
2.3610
0.0000
0.0000
0.0000
0.0000
0.0000
0.0000
4.1558
0.0000
0.0000
0.0000
0.0000
0.0000
0.0000
1.0246
0.8607
0.0505
0.0000
0.0000
0.0000
0.0429
0.0000
0.0000
2.0329
3.9774
0.0000
0.0000
0.0000
0.0000
0.9881
0.0000
0.0000
0.1127
0.0000
0.3967
1.2276
0.0000
0.0000
0.0000
0.1771
0.0000
0.3583
0.0000
0.0000
1.7101
1.8565
0.0000
0.9473
0.0000
0.0000
0.0000
0.0000
0.0000
4.9976
0.0000
1.5895
0.0000
0.0000
0.0000
0.0000
1.2722
0.3929
0.0000
0.7353
0.1375
0.0000
0.0000
0.0000
0.0000
2.1869
0.0000
2.1121
1.7050
0.2165
0.0000
0.0000
0.0000
0.0000
0.0000
0.0000
2.4191
0.0000
0.0000
0.6635
0.0000
0.9680
0.0000
0.0000
0.0000
0.0000
0.0000
1.1994
2.9774
0.8812
1.6139
0.3286
0.0000
2.6510
0.0000
0.0000
0.0000
0.0000
0.0324
0.5105
0.6725
0.0000
0.0000
0.0000
0.5192
0.0000
0.0000
0.0000
0.0000
0.0000
0.0000
1.1543
1.0437
0.2138
0.0000
0.0000
3.5434
0.0000
0.0000
0.0000
0.0000
0.9849
1.6946
0.0000
0.0000
0.0000
0.0000
0.2250
0.0000
0.2362
0.0000
2.1616
0.0000
0.7272
0.0000
0.0000
0.0000
0.0000
0.7603
0.0000
0.0000
0.0000
1.9700
0.0000
0.0292
0.0000
0.0000
0.3194
0.0000
1.6898
0.0000
0.0000
0.0000
0.0000
0.0000
0.0000
0.2598
0.2145
3.0436
0.0000
0.0000
2.7451
1.7269
0.1411
0.0000
0.0000
0.1802
0.1594
0.0000
0.0000
0.0000
0.0000
0.0000
0.4204
1.1610
0.0000
0.0000
1.4762
0.6148
2.2636
0.7128
0.0000
0.0000
0.0000
0.0000
2.2555
0.4687
0.7392
0.0000
0.0000
0.0000
1.0088
2.3734
0.0000
0.0000
1.3628
0.1653
0.3089
0.0000
1.1279
0.0000
0.0000
0.0000
0.6317
1.2576
0.0000
0.0000
0.0000
0.0000
0.0000
2.1574
0.1649
0.0302
0.6423
0.0000
0.0000
0.0000
0.0000
0.0000
2.0073
0.0000
0.0000
0.0000
0.4354
2.4098
0.0000
1.7068
0.0000
0.0000
0.0000
0.0000
0.0000
0.5290
0.0000
0.0000
0.1016
0.6845
0.0000
2.2473
0.0000
0.0000
0.0000
0.3124
0.0000
1.5340
1.2973
0.0000
0.0000
0.0515
0.0000
0.0000
1.7488
0.0000
1.3278
0.0000
0.0000
0.0000
0.0000
0.0000
0.3683
0.1848
0.0829
0.7846
0.0000
0.0000
0.0000
0.0000
0.0000
0.8625
0.0000
0.0078
0.0000
2.0186
0.0000
0.0000
0.0000
3.3594
0.0000
0.0000
0.8573
0.3788
0.0000
0.0000
2.4183
0.0000
0.0000
0.0000
0.0000
0.0000
0.3821
0.6685
0.0000
0.0000
0.0000
0.0000
1.8891
0.0000
0.0000
0.0000
0.3172
0.0000
0.0000
0.0000
0.0000
0.0000
0.2693
0.0000
0.0000
0.0000
0.0000
0.0000
3.4553
0.1410
0.0000
2.7825
1.4126
0.0000
0.7564
0.0000
1.1735
0.0000
0.0000
0.4794
0.0000
0.0000
1.7021
1.5790
1.2564
0.0000
0.9453
0.0000
0.7136
0.2607
0.0922
0.5366
0.0000
0.0000
0.0000
0.0000
2.3778
0.0000
0.0000
0.0000
0.0000
0.0000
0.0000
0.0000
0.0000
0.0000
1.2620
0.0000
0.0000
0.0000
0.0000
0.5925
1.6020
0.0000
0.0000
0.0000
0.0000
0.0000
0.0000
0.0000
0.0000
0.0000
0.0000
0.0000
0.0000
0.0000
0.0000
0.0000
0.4061
0.0000
0.0000
0.0000
0.0000
0.0000
0.0000
0.0000
0.4642
0.0000
0.0000
0.0000
0.0000
0.0000
1.8206
0.4307
0.0000
0.0000
0.0000
1.0398
2.2082
1.4590
0.0000
0.0000
0.7759
1.7033
0.0000
0.0000
0.2921
3.8354
0.7262
0.0000
0.0000
0.0000
0.0411
0.0000
0.0000
0.0000
1.4753
0.0000
0.0000
1.1964
3.4352
0.0000
0.9688
0.0000
0.0000
0.0000
0.0000
2.7526
0.0000
0.0000
0.0000
0.0000
1.5501
0.0000
0.0000
1.2930
0.0513
0.0000
0.0000
0.5006
0.6029
0.0000
0.0000
0.0000
0.0000
0.0000
2.9701
0.0000
1.6940
0.0000
0.2953
2.0204
0.0000
0.2131
0.0000
2.1983
0.2095
0.0000
0.1261
0.0000
0.0000
0.0000
0.0000
0.0000
0.0000
0.7845
0.0000
0.0000
0.0000
0.1170
0.0000
0.0000
1.5342
0.0000
0.0000
0.0000
1.3346
0.7621
0.0000
0.0000
0.3229
0.3184
0.4360
0.0000
0.0000
1.5509
2.3965
0.3123
0.0000
0.1500
0.0000
5.2230
0.3607
1.4758
0.0000
1.1444
0.0000
0.0000
0.0000
0.0000
0.0000
0.0000
0.0000
0.0000
2.1054
1.6269
2.8455
0.0247
0.0000
1.6353
0.0000
0.0000
0.0000
0.0000
0.0000
0.9859
0.0000
0.0000
1.7918
0.0000
0.0000
0.0000
1.3910
1.1626
0.4190
0.4302
0.0000
0.0000
0.4328
1.2562
0.5640
1.2691
0.0000
0.0000
1.0823
1.5579
2.3567
0.0594
0.0000
0.4885
0.0000
0.0000
1.0295
0.2801
0.0000
0.0000
0.0000
0.4227
0.0000
0.5182
0.3822
0.0000
0.0000
0.0000
0.0000
1.1697
3.1155
0.4463
0.0000
0.8490
2.7094
0.0000
0.3527
0.0000
0.0000
0.6826
0.0000
0.3695
0.0000
0.0000
0.3293
0.0000
2.8744
0.7387
0.0000
0.9181
0.0000
0.9561
1.0821
0.8746
0.0000
0.0000
0.0000
1.9173
0.3685
0.3429
0.2438
0.0000
0.2893
0.0000
0.0000
0.0000
0.0000
0.8271
0.6374
0.0000
0.0000
0.0000
0.0000
0.0000
5.4136
0.0000
1.0096
0.0000
0.8382
0.0000
0.0000
0.0000
0.0000
1.5029
0.0000
1.5644
1.0167
0.0000
3.1139
1.6897
0.3877
0.0000
1.5154
1.1176
0.0000
0.0000
0.0000
0.0000
0.0000
0.3472
0.0000
0.0000
0.0000
0.0000
0.0000
0.0000
0.0000
0.0000
0.0000
0.3116
0.0000
0.8948
0.4307
0.0000
0.0000
1.2029
0.0683
0.2141
1.4141
1.1466
1.2919
0.0000
0.0000
0.5857
0.0000
0.0000
0.0000
0.0000
0.4064
0.0000
4.6791
0.8289
0.0000
2.3026
0.2987
1.0296
1.1714
0.0000
2.0862
0.7989
0.0000
0.0000
0.0000
0.0000
0.0000
0.0000
0.3189
0.8629
0.5512
0.0000
0.0000
0.1381
0.0000
0.0000
2.4692
0.0000
0.8167
0.0000
0.0000
1.3237
0.0000
