0.3268
0.0000
0.0000
0.0000
0.0000
0.0000
0.0000
0.0000
0.0000
1.9295
0.5257
0.0000
0.3120
0.0000
0.0000
0.0000
0.0000
0.0000
0.0000
0.0000
0.7031
0.0000
2.1252
1.4365
2.2395
1.5160
0.0000
1.4937
0.0000
0.0000
0.0000
0.0000
1.9993
0.0000
1.1970
0.0000
0.0000
0.0000
0.8400
1.1484
0.0000
0.0000
0.0000
0.0000
0.0000
0.0000
0.0000
0.0000
0.0000
0.0000
0.0000
0.0000
0.0000
0.0000
0.0000
0.0000
1.8301
0.0000
0.0000
0.0000
0.0000
2.3202
0.0000
2.4244
0.0000
0.3386
0.0000
0.5757
0.4144
0.0000
0.4635
2.8242
0.4199
0.0000
0.0000
2.3658
0.0000
0.0000
0.0000
0.0000
0.0000
0.0000
0.0000
0.0000
0.0000
0.0632
0.6926
2.0972
0.0000
0.0000
0.0000
0.0000
0.4284
0.0000
0.0000
0.0000
0.0000
0.0000
2.2491
0.0000
0.0000
0.0000
0.4668
0.0000
0.5668
1.4604
0.0000
0.0000
0.0000
3.4623
0.7738
0.0000
0.0000
0.0000
0.0000
0.0000
0.7518
0.0000
0.0000
0.0000
1.9978
0.4640
0.7142
0.0517
0.8005
0.0000
1.0162
2.5975
0.8245
0.0000
0.0000
0.0000
0.0000
0.0000
1.6784
0.0000
1.1556
0.5457
0.0000
3.3677
2.8088
0.0000
1.9338
2.1069
1.9059
0.0000
0.0000
2.6406
2.0351
0.0000
0.0000
1.4373
2.4713
0.5923
0.0000
0.0000
0.0000
0.0000
0.0000
0.0000
0.0000
0.0000
2.0965
0.0000
0.0000
0.0000
0.0000
0.0000
0.0000
2.3453
0.0000
0.0000
0.0000
0.0000
0.0000
0.0000
0.0000
0.0000
0.0000
3.6705
0.5352
2.0834
0.0000
0.0000
0.0000
0.0000
2.5186
0.0000
2.0644
0.0000
0.0000
0.0000
0.0000
0.0000
0.4069
0.0000
0.0000
0.0000
2.2860
2.3331
0.0000
0.4057
0.0000
0.0000
0.0000
0.0000
0.0000
0.0000
0.0000
0.0000
0.0000
0.0000
0.0000
0.0000
0.0000
0.0000
0.0000
0.0000
0.3122
0.0000
0.0000
0.0000
0.0000
0.0000
0.9879
0.0000
0.0000
0.0000
0.0000
0.0000
0.0000
0.0000
0.0000
0.0000
1.8444
0.0000
1.8191
0.0000
1.7563
0.0000
0.0000
0.0000
0.0000
0.0000
0.0000
0.5365
0.0000
0.0000
0.0000
0.0000
0.0000
0.0000
0.0000
0.3382
0.0000
0.2718
0.0000
0.0000
1.4050
0.0000
0.0000
0.0000
0.0000
0.0000
0.0000
0.0000
0.8578
0.3191
0.0000
0.5074
1.4665
0.0000
0.3434
0.3128
2.2729
0.0000
1.1475
0.0000
0.0000
0.0000
1.9325
0.0000
0.2031
0.0000
0.0000
0.0788
1.2202
0.0000
0.0000
0.0000
0.0000
0.0000
0.0000
0.0000
3.1588
0.0000
0.0000
0.5337
0.0000
1.5053
0.0000
0.0000
0.0000
0.0000
0.0000
0.0000
0.0000
0.0000
0.0000
0.0000
0.0000
1.3100
0.0000
1.4517
0.0000
0.0000
0.0000
0.0000
0.0000
1.8967
0.0000
1.2345
0.0000
0.0000
0.0000
1.9997
0.0000
2.1570
0.0000
0.9345
0.0000
0.0000
0.0000
0.0000
0.0000
1.4750
0.3194
0.0000
0.0000
3.0474
0.0000
0.0000
0.0000
0.0000
0.0000
2.1830
0.0000
0.0000
0.0000
0.0000
0.0000
2.2203
1.2758
0.0000
0.0000
0.0000
0.0000
0.0000
1.4534
0.0000
0.0000
0.0000
0.0000
0.0000
0.0000
0.1046
0.0000
0.0000
0.0000
0.0000
0.0000
0.4705
0.0000
0.0000
0.0000
0.0000
0.0000
0.0000
0.0000
0.0000
3.0993
0.6614
1.2783
0.0000
0.0000
0.0000
0.0000
0.0000
0.0000
0.0000
0.6894
0.0000
0.0000
0.0000
0.0000
0.8748
0.0000
0.0000
0.2361
0.4692
0.0000
0.0606
0.0000
0.0000
0.0000
0.0000
0.0000
0.0000
2.8219
0.0000
0.0000
0.0000
0.0000
3.3443
0.0000
0.0000
0.0000
0.1466
0.0000
0.0000
1.6285
0.0000
0.0000
0.0000
0.0000
0.0000
0.0000
1.5768
0.0000
0.0000
0.0000
0.0000
0.0000
0.0000
0.0000
0.0000
0.6556
0.0000
1.9674
0.0000
2.2671
0.0000
0.0532
0.0000
3.9664
0.7372
0.0000
0.0000
2.3112
0.5890
0.5265
0.0000
0.0000
0.0000
0.0000
0.0000
0.0000
0.0000
1.9077
0.0000
0.8734
0.0000
0.1858
0.0000
0.0151
0.0000
0.5501
0.0000
0.0000
0.0000
0.0000
2.5255
0.0000
0.0000
0.0000
1.1650
0.1327
0.0000
0.0000
0.0000
0.8537
0.0000
0.3657
1.9703
0.0000
1.3068
0.0000
2.3916
0.0000
0.4317
0.0000
0.0000
0.0000
0.0000
1.3102
0.0000
0.0000
0.0000
0.3017
0.0000
0.0000
0.0000
3.0602
0.0000
0.5147
0.0000
0.0000
0.0000
0.0000
2.4630
0.0541
0.0000
0.0000
1.1894
0.9188
0.0000
0.0000
0.0000
4.6579
0.0000
1.8092
0.8644
0.0000
1.7448
0.3533
0.0000
0.3897
0.2681
0.0000
0.5566
0.0000
0.0000
0.3542
0.0000
0.0000
0.2306
0.0000
0.0000
0.0000
0.0000
0.0000
0.0000
0.0000
0.0000
0.2012
0.0000
0.0000
0.0000
0.0000
0.0000
0.0000
0.0000
0.0000
0.0000
0.0000
0.0000
0.0000
0.0000
0.1104
0.0000
0.0000
2.6166
0.0000
0.0000
0.2731
0.7933
0.0000
0.0000
0.0000
0.0000
0.0000
0.0000
0.0000
0.0000
0.0000
0.0000
0.0000
0.0000
0.0000
1.8917
0.0000
0.0000
0.0000
0.0000
0.0000
0.0000
0.0000
0.0064
3.4908
0.0000
0.0000
0.2529
0.0000
0.0000
0.0000
0.0000
0.0000
0.0000
1.3271
0.1497
0.0000
2.3760
0.0000
0.0000
0.0000
0.5173
2.1004
0.0000
0.0000
0.1113
0.5575
0.0000
0.0000
4.5901
0.0000
2.2465
1.6251
0.0000
0.0000
0.0000
1.7054
0.0000
0.0000
0.0000
0.0000
1.4712
0.0000
0.4791
0.1188
0.0000
0.0000
0.0000
0.0000
0.0000
3.5745
2.8254
0.0000
2.3071
0.0000
0.0000
0.1298
1.0245
0.0000
0.0000
0.0000
0.0000
0.0000
0.0000
0.5576
0.0000
0.0000
0.9762
3.9959
0.0000
0.0000
0.0000
0.3921
0.0000
0.0000
0.0000
0.0000
1.3217
1.6432
0.0000
0.0000
0.0000
0.6599
0.0000
0.0000
0.0000
0.7096
0.0000
0.0000
0.0000
0.0000
0.0000
0.0000
0.0000
0.0000
0.0000
0.0000
0.0000
0.0000
0.0000
0.0000
1.6162
0.0000
0.0993
0.0697
0.0000
0.7891
0.0000
3.0151
0.0000
0.0000
0.0000
0.0000
0.0000
0.2169
0.0000
2.8276
1.0925
0.0000
0.0668
0.0000
0.0000
0.0000
0.0000
0.7806
1.7004
0.0000
1.6028
0.9450
0.0000
0.0000
0.0000
0.0000
0.2972
0.0000
0.0000
0.0000
0.0000
0.6989
1.5667
0.0000
0.0000
0.0000
0.0000
0.0000
0.2152
0.0000
0.0000
0.0000
0.7247
0.0000
0.0000
0.0000
1.8312
0.0000
2.3006
0.7342
0.0000
0.6276
0.6927
0.0000
0.0000
0.0000
0.0000
3.1535
0.0000
0.0000
0.0000
0.0000
0.0000
0.0000
0.0000
0.0000
0.0000
0.2553
0.0000
0.0000
0.0000
3.1491
0.0000
0.0000
0.3335
0.0000
0.0000
0.0000
0.0000
1.6125
0.0000
0.0000
0.0000
1.2963
0.0000
0.0000
0.0000
0.1217
0.1189
0.0000
0.0000
0.0000
1.3350
0.0000
0.0000
0.0828
1.6986
0.0000
0.0000
0.2730
0.0000
2.1100
0.0000
0.9462
0.0647
0.0000
0.0000
0.0000
0.0000
0.0000
0.4194
3.6813
0.7318
0.0000
0.0000
0.0000
0.0000
0.0000
0.0000
1.0520
0.0000
0.1461
0.2178
0.0000
0.0000
1.0110
0.0000
0.0000
2.2402
0.5951
0.0000
0.8984
0.0000
0.0000
0.0000
0.4392
0.0000
0.5588
0.0000
1.9748
0.0000
0.0000
0.0000
0.0000
0.0000
1.8230
0.0000
0.0000
0.0000
0.0000
0.0000
0.0000
1.1184
0.0000
0.0000
0.6676
0.0000
0.0193
0.0000
0.0000
0.2549
0.0000
0.0000
0.0000
0.0000
0.0000
0.0000
0.0000
1.3714
0.0000
0.0000
0.0000
0.0000
0.7773
0.0000
1.6804
0.0000
0.0000
0.0000
0.0000
0.0000
1.6969
0.0000
0.0000
0.0000
0.0000
2.5828
0.0000
0.0000
0.0000
0.0000
0.0000
0.0000
0.0000
0.0000
0.0000
0.0000
0.0000
0.0000
0.7186
0.0000
0.6787
0.0000
0.0000
0.0000
0.0000
1.6646
1.0732
0.1401
0.0000
0.0000
0.0000
0.0000
0.0000
0.0000
0.0000
0.0000
0.0000
1.0607
0.0000
0.0000
2.2135
0.0000
0.0000
0.0000
0.0000
0.1644
0.0000
0.0000
0.0000
0.0000
0.0539
0.0000
0.0000
1.6928
1.5340
0.3032
0.0000
0.0000
0.0000
0.0000
0.6423
0.0000
0.0000
0.0000
0.0000
0.8317
0.0000
0.0380
0.3790
0.0000
0.0000
0.0000
2.5787
2.0646
0.0000
0.0000
0.0000
4.1514
0.0000
0.0000
0.0000
0.0042
0.0000
0.0000
0.8850
0.0000
0.0000
0.0000
0.0000
0.9042
0.0000
0.4983
0.0000
0.0000
0.0000
0.3601
0.1185
0.0000
1.0988
0.0000
0.0112
0.0000
0.0000
0.0000
0.3514
0.0000
0.0000
0.0000
0.0000
0.0553
0.0000
0.0628
1.9589
0.8515
2.1277
0.0000
0.0000
0.0000
0.8942
0.0000
0.0000
0.0000
0.0000
0.3107
0.0000
0.0000
0.0000
2.7935
0.0000
0.0000
0.0000
1.2855
0.0000
1.9534
0.0000
0.0000
0.0000
1.0129
0.0000
0.9925
0.0000
3.0816
0.0000
0.0000
0.6100
2.2642
0.0000
0.7360
0.0000
2.2109
0.0000
0.0000
1.1458
0.4716
1.5856
1.1976
0.0000
0.2598
0.0000
0.0000
2.9255
0.0000
0.0000
0.0000
0.0254
0.0000
0.9763
0.0000
0.0000
1.0233
0.0000
0.0000
0.0000
0.0000
1.7938
0.0000
0.0000
0.0000
0.0000
0.0000
0.0000
0.0000
0.7905
0.0000
0.0000
0.0000
0.0000
0.0000
2.4116
0.0000
1.9742
0.0000
0.0000
1.3464
0.0000
0.0000
0.0000
0.0000
1.1115
0.0000
0.0000
0.0000
0.0000
0.0000
0.3111
0.0000
0.0000
0.3068
0.0000
0.0000
0.0000
0.0000
0.0000
0.8501
0.0000
0.0000
0.0981
0.0000
0.9445
0.6277
0.0000
0.0000
1.5593
0.0000
0.0000
2.0007
0.0000
0.0000
0.0000
0.0000
0.0000
0.0000
1.1912
0.0000
0.0000
0.0000
0.0000
0.5078
0.0000
0.0000
1.0283
0.0000
1.1677
0.0000
0.1671
0.0000
0.0000
0.0000
0.0000
0.5308
0.0000
0.0000
2.6127
1.1412
0.0000
0.0000
0.0000
0.0000
0.0000
0.0000
0.0000
0.0000
0.0000
0.0000
0.0000
0.0000
0.0000
0.0000
0.7515
0.0000
0.0000
0.0000
0.3591
0.8733
2.5609
0.0000
0.0000
0.3680
0.7042
0.0808
2.0103
0.0000
0.0000
0.0000
2.8954
0.0000
0.0000
0.0000
0.0000
0.0000
0.0000
0.0000
0.0000
0.0000
1.2967
0.0000
0.0000
0.0000
2.6767
0.4312
0.0000
1.0530
4.4613
0.0000
0.0000
0.0000
0.0000
0.0000
0.0000
0.7901
1.1988
0.0000
0.0000
0.0000
0.0000
0.0000
1.2184
0.0000
1.8042
0.0000
0.0000
0.0000
0.0307
0.0000
0.0000
0.5157
0.0000
0.0000
0.6786
1.0327
0.0000
0.0000
0.0000
0.0000
2.1767
0.0000
0.0000
0.0000
3.2260
0.0000
0.6841
0.0000
0.2788
0.0000
0.0000
0.0000
0.0000
0.0000
0.0000
0.0000
0.6966
3.2828
0.0000
0.0000
0.0000
0.0000
0.0000
0.6339
0.0000
0.0000
0.0000
0.1144
0.0000
0.0000
0.0000
0.0000
0.0000
0.0000
0.0000
0.0000
0.0000
0.0000
1.6285
0.0000
0.0000
0.0000
2.5761
0.0000
0.0000
0.0000
2.1557
0.0000
0.5722
0.0000
0.0000
1.7201
0.0000
0.0000
0.0000
0.0000
0.0000
0.2136
0.0000
0.0000
0.0000
0.0000
0.0000
0.0000
0.0000
1.1564
3.2822
0.0000
0.1140
0.0000
0.7958
0.0000
0.0000
1.7646
0.0000
0.0000
0.0000
0.0000
0.0000
0.0000
2.3822
0.0000
0.0000
0.0000
0.0000
0.0000
0.0000
0.0000
0.0000
0.0000
1.9595
0.0000
0.0000
0.0000
0.0000
0.0000
0.0000
0.0000
0.0000
0.5203
0.0000
0.0000
0.0000
0.0000
0.0000
0.0000
0.0000
0.0000
0.0000
2.1822
0.0000
0.0000
0.1401
1.1287
0.0000
2.0016
0.0000
0.5067
0.6894
1.7445
0.0000
0.0000
0.0000
0.0000
0.0000
0.0000
0.0000
1.1240
0.5132
1.6436
0.0000
1.4459
0.0000
0.0000
0.0000
0.0000
0.0000
0.0000
0.0000
0.0000
0.0000
0.0000
0.0000
0.0000
0.0000
0.0000
0.0000
0.0000
0.0000
0.0000
0.0000
0.0000
0.0000
0.6772
0.0000
0.0000
0.7173
1.3257
1.7125
0.0000
0.0000
0.0000
2.0651
3.7819
0.0000
2.5268
0.0000
0.0000
0.0000
0.0000
0.0000
0.0000
0.8082
0.3544
0.0000
0.0000
1.1521
3.6985
0.0000
0.0000
0.0000
0.0000
0.0000
0.0000
0.7685
0.0000
2.1528
0.0000
0.0000
0.0000
0.7685
0.5404
0.7513
3.1243
0.0000
0.0000
0.0000
0.0000
0.0009
0.3888
0.0000
0.0000
0.0000
0.0000
0.0000
0.0000
0.0000
0.6411
0.0000
0.0000
0.0000
1.2526
0.1224
0.1182
0.0000
0.4920
0.0000
0.0000
0.7515
0.6521
0.0000
2.0838
0.0000
0.0000
0.0000
0.7881
0.0000
0.0000
0.0000
2.3497
0.0000
0.0000
0.9533
0.0000
0.0000
0.0000
0.0000
0.0000
0.0000
0.0000
0.0000
1.2751
0.0000
0.9882
0.0000
0.0000
0.0000
0.0000
0.0000
0.0000
0.0000
1.7578
0.0000
0.0000
0.1836
0.0000
1.2284
1.7195
0.0000
0.0000
0.0000
0.0000
0.0000
0.0000
0.0000
0.0000
0.0000
0.0000
0.0000
0.0000
0.4321
0.0000
0.4381
0.0000
0.0000
0.0000
0.0000
0.0000
0.0000
0.5489
6.5244
0.1859
0.0000
0.1590
0.0000
0.0947
0.2029
0.0000
0.8649
1.4668
0.0000
0.0000
0.0000
0.0000
0.0000
0.0000
0.9386
0.0000
0.0000
0.6776
0.0000
0.0000
0.0000
1.0087
0.0000
0.0000
3.3956
2.9087
1.1489
0.0333
0.0000
0.0000
0.0000
1.6046
2.6657
0.0000
0.0000
0.0000
0.0000
1.0587
0.0000
0.0000
0.0000
2.9143
0.0000
1.4164
0.0000
0.0000
0.0000
0.0000
0.0000
1.5091
1.3447
0.0000
0.0000
0.0000
0.0000
0.0000
0.0000
0.0000
0.0000
0.6661
0.0000
0.0000
0.0000
2.4111
0.0000
0.0000
0.0000
0.0000
0.0000
0.0000
0.0000
0.3268
0.2345
0.9641
0.0000
0.1999
0.0000
0.0000
2.0505
0.6699
0.6220
1.8044
0.0000
0.0000
0.0000
0.0000
0.0000
1.0280
0.5153
0.0000
0.0000
0.0000
0.0000
0.0000
0.0000
0.0000
0.0000
0.0000
0.0000
0.0000
0.0000
1.1303
0.5188
0.0000
0.0000
0.0000
2.1428
0.0126
0.0000
0.0000
0.3983
1.3636
1.0362
0.0000
0.0000
1.4268
0.0000
1.2213
0.0000
0.0000
0.5177
0.0000
0.0000
0.0000
0.0000
0.0000
0.0000
0.8028
0.0000
0.0000
0.7143
0.0000
0.0000
0.0000
1.3502
0.0000
0.0000
0.0000
0.0000
0.0000
0.0000
0.0000
0.0000
0.0000
0.0000
0.0000
0.7746
0.0000
0.0000
0.0000
0.0000
0.0000
0.0000
0.0000
0.9891
0.0000
0.0000
0.0000
0.0000
0.0000
0.0310
0.6386
0.4573
0.0000
0.0000
0.0000
0.0000
0.0000
0.2741
0.0000
0.9381
0.5797
2.3118
0.0000
0.0000
0.0000
1.1386
1.8188
0.0862
0.0000
0.0000
0.0000
0.0000
0.0000
0.1078
0.0000
1.1492
0.0000
0.0000
0.4945
0.0000
0.0000
0.0000
0.0000
0.0000
0.0000
0.0000
0.0000
0.0000
0.0000
0.2945
0.0000
0.0780
0.0000
0.0000
0.0000
0.0000
0.0000
0.0000
0.0000
1.4726
0.0000
0.0000
1.4922
0.0000
1.5180
0.0000
0.0000
0.0000
0.0000
0.0000
1.3583
0.0000
0.0000
0.0000
0.3139
0.3184
0.0000
2.3914
1.9737
0.4055
0.4731
0.1860
1.3601
0.0000
0.0000
0.0000
0.0000
1.6625
0.0000
0.0000
0.0000
0.0000
0.0000
0.0000
0.0000
0.1868
0.3726
0.0000
1.1710
0.0000
0.0000
0.0000
0.0000
0.0000
0.0000
0.0000
2.2610
0.1104
0.2723
1.9928
0.0000
0.0000
0.3234
1.1346
0.0000
0.0000
1.4930
2.4483
0.0000
0.0000
0.0000
2.3439
1.4646
0.0000
0.0000
1.1017
0.7353
0.6878
0.0000
0.0000
0.0000
0.0000
0.0000
0.0000
0.0000
3.5788
0.0000
0.0000
1.5664
0.0000
2.4897
0.0000
0.0000
0.0000
0.8600
0.0000
0.0000
0.0000
0.0000
0.4630
0.0000
2.4339
0.0000
0.2982
0.0000
0.6426
0.0000
0.0000
0.0000
0.0000
0.0000
0.0000
0.1581
0.0000
0.0000
1.6622
0.0000
0.0000
2.6883
0.0000
0.0000
0.0000
0.0000
0.0000
0.0000
0.0000
1.7345
0.0000
0.0000
0.0000
0.0000
0.0000
1.7991
0.0000
0.0000
0.0000
0.0000
2.1804
0.0000
2.7136
1.0627
0.6030
0.0000
0.0000
0.0000
0.0000
0.0000
0.0000
1.6274
0.0000
0.9923
0.4776
0.0000
0.0000
0.0000
0.0000
0.0000
0.0000
0.0000
0.0000
0.0000
0.0000
0.0000
0.0000
0.3743
0.0000
0.9089
0.0000
0.0000
0.0000
0.0000
0.1997
0.0000
0.0000
0.0000
0.0000
0.5775
0.0000
2.7034
0.0000
0.0000
0.0000
0.0000
0.0000
0.0634
0.0000
0.3466
0.0197
0.0000
2.0979
0.0000
0.5170
0.0000
0.0000
0.0000
0.0000
0.0000
0.0000
2.5436
0.0000
0.0000
0.0000
1.4021
0.2167
0.0000
0.0000
0.0000
0.0000
0.9524
0.0000
0.0000
0.0000
0.0000
0.0000
0.0000
1.7369
2.5287
0.0000
0.0000
0.0000
0.1412
0.0000
0.0000
0.0000
1.2315
0.0000
2.6949
0.0000
0.0000
0.0000
0.2135
0.9855
0.6326
0.0000
1.6568
0.0000
0.0000
0.0000
0.0000
3.2811
1.1413
0.0000
0.0000
0.0000
0.0000
0.0000
0.0000
0.7052
0.0000
1.1644
0.0000
0.2443
0.7745
0.0000
0.0000
0.0000
0.0650
0.0000
0.0000
0.0000
1.2689
0.0000
0.0000
1.7815
2.3181
1.0968
0.0000
0.0000
0.0000
0.0000
0.0000
0.0000
0.0000
2.8904
0.0721
0.0000
1.2455
2.7255
0.0000
0.0000
0.0000
0.8041
1.1472
0.0000
0.0000
1.2217
0.0000
0.0000
0.0000
0.0000
0.3016
0.0746
0.0000
0.0000
0.0000
0.0000
1.6171
0.0000
1.6169
0.0000
0.0000
0.0000
0.0000
1.6881
0.0000
0.0000
0.0000
0.9883
2.3871
0.0000
0.0000
0.0000
0.1903
0.0000
0.5469
0.6602
0.0000
0.0000
0.0000
0.0000
1.9159
2.2613
0.6167
0.0000
0.0000
0.0000
0.0000
1.7323
0.0000
0.0000
0.0000
0.3350
0.0000
0.0000
0.0000
0.0000
0.0000
0.0000
0.0000
0.0000
1.8614
0.0000
0.0000
0.0000
0.6546
0.0000
1.0111
0.0000
0.0000
1.1283
1.4504
0.0000
1.1292
0.0000
0.0000
0.0000
1.3888
0.0000
0.0000
0.7588
0.0000
0.0000
0.0000
0.0000
0.0000
0.0000
0.0000
0.0000
0.0000
0.0000
0.0000
1.8652
0.0000
0.0000
0.0000
0.1158
0.0000
0.0000
0.0000
2.0774
0.0000
0.0000
0.0000
0.0000
0.0000
0.0000
0.0000
0.0000
0.0000
0.0000
0.0000
0.0000
1.3007
0.0000
0.0000
0.0000
0.0000
1.1292
0.0000
0.0000
0.0000
0.0000
1.0746
0.0000
0.0000
0.0000
0.0000
1.2323
1.2747
0.0000
0.0955
0.0000
1.3757
0.7575
0.0000
0.0853
0.0000
0.0000
1.2241
0.0000
0.8768
0.0000
0.0000
0.3161
3.2320
0.0000
0.3651
0.0000
0.0000
0.0000
0.0000
0.0000
0.0000
1.1297
0.0000
1.1348
0.0000
0.9079
0.0000
0.0000
0.0000
0.0000
0.0000
0.0000
0.4324
0.0000
0.0000
0.0000
0.0000
0.0000
0.0000
0.0000
0.0000
0.0000
0.0000
0.4701
0.0000
3.0298
0.0000
1.9569
0.0000
0.0000
0.0000
0.5559
0.0000
0.0000
1.8410
0.2034
1.5561
0.0000
0.0000
0.0000
1.9174
0.0000
0.0000
0.0000
0.0000
0.0000
0.0000
0.0000
0.0000
0.0000
0.0000
0.0000
0.0000
1.6415
0.7863
0.0000
0.7872
0.4101
0.0000
0.0000
0.0000
0.0000
0.0000
2.0121
0.0000
0.0000
0.0000
1.0200
0.0000
0.0000
0.0000
0.0000
0.0000
0.0000
0.0000
0.0000
0.0000
0.0000
0.0000
0.0000
0.0000
0.9211
1.6505
0.0000
0.0000
0.4794
0.0000
0.5308
0.0000
0.0000
0.4563
4.4439
0.0000
0.0000
0.0000
0.0000
0.0839
0.0000
1.9442
0.0000
0.0000
0.0000
2.8793
0.6153
0.0000
0.1942
0.0000
0.0000
3.7246
0.0000
0.0000
0.0000
0.6087
0.0000
0.0000
1.5125
0.0000
0.0892
1.3868
0.0000
0.0000
0.0000
0.0000
0.0000
0.0000
1.7565
0.0000
0.0000
0.0000
0.0000
0.0000
0.0000
0.0000
1.8681
0.0000
0.0000
0.0000
0.0000
0.0000
0.0000
0.0000
0.0000
0.0000
1.3482
0.0000
0.2426
0.8670
0.0000
0.0000
0.2521
0.0000
2.4895
0.0000
0.0000
0.0000
0.0000
0.0000
0.0000
0.0000
0.0000
0.7181
0.0000
0.3499
0.0000
0.0827
0.3330
0.0000
0.0000
1.3501
0.0000
0.0000
0.0000
0.0000
0.2392
1.0139
0.0000
0.0000
0.3354
0.0000
0.0000
0.0000
0.3737
0.0000
0.0000
0.0000
0.0000
0.0000
0.0000
0.8220
0.0000
0.0000
0.0000
0.0000
0.0000
0.2871
2.2714
0.0000
0.0000
0.0000
3.6077
5.7012
0.0000
0.0000
0.8985
0.0000
0.0000
0.0000
0.0000
0.0000
0.0000
0.0000
0.0000
0.0000
0.0000
0.0000
0.0000
0.0000
0.0000
0.0000
0.0000
0.0000
2.1725
0.2753
0.0000
0.3161
0.0000
0.0000
0.3139
0.0000
0.0000
1.0757
0.0000
0.5477
0.0991
0.3688
0.0000
0.0000
2.9440
0.0000
0.2956
0.0000
2.2840
0.0000
0.0000
1.0650
0.0000
0.0000
0.0000
0.4627
0.0000
0.7484
0.0000
0.0000
0.8229
0.0000
0.0000
0.0000
0.0000
1.6862
0.0000
0.0000
1.8556
0.0000
0.0000
0.0000
0.0000
0.1998
1.0452
1.0585
0.0000
0.6460
0.0345
0.0000
0.0000
0.0000
0.0000
0.4064
0.0000
0.0000
0.0000
0.0000
0.0000
0.0000
0.0000
4.0745
0.0000
0.0000
2.7381
0.0000
0.0000
0.0000
0.0000
1.4609
0.0000
0.0000
0.0000
1.2936
0.0000
0.0000
0.0000
0.1243
0.0000
0.0000
0.0000
0.0000
0.0000
0.2302
0.6320
0.0000
1.0518
0.0000
0.0000
0.0000
0.0000
0.0000
0.9880
2.6110
0.0000
1.3677
0.0000
0.0000
0.0000
0.0000
0.0000
0.0000
0.0000
1.1436
0.0000
0.0000
0.0000
0.0000
0.0000
0.0000
0.0000
0.0000
2.5833
0.0000
0.0000
0.0000
0.0000
2.8153
1.3725
1.5514
0.0000
0.0000
0.0000
0.0000
0.0000
0.0000
0.0781
0.0000
0.0000
0.1936
0.0000
0.0000
0.0000
0.0000
0.0000
0.8814
0.7994
0.0000
0.0000
0.0000
0.0000
0.0000
0.0000
0.0000
1.5617
0.0000
0.8626
0.0000
0.0000
0.0000
2.1092
0.0000
0.0000
0.0000
0.0000
2.6495
0.0000
0.0000
3.0133
0.1692
0.0000
0.6001
0.0000
0.0000
0.0000
0.0000
0.0000
0.0000
0.4634
0.0000
0.0000
0.0000
0.1272
1.3165
0.0000
0.0000
0.0000
0.0000
0.0000
0.4061
0.0000
0.0000
0.0000
0.2015
0.0000
1.0625
0.0000
0.0000
0.0000
0.0000
0.0000
0.0000
0.2656
0.0000
0.0000
0.0000
0.0000
2.7921
0.0000
0.0000
1.0978
0.0000
0.0000
0.0000
0.0000
1.2748
0.0000
0.0000
0.0000
0.0000
0.0000
0.0212
0.0000
0.0000
0.0000
0.3222
0.0000
0.0000
2.2839
0.0000
0.4038
0.0528
0.0000
0.0000
0.0000
0.7325
0.0000
0.2742
0.8690
1.0826
0.0000
4.0579
0.2985
0.0000
0.5249
0.0000
1.7364
0.0000
1.4298
0.0000
0.0000
0.0000
0.0000
0.0000
2.2780
0.0000
0.0000
0.7663
0.0000
0.0000
0.0000
0.4340
0.0000
0.0000
0.0000
1.3271
0.0000
0.0000
0.0000
3.9041
0.0000
0.4566
0.0000
0.0000
1.8393
0.0000
0.0000
0.0000
4.4887
1.0978
3.3331
0.0000
2.2108
2.9909
0.0000
0.0000
0.0000
0.0000
0.0000
0.0680
0.9525
0.0000
0.0000
3.0821
0.0000
0.0000
0.0000
0.0000
0.3912
0.0000
0.0390
0.6045
0.0000
0.0000
0.0000
0.9695
1.2060
0.5362
1.2392
0.0000
0.0000
1.1837
0.0000
1.5687
0.0000
0.0000
2.4162
0.1101
0.6870
0.4699
0.0000
0.1288
4.8339
0.0000
0.5836
0.0000
0.0000
0.3501
0.0000
0.0000
0.0000
0.0000
1.4051
0.0000
1.1834
0.0000
0.0000
0.0000
0.0000
1.3740
0.0000
0.0000
0.0000
0.0000
0.0000
0.0000
0.0000
0.0000
0.0000
1.5572
0.1271
0.0000
0.0000
1.8133
0.0000
0.0000
0.0000
0.3259
2.9091
0.0000
0.2087
0.0000
0.0000
0.6905
0.0000
0.0000
0.0000
0.1358
1.2610
0.0000
2.5039
0.0000
0.0000
4.6505
0.0000
0.0000
0.0000
0.0000
0.0000
0.0000
0.5924
0.0000
0.0000
0.0000
0.0000
0.2340
0.7777
0.0000
0.0000
1.1072
1.9366
0.0000
1.7708
1.7311
0.0000
0.0000
0.2170
0.0000
0.6401
0.0000
0.3668
0.0000
0.0937
0.0000
0.0000
0.0000
0.0000
0.0000
0.0000
0.0000
0.0000
1.3255
2.7328
1.1793
0.0000
0.1086
3.8479
0.0000
0.0000
0.0000
0.9829
0.0000
0.8973
0.0000
0.0000
0.0000
1.0751
0.0480
0.0000
0.3226
0.0000
0.0000
0.0000
0.0000
0.6221
2.5130
0.0000
0.0000
2.1709
1.4642
0.0000
0.0000
0.0000
0.0000
0.0000
1.9532
1.6211
0.0000
0.0000
0.0000
1.1540
1.2085
0.0000
2.1156
2.8031
0.0000
0.0000
0.0000
0.0000
3.8679
0.0000
0.0000
0.0000
0.0000
0.0000
0.0000
0.0000
0.0000
0.0000
0.0000
0.0000
0.0000
0.0000
1.7269
0.0000
0.0000
0.0000
0.0000
0.0000
0.2301
0.0000
0.0000
0.0000
0.0000
4.5763
1.3121
0.0000
0.0000
0.4774
0.0000
0.0000
0.0000
1.2183
0.0000
0.0000
0.0789
2.1809
0.6847
0.0000
0.0000
0.0000
0.0000
0.0000
0.0047
0.2401
0.0000
0.0000
7.4398
0.0000
1.0136
0.0000
0.0000
0.0000
0.0000
0.0000
0.0000
0.0000
0.0000
0.0000
0.0000
0.0000
0.0000
1.4010
0.0000
0.0000
0.0000
0.0000
0.0000
0.0000
0.4175
0.0000
0.0000
0.0000
0.0000
0.8709
0.0000
0.0000
2.9200
0.0000
0.0758
3.0784
0.0000
0.0000
0.0000
0.0000
0.0000
0.0000
0.0000
0.6183
0.0000
0.0000
0.0000
0.0000
0.0000
0.0000
0.0000
0.0000
3.4882
0.0000
0.6800
1.1567
0.0000
0.0000
0.0000
0.0000
0.0000
0.0000
0.0000
0.0000
0.0000
0.0981
0.8506
0.0000
0.0000
1.4394
0.8008
0.0000
0.0000
0.0000
0.0000
1.6343
0.0000
0.0000
0.0000
0.0000
0.0000
0.0000
0.0000
0.0000
0.0000
0.0000
0.0000
0.0000
0.0807
0.0000
0.0000
0.0000
0.0000
0.0000
0.6837
1.2002
0.5624
0.0000
2.3522
1.0310
0.0000
2.2987
1.0086
0.0000
3.1284
0.6133
0.0000
0.0000
0.0000
0.0000
0.5994
0.0000
0.0000
0.0000
0.0000
0.0000
0.0000
0.0000
0.0000
0.7875
0.2021
0.9603
0.0000
2.8499
0.0000
0.0000
0.8493
0.0000
2.0658
0.0000
0.0000
0.0000
0.0000
2.1613
0.0000
0.0000
0.0000
0.0000
0.0000
1.6802
0.0000
0.0000
3.0730
0.0000
0.0000
2.4215
0.0000
1.0770
0.0000
0.0000
0.0000
0.0000
3.7850
0.0000
0.0000
0.0000
0.0000
0.4935
0.0000
0.3730
0.3942
1.1857
0.0000
0.0000
0.0000
0.5240
0.0000
0.0000
0.3392
0.0000
0.0000
0.0000
0.0000
0.0000
2.4916
0.0000
0.0000
0.0000
0.0000
0.0000
3.0670
0.4862
0.0000
0.0000
0.0000
0.0000
0.7441
0.0000
0.0000
0.0000
2.7807
0.0000
0.0000
1.2537
0.0000
0.3771
2.4635
0.2926
0.0000
0.0000
0.0000
0.9168
0.0000
0.0000
0.2881
0.0000
1.6267
0.0000
0.3423
0.0000
0.0000
0.0000
0.0000
0.0000
0.0000
0.0000
0.4028
0.0644
0.0000
0.0000
0.0000
1.0056
0.6842
0.0000
0.7630
0.0000
0.0000
0.0000
0.3132
0.0000
0.0000
0.0000
1.0025
0.0000
0.0000
0.6014
0.0000
1.2270
0.0000
3.2015
0.0000
0.0000
0.0000
1.6938
0.0000
0.0000
0.0000
0.0000
0.0000
0.0000
0.0000
0.6020
0.2728
0.0000
0.0000
0.0000
0.0000
0.0000
1.2698
0.0000
0.0000
0.0000
1.0808
0.0000
0.0000
0.0000
1.8680
0.0000
0.0000
0.0000
1.8933
0.0000
0.0000
0.0000
2.4596
0.0000
0.0000
0.0000
0.0000
0.0000
0.0000
0.0000
0.0000
0.0000
0.0000
0.0000
0.0000
0.0000
0.0000
0.0000
0.0000
0.0000
0.7430
0.0000
0.0700
0.0000
0.3865
0.0000
0.3820
0.9660
0.0542
0.0000
0.0000
0.0000
0.0000
0.0000
0.0000
0.3641
0.4492
0.0000
1.9127
0.0000
0.0000
0.0000
0.0000
0.0000
0.0000
0.0000
0.0000
0.2738
0.0000
0.0000
0.0000
0.0000
0.0000
1.8787
1.8584
0.0000
0.0553
0.3049
0.0000
0.0000
2.3399
0.0000
0.0000
0.0000
0.0000
0.0000
0.0000
1.4703
0.0000
2.5287
0.0000
0.0000
1.1168
0.0000
0.0000
0.0000
0.0000
0.0000
1.7250
0.0000
0.0000
0.0000
0.0000
0.0000
0.0000
0.0000
1.2399
0.0000
0.0000
1.0609
1.8948
0.0000
1.7273
0.0000
0.0000
0.0000
0.0000
0.3515
1.4853
0.0000
0.0000
0.0000
0.1317
0.0000
0.0000
0.0000
0.0000
0.0000
0.0000
0.0000
1.7649
0.1534
0.0000
0.0000
0.0000
1.0200
1.0017
0.0000
0.0000
0.0000
0.0000
0.0000
0.0000
0.0000
0.0000
0.0000
0.7123
0.0000
0.0000
0.0000
0.6234
0.0000
0.2250
0.0000
0.0000
0.0000
0.0000
0.7421
0.0000
0.0000
0.0000
0.0000
0.0000
0.0000
0.0000
0.7921
0.0000
0.0000
0.0000
0.0000
0.4302
0.0000
0.0000
0.0000
0.0000
0.0000
0.0000
0.0000
0.9766
0.0000
0.0000
0.0000
0.0807
1.3519
0.0000
3.1515
0.0000
0.0000
0.0000
0.0000
0.0000
0.7699
0.0000
0.6957
0.0000
0.0000
0.0000
0.0000
0.0000
0.0000
0.0000
0.1591
0.0000
3.3343
0.0000
0.0000
0.3495
0.2055
0.0000
0.7864
0.0000
0.0000
0.0000
0.0000
0.7401
0.0000
0.0000
0.0000
1.7285
0.0990
4.1395
0.0000
0.0000
0.5104
0.0000
0.0000
0.0000
0.0000
2.6521
0.0000
3.0303
0.0000
0.0000
1.3417
0.6955
0.0000
2.6340
0.0000
3.0005
1.7089
0.0000
0.0000
0.6327
0.0760
1.5260
0.0000
0.0000
0.0000
1.0309
0.0000
0.0000
1.1095
0.0000
0.0000
1.0279
0.0000
0.0000
0.0000
0.0000
3.6500
0.0000
0.8662
0.0000
0.0000
0.0000
0.0000
0.0000
2.7487
0.0000
0.0000
0.0000
0.0000
0.0000
0.1097
1.5814
0.4028
0.7046
0.0000
0.0000
0.0000
0.0000
0.7228
4.4606
0.0000
0.0000
0.0000
0.7727
3.1626
0.0000
0.0000
0.0000
0.0000
0.0000
0.0000
0.3809
0.0000
0.0000
3.1113
0.0000
0.0000
0.0000
0.0000
0.0000
0.0000
1.0634
0.0000
0.0000
0.0000
0.9770
1.9285
0.0000
0.2943
0.0000
0.0000
0.0000
0.0000
4.2785
0.0000
2.0147
0.0000
0.0000
3.6974
0.0000
0.0000
0.0000
0.0000
0.0000
0.4340
4.2742
0.0000
0.0000
0.0000
0.0000
0.0000
0.0000
0.0000
1.0955
0.0000
0.0000
0.0000
0.0000
0.7597
0.0000
0.0000
2.7907
4.0297
0.0000
0.0000
0.0000
0.0316
0.6002
0.0000
0.0000
0.0000
0.0000
1.6015
0.3039
0.0000
0.7037
0.0000
0.0000
0.0000
0.0000
0.0000
0.0000
3.3035
1.3076
0.0000
0.0000
0.0000
0.0000
0.0000
0.0000
0.0000
4.3178
0.0000
2.1974
0.0000
0.0000
0.0000
0.0000
1.3509
0.0000
0.0000
0.0763
0.0319
0.0000
0.0000
0.0000
0.0000
2.1487
0.0000
2.5296
1.8982
0.3373
0.0000
0.0000
0.0000
0.0000
0.0000
0.0000
1.8651
0.0000
0.0000
1.6230
0.0000
0.4705
0.0000
0.0000
1.1705
0.0000
0.0000
0.5792
3.0728
0.4715
2.5713
0.0000
0.0000
2.0423
0.0000
0.0000
0.0000
0.0000
0.0000
0.0000
0.0631
0.0000
0.0000
0.0000
0.0000
0.0000
0.0000
0.0000
0.0000
0.0000
0.0000
0.8348
0.3400
0.0000
0.0000
0.0000
3.3446
0.0000
0.0000
0.0000
0.0000
1.2649
1.8248
0.0000
0.0000
0.0000
0.0000
0.0000
0.0000
0.5481
0.0000
3.0513
0.0000
0.5723
0.0000
0.0000
0.0000
0.0000
0.7399
0.0000
0.0000
0.0000
0.4234
0.0000
1.0252
0.0000
0.0000
0.0000
0.0000
1.3812
0.0000
0.0000
0.0000
0.0000
0.0000
0.0000
0.5187
0.2205
3.8523
0.0000
0.0000
3.1765
1.4827
1.1729
0.0000
0.0000
0.0451
0.1400
0.0000
0.0000
0.0000
0.0000
0.0000
0.0000
3.0459
0.0000
0.0000
2.0348
0.5879
2.3060
0.0000
0.0000
0.0000
0.0000
0.0000
2.6173
0.0000
0.0000
0.0000
0.0000
0.0000
0.8404
2.6535
0.0000
0.0000
0.1640
0.4943
0.6375
0.0000
2.0910
0.1132
0.0000
0.0000
1.1397
1.7600
0.0000
0.0000
0.0000
0.0000
0.0000
2.7199
0.2028
0.0000
0.4192
0.0000
0.0000
0.0000
0.0000
0.0000
2.2080
0.0000
0.0000
0.0000
0.0000
1.5295
0.0000
1.1917
0.0000
0.0000
0.0000
0.0000
0.0000
1.5540
0.0000
0.0000
0.0000
0.9583
0.0000
3.8232
0.0000
0.0000
0.0000
0.0000
0.0000
0.7899
0.1409
0.0000
0.0000
0.0000
0.0000
0.0000
1.6958
0.0000
1.2592
0.0000
0.0000
0.0000
0.0000
0.0000
0.0000
0.2489
0.0000
0.0000
0.0000
0.0000
0.0000
0.0000
0.0000
0.4530
0.0000
1.4708
0.0000
0.0000
0.2579
0.1048
0.0000
3.3418
0.0000
0.0000
0.9548
0.0000
0.0000
0.0000
2.1448
0.0000
0.0000
0.0000
0.0000
0.0000
0.0000
1.2791
0.0000
0.0000
0.0000
0.0000
0.0000
0.0000
0.0000
0.0000
0.0000
0.0000
0.0000
0.0000
0.0000
0.0000
0.0000
0.0000
0.0000
0.0000
0.0000
0.0000
3.1479
0.9180
0.0000
3.3144
0.0000
0.0000
0.0000
0.0000
1.8513
0.0000
0.0000
1.3130
0.0000
0.0000
1.8253
0.7360
1.4546
0.0000
0.3952
0.0000
0.9967
0.1174
0.0000
0.0000
0.0000
0.0000
0.0000
0.0000
1.2821
0.0000
0.0000
0.0000
0.0000
0.0000
0.0000
0.0000
0.0000
0.0000
0.8477
0.0000
0.0000
0.0000
0.0000
0.0000
1.3542
0.0000
0.0000
0.0000
0.0000
0.0000
0.0000
0.0000
0.8298
0.0000
0.0000
0.0000
0.0000
0.0000
0.0000
0.0000
0.3390
0.0000
0.0000
0.0000
0.0000
0.0000
0.0000
0.0000
0.1972
0.0000
0.8719
0.0000
0.0000
0.0000
1.3933
0.0000
0.0000
0.0000
0.0000
0.2398
2.3669
1.2450
0.0000
0.0000
0.0080
3.8542
0.6539
0.0000
0.7848
4.1602
2.4509
0.0000
0.0000
0.0000
0.0000
0.0000
0.6082
0.0000
1.4345
0.0000
0.0000
1.7941
2.5880
0.0000
0.5742
0.0000
0.0000
0.0000
0.0000
2.4200
0.0000
0.0000
0.0000
0.0000
1.0255
0.0000
0.0000
0.2095
0.0000
0.3468
0.0000
0.0000
0.5415
0.0000
0.0000
0.0000
0.0000
0.0000
3.2795
0.0000
1.6857
0.0000
0.0000
2.9363
0.0000
0.0993
0.0000
1.5799
0.8612
0.0000
1.1251
0.0000
0.2726
0.0000
0.0000
0.0000
0.0000
0.0000
0.0000
0.0000
0.0000
0.0000
0.0000
0.0000
0.0000
0.0000
0.0000
0.4767
2.1113
0.2828
0.8303
0.1061
0.0000
0.0000
0.2663
0.5140
0.0000
0.6944
3.0176
0.0000
0.0000
0.0000
0.0000
5.7310
0.0000
1.4498
0.0000
0.2545
0.0000
0.0000
0.0000
0.0000
0.0000
0.0000
0.0000
0.0000
1.7628
1.8189
2.2332
0.0000
0.0000
1.7677
0.0000
0.0000
0.0000
0.0000
0.0000
0.7809
0.0000
0.0000
1.1331
0.0000
0.0000
0.0000
1.7917
0.1931
0.0000
0.0000
0.0000
0.0000
1.2771
0.4705
1.2369
1.4460
0.0000
0.0000
0.0000
1.0561
2.6669
0.0000
0.0000
1.4258
0.0000
0.0000
0.7394
0.0000
0.0000
0.0000
0.0000
1.0927
0.0000
0.1023
0.0000
0.0000
0.0000
0.0000
0.0000
0.7732
0.9803
0.0000
0.0000
0.0000
4.1515
0.0000
0.9746
0.0000
0.0000
0.8863
0.4084
0.4728
0.0000
0.0000
0.3498
0.0000
2.4618
1.1680
0.0000
0.3640
0.0349
0.7616
0.0000
0.4175
0.2325
0.3095
0.0000
1.2732
0.0038
0.5612
1.0446
0.0000
0.6315
0.0000
0.0000
0.0000
0.0000
0.0000
0.7234
0.0000
0.0000
0.0000
0.0000
0.0000
4.0318
0.0000
0.8313
0.0000
1.2516
0.0000
0.0000
0.0000
0.0000
1.4159
0.0000
1.4746
0.4923
0.0000
1.9251
2.2535
1.1367
0.0000
0.1085
0.5589
0.0000
0.0000
0.0000
0.0000
0.0000
0.0000
0.0000
0.0000
0.0000
0.0000
0.0000
0.0000
0.0000
0.0000
0.0000
0.0000
0.0000
0.0000
0.4551
0.0000
0.0000
2.0065
0.8534
0.0000
1.4286
0.0000
1.3980
0.0000
0.0000
0.0000
0.0000
0.0000
0.0000
0.0000
0.1337
0.0000
5.6574
0.9651
0.0000
1.0869
1.3590
0.5971
0.0000
0.0000
2.3031
0.5364
0.0000
0.0000
0.0000
0.0000
0.0000
0.0000
1.1918
0.5719
0.2863
0.0000
0.0000
0.0000
0.0000
0.0000
1.4799
0.0000
0.4761
0.0000
0.0000
0.0409
0.0000
