0.3808
0.0000
0.0000
0.0000
0.0000
0.0000
0.0000
0.0000
0.0000
2.3603
0.2674
0.0000
0.4587
0.0000
0.0000
0.0000
0.0000
0.0000
0.0000
0.0000
0.4222
0.4990
1.9703
0.0000
2.2317
1.1995
0.0000
0.0000
0.0000
0.0000
0.0000
0.0000
1.9321
0.0000
2.1723
0.0000
0.0000
0.0000
1.9066
0.2248
0.0000
0.0000
0.0000
0.0000
0.0000
0.0056
0.0000
0.0000
0.0000
0.5294
0.0000
0.0000
0.0000
0.2522
0.0000
0.0000
0.0142
0.5375
0.0000
0.0000
0.0000
2.8905
0.0000
1.0104
0.0000
0.0000
0.0000
0.0000
0.0000
0.0000
1.4568
2.2364
0.1181
0.0000
0.0000
2.4768
0.0000
0.0000
0.0000
0.0000
0.6384
0.0000
0.0000
0.0000
0.0000
0.9168
0.4367
2.8160
0.2712
0.0000
0.1795
0.0000
0.5572
1.7177
0.0000
0.0000
0.0000
0.0000
4.1701
0.0000
0.0000
0.0000
0.0000
0.0000
0.3079
0.0000
0.0000
0.0000
2.1888
3.2694
0.0000
0.0000
0.1023
0.7223
0.0000
0.0000
0.2479
0.0000
0.0000
0.0000
1.3698
0.1270
1.5690
0.0000
0.0000
0.0000
0.1166
0.7546
0.0000
0.0000
0.0000
0.0000
0.0000
0.0000
2.4528
0.0000
1.3813
1.5422
0.0000
1.9847
4.2310
0.0000
1.1748
1.9393
0.5901
0.0000
0.0000
0.7990
0.0000
0.0000
0.0000
2.0326
0.7760
0.0000
0.0000
0.3948
0.0000
0.0000
0.0000
0.0000
1.8742
0.0000
1.5361
0.0000
0.0000
0.3144
0.0000
0.0724
0.0000
0.8991
0.0000
0.0000
0.0000
0.0000
0.0000
0.0000
0.0000
0.2485
0.0000
3.2681
1.0021
2.9912
0.2872
0.0000
0.0000
0.0000
1.0936
0.0000
0.7811
2.0800
0.0000
0.0000
0.0000
0.4248
0.3262
0.0000
0.0000
0.0000
2.0955
2.2435
0.0000
0.8230
0.4979
0.0000
0.0000
0.0000
0.0000
0.0000
0.0000
0.0000
0.0000
0.0000
0.7209
0.0000
0.0075
0.0000
0.0000
0.0000
0.0000
0.0000
0.0000
0.0000
0.0000
0.0000
0.8404
0.0000
0.0000
0.0000
0.0000
0.0000
0.0000
0.0000
0.0000
0.0000
1.9541
0.0000
1.6612
0.0000
0.6605
0.0000
0.0000
0.0000
0.0000
0.0000
0.0000
0.0000
0.0000
0.0000
0.0000
0.0000
0.0000
0.0000
0.1960
0.0272
0.0000
0.1906
0.0000
0.0000
0.8721
0.0000
0.0000
0.2176
0.0000
0.6821
0.0000
0.0000
0.5904
0.0000
0.0000
0.0000
2.2579
0.1822
0.0000
0.9173
0.2252
0.0000
0.0000
0.0000
0.1577
0.0000
1.5865
0.0000
0.0000
0.0000
0.4130
0.8172
0.0000
0.0000
0.0000
0.0000
0.0000
0.0000
0.0000
0.0000
3.5531
0.0000
0.0000
0.2119
0.0000
2.1461
0.0000
0.0000
0.0000
0.0000
0.0000
0.0000
1.4145
0.0000
0.0000
0.0000
0.0000
0.0000
0.0000
1.5562
0.9641
0.0000
0.0000
0.0000
0.1047
1.1229
0.5732
0.8531
0.0000
1.0107
0.0000
2.4242
0.0000
1.5069
0.0000
2.1183
0.0000
0.0000
0.0000
0.8526
0.0000
1.7111
1.9020
0.0000
0.0000
1.6658
0.0000
0.0000
0.0000
0.0000
0.0000
3.7664
0.0000
0.0000
0.0000
0.0000
0.0000
1.9039
0.2567
0.0000
0.9161
0.2886
0.0000
0.0000
0.6835
0.0000
0.0000
0.0000
0.0000
0.0000
0.0000
1.2278
0.0000
0.0000
0.0000
0.0000
0.0000
1.3321
0.0000
0.0000
0.2840
0.0000
0.0000
1.0845
0.0000
0.0000
3.2241
0.0000
0.8610
0.0000
0.0000
0.0000
0.1104
0.0000
0.0000
0.0000
1.2614
0.0000
0.0000
0.0000
0.1258
1.1903
0.0000
0.0000
0.0000
1.7612
0.0000
1.4222
0.0000
0.0000
0.0000
1.0516
0.0000
0.0000
1.1391
0.0000
0.0000
0.0000
0.0000
1.0271
1.2983
1.4254
0.0000
0.0000
0.6285
0.0000
0.0000
0.0000
1.6893
0.0000
0.0000
0.0453
0.0000
0.2714
0.0000
0.0000
0.0000
0.0000
0.0000
0.0000
0.0000
0.0000
0.8733
0.0000
1.9279
0.0000
2.1590
0.0000
0.3201
0.0000
2.5917
0.8789
0.0000
0.0000
2.2050
1.8813
1.0703
0.0000
0.0000
1.2444
0.0000
0.0000
0.0000
0.2492
0.0000
0.0000
0.0000
0.0000
0.9728
0.0000
0.5956
0.0000
0.0000
0.0000
0.0000
0.0000
0.0000
1.7664
0.0000
0.0000
0.0000
1.4231
1.6977
0.0000
0.0000
0.0000
0.3347
0.0000
0.0000
2.3697
1.2544
0.6861
0.0000
0.7434
0.0000
1.9196
0.0000
0.0000
0.0000
0.0000
1.4043
0.6078
0.0000
0.0000
0.0000
0.0000
0.0000
0.0000
1.5671
0.0000
0.0000
0.9416
0.7238
0.0000
0.0000
1.1995
0.5453
1.8905
0.0000
1.6870
0.2110
0.0000
0.0000
0.0000
3.2072
0.0000
1.0739
1.8551
0.0000
1.2737
0.8121
0.0000
0.7608
0.7270
0.0000
0.0000
0.0447
0.0000
0.3214
0.0000
0.0247
1.0800
0.0000
0.0000
0.1496
0.0000
0.0000
0.0000
0.0000
0.0000
0.0000
0.0000
0.0000
0.0000
0.0000
0.0000
0.0000
0.5123
0.0000
0.0000
0.0000
0.0000
0.0000
0.0000
0.0000
0.2650
0.6282
2.0822
0.0000
0.0000
0.6739
1.3860
0.0000
0.0000
0.0000
0.0000
0.0000
0.0000
0.0000
0.0000
0.0000
0.0000
0.0637
0.5211
0.0000
0.3071
0.0449
0.0000
0.0000
0.0000
0.0000
0.0000
0.0000
1.3445
1.6040
0.0000
0.0000
0.9222
0.0000
0.0000
0.0000
0.0000
0.0000
0.0000
2.5355
0.2473
0.0000
2.0343
0.0000
0.0000
0.0000
1.0289
0.5038
0.0000
0.2411
0.0000
1.0104
0.0000
0.0000
2.9411
0.0000
1.6470
1.2165
0.3487
0.2345
0.0000
1.3126
0.0000
0.0000
0.0000
0.0000
1.3956
0.0000
0.0000
0.0000
0.0000
0.0000
0.0000
0.0000
0.0000
1.2806
2.3042
0.0000
1.6596
0.0000
0.0000
0.0000
0.2519
0.0000
0.0000
0.9953
0.0000
0.0000
0.1942
0.1108
0.0000
0.0000
1.2265
2.2378
0.4732
0.0000
0.0000
0.0000
0.0000
0.0000
0.2593
0.0000
2.2120
0.3578
0.0000
0.0000
0.0000
0.3757
0.0000
0.0000
0.0000
0.0000
0.0000
0.0000
0.0000
0.0000
0.0000
0.2306
0.0000
0.0000
0.0000
0.0000
0.0386
0.0000
0.0000
0.0000
1.2858
0.0000
1.0595
0.0000
1.7889
0.0000
0.0000
1.3394
0.0000
0.0000
0.0000
0.0000
0.0000
0.1748
0.0000
1.8645
0.0000
0.8567
1.3255
0.0000
0.0000
0.0000
0.0000
1.3013
1.6532
0.0000
3.0299
1.4738
0.5612
0.0000
0.0000
0.0000
0.2331
0.0000
0.0000
0.0000
0.0000
1.9722
0.9874
0.0000
0.0000
0.0000
0.0000
1.0373
0.3759
0.0000
0.0000
0.0000
1.4606
0.0000
0.0000
0.0000
1.0081
0.0000
1.4946
0.0000
0.0000
0.0000
0.7306
0.0000
0.0000
0.0959
0.0000
2.5639
0.0000
0.0000
0.0000
0.0000
0.0000
0.0000
0.0000
0.1308
0.0000
1.0196
0.3777
0.8435
0.0000
0.3981
0.0000
0.0000
0.3747
0.0000
0.0000
0.0000
0.0000
1.1313
0.0000
0.0000
0.0000
0.2374
0.0000
0.0000
0.0000
1.1834
0.6979
0.6085
0.0000
0.0000
0.5080
0.0000
0.0000
0.0000
0.4146
0.0000
0.0000
0.0000
0.0000
1.0129
0.0000
0.0000
0.0000
0.0000
0.0000
0.0543
0.0000
0.0000
0.0000
3.6235
0.0000
0.0000
0.0000
0.0000
0.0000
0.0000
0.2922
0.6273
0.1248
0.0000
0.0000
0.0000
0.0000
1.3704
0.0000
0.0000
0.0000
1.9662
0.0000
0.4875
0.0000
0.0000
0.0000
0.0000
0.0000
0.2195
0.0000
1.0802
0.0000
0.0000
0.0000
0.0000
0.0000
0.4313
0.4337
0.0000
0.0000
0.0000
0.0000
0.0000
0.0000
0.0000
0.0000
0.0000
0.0000
0.0000
0.0000
0.0000
0.0000
0.0000
0.0000
0.0000
0.3958
0.0000
0.0000
0.0000
0.0000
0.2619
0.0000
0.0000
2.1163
0.0000
0.0000
0.2750
0.0000
0.0000
0.0000
0.0000
0.0000
1.6202
0.0000
0.0000
0.0000
0.0000
2.1910
0.7584
0.0000
0.0000
0.0000
0.0000
0.0000
0.0000
0.0000
0.0000
0.0000
0.0000
0.0000
0.0000
0.0000
1.8569
0.0000
0.0000
0.0000
0.0000
1.3684
0.0956
0.0000
0.0000
0.0000
0.0000
0.0000
0.0000
0.0000
0.0000
0.0000
0.0000
0.7732
0.0000
0.0000
3.6232
0.0000
0.0000
0.0000
0.0000
1.0049
0.0000
0.0000
0.0000
0.0000
0.3818
0.0000
0.0000
0.5934
2.0884
0.0000
0.0000
0.0000
0.0000
0.0000
0.0000
0.3413
0.0000
0.0000
0.0000
0.0063
0.0000
0.0000
0.0000
0.3480
0.0000
0.0000
1.4874
1.6486
0.0000
0.0000
0.0000
4.2841
0.0000
0.7927
0.0000
0.0000
0.0000
0.0000
1.4532
0.0000
0.0000
0.3042
0.0000
0.7014
0.0000
0.1810
0.7774
0.0000
0.0000
1.0418
1.7571
0.0000
0.8138
0.0877
0.0000
0.0000
0.0000
0.0000
0.4064
0.0000
0.7677
0.0000
0.1331
0.0000
0.0000
0.8443
1.6690
2.0169
1.7844
0.0000
0.0000
0.0000
1.1054
0.0000
0.0000
0.0000
0.0000
0.0000
0.0000
0.0000
0.0000
3.1935
0.6230
0.0000
0.0000
2.2863
0.0000
0.8463
0.0000
0.0000
0.0000
3.8354
0.0000
2.4806
0.0000
2.3657
0.0000
0.0000
0.1615
3.0006
0.2449
2.2343
0.0000
2.0206
0.0000
0.0000
0.0000
0.0000
1.5515
0.0000
0.0000
0.8658
0.0000
0.0000
1.7027
0.3097
0.9061
0.0000
0.7724
0.0000
1.2715
0.0000
0.0000
1.0094
0.0000
0.0000
0.0000
0.0000
0.7741
0.0000
0.0000
0.0000
0.1910
0.0000
0.0000
0.0000
0.0000
0.0000
0.0000
0.0000
0.0000
0.0000
1.9069
0.0000
0.6248
0.0000
0.3042
1.0764
0.0000
0.0000
0.0000
0.0000
0.3955
0.0000
0.0000
0.0000
0.0000
0.0000
0.0000
0.0000
0.0000
0.0712
0.0000
0.0000
0.0000
0.0000
0.0000
0.6729
0.0000
0.0000
0.0000
0.0000
0.0000
0.2478
0.0000
0.0000
1.4326
0.0000
0.0000
1.3620
0.0000
0.8644
0.0000
1.1567
0.0000
0.8568
1.8496
0.0000
0.0000
0.0000
0.0000
1.9423
0.0000
0.0000
1.0720
0.0000
0.0000
0.0000
1.4634
0.0000
0.0000
0.0000
0.0000
0.6263
0.0000
0.0000
1.7307
0.0000
0.3075
0.0000
0.0000
0.0000
0.0000
0.1057
0.0000
0.0000
0.0000
0.0000
0.0000
0.0000
0.0000
0.0000
0.4501
0.0000
0.0000
0.0000
0.4536
2.0952
3.9822
0.0000
0.0000
0.0000
1.1263
0.4278
0.0000
0.0000
0.0000
0.0000
0.8989
0.0000
0.0000
1.0179
0.0000
0.0000
0.0000
0.0000
0.0000
0.0000
2.4394
0.0000
0.0000
0.0167
3.0165
0.0000
0.0000
0.1619
3.8027
0.9778
0.0000
0.0000
0.0000
0.0000
0.0000
0.2326
0.0000
0.0000
0.0000
0.8273
0.0000
0.0000
1.1608
0.0000
1.1968
0.0000
0.0000
0.0000
1.9753
0.0000
0.0000
0.0000
0.0000
0.0000
1.4711
3.4150
0.0000
0.0000
0.0000
0.0000
0.8906
0.0000
0.0000
0.0000
2.8029
0.0000
1.0255
0.0000
0.3188
0.0000
0.0000
0.0000
0.0000
0.0000
0.5159
0.0000
1.0880
3.6998
0.0000
0.0000
0.0000
0.0000
0.0000
0.0000
0.0000
0.0000
0.0000
0.0000
0.0000
0.0000
0.0000
0.0000
0.0000
0.0000
0.0000
0.0000
0.0000
0.5555
2.0679
1.0258
0.0000
0.0000
1.7352
0.0000
0.0000
0.0000
2.1793
0.0000
0.0000
0.0000
0.0000
2.0783
0.0000
0.0000
0.0000
0.0000
0.0000
0.0000
0.4186
0.0000
0.0000
0.0000
0.0000
0.0000
0.0000
2.0445
1.4784
0.0000
0.0000
0.0000
0.0000
0.0000
1.1029
1.8708
0.0000
0.2543
0.9775
0.0000
0.0000
0.0000
2.2626
0.0000
0.0000
0.5536
0.0000
1.5332
0.0506
0.0000
0.0000
0.4092
2.4884
0.0000
0.0000
0.0000
0.3061
0.1922
1.5916
0.0000
0.0000
0.7636
0.0000
0.0000
0.0000
0.0000
0.0000
0.0000
0.0000
0.0000
0.0000
0.0000
0.0000
0.0000
0.0000
0.0000
0.0000
1.1712
0.0000
0.0000
1.6119
1.6610
0.0000
0.0000
0.0000
0.0000
0.0000
0.0000
0.0000
1.4094
0.5953
1.9050
0.0000
0.0933
0.0000
0.2450
0.0000
0.0000
0.0000
0.0000
0.0000
0.0000
0.0000
0.0000
0.0000
0.0000
0.0000
0.0000
0.0000
0.3166
0.0000
0.5064
0.0000
0.8744
0.0000
0.8832
0.0000
0.0000
0.0000
1.3026
0.0000
0.0000
0.0000
0.0000
2.6486
2.4947
0.0000
0.8371
0.0000
0.4219
0.0000
0.0000
0.0000
0.0000
0.8572
0.0000
0.0000
0.0000
0.7046
1.5010
0.5921
0.0000
0.0000
1.0809
0.0000
0.5734
0.0000
0.0000
1.9367
0.0000
0.0000
1.1882
0.5470
1.1757
1.3992
3.6134
0.7747
0.9486
0.0000
0.0000
0.2653
0.0000
0.9888
0.1080
0.0000
0.0000
0.4269
0.0000
0.0000
0.0000
0.0000
0.0000
0.0000
0.9662
1.0807
0.2750
0.0000
1.0843
0.0000
0.0000
1.2683
0.8181
0.0000
3.9468
0.0000
0.0000
0.0096
0.7755
0.0000
0.0000
0.0000
0.5307
0.0000
0.0000
0.1961
0.0000
0.0000
0.2120
0.0000
0.0000
0.7926
0.4023
0.0000
1.4092
0.0000
2.6566
0.0000
0.0000
0.0000
0.0000
0.0000
0.0000
0.0000
0.1024
0.5978
0.0000
0.6560
0.0000
0.0000
2.7490
0.0000
0.0000
0.0000
0.0000
0.0000
0.0000
0.0000
0.0000
0.0000
0.0000
0.0635
0.0000
1.3302
0.0000
2.2298
0.0000
0.0000
0.0000
0.2647
0.0000
0.0000
1.2867
3.8122
1.9055
0.0000
1.0213
0.0000
0.1105
0.0000
0.6084
0.8268
0.0019
0.2325
0.0000
0.0000
0.0000
0.0000
0.0000
0.0000
0.7769
0.0000
1.2949
0.0000
0.0000
0.0000
1.0021
0.0000
0.0000
2.7405
1.8285
0.8117
0.0000
0.0000
0.0000
0.0000
1.2556
2.1050
0.3925
0.0090
0.0000
0.0000
0.5954
0.0000
0.0000
0.0000
1.3827
0.0000
0.4052
0.0000
0.0000
0.0000
0.0000
0.0000
1.4537
0.6096
0.4994
0.0000
0.0000
0.0000
0.0000
0.0000
0.0000
0.0000
0.3709
0.0000
0.0000
0.0000
2.0433
0.0000
0.0000
0.0000
0.0000
1.0840
0.0000
0.0000
0.0000
0.0000
1.4885
0.0000
0.2873
0.0000
0.0000
0.1224
1.3489
1.8961
1.1479
0.0000
0.0000
0.0000
0.0000
0.0000
1.6054
0.0000
0.0000
0.0000
0.0000
0.0000
0.0000
0.0000
0.0000
0.3117
0.0000
0.0000
0.0000
0.0000
0.0000
1.2993
0.2687
1.6593
0.0000
2.1361
0.0000
0.0000
0.6521
0.0000
3.1628
0.7977
0.0000
0.7704
1.1600
0.1281
1.4696
0.0000
0.0000
0.0000
0.0000
0.0000
0.0000
0.0000
0.0000
0.0000
1.2480
0.0000
0.0000
0.5116
0.6077
0.8097
0.0000
2.7992
0.8779
0.0000
0.0000
0.0000
0.0803
0.0000
0.0932
0.0000
1.7648
0.4950
0.0000
0.2792
0.0000
0.0000
0.0000
0.0000
0.5524
0.0000
0.0000
0.0494
0.0000
0.0000
0.0000
1.1308
0.0000
0.3065
0.0000
0.7510
0.0000
0.0000
0.0000
0.3956
0.0000
0.0000
0.7223
1.6024
1.1948
2.9132
0.0000
0.0000
0.0000
1.5915
1.9504
2.3667
0.0000
0.0000
0.0000
0.4506
0.0000
0.0000
0.0000
1.0299
0.0000
0.5897
0.7330
0.0000
0.0000
0.0000
0.0000
0.0000
0.0000
0.1367
0.0000
0.0000
0.0000
1.5263
0.0000
0.0000
0.0000
0.0000
0.0000
0.0000
0.0000
0.0000
0.0000
0.4930
0.0000
0.0000
1.0924
0.0000
1.6052
0.0650
0.5248
0.0000
0.2827
0.0000
2.7664
0.0000
0.0000
0.0000
0.6530
0.4149
0.5503
2.0623
2.4812
0.0000
1.0529
0.6334
2.0577
0.0000
0.5054
0.0000
0.0000
0.8508
0.0000
0.0000
0.0000
0.0000
0.0000
0.0000
0.0000
0.5572
1.8265
0.0000
2.2010
0.6408
0.6590
0.0000
0.0000
0.0000
0.0000
0.0000
2.7483
0.5196
2.4206
3.3821
0.0000
0.0000
0.7077
0.8327
0.0000
0.2971
2.4136
1.9715
0.0000
0.4284
0.0000
1.3706
0.0000
0.0000
0.8488
0.4757
0.8520
0.9378
0.0000
0.0000
0.0000
0.0000
0.0000
0.6478
0.0000
2.5742
0.0000
0.0000
1.1603
0.2885
2.6134
0.0000
0.0000
0.0000
1.3141
0.0000
0.0382
0.0888
0.0000
0.0000
0.1262
1.4198
0.0000
2.4926
0.0000
1.0796
0.0000
0.0000
0.0000
0.0000
0.0000
0.0000
1.5653
0.0000
0.0000
1.3239
0.0000
0.0000
3.0197
0.0000
0.0000
0.8000
0.0000
0.5379
0.0000
0.0000
0.7030
0.3035
0.0000
0.0000
0.4588
0.0000
2.3045
0.0000
0.0000
0.0000
0.0000
2.5491
0.0000
4.2800
1.1157
0.6491
0.0000
0.0000
0.0000
0.0000
0.0000
0.0000
0.0000
0.0000
1.3778
0.0000
0.2821
0.0000
0.0000
0.7915
0.0000
0.0000
0.0000
0.0000
0.0000
0.6820
0.1143
0.8205
1.0651
0.0000
0.8792
0.0000
0.0000
0.0000
0.4730
2.5911
0.1574
0.0000
0.0000
0.0000
0.9669
0.0000
0.5895
0.0000
0.0000
0.0000
0.1610
0.0000
0.0000
0.0000
0.0000
1.6154
0.0000
2.6103
0.0000
0.0000
0.0000
1.2756
0.0000
0.0000
0.0000
0.0000
0.0000
0.0000
0.0000
0.0000
1.0730
0.7653
1.5290
0.0000
0.0000
0.0000
2.6759
0.0000
0.0000
0.0000
0.0000
0.4300
0.0000
1.6848
2.2704
0.0000
0.0000
0.0000
0.6178
0.0000
0.0000
0.0000
0.2356
0.0000
1.0123
0.0000
0.0000
0.0000
0.7120
2.1933
0.7531
0.0000
1.1113
0.0000
0.0000
0.3576
0.0000
4.3132
0.1620
0.0000
0.0000
0.0000
0.0000
0.0000
0.0000
1.2033
0.0000
1.3488
0.0000
0.2516
0.7310
0.0000
0.0000
0.0000
0.0000
0.0000
0.0000
0.0000
1.8570
0.0000
0.0000
0.7051
3.5480
1.6304
0.0000
0.1500
0.0000
0.0000
0.0000
0.0000
0.0000
2.9100
0.0000
0.0000
0.9484
1.7825
0.0000
0.0000
0.7255
0.7050
1.5572
0.2903
0.0000
1.1792
0.0000
0.0000
0.0000
0.0000
0.0000
0.6093
0.0000
0.0000
0.0000
0.1306
1.7518
0.0000
1.3038
0.0000
0.0000
0.0000
0.0000
1.8068
0.0000
0.0000
0.0000
1.4968
2.6019
0.0000
0.0000
0.0000
0.0000
0.0000
1.1730
0.5256
0.0000
0.0000
1.1501
0.0000
2.3839
1.3932
0.4491
0.0000
0.0000
0.0000
0.0000
3.0829
0.0000
0.0000
0.0000
0.0000
0.0000
0.0000
0.0000
0.0000
0.0000
0.0000
0.0000
0.0000
1.1529
0.0000
0.0000
0.0000
0.7283
0.0000
1.6892
0.0000
0.0000
0.0000
0.5270
0.0000
2.0528
0.0000
0.0000
0.0000
0.6239
0.0000
0.3632
0.0000
1.2158
0.0000
0.0000
0.0635
0.0000
0.0000
0.0000
0.0000
0.0000
0.0000
0.0000
1.4609
0.0237
0.0000
0.0000
0.1117
0.0000
0.0000
0.0000
2.0059
0.0000
0.0000
0.0000
0.0000
0.0000
0.0000
0.0000
0.0000
0.0000
0.0000
0.0000
0.0000
0.2157
0.0000
0.0000
0.0000
0.2459
1.3814
0.0000
0.0000
0.0000
0.0000
0.0000
0.0000
0.0000
0.0000
0.0000
0.0000
1.7090
0.0000
1.5115
0.0040
0.0000
0.0000
0.0000
0.0000
0.0000
0.0000
2.8133
0.0000
0.6980
0.0000
1.1083
0.0000
2.5828
0.0000
0.0000
0.5294
0.0000
0.0000
0.1235
0.0000
0.6544
1.5224
0.0000
2.2105
0.0000
0.0000
0.2698
0.3899
0.8864
0.0000
0.0000
0.0000
0.4717
0.5039
0.0000
0.0000
0.0000
0.0000
0.0000
0.0000
0.0000
0.0000
0.0000
0.4942
1.4443
2.2161
0.0000
1.6084
0.0000
0.0146
0.0000
0.0000
0.0000
0.0000
1.3297
0.3508
1.3582
0.0000
0.0000
0.0000
1.4032
0.0000
0.0000
0.0000
0.0000
0.0000
0.0000
0.0000
0.0000
0.0000
0.0000
0.0000
0.0000
1.8286
0.0018
0.0000
0.6365
0.0000
0.0000
0.1871
0.0000
0.0000
0.0000
1.2363
0.0000
0.0000
0.0000
0.2252
0.1811
0.0000
0.0000
0.0000
0.0000
0.3675
0.1082
0.0000
0.0000
0.0000
0.0000
0.0000
0.0000
0.0000
0.0000
0.0000
0.0000
1.2977
0.0000
0.8607
0.0000
0.0000
0.0000
2.7759
0.0000
0.0000
0.0000
0.0000
0.1408
0.0000
1.5302
0.0000
0.0000
0.0000
2.3603
2.0529
0.0000
0.8466
0.0000
0.0000
2.0223
0.0000
0.1208
0.0000
1.0358
0.0000
0.5274
2.0575
0.0000
2.2796
0.0000
0.0000
0.8210
0.0000
0.0000
0.0000
0.0000
0.7328
0.0000
0.0000
0.0000
0.0000
0.0000
0.0000
0.0000
0.8529
0.0000
0.0000
0.0000
0.0000
0.7512
0.0000
0.0000
0.0000
0.0000
0.8624
0.0000
0.0000
0.4857
0.0000
0.0000
0.0000
0.0000
1.9130
0.0000
0.0000
0.4437
0.0000
0.0000
0.0000
0.1907
0.0000
0.0000
0.2550
0.8988
0.0000
1.4328
0.1649
0.0000
0.0000
1.8535
0.0000
0.0000
0.0000
0.0000
0.6312
0.4000
0.0000
0.0000
0.0000
0.0000
0.0000
0.0000
0.8238
0.0000
0.0000
0.0395
0.9420
0.0000
0.0000
0.0205
2.5192
0.0000
0.0000
0.0000
0.0000
1.8289
0.4623
0.0000
0.1562
0.0000
2.9129
5.1877
0.0000
0.0075
1.3424
0.0000
0.0000
0.0000
0.0000
0.0000
0.0000
0.0000
0.0000
0.0000
0.0000
0.0000
0.0000
0.0000
0.0000
0.0000
0.0000
0.0000
1.2850
0.4118
0.0000
1.1378
0.4457
0.0000
1.7889
0.0000
0.0000
0.5997
0.0000
0.2072
1.1912
0.5676
0.0000
0.0000
4.1538
0.0000
0.0847
0.0000
0.2314
0.0000
0.0000
1.1171
0.0000
0.0000
0.0000
1.4361
0.0000
1.1626
0.0703
0.0000
2.5405
0.0000
0.2975
0.0000
0.0000
1.2819
0.0000
0.0000
0.7617
0.0000
0.0000
0.4147
0.3433
0.2311
0.7870
1.0400
0.0000
0.2560
0.4805
0.0000
0.0000
0.0000
0.0000
1.7801
0.0000
0.0000
0.0000
0.0000
0.4196
0.0000
0.3570
2.2408
0.0000
0.0000
1.8770
0.0000
0.0000
0.0000
0.0000
1.2816
0.0000
1.7219
0.0000
0.0000
0.4221
0.0000
0.0000
0.9405
0.2314
0.0000
0.0000
0.0000
0.0000
0.0885
0.6552
0.0000
0.6404
0.0000
0.0000
0.0000
0.0000
0.0000
0.0000
2.4487
0.0000
2.6524
0.0000
0.0000
0.0000
1.8280
0.0000
0.0212
0.0000
1.5301
0.6458
0.0000
0.0000
0.0000
0.0000
0.3538
0.0000
0.0000
4.5843
0.7123
0.0000
0.0000
0.0000
2.4774
0.5759
0.0000
0.0000
0.0000
0.0000
0.0000
0.0000
0.0000
0.0000
0.0000
0.0000
0.6651
0.0000
0.0000
0.0000
0.0000
0.0000
0.1589
0.4949
0.0000
0.1030
0.8726
0.0000
0.3493
0.0000
0.0000
0.9000
0.0000
0.7840
0.4212
0.0000
0.0000
2.2217
0.0000
0.9621
0.2790
0.0000
2.1398
0.0000
0.8905
1.9871
1.9775
0.0000
0.0779
0.0000
0.0000
0.0000
0.0000
0.0000
0.0000
0.0000
0.0000
0.0000
0.0000
0.0000
0.0000
0.0000
0.0000
0.5346
0.0000
0.2968
0.0000
0.0000
0.0000
0.0000
0.5192
0.0000
1.3809
0.0000
0.0000
0.0000
0.0000
0.0000
0.0000
0.0000
0.0000
0.1463
0.0000
0.0000
4.0690
0.0000
0.0000
2.9490
0.0000
0.0000
0.0000
0.4370
1.4464
0.0000
0.0000
0.0000
0.0000
0.2666
0.0000
0.0000
0.0000
0.0000
2.4921
0.0000
0.0000
3.4990
0.0000
0.6001
0.0000
0.0000
0.9288
0.0000
0.0000
0.9067
1.4061
1.9480
2.4166
0.0000
4.8179
1.3828
0.0000
0.0000
0.0000
1.5057
0.0000
1.5030
0.0000
0.0000
0.0000
0.0000
0.0000
2.4525
0.0000
0.0000
0.6070
0.0000
0.0000
0.0000
1.4495
0.4770
0.0000
0.0000
1.2699
0.0000
0.0000
0.5307
2.1139
0.1421
2.6988
0.0000
0.0000
0.6291
0.0000
0.0000
0.0000
4.5435
1.1619
4.8241
0.0000
1.1378
2.9832
0.8112
0.0000
0.1807
0.0000
0.0000
0.0000
2.0966
0.0000
0.0000
3.2707
0.0000
0.0000
0.0000
0.0000
0.2214
0.2306
0.0762
1.3747
0.0000
0.0000
0.0000
2.2708
0.5206
0.7514
1.6761
0.0000
0.0000
0.0799
0.0000
2.1038
0.0000
0.0000
1.8567
0.0000
0.3095
0.0000
0.0000
0.0000
3.5192
0.0000
0.0000
0.0000
0.0000
0.0000
0.9303
0.0000
0.0000
0.0000
3.2426
0.2271
0.6999
0.0000
0.0000
0.0000
0.0000
1.0669
0.0000
0.0000
0.0000
0.0000
0.0000
0.0000
0.0000
0.0000
0.0000
0.0000
1.7802
0.0000
0.0000
0.5339
0.0000
0.0000
0.0000
0.0000
0.6887
0.9584
0.0000
1.3173
0.0000
0.6463
0.0000
0.0000
0.0000
0.4126
0.8445
0.0000
2.4533
0.0000
0.0000
3.4563
0.0000
0.0000
0.0000
0.0000
0.0000
0.0000
0.5044
0.0000
0.0000
0.0000
0.0000
0.4137
0.4042
0.0000
0.0000
0.1725
2.7125
0.0000
2.0373
1.3312
0.0000
0.0000
0.9510
0.0301
0.0000
0.0000
1.1838
0.0000
0.0000
0.3924
0.0000
1.6867
0.0000
0.1695
0.0000
0.0000
0.0000
0.0000
0.1061
0.4918
0.0000
0.0000
2.3925
0.0000
0.0000
0.0000
0.1174
0.0000
0.0000
0.0000
0.0000
0.0000
2.0491
0.1905
0.0000
1.6379
0.0000
0.0000
0.0000
0.0000
0.4936
1.5375
0.0000
0.0000
2.4823
0.1051
0.8291
0.0000
0.0000
0.0000
0.0000
0.7436
2.2038
0.0000
0.0000
0.0000
0.0000
0.5053
0.0000
2.3277
4.9334
0.0000
0.0000
0.0000
1.3107
4.2003
0.0000
0.0000
0.0000
0.0000
0.0000
0.0000
0.0000
0.0000
0.0000
0.0000
0.0000
0.0000
0.7551
2.2752
0.0000
0.0000
0.1637
0.0000
0.0000
0.8287
0.0000
0.0000
0.0000
0.0000
3.2907
0.7770
0.0000
0.0000
0.3272
0.0000
0.0000
0.8480
2.4132
0.0000
0.0000
1.3645
2.6271
0.3697
0.0000
0.0000
0.0000
0.0000
0.0000
1.1823
0.5637
0.0000
0.0000
6.3692
0.7513
0.4401
0.0000
0.9797
0.0000
0.0000
0.0000
0.0000
0.0000
0.0000
1.2549
0.0000
0.0000
1.1776
1.5790
1.1384
0.0000
0.0000
0.0000
0.0000
0.0000
0.0000
0.0000
0.0000
0.0000
0.0000
1.6680
0.0000
0.0000
1.4086
0.0000
0.0000
2.6642
0.0000
0.0225
0.0000
0.0000
0.0000
0.0000
0.0000
1.0322
0.0000
0.0000
0.0000
0.0000
0.0000
0.0000
0.0000
0.0000
2.1099
0.0000
2.9870
0.6518
0.0000
0.6177
0.0000
0.0000
0.5753
0.0000
0.0000
0.0000
0.0000
3.5007
0.4205
0.0000
0.0000
1.6935
0.4222
0.0000
0.0000
0.6079
0.0000
2.3795
0.0000
0.0000
0.0660
0.0000
0.0000
0.0681
0.0000
0.0000
0.0000
0.0000
1.5111
0.0000
1.3378
0.0000
0.0000
0.6449
0.0000
0.0000
0.4073
0.3499
1.4134
0.0000
1.5679
1.6055
0.0000
2.4085
0.8913
0.2752
2.5313
1.3474
0.0000
0.3414
0.3095
0.0000
0.1980
0.0000
0.1197
0.0000
0.0000
0.0000
0.0000
0.0000
0.0000
1.1267
0.3597
3.3936
0.0000
4.5035
0.8073
0.0000
1.1739
1.0377
1.4806
0.0000
0.0000
0.0000
0.0000
1.0915
0.0000
0.0000
1.2725
0.0000
0.0000
1.1452
0.0000
0.0000
1.8811
0.0000
0.0000
2.1752
0.0000
1.3809
0.0000
0.7155
0.0000
0.0000
4.1571
0.0000
0.0000
0.0000
0.0000
0.0000
0.1234
0.8346
1.0167
0.2349
0.0000
0.1816
0.0000
0.4982
0.0000
0.0000
0.9668
0.0000
0.0000
0.0000
0.0000
0.0000
0.9078
1.0498
0.0000
0.0000
0.4695
0.0000
1.7038
1.8234
0.6785
0.0000
0.0000
0.1909
0.2711
0.0000
0.0000
0.0000
2.5410
0.0000
0.0000
0.7499
0.0000
0.0000
2.6665
1.4904
0.0000
0.0000
0.0000
0.9776
0.0000
0.0000
1.7839
0.0000
0.7627
0.0000
1.3601
1.2783
0.0000
0.0000
0.0000
0.0000
0.0000
1.2853
0.3555
0.0000
0.0000
0.0000
0.0000
0.1443
0.0000
0.0000
0.0000
0.0000
0.0000
0.0000
0.0000
0.0000
0.6698
0.0000
0.7843
0.0000
0.0000
2.1087
0.0000
0.2613
0.0000
4.4576
0.0000
0.1377
0.0000
2.2581
0.0000
0.0000
0.0000
0.0000
0.0000
0.0000
0.0000
0.0000
1.3447
0.0000
0.0000
0.0000
0.0000
0.0000
0.0000
0.0000
0.0000
0.0000
0.5059
0.0000
0.0000
0.0000
1.5299
0.0000
0.0000
0.0000
1.8136
0.0000
0.0000
0.0000
0.1797
0.0000
0.0000
0.0000
0.0000
0.0000
0.0000
0.0000
0.0000
0.0000
0.0894
0.0000
0.0000
0.0000
0.0000
0.0000
0.0000
0.0000
1.6164
0.7505
0.2791
0.0000
0.0000
0.0000
0.0000
0.5550
0.0000
0.0000
0.0000
0.0000
0.0000
0.0000
0.0000
0.0000
0.5878
0.0000
2.2790
0.0000
0.0000
0.0000
0.0000
0.0000
0.0000
0.0000
0.0000
0.8841
0.0000
0.0166
0.0000
0.0000
0.0000
1.4126
1.6111
0.0000
1.0744
0.0000
0.0000
0.0000
1.9747
0.0000
1.2147
0.0000
0.0000
0.0000
0.0000
0.6025
0.0000
3.4400
0.0000
0.0000
1.2107
0.0000
1.3614
0.0000
0.0000
0.0000
0.0000
0.0000
0.0000
0.0000
0.0000
0.0000
0.0000
0.0000
0.7337
0.5231
0.0000
1.6274
0.0000
0.4211
0.7845
0.0000
0.0000
0.0000
1.7841
1.0243
1.8520
0.0000
2.1485
0.0000
0.2094
0.0000
0.7694
1.2657
0.0000
0.0000
0.0000
0.0000
0.8672
1.4046
0.0000
0.0000
0.0000
0.0000
0.0000
0.0000
0.0000
0.0000
0.6113
0.0000
0.0000
0.0000
0.0000
0.0000
0.4885
0.2958
0.0000
0.0000
0.0000
0.0000
0.8052
0.7795
0.0000
0.0000
0.0000
2.2167
0.0000
0.0000
0.1431
0.0000
0.0000
0.0000
0.0000
0.5608
0.0000
0.0000
0.0000
0.0000
0.2863
0.0000
0.0000
0.0000
0.0000
0.0000
0.0000
0.0000
0.9775
0.0000
0.0000
0.5628
0.0000
0.6434
0.0000
3.7201
0.0000
0.0000
0.0000
0.0000
0.0000
0.0000
0.0000
1.2989
0.0000
0.0000
0.0000
0.0000
0.0000
0.0000
0.0000
0.0000
0.0000
0.7043
0.0000
0.0000
0.0000
0.0000
0.0000
1.4124
0.0000
0.0000
0.0000
0.0000
1.0025
0.1487
0.0000
0.0000
1.4993
0.8517
3.1544
0.0000
0.0000
0.0000
0.0000
0.0000
0.0000
0.0000
2.7674
0.0000
3.1202
0.0000
0.0000
0.0000
0.4819
0.2249
1.1314
0.0000
2.2426
1.5722
0.0000
0.0000
2.8378
0.0000
0.7362
0.3491
0.0328
0.0000
0.4697
0.0000
0.0000
0.9122
0.0000
0.3610
2.0465
0.1534
0.0796
0.0000
0.0000
1.6560
0.5890
0.0000
0.0000
0.0000
0.0000
0.0000
0.0000
3.2816
0.7020
0.0000
0.0000
0.0000
0.0000
0.0000
0.6872
0.7246
1.2937
0.0000
0.0000
0.0000
0.0000
0.4759
3.0685
0.0000
0.0000
0.0000
0.2334
3.5327
0.7569
0.0000
0.0000
0.0000
0.0000
0.0000
2.7551
0.0000
0.0000
4.5756
0.3965
0.0000
0.0000
0.3325
0.2529
0.2053
0.1717
0.0000
0.0000
0.0000
1.4325
2.4047
0.0000
0.0000
0.0000
0.0000
0.0000
0.0000
3.9020
0.0000
1.2131
0.0000
0.0000
0.9599
0.0000
0.0000
0.0000
0.0000
0.5519
0.0000
3.1407
0.0000
0.0000
0.0000
0.0000
0.0000
0.0000
0.2887
0.0683
1.3705
0.0000
0.5191
0.0000
0.0000
0.0000
0.2034
2.5481
3.8963
0.0000
0.0000
0.0000
0.0000
0.1989
0.0000
0.0000
0.0000
0.0000
0.0080
1.6912
0.0000
1.1916
1.6860
0.2092
0.0000
0.0000
0.0000
0.0000
2.2720
2.7890
0.0000
0.0000
0.0000
0.0000
0.0000
0.7417
0.0000
4.2732
0.0000
1.0532
0.0000
0.0000
0.0000
0.0000
0.0647
0.0000
0.0000
1.5159
1.0551
0.0000
0.0000
0.6483
0.0000
2.2529
0.0000
1.6817
1.9183
0.7759
0.0000
1.1000
0.0000
0.0000
0.0000
0.0000
3.4852
0.0000
0.0000
0.3615
0.0000
0.6420
0.0000
0.0000
1.3995
0.0000
0.0000
0.7176
2.7285
0.1105
1.4850
0.5757
0.0000
1.0140
0.0000
0.0000
0.0000
0.0000
0.0000
0.0000
0.7824
0.0000
0.0000
0.0000
0.3259
0.0000
0.0000
0.0000
0.0000
0.0000
0.1487
0.0000
0.6555
0.0000
0.0000
0.0000
4.8158
0.0000
0.0000
0.0000
0.0000
0.8038
0.7695
0.0000
0.0000
0.0000
0.0000
0.0000
0.0000
2.5454
0.1624
3.6454
0.0000
0.7956
0.0000
0.0000
0.7237
0.0000
0.9160
0.0000
0.0000
0.0000
2.2475
1.1879
0.4077
0.0000
0.0000
0.0000
0.0000
1.5783
0.0000
0.0000
0.0000
0.0000
0.0000
0.0000
0.0000
0.7478
1.2415
0.0000
0.0000
1.2785
2.5003
0.6744
0.0000
0.0000
0.0000
3.3499
0.0000
0.0000
0.0000
0.0000
0.0000
0.0000
0.7707
0.0000
0.0000
2.4496
0.0000
0.7056
0.6704
0.0000
0.0000
0.0000
0.0000
1.5002
0.0000
0.2113
0.0000
0.0000
0.0000
0.2605
3.1519
0.0000
0.0000
0.0000
0.0000
1.5747
0.0000
1.7841
0.0000
0.0000
0.0000
0.0049
2.6941
0.0000
0.0000
0.0000
1.9344
0.0000
1.7664
0.1793
0.0000
1.5141
0.0000
0.0000
0.0000
0.0000
0.0000
1.1361
0.0000
0.0000
0.0000
1.1045
1.1044
0.0000
2.7739
0.0000
0.0000
0.0000
0.0000
0.0000
0.8399
0.0000
0.0000
0.0000
0.5981
0.0000
3.9469
0.0000
0.0000
0.0000
0.0000
0.0984
2.3282
0.0000
0.0000
0.0000
0.0000
0.0000
0.0000
0.0000
0.0000
2.7127
0.0000
0.0000
0.0000
0.0000
0.0000
0.0000
0.2759
0.0000
0.0000
0.0000
0.0000
0.0000
0.0000
0.0000
0.0000
0.0000
1.0754
0.0000
0.0000
0.1769
0.0000
0.0000
2.4453
0.0000
0.0000
0.0586
0.0000
0.0000
0.0000
2.2698
0.0000
0.0000
0.0000
0.0000
0.0000
0.6069
1.5534
0.0000
0.0000
1.7025
0.0000
2.1322
0.0000
0.2497
0.0000
0.0000
0.1767
0.0000
0.0000
0.0000
0.0000
0.3912
0.0000
0.0000
0.0000
0.0000
0.0000
5.4369
0.0589
0.0000
2.4740
0.0000
0.0000
0.0000
0.0000
0.8479
0.0000
0.0000
0.2100
0.0000
0.0000
0.7478
2.9087
0.9333
0.0000
1.2708
0.0000
0.4838
0.0000
0.0000
0.8339
0.0000
0.0000
0.0000
0.0000
2.9743
0.0000
0.3093
0.0689
0.0425
0.0000
0.0000
0.0000
0.0000
0.8713
0.8562
0.0000
0.0000
0.0000
0.0000
1.5788
2.1495
0.0000
0.0000
0.0000
0.0000
0.0000
0.0000
0.0000
0.0000
0.0000
0.0000
0.0000
0.0000
0.0000
0.0000
0.0000
0.0000
0.0000
0.0000
0.0000
0.0000
0.0000
0.0000
0.0754
0.6027
0.0000
0.0000
0.0000
0.0000
0.0000
2.0420
0.8264
0.0000
0.0000
0.0000
1.3856
0.5311
0.7068
0.0000
0.0000
0.1450
2.5607
0.0000
0.0000
0.0000
3.8441
2.1544
0.0000
0.0000
0.0000
0.0000
0.0000
0.4151
0.0000
1.8565
0.2715
0.0000
0.0000
4.3052
0.0000
0.1960
0.0000
0.0000
0.0000
0.0000
3.4710
0.0000
0.0000
0.0000
0.0000
1.7605
0.0000
0.0000
0.1342
0.0000
0.0000
0.0000
0.8317
0.0000
0.0000
0.0000
0.0000
0.5425
0.0000
3.2605
0.0000
2.3018
0.0000
0.0000
2.8148
0.0000
0.7616
0.0000
2.2795
0.0000
0.7960
0.4429
0.0000
0.0000
0.0000
0.6658
0.0000
0.0000
0.0000
0.0000
0.0000
0.0000
0.4443
0.0000
0.0000
0.9904
0.0000
0.0000
0.0000
0.6307
0.5064
1.0552
0.0000
0.2079
0.0000
2.7295
1.5245
0.0000
0.7523
2.7565
0.0000
0.0000
0.0000
0.0000
4.5083
0.0426
2.5095
0.0000
0.7690
0.0000
0.0000
0.0000
0.0000
0.0000
0.0000
0.0000
1.6012
2.5676
0.7045
3.7489
0.0546
0.0000
2.3273
0.0000
0.0000
0.0000
0.0000
0.0000
2.2823
0.0000
0.0000
2.1289
0.0000
0.1075
0.0000
2.9172
0.0774
0.0000
0.0000
0.0000
0.0000
1.8817
0.0000
4.0691
0.0000
0.0000
0.0000
0.0000
1.4020
1.5493
0.0000
0.0000
0.0383
0.0000
0.0000
0.5191
0.8056
0.0000
0.0000
0.0000
0.3458
0.2165
0.8182
0.0000
0.8158
0.0000
0.0000
0.0000
1.3301
3.2877
0.3758
0.0000
0.0154
2.2345
0.0000
1.4220
0.0000
0.0000
0.0000
0.0264
1.5266
0.0000
0.0000
0.6187
0.0000
2.5469
0.3273
0.0000
1.0479
0.0019
0.7098
0.4766
0.9084
1.1852
1.4617
0.0000
2.2743
1.2339
0.1528
0.0000
0.0000
0.4810
0.0000
0.0000
0.0000
0.0000
2.1130
2.3794
0.0000
0.0700
0.0000
0.0000
0.0000
3.4932
0.5494
0.0000
0.0000
0.5793
0.0000
0.0000
0.0000
0.0000
2.0586
0.0000
0.1975
1.3862
0.0000
1.0231
0.5746
1.6179
0.0000
0.0000
1.0633
0.0000
0.0000
0.0000
0.0000
0.0000
0.0000
0.0000
0.0000
0.0000
0.0000
0.0000
0.0000
0.0000
0.0000
0.0000
0.0000
0.0000
0.5493
0.0000
0.0000
0.0000
1.1279
0.0000
0.6765
1.1760
0.3538
2.0863
0.0000
0.0000
0.6701
0.0000
0.0000
0.0000
0.0503
0.3587
0.0000
4.8933
0.4223
0.0000
3.2248
0.0000
1.9390
1.0910
0.0000
0.8815
0.4029
0.0000
0.0000
0.0000
0.0000
0.0000
0.0000
0.3201
1.2303
1.4936
0.0000
0.0000
0.7694
0.0000
0.0000
1.8904
0.0000
0.0000
0.0000
0.0000
0.0000
0.0000
