0.0000
0.0000
0.0000
0.0000
0.3587
0.0000
0.0000
0.0000
0.3628
1.5265
0.0000
0.0000
0.2659
0.0000
0.0000
0.0000
0.0000
0.0000
0.0000
0.0000
2.5856
0.0000
2.3677
1.4800
1.5054
0.4567
0.0000
1.1940
0.0000
0.0000
0.0000
0.0000
1.5071
0.0000
1.2625
0.0000
0.0000
0.0000
0.7912
0.4985
0.0000
0.0000
0.0000
0.0000
0.0000
0.0000
0.0000
0.0000
0.0000
0.0000
0.0000
0.0000
0.0000
0.0000
0.0000
0.0000
1.6646
0.0000
0.0000
0.0000
0.0000
2.9555
0.0000
3.8996
0.0000
2.0254
0.0000
0.1280
0.0069
0.0000
1.2349
3.1044
1.0767
0.0000
0.0000
2.6620
0.0000
0.0000
0.0000
0.0000
0.6765
0.0000
0.0000
0.0000
0.0000
0.1816
0.9555
1.8807
0.0000
0.0000
0.0000
0.0000
0.5494
1.2637
0.0000
0.0000
0.0000
0.0000
2.7150
0.0000
0.0000
0.0000
0.0000
0.0000
0.2147
0.6492
0.0000
0.0000
0.1963
2.8189
0.0000
0.0000
0.2327
0.0000
0.0000
0.0000
0.4304
0.0000
0.0000
0.0000
1.0866
0.6977
0.4087
0.0090
0.6079
0.0000
1.0569
1.5723
0.8937
0.0371
0.0000
0.0000
0.0000
0.0000
1.8499
0.0000
1.4213
0.2960
0.0000
3.7476
3.1269
0.0000
1.3924
1.8543
1.4716
0.0000
0.0000
3.4291
2.7886
0.0000
0.0000
1.6860
2.4023
0.2340
0.0000
0.0000
0.2449
0.0000
0.0000
0.0000
0.0000
0.0000
1.6819
0.0000
0.0000
0.1215
0.0000
0.7661
0.0000
2.2332
0.0000
0.0000
0.0000
0.0000
0.0000
0.0000
0.0000
0.0000
0.0000
3.5838
0.6849
1.3338
0.0000
0.0000
0.0000
0.0000
0.9756
0.0000
0.9696
0.0000
0.0000
0.0000
0.0000
0.0000
0.8912
0.0000
0.0000
0.0000
2.5219
2.4889
0.0000
0.0476
0.0000
0.0000
0.0000
0.0000
0.0000
0.2861
0.0000
0.0000
0.0000
0.0000
0.0000
0.0000
0.0000
0.0000
0.0000
0.0000
1.1964
0.0000
0.0000
0.0000
0.0000
0.0000
0.5185
0.0000
0.0000
0.0000
0.0000
0.0000
0.0000
0.0000
0.0000
0.0000
1.7543
0.0000
1.1616
0.0000
1.9765
0.0000
0.0000
0.0000
0.0000
0.0000
0.0000
0.0000
0.0000
0.0000
0.0000
0.0000
0.0000
0.0000
0.0000
0.3974
0.0000
0.1309
0.0000
0.0000
1.0199
0.0000
0.0000
0.0000
0.0000
0.0000
0.0000
0.0000
0.9188
0.0000
0.0000
1.0998
0.6648
0.0000
0.4958
0.0000
2.7225
0.0000
0.4402
0.0000
0.8418
0.0000
0.5423
0.0000
0.5923
0.0000
0.0000
0.7508
1.7164
0.9655
0.0000
0.0000
0.0000
0.0000
0.0000
0.0000
3.6951
0.0000
0.0000
0.4157
0.0000
0.8344
0.0000
0.0000
0.0000
0.0000
0.0000
0.0000
0.0000
0.0000
0.0000
0.0000
0.0000
0.0000
0.0000
0.2558
0.9682
0.0000
0.0000
0.0000
0.4079
2.2446
0.0000
0.0000
0.0000
0.0000
0.0000
2.8361
0.0000
1.8417
0.0000
1.6331
0.0000
0.0000
0.0000
0.0000
0.0000
1.2949
1.4705
0.0000
0.0000
3.7383
0.0000
0.0000
0.0000
0.0000
0.0000
2.3530
0.0000
0.0000
0.0000
0.0000
0.0000
2.6626
1.4968
0.0000
0.0000
0.0000
0.0000
0.0000
1.1473
0.0000
0.0000
0.0000
0.0000
0.0000
0.0000
0.3127
0.0000
0.0000
0.0000
0.0000
0.0000
0.0000
0.0000
0.0000
0.0000
0.0000
0.0000
0.9267
0.0000
0.0000
3.7602
0.0000
1.2555
0.0000
0.0000
0.0000
0.0000
0.0000
0.0000
0.0000
0.3683
0.0000
0.0000
0.0000
0.0000
0.6158
0.0000
0.0000
0.0680
1.5849
0.0000
0.0000
0.0000
0.0000
0.0000
0.0000
0.0000
0.0000
2.7278
0.0000
0.0000
0.0000
0.0000
3.3901
0.0000
0.0000
0.0000
0.0000
0.0000
0.0000
1.0718
0.0000
0.1754
0.0000
0.0000
0.0000
0.0000
0.9652
0.0000
0.0000
0.0000
0.0000
0.0000
0.0000
0.0000
0.0000
0.0000
0.0000
2.0460
0.0000
1.7900
0.0000
0.0000
0.0000
4.4895
0.7629
0.0000
0.0000
2.2386
0.0000
0.0000
0.0000
0.0221
0.0000
0.0000
0.0000
0.0000
0.0000
0.6005
0.0000
0.4304
0.0000
0.4484
0.0000
0.3852
0.0000
1.0924
0.7378
0.0000
0.0000
0.0000
2.3554
0.0000
0.0000
0.0000
0.9870
0.0671
0.0000
0.0000
0.0000
0.7902
0.0000
0.0000
2.5774
0.0278
1.2624
0.0000
1.3993
0.0000
1.0357
0.0000
0.0000
0.0000
0.0000
0.7444
0.1376
0.0000
0.0000
0.1446
0.0000
0.0000
0.0000
2.0441
0.0000
1.0281
0.0000
0.0000
0.0000
0.0000
3.0883
0.3979
0.0000
0.0000
1.9028
0.6881
0.0000
0.0000
0.0000
5.6575
0.0000
0.5479
1.9718
0.0000
1.5657
0.0000
0.0000
0.2529
0.3522
0.0000
0.6660
1.0720
0.0000
1.5679
0.0000
0.0000
0.0000
0.0000
0.0000
0.8823
0.0000
0.0000
0.0000
0.0000
0.0000
0.0000
0.0000
0.0000
0.0000
0.0000
0.0000
0.0000
0.0000
0.0000
0.0000
0.0000
0.0000
0.0000
0.0000
0.3840
0.0000
0.0000
3.1001
0.0000
0.0000
0.0000
1.3575
0.0000
0.0000
0.0000
0.0000
0.0000
0.0000
0.0000
0.0000
0.0000
0.0000
0.0000
0.0000
0.0000
1.1748
0.0000
0.0000
0.0000
0.0000
0.0000
0.0000
0.0000
0.0000
1.8308
0.0000
0.0000
0.0000
0.0000
0.0000
0.0000
0.0000
0.0000
0.0000
2.3140
0.6659
0.0000
2.0172
0.0000
0.0000
0.3050
0.8419
2.0063
0.0000
0.0000
0.0000
0.0369
0.0000
0.0000
4.8381
0.0000
2.5222
0.8503
0.0000
0.0000
0.0000
1.9262
0.0000
0.0000
0.0000
0.0000
2.3792
0.0000
0.4134
0.3552
0.0000
0.0000
0.0000
0.0000
0.0000
3.2373
3.5490
0.0000
2.1664
0.0000
0.0000
0.2006
0.4925
0.0000
0.0000
0.0000
0.0000
0.0000
0.4887
0.3321
0.0000
0.0000
2.1094
5.3628
0.0000
0.0000
0.0000
1.5526
0.0000
0.0000
0.0000
0.0000
0.7287
0.3469
0.0000
0.0000
0.0000
0.0000
0.0000
0.0000
0.0000
0.7076
0.0000
0.0000
0.0000
0.0000
0.0000
0.0000
0.0000
0.0000
0.0000
0.0000
0.0000
0.0000
0.0000
0.0000
1.7804
0.0000
0.0000
0.0000
0.4398
1.0641
0.0000
2.7448
0.0000
0.0000
0.0000
0.0000
0.0000
0.0000
0.0000
2.6036
1.2932
0.0000
1.1506
0.0000
0.0000
0.0000
0.0000
0.9129
2.1736
0.0000
1.6384
0.5515
0.0000
0.0000
0.0000
0.0000
0.0091
0.0000
0.0000
0.0000
0.0000
1.1262
1.0188
0.0000
0.0000
0.0000
0.0000
0.0000
0.7414
0.0000
0.0000
0.0000
0.6394
0.0000
0.0000
0.0000
0.4072
0.0000
3.2037
0.9187
0.0000
0.0000
0.6719
0.0000
0.0000
0.0000
0.0000
3.0612
0.0000
0.0000
0.0000
0.0000
0.0000
0.0000
0.0000
0.0000
0.0000
0.1096
0.0000
0.3026
0.0000
3.1230
0.0000
0.0000
0.0000
0.0000
0.0000
0.0000
0.0000
1.9439
0.0000
0.0000
0.0000
0.8157
0.0000
0.0000
0.0000
0.1379
0.2936
0.0000
0.0000
0.0000
1.3081
0.0000
0.0000
0.0000
1.5124
0.0000
0.0000
0.0000
0.0000
1.4920
0.0000
1.9014
0.0000
0.0000
0.0000
0.0000
0.0000
0.0000
0.4495
3.7852
0.4706
0.0000
0.0000
0.0000
0.0000
0.0000
0.0000
1.0790
0.0000
0.0000
0.0000
0.0000
0.0000
1.7216
0.0000
0.4988
1.6007
1.2443
0.0000
1.8561
0.0000
0.0000
0.0000
0.0134
0.0000
0.0000
0.0000
1.3022
0.0000
0.0000
0.0000
0.0000
0.0000
1.9561
0.1058
0.0000
0.0000
0.0000
0.0000
0.0000
1.4616
0.0000
0.0000
2.5203
0.0000
0.0000
0.0000
0.0000
0.4144
0.0000
0.0000
0.0000
0.0000
0.0000
0.0000
0.0000
1.0386
0.0000
0.9249
0.0000
0.0000
0.3531
0.0000
1.3567
0.0000
0.0000
0.0000
0.0000
0.0000
2.0101
0.0000
0.3373
0.0000
0.0000
2.2844
0.0000
0.0000
0.0000
0.0000
0.0000
0.0000
0.0000
0.0000
0.0080
0.0000
0.0000
0.0000
1.4852
0.0000
1.0102
0.0000
0.0000
0.0000
0.0000
1.8931
1.4063
0.0000
0.0000
0.0000
0.0000
0.0000
0.0000
0.0000
0.0000
0.0000
0.0000
1.8753
0.0000
0.0000
2.1586
0.0000
0.0000
0.0000
0.0000
0.4527
0.0000
0.0000
0.0000
0.0000
1.6370
0.0000
0.0000
3.1989
1.6916
0.2875
0.0000
0.0000
0.0000
0.0000
1.3681
0.0000
0.0000
0.0000
0.0000
0.0000
0.0000
0.0000
0.0000
0.0000
0.0000
0.0000
2.9182
2.7846
0.0000
0.0000
0.0000
4.1894
0.0000
0.0000
0.0000
0.0000
0.0000
0.0000
0.7348
0.0000
0.0000
0.0000
0.0000
0.3464
0.0000
0.2129
0.0000
0.0000
0.0000
0.0484
1.2714
0.0000
1.9835
0.0000
0.2407
0.0000
0.0000
0.0000
0.0000
0.0000
0.0000
0.0000
0.0000
1.0777
0.0000
0.4674
2.2833
1.6097
2.2173
0.0000
0.0000
0.0000
0.3383
0.0000
0.0000
0.0000
0.0000
0.0000
0.0000
0.0000
0.0000
2.2751
0.0000
0.0000
0.0000
0.9155
0.0000
2.1519
0.0000
0.0000
0.0000
0.2855
0.0000
0.6530
0.0000
2.1870
0.0000
0.0000
0.0000
2.9004
0.0000
0.0528
0.0000
1.9924
0.0000
0.0000
0.0000
0.0000
1.3259
0.9605
0.0000
0.5921
0.0000
0.0000
2.6866
0.0000
0.0000
0.0000
0.0000
0.0000
1.1672
0.0000
0.0000
1.1642
0.0000
0.0000
0.0000
0.0000
2.3808
0.0000
0.0000
0.0000
0.0000
0.0000
0.0000
0.0000
1.0552
0.0000
0.0000
0.0000
0.0000
0.0000
2.8390
0.0000
1.9456
0.0000
0.4976
1.2026
0.0000
0.0000
0.0000
0.0000
1.9030
0.0000
0.0000
0.0000
0.0000
0.0000
1.7677
0.0000
0.0000
0.6235
0.0000
0.0000
0.0000
0.0000
0.0000
0.6755
0.0000
0.0000
0.0000
0.0000
1.2466
0.0000
0.0000
0.0000
0.7168
0.0000
0.0000
1.6092
0.0000
0.0000
0.0000
0.0000
0.0000
0.0000
0.6735
0.0000
0.0000
0.0000
0.0000
0.0000
0.0000
0.0000
0.7841
0.0000
0.5644
0.0000
0.6095
0.0000
0.0000
0.0000
0.0000
0.5950
0.0000
0.0000
2.2934
0.9162
0.5300
0.0000
0.0000
0.0000
0.0000
0.0000
0.0000
0.0000
0.0000
0.0000
0.0000
0.0000
0.0000
0.0000
1.4153
0.0000
0.0000
0.0000
0.7492
0.5671
2.9410
0.0000
0.0000
0.1349
0.5503
0.0000
1.4845
0.0000
0.0000
0.0000
2.1211
0.0000
0.6689
0.0000
0.0000
0.0000
0.0000
0.0000
0.0000
0.0000
2.1239
0.0000
0.0000
0.4959
3.2050
0.0000
0.0000
1.4589
3.8071
0.0000
0.0000
0.0000
0.0000
0.0000
0.0000
1.3704
1.1885
0.0000
0.0000
0.0000
0.0000
0.0000
1.2833
0.0000
1.4616
0.0000
0.0000
0.0000
0.0000
0.0000
0.0000
0.2699
0.0000
0.0000
1.2102
0.7306
0.0000
0.0000
1.3692
0.0000
0.5148
0.0000
0.0000
0.0000
3.6425
0.0000
0.3525
0.0000
0.3446
0.0000
0.0000
0.0000
0.0000
0.0000
0.0000
0.0000
0.0000
3.0690
0.0000
0.0000
0.0000
0.0000
0.0000
0.3740
0.0000
0.0000
0.0000
0.0114
0.0000
0.0000
0.0000
0.0000
0.0000
0.0000
0.0000
0.0000
0.0000
0.0000
1.1308
0.0000
0.0000
0.0000
2.5684
0.0000
0.0000
0.0000
2.1658
0.0000
1.1337
0.0000
0.0000
1.1366
0.0000
0.0000
0.0000
0.0000
0.0000
0.6823
0.0000
0.0000
0.0000
0.0000
0.0000
0.0000
0.0000
1.0970
2.8056
0.0000
0.0462
0.0000
0.0000
0.0000
0.0000
1.8235
0.0000
0.0000
0.0000
0.0000
0.0000
0.0000
0.9113
0.0000
0.0000
0.0000
0.0000
0.0000
1.1318
0.0000
0.0000
0.0000
1.7917
0.0000
0.0000
0.0000
0.0000
0.0000
0.5590
0.0000
0.0000
0.2741
0.0000
0.0000
0.0000
0.0000
0.0000
0.0000
0.0000
0.0000
0.0000
1.6596
0.0000
0.0000
0.0000
1.3987
0.0000
1.8664
0.0000
0.4984
0.8133
2.0646
0.0000
0.5271
0.0000
0.0000
0.0000
0.0000
0.0000
0.4927
0.7912
0.8992
0.0000
1.2535
0.0000
0.0000
0.0000
0.0000
0.0000
0.0000
0.0000
0.0000
0.0000
0.0000
0.0000
0.0000
0.0000
0.0000
0.0000
0.3122
0.0000
0.0000
0.0000
0.0000
0.0000
1.7669
0.0000
0.0000
0.2973
0.5022
0.6759
0.0000
0.0000
0.0000
1.7936
4.2700
0.0000
1.5698
0.0000
0.0000
0.0000
0.0000
0.0000
0.0000
0.1549
0.0000
0.0000
0.0000
1.3581
3.0565
0.0000
0.0000
0.0000
0.0000
0.0000
0.0000
0.5454
0.0000
2.4005
0.0000
0.0000
1.0430
0.8112
1.0518
0.8203
2.7209
0.0000
0.0000
0.0000
0.0000
0.0000
0.0000
0.0000
0.0000
0.0000
0.0000
0.0000
0.0000
0.0000
0.0000
0.0000
0.0000
0.0000
2.4415
0.0000
0.0000
0.0000
0.7184
0.0000
0.0000
0.3642
0.0000
0.0000
1.0598
0.0000
0.0000
0.0000
0.1239
0.0000
0.0000
0.0000
1.7973
0.0000
0.0000
0.6244
0.0000
0.0000
0.0000
0.0000
0.0000
0.0000
0.3183
0.0000
2.0081
0.0000
1.8950
0.0000
0.0000
0.0000
0.0000
0.0000
0.0000
0.0000
1.8031
0.0000
0.0000
0.9583
0.0000
2.2703
2.6829
0.0000
0.0000
0.0000
0.0000
0.0000
0.0000
0.0000
0.0000
0.0000
0.0000
0.0674
0.0000
0.0000
0.0000
0.9390
0.0000
0.0000
0.0000
0.0000
0.0000
0.0000
0.4857
5.6224
0.0000
0.0000
0.0000
0.0000
1.0698
0.0000
0.0000
1.4200
0.0355
0.2956
0.0000
0.0000
0.0000
0.0000
0.0000
1.0505
0.0000
0.0000
0.2535
0.0000
0.0000
0.0000
1.6059
0.0000
0.0000
4.1629
2.7093
1.1755
0.0000
0.0000
0.0000
0.0000
1.9199
3.3710
0.0000
0.0000
0.0000
0.0000
1.0326
0.0000
0.0000
0.0346
1.4665
0.0000
0.8147
0.0000
0.0000
0.0000
0.0000
0.0000
1.7256
1.1369
0.0618
0.0000
0.0000
0.0000
0.0000
0.0000
0.0000
0.0000
0.5352
0.4476
0.0000
0.0000
2.3167
0.0000
0.0000
0.0000
0.0000
0.0000
0.0000
0.0000
1.1111
0.0000
1.2581
0.0000
0.8069
0.0000
0.0000
1.7255
0.8294
0.5581
0.1478
0.0000
0.0000
0.0000
0.0000
0.0000
1.7389
0.0000
0.0000
0.0000
0.0000
0.0000
0.0000
0.0000
0.0000
0.0000
0.0000
0.0000
0.0000
0.0000
0.1071
0.6950
0.3465
0.0000
0.0000
2.1254
0.0000
0.0000
0.0000
0.0000
1.1213
0.4958
0.0000
0.0000
0.5026
0.0000
1.1160
0.0000
0.0000
0.6374
0.0000
0.0000
0.0000
0.0000
0.0000
0.0000
0.6393
0.0000
0.0000
0.3264
0.0000
0.0000
0.2515
1.6368
0.0000
0.0000
0.0000
0.0000
0.0000
0.0000
0.0000
0.0000
0.1159
0.0000
0.0000
0.3520
0.0000
0.0000
0.0000
0.0000
0.0000
0.0000
0.0000
1.3893
0.0000
0.0000
0.0000
0.0000
0.0000
0.0000
0.5415
0.5021
0.0000
0.0000
0.0000
0.2634
0.0000
0.8919
0.0000
0.9884
0.2053
2.3801
0.0000
0.0000
0.2023
1.2490
1.1150
0.0000
0.0000
0.0000
0.0000
0.0000
0.0000
0.0000
0.0000
1.7329
0.0000
0.0000
0.0000
0.0000
0.0000
0.0000
0.0000
0.0000
0.0000
0.0000
0.0000
0.0000
0.0000
0.7746
0.0000
0.0000
0.0000
0.0000
0.0000
0.0000
0.0000
0.0000
0.0000
1.6702
0.0000
0.0000
2.3855
0.0000
1.4787
0.0000
0.0972
0.0000
0.0000
0.0000
1.8744
0.0000
0.0000
0.0000
1.4228
0.2653
0.0000
2.9976
2.0798
1.3974
0.6964
0.0000
1.7573
0.0000
0.5592
0.0000
0.0000
1.8162
0.0000
0.0000
0.0000
0.0000
0.0000
0.0000
0.0000
0.4766
0.0000
0.0000
0.6978
0.0000
0.0000
0.0000
0.0000
0.0000
0.0000
0.0000
2.2933
0.0000
0.0000
2.9056
0.0000
0.0000
2.1355
0.6584
0.0000
0.0000
1.4996
2.7915
0.0000
0.0000
0.0000
3.5370
1.6549
0.0000
0.5331
0.7288
1.8741
0.0000
0.0000
0.0000
0.0000
0.0000
0.0000
0.0000
0.7044
3.5333
0.0000
0.0000
1.5532
0.0000
3.0520
0.0000
0.0000
0.0000
1.2704
0.0000
0.0000
0.0000
0.0000
0.1888
0.0000
2.4294
0.0000
1.1191
0.0000
1.1008
0.0000
0.0000
0.0000
0.0000
0.0000
0.0000
0.9385
0.0000
0.0000
1.3371
0.0000
0.0000
3.3897
0.0000
0.0000
0.0000
0.0000
0.0000
0.0000
0.0000
1.1019
0.0000
0.0000
0.0000
0.0000
0.0000
1.7672
0.0000
0.0000
0.0000
0.0000
1.0703
0.0000
2.6658
1.5796
0.6298
0.0000
0.0000
0.0000
0.0000
0.0000
0.0000
1.3712
0.0000
1.5855
0.0000
0.0000
0.0000
0.0000
0.0000
0.0000
0.0000
0.0000
0.0000
0.0000
0.0348
0.0000
0.0000
1.6208
0.0000
1.7483
0.0000
0.0000
0.0000
0.0000
0.1181
0.0000
0.0000
0.0000
0.0000
0.0000
0.0000
2.7487
0.0000
0.0000
0.0000
0.0000
0.0000
0.2060
0.0000
0.0000
0.0000
0.0000
2.6816
0.0000
1.0452
0.0000
0.0000
0.0000
0.0000
0.0000
0.0000
1.0169
0.0000
0.0000
0.0000
1.5605
0.9061
0.0000
0.0000
0.0000
0.0000
1.9555
0.0000
0.0000
0.0000
0.0000
0.0000
0.0000
1.1326
2.3114
0.0000
0.0000
0.0000
0.0000
0.0000
0.0000
0.0000
1.2244
0.0000
2.2778
0.0000
0.0000
0.0000
0.2874
1.4363
0.9364
0.0000
1.7674
0.0000
0.0000
0.0000
0.0000
4.0674
1.8203
0.0000
0.0000
0.0000
0.0000
0.0000
0.0000
1.9254
0.0000
0.4314
0.0000
0.0946
1.2584
0.0000
0.0000
0.0000
0.0000
0.0000
0.0000
0.0000
2.2562
0.0000
0.0000
1.7980
2.6494
1.1619
0.0000
0.0000
0.0000
0.0000
0.0000
0.0000
0.0000
2.1374
1.0626
0.0000
1.2654
2.9381
0.0000
0.0000
0.6160
0.6177
0.0265
0.0000
0.0000
1.3252
0.0000
0.0000
0.0000
0.0000
0.3834
0.3492
0.0000
0.0000
0.0000
0.0000
2.3255
0.0000
3.1161
0.2526
0.0000
0.0000
0.0000
1.4772
0.0000
0.0000
0.0000
1.3058
2.0729
0.0000
0.0000
0.0000
0.5751
0.0000
0.0000
0.9044
0.0000
0.0000
0.4651
0.0000
1.0830
2.4127
0.0000
0.0000
0.0000
0.0000
0.0000
1.3143
0.0000
0.0000
0.0000
0.7349
0.0000
0.0000
0.0000
0.0000
0.0000
0.0000
0.0000
0.0000
1.9148
0.0000
0.0000
0.0000
0.4320
0.0000
0.7536
0.0000
0.0000
0.8619
2.6610
0.0000
1.6880
0.0000
0.0000
0.0000
1.3590
0.0000
0.0000
1.3028
0.0000
0.0000
0.0000
0.0000
0.0000
0.0000
0.0000
0.0000
0.0000
0.0000
0.0000
2.6689
0.0000
0.0000
0.0000
0.0000
0.0000
0.0000
0.0000
2.1978
0.0000
0.0000
0.0000
0.0000
0.0000
0.0000
0.0000
0.0000
0.0000
0.0000
0.0000
0.0000
1.2922
0.0000
0.0000
0.0000
0.0000
0.5893
0.0000
0.0000
0.0000
0.0622
2.0199
0.0000
0.0000
0.0000
0.0000
1.1424
2.5677
0.0000
0.8877
0.0000
1.5160
0.0124
0.0000
0.0000
0.0000
0.0000
1.9013
0.0000
0.8943
0.0000
1.1956
0.0301
3.2368
0.0000
0.5717
0.0000
0.0000
0.0000
0.0000
0.0000
0.0000
0.4689
0.0000
0.9857
0.0000
0.2552
0.0000
0.0000
0.1730
0.0000
0.0000
0.0000
0.6694
0.0000
0.0000
0.0000
0.0000
0.0000
0.0000
0.0000
0.0000
0.0000
0.0000
0.5434
0.0000
3.0795
0.6090
1.3603
0.0118
0.0000
0.0000
0.0000
0.0000
0.0000
2.1924
0.3998
1.8461
0.0000
0.0000
0.0000
1.4628
0.0000
0.0000
0.0000
0.0000
0.0000
0.0000
0.0000
0.0000
0.0000
0.0000
0.0000
0.0000
3.1852
0.5656
0.0000
2.0789
0.0000
0.0000
0.0000
0.0000
0.0000
0.0000
1.6792
0.0000
0.0000
0.0000
1.8803
0.0000
0.0000
0.0000
0.0000
0.0000
0.0000
0.0000
0.0000
0.0000
0.0000
0.0000
0.0000
0.0000
0.8989
0.6869
0.0000
0.0000
0.0000
0.0000
0.6386
0.0000
0.0000
0.0000
3.5195
0.0000
0.0000
0.0000
0.3191
0.0000
0.0000
1.6928
0.0000
0.0000
0.0000
3.2180
0.8407
0.0000
0.4815
0.0000
0.0000
4.5968
0.0000
0.0000
0.0000
1.8390
0.0000
0.8289
2.2638
0.0000
0.2850
2.4308
0.0000
0.0000
0.0000
0.0000
0.0000
0.0000
2.3348
0.0000
0.0000
0.0000
0.0000
0.0000
0.0000
0.0000
2.3866
0.0000
0.0000
0.0000
0.0000
0.0000
0.0000
0.0000
0.0000
0.0000
1.1801
0.0000
0.5342
0.8829
0.0000
0.0000
0.0000
0.0000
1.7839
0.0000
0.0000
0.0000
0.0000
0.0000
0.0000
0.0000
0.0000
0.7949
0.2759
1.5594
0.0000
0.0000
0.0000
0.0000
0.0000
0.9623
0.0000
0.0000
0.0000
0.0000
0.0000
1.1050
0.0000
0.0000
0.3930
0.0000
0.0000
0.0000
0.1749
0.0000
0.1327
0.0000
0.0000
0.0000
0.0000
0.0000
0.0000
0.0000
0.0000
0.0000
0.0000
1.1691
2.7089
0.0000
0.0000
0.0000
5.4360
6.9078
0.0000
0.0000
0.8980
0.0000
0.0000
0.0000
0.4982
0.0000
0.0000
0.0000
0.0000
0.1466
0.0000
0.0000
0.0000
0.0000
0.0000
0.0000
0.0000
0.0000
0.7176
0.4944
0.0000
0.0000
0.0000
0.0000
0.1085
0.0000
0.0000
1.4332
0.0000
1.2092
0.1353
0.0000
0.9659
0.0000
3.7381
0.0000
0.3746
0.0000
2.5034
0.0000
0.0000
2.1632
0.0000
0.0000
0.0000
0.6638
0.0000
0.5983
0.0000
0.0000
0.9107
0.0000
0.0000
0.0000
0.0000
0.9598
0.0000
0.0000
1.6117
0.0000
0.0000
0.0000
0.0000
0.4948
1.1242
1.1223
0.0000
1.0817
0.0000
0.0000
0.0000
0.0000
0.0000
0.8198
0.0000
0.0000
0.0000
0.0000
0.0000
0.0000
0.0000
4.2149
0.3005
0.0000
2.9800
0.0000
0.0000
0.0000
0.0000
0.9206
0.0000
0.0000
0.0000
1.7591
0.0000
0.0000
0.0000
0.0000
0.0000
0.0000
0.0000
0.0000
0.0000
0.0000
0.2203
0.0000
0.6185
0.0000
0.0000
0.0000
0.0000
0.0000
0.1612
2.4402
0.0000
1.6051
0.0000
0.0000
0.0000
0.3211
0.0000
0.0000
0.0000
1.0340
0.0000
0.5649
0.0000
0.0000
0.0000
0.0000
0.0000
0.0000
3.2571
0.0000
0.0000
0.0000
0.0000
2.7728
1.0717
0.3035
0.0000
0.0000
0.0000
0.0000
0.0000
0.0000
0.0000
0.0000
0.0000
0.7334
0.0000
0.0000
0.0000
0.0000
0.0000
0.8764
0.7037
0.0000
0.0000
0.0000
0.0000
0.0000
0.0000
0.0000
0.1483
0.0000
1.6225
0.0644
0.0000
0.0000
2.9270
0.0000
0.0000
0.0000
0.0000
1.8250
0.3246
0.0000
3.5393
1.1818
0.0000
1.5777
0.0000
0.0000
0.0000
0.0000
0.0000
0.0000
0.6802
0.0000
0.0000
0.0000
0.0000
1.2926
0.0000
0.0000
0.0000
0.0000
0.0000
0.0000
0.0000
0.0000
0.0000
0.0000
0.0000
0.9263
0.2049
0.0000
0.3516
0.0000
0.0000
0.0000
0.0000
0.0000
0.0000
0.4516
0.0000
3.0513
0.0000
0.0000
0.9035
0.0000
0.0000
0.0000
0.0000
2.4542
0.0000
0.0000
0.0000
0.0000
0.0000
0.7749
0.0000
0.0000
0.0000
0.6929
0.0000
0.0000
2.0377
0.0000
1.3401
0.0000
0.0000
0.0000
0.0000
1.1152
0.0000
1.0248
0.7980
1.6879
0.0000
4.5963
0.9953
0.0000
0.0000
0.0000
1.2804
0.0000
1.6811
0.0000
0.0000
0.0000
0.0000
0.0000
2.1346
0.0000
0.0000
0.9552
0.0000
0.0000
0.0000
0.2437
0.0000
0.0000
0.0000
1.5373
0.0000
0.0000
0.0000
3.4792
0.0000
0.2329
0.0000
0.0000
1.3850
0.0000
0.0000
0.0000
4.0892
0.9531
2.7343
0.0000
1.3170
2.3767
0.6549
0.0000
0.0000
0.0000
0.0000
0.5289
0.6836
0.0000
0.0000
4.2531
0.0000
0.0000
0.0000
0.0000
1.4869
0.0000
0.0000
0.5903
0.0000
0.0000
0.0000
2.3333
1.0723
0.0000
0.5196
0.0000
0.0000
1.1059
0.0000
0.9388
0.0000
0.0000
1.6031
0.0000
0.0000
0.4430
0.0000
0.0111
3.9898
0.0000
0.5502
0.0474
0.0000
1.0945
0.6086
0.0000
0.0000
0.0000
1.2503
0.0000
2.1101
0.0000
1.3467
0.0000
0.0000
0.9936
0.0000
0.0000
0.0000
0.0000
0.0000
0.0000
0.0000
0.0000
0.0000
1.3795
0.5399
0.0000
0.0000
1.0501
0.0000
0.0000
0.0739
0.5700
3.3401
0.3866
0.2192
0.0000
0.0000
0.8823
0.0000
0.0000
0.0000
0.0000
0.4669
0.0000
1.9734
0.0000
0.0000
5.7261
0.0000
0.0000
0.0000
0.0000
0.0000
0.0000
0.6612
0.0000
0.0000
0.0000
0.0000
0.0000
0.2959
0.0000
0.0000
0.1205
2.0152
0.0000
2.4749
1.3196
0.0000
0.0000
0.4451
0.0000
2.2680
0.0000
0.6231
0.0000
0.3880
0.0000
0.0000
0.8952
0.0000
0.0000
0.0000
0.0000
0.0000
1.5836
1.4959
1.5182
0.0000
0.0000
4.4344
0.0000
0.0000
0.0000
0.4484
0.0000
0.0006
0.0000
0.0000
0.0000
1.2302
0.0000
0.0000
0.1396
0.0000
0.0000
0.0000
0.0000
0.4343
1.8371
0.0000
0.0000
2.0244
1.2125
0.0000
0.0000
0.0000
0.0000
0.0000
1.5086
2.3258
0.0000
0.0000
0.0000
0.3456
0.0000
0.0000
2.6958
2.7893
0.0000
0.0000
0.0000
0.0000
4.1123
0.0000
0.0000
0.0000
0.0000
0.0000
0.0000
0.0000
0.0000
0.0000
0.0000
0.0000
0.0000
0.0000
2.4678
0.0000
0.0000
0.0000
0.0000
0.0000
0.0000
0.0000
0.0000
0.0000
0.0000
5.0880
0.4986
0.0000
0.0000
0.7254
0.0000
0.0000
0.0000
1.1962
0.0000
0.0000
0.0000
2.7192
0.3650
0.0000
0.0000
0.0000
0.0000
0.0000
0.0000
0.0000
0.0000
0.0000
8.7024
0.0000
0.6294
0.0000
0.0000
0.0000
0.0000
0.0000
0.0000
0.0000
0.0000
0.0000
0.0000
0.0000
0.0000
1.8642
0.0000
0.0000
0.0000
0.0000
0.0000
0.0000
1.5836
0.0000
0.0000
0.0000
0.0000
0.3647
0.0000
0.0000
2.4737
0.0000
0.0000
3.7387
0.0000
0.0000
0.0000
0.0000
0.0000
0.0000
0.0000
0.0000
0.0000
0.0000
0.0000
0.0000
0.0000
0.0000
0.0000
0.0000
3.4920
0.0000
0.7991
0.7385
0.0000
0.0000
0.0000
0.0000
0.0000
0.0000
0.0000
0.0000
0.0000
0.2293
0.1827
0.0000
0.0000
0.9675
0.3824
0.0000
0.4703
0.0000
0.0000
0.9173
0.0000
0.0000
0.0000
0.0000
0.0000
0.0000
0.0000
0.0000
0.0000
0.0000
0.1012
0.0000
0.0000
0.0000
0.0000
0.0265
0.0000
0.0000
0.0000
0.9211
0.7673
0.0000
3.2948
0.9773
0.0000
2.2744
0.3650
0.9381
2.7809
0.2054
0.0000
0.0000
0.0000
0.0000
0.7367
0.0000
0.0000
0.0000
0.0000
0.0000
0.0000
0.0000
0.0000
0.2211
0.9706
1.0827
0.0000
3.2146
0.0000
0.0000
1.2137
0.0300
1.3520
0.0000
0.0000
0.0000
0.0000
1.6265
0.1770
0.0000
0.0000
0.0000
0.0000
0.8083
0.0000
0.0000
2.2566
0.0000
0.0000
2.4634
0.0000
0.8873
0.0000
0.0000
0.0000
0.0000
4.2212
0.0000
0.0000
0.0000
0.0000
0.7664
0.0000
0.3343
0.0000
0.3711
0.0000
0.0000
0.0000
0.8719
0.0000
0.0000
1.0431
0.0000
0.0000
0.0000
0.0000
0.0000
2.6856
0.0000
0.0000
0.0000
0.0000
0.0000
3.3119
0.9333
0.0000
0.0000
0.0000
0.0000
0.3677
0.0000
0.0000
0.0000
3.3371
0.0000
0.0000
1.6753
0.0000
0.0000
2.1103
0.5767
0.0000
0.0000
0.0000
0.6873
0.0000
0.0000
0.0214
0.0000
0.9716
0.0000
0.2549
0.0000
0.0000
0.0000
0.0000
0.0000
0.0000
0.0000
0.3364
0.6792
0.0000
0.0000
0.0000
1.2633
0.4756
0.0000
0.9945
0.0000
0.1708
0.0000
0.2469
0.0000
0.0000
0.4793
0.6243
0.0000
0.0000
1.7318
0.0000
0.6458
0.0000
3.4407
0.0000
0.2403
0.0000
2.2775
0.0000
0.0000
0.0000
0.0000
0.0000
0.0000
0.0000
0.0000
0.6498
0.0000
0.0000
0.0000
0.0000
0.0000
1.6841
0.0000
0.0000
0.0000
0.0000
0.0000
0.0000
0.0000
3.1017
0.0000
0.0000
0.0000
2.9365
0.0000
0.0000
0.0000
2.0645
0.0000
0.0000
0.0000
0.0000
0.0000
0.0000
0.0000
0.0000
0.0000
0.0000
0.0000
0.0000
0.0000
0.0000
0.0000
0.0000
0.0000
0.7275
0.0000
0.4860
0.0000
0.0000
0.0000
0.0000
1.0777
0.7621
0.0000
0.0000
0.0000
0.0000
0.6991
0.0000
0.0000
0.4744
0.0000
2.6123
0.0000
0.0000
0.0000
0.0000
0.0000
0.0000
0.0000
0.0000
0.9420
0.0000
0.0000
0.0000
0.0000
0.0000
1.8505
1.7106
0.0000
0.0000
0.3956
0.0000
0.0000
2.5322
0.0000
0.0000
0.0000
0.0000
0.0000
0.0000
0.9672
0.0000
2.2313
0.0000
0.0000
1.0485
0.0000
0.4091
0.0000
0.0000
0.0000
0.4409
0.0000
0.0000
0.0000
0.0000
0.0000
0.4809
0.0000
1.9348
0.0000
0.0000
1.0104
1.6387
0.0000
1.4747
0.0000
0.0000
0.0000
0.2145
0.0559
1.0765
0.0000
0.1520
0.0000
0.0000
0.0000
0.1354
0.0000
0.0000
0.0000
0.0000
0.0000
1.0299
0.0000
0.0000
0.0000
0.0000
0.0000
0.8207
0.0000
0.0000
0.0000
0.8694
0.0000
0.0000
0.0000
0.0000
0.0000
0.8022
0.0000
0.0000
0.0000
1.3003
0.0000
0.2203
0.0579
0.0000
0.0000
0.0000
0.8657
0.0469
0.0000
0.0000
0.0000
0.0000
0.0000
0.0000
0.9336
0.0000
0.0000
0.0000
0.0000
1.0095
0.0000
0.0000
0.0000
0.0000
0.0000
0.0000
0.0000
0.0000
0.0000
0.0000
0.0000
0.0026
0.7126
0.0000
2.1540
0.0000
0.0000
0.0000
0.0000
0.0000
1.7899
0.0000
0.0000
0.0000
0.0000
0.0000
0.0000
0.0000
0.0000
0.0000
0.0000
0.0000
3.9508
0.0000
0.0000
0.4009
0.0000
0.0000
0.9816
0.0000
0.0000
0.0000
0.0000
1.2144
0.0000
0.0000
0.0000
2.1794
0.3894
3.3788
0.0000
0.0000
0.0000
0.0000
0.0000
0.0000
0.0000
3.2367
0.0000
2.3676
0.0000
0.0000
0.0000
0.0000
0.0000
2.6412
0.0000
3.0125
3.2073
0.0000
0.0000
0.4456
0.4709
0.8084
0.0000
0.3022
0.0000
0.8324
0.0000
0.0000
1.7991
0.0000
0.0000
0.9022
0.0000
0.0000
0.0000
0.0000
4.4667
0.0000
1.8939
0.0000
0.0000
0.0000
0.0000
0.0000
3.1271
0.0000
0.0000
0.0000
0.0000
0.0000
0.7596
1.5728
0.0000
0.5473
0.0000
0.0000
0.0000
0.0000
0.5066
6.0932
0.0000
0.0000
0.0000
1.0358
3.9345
0.0000
0.0000
0.0000
0.0000
0.0000
0.0000
0.2349
0.0000
0.0000
3.6150
0.0000
0.0000
0.0000
0.0000
0.0000
0.5005
1.2837
0.0000
0.0000
0.0000
0.5449
1.4154
0.0000
0.0000
0.0000
0.0000
0.0000
0.0000
4.1375
0.0000
1.1701
0.0000
0.0000
3.9281
0.0000
0.0000
0.0000
0.0000
0.0000
0.6458
3.5713
0.0000
0.0000
0.0000
0.0000
0.0000
0.0000
0.1945
0.1466
0.0000
0.0000
0.0000
0.0000
0.1683
0.0000
0.0000
3.5981
4.1070
0.0000
0.0000
0.0000
0.1861
0.0000
0.0000
0.0000
0.0000
0.0000
1.0238
0.7540
0.0000
2.1533
0.0000
0.0422
0.0000
0.0000
0.0000
0.0000
3.8233
1.6074
0.0000
0.0000
0.0000
0.0000
0.0000
0.3682
0.0000
4.3816
0.0000
0.9716
0.7692
0.0000
0.0000
0.0000
1.4080
0.0000
0.0000
0.0000
0.4992
0.0000
0.0000
0.0000
0.0000
1.8509
0.0000
1.7104
0.7843
0.0000
0.0000
0.0000
0.0000
0.0000
0.0000
0.0000
1.2992
0.0000
0.0000
1.0951
0.0000
0.5216
0.0000
0.0000
1.5710
0.0000
0.0000
1.3485
2.2433
0.0000
1.7326
0.0000
0.0000
1.5923
0.0000
0.0000
0.0000
0.0000
0.0000
0.0000
0.0000
0.0000
0.0000
0.0000
0.0000
0.0000
0.0000
0.0000
0.0000
0.0000
0.0000
1.5625
0.8332
0.0000
0.0000
0.0000
3.4914
0.0000
0.0000
0.0000
0.0000
2.9819
0.8906
0.0000
0.0000
0.0000
0.0000
0.0000
0.0000
1.4004
0.0000
4.0023
0.0000
0.1111
0.0000
0.0000
0.0000
0.0000
0.3296
0.0000
0.0000
0.0000
0.7890
0.0000
0.2175
0.0000
0.0000
0.0000
0.0000
1.3730
0.0000
0.0000
0.0000
0.0000
0.0000
0.0000
0.2052
0.1000
3.8881
0.0000
0.0000
4.4330
2.4452
0.0561
0.0000
0.0000
0.0000
0.0000
0.0000
0.0000
0.0000
0.0000
0.0000
0.0000
3.9921
0.0000
0.0000
1.5525
0.0000
1.0730
1.4699
0.0000
0.0000
0.0000
0.0000
2.8335
0.0000
0.5034
0.0000
0.0000
0.0000
0.0000
2.4594
0.0000
0.0000
0.0000
0.1873
0.0235
0.0000
1.7654
0.0000
0.0000
0.0000
1.5111
2.9393
0.0000
0.0000
0.0000
0.0000
0.0000
3.9614
0.0000
0.0000
0.2364
0.0000
0.0000
0.0000
0.0000
0.0000
2.8536
0.0000
0.0000
0.0000
0.0000
2.7807
0.0000
1.7088
0.0000
0.0000
0.0000
0.0000
0.0000
1.6748
0.0000
0.0000
0.0000
0.7610
0.0000
4.0386
0.0000
0.0000
0.0000
0.0000
0.0000
1.4668
0.0000
0.0536
0.0000
0.0000
0.0000
0.0000
2.1998
0.0000
2.1847
0.0000
0.0000
0.0000
0.0000
0.0000
0.0000
0.3265
0.0000
0.0000
0.0000
0.0000
0.0000
0.0000
0.0000
0.0000
0.0000
1.9018
0.0000
0.0000
0.1069
0.1210
0.0000
2.8669
0.0000
0.0000
1.2760
0.0000
0.0000
0.0000
2.2677
0.0000
0.0000
0.0000
0.0000
0.0000
0.0000
2.3209
0.0000
0.0000
0.0000
0.0000
0.0000
0.0000
0.0000
0.0000
0.5949
0.0000
0.0000
0.0000
0.0000
0.0000
0.4785
0.0000
0.0000
0.0000
0.0000
0.0000
4.8934
0.0000
0.0000
4.1264
0.0000
0.0000
0.0000
0.0000
1.1883
0.0000
0.0000
1.7378
0.0000
0.0000
0.8051
0.5475
0.2118
0.0000
0.0000
0.0000
0.2359
0.3755
0.0000
0.0000
0.0000
0.0000
0.0000
0.5245
3.1019
0.0000
0.0000
0.0000
0.0000
0.0000
0.0000
0.0000
0.0000
0.0000
0.6009
0.0000
0.0000
0.0000
0.0000
0.0000
1.4577
0.0000
0.0000
0.0000
0.0000
0.0000
0.0000
0.0000
1.9717
0.0000
0.0000
0.0000
0.0000
0.0000
0.0741
0.0000
0.0755
0.0000
0.0000
0.0000
0.0000
0.0000
0.0000
0.8388
0.2285
0.0000
0.0000
0.0000
0.0000
0.0000
1.5294
0.0000
0.0000
0.0000
0.0000
0.0000
1.7955
0.0000
0.0000
0.0000
0.0000
4.9095
0.6205
0.0000
0.2053
5.0932
3.1921
0.0000
0.0000
0.0000
0.1725
0.0000
0.4356
0.0000
1.7435
0.0000
0.0000
0.7181
3.4962
0.0000
0.0000
0.0000
0.0000
0.0000
0.0000
3.0665
0.0000
0.0000
0.0000
0.0000
1.1291
0.0000
0.0000
0.4915
0.0000
0.0000
0.0000
0.0000
0.0000
0.0000
0.0000
0.0000
0.0000
0.0000
3.2224
0.0000
1.4196
0.0000
0.2879
2.2323
0.0000
0.8461
0.0000
1.7633
0.0209
0.0000
1.1848
0.0000
0.5481
0.0000
0.0000
0.0000
0.0000
0.0000
0.0000
0.0000
0.0000
0.0000
0.0000
0.0000
0.0000
0.0000
0.0000
0.0000
2.6183
0.0000
0.0000
0.0000
0.0000
0.0000
1.6807
0.0000
0.0000
0.0707
3.1211
0.0000
0.0000
0.0000
0.0000
5.8712
0.0000
2.0921
0.0000
0.9638
0.0000
0.0000
0.0000
0.0000
0.0000
0.0000
0.0000
0.6450
2.4549
1.2274
2.5916
0.0000
0.0000
1.1053
0.0000
0.0000
0.0000
0.4873
0.0000
0.8743
0.0000
0.1853
1.3650
0.0000
0.0000
0.0000
2.7213
0.0000
0.0000
0.0000
0.0000
0.0000
0.0410
0.0000
2.4355
0.5993
0.0000
0.0000
0.0000
1.0655
1.5157
0.0000
0.0000
1.7648
0.0000
0.0000
0.8067
0.7051
0.0000
0.0000
0.0000
0.8373
0.0000
0.0000
0.5226
0.0000
0.0000
0.0000
0.0000
1.7303
0.0000
0.1206
0.0000
0.0000
3.7146
0.0000
0.0000
0.0000
0.0000
0.0000
0.4438
0.5711
0.0000
0.0000
0.0000
0.0000
1.1014
1.9325
0.0000
0.4629
0.0000
0.1651
0.0000
1.7850
0.7007
0.5513
0.0000
1.1258
0.0000
0.0000
0.1669
0.0000
1.3693
0.0000
0.0000
0.0000
0.0000
0.0000
1.0061
0.0000
0.0000
0.0000
0.0000
0.0000
4.0086
0.0000
1.0723
0.0000
0.5525
0.0000
0.0000
0.0000
0.0000
1.1481
0.0000
1.4284
0.6065
0.0000
2.8759
1.3585
1.1864
0.0000
0.0000
0.0452
0.0000
0.0000
0.0000
0.0000
0.0000
0.0000
0.0000
0.0000
0.0199
0.2625
0.0000
0.0000
0.0000
0.0000
0.0000
0.0000
0.0000
0.0000
0.2145
0.0000
0.0000
1.9483
0.1817
0.8937
1.1616
0.9970
0.5007
0.7541
0.0000
0.0000
0.0000
0.0000
0.0000
0.0000
0.1629
0.0000
5.2601
0.5628
0.0000
1.5170
2.1944
0.7595
0.0000
0.0000
2.7522
0.3881
0.0000
0.0000
0.0000
0.0000
0.0000
0.0000
0.6486
0.0000
0.0000
0.0000
0.0000
0.0000
0.0000
0.0000
1.1103
0.0000
0.0000
0.0000
0.0000
0.0000
0.0000
