0.0992
0.0000
0.0000
0.0000
0.3229
0.1430
0.0000
0.0000
0.0000
1.9119
0.4197
0.0000
0.4421
0.0000
0.0000
0.0000
0.0000
0.0000
0.0000
0.0000
0.2172
0.0000
2.2293
1.2212
1.8602
1.6913
0.0000
2.0998
0.0000
0.0000
0.0182
0.0000
1.8614
0.0000
1.0874
0.0000
0.0000
0.0000
1.7598
1.5830
0.0000
0.0000
0.0000
0.0000
0.0000
0.0000
0.0000
0.0000
0.0371
0.0000
0.0000
0.0000
0.0000
0.0000
0.0000
0.0000
1.5816
0.8448
0.0000
0.0000
0.0000
1.8314
0.0000
2.2848
0.0000
0.6716
0.0000
0.0302
0.5213
0.0000
0.0436
2.9824
0.6765
0.0000
0.0000
2.2889
0.0000
0.0000
0.0000
0.0000
0.0000
0.0000
0.0000
0.0000
0.0000
0.0000
0.3780
2.1184
0.0000
0.0000
0.0000
0.0000
1.3551
0.1137
0.0000
0.0000
0.0000
0.0000
2.2663
0.0000
0.0000
0.0000
0.6497
0.0000
0.7002
1.1978
0.0000
0.0000
0.0000
3.9416
0.4177
0.0000
0.4823
0.0000
0.0000
0.0000
0.6479
0.0000
0.0000
0.0000
2.5481
0.1538
0.6386
0.2625
0.7431
0.0000
0.8978
1.6007
0.9532
0.0000
0.0000
0.0000
0.0000
0.0000
2.0678
0.0000
2.1203
1.1776
0.0000
3.1387
2.4978
0.0000
1.5722
1.8930
1.8525
0.0000
0.0000
1.9753
1.7060
0.0000
0.0000
1.0359
1.5376
0.7502
0.0000
0.0000
0.0211
0.0000
0.5254
0.0000
0.0000
0.0000
1.9754
0.0000
0.0000
0.0000
0.0000
0.0000
0.0000
2.4004
0.0000
0.0000
0.0000
0.0000
0.0000
0.0000
0.0000
0.7739
0.0000
3.7540
0.6951
2.4589
0.0000
0.0000
0.0000
0.0000
2.7949
0.0031
1.6731
0.1213
0.0000
0.0000
0.0392
0.0000
0.6392
0.0000
0.0000
0.0000
1.7904
1.9422
0.0000
0.7157
0.0000
0.0000
0.0000
0.0000
0.0000
0.3977
0.0000
0.0000
0.0000
0.0000
0.0000
0.0000
0.0000
0.0000
0.0000
0.0000
0.9318
0.0000
0.0000
0.0000
0.0000
0.0000
0.9018
0.0000
0.0000
0.0000
0.0000
0.6177
0.0000
0.8148
0.0000
0.0000
1.5029
0.0000
1.6161
0.0000
0.8154
0.0000
0.0000
0.0000
0.0000
0.0000
0.0000
0.5611
0.0000
0.0000
0.0000
0.0000
0.0000
0.0000
0.0000
0.7071
0.0000
0.5310
0.0000
0.0000
1.4436
0.0000
0.0000
0.0000
0.0000
0.0538
0.0000
0.0000
0.8780
0.3678
0.0000
0.0814
0.3817
0.0000
0.0000
0.2855
1.7946
0.0000
1.1326
0.0000
0.0000
0.0000
2.1752
0.0000
0.7246
0.0000
0.0000
0.7006
0.1027
0.0000
0.0000
0.0000
0.0000
0.0000
0.0000
0.0000
3.3412
0.0000
0.0000
0.8940
0.0000
2.1103
0.0000
0.0000
0.0000
0.0000
0.0000
0.0000
0.0000
0.0000
0.0000
0.0000
0.0000
1.5531
0.0000
1.8677
0.5200
0.0000
0.0000
0.0000
0.4821
2.0803
0.0000
1.7144
0.0000
0.0000
0.0000
2.2664
0.0000
2.3587
0.0000
1.0880
0.0000
0.0000
0.0000
0.0000
0.0000
1.6223
0.2980
0.0000
0.0000
2.7060
0.0000
0.0000
0.0000
0.0000
0.0000
2.5193
0.0000
0.7185
0.0000
0.0000
0.0000
2.6552
0.9212
0.0000
0.0000
0.0000
0.0000
0.0000
1.5992
0.0000
0.0000
0.0000
0.0000
0.0000
0.0000
0.0000
0.0000
0.0000
0.3348
0.0000
0.0000
0.3077
0.0000
0.2896
0.0000
0.0000
0.0000
0.0000
0.0000
0.0000
3.1539
0.2880
1.2091
0.0000
0.0000
0.0000
0.0000
0.0000
0.0000
0.0000
1.1371
0.0000
0.0000
0.0000
0.0000
1.0368
0.0000
0.0000
0.0000
0.1097
0.0000
0.7875
0.0000
0.0000
0.0000
0.0000
0.0000
0.0000
2.4983
0.0000
0.0000
0.0000
0.0000
3.0393
0.0000
0.6622
0.0000
0.0000
0.4640
0.0000
1.7312
0.0000
0.4083
0.0000
0.0000
0.0329
0.0000
1.4088
0.0000
0.0401
0.0000
0.0000
0.0000
0.0000
0.0000
0.0000
0.5979
0.0000
1.7923
0.0000
1.6668
0.0000
0.3454
0.0000
3.5685
1.4890
0.0000
0.0000
2.3476
1.5249
0.4769
0.0000
0.0000
0.0000
0.0000
0.0000
0.0000
0.0000
1.8692
0.0000
0.3480
0.0000
0.7725
0.0000
0.0000
0.0000
0.0000
0.0000
0.0000
0.1542
0.0000
1.4140
0.0000
0.1621
0.0000
1.3130
0.6123
0.0000
0.0000
0.0000
1.0776
0.0000
0.8922
2.1393
0.0409
1.5922
0.0000
1.7086
0.0000
0.3693
0.0000
0.0000
0.0000
0.0000
1.8955
0.0000
0.0000
0.0000
0.6789
0.0000
0.0000
0.0000
2.4855
0.0000
0.0000
0.0000
0.0000
0.0000
0.0000
1.8390
0.0000
0.1690
0.0000
0.2025
0.9409
0.0000
0.0000
0.0000
4.8385
0.0000
1.5812
0.4003
0.0000
2.5244
0.6721
0.0000
0.0490
0.0164
0.0000
0.0105
1.5427
0.0000
0.6977
0.0000
0.0000
0.6124
0.0000
0.0000
0.1346
0.0000
0.0000
0.0000
0.0000
0.0000
0.0000
0.0000
0.0000
0.0000
0.0000
0.0000
0.0000
0.1957
0.0000
0.0000
0.0000
0.0000
0.0000
0.0000
0.0000
0.0000
0.0000
2.4040
0.0085
0.0000
0.2285
0.6845
0.0000
0.0000
0.1888
0.0000
0.0000
0.0000
0.0000
0.0000
0.0000
0.0000
0.0000
0.0000
0.0000
0.8567
0.0000
0.0000
0.0000
0.0000
0.0000
0.0000
0.0000
0.0000
3.1136
0.0000
0.0000
0.2331
0.0000
0.0000
0.0000
0.0000
0.0000
0.0000
2.6320
0.0000
0.0000
1.8619
0.0000
0.0000
0.0000
0.0627
2.5459
0.0000
0.0000
0.1412
0.0284
0.0000
0.0000
4.7076
0.0000
2.6183
1.5605
0.0000
0.0000
0.0000
1.0651
0.0000
0.0000
0.0000
0.0000
1.8082
0.0000
0.9478
0.0000
0.0000
0.0000
0.0000
0.0000
0.0000
2.7224
2.8263
0.0000
1.9143
0.0000
0.0000
0.0778
0.9887
0.0000
0.0000
0.0000
0.0000
0.0000
0.0000
0.3812
0.0000
0.0000
0.5641
3.0691
0.0000
0.0000
0.0000
0.1490
0.0000
0.0000
0.2465
0.0000
1.8847
1.5801
0.0000
0.0000
0.0000
0.8743
0.0000
0.0000
0.0000
0.1588
0.0000
0.0000
0.0000
0.0000
0.0000
0.0000
0.0000
0.0000
0.0000
0.0000
0.0000
0.0000
0.0000
0.0000
1.0225
0.0000
1.0638
0.0000
0.5175
0.4895
0.1137
2.3840
0.0000
0.0000
0.0000
0.0000
0.0000
0.0000
0.0000
2.6640
1.0016
0.0000
0.7464
0.0000
0.0000
0.0000
0.0000
0.6707
1.3241
0.0000
1.2101
0.8939
0.1695
0.0000
0.0000
0.0000
0.7118
0.0000
0.0000
0.0000
0.0000
0.1079
1.2979
0.0000
0.0000
0.3410
0.0000
0.0000
0.1529
0.0000
0.0000
0.0000
1.1655
0.0000
0.0000
0.0000
1.0335
0.0000
2.6246
0.1677
0.0000
1.0903
1.0432
0.0000
0.0000
0.0000
0.1411
2.8103
0.0000
0.0000
0.0000
0.0000
0.0000
0.0000
0.0000
0.0000
0.0000
0.2024
0.0000
0.0000
0.0000
2.0534
0.0000
0.0000
1.5001
0.0000
0.0000
0.0000
0.0000
1.4220
0.0000
0.0000
0.0000
0.4332
0.0000
0.0000
0.0000
0.0000
0.0000
0.0000
0.0000
0.0000
0.8177
0.0000
0.0000
0.0191
1.2912
0.0000
0.0000
1.6219
0.0000
2.5389
0.0000
0.6468
0.0000
0.0000
0.0000
0.0000
0.1133
0.0000
0.5904
3.5661
0.4938
0.0000
0.0000
0.0000
0.0000
0.0000
0.0000
1.2309
0.0000
0.7293
0.0000
0.0000
0.0000
0.9432
0.0000
0.0000
1.9501
0.5904
0.0000
1.0389
0.0000
0.0000
0.0000
0.0758
0.0000
0.7850
0.0000
2.5276
0.0000
0.0000
0.0000
0.0000
0.0000
1.7664
0.0000
0.0000
0.0000
0.0000
0.0000
0.0000
0.8733
0.0000
0.0000
0.1566
0.0000
0.1394
0.0000
0.0000
0.2955
0.0000
0.0000
0.0000
0.0000
0.0000
0.0000
0.0000
1.3619
0.0000
0.2140
0.0000
0.0000
0.5934
0.0000
1.5983
0.0000
0.0000
0.0000
0.0000
0.0000
2.1946
0.0000
0.0000
0.0000
0.0000
2.4497
0.0000
0.0000
0.0000
0.0000
0.0000
0.0000
0.0000
0.0000
0.0000
0.0000
0.0000
0.0000
0.7472
0.0000
0.8931
0.0000
0.0000
0.0000
0.0000
1.4338
1.0352
0.0000
0.0000
0.0000
0.0000
0.0000
0.0000
0.0000
0.0000
0.0000
0.0000
0.4506
0.0000
0.0000
2.1504
0.0000
0.0000
0.3612
0.0000
0.7685
0.0000
0.0000
0.0000
0.0000
0.0000
0.0000
0.0000
1.8253
1.5111
0.1402
0.0000
0.0000
0.0000
0.0000
0.9910
0.0000
0.3056
0.5869
0.0000
0.0000
0.0000
0.0878
0.8193
0.1086
0.0000
0.0000
2.7322
2.3355
0.0000
0.0000
0.0000
4.1591
0.0000
0.0370
0.0000
0.2107
0.0000
0.0000
1.0639
0.0000
0.0000
0.5189
0.0000
0.4676
0.0000
0.6888
0.0000
0.0000
0.0000
0.1558
0.5062
0.0000
0.7481
0.0000
0.2118
0.0000
0.0000
0.0000
0.2481
0.0000
0.0000
0.0000
0.0000
0.9600
0.0000
0.0770
2.3703
1.3375
2.3357
0.0000
0.0000
0.0000
0.2135
0.0000
0.0000
0.0000
0.0000
0.4803
0.0000
0.0000
0.0000
3.1371
0.0000
0.0000
0.0000
1.0856
0.0000
2.4503
0.0000
0.0000
0.0000
1.5142
0.0000
1.5512
0.0000
2.4197
0.0000
0.0000
0.3170
1.6598
0.0000
0.4899
0.0000
2.7366
0.0000
0.0000
0.8555
0.8465
1.6824
1.5594
0.0000
0.3888
0.0000
0.0000
2.2688
0.0000
0.0000
0.0000
1.1073
0.0000
1.5461
0.0000
0.0000
1.0532
0.0000
0.0000
0.0000
0.0000
1.4920
0.0000
0.0000
0.0000
0.0739
0.0000
0.0000
0.0000
0.1639
0.0000
0.0000
0.0000
0.0000
0.0000
2.1928
0.0000
2.3128
0.0000
0.0000
1.1916
0.0000
0.0000
0.0000
0.0000
1.4123
0.0000
0.0000
0.0000
0.0000
0.0000
0.6842
0.0000
0.0000
0.2762
0.0000
0.0000
0.0000
0.0000
0.0000
0.1910
0.0000
0.0000
0.0000
0.0000
0.3391
0.8615
0.0000
0.0000
1.8317
0.0000
0.0000
1.7812
0.0000
0.1859
0.0000
0.3391
0.0000
0.0000
1.1488
0.0000
0.0000
0.0000
0.0000
0.3401
0.0000
0.0000
0.5967
0.0000
0.9346
0.0000
0.0000
0.0000
0.0000
0.0000
0.0000
1.1234
0.0000
0.0030
2.2746
0.0000
0.5742
0.0000
0.0000
0.0000
0.0000
0.0000
0.0000
0.0000
0.0000
0.0000
0.0000
0.0000
0.0000
0.0000
1.3491
0.0000
0.0000
0.0000
0.0733
0.7456
2.7548
0.0000
0.0000
1.3717
0.6317
0.7103
1.3612
0.0000
0.0000
0.0000
2.5773
0.0000
0.0000
0.0000
0.0000
0.0000
0.0000
0.0000
0.0000
0.0000
1.8938
0.0000
0.0000
0.0000
2.0736
0.3931
0.0000
1.0073
4.4150
0.0000
0.0000
0.0000
0.0000
0.0000
0.0000
0.7626
0.9023
0.0000
0.0000
0.1482
0.0000
0.0000
2.1015
0.0000
0.5779
0.0000
0.0000
0.0000
0.4024
0.0000
0.0000
0.3867
0.0000
0.0000
1.3248
0.9682
0.0000
0.0000
0.1739
0.0000
2.4175
0.0000
0.0000
0.0000
4.1900
0.0000
0.8695
0.0070
0.0000
0.0000
0.0000
0.0670
0.0000
0.0000
0.0000
0.0000
0.0000
3.6767
0.0000
0.0000
0.0000
0.0000
0.0000
0.0000
0.0000
0.0000
0.0000
0.0000
0.0000
0.0000
0.1159
0.0000
0.0000
0.0000
0.0000
0.0000
0.0000
0.0000
0.8892
0.0000
0.0000
0.0000
2.4850
0.0000
0.0000
0.0000
2.3524
0.0000
0.0000
0.0000
0.0000
1.5703
0.0000
0.0000
0.0000
0.0000
0.0000
0.8662
0.0000
0.0000
0.0000
0.0000
0.0000
0.0000
0.0000
1.0681
2.8445
0.0000
0.3869
0.0000
0.9812
0.0000
0.0000
1.9244
0.0000
0.0000
0.0000
0.0000
0.0000
0.0000
1.4802
0.0000
0.0000
0.0000
0.1104
0.1595
0.7270
0.0000
0.0000
0.0000
1.9173
0.0000
0.0000
0.0000
0.0000
0.0000
0.3056
0.0000
0.0000
0.9986
0.0000
0.0000
0.0000
0.0000
0.0000
0.0000
0.4195
0.0000
0.0000
1.5343
0.0000
0.0000
0.0000
0.0000
0.0000
1.7465
0.0000
0.0000
0.7976
1.3253
0.0000
0.0000
0.0000
0.0000
0.0000
0.0000
0.0000
0.7441
1.3252
1.2298
0.0000
1.6371
0.0000
0.0000
0.0000
0.0000
0.0000
0.0000
0.0000
0.0000
0.0000
0.0000
0.0000
0.0000
0.0000
0.0000
0.0000
0.1015
0.0000
0.0000
0.0000
0.0000
0.0000
0.0000
0.0000
0.0000
0.6952
1.4317
0.7359
0.0000
0.0000
0.0000
1.9901
3.1537
0.0000
2.7417
0.0000
0.0000
0.0000
0.0000
0.0000
0.0000
0.3744
0.0000
0.0000
0.0000
0.7965
3.4334
0.0000
0.0000
0.0000
0.0000
0.0000
0.0000
0.4835
0.0000
1.7159
0.0000
0.0119
0.0000
0.7424
0.2391
0.7992
4.4139
0.0000
0.0000
0.0000
0.0000
0.0000
0.3193
0.0000
0.0000
0.0000
0.0000
0.0000
0.0000
0.0000
0.7605
0.0000
0.0000
0.0000
1.2395
0.3866
0.4061
0.0000
0.6836
0.0000
0.0000
1.6407
0.9584
0.0000
2.2568
0.0000
0.0000
0.0000
0.8873
0.0000
0.0000
0.0000
2.0726
0.0000
0.0000
0.8531
0.0000
0.0000
0.0000
0.0000
0.0000
0.1073
0.0000
0.6220
1.6125
0.0000
1.2461
0.0000
0.0000
0.0000
0.0000
0.0000
0.0000
0.0000
1.6998
0.0000
0.0000
0.0000
0.0000
0.5993
1.5227
0.0000
0.0000
0.0000
0.0000
0.0000
0.0000
0.0000
0.0000
0.0000
0.0000
0.0000
0.0000
0.2655
0.0000
0.6330
0.0000
0.0000
0.0000
0.0160
0.0000
0.0000
0.5095
6.0475
1.1444
0.0000
0.6900
0.0000
0.0000
0.0000
0.0000
0.6163
1.6975
0.0000
0.0000
0.0000
0.0000
0.0000
0.0000
0.1517
0.0000
0.0000
0.6989
0.0000
0.0000
0.0000
0.7817
0.0000
0.0000
2.3059
3.2162
0.9453
0.3230
0.0000
0.0000
0.0000
1.8475
1.5172
0.0000
0.0000
0.0000
0.0000
1.2464
0.0000
0.0000
0.0000
2.4359
0.0000
0.7899
0.0000
0.0000
0.0000
0.0000
0.0000
1.5650
0.9333
0.5250
0.0000
0.0000
0.0000
0.0000
0.0000
0.0000
0.0000
0.0000
0.0000
0.0000
0.0000
2.5373
0.0000
0.0000
0.0000
0.0000
0.0000
0.0000
0.0000
0.5326
0.4267
1.2784
0.0000
1.1793
0.0000
0.0000
1.0280
0.7273
0.8147
2.7552
0.0466
0.0000
0.0000
0.0000
0.0000
0.9515
0.4885
0.0000
0.0000
0.0000
0.0000
0.0000
0.0000
0.0000
0.0000
0.0000
0.0000
0.0000
0.0000
0.7094
0.6346
0.3752
0.0000
0.0000
1.8655
0.0000
0.0000
0.0000
0.5486
0.7985
1.1975
0.0000
0.0000
0.7389
0.0000
1.2352
0.0000
0.0000
0.0000
0.0000
0.0000
0.0000
0.0000
0.0000
0.0000
1.2495
0.0000
0.0000
0.7681
0.3119
0.0000
0.0387
0.5729
0.0000
0.0000
0.0000
0.0000
0.0000
0.0000
0.0000
0.0000
0.0000
0.0000
0.0000
1.1394
0.1285
0.0000
0.0000
0.0000
0.2002
0.0000
0.0000
0.8189
0.0000
0.0000
0.0000
0.0000
0.0000
0.0000
0.1896
0.8392
0.1556
0.0000
0.0000
0.0675
0.0000
0.6216
0.0000
0.6883
0.7419
1.7486
0.0000
0.0000
0.0000
1.1121
1.7337
0.1499
0.0000
0.0000
0.0000
0.0000
0.0000
0.9460
0.0000
0.6453
0.0000
0.1003
0.6508
0.0000
0.0000
0.0000
0.0000
0.0000
0.0000
0.0000
0.0000
0.0000
0.0000
0.2214
0.0000
0.0799
0.0000
0.0000
0.0000
0.0000
0.0000
0.0000
0.0000
1.6796
0.0000
0.0000
1.3458
0.0000
1.0050
0.0000
0.0000
0.0000
0.4675
0.0000
0.6813
0.0000
0.0000
0.0000
0.6724
0.1105
0.1753
1.7306
1.2845
0.8094
1.1145
0.4922
1.4372
0.0000
0.0036
0.0000
0.0000
1.5487
0.0000
0.0000
0.0000
0.0000
0.0000
0.0000
0.0000
0.2362
1.4094
0.0000
2.1442
0.0000
0.0000
0.0000
0.0000
0.0000
0.0000
0.0000
1.5971
0.0161
0.7150
1.6361
0.0000
0.0000
0.0000
0.4163
0.0000
0.0000
1.2262
2.4534
0.0000
0.0000
0.0000
2.1233
1.3242
0.0000
0.0000
1.6906
0.9159
1.5421
0.0000
0.0000
0.0000
0.0000
0.0000
0.0000
0.7044
3.3132
0.0000
0.0000
1.6040
0.0000
2.2670
0.0000
0.0000
0.0000
1.9002
0.0000
0.0000
0.0000
0.0000
0.3872
0.0000
2.6883
0.0000
0.1590
0.0000
0.9575
0.1127
0.2773
0.0000
0.0000
0.0000
0.0000
0.0000
0.0000
0.0000
1.6664
0.0000
0.0000
3.3593
0.0000
0.0000
0.0000
0.0000
0.0000
0.0000
0.0000
2.4330
0.0000
0.0000
0.0000
0.0000
0.0000
1.5950
0.0000
0.0000
0.0000
0.0000
1.6895
0.0000
2.9034
0.7053
1.1616
0.0000
0.0000
0.0000
0.0000
0.0000
0.0000
2.0285
0.0000
0.8912
0.2513
0.0000
0.0000
0.0000
0.0000
0.0000
0.0000
0.0000
0.0000
0.0000
1.0272
0.0000
0.0000
0.0000
0.0000
1.0134
0.0000
0.0000
0.0000
0.0000
0.2207
0.0000
0.0000
0.0000
0.0000
0.9368
0.0000
2.4428
0.0000
0.0000
0.0000
0.0000
0.0000
0.0000
0.0000
0.0000
0.8772
0.0000
2.1850
0.0000
0.2209
0.0000
0.3413
0.0000
0.0000
0.0000
0.0000
1.6217
0.0000
0.0000
0.0000
1.8048
0.3392
0.0000
0.0000
0.0000
0.0000
0.5685
0.0000
0.0000
0.0000
0.0000
0.0000
0.0000
2.7823
2.6530
0.0000
0.0000
0.0000
0.0303
0.0000
0.0058
0.0000
1.3326
0.0000
2.9325
0.0000
0.0000
0.0000
0.5775
1.2150
0.8646
0.0000
0.8557
0.0000
0.0000
0.0000
0.0000
3.2829
0.5962
0.0000
0.0000
0.0000
0.0000
0.0000
0.0000
1.1378
0.0000
1.5762
0.0000
0.0743
1.2360
0.0000
0.0000
0.0000
0.0000
0.0000
0.0000
0.0000
1.4877
0.0000
0.0000
1.4319
2.5212
1.2457
0.0000
0.0000
0.0000
0.0000
0.0000
0.0000
0.0000
2.2205
0.0000
0.0000
1.5009
2.1839
0.0000
0.0000
0.0000
1.4033
1.2278
0.0000
0.0000
1.6690
0.0000
0.0000
0.0000
0.0000
0.2111
0.3282
0.0000
0.0000
0.0000
0.0000
1.3303
0.0000
1.7531
0.0000
0.0000
0.0000
0.0000
1.8591
0.0000
0.0000
0.0000
0.5950
1.6208
0.0000
0.0000
0.0000
0.0000
0.0000
1.3306
0.7613
0.0000
0.0000
0.0000
0.0000
2.0440
2.5480
0.6443
0.0000
0.0000
0.0000
0.0000
2.6239
0.0000
0.0000
0.0000
0.2097
0.0000
0.0000
0.0000
0.0000
0.0000
0.0000
0.0000
0.0000
1.6916
0.0000
0.0000
0.0000
0.3729
0.0000
1.4508
0.0000
0.0000
0.9522
1.1527
0.0000
1.5547
0.0000
0.0000
0.0000
0.5554
0.0000
0.0000
0.8468
0.0000
0.0000
0.0000
0.0000
0.0000
0.0000
0.0000
0.0000
0.0000
0.0000
0.0000
1.7785
0.0000
0.0000
0.0000
0.0000
0.0000
0.0000
0.0000
1.5561
0.0000
0.0000
0.4008
0.0000
0.0000
0.0000
0.0000
0.0000
0.0000
0.0000
0.3397
0.0000
1.0364
0.0000
0.0000
0.0000
0.5063
1.1026
0.0000
0.0000
0.0000
0.0000
0.4480
0.0000
0.0000
0.0000
0.0000
0.7806
0.4909
0.0000
0.2104
0.0000
0.7563
0.6715
0.0000
0.5184
0.0000
0.0000
1.1920
0.0000
0.5752
0.0000
0.1571
0.2021
2.5363
0.0000
0.0000
0.0000
0.0000
0.0000
0.0000
0.0000
0.1229
1.4058
0.0000
0.6857
0.0000
0.6187
0.0000
0.0000
0.3027
0.0000
0.0000
0.0000
0.8127
0.0000
0.0000
0.0000
0.0000
0.0000
0.0000
0.0000
0.0000
0.0000
0.0000
0.6467
0.0475
2.5013
0.0000
1.9843
0.0000
0.0000
0.0000
0.0483
0.0000
0.0000
1.6518
0.3234
1.3643
0.0000
0.0000
0.0000
2.0188
0.0000
0.0000
0.0000
0.0000
0.0000
0.0000
0.0000
0.0000
0.0000
0.0000
0.0000
0.0000
1.4146
1.4616
0.0000
1.1428
0.0000
0.0000
0.0000
0.0000
0.0000
0.0000
1.8286
0.0000
0.0000
0.0000
0.5854
0.0000
0.0000
0.0000
0.0000
0.0000
0.0000
0.0000
0.0000
0.0000
0.0000
0.0000
0.0000
0.0000
0.6207
1.5288
0.0000
0.0000
0.8896
0.0000
0.4213
0.0000
0.0000
0.2863
4.3171
0.0000
0.0000
0.0000
0.0000
0.5498
0.0000
1.7146
0.0000
0.0000
0.0000
2.5545
0.7404
0.0000
0.2893
0.0000
0.0000
4.3392
0.0000
0.0000
0.0000
1.3871
0.0000
0.0000
1.9148
0.0000
0.0503
0.7441
0.0000
0.0000
0.0000
0.0000
0.0000
0.0000
1.5124
0.0000
0.0000
0.0000
0.0000
0.0000
0.0000
0.0000
1.2562
0.0000
0.0000
0.0000
0.0000
0.0000
0.1720
0.0000
0.0000
0.0000
1.3415
0.0000
0.0762
1.4673
0.0000
0.0000
0.4499
0.1259
2.2820
0.0000
0.0000
0.0000
0.0000
0.0000
0.0000
0.0000
0.0000
0.6742
0.0000
0.5161
0.0000
0.0000
0.6371
0.0000
0.0000
2.2151
0.0000
0.0000
0.0000
0.0000
0.1253
0.9342
0.0000
0.0000
0.3700
0.0000
0.0000
0.0000
0.0000
0.6720
0.0000
0.0000
0.0338
0.0000
0.0000
0.3291
0.0000
0.0000
0.0000
0.0000
0.0000
0.5383
1.6288
0.0000
0.3398
0.0000
3.0968
5.5251
0.0000
0.0000
1.0325
0.0000
0.0000
0.0000
0.0000
0.0000
0.0000
0.0000
0.0000
0.7136
0.0000
0.0000
0.0000
0.0000
0.0000
0.0000
0.0000
0.0000
2.6630
0.0000
0.0000
0.9466
0.0000
0.1547
0.8510
0.0000
0.0000
0.8855
0.0000
0.1711
0.0000
0.2506
0.0000
0.0000
2.9116
0.0000
0.6911
0.0000
2.1791
0.0000
0.0000
1.2492
0.0000
0.0000
0.0000
0.0000
0.0000
1.1074
0.0000
0.0000
1.2873
0.0000
0.1409
0.0000
0.0000
0.9284
0.0000
0.0000
1.6074
0.4524
0.0000
0.0000
0.0000
0.0000
1.4120
0.7231
0.0000
0.5680
0.0000
0.0000
0.0000
0.0000
0.0000
0.7641
0.0000
0.0000
0.0000
0.0000
0.0000
0.2497
0.0000
3.3382
0.0000
0.0000
1.6213
0.0000
0.0000
0.0000
0.0000
0.6423
0.0000
0.3364
0.0000
1.0705
0.0000
0.0000
0.0000
0.6866
0.0000
0.0000
0.0000
0.0000
0.0000
0.5872
0.7939
0.0000
1.7916
0.0000
0.0000
0.0000
0.0000
0.0000
1.2100
2.9081
0.0000
1.3109
0.0000
0.3684
0.0000
0.0000
0.0000
0.0000
0.0000
0.4286
0.9552
0.0000
0.0000
0.0000
0.0000
0.0000
0.0000
0.0000
3.4325
0.0000
0.0000
0.0000
0.0000
3.3563
2.1140
1.5288
0.0000
0.0000
0.0000
0.0000
0.0000
0.0000
0.0000
0.0000
0.0000
0.0000
0.0000
0.0000
0.0000
0.0000
0.0000
1.0139
0.0000
0.0000
0.2846
0.0000
0.0000
0.0000
0.0000
0.0000
1.4188
0.0000
0.2153
1.1670
0.0000
0.0000
1.9811
0.0000
0.3789
0.0000
0.0000
2.8681
0.4078
0.0000
2.4587
0.4203
0.0000
0.7053
0.0000
0.0000
0.0000
0.0000
0.0000
0.0000
0.3228
0.0000
0.0000
0.0000
0.0000
0.8663
0.0000
0.0000
0.0000
0.0000
0.0000
0.6347
0.0000
0.0000
0.0000
0.0000
0.0000
1.4207
0.0000
0.0000
0.0000
0.0000
0.0000
0.0000
0.3105
0.0000
0.0000
0.0000
0.0000
3.2474
0.0000
0.0000
0.8358
0.0000
0.0000
0.0000
0.0000
1.6249
0.0000
0.0000
0.0000
0.0000
0.0000
0.0000
0.0000
0.0000
0.0000
0.5568
0.0000
0.0000
2.1138
0.0000
0.4774
0.0000
0.0000
0.0000
0.1929
1.0613
0.0000
0.0400
1.1946
0.9111
0.0000
3.3413
0.0000
0.0000
1.4245
0.0000
2.0047
0.0000
1.0706
0.0000
0.0000
0.0000
0.0000
0.0000
1.4466
0.0000
0.0000
0.4983
0.0000
0.0000
0.0000
0.4333
0.0000
0.0000
0.0000
1.2058
0.0000
0.0000
0.0000
3.6711
0.0000
0.0054
0.0000
0.0000
1.9408
0.0000
0.0000
0.0000
3.6976
1.9800
3.2470
0.0000
1.8909
3.3612
0.0000
0.0000
0.0000
0.0000
0.0000
0.0000
0.8397
0.0000
0.0000
3.5306
0.0000
0.0000
0.0000
0.0000
0.2592
0.0000
0.0000
0.0000
0.0000
0.0000
0.0000
0.4361
1.6510
0.0709
1.8243
0.0000
0.0000
0.8461
0.0000
2.0814
0.0000
0.0000
2.4244
0.0000
0.0000
0.0847
0.0000
0.0000
5.0950
0.0000
0.9461
0.0000
0.0000
0.8737
0.0000
0.0000
0.0000
0.0000
1.7068
0.0000
1.1310
0.0000
0.0000
0.0000
0.0000
0.7039
0.0000
0.0000
0.0000
0.0000
0.0000
0.0000
0.0000
0.0000
0.0000
1.3733
0.0000
0.0000
0.0000
1.5694
0.0000
0.0000
0.0000
0.7500
2.4064
0.9986
0.7513
0.1641
0.0000
1.0805
0.0000
0.0000
0.0000
0.0000
0.8725
0.0000
2.3873
0.0000
0.0000
4.3346
0.0000
0.0000
0.4329
0.0451
0.0000
1.0258
0.5157
0.0000
0.0000
0.0000
0.0000
0.4906
0.5343
0.0000
0.0000
0.9086
1.7701
0.0000
1.1680
2.6929
0.0000
0.0000
0.5958
0.0000
0.0000
0.0000
1.0520
0.0000
0.2566
0.0000
0.0000
0.6796
0.0000
0.0000
0.0000
0.0000
0.0000
1.1187
2.3505
1.0431
0.0000
0.0000
3.3906
0.0000
0.0000
0.0000
0.8983
0.0000
1.3109
0.0000
0.0000
0.0000
1.0460
0.0000
0.0000
0.9725
0.0000
0.0000
0.0000
0.0000
1.1005
2.2903
0.0000
0.0000
2.7131
1.7574
0.0000
0.0000
0.0000
0.0000
0.0000
1.5901
0.9578
0.0000
0.0000
0.0000
0.5150
1.4189
0.0000
1.7034
3.3781
0.0000
0.0000
0.0000
0.0000
3.9722
0.0000
0.0000
0.0000
0.0000
0.0000
0.0000
0.0000
0.0000
0.0000
0.0000
0.0000
0.0000
0.3293
2.3084
0.0000
0.0000
0.0000
0.0000
0.0000
0.3975
0.0000
0.0000
0.0000
0.0000
4.4755
1.2272
0.0000
0.0000
0.5410
0.0000
0.0000
0.5716
1.3477
0.0000
0.0000
0.4149
2.4739
0.7670
0.0000
0.0000
0.0000
0.0000
0.0000
0.0570
1.1064
0.0000
0.0000
7.7847
0.6086
0.7873
0.0000
0.0000
0.0000
0.0000
0.0000
0.0000
0.0000
0.0000
0.0000
0.0000
0.0000
0.0000
0.8056
0.2953
0.0000
0.0000
0.0000
0.0000
0.0000
0.8582
0.0000
0.0000
0.3714
0.0000
1.3421
0.0000
0.0000
2.7986
0.0000
0.6156
2.8299
0.0000
0.0000
0.0000
0.0000
0.0000
0.0000
0.0000
0.6895
0.0000
0.0000
0.0000
0.0000
0.0000
0.0000
0.0000
0.0000
4.0959
0.0000
0.7681
1.9742
0.0000
0.0000
0.0000
0.0000
0.0000
0.0000
0.0000
0.0000
0.0000
0.3382
0.1021
0.0000
0.0000
1.9609
1.0029
0.0000
0.0000
0.0000
0.0000
1.1830
0.0000
0.0000
0.0000
0.0000
0.0000
0.6462
0.0000
0.0000
0.0000
0.0000
0.3173
0.0000
0.0311
0.0000
0.0000
0.0097
0.0000
0.0000
0.5073
0.4083
1.0201
0.0000
1.9418
1.0940
0.0000
3.0443
1.2504
0.0810
3.3140
0.7125
0.0000
0.0000
0.0000
0.0000
0.9763
0.0000
0.0000
0.0000
0.6098
0.0000
0.0000
0.0000
0.0000
0.7016
0.0000
2.1607
0.0000
2.2817
0.0000
0.0000
0.5939
0.3577
3.0204
0.0000
0.0000
0.0000
0.0000
1.8539
0.2260
0.0000
1.0468
0.0000
0.0000
1.0311
0.0000
0.0000
3.1271
0.0000
0.0000
3.2773
0.0000
1.9095
0.0000
0.0000
0.0000
0.0000
4.5221
0.0000
0.0000
0.0000
0.0000
0.0184
0.5604
0.2892
0.3728
1.3976
0.0000
0.0000
0.0000
0.9234
0.0000
0.0000
0.3817
0.0000
0.0000
0.0000
0.0000
0.0000
2.4109
0.1100
0.0000
0.0000
0.0000
0.0000
2.8988
0.4252
0.0000
0.0000
0.0000
0.0000
0.8295
0.0000
0.0000
0.0256
2.0925
0.0000
0.0000
1.7368
0.0000
0.4505
2.3634
0.3523
0.0000
0.0000
0.0000
0.1918
0.0000
0.0000
0.3872
0.0000
1.8168
0.0000
0.9228
0.0000
0.0000
0.0000
0.0000
0.0000
0.0000
0.5928
0.2633
0.0000
0.0000
0.0000
0.0000
1.0521
0.4658
0.0000
0.3331
0.2737
0.0000
0.0000
0.0000
0.0000
0.0000
0.0000
1.2589
0.0000
0.0000
0.6681
0.0533
1.2925
0.0000
3.3539
0.0000
0.5444
0.0000
2.3328
0.0000
0.0000
0.0000
0.0000
0.0000
0.0000
0.0000
0.7511
0.1656
0.0000
0.0000
0.0000
0.0000
0.0000
0.8737
0.0000
0.0000
0.0000
1.2645
0.0000
0.0000
0.0000
2.5120
0.0000
0.0000
0.0000
2.2534
0.0000
0.0000
0.0000
1.4972
0.0000
0.0000
0.0000
0.0000
0.0000
0.0000
0.0000
0.0000
0.4735
0.0000
0.0000
0.0000
0.0000
0.0000
0.0000
0.0000
0.0000
0.6549
0.0000
0.0000
0.0000
0.7548
0.0000
0.7891
0.5458
0.0000
0.0000
0.0000
0.0000
0.0000
0.0000
0.0000
0.0000
0.0000
0.0000
1.9122
0.0000
0.0000
0.0000
0.0000
0.0000
0.0000
0.0000
0.0000
0.5771
0.0000
0.0000
0.0000
0.0000
0.0000
1.7337
1.7673
0.0000
0.0000
0.5038
0.0000
0.0000
1.2545
0.0822
0.0000
0.0000
0.0000
0.0000
0.0000
1.2583
0.0000
3.3900
0.0000
0.0000
1.1204
0.0000
0.0000
0.0000
0.0000
0.0000
1.2675
0.0000
0.0000
0.0000
0.0000
0.0000
0.0000
0.0000
0.6134
0.0000
0.0000
1.3792
2.2399
0.0000
0.6973
0.0000
0.0000
0.0000
0.0000
0.1629
0.8963
0.0000
0.0000
0.0000
0.1404
0.0000
0.3481
0.0000
0.0000
0.0000
0.0000
0.0000
1.8495
0.6308
0.0000
0.0000
0.0000
0.4305
0.9471
0.0000
0.0000
0.0000
0.0000
0.0000
0.0000
0.0000
0.0000
0.0000
1.1080
0.0000
0.0000
0.0000
0.3973
0.0000
0.0043
0.0000
0.0000
0.3862
0.0000
0.4727
0.0000
0.0000
0.0000
0.0000
0.0000
0.0000
0.0000
0.1322
0.0000
0.0000
0.0000
0.0000
0.0000
0.0000
0.0000
0.0000
0.2560
0.0000
0.0000
0.0000
1.1850
0.0000
0.0000
0.0000
0.0000
1.1454
0.0000
2.1634
0.0000
0.0000
0.0000
0.0000
0.0000
0.0000
0.0000
0.6322
0.0000
0.0000
0.0000
0.0000
0.0000
0.0000
0.0000
0.4217
0.0000
1.5712
0.0000
0.0000
0.2992
0.9278
0.0000
0.8592
0.0000
0.0000
0.0000
0.0000
0.9572
0.0000
0.0000
0.0000
1.7022
0.0000
3.4366
0.0000
0.0000
1.2694
0.0000
0.0000
0.0000
0.0000
1.5420
0.0000
2.5561
0.0000
0.0000
1.4719
1.1744
0.1780
1.6642
0.0000
3.2493
0.3184
0.0000
0.0000
0.7050
0.0000
2.2913
0.0000
0.0000
0.0000
0.8124
0.0000
0.0000
1.1615
0.0000
0.0000
2.0191
0.0000
0.0000
0.0000
0.0000
3.7766
0.0000
0.1635
0.0000
0.0000
0.0000
0.0000
0.0000
3.4243
0.0000
0.0000
0.0000
0.0000
0.0000
0.0000
1.6561
0.9598
1.3968
0.0000
0.0000
0.4424
0.0000
0.4351
3.8861
0.0000
0.0000
0.0000
0.6262
2.9080
0.0000
0.0000
0.0000
0.0000
0.0000
0.0000
0.8353
0.0000
0.0000
3.0531
0.0000
0.0000
0.0000
0.0000
0.0000
0.3696
0.4520
0.0000
0.0000
0.0000
0.4323
1.7546
0.0000
0.4199
0.0000
0.0000
0.0000
0.0000
4.2291
0.0000
1.9551
0.0000
0.0000
3.2196
0.0166
0.0000
0.0000
0.0000
0.0000
0.0000
4.0950
0.0000
0.0000
0.0000
0.0000
0.0000
0.0000
0.2418
0.5476
0.0000
0.0000
0.0000
0.0000
0.3439
0.0000
0.0000
3.2406
4.1637
0.0000
0.0000
0.0000
0.0000
0.6913
0.0000
0.0000
0.0000
0.0000
1.3563
1.1278
0.0000
0.0080
0.0000
0.0000
0.0000
0.0000
0.0000
0.0000
3.1092
1.2952
0.0000
0.0000
0.0000
0.0000
0.0000
0.0000
0.0000
4.3238
0.0000
2.3567
0.0000
0.0000
0.0000
0.0000
1.1788
0.0000
0.0000
0.4388
0.3794
0.0000
0.0000
0.0000
0.0000
2.7610
0.0000
2.5153
2.2027
0.0000
0.0000
0.0000
0.0000
0.0000
0.0000
0.0000
2.6040
0.0000
0.0000
1.5056
0.0000
1.1717
0.0000
0.0000
0.4598
0.0000
0.0000
0.4886
3.5601
0.3576
2.1385
0.2129
0.0000
2.6778
0.0000
0.0000
0.0000
0.0000
0.0338
0.0670
0.1571
0.0000
0.0000
0.0000
0.0000
0.0000
0.0000
0.0000
0.0000
0.0000
0.0000
0.8134
1.0234
0.0000
0.0000
0.0000
3.2054
0.0000
0.0000
0.0000
0.0000
0.9517
1.5851
0.0000
0.3925
0.0000
0.0000
0.0000
0.0000
0.5559
0.0000
2.8172
0.0000
0.3810
0.0000
0.0000
0.0000
0.0000
0.6020
0.0000
0.0000
0.0000
1.6726
0.0000
0.5969
0.0000
0.0000
0.0055
0.0000
1.7904
0.0000
0.0000
0.0000
0.0000
0.0000
0.0000
1.0930
0.6441
2.3576
0.0000
0.0000
2.7812
1.0902
0.7920
0.0000
0.0000
0.0882
0.0000
0.0000
0.0000
0.0000
0.0000
0.0000
0.4997
2.7627
0.0000
0.0000
1.2207
0.6146
2.1244
0.0000
0.0000
0.0000
0.0000
0.0000
2.2923
0.0000
0.0000
0.0000
0.0174
0.0000
0.5637
1.8970
0.0000
0.0000
0.1499
0.2278
0.6387
0.0000
1.6231
0.0000
0.0000
0.0000
1.2332
1.1138
0.0000
0.0000
0.0000
0.0000
0.0000
2.3038
0.4774
0.0000
0.0000
0.0000
0.0000
0.0000
0.0000
0.0000
2.2103
0.0000
0.0000
0.0000
0.0000
2.1034
0.0000
1.3848
0.0000
0.0000
0.0000
0.0000
0.0000
0.9031
0.0000
0.0000
0.0000
0.4230
0.0000
3.6402
0.0000
0.0000
0.0000
0.0000
0.0000
0.7535
0.3866
0.0000
0.0000
0.0000
0.0000
0.0000
1.6332
0.0000
1.4680
0.0000
0.0000
0.0000
0.0000
0.0000
0.0000
0.0000
0.0000
0.3666
0.0000
0.0000
0.0000
0.0000
0.0000
0.5248
0.0000
0.9677
0.0000
0.0000
0.6736
0.4683
0.0000
3.7181
0.5952
0.0000
0.5313
0.0000
0.0000
0.0000
2.5949
0.0000
0.0000
0.0000
0.0000
0.0000
0.0000
0.4329
0.0000
0.0000
0.0000
0.0000
0.9387
0.0000
0.0000
0.0000
0.0000
0.0000
0.0000
0.0000
0.0000
0.0000
0.4777
0.0000
0.0000
0.0000
0.0000
0.0000
2.7966
0.6551
0.0000
2.9404
0.7249
0.0000
0.0000
0.0000
2.1426
0.0000
0.0000
0.9919
0.0000
0.0000
1.6085
0.9643
1.5540
0.0000
0.5572
0.0000
0.4662
0.1790
0.0000
0.2153
0.0000
0.0000
0.0000
0.0000
1.4688
0.0000
0.0000
0.0000
0.0000
0.0000
0.0000
0.0000
0.0000
0.0000
1.3460
0.0000
0.0000
0.0000
0.0000
0.0000
1.3530
0.4558
0.0000
0.0000
0.0000
0.0000
0.0000
0.0000
0.2087
0.0000
0.0000
0.0000
0.0000
0.0000
0.0000
0.0000
0.4108
0.0000
0.0000
0.0000
0.0000
0.0000
0.0000
0.1323
0.1075
0.0000
0.1158
0.0000
0.0000
0.0000
1.3948
0.0000
0.0000
0.0000
0.0000
0.0964
1.9615
1.8329
0.0000
0.0000
0.0000
3.8463
0.0000
0.0000
0.2425
3.7248
1.9744
0.0000
0.0000
0.0000
0.0000
0.0000
0.7883
0.0000
1.6460
0.0000
0.0000
2.0398
3.0765
0.0000
0.1466
0.0000
0.0000
0.0000
0.0000
2.8112
0.0000
0.0000
0.0000
0.0000
1.2689
0.0000
0.0000
0.3810
0.1173
0.0000
0.0000
0.0000
0.2291
0.0000
0.0000
0.0000
0.0000
0.0000
3.7829
0.0000
1.9330
0.0000
0.2729
3.1298
0.0000
0.0000
0.0000
1.9538
0.6003
0.0000
0.4542
0.0000
0.0000
0.0000
0.0000
0.0000
0.0000
0.0000
0.0000
0.0000
0.0000
0.0000
0.0000
0.0000
0.0000
0.0000
0.0000
0.3288
2.2515
0.0000
0.6903
0.0000
0.0000
0.0000
0.6727
0.4540
0.0000
0.4794
2.7181
0.0000
0.0000
0.0000
0.0000
6.1886
0.0000
1.2849
0.0000
0.6100
0.0000
0.0000
0.0000
0.0000
0.0000
0.0000
0.0000
0.0000
1.6536
1.4685
2.7807
0.0000
0.0000
1.5122
0.0000
0.0000
0.0000
0.1650
0.0000
1.4959
0.0000
0.0000
1.0615
0.0000
0.0000
0.0000
1.2070
0.4132
0.0000
0.0000
0.0000
0.0000
0.4744
0.7334
1.0910
1.1488
0.0000
0.0000
0.0000
0.9708
2.6849
0.0000
0.0000
1.2224
0.0000
0.0000
1.0392
0.2371
0.0000
0.0000
0.0000
1.2550
0.0000
0.3584
0.0000
0.0000
0.0000
0.0000
0.0000
0.3360
1.9056
0.0000
0.0000
0.0000
3.9496
0.0000
0.6734
0.0000
0.0000
1.3787
0.0000
0.3446
0.0000
0.0000
0.4794
0.0000
2.7209
0.7009
0.0000
0.5558
0.0000
0.3112
0.1380
0.0000
0.3625
0.0704
0.0000
1.1173
0.0505
0.0000
0.4973
0.0000
0.5713
0.0000
0.0000
0.0000
0.0000
0.2113
0.9350
0.0000
0.0000
0.0000
0.0000
0.0000
4.9360
0.0000
0.8805
0.0000
0.7679
0.0000
0.0000
0.0000
0.0000
1.5795
0.0000
1.9574
0.0000
0.0000
2.1424
2.4283
0.7863
0.0000
0.0000
0.8505
0.0000
0.0000
0.0000
0.0000
0.0000
0.3850
0.0000
0.0000
0.0000
0.0000
0.0000
0.0000
0.0000
0.0000
0.0000
0.0000
0.0000
0.1593
0.2472
0.0000
0.0000
1.1322
0.7598
0.0000
1.8542
0.9096
1.6878
0.0000
0.0000
0.3118
0.0000
0.0000
0.0000
0.0000
0.4176
0.0000
5.5753
1.1187
0.0000
1.0330
1.3662
0.5585
0.6946
0.0000
2.3493
0.2322
0.0000
0.0000
0.0000
0.0000
0.0000
0.0000
0.5372
1.0730
0.4007
0.0000
0.0000
0.0000
0.0000
0.0000
2.6953
0.0000
0.7129
0.0000
0.0000
0.6716
0.0000
