0.0000
0.0000
0.0000
0.0000
0.4229
0.0000
0.0000
0.0000
0.1315
1.3338
0.0000
0.0000
0.8938
0.0000
0.0000
0.0000
0.0000
0.0000
0.0000
0.0000
2.0033
0.0000
2.3637
1.2441
1.9370
1.1135
0.0000
1.7886
0.0000
0.0000
0.0000
0.0000
2.4553
0.0000
1.4574
0.0000
0.0000
0.0000
0.9482
0.6143
0.0000
0.0000
0.0000
0.0000
0.0000
0.0000
0.0000
0.0000
0.0000
0.4681
0.0000
0.0000
0.0000
0.0000
0.0000
0.0000
0.9929
0.0000
0.0000
0.0000
0.0000
2.9724
0.0000
3.9923
0.0000
1.9504
0.0000
0.0000
0.0000
0.0000
1.0749
3.9707
0.6826
0.0000
0.0000
2.9871
0.0000
0.0000
0.0000
0.0000
0.7105
0.0000
0.0000
0.0000
0.0000
0.0000
1.4203
2.3370
0.3955
0.0000
0.0000
0.0000
0.2638
1.9417
0.0000
0.0000
0.0000
0.0000
2.6338
0.0000
0.0000
0.0000
0.0000
0.0000
0.0135
0.6792
0.0000
0.0000
0.5987
3.2168
0.0000
0.0000
0.5557
0.1003
0.0000
0.0000
0.3184
0.0000
0.0000
0.0000
1.5879
0.2769
0.4219
0.6374
0.7868
0.0000
0.6658
1.4524
0.3016
0.3372
0.0000
0.0000
0.0000
0.0000
1.8127
0.0000
1.9732
0.7411
0.0000
3.6602
2.6184
0.0000
1.5551
1.3631
1.6536
0.0000
0.0000
2.5994
2.2556
0.0000
0.0000
1.9458
1.5398
0.0000
0.0000
0.0444
0.0533
0.0000
0.0000
0.0000
0.0000
0.0000
1.7183
0.0000
0.0000
0.3713
0.0000
0.0000
0.0000
2.3303
0.0000
0.0000
0.0000
0.0000
0.0000
0.0000
0.0000
0.0000
0.0000
4.7569
0.0351
2.4408
0.0000
0.0000
0.0000
0.0000
0.8346
0.0000
2.1876
0.5413
0.0000
0.0000
0.0000
0.0000
0.9237
0.0000
0.0000
0.0000
2.7750
2.0242
0.0000
0.4452
0.0000
0.0000
0.0000
0.0000
0.0000
0.0000
0.0000
0.0000
0.0000
0.0000
0.0000
0.0000
0.0000
0.0000
0.0000
0.0000
0.3647
0.0000
0.0000
0.0000
0.0000
0.0000
0.3233
0.0000
0.0000
0.1497
0.0000
0.0000
0.0000
0.0000
0.0000
0.0000
2.2256
0.0000
1.0979
0.0000
2.4086
0.0000
0.0000
0.0000
0.0000
0.0000
0.0000
0.0000
0.0000
0.0000
0.0000
0.0000
0.0000
0.0000
0.0000
0.0000
0.0000
0.2742
0.0000
0.0000
1.4875
0.0000
0.0000
0.0569
0.0000
0.0000
0.0000
0.0000
0.3361
0.0000
0.0000
0.7694
0.8224
0.0000
0.0000
0.4466
1.6767
0.0000
0.7010
0.0000
1.1936
0.0000
0.0017
0.0000
0.5772
0.0000
0.0000
1.3235
0.3394
0.1156
0.0000
0.0000
0.0000
0.0000
0.0000
0.0000
3.6488
0.0000
0.2237
0.7684
0.0000
0.9948
0.0000
0.0000
0.0000
0.0000
0.0000
0.0000
0.0000
0.0000
0.0000
0.0000
0.0000
0.0000
0.0000
0.8715
0.9916
0.0000
0.0000
0.0000
0.2078
1.7149
0.0000
0.0000
0.0000
0.0000
0.0000
2.9679
0.0000
1.2161
0.0000
2.3757
0.0000
0.0000
0.0000
0.0000
0.0000
1.0532
2.3545
0.0000
0.0000
3.6110
0.0000
0.0000
0.0000
0.0000
0.0000
3.0699
0.0000
0.0000
0.0000
0.0000
0.0000
2.7024
0.8155
0.0000
0.0000
0.3133
0.0000
0.0000
1.1585
0.0000
0.0000
0.0000
0.0000
0.0000
0.0000
0.0176
0.0000
0.0000
0.0000
0.0000
0.0000
0.5756
0.0000
0.0000
0.0410
0.0000
0.0000
1.5154
0.0000
0.0000
3.5904
0.0000
1.8016
0.0000
0.0000
0.0000
0.0000
0.0000
0.0000
0.0000
0.4394
0.0000
0.0000
0.0000
0.0000
0.4815
0.0000
0.0000
0.0000
0.7680
0.0000
0.3018
0.0000
0.0000
0.0000
0.0000
0.0000
0.0000
3.2844
0.0000
0.0000
0.0000
0.0000
2.9953
0.0000
0.0000
0.0000
0.0000
0.0000
0.0000
0.7228
0.0000
0.2870
0.0000
0.0000
0.0000
0.0000
0.6969
0.0000
0.0000
0.0000
0.0000
0.0000
0.0000
0.0000
0.0000
0.0000
0.0000
2.1720
0.0000
2.5552
0.0000
0.1139
0.0000
5.0049
1.0618
0.0979
0.0000
2.1597
0.0000
0.2082
0.0000
0.0000
0.0000
0.0000
0.0000
0.0000
0.0000
0.0000
0.0000
0.9547
0.0000
0.3354
0.0000
0.9723
0.0000
0.4178
0.7264
0.0000
0.0000
0.0000
2.6724
0.0000
0.0000
0.0000
0.6326
0.6181
0.0000
0.0000
0.0000
0.0000
0.0000
0.0000
2.9195
0.0000
1.0558
0.0000
1.1765
0.0000
1.1249
0.0000
0.0000
0.0000
0.0000
0.8384
0.1003
0.0000
0.0000
0.0435
0.0000
0.0000
0.0000
2.3218
0.0000
0.7712
0.0000
0.0000
0.0000
0.0000
3.3410
0.3046
0.0000
0.0000
1.6100
0.1763
0.0000
0.0000
0.0000
6.3107
0.0000
1.4770
2.5155
0.0000
1.6542
0.1664
0.0000
0.2658
0.2880
0.0000
0.0000
1.4577
0.2171
1.4799
0.0000
0.4603
0.5680
0.0000
0.0000
1.2778
0.0000
0.0000
0.0000
0.0000
0.0000
0.0000
0.0000
0.0000
0.0000
0.0000
0.0000
0.0000
0.0000
0.0000
0.0000
0.0000
0.0000
0.0000
0.0000
0.6102
0.0000
0.0888
2.9545
0.0000
0.0000
0.0870
1.5839
0.0000
0.0000
0.2895
0.0000
0.0000
0.0000
0.0000
0.0000
0.0000
0.0000
0.0000
0.0000
0.0000
0.6068
0.0000
0.0000
0.0000
0.0000
0.0000
0.0000
0.0000
0.0000
2.2336
0.0000
0.0000
0.0000
0.0000
0.0000
0.0000
0.0000
0.0000
0.0000
2.5434
0.2510
0.0000
2.2270
0.0000
0.0000
0.0000
0.4236
1.9602
0.0000
0.0000
0.1949
0.0000
0.0000
0.0000
5.2580
0.0000
2.3531
1.2548
0.0000
0.0000
0.0000
1.8827
0.0000
0.0000
0.0000
0.0000
2.6218
0.0000
0.0000
0.1730
0.0000
0.0000
0.0000
0.0000
0.0000
3.4192
3.4694
0.0000
2.1735
0.0000
0.0000
0.4021
0.0097
0.0000
0.0000
0.0000
0.0000
0.0000
0.7939
0.5315
0.0000
0.0000
1.4938
5.8763
0.0000
0.0000
0.0000
1.7930
0.0000
0.0000
0.0000
0.0000
0.8986
0.4703
0.0000
0.0000
0.0000
0.0000
0.0000
0.0000
0.0000
1.1609
0.0000
0.0000
0.0000
0.0000
0.0000
0.0000
0.0000
0.0000
0.0000
0.0000
0.0000
0.0000
0.0000
0.0000
1.7021
0.0000
0.5943
0.0000
1.2822
1.2833
0.0000
3.0245
0.0000
0.0000
0.0000
0.0000
0.0000
0.2200
0.0000
2.4395
0.9924
0.0000
1.5654
0.0000
0.0000
0.0000
0.0000
0.6725
1.4342
0.0000
2.4621
0.0000
0.0000
0.0000
0.0000
0.0000
0.0000
0.0000
0.0000
0.0000
0.0000
1.6620
0.8509
0.0000
0.0000
0.0000
0.0000
0.0000
0.2741
0.0000
0.0000
0.0000
0.6450
0.0000
0.0000
0.0000
0.9700
0.0000
2.4476
1.4649
0.0000
0.0000
0.5957
0.0000
0.0000
0.0000
0.0000
3.3383
0.0000
0.0000
0.0000
0.0000
0.0000
0.0000
0.0000
0.0000
0.0000
0.0000
0.0000
0.3040
0.0000
2.0832
0.0000
0.0000
0.7849
0.0000
0.0000
0.0000
0.0000
1.9177
0.0000
0.0000
0.0000
0.1617
0.0000
0.0000
0.0000
0.0000
0.9468
0.0000
0.0000
0.0000
1.6612
0.0000
0.0000
0.0000
1.1699
0.0000
0.0000
0.0000
0.0000
1.7586
0.1123
0.7804
0.0000
0.0000
0.0000
0.0000
0.0000
0.0000
0.2136
3.7063
0.0000
0.0000
0.0000
0.0000
0.0000
0.0000
0.0000
0.8147
0.0000
0.0000
0.1971
0.0000
0.0000
2.3723
0.0000
0.5699
1.5390
1.4088
0.0000
1.4307
0.0000
0.0000
0.0000
0.0000
0.0000
0.0000
0.0000
2.0105
0.0000
0.0000
0.0000
0.0000
0.0000
1.4813
0.0000
0.0000
0.0000
0.0000
0.0000
0.0000
1.7518
0.0000
0.0000
1.7829
0.0000
0.0192
0.0000
0.0000
0.0553
0.0000
0.3071
0.0000
0.0000
0.0000
0.0000
0.0000
0.5413
0.0000
1.0700
0.0000
0.0000
0.0000
0.0000
0.8312
0.0000
0.0000
0.0000
0.7569
0.0000
1.6217
0.0000
0.3736
0.0000
0.0000
2.1308
0.0000
0.0000
0.0000
0.0000
0.0000
0.0000
0.0000
0.0000
0.0000
0.0000
0.0000
0.0000
1.6757
0.0000
0.6913
0.0000
0.0000
0.0000
0.0000
1.6789
0.8699
0.0000
0.0000
0.0000
0.0000
0.0000
0.0000
0.0000
0.0000
0.0000
0.0000
1.9132
0.0000
0.0000
1.7199
0.0000
0.0000
0.0000
0.0000
0.6083
0.0000
0.0000
0.0000
0.0000
2.0572
0.0000
0.0000
3.6809
1.8760
0.0000
0.0000
0.0000
0.0000
0.0000
1.3169
0.0000
0.0000
0.0000
0.0000
0.0000
0.0000
0.1056
0.0000
0.0000
0.0000
0.0000
2.6809
2.6384
0.0000
0.0000
0.0000
5.1735
0.0000
0.1935
0.0000
0.0000
0.0130
0.0000
1.4234
0.0000
0.0000
0.0000
0.0000
0.0000
0.0000
0.6431
0.0000
0.0000
0.0000
0.6555
1.2431
0.0000
2.0674
0.0000
0.0000
0.0000
0.0000
0.0000
0.0657
0.0000
0.0279
0.0000
0.0000
0.9296
0.0000
0.6382
2.3700
2.2365
3.0798
0.0000
0.0000
0.0000
0.5219
0.0000
0.0000
0.0000
0.0000
0.0000
0.0000
0.0000
0.0000
3.0532
0.0000
0.0000
0.0000
0.9690
0.0000
1.7904
0.0000
0.0000
0.0000
0.8445
0.0000
0.6066
0.0000
2.1624
0.0000
0.0000
0.4819
3.0097
0.0000
0.0412
0.0000
1.3085
0.0000
0.0000
0.0000
0.1996
1.1498
0.3454
0.0000
0.0877
0.0000
0.0000
2.3321
0.0000
0.0000
0.0000
0.0000
0.0000
2.0474
0.0000
0.0000
1.1038
0.0000
0.0000
0.0000
0.0000
2.3530
0.0000
0.0000
0.0000
0.0000
0.0000
0.0000
0.0000
0.0000
0.0000
0.0000
0.0000
0.0000
0.0000
3.7114
0.0000
2.0992
0.0000
0.7621
1.5823
0.0000
0.0000
0.0000
0.0000
2.0899
0.0000
0.0000
0.0000
0.0000
0.0000
1.5261
0.0000
0.0000
0.4245
0.0000
0.0000
0.0000
0.0000
0.0000
0.1103
0.0000
0.0000
0.0000
0.0000
1.0331
0.0000
0.0000
0.0000
0.0537
0.0000
0.0000
0.3969
0.0000
0.1467
0.0000
0.0000
0.0000
0.0000
0.2982
0.0000
0.0000
0.0000
0.0000
0.0000
0.0000
0.0000
0.6346
0.0000
0.0853
0.0000
0.0000
0.0000
0.0000
0.0000
0.0000
0.2550
0.0000
0.0000
2.0611
0.0397
0.6772
0.0000
0.0000
0.0000
0.0000
0.0000
0.0000
0.0000
0.0000
0.0000
0.0000
0.0000
0.0000
0.0000
2.4211
0.0000
0.0000
0.0000
0.5806
0.0603
3.5129
0.0000
0.0000
0.0000
0.0000
0.7455
1.1082
0.0000
0.0000
0.0000
1.4220
0.0000
0.4850
0.0000
0.0000
0.0000
0.0000
0.0000
0.0000
0.0000
2.0341
0.1568
0.0000
0.3367
3.9511
0.0000
0.0000
1.8539
4.1108
0.0000
0.0000
0.0000
0.0000
0.0000
0.0000
1.5957
0.0000
0.0000
0.0000
0.0000
0.0000
0.0000
1.9938
0.0000
2.0359
0.0000
0.0000
0.0000
0.4869
0.0000
0.0000
0.0000
0.0000
0.0000
1.4556
1.0866
0.0000
0.0000
1.0997
0.0000
0.1924
0.0000
0.0000
0.0000
4.4151
0.0000
0.3127
0.0000
0.2699
0.0000
0.0000
0.0000
0.0000
0.0000
0.0000
0.0000
0.0000
3.9838
0.0000
0.0000
0.0000
0.0000
0.0000
0.0000
0.0000
0.0000
0.0000
0.0000
0.0000
0.0000
0.0000
0.0000
0.1818
0.0000
0.0000
0.0000
0.0000
0.0000
0.7860
0.0000
0.0000
0.0000
2.3821
0.0000
0.0000
0.0000
2.7509
0.0000
0.8774
0.0000
0.0000
1.3125
0.0000
0.0000
0.0000
0.0000
0.0000
0.1112
0.0000
0.0000
0.0000
0.0000
0.0000
0.0000
0.0000
1.4167
2.7723
0.0000
0.1765
0.0000
0.6384
0.0000
0.0000
1.4197
0.0000
0.0000
0.0000
0.0000
0.0000
0.0000
0.9965
0.0000
0.0000
0.0000
0.0000
0.0000
1.0400
0.0000
0.0000
0.0000
1.4442
0.0000
0.0000
0.0000
0.0000
0.0000
0.8383
0.0000
0.0000
0.0000
0.0000
0.0000
0.0000
0.0000
0.0000
0.0000
0.0000
0.0000
0.0000
0.8000
0.0000
0.0000
0.0000
0.8633
0.0000
1.0365
0.0000
0.0789
0.8569
1.7748
0.0000
0.1535
0.0000
0.0000
0.0000
0.0000
0.0000
0.9017
1.4289
1.2018
0.0000
1.3075
0.0000
0.0000
0.0000
0.0000
0.0000
0.0000
0.0000
0.0000
0.0000
0.0000
0.0000
0.0000
0.0000
0.5477
0.0000
0.3794
0.0000
0.0000
0.0000
0.1060
0.0000
1.9777
0.0000
0.0000
1.0069
0.4581
0.0000
0.0000
0.0000
0.0000
2.1844
4.2795
0.0000
1.4250
0.0000
0.0000
0.0000
0.0000
0.0000
0.0000
0.1324
0.0000
0.0000
0.0000
1.2908
3.5765
0.5696
0.0000
0.0000
0.4608
0.0000
0.0000
1.0683
0.0000
3.6593
0.0000
0.0000
0.2943
0.0000
1.1695
1.4039
2.9839
0.0000
0.0000
0.0000
0.0000
0.0000
0.0000
0.1125
0.0000
0.0000
0.0000
0.0000
0.0000
0.0000
0.0000
0.0000
0.0000
0.0000
1.9396
0.0000
0.0000
0.0000
0.0000
0.0000
0.0000
0.2302
0.0000
0.0000
1.6907
0.0000
0.0000
0.0000
1.3250
0.0000
0.0000
0.0000
1.7814
0.0000
0.0000
0.4928
0.0000
0.0000
0.0000
0.0000
0.0000
0.0000
0.0694
0.0000
1.3950
0.0000
2.3835
0.0000
0.0000
0.0000
0.0000
0.0000
0.0000
0.0000
1.2792
0.0000
0.0000
0.7504
0.0000
2.6479
2.7798
0.0000
0.0000
0.0000
0.0000
0.0000
0.0000
0.0000
0.0000
0.0000
0.0000
0.3483
0.0000
0.6893
0.0000
0.9310
0.0000
0.0000
0.0000
0.0000
0.0000
0.0000
0.0800
4.9538
0.6198
0.0000
0.0000
0.0000
0.5037
0.0000
0.0000
1.0673
0.4220
0.0000
0.0000
0.0000
0.0000
0.0000
0.0000
0.6872
0.0000
0.0000
0.0000
0.0000
0.0000
0.0000
1.6575
0.0000
0.0000
3.9438
2.0955
1.2272
0.0000
0.0000
0.0000
0.0000
2.6418
3.0499
0.0000
0.0000
0.0000
0.0000
1.3781
0.0000
0.0000
0.0000
1.0051
0.0000
0.7335
0.0000
0.0000
0.0000
0.0000
0.0000
1.7210
0.9206
0.0000
0.0000
0.0000
0.0000
0.0000
0.0000
0.0000
0.0000
0.8953
0.0000
0.0000
0.0000
3.2385
0.0000
0.0000
0.0000
0.0000
0.0000
0.0000
0.0000
0.2930
0.0000
1.6360
0.0000
0.3027
0.0000
0.0000
0.5742
0.5141
0.2814
0.2872
0.0000
0.0000
0.0000
0.0000
0.0000
2.8106
0.0000
0.0000
0.0000
0.0000
0.0000
0.0000
0.0000
0.0000
0.0000
0.0000
0.2199
0.0000
0.0000
0.0429
0.8372
0.2254
0.0000
0.0000
2.2191
0.0798
0.0000
0.0000
0.0000
1.7719
0.5032
0.0000
0.0000
0.6913
0.0000
2.0235
0.0000
0.0000
0.4758
0.0000
0.0000
0.0000
0.0000
0.0000
0.0000
0.9092
0.0000
0.0000
0.3136
0.0000
0.0000
0.0260
2.0056
0.0000
0.0000
0.0000
0.0000
0.0000
0.0000
0.0000
0.0000
0.8937
0.0000
0.0000
0.1955
0.0000
0.0000
0.0000
0.0000
0.0000
0.0000
0.0000
1.1541
0.0000
0.0000
0.0000
0.0000
0.0000
0.0648
0.3997
0.0000
0.0000
0.0000
0.0000
0.3739
0.0000
0.7991
0.0000
0.9313
0.6963
2.3186
0.0000
0.0000
0.0000
1.6158
1.4601
0.2929
0.0000
0.0000
0.0000
0.0000
0.0000
0.0000
0.0000
2.3607
0.0000
0.0000
0.0833
0.0000
0.0000
0.0000
0.0000
0.0000
0.0000
0.0000
0.0000
0.0000
0.0000
0.9401
0.0000
0.0000
0.0000
0.0000
0.0000
0.0000
0.0000
0.0000
0.0000
1.8806
0.0000
0.0000
1.8472
0.0000
1.0361
0.0000
0.0000
0.0000
0.0000
0.0000
2.1812
0.0000
0.0000
0.0000
1.2485
0.0000
0.0000
2.5709
2.2317
0.3256
0.8616
0.0000
1.7689
0.0000
1.1966
0.0000
0.0000
1.7357
0.0000
0.0000
0.0000
0.0000
0.0000
0.0000
0.0000
0.7708
0.0715
0.0000
0.6607
0.0000
0.0000
0.0000
0.0000
0.0000
0.0000
0.0000
2.6018
0.0000
0.0000
3.1034
0.0000
0.2283
2.1063
1.1849
0.0000
0.0000
1.4092
1.8539
0.0000
0.0000
0.0000
2.7114
1.8869
0.0000
0.6328
0.7630
1.8130
0.2008
0.0000
0.0000
0.0000
0.0000
0.0000
0.4939
0.6550
4.1513
0.0000
0.0000
2.1798
0.0988
2.9876
0.0000
0.0000
0.0000
0.8677
0.0000
0.0000
0.0000
0.0000
0.2801
0.0000
2.9643
0.0000
0.6412
0.0000
1.1015
0.0000
0.0000
0.0000
0.0000
0.0000
0.0000
1.5604
0.0000
0.0000
1.1505
0.0000
0.0000
4.0217
0.0000
0.0000
0.0000
0.0000
0.4696
0.0000
0.0000
1.2644
0.0000
0.0000
0.0000
0.0000
0.0000
1.3318
0.0000
0.0000
0.0000
0.0000
1.8616
0.0000
3.1432
1.3241
0.7748
0.0000
0.0000
0.0000
0.0000
0.0000
0.0000
0.8974
0.0000
2.1197
0.0000
0.0000
0.0000
0.0000
0.0000
0.0000
0.0000
0.0000
0.0000
0.0000
0.5288
0.0000
0.0000
2.3028
0.0000
1.8535
0.0000
0.0000
0.0000
0.0000
0.0000
0.0000
0.0000
0.0000
0.0000
0.1523
0.0000
2.7977
0.0000
0.0000
0.0000
0.0000
0.0000
0.4109
0.0000
0.0000
0.0000
0.0000
3.2153
0.0000
1.2160
0.0000
0.0000
0.0000
0.0000
0.0000
0.0000
0.0000
0.0000
0.0000
0.0000
1.3178
0.1556
0.0000
0.0000
0.0000
0.0000
1.9994
0.0000
0.0000
0.0000
0.0000
0.0000
0.0000
0.9727
1.8334
0.0000
0.0000
0.0000
0.0693
0.0000
0.0000
0.0000
1.3152
0.0000
1.5402
0.0000
0.0000
0.0000
0.0067
2.0029
1.3286
0.0000
1.9326
0.0000
0.0000
0.2075
0.0000
4.2751
1.4877
0.0000
0.0000
0.0000
0.0000
0.0000
0.0000
1.3544
0.0000
0.4313
0.0000
0.0000
1.4466
0.0000
0.0000
0.0000
0.0000
0.0000
0.0000
0.0000
2.0724
0.0000
0.0000
1.7833
3.2034
0.8561
0.0000
0.0000
0.0000
0.0000
0.0000
0.0000
0.0000
2.4701
0.6680
0.0000
1.2037
3.2740
0.0000
0.0000
1.3666
0.6175
0.1642
0.0000
0.3314
2.3506
0.0000
0.0000
0.0000
0.0000
0.1184
0.6564
0.1461
0.0000
0.0000
0.0000
1.6934
0.0000
1.9540
0.0000
0.0000
0.0000
0.0000
1.0866
0.0000
0.0000
0.0000
1.2164
1.4332
0.0000
0.0000
0.0000
0.0000
0.0000
0.0000
0.6322
0.0000
0.0000
0.8483
0.0000
1.3922
3.1211
0.0000
0.1588
0.0000
0.0000
0.0000
0.8531
0.0000
0.0000
0.0000
0.4396
0.0000
0.0000
0.0000
0.0000
0.0000
0.0000
0.0000
0.0000
1.2646
0.0000
0.0000
0.0000
0.9980
0.0000
0.9999
0.0000
0.0000
0.2803
2.2083
0.0000
1.9972
0.0000
0.0000
0.0000
1.9066
0.0000
0.0000
1.3886
0.0000
0.0000
0.0000
0.0000
0.0000
0.0000
0.0000
0.0000
0.0000
0.0000
0.0000
3.0890
0.0000
0.0000
0.0000
0.0000
0.0000
0.0000
0.0000
2.2611
0.0000
0.0000
0.0000
0.0000
0.0000
0.0000
0.0000
0.0000
0.0000
0.0000
0.0000
0.0000
1.6549
0.0000
0.0000
0.0000
0.0000
1.5141
0.0000
0.0000
0.0000
0.0000
1.8929
0.0000
0.0000
0.0000
0.0000
0.3564
3.2216
0.0000
1.4328
0.0000
0.9245
0.0000
0.0000
0.0000
0.0000
0.0000
1.3511
0.0000
0.2162
0.0000
2.1224
0.0000
3.2546
0.0000
0.9193
0.0000
0.0000
0.0000
0.7680
0.0000
0.0000
1.0212
0.0000
1.7832
0.0000
0.5345
0.0000
0.0000
0.7968
0.0000
0.0000
0.0000
0.2843
0.0000
0.0000
0.0000
0.0000
0.3179
0.0000
0.0000
0.0000
0.0000
0.0000
0.6589
0.0000
3.2471
0.8996
1.0183
0.1722
0.0000
0.0000
0.0000
0.0000
0.0000
2.6083
0.9647
1.9280
0.0000
0.0000
0.0000
1.9562
0.0000
0.0000
0.0000
0.0000
0.0000
0.0000
0.0000
0.0000
0.0000
0.0000
0.0000
0.0000
3.8114
0.3263
0.0000
1.6184
0.0000
0.0000
0.0000
0.0000
0.0000
0.0000
1.4813
0.0000
0.0000
0.0000
2.3653
0.0365
0.0000
0.0000
0.0000
0.0000
0.0000
0.0000
0.0000
0.0000
0.0000
0.0000
0.0000
0.0000
0.0934
0.1175
0.0000
0.0000
0.0144
0.0000
0.0000
0.0000
0.0000
0.0000
3.2923
0.0000
0.0000
0.0000
0.7630
0.0000
0.0000
1.4864
0.0000
0.0000
0.0000
2.9123
1.3445
0.0000
1.2609
0.0000
0.0000
4.7861
0.0000
0.0000
0.0000
1.7550
0.0000
0.8679
2.6798
0.0000
0.6698
1.2717
0.0000
0.0000
0.0000
0.0000
0.0000
0.0000
1.3308
0.0000
0.0000
0.0000
0.0000
0.0000
0.0000
0.0000
1.1831
0.0000
0.0000
0.0000
0.0000
0.2358
0.0000
0.0000
0.0000
0.0000
1.0818
0.0000
0.0000
0.8498
0.0000
0.0000
0.1523
0.0000
1.9784
0.1061
0.0000
0.0000
0.0000
0.0000
0.0000
0.0000
0.0000
0.8633
0.1009
1.3643
0.0000
0.0000
0.0000
0.0000
0.0000
1.6661
0.0000
0.0000
0.0000
0.0000
0.0195
0.7246
0.0000
0.0000
0.0000
0.0000
0.0000
0.0000
0.0474
0.0000
0.0000
0.0000
0.0000
0.0000
0.0000
0.0000
0.0000
0.0000
0.0000
0.0000
0.0000
1.6768
2.2132
0.0000
0.0000
0.0000
4.6413
7.3089
0.0000
0.0000
1.5290
0.0000
0.0000
0.0000
0.0000
0.0000
0.0000
0.0000
0.0000
0.0000
0.0000
0.0000
0.0000
0.0000
0.0000
0.0000
0.0000
0.0000
0.5387
0.0000
0.0000
0.0000
0.0000
0.0000
0.5979
0.0000
0.0000
1.5560
0.0000
0.6794
0.6851
0.0000
0.9615
0.0000
3.5816
0.0000
0.3146
0.0000
2.4463
0.0000
0.0000
1.4332
0.0000
0.0000
0.0000
0.5620
0.0000
0.6408
0.0000
0.0000
1.2341
0.0000
0.0000
0.0000
0.0000
0.4673
0.0000
0.0000
1.8815
0.0000
0.0000
0.0000
0.1642
0.8627
2.0369
0.7244
0.0000
0.5942
0.7083
0.0000
0.0000
0.0000
0.0000
0.7297
0.0000
0.0000
0.0000
0.0000
0.0000
0.5276
0.0000
3.8702
0.0000
0.0000
4.1053
0.0000
0.0000
0.0000
0.0000
0.8130
0.0000
0.5371
0.0000
1.0570
0.0000
0.0000
0.0000
0.4614
0.0000
0.0000
0.0000
0.0000
0.0000
0.0000
0.4153
0.0000
1.8807
0.0000
0.0000
0.0000
0.0000
0.0000
0.0181
2.3007
0.0000
1.0102
0.0000
0.0000
0.0000
0.4993
0.9175
0.0000
0.0000
1.3464
0.1832
0.4376
0.0000
0.0000
0.0000
0.0000
0.0000
0.0000
3.4776
0.0000
0.0000
0.0000
0.0000
3.2657
1.8695
0.3148
0.0000
0.0000
0.0000
0.0000
0.0000
0.0000
0.0000
0.0000
0.0000
0.1247
0.0000
0.0000
0.0000
0.0000
0.0000
1.0442
0.8674
0.0000
0.0000
0.0000
0.0000
0.2658
0.0000
0.0000
0.2223
0.0000
2.2020
0.1775
0.0000
0.0000
2.5232
0.0000
0.0000
0.0000
0.0000
1.8660
0.3752
0.0415
3.1471
1.2357
0.0000
0.7840
0.0000
0.0000
0.0000
0.0000
0.0000
0.0000
0.1670
0.1359
0.0000
0.0000
0.0000
0.6746
0.0000
0.0000
0.0000
0.0000
0.0000
0.1055
0.0000
0.0000
0.0000
0.0000
0.0000
0.4664
0.0000
0.7678
0.2529
0.0000
0.0000
0.0000
0.0000
0.0000
0.0000
0.2171
0.0000
3.0385
0.0000
0.0000
0.7559
0.0000
0.0000
0.0000
0.0000
2.8542
0.0000
0.0000
0.0000
0.0000
0.0000
0.0050
0.0000
0.0000
0.0000
1.0127
0.0000
0.0000
2.0386
0.0000
1.4409
0.0000
0.0000
1.1886
0.0000
0.8470
0.0000
0.7254
1.6354
1.4975
0.0000
5.7243
1.0518
0.0000
0.0000
0.0000
1.0268
0.0000
1.8501
0.0000
0.0000
0.0000
0.0000
0.0000
2.7262
0.0000
0.0000
1.4156
0.0000
0.0000
0.0000
0.9940
0.0000
0.0000
0.0000
2.1508
0.0000
0.0000
0.0000
2.2731
0.0000
0.0583
0.0000
0.0000
0.9270
0.0000
0.0000
0.0000
4.0389
1.2557
3.5920
0.0000
1.5639
3.2510
0.3234
0.0000
0.0000
0.0000
0.0000
0.3178
1.0370
0.0000
0.0000
3.9561
0.0000
0.0000
0.0000
0.0000
1.6154
0.3142
0.0000
1.0935
0.0000
0.0000
0.0000
2.0944
1.0303
0.3870
0.8101
0.0000
0.0000
1.1615
0.0000
1.0688
0.0000
0.0000
2.1070
0.0000
0.5760
0.3335
0.4925
0.0000
3.4235
0.0000
0.1669
0.0000
0.0000
0.8409
0.8833
0.0000
0.0000
0.0000
1.1846
0.0000
1.7824
0.0000
0.0650
0.0000
0.0000
0.9228
0.0000
0.0000
0.0000
0.0000
0.0000
0.0000
0.0000
0.0000
0.0000
0.5343
1.2099
0.0000
0.0000
0.3905
0.0000
0.0000
0.0000
0.7137
3.0544
1.3113
0.0000
0.0000
0.0000
0.1125
0.0000
0.0000
0.0000
0.0000
0.2455
0.0000
1.5696
0.0000
0.0000
5.9045
0.0000
0.0000
0.0000
0.0000
0.0000
0.0000
1.2343
0.0000
0.0000
0.0000
0.0000
0.0000
0.6782
0.0000
0.0000
0.0000
1.3237
0.0000
2.9495
1.5549
0.0000
0.0000
0.1073
0.0000
2.0905
0.0000
1.0962
0.0000
0.4094
0.0000
0.0000
1.7407
0.0000
0.0000
0.0000
0.0000
0.0000
0.9112
1.9574
2.1903
0.0000
0.0000
3.7088
0.0000
0.0000
0.0000
0.6151
0.0000
0.0000
0.0000
0.0000
0.0000
0.8983
0.0000
0.0000
0.1115
0.0000
0.0000
0.0000
0.0000
0.3561
1.4526
0.0000
0.0000
1.9638
0.8939
0.1308
0.0000
0.0000
0.0000
0.0000
1.6233
2.9507
0.0000
0.0000
0.0000
0.2106
0.4403
0.0000
1.4247
2.9094
0.0000
0.0000
0.0000
0.0000
4.3543
0.0000
0.0000
0.0000
0.0000
0.0000
0.0000
0.0000
0.0000
0.0000
0.0000
0.0000
0.0000
0.0000
2.3041
0.0000
0.0000
0.0000
0.0000
0.0000
0.0000
0.0000
0.0000
0.0000
0.0000
5.1213
0.9956
0.0000
0.0000
0.4778
0.0000
0.0000
0.0000
1.5258
0.0000
0.0000
0.7996
3.0186
0.0039
0.0000
0.0000
0.0000
0.0000
0.0000
0.2951
0.0000
0.0000
0.0000
9.4766
0.0000
1.5743
0.0000
0.0000
0.0000
0.0000
0.0000
0.0000
0.0000
0.0000
0.0000
0.0000
0.0000
0.0000
1.4813
0.0000
0.0000
0.0000
0.0000
0.0000
0.0000
1.6665
0.0000
0.0000
0.0000
0.3805
0.8647
0.0000
0.0000
1.8520
0.0000
0.0000
3.4599
0.0000
0.0000
0.0000
0.0000
0.0000
0.0000
0.0000
0.0000
0.0000
0.0000
0.0000
0.0000
0.0000
0.0000
0.0000
0.0000
3.1107
0.0000
0.8731
0.6041
0.0000
0.1238
0.0000
0.0000
0.0000
0.0000
0.0000
0.0000
0.0000
0.0000
0.3925
0.0000
0.0000
1.8552
0.2215
0.1427
0.5621
0.0000
0.0000
1.4559
0.0000
0.0000
0.0000
0.0000
0.0000
0.0000
0.0000
0.0000
0.0000
0.0000
0.2363
0.0000
0.3581
0.0000
0.0000
0.0000
0.0000
0.0000
0.0233
0.8381
1.1693
0.0000
2.9299
1.4456
0.0000
2.3191
0.2879
0.9146
2.6055
0.6516
0.0000
0.0000
0.0000
0.0000
0.1419
0.0000
0.0000
0.0000
0.0000
0.0000
0.0000
0.0000
0.0000
1.1330
0.3607
1.8394
0.0000
2.9885
0.0000
0.0000
1.1701
0.0000
0.8154
0.0000
0.0000
0.0000
0.0000
1.2003
0.2772
0.0000
0.0000
0.0000
0.0000
0.5554
0.0000
0.0000
1.6687
0.0000
0.0000
2.7544
0.0000
0.4479
0.0000
0.0000
0.0000
0.0000
3.8136
0.0000
0.0000
0.0000
0.0000
0.0000
0.0000
0.0000
0.0000
0.0000
0.0000
0.0000
0.0000
0.0353
0.0000
0.0000
1.6650
0.0000
0.0000
0.0000
0.0000
0.0000
2.3668
0.0000
0.0000
0.0000
0.2031
0.0000
2.7361
1.0127
0.0216
0.0000
0.0000
0.0000
0.2625
0.0000
0.0000
0.0000
3.6310
0.0000
0.0000
1.5100
0.0000
0.0000
1.6168
0.8845
0.0000
0.0000
0.0000
0.8199
0.0000
0.0000
0.2088
0.0000
0.3286
0.0000
0.0000
0.0000
0.0000
0.0000
0.0000
0.0000
0.0000
0.0000
0.0000
1.1520
0.0000
0.0000
0.0000
0.8566
0.0000
0.0000
1.5416
0.0000
0.0000
0.0000
0.2796
0.0000
0.0000
1.0147
1.6261
0.0000
0.0000
2.5628
0.0000
0.7590
0.0000
4.2831
0.0000
0.3150
0.4512
3.5759
0.0000
0.0000
0.0000
0.0000
0.0000
0.0000
0.0000
0.0000
0.0000
0.0000
0.0000
0.0000
0.0000
0.0000
0.8278
0.0000
0.0000
0.0000
0.0000
0.0000
0.0000
0.0000
3.5858
0.0000
0.0000
0.0000
2.8886
0.0000
0.0000
0.0000
2.0190
0.0000
0.0000
0.0000
0.0000
0.0000
0.0000
0.0000
0.0000
0.0000
0.0000
0.0000
0.0000
0.0000
0.0000
0.0000
0.0000
0.0000
1.0369
0.0000
0.3306
0.0000
0.0000
0.0000
0.0000
1.2508
1.1700
0.0000
0.0000
0.0000
0.0000
1.0252
0.0000
0.2374
0.0000
0.0000
2.6947
0.0793
0.0000
0.2750
0.0000
0.0000
0.0000
0.0000
0.0000
1.1988
0.0000
0.0000
0.0000
0.0000
0.0000
2.0902
1.6354
0.0000
0.0000
0.3052
0.2696
0.0000
2.1581
0.1787
0.0000
0.0000
0.0000
0.0000
0.0000
0.0000
0.0000
2.6534
0.0000
0.0000
1.0858
0.0000
0.0457
0.0000
0.0000
0.0000
0.2151
0.0000
0.0000
0.0000
0.0000
0.0000
0.4503
0.0000
1.6776
0.0000
0.0000
1.7829
1.6521
0.0000
1.2839
0.0000
0.0000
0.0000
0.5040
0.2931
1.7705
0.0000
0.0000
0.0000
0.0000
0.0000
0.7074
0.0000
0.0000
0.0000
0.0000
0.0000
1.2123
0.6440
0.0000
0.0000
0.0000
0.0884
0.4563
0.0000
0.0000
0.0000
0.2146
0.0000
0.0000
0.0000
0.0000
0.0000
1.6653
0.0000
0.0000
0.0000
1.5777
0.0000
0.9445
0.7789
0.0000
0.0000
0.0000
0.0000
0.9486
0.0000
0.0000
0.0000
0.0000
0.0000
0.0000
1.8674
0.0000
0.0000
0.0000
0.0000
0.0000
0.0000
0.0000
0.0000
0.0000
0.0000
0.0000
0.0000
0.0000
0.3162
0.0000
0.0000
0.0000
0.1971
0.0000
2.5690
0.0000
0.0000
0.0000
0.0000
0.0000
0.6569
0.0000
0.0000
0.0000
0.0000
0.0000
0.0000
0.0000
0.0000
0.0000
0.2871
0.0000
3.6322
0.0000
0.0000
0.5573
0.0000
0.0000
0.9296
0.0000
0.0000
0.0000
0.0000
1.8771
0.0000
0.0000
0.0000
1.7210
1.6047
3.0413
0.0000
0.0000
0.0000
0.0000
0.0000
0.0000
0.0000
3.0010
0.0000
2.7430
0.0000
0.0000
0.0000
0.4542
0.0733
2.1676
0.0000
3.0045
3.8819
0.0000
0.0000
0.5126
0.0000
0.2439
0.0000
0.7237
0.0000
0.1581
0.0000
0.0000
2.0773
0.0000
0.0000
1.8373
0.4665
0.0000
0.0000
0.0000
3.8577
0.0000
0.7494
0.0000
0.0000
0.0000
0.0000
0.0000
4.5304
0.0000
0.0000
0.0000
0.0000
0.0000
0.3562
1.9072
0.0000
0.6180
0.0000
0.0000
0.0000
0.0000
0.8443
5.7830
0.0000
0.0000
0.0000
1.5911
3.9282
0.0000
0.0000
0.0000
0.0000
0.0000
0.0000
0.5154
0.0000
0.0000
3.7428
0.0000
0.0000
0.0000
0.0000
0.0000
1.1523
1.0299
0.0000
0.0000
0.0000
0.9855
1.1168
0.0000
0.0000
0.0000
0.0000
0.0000
0.0000
4.4219
0.0000
1.5731
0.0000
0.0000
2.9117
0.0000
0.0000
0.0000
0.0000
0.0000
0.6695
4.1021
0.0000
0.0000
0.0000
0.0000
0.0000
0.0000
0.0000
0.5852
0.1794
0.0000
0.0314
0.0000
0.0000
0.0000
0.0000
3.4424
4.6396
0.0000
0.0000
0.0000
0.0000
0.2581
0.0000
0.0000
0.0000
0.0000
0.0560
0.7640
0.0000
1.7846
0.4834
0.0000
0.0000
0.0000
0.0000
0.0000
3.2264
1.8399
0.0000
0.0000
0.0000
0.0000
0.0000
1.0184
0.0000
4.8504
0.0000
0.2713
0.1816
0.0000
0.0000
0.0000
1.5876
0.0000
0.0000
0.1720
0.8829
0.0000
0.0000
0.0000
0.0000
2.4122
0.0000
0.6017
0.4003
0.0000
0.0000
0.0000
0.0000
0.0000
0.0000
0.0000
1.7095
0.0000
0.0000
0.3505
0.0000
1.3340
0.0000
0.0000
1.7170
0.0000
0.0000
1.8685
2.3496
0.0000
1.1962
0.0000
0.0000
1.8729
0.0000
0.0000
0.0000
0.0000
0.0000
0.0000
0.0000
0.0000
0.0000
0.0000
0.0000
0.0000
0.0000
0.0000
0.0000
0.0000
0.0000
1.1555
1.4989
0.0000
0.0000
0.0000
3.4235
0.0000
0.7201
0.0000
0.0000
2.1216
1.0495
0.0000
0.0000
0.0000
0.0000
0.0000
0.0000
0.5682
0.0000
3.8895
0.0000
0.0055
0.0000
0.0000
0.0000
0.0000
0.8061
0.0000
0.0000
0.0000
1.5096
0.0000
0.0000
0.0000
0.0000
0.0000
0.0000
1.4002
0.0000
0.0000
0.0000
0.0000
0.0000
0.0000
0.0000
0.0000
3.0149
0.0000
0.0000
4.1405
2.7256
0.2883
0.0000
0.0000
0.0000
0.2605
0.0000
0.0000
0.0000
0.0000
0.0000
0.0051
3.2020
0.0000
0.0000
2.4209
0.0850
1.8763
1.7744
0.0000
0.0000
0.0000
0.0000
3.2547
0.0000
0.0000
0.0000
0.0000
0.0000
0.0000
2.5219
0.0000
0.0000
0.5971
0.6342
0.3680
0.0000
1.7387
0.0000
0.0000
0.0000
1.6013
3.3287
0.0000
0.0000
0.0000
0.0000
0.0000
3.9746
0.0000
0.0000
0.0000
0.0000
0.0000
0.0000
0.0000
0.0000
2.3225
0.0000
0.0000
0.0000
0.0000
2.5658
0.0000
2.3695
0.0000
0.0000
0.0000
0.0000
0.0000
2.2126
0.0000
0.0000
0.0000
0.6290
0.0000
3.2189
0.0000
0.0000
0.0000
0.0000
0.0000
2.2260
0.0000
0.0000
0.0000
0.0000
0.0000
0.0000
1.7344
0.0000
2.0371
0.0000
0.0000
0.0000
0.0000
0.0000
0.0000
0.9995
0.2109
0.0000
0.0000
0.0000
0.0000
0.0000
0.0000
0.0000
0.0000
0.9846
0.0000
0.0000
0.0000
0.0000
0.0000
3.1732
0.0000
0.0000
1.0877
0.0000
0.0000
0.0000
2.6277
0.0000
0.0000
0.0000
0.0000
0.0000
0.0000
2.8273
0.0000
0.0000
0.0000
0.0000
0.6632
0.0000
0.0000
0.0000
1.4552
0.0000
0.0000
0.0000
0.0000
0.0000
0.7194
0.0000
0.0000
0.0000
0.0000
0.0000
5.8589
0.0000
0.0000
3.9607
0.0000
0.0000
0.0000
0.0000
1.0426
0.0000
0.0000
1.9592
0.0000
0.0000
0.6376
1.2870
0.0000
0.0000
0.0000
0.0000
0.6878
0.7595
0.4099
0.0000
0.0000
0.0000
0.0000
0.3285
2.8249
0.0000
0.0000
0.0000
0.0000
0.0000
0.0000
0.0000
0.0000
0.0000
0.1008
0.0000
0.0000
0.0000
0.0000
0.0000
1.9346
0.0000
0.0000
0.0000
0.0000
0.0000
0.0000
0.0000
2.2893
0.0000
0.0000
0.0000
0.0000
0.0000
0.0000
0.0000
0.0000
0.0000
0.0000
0.0000
0.0000
0.0000
0.0000
0.7261
0.0000
0.0000
0.0000
0.0000
0.0000
0.0000
2.2070
0.0000
0.0000
0.0000
0.0000
0.2782
1.7427
0.0000
0.0000
0.0000
0.1934
4.4910
0.0644
0.0000
0.0000
5.4627
2.6729
0.0000
0.0000
0.0000
0.0000
0.0000
0.6275
0.0000
2.0751
0.0000
0.0000
0.1208
4.0773
0.0000
0.3001
0.0000
0.0000
0.0000
0.0000
3.5722
0.0000
0.0000
0.0000
0.0000
1.4431
0.0000
0.0000
0.0000
0.0000
0.0000
0.0000
0.0000
0.0000
0.0000
0.0000
0.0000
0.0000
0.0000
3.6924
0.0000
1.3224
0.0000
0.5706
3.3720
0.0000
0.9120
0.0000
1.7304
0.0499
0.0000
1.9725
0.0000
0.3914
0.0000
0.0927
0.0000
0.0000
0.4833
0.0000
0.0000
0.0000
0.0000
0.0000
0.0000
0.0000
0.0000
0.0000
0.0000
2.8621
0.0000
0.0000
0.0000
0.0000
0.0000
2.0182
0.0000
0.0000
0.3046
3.2283
0.0000
0.0000
0.0000
0.0000
6.1848
0.0000
2.4755
0.0000
1.6798
0.0000
0.0000
0.0000
0.0000
0.0000
0.0000
0.0000
0.8255
2.2751
1.2099
2.4741
0.0000
0.0000
0.9543
0.0000
0.0000
0.0000
0.0000
0.0000
0.5948
0.0000
0.0000
1.2331
0.0000
0.0000
0.0000
2.7825
0.0000
0.0000
0.0000
0.0000
0.0000
0.0000
0.0000
2.9564
0.5617
0.1896
0.0000
0.0000
0.7491
2.2039
0.0000
0.0000
0.7703
0.0000
0.0000
0.5909
0.4152
0.0000
0.0000
0.0000
0.0978
0.0000
0.0000
0.4813
0.0000
0.0000
0.0000
0.0000
2.5417
0.0270
0.3065
0.0000
0.0000
3.3494
0.0000
0.0000
0.0000
0.0000
0.0000
0.2019
0.0718
0.0000
0.0000
0.0000
0.0000
1.2666
2.6343
0.0000
0.5233
0.0000
0.4513
0.0000
1.2780
0.0000
0.1840
0.0000
0.3008
0.0000
0.4725
0.3592
0.0000
1.2809
0.0000
0.0000
0.0000
0.0000
0.0000
0.3501
0.0000
0.0000
0.0000
0.0000
0.0000
5.2576
0.0000
0.6719
0.0000
0.7169
0.0000
0.0000
0.0000
0.0000
1.4114
0.0000
1.2870
1.1083
0.0000
3.0309
1.4366
0.3935
0.0000
0.0542
0.7456
0.0000
0.0000
0.0000
0.0000
0.0000
0.0000
0.0000
0.0000
0.0000
0.0000
0.0000
0.0000
0.0000
0.0000
0.0000
0.0000
0.0000
0.2197
0.3901
0.0000
0.0000
2.4987
0.0370
1.2100
1.1055
1.2671
0.2857
0.2797
0.0000
0.0000
0.0000
0.0000
0.0000
0.0000
0.2490
0.0000
6.1089
0.0000
0.0000
2.4041
2.0034
0.6216
0.0000
0.0000
2.7171
0.1969
0.0000
0.0000
0.0000
0.0000
0.0000
0.0000
0.7491
0.0000
0.0000
0.0000
0.0000
0.0000
0.0000
0.0000
0.8642
0.0000
0.0000
0.0000
0.0000
0.0000
0.0000
