0.2027
0.0000
0.0000
0.0000
4.5320
1.5667
0.0000
0.0000
1.7365
2.2556
1.7238
0.0000
0.1195
0.0000
0.0000
0.0000
0.0000
0.0000
0.0000
0.0000
0.0000
0.8322
0.7392
0.1805
0.9754
0.0000
0.0000
0.0000
0.0000
0.0000
0.0000
0.0000
0.0000
0.0000
0.0000
0.0000
0.1571
0.0000
0.9818
2.2809
0.0000
0.0000
0.0000
0.0000
0.0000
0.0000
0.0000
0.0000
0.0000
0.0000
0.0000
0.0999
0.0000
0.0000
0.0000
0.0000
0.0000
0.0000
0.0000
0.0000
0.0000
0.5867
0.0000
0.1226
0.0000
0.0000
0.4659
1.0237
0.8371
0.0000
0.0000
1.6291
0.0000
0.0000
0.0000
0.3992
0.0000
0.0000
0.0000
0.0000
0.0496
0.0000
1.8863
0.0000
0.0000
0.0000
0.9262
0.0000
2.1210
0.0000
1.4300
0.0000
0.0000
2.3048
0.0000
0.2410
0.0000
0.0000
1.1646
0.0000
0.8354
0.0000
0.0000
0.0000
0.0000
0.0000
0.0000
0.0000
0.0000
0.0000
0.0000
0.0000
0.0000
0.3522
0.0000
0.0000
0.1556
0.0000
0.0000
0.0000
0.7263
0.0000
3.5146
0.0000
0.0000
0.0000
0.0000
0.0000
1.2293
0.8150
0.0000
0.0000
0.0000
0.0000
3.8075
0.0000
0.0000
3.7141
0.0000
1.7295
2.2183
0.0000
1.0791
0.0000
1.7622
0.0000
0.0000
1.3460
3.3102
0.0000
0.0000
0.1645
0.0000
0.0000
0.0000
0.0000
0.0000
2.6800
0.0000
0.3127
1.4661
0.0000
0.0000
1.1564
0.0000
0.9756
0.0047
0.0000
0.0000
2.7048
0.0000
0.0000
0.0000
0.0000
0.0000
0.0000
0.0000
0.0000
0.0000
4.3415
5.1346
2.0083
0.0000
0.0000
0.0000
0.0000
0.0000
1.6148
0.0000
0.8535
0.0000
0.0000
0.0000
0.0000
0.7325
0.0000
0.0000
0.9840
0.8157
2.7388
0.0000
0.0000
0.0000
0.0000
0.0000
1.4408
0.0000
0.0000
0.0000
0.5062
0.0000
0.0000
0.0000
1.3568
1.1908
0.0000
0.0000
0.0000
0.0264
0.0000
0.0000
0.0000
0.0000
0.0000
0.0000
0.0000
0.0393
0.6202
0.0000
0.0000
0.0000
0.0000
0.0000
0.0000
0.7022
0.0000
0.0000
0.1664
1.7646
0.0000
0.0000
0.0000
0.0000
0.0000
0.0000
0.0000
0.0000
0.0000
0.0000
0.0000
0.0000
0.4394
0.0000
0.6844
0.0000
1.6125
0.0000
0.0000
0.0000
0.7426
0.0000
0.6704
0.0000
0.1778
0.0000
0.0000
1.6141
0.0000
0.0000
0.0083
0.7165
0.2112
0.0000
0.0000
0.0000
0.0000
0.0000
0.0000
0.6960
0.0000
2.7813
0.0000
0.0000
0.6105
0.0000
0.5569
0.0000
0.0000
0.0000
0.0000
0.0000
0.0000
0.0000
1.8271
0.3196
0.0000
0.0909
0.0000
0.0000
4.5620
0.0000
0.0000
0.0000
0.0000
0.1418
0.0000
0.0000
0.0000
0.0000
0.0000
0.0000
0.9497
0.0000
0.0000
0.6492
0.0000
0.0000
0.0000
0.0000
0.3237
0.7599
1.9804
0.0000
1.3013
0.0000
0.9759
0.0000
0.0000
0.0000
0.0000
0.0000
0.0822
0.0000
0.0000
1.1026
4.3171
3.0426
0.0000
0.0000
2.6623
0.0000
0.0000
0.0000
0.0000
0.6360
5.0197
0.0000
0.7382
0.0000
0.0000
0.0000
0.3611
1.2002
0.0000
5.0803
1.5582
0.0000
0.0000
0.0000
0.0000
0.4637
0.0000
0.0000
0.0000
0.0000
0.0000
0.0000
0.0000
0.0000
0.0000
0.0000
0.0000
0.0000
0.0000
0.0000
1.6219
0.0000
3.7945
0.0000
0.0000
1.6573
0.0000
0.3005
0.0000
0.0000
0.0000
0.0000
0.0000
0.0000
0.0000
3.4035
0.0000
0.0000
0.0000
0.0000
0.6652
0.0000
0.0836
0.0000
0.0000
0.0000
0.0000
0.0000
0.0000
0.0000
0.7701
0.0000
0.0000
0.4822
0.0000
0.0000
0.0000
0.0000
2.5214
0.8979
0.0000
0.0000
0.0000
0.0000
0.0000
0.0000
0.0000
1.2770
0.0000
0.0000
0.0000
0.0000
0.0000
0.0000
0.0000
0.0000
0.0000
0.0000
0.0000
0.0000
0.0000
0.5283
0.0000
0.0000
0.0000
0.4993
0.0000
0.0000
0.0000
2.8152
0.7625
0.0000
1.3687
0.0000
0.0000
0.0000
0.0000
0.0000
0.0000
0.0000
0.0478
0.0000
1.6478
0.0000
0.0000
0.9651
0.0000
1.6640
0.0000
0.8980
0.1724
0.0000
0.8439
0.8099
0.0000
0.0000
0.0000
0.2489
1.8810
0.0000
2.0641
2.0222
0.6912
2.4757
0.0000
0.6307
1.5519
0.0000
0.0000
0.5620
0.0000
0.0000
0.0000
0.0000
0.4685
0.0000
0.0000
0.2350
0.0000
1.4167
0.5815
0.0000
0.0000
0.0000
0.0000
0.0000
0.0000
0.0000
0.0000
0.0000
0.0000
0.7563
0.0000
0.0000
0.0000
0.0000
0.0000
0.0000
1.1286
0.0000
1.1375
0.0000
0.0000
5.6707
0.0000
0.3861
1.8654
0.0000
0.0000
0.0000
0.0000
0.0000
0.0000
0.0000
0.0000
2.5493
1.5706
0.0000
0.0000
1.5681
1.3327
0.0000
0.0000
2.4345
0.0000
0.0000
0.0000
0.0000
0.0000
0.0000
0.0000
0.0000
1.3138
1.4044
0.0000
0.0000
0.2631
0.0000
0.0000
0.0000
0.0000
0.0000
0.0000
0.0000
0.6586
1.6040
0.0435
0.0000
0.1594
0.0000
1.1449
0.0000
0.0000
0.0000
0.0000
0.0000
0.0000
0.0000
0.0000
0.0000
0.0000
0.0000
0.0000
0.0000
1.2582
0.0000
0.0000
0.0000
0.0000
0.0000
0.0000
0.0000
0.7165
1.2186
0.0000
0.0000
0.0000
0.0000
0.0000
0.0000
0.0000
0.0000
0.0000
2.5125
0.0000
0.0000
0.0000
0.0000
0.5451
0.0000
0.0000
0.9735
0.0000
0.9285
0.0000
0.0000
0.0000
0.0000
2.2574
0.0000
0.0000
0.0000
0.0000
0.0000
0.0000
3.4332
0.0000
1.1940
0.0000
0.0000
0.8729
0.0000
1.7321
0.0000
0.0000
0.0000
0.0000
0.5278
0.0000
0.0000
1.3361
0.0000
0.0000
0.0000
0.0000
0.0000
0.0000
0.0000
0.0000
1.1740
0.0000
0.0000
0.0000
0.0000
0.0000
0.0000
0.0000
0.0000
0.0000
0.0000
0.0000
0.0000
0.2326
0.0000
0.0000
0.0000
0.0000
1.1404
0.0827
0.0000
0.0000
0.0000
0.0000
0.0000
0.0000
0.0000
0.0000
0.0000
0.0937
0.0000
0.0000
0.0000
0.0000
0.0000
0.0000
0.0000
0.8568
0.0000
0.0000
0.0000
0.2998
0.0000
0.0000
0.0000
2.1414
0.0000
0.0000
0.8388
0.0000
0.0000
0.0000
0.0000
0.0000
0.0000
1.0978
0.0000
0.0000
1.5584
0.0000
0.0000
0.0210
0.0000
0.0000
0.9843
0.0000
0.0000
3.9480
0.0000
0.0000
0.0000
0.0000
0.0000
0.0000
0.0000
0.0000
0.0000
0.0000
0.5739
0.0000
0.3605
0.0000
1.7846
0.0000
0.0000
0.3785
0.4666
0.0000
0.0000
0.7608
0.0000
0.0000
0.0000
1.3815
2.4489
4.0272
1.2217
0.0000
0.0000
0.0000
0.0000
0.0000
0.0000
0.0000
0.0653
0.0000
0.0000
0.0000
0.0000
0.0000
0.0000
0.0000
0.4395
0.0000
0.0000
0.0000
0.1725
0.5231
1.4406
0.0000
0.0000
0.0000
0.0000
0.0000
0.0000
0.3249
0.0000
0.0000
0.0000
0.0000
0.0000
0.0000
0.0000
0.0000
0.0000
0.0000
0.4701
0.0000
0.0000
0.0000
0.0000
0.0000
0.0000
0.7247
0.0000
0.0000
0.0000
0.0000
0.0000
1.5901
0.0000
0.0000
0.0000
0.0000
1.9598
0.0000
0.0000
0.0000
4.6116
0.0000
0.0000
0.0000
0.0000
0.0000
0.0000
0.0000
0.0000
0.6317
0.0000
0.0000
0.0000
0.0000
0.6944
0.0000
0.7026
1.1695
0.0000
0.4685
0.0000
0.0000
1.2369
0.0000
0.0000
0.0000
0.0000
0.9418
0.4531
0.0000
0.0000
0.0000
0.0000
1.2687
0.0000
0.9222
1.9958
0.0000
0.5817
0.0000
0.0000
0.2921
0.0000
0.0000
0.2361
0.0000
2.7708
0.0000
0.0000
0.7841
0.0000
0.4097
0.0000
0.3029
0.0000
0.0000
0.0000
0.0000
0.5433
0.6798
0.0000
2.9631
0.0000
1.1088
0.0000
0.0000
0.0000
1.2352
0.0000
0.0000
0.0000
2.2404
0.0000
0.0000
3.0010
1.2363
1.8065
0.0000
0.0000
0.0000
0.0000
0.0000
1.2819
0.0000
1.1876
0.0000
0.0000
0.0000
0.7664
0.0000
0.7215
0.0000
0.0000
0.0000
0.0000
0.8436
2.5926
0.0000
0.0000
0.0000
0.0000
0.0000
0.0000
0.0000
0.0000
0.0000
0.0000
0.0000
0.0000
0.0000
1.1141
0.0000
0.0000
0.2541
0.0000
0.3610
1.0830
0.0000
0.0000
0.0000
0.0000
1.5709
0.0000
6.4288
0.4729
0.0000
0.6210
0.0000
0.0000
0.0000
0.0000
0.0000
0.0000
1.8831
0.0000
0.0000
0.5663
0.0000
0.6205
0.0000
0.0000
1.2286
0.0000
0.9307
0.2632
4.9510
0.0000
3.0880
0.1555
0.6787
0.0000
0.0000
0.0000
0.0000
0.0000
0.0000
1.0661
0.0000
0.0000
0.9715
0.0000
0.0000
0.0000
1.4332
0.0000
0.0000
4.9467
0.0000
4.1490
0.0000
0.0000
0.0000
0.0000
0.0000
0.0000
0.0000
0.2255
0.0000
0.0000
1.3447
0.0000
0.3438
1.9224
0.9383
2.5728
0.0000
0.0000
0.4958
0.6351
0.0000
0.0000
0.0000
0.0000
0.0000
0.0000
0.0000
1.9926
4.3862
0.0000
0.0000
0.0000
0.0000
0.0228
0.0000
0.0000
0.0000
0.0000
1.3920
0.0000
2.1702
0.0000
3.7031
0.0000
0.0000
0.0000
1.6935
2.6023
0.0000
0.0000
1.1443
1.3375
0.0000
0.0000
0.0000
3.2858
0.0000
0.0000
1.0333
0.9254
0.0000
1.7301
0.0085
1.3945
0.0000
1.0845
0.0000
3.2937
0.0000
0.0000
0.0000
0.8365
0.2173
0.0000
0.5065
4.4030
0.0000
0.2524
0.0000
2.2156
0.0000
0.0000
0.0000
0.0000
0.0000
0.0000
0.0000
0.0000
0.0000
0.3360
1.9314
2.1344
0.0000
0.1265
0.0000
1.2426
0.0349
0.0000
0.0000
0.3587
0.0000
0.0000
0.5484
0.0000
0.0000
3.7512
0.0000
0.0000
1.6485
0.0000
0.0000
0.0000
0.0000
0.0000
0.0000
0.0000
2.1870
0.0000
0.2611
0.0000
1.0957
0.0000
0.0000
0.3444
0.0000
0.0000
0.0000
0.0000
1.6866
0.0000
0.0000
0.0000
1.3803
0.0000
0.0000
0.0000
0.0000
0.0000
0.0000
3.1402
0.3509
0.5634
0.0000
0.0000
0.0000
1.5719
0.0000
0.0000
0.0000
1.3584
0.0000
0.3351
0.0000
0.0000
0.0000
0.0000
0.0000
0.0000
0.1048
0.1095
0.0000
0.0000
1.5033
0.0000
0.0000
0.0000
0.0000
0.0000
0.0000
0.9271
0.0000
0.0000
0.1401
3.0884
0.6529
1.2708
0.0000
0.0000
0.0000
0.0000
1.4578
0.0000
0.0000
0.0000
0.0000
0.8279
0.0000
0.1582
0.0000
0.0000
0.0000
0.0000
0.0000
0.0000
0.0000
2.2489
0.0000
1.6045
0.0000
3.5986
0.0000
0.0000
1.6950
0.2565
6.3829
0.0000
2.8130
0.0000
0.0000
0.0000
2.7278
0.0000
0.0000
0.0000
0.0000
0.0000
0.0000
0.0000
0.0000
3.0268
0.0000
0.0000
0.0000
0.0000
0.8330
0.0000
0.0000
0.0000
2.2213
2.7345
0.0000
0.0000
0.0000
0.8004
0.0000
0.0000
0.0000
0.0000
0.0000
0.9851
1.4183
1.1246
0.6435
0.0000
0.0000
0.0000
0.0000
0.0000
0.0000
0.0000
0.0000
0.0000
2.3158
0.0000
0.0000
0.0000
0.0000
0.2987
0.0703
0.0000
0.0000
1.9037
0.0000
0.0000
0.0000
1.9882
0.0000
0.0000
0.0000
0.0000
0.0000
0.0000
0.0000
0.0000
0.0000
0.0000
0.0000
2.9898
0.0000
0.0000
0.8459
1.4270
0.0000
3.3377
0.0000
0.5932
3.6725
0.0000
0.0000
0.0000
0.0000
0.0000
2.6652
0.0000
0.2862
0.0000
0.0000
0.0000
0.0000
0.0000
0.0000
1.6504
0.0000
0.6266
0.0000
0.0000
0.0000
0.0000
0.0000
0.0000
0.0000
0.0000
0.0000
0.0000
1.7576
3.3561
0.0000
0.0000
2.9392
0.0000
0.4219
2.0051
0.0000
0.0000
0.0000
0.0000
0.0000
0.0000
0.0000
0.5565
0.0000
3.6672
0.0000
0.0000
1.5071
0.0000
0.0000
0.0000
0.0000
0.5637
0.0000
1.9982
0.0000
0.1456
0.9463
0.0000
0.0000
0.0000
0.0000
0.0000
0.0000
0.0000
0.0000
0.0000
0.0000
0.0000
0.5353
0.0000
0.0000
0.0000
0.0000
1.4012
0.0000
0.0000
0.0000
0.0000
2.7261
0.0000
1.8544
0.0000
0.0000
0.0000
0.0000
0.0000
0.0000
0.0000
0.0000
0.0000
0.0000
2.6609
0.9187
0.0000
0.5675
0.0000
0.0000
0.6867
0.0000
0.0000
0.0000
0.0000
0.0000
0.0000
0.0000
0.0000
0.0000
0.0000
0.0000
1.3101
1.3001
0.0000
0.0000
0.0000
0.0723
0.0000
0.0000
0.0000
0.0000
0.0000
0.0000
0.0000
0.0000
0.0000
0.7004
0.6569
0.0000
0.0000
0.5346
0.0000
0.0000
2.0092
0.0000
0.0000
0.0000
0.0000
0.8657
0.0000
0.9886
0.0000
2.3648
0.0000
0.0000
0.0000
0.0000
0.0000
0.0000
0.0000
0.0000
0.0000
0.0000
0.8976
0.0000
0.0000
0.0000
0.0000
0.0000
0.0000
0.9758
0.0000
2.0053
0.0000
2.4556
0.0000
0.0000
0.0000
0.0000
0.0000
2.5977
0.0000
0.0000
2.8947
0.0000
0.0000
1.2678
0.7584
0.0000
0.7003
0.0000
0.0000
0.0000
0.0000
0.0000
0.0000
0.0000
0.0000
0.0000
0.1079
0.0549
0.0000
2.8817
0.0000
0.7341
0.0000
0.0000
0.0000
0.0000
0.0000
0.0000
0.0000
0.0000
3.0671
0.0000
2.6870
1.5944
0.0000
0.0000
0.0000
1.7748
0.0000
0.0000
0.0000
0.0000
0.0000
0.0000
0.0000
0.0000
1.1325
0.0000
0.0000
1.1812
0.0000
0.2907
0.0000
0.0000
0.0000
1.1419
2.7362
0.7259
0.0000
1.0212
0.0000
2.0796
0.0000
0.7323
0.0000
0.0000
0.0000
0.2397
0.0000
0.0000
0.0000
0.0000
2.2002
3.0003
0.0000
0.0000
0.0000
0.0000
0.0000
0.1104
0.0000
0.0000
4.9334
0.0000
0.8562
0.0000
0.0000
0.0000
0.0000
0.9155
4.9841
1.2678
0.0000
0.0000
0.0000
0.0000
0.0000
0.0000
0.0000
0.0000
0.0000
0.0000
0.0000
0.0000
0.0000
0.0000
0.0000
0.1531
0.1096
1.9362
0.0000
0.0000
0.0000
2.5942
0.0000
0.0000
0.0000
0.4730
0.0000
0.0000
2.7251
1.3628
0.0000
0.0000
0.0000
0.0000
3.4558
0.0000
1.3384
0.6967
0.0000
1.1077
0.0000
0.0542
0.0000
0.0000
0.0000
0.0398
0.6046
0.0000
0.0000
0.0000
0.0000
0.0000
0.0000
5.1111
0.0000
0.0000
0.0000
0.0000
0.0000
0.0000
0.0000
0.0000
0.0000
0.0000
1.0507
0.0000
0.0000
0.0000
0.9282
0.5673
0.0000
0.0000
0.8386
0.0000
0.0000
0.0000
0.0000
0.0000
0.0000
1.6521
0.0000
1.0191
0.0000
1.0693
0.0000
0.0000
0.0000
0.0000
0.0000
0.0000
0.0000
0.0000
0.0000
1.2955
0.0000
0.0000
0.0000
1.8977
0.7339
0.0000
1.9194
0.1502
0.0000
0.0000
0.0000
1.2210
0.0000
0.0000
0.0000
1.1028
1.9398
0.0000
0.0000
0.0000
0.0000
0.0000
0.0000
0.0000
1.3511
0.0000
0.0000
0.0000
0.0000
0.0000
4.4290
0.0000
0.4435
0.0000
0.0000
0.0000
0.4950
0.0000
0.0000
0.0000
0.0000
0.3662
1.8853
1.5045
4.8035
0.3115
0.0000
0.0000
0.0000
0.0000
0.0000
1.4749
0.0000
1.8034
0.0000
0.0000
1.4567
0.0000
0.0000
0.0000
1.8051
0.0000
0.0000
0.0000
0.0000
0.5982
0.0000
0.0000
0.0000
0.7323
0.0000
0.0000
0.0000
0.0000
0.0000
0.0000
0.0000
0.5284
0.0000
0.0000
0.0000
0.0000
0.0000
0.0000
0.0000
0.0000
0.0000
0.0000
0.0000
3.0213
0.0000
1.6353
0.0000
1.9817
0.0000
0.0000
0.0000
0.2523
0.0000
1.4924
1.7881
2.2442
0.0000
0.1349
0.0000
2.7165
0.0000
0.0000
0.0000
0.0000
0.0268
0.0000
0.0257
0.0000
0.0000
0.0000
0.0000
0.0000
0.0000
0.8553
0.0000
0.0000
1.0171
0.0000
0.0000
0.0000
0.0000
0.0000
0.0000
2.1536
0.0000
0.4331
2.7106
0.0000
0.0000
1.1326
0.0349
0.0000
2.1131
2.1742
0.0000
0.0000
0.3111
0.3409
1.6334
0.9184
2.0763
2.3339
0.0000
0.0000
0.0000
0.0000
0.0000
0.9561
0.0000
0.0000
2.6162
0.0000
2.5693
0.0000
0.0000
3.7210
0.0000
1.8046
0.0000
0.0000
0.0000
0.0000
0.0000
0.0000
0.0000
0.0000
0.0000
1.3466
1.5184
0.0000
2.3014
0.0000
0.0000
0.0000
0.0000
0.0000
0.0000
0.0000
0.8064
0.0000
0.0000
0.2099
0.7441
0.0000
0.0000
2.4250
0.0000
2.3802
0.0000
0.0000
0.4203
0.0000
0.0000
0.0000
0.0000
0.0000
0.0000
0.0000
0.0000
0.0000
0.0921
0.1906
1.6133
0.0000
1.4416
0.0000
2.6759
3.9317
0.3620
0.0000
0.0000
0.0052
0.0000
1.0817
0.0000
0.5183
0.0000
0.0000
0.0000
0.0000
0.0000
0.0000
0.9322
0.0000
0.0000
0.0000
0.0000
0.0000
0.8463
0.0000
2.6853
0.0000
0.0000
0.6977
0.0000
0.0000
0.0000
0.0000
0.0000
1.3485
0.0000
0.0000
0.0000
0.0000
0.0000
0.0000
0.4439
0.0000
0.0000
0.0000
0.0000
0.0000
0.6211
0.0000
0.0000
0.0000
0.3295
0.0000
0.0000
0.0000
2.8312
0.0000
0.0000
0.0000
3.2347
0.0000
0.6162
0.0000
0.0000
2.8494
0.0000
1.3784
0.0000
0.0000
0.0000
0.6132
0.0000
0.0000
0.0000
0.0000
0.5207
0.0000
0.7695
0.4446
0.0000
0.0000
0.0000
0.0000
0.0000
0.0000
0.0000
0.0000
0.0000
1.0938
0.0000
0.0000
0.0000
0.0000
0.4940
1.3140
0.0000
0.0000
0.2277
0.0000
0.0000
0.0000
1.9527
1.3890
0.0000
0.0000
0.0000
0.0000
0.0000
0.0000
1.0043
0.0000
0.0000
0.0000
0.0000
0.0000
0.0000
0.0000
0.0000
0.0000
0.0000
0.0000
0.0000
1.5475
0.0000
0.0000
2.9539
2.1245
0.0000
0.9034
0.0000
0.0000
0.0000
0.0000
0.0000
0.0000
2.1783
0.0881
0.0000
1.2336
0.0458
0.0000
0.0000
0.0000
0.0895
0.0000
0.1713
0.0000
0.0000
0.0000
0.0000
0.0000
0.0000
0.0000
1.7648
0.0000
0.0000
0.0000
2.1948
1.6550
0.0000
4.6413
0.5380
0.0000
0.0000
0.0000
1.4257
0.0000
0.0000
0.0000
1.5947
0.1386
0.0000
0.0000
1.1071
0.1338
0.0000
0.1740
2.1577
0.0000
0.0000
0.0000
0.0000
0.0000
1.8833
1.3783
0.2142
0.0000
0.0000
0.1482
0.4997
0.0000
0.1714
0.0000
0.0000
0.0000
0.0000
0.0000
0.0000
0.0000
0.0000
0.0000
0.0000
0.0000
0.0000
0.0000
0.9961
1.3337
0.0000
0.0000
1.4074
0.0000
0.0000
0.0000
0.0000
0.5516
0.0000
0.0000
0.0000
3.6659
0.0000
0.0000
0.0000
0.0000
0.0000
0.0000
0.0000
0.0000
0.0000
0.0000
0.0000
0.0000
1.3639
0.0000
0.1350
0.0000
0.2634
0.0000
0.0000
0.0000
0.0000
0.0000
0.6401
0.0000
0.0000
0.0000
0.0000
0.0000
0.0000
0.0000
0.0000
0.0000
0.0000
0.5479
0.0000
0.3078
0.0000
0.3033
0.0000
0.0000
0.7650
0.0000
0.0000
0.0000
0.0000
0.0000
0.0000
1.9550
0.6361
0.0000
1.0878
1.8388
0.0000
5.7758
1.2879
0.9420
0.0000
0.9508
0.0000
0.9738
0.6609
0.0000
0.0000
0.0000
0.0000
1.2232
0.0000
1.9754
0.0000
0.2232
0.0000
0.0000
0.0000
3.0468
0.0000
0.0000
0.8147
0.0000
0.0000
0.0000
0.0000
0.0000
0.0000
1.5734
0.0000
0.0000
0.0000
1.3082
0.0000
0.0000
0.0000
0.0000
0.0000
0.0000
0.0000
0.0000
0.0000
0.0000
1.8039
1.7850
0.0000
0.0000
0.0000
0.2232
0.0000
0.1202
0.0000
0.1839
0.0000
0.0000
1.4990
0.5144
0.0000
0.0736
0.6122
0.0000
0.0000
0.0000
0.0000
0.0000
0.0000
0.0000
0.0000
0.0000
0.0000
0.0000
0.0000
0.0000
1.7010
0.0000
0.0000
0.0000
0.0000
0.0000
0.4154
0.0000
0.0000
0.0000
0.5586
0.5652
0.0000
0.0000
0.8715
0.0000
0.0000
0.0000
0.0000
0.0000
1.2355
1.7445
0.8797
0.0000
0.0000
0.0000
0.0000
0.0000
0.0000
0.0000
0.0000
0.0000
0.0000
1.6940
2.6340
0.7305
0.0000
0.0000
2.2749
3.3188
0.0000
0.0000
2.5969
0.0000
0.0000
0.8419
0.0000
0.0000
0.0000
0.7962
1.1914
0.0000
0.0000
0.0000
0.0000
3.2491
0.0000
0.8810
0.0000
0.3182
0.0000
0.9689
0.9393
0.0000
1.8380
0.0000
0.0000
0.0000
0.0000
0.0000
0.0000
0.0000
0.8174
0.0000
0.0000
0.0000
0.0000
0.0000
0.0000
0.0000
1.3385
0.0000
0.0000
0.0000
1.9512
0.0000
0.0000
1.1463
0.0000
0.0000
0.6883
0.0000
0.0000
1.8049
0.0000
0.0000
0.1022
0.0000
1.1047
0.0000
0.0000
3.0685
0.0000
0.0000
0.0000
1.7532
0.0000
0.0000
0.1217
0.8407
0.0000
0.0000
0.0000
0.0000
0.0000
0.0725
0.0000
0.0000
0.0000
1.7638
0.0000
0.0000
0.0000
0.0094
0.0000
0.0904
1.5831
0.7178
1.5258
0.5652
0.0000
0.1860
2.2434
0.5449
0.0000
0.0000
0.0000
0.0000
0.0000
0.0000
0.0000
2.2521
0.0000
0.0000
0.0000
0.0000
2.3791
5.0909
0.0000
1.7418
0.0000
0.0000
0.0000
0.0000
0.0000
0.0000
0.0000
0.0000
0.0000
0.0000
0.0000
0.0000
0.0000
0.0000
0.0000
0.0000
0.0000
0.1009
0.0000
0.0000
0.0000
0.0000
2.5792
0.0000
1.3380
0.2190
0.0000
0.8804
0.0000
0.0000
1.3667
2.6055
0.0000
0.0000
2.0930
0.0000
0.3785
0.0000
0.9556
0.0000
0.0000
0.0000
0.0000
0.0000
0.0813
0.0000
0.1917
0.0000
0.5111
0.0000
4.4654
0.0000
0.0000
0.0000
2.5334
0.0000
0.0000
0.0000
0.6114
0.0000
0.0000
0.0000
0.0000
0.0000
0.0000
0.0000
0.0000
0.0000
0.2565
0.0000
0.0000
0.0000
1.2746
0.6475
0.0000
0.0000
0.9474
0.0000
0.0000
0.0000
0.0000
1.7683
0.0000
0.0157
0.0000
0.0000
0.0000
0.0000
0.0000
0.0000
0.0000
0.0000
0.0000
0.0000
0.2982
0.0000
0.0000
0.0000
1.4811
0.0000
0.0000
0.0000
0.0000
0.0000
0.0000
0.0000
0.0000
0.0000
0.0000
0.0000
0.0826
0.0000
0.0000
1.2836
0.0000
0.0000
0.0000
0.0000
0.0000
0.7822
0.0000
0.3142
0.0000
0.0000
0.0000
1.2833
0.0000
1.0052
0.0000
0.5798
0.0000
0.0000
4.3682
1.4219
0.0000
0.6396
0.0000
2.0389
1.0685
0.0000
0.0000
0.0000
0.0000
0.0000
1.8970
0.0000
2.7142
0.0000
0.0000
0.0000
0.0000
0.0000
0.0000
0.3957
0.0000
0.3117
0.0000
0.0000
0.0000
0.0000
0.0000
2.9071
0.0000
0.0000
0.0000
0.0000
1.4150
0.0000
0.0000
0.0000
0.0000
0.3809
0.8765
0.0000
0.8891
0.0045
0.0000
0.0000
1.3130
0.2000
0.0000
0.0000
0.0000
0.0000
0.0000
0.3722
1.6900
0.0000
0.0000
2.4848
1.4112
0.0000
0.0000
1.7079
0.0000
0.0000
0.0000
0.0000
0.0000
0.0000
0.7648
0.0000
0.0000
0.0000
0.0000
1.1173
0.0000
2.8208
0.4272
0.0000
0.0000
0.0000
0.6079
0.0000
0.0000
0.0000
0.0000
0.4878
0.0000
0.0000
0.0000
0.0000
0.0000
0.0000
1.3661
2.6095
0.0000
0.0000
0.0000
0.0000
0.0000
1.5505
0.0000
0.0000
0.0548
4.0948
1.5893
0.0000
0.0000
0.0000
5.0745
0.0000
0.0000
0.7181
0.0000
0.0000
0.0000
0.0000
0.0000
3.5617
0.0000
0.7544
3.5048
0.0000
0.0000
0.0000
2.1206
0.5671
1.7644
0.0000
0.0000
0.7687
0.0000
0.0000
0.0000
0.0000
0.0000
0.4865
0.0000
0.5760
0.0000
0.2152
0.5646
0.0000
0.0000
1.4785
0.0000
0.0000
1.1303
0.0000
2.0253
0.8410
0.0000
0.0000
0.0000
0.0000
0.0000
0.1051
1.4955
0.0000
0.0000
0.0000
0.1566
0.0000
0.6161
0.0000
0.0000
0.0000
0.0000
0.0000
0.9515
0.0000
2.3475
0.6065
0.0000
0.0000
0.0000
0.0000
0.0000
0.0000
0.0000
2.6258
0.0000
0.5827
0.0000
0.8980
0.0000
0.0000
0.0000
0.0000
0.0000
1.1152
0.0000
0.2124
0.0000
0.0405
0.0000
0.0000
0.0000
0.4475
0.0000
1.6165
1.5943
0.0000
0.0000
0.0000
0.0000
0.0000
1.4887
0.0000
0.0000
0.0000
1.5774
0.0000
0.1889
0.0000
0.0000
0.0000
1.9325
0.0000
0.0000
0.0000
0.0000
2.1574
0.0000
0.0000
0.0728
0.0000
0.0000
0.0000
0.0000
0.0000
0.0000
1.1603
0.0000
0.0000
0.0000
0.0000
0.0000
0.2122
0.0000
2.5038
0.0000
1.2726
0.0000
0.0000
0.1874
0.0000
1.6744
0.0000
0.0000
0.0000
0.0000
1.9046
0.0000
0.0000
0.7776
0.0000
0.0000
0.0000
0.8299
0.0000
0.0000
0.0000
0.0000
0.0000
0.0000
0.0000
0.0000
0.0000
1.1105
0.0000
2.3253
0.0000
0.0000
0.0000
0.0000
0.0000
0.0000
0.0000
0.0000
0.0000
1.0672
0.0000
0.0000
2.5096
0.0000
1.4853
0.0000
0.0000
0.2879
0.0000
0.0000
0.0000
0.0000
0.0000
0.0000
0.1579
0.0000
0.0000
0.0000
0.0000
0.0975
0.9970
0.0000
0.0000
0.0000
0.0000
1.5949
1.2315
0.0000
0.0000
0.0000
0.0682
0.0000
0.0000
0.0000
1.0610
2.5808
1.3919
1.7477
0.0000
0.0000
0.0000
0.0000
0.9852
0.5627
0.0000
0.0000
0.0000
0.0000
0.0000
0.1618
3.3172
0.5633
0.0000
0.0000
0.0000
1.1839
2.8980
0.0000
0.0000
0.0000
0.0000
0.0000
0.0000
0.0000
0.0000
0.1225
0.5534
0.0000
0.0000
0.0000
0.0000
0.0000
0.0000
0.6834
0.8214
0.0000
0.0000
0.0000
0.0000
0.0000
0.0000
4.2457
0.0000
0.0000
0.0000
0.0000
0.0000
0.0000
0.0000
1.3652
1.2429
0.0191
0.0000
3.1959
0.3995
0.0000
0.0000
0.0000
0.0000
0.0000
0.3873
1.7215
0.0000
0.0000
1.1990
0.0000
0.0000
0.0000
0.0000
0.1417
0.0000
0.0000
0.0000
2.1177
0.0000
1.9822
0.0000
0.0000
1.8187
0.0000
0.0192
0.6546
0.0000
0.0000
1.1892
0.0000
0.0000
0.0000
0.0133
2.9738
0.0000
0.0000
0.0000
0.0000
0.5105
0.0000
0.3926
1.6007
0.0000
0.6869
0.0000
0.0560
0.0000
0.0754
0.0000
0.0000
0.0000
0.0000
0.0000
0.0000
0.0000
0.0000
0.0000
0.0000
1.3705
0.0000
1.6528
0.0000
0.0000
1.2123
0.0000
0.0000
0.0000
0.0000
0.5013
0.0000
0.0000
0.0000
0.0000
0.0000
0.0000
0.9208
1.5748
3.2516
0.0000
0.0000
0.0000
0.9263
0.0000
0.0000
0.0000
0.0000
0.0000
0.0000
0.0000
0.0000
0.0000
0.0000
0.0000
0.0000
0.0000
0.0000
0.0000
1.5807
0.0000
0.0000
1.7138
0.8257
0.0000
0.0000
0.9452
0.0000
0.0000
5.7455
0.0000
0.3302
0.0000
2.4452
0.0000
1.0425
0.0000
0.0000
0.6133
0.8747
0.0000
0.0000
0.0000
0.0000
0.0000
0.0000
0.7533
1.6379
0.0000
2.0709
0.0000
0.6912
3.7826
0.0000
0.6159
7.7318
0.9760
0.0000
0.4651
0.0000
0.0000
0.0000
6.1501
0.0000
0.0000
0.0000
0.0000
0.0000
0.0000
0.0000
2.1854
0.0000
0.0000
1.9067
0.0000
0.8313
0.0000
0.8900
0.0000
0.0000
1.5688
0.0000
0.0000
0.0000
0.0000
0.0000
2.0562
0.0000
1.2364
0.3316
0.3623
2.5758
0.0000
0.9208
0.0000
0.0000
0.1176
0.0000
0.0000
0.0000
0.0000
1.3150
1.9401
1.6210
0.0000
0.0000
0.7540
0.0000
0.1716
0.0000
0.0000
0.0000
0.0000
0.0000
0.0000
0.0000
0.0000
0.0000
0.0000
0.0000
0.0000
2.2624
0.0000
0.3121
0.0000
0.0000
0.0000
0.0000
0.0000
4.7115
0.0000
0.0000
1.2173
0.0000
1.8086
0.9037
2.6182
0.0000
0.0000
2.1540
0.0000
0.0000
0.0000
1.1107
0.0000
0.6651
0.0000
0.2211
0.0000
0.2986
0.0000
0.0000
0.5006
2.1041
1.3980
0.0000
0.3658
1.6832
0.0000
1.6580
0.0547
0.0000
0.0000
0.9804
0.5209
0.0000
0.0000
2.3709
0.0000
0.0000
0.7474
0.0000
0.0000
0.0000
0.0000
0.3753
0.0000
0.0000
0.0000
0.0000
1.8760
0.0000
0.0000
0.0000
0.0000
0.0000
0.0000
0.0000
0.0000
0.0000
0.0000
0.0000
0.0000
0.2012
1.7310
0.0000
0.0000
0.0000
4.6003
0.0000
1.0839
0.0000
0.0000
0.0000
0.0000
0.0000
0.0000
0.0000
0.0000
0.0000
0.0000
0.3671
0.0000
0.0294
0.0000
0.0000
0.0000
0.0000
0.0000
0.0000
0.2383
0.0000
0.0000
0.0000
0.0000
0.0000
0.0000
1.1330
0.0000
0.0000
1.3168
0.0000
0.0000
1.2741
0.0000
0.0000
0.3418
0.0000
0.0000
0.0000
0.0000
1.4516
0.0000
0.0000
0.0000
0.0000
0.0000
0.0000
0.0000
1.4187
0.0000
0.2411
0.0000
0.0000
2.0241
0.0000
0.0000
0.0000
0.0000
0.0000
2.9450
0.0000
1.7877
0.0000
0.0000
0.0000
0.0000
0.0000
0.0000
0.1399
0.0000
0.0000
0.0000
0.0000
1.4533
0.0000
0.0000
0.0000
0.0000
0.0000
1.4152
0.0000
1.3627
0.5629
0.0000
0.0000
0.0000
0.0000
0.0000
0.7739
0.0000
0.6916
0.0000
0.0000
0.0000
0.0000
4.1304
0.0000
0.0000
0.0000
1.6302
0.0000
0.0000
0.0000
2.7369
0.4308
0.0000
0.1108
0.0000
2.0818
0.0000
0.1840
0.0000
0.0000
0.0000
0.0000
0.4394
0.0000
0.0000
0.0000
1.9082
0.0000
0.0000
0.0000
0.0000
0.0000
1.4176
0.8946
0.0766
0.0000
0.0000
0.0000
0.0000
1.9465
0.0000
0.0000
0.0000
0.0000
0.3758
0.0000
0.0475
0.0000
0.0000
0.0000
0.0000
1.4525
0.0000
0.0000
0.0000
0.0000
2.5737
0.0000
0.0000
0.0000
0.0000
0.0000
0.0000
0.0000
0.0000
1.4297
0.0000
0.5971
0.0000
0.0000
0.0000
0.9992
0.0000
0.0000
0.0000
0.0000
0.0000
0.0792
0.0000
0.0000
0.0000
0.0000
0.0000
0.6302
0.0000
0.0000
0.0000
0.0000
0.0000
0.0000
0.0000
0.0000
0.3287
0.0000
0.0000
2.1386
0.0000
0.0000
0.0000
0.0000
0.0000
0.7001
0.0000
0.0000
0.7391
0.0000
1.1752
0.0000
0.0000
0.0000
0.0000
0.0000
0.0000
0.0000
0.0000
0.0000
0.8947
0.0000
0.0000
0.0000
2.8046
0.0000
2.2452
0.0000
1.9160
1.1637
0.0000
0.0000
2.7830
0.0000
1.3132
0.0000
1.9364
0.0000
0.0000
0.0000
0.0000
1.3573
0.0000
1.9269
3.5999
0.0000
0.0000
0.2413
0.0000
1.1426
0.7358
0.0000
0.0000
0.0000
0.0000
0.0000
0.0981
1.8536
0.6974
0.0000
1.3485
0.0000
0.0000
0.0000
0.0000
1.1520
2.0768
0.0000
0.0000
0.2384
0.0000
0.0000
4.6837
0.0000
0.1424
0.0000
0.0000
2.1373
0.6369
0.0000
0.0000
0.0000
0.0000
0.0000
0.1250
0.0000
0.0000
3.5771
0.0000
0.0000
0.0000
0.0000
0.6798
0.7392
0.0000
0.0000
0.0000
0.0000
1.9575
0.0000
0.0000
0.0000
0.0000
0.2139
0.0000
0.0000
4.5037
0.0348
0.0000
0.0000
2.6982
0.4495
0.0000
0.0000
0.0000
0.0000
0.6089
0.0000
4.8850
0.0000
0.0000
0.0000
0.0000
0.0000
0.0000
0.0000
0.0000
0.0000
0.0000
0.0972
0.0000
0.0000
0.0000
0.0000
0.0000
4.1296
0.0000
0.4516
0.0000
0.0000
0.0000
0.0000
0.0000
0.0000
0.0000
0.2775
1.6161
0.0000
0.0000
0.9483
0.8792
0.0000
0.0000
0.0000
1.2827
0.0000
2.5639
0.0000
1.9953
0.0000
0.0000
0.0000
0.0647
0.0000
0.2280
0.0000
2.4527
0.0000
0.0000
0.0000
0.0000
0.5262
0.0000
0.0000
2.1770
2.6133
0.0000
0.0000
0.0000
0.0000
3.4005
0.0000
0.0000
0.0000
0.0000
0.0000
0.0913
0.0000
0.0000
0.0000
0.0000
0.4062
0.0000
1.4238
0.0000
0.0000
0.8109
0.0000
0.0000
0.0000
0.7846
0.0000
2.4206
1.7176
1.0078
0.0000
0.0000
2.1826
0.0542
0.0000
0.0000
0.0000
0.0000
0.0000
0.0000
0.0000
0.0000
0.0000
0.0000
0.4444
0.0000
0.0000
0.0000
0.0000
0.0000
0.0000
0.0049
1.2081
0.8191
0.0000
0.0000
4.0937
0.0000
0.9723
0.0000
0.0000
0.0000
0.0000
0.0000
0.0000
0.0000
0.0000
3.8199
0.0000
0.0000
2.0686
0.0000
0.0000
0.8411
0.0000
0.0000
0.0000
0.0000
0.0000
0.0000
0.0000
0.0000
0.8666
0.0000
0.0000
0.0000
1.5115
0.0000
0.2483
1.1621
0.0000
0.0000
0.0000
0.0000
0.0000
0.0000
0.0000
0.0000
3.8645
0.0000
0.4684
1.6397
0.0000
0.0000
0.0000
0.0000
0.0000
0.0000
0.0000
0.0000
0.0000
0.2267
0.7682
0.0000
0.0000
0.0000
0.0000
0.0000
0.0000
0.0000
2.1530
0.1475
0.0000
0.0000
0.0000
2.0664
0.0000
1.0436
1.4849
0.0000
0.4833
0.4294
0.1723
0.0000
0.0000
0.0000
0.0000
0.0000
0.1198
0.0000
0.0000
0.0897
0.0000
0.0000
0.0000
0.0000
0.0000
0.0000
0.0000
0.0000
1.8945
0.0000
0.0000
1.6590
0.0000
0.0000
0.0000
0.0000
0.4239
0.0000
0.1020
0.0000
0.0000
0.0000
4.5279
0.0000
4.3948
0.0000
0.0000
0.0000
0.0000
0.8737
0.0000
0.0000
0.0000
1.2555
0.0000
0.0000
1.8717
0.0000
0.0000
0.7198
0.0000
0.8149
2.6648
0.0458
1.1413
0.0000
1.4415
0.0000
0.0000
0.0000
0.0000
2.8865
0.0000
0.0000
0.0000
0.0000
0.0000
0.0000
0.9348
0.0000
0.0000
0.0000
0.1710
0.0000
0.0000
0.0000
0.3592
0.0000
0.5768
0.0000
1.6999
0.0000
0.0000
0.0000
1.1057
0.0000
0.0000
2.7439
0.0000
0.0000
0.0000
0.0000
0.0000
0.0000
0.0000
0.0000
3.9741
1.5566
1.3247
0.0000
0.0000
0.0000
0.0000
1.1394
0.0000
0.0000
0.0000
0.8524
0.0000
0.0000
0.0000
0.0000
0.0000
0.4470
0.0000
0.0000
0.7516
0.0000
0.0000
3.3345
0.0000
0.0000
3.4885
0.0573
0.0000
0.7356
0.0000
0.0000
0.0000
0.0000
0.5200
0.0000
0.0000
0.4463
2.0842
0.0000
2.0483
1.4103
1.1762
1.2091
0.0000
0.0000
0.9231
0.0000
0.0000
0.0000
0.0000
4.4098
0.0000
0.0000
0.0000
0.0000
0.0000
0.0000
0.0000
0.3875
0.0000
0.1854
0.0000
0.0000
0.0000
0.0000
0.1791
0.0000
0.0000
0.0000
0.0000
0.0000
0.0000
0.0000
0.5209
2.9722
0.0000
0.0000
0.0000
0.0000
0.0000
1.5692
0.0000
0.0000
0.0782
0.7938
0.0000
0.0000
0.0000
0.0000
1.9806
0.0000
0.0000
0.0000
0.0000
0.0000
0.0000
1.5238
2.2969
0.0000
0.0000
0.0000
4.6509
0.1253
0.4510
0.3017
0.0000
0.0000
2.3136
0.0000
0.0000
0.0000
1.4698
0.0000
0.0000
0.0000
0.0000
0.1021
0.0000
0.0000
0.0000
1.0010
0.0000
0.0000
0.0000
4.9872
0.0000
1.5277
0.0000
0.0000
0.0000
0.0000
3.5558
0.0000
0.0000
0.0000
0.0000
0.0000
0.0000
0.0000
0.4537
1.7471
0.0000
0.0000
0.0000
0.0000
0.0000
0.0000
0.0000
0.0000
0.0000
0.8328
0.0000
4.9993
0.0000
0.5697
0.5315
0.0000
2.3632
0.0000
0.0000
0.0000
0.2606
1.1801
0.0000
0.0000
0.5342
0.0000
0.0000
0.0000
0.0000
0.0000
0.0000
0.0000
0.0000
1.0412
0.0000
1.4327
0.0000
0.0000
0.0000
0.8653
1.1786
0.0000
0.0000
2.9520
0.0000
5.5693
0.0000
0.0000
2.6134
3.1073
0.0000
0.4096
3.9082
0.2312
2.4737
0.0000
0.3036
0.0000
3.1832
0.0000
0.0000
0.0000
0.0000
0.0000
0.0000
0.0000
0.0000
2.3657
0.6427
2.5180
1.2320
0.0000
2.6646
0.0000
0.0000
0.0000
0.0000
0.0000
0.0000
0.0000
0.0000
3.0194
0.0000
0.0000
0.0000
4.4461
0.9753
2.2848
1.1612
0.0000
0.0000
1.5747
0.9700
0.0000
0.2575
0.0000
0.0000
0.3788
1.8383
0.0000
0.5803
0.0000
0.0000
0.6339
0.0000
0.0000
0.0000
0.0000
0.0000
0.0000
0.0000
0.0000
0.0000
0.0000
1.6309
0.0000
0.0000
0.0000
1.3960
1.3743
2.4557
0.0000
1.7482
1.2275
0.0000
0.0916
0.0000
0.0000
0.0000
0.0000
2.1159
0.0000
0.0000
0.0000
0.0000
2.0772
0.0000
1.9759
0.6525
0.0000
0.0000
0.8561
0.5206
0.0000
1.7564
0.0000
2.8385
2.8249
0.0000
0.0000
0.0000
1.6278
0.0000
0.0000
0.0000
0.2557
0.2454
1.2489
0.0000
0.9924
0.3137
0.0000
0.0000
2.6724
0.0000
0.0000
0.0000
0.2129
0.6526
0.0000
0.0000
0.0000
1.4483
0.0000
0.0000
0.7627
0.0000
2.4726
0.0000
1.1065
0.0000
2.3051
1.2878
0.0000
0.0000
0.0000
0.0000
0.0000
0.6449
0.0000
0.0870
0.0000
0.9577
0.6063
0.0000
0.0000
0.0000
0.4216
0.7848
0.0000
0.9966
0.5509
0.0000
0.0000
1.6974
0.0000
3.4162
0.9812
0.8566
0.0000
0.0000
0.0000
1.0508
0.0000
0.0000
1.2603
0.0000
0.0890
0.6566
0.5227
0.0000
0.0000
5.9057
0.0000
1.4894
0.4168
0.0000
0.8949
0.0000
1.6241
0.0000
0.0000
0.0000
0.0000
1.8666
0.0000
0.3191
0.5771
0.0000
0.0000
0.0000
0.0000
0.0000
0.0000
0.0000
0.1558
0.0000
0.0000
0.3720
0.0000
