0.0000
0.0000
0.0000
0.0000
3.7735
1.4040
0.0000
0.0000
0.6453
1.4885
3.3262
0.0000
0.1548
0.0000
0.0000
0.0000
0.0000
0.0000
0.0000
0.0000
0.2166
0.0000
1.1572
0.0000
0.0000
0.0000
0.0000
0.0000
0.0000
0.0000
0.0000
0.0000
0.0000
0.0000
0.2993
0.0000
0.0000
0.0000
0.0000
2.7047
0.0000
0.0000
0.0000
0.0000
0.0000
0.8909
0.0000
0.0000
0.0000
0.0000
0.0000
0.0449
0.0000
0.0000
0.0000
0.0000
0.0000
0.0000
0.0000
0.0000
0.0000
0.0000
0.0000
1.0628
0.0000
0.0000
0.0000
0.0000
1.5586
0.0000
0.0000
2.3969
0.0000
0.0000
0.0000
0.0703
0.0000
0.0000
0.0000
0.0000
0.2519
0.0000
1.0291
0.0000
0.0000
0.0000
0.4064
0.0000
2.5118
0.0000
1.9440
0.0000
0.0000
1.1799
0.0000
0.0000
0.0000
0.0000
3.7971
0.0000
0.5579
0.0000
0.0000
0.0000
0.0000
0.0000
0.0000
0.0000
0.0000
0.3947
0.0000
0.0000
0.0000
0.4027
0.0000
0.0000
0.0000
0.0000
0.2404
0.0000
1.2819
0.0000
2.8496
0.0000
2.0092
0.0000
0.6561
0.0000
0.0000
0.2107
0.0000
0.0000
0.0000
0.0000
4.2487
0.0000
0.8282
3.7158
0.0000
2.7521
2.4868
0.0000
0.0353
0.1065
2.5201
0.0000
0.7331
2.4519
1.7275
0.0000
0.0000
1.7033
0.0000
0.0000
0.0000
0.0000
0.0000
2.5776
0.3602
0.0000
0.3161
0.0000
0.0000
0.0000
0.0000
0.2559
0.0000
0.0000
0.0000
4.1950
0.0000
0.5115
0.0000
0.0000
0.0000
0.0000
0.0000
0.0000
0.0000
4.4917
4.0338
1.3222
0.0000
0.0000
0.0000
0.0000
0.5936
1.0520
0.0000
0.2932
0.0000
0.0000
0.0000
0.0000
1.6599
1.9973
0.0000
1.0450
1.8096
2.7771
0.0000
0.0000
0.0000
0.0000
0.0000
1.3807
0.0000
0.0000
0.0000
0.0000
0.0000
0.0000
0.0000
0.5210
2.4240
0.0000
0.0000
0.0000
0.5366
0.2085
0.0000
0.0000
0.0000
0.0000
0.0000
0.3128
1.0953
0.0000
0.0000
0.0000
0.0000
0.0000
0.0000
0.0000
1.9911
0.0000
0.0000
0.3188
1.0423
0.0000
0.0000
0.0000
0.0000
0.0000
0.0000
0.0000
0.0000
0.0000
0.0000
0.0000
0.0000
0.0000
0.0000
2.7317
0.0000
2.2681
0.0000
0.6364
0.0000
0.2865
0.0000
0.0367
0.0000
0.0000
0.0000
0.0000
1.8995
0.0000
0.0000
0.4658
3.5242
0.0000
0.0000
0.3213
0.8330
0.0000
0.2865
0.0000
2.6935
0.0000
3.3184
0.0000
0.3104
0.0000
0.0000
0.0544
0.0000
0.0000
0.0000
0.0000
0.0000
0.0000
0.0000
1.2279
2.9211
0.0000
0.0000
0.0000
0.0000
4.8950
0.0000
0.0000
0.0000
0.0000
0.0000
0.0000
0.0000
0.0000
0.0000
0.0000
0.0000
1.3977
0.0000
0.0000
0.0000
0.0000
0.0000
0.0000
0.0000
0.8266
0.4031
2.6976
0.0000
1.1187
0.0000
0.9150
0.0000
0.0000
0.0000
0.0000
0.0000
0.4763
0.0000
0.0000
1.1483
2.9358
2.9500
0.0000
0.0000
4.0682
0.0000
0.0000
0.0000
0.0000
0.0000
6.2135
0.0000
0.0000
0.0000
0.0000
0.0000
1.6568
2.3354
0.0000
4.6468
1.4187
0.0000
0.0000
0.0000
0.0000
0.0000
0.0000
0.0000
0.0000
0.0000
0.0000
0.0000
0.0000
0.0000
0.0000
0.0000
0.0000
0.0000
0.0000
0.0000
1.5479
0.0000
2.2855
0.0000
0.0000
3.0489
0.9785
0.0000
0.0000
0.0000
0.0000
0.0000
0.0000
0.0000
0.0000
3.1804
0.0000
0.0000
0.0000
0.0000
2.1682
0.0000
0.0000
0.4015
0.2996
0.2986
0.0000
0.0000
0.0000
0.0000
1.8970
0.0000
0.0000
1.0707
0.0000
0.0000
0.0000
0.0000
4.8702
0.0000
0.0000
0.0000
0.0000
0.0000
0.0000
0.0000
0.0000
0.0000
0.0000
0.0000
0.0000
0.0000
0.0000
0.0000
0.0000
0.0000
0.0000
0.0000
0.0000
0.0000
0.0000
0.9463
0.0000
0.0321
0.0000
1.7660
0.2085
0.0000
0.0000
4.1319
0.0000
0.0000
1.5418
0.0000
0.0000
0.0000
0.0000
0.0000
0.0000
0.0000
0.0000
0.0000
0.5630
0.0000
0.0000
0.0000
0.0000
1.6756
0.0000
0.5192
0.0000
0.1829
1.7750
0.0000
0.0000
0.0000
0.0000
0.0000
0.9779
0.0000
2.8309
0.9265
0.0000
2.4970
0.0000
0.6389
0.0000
0.0000
0.0000
0.9055
0.0000
0.0000
0.0000
0.0000
3.5164
0.0000
0.0000
0.6065
0.0000
0.3917
0.0000
0.0000
0.0000
0.0000
0.0000
0.0000
0.0000
0.8339
0.0000
0.0000
0.0000
0.1554
0.0000
0.0000
0.4378
0.0000
0.0000
0.0000
0.0000
0.0000
0.7256
0.0000
0.0000
7.8304
0.0000
1.6327
2.2545
0.0000
0.0105
0.0000
0.0000
0.2796
0.0000
0.0000
0.2549
2.3955
1.5956
0.0000
0.0000
0.0000
0.0000
0.0000
0.0000
0.4565
0.0000
0.0000
0.0000
0.0000
0.0000
0.0000
0.0000
0.0000
0.0000
1.2695
0.0000
0.0000
0.0000
0.0000
0.0000
0.0000
0.0000
0.0000
0.0000
0.0000
0.0000
1.6449
1.3772
0.0000
0.0000
0.0000
0.0000
0.0000
0.0000
0.0000
0.0000
0.0000
0.0000
0.0000
0.0000
0.0303
0.0000
0.0000
0.0000
0.0000
1.2442
0.0000
0.0000
0.0000
0.0000
0.0000
0.0000
0.0000
0.0000
0.0321
0.0000
0.0000
0.0000
0.0000
0.0000
0.0000
0.0000
0.0000
0.0000
2.7171
0.0000
0.0000
0.0000
0.0000
0.0000
0.0000
0.0000
1.6332
0.0000
0.0000
0.0000
0.0000
0.0000
0.0000
3.6132
0.0000
0.0000
0.7762
0.0000
0.0000
0.0000
4.1706
0.0000
1.3935
0.0000
0.0000
0.7589
0.0000
0.7168
0.0000
0.0000
0.0000
0.0000
0.0000
0.0000
0.0000
1.6908
0.0000
0.0000
0.0000
0.0000
0.0000
0.0000
0.0000
0.0000
1.1843
0.0000
0.0000
0.0000
0.0000
0.0000
0.0000
0.5692
0.0000
0.0000
0.0000
0.0000
0.0000
0.0000
0.0000
0.0000
0.0000
1.3431
2.7312
0.0000
0.0000
0.0000
0.0000
0.0000
0.0000
0.0000
0.2405
0.0000
0.0000
0.1650
0.0000
0.0000
0.0000
0.0000
0.0000
0.0000
0.0000
2.5153
0.0000
0.0000
0.0000
1.9455
0.0000
0.0000
0.0000
1.3589
0.0000
0.0000
1.2529
0.0000
0.7204
0.0000
0.0000
0.0000
1.1534
0.0623
0.6870
0.0000
1.7251
0.1128
0.0000
0.0000
0.0000
0.0000
0.0000
0.3871
0.0000
4.8969
0.0000
0.0000
0.0000
0.0000
0.0000
1.1144
0.0000
0.0000
0.0000
0.0000
1.0629
0.4291
0.0000
0.0000
1.4340
0.0000
0.0000
0.0000
0.0000
0.0000
0.0000
0.0000
0.0000
0.0000
0.0000
0.0000
0.8954
4.2707
1.6726
0.6243
0.0000
0.0812
0.0000
0.0000
0.0000
0.0000
0.2267
0.0000
0.0000
0.0000
0.0000
0.0000
0.0000
0.0000
0.0000
0.0000
0.0000
0.0000
0.5017
0.0000
4.7068
0.0000
0.0000
1.4603
0.0000
0.7750
0.0000
0.0000
0.0000
0.0000
0.0000
0.0000
0.0000
0.0000
0.0000
0.0000
0.6568
0.0000
0.6274
0.0000
0.0000
0.0000
0.0000
0.0000
0.0000
0.8114
0.0000
0.1173
0.0000
0.0000
0.0000
0.0706
0.0000
0.0000
0.0000
0.0000
0.0000
0.0000
0.0000
0.0000
3.9488
0.0000
0.0000
0.0000
0.0000
0.0000
0.0000
0.0000
0.1819
0.0000
0.0000
0.0000
0.0000
0.0000
1.8331
0.0000
0.2761
4.3227
0.0000
0.0000
0.0000
0.0378
0.0007
0.0000
0.0000
0.0000
0.0000
0.5594
1.8046
0.0000
0.0000
0.0000
0.0000
0.4733
0.0000
1.2537
0.0000
0.0000
0.9338
0.0000
0.0000
1.1115
0.0000
0.0000
0.0000
0.0000
0.0000
0.0000
0.0000
1.0952
0.0000
0.4066
0.0000
0.0000
0.0000
0.0000
0.0000
0.0000
0.0000
1.4809
0.0000
1.7422
0.0000
0.3341
0.0000
0.0000
0.0000
0.0000
0.0000
0.0000
1.0887
2.2487
0.0000
0.0000
2.9181
2.2031
1.5127
0.0000
0.0000
0.0000
0.1529
0.0000
0.0034
0.0000
1.3830
0.0000
0.0000
0.0000
1.4880
0.0000
0.4253
0.0000
0.0000
0.0000
0.0000
0.8852
2.7962
0.0000
0.5726
0.0000
0.0000
0.0000
0.0000
0.0000
0.0000
0.0000
0.0000
0.0000
0.0000
0.0000
2.2197
0.0000
0.0000
0.3133
0.0000
0.0000
0.0000
0.0000
0.0000
0.0000
0.5123
0.0000
0.0000
5.6771
0.9723
0.0000
0.0000
0.0000
0.0000
0.0000
0.0000
0.0000
0.0000
0.0955
0.0000
0.0000
0.0000
0.0000
0.9371
0.0000
0.0000
0.0000
0.0000
1.2091
0.0000
2.2447
0.0000
3.4430
1.3554
1.0477
0.0000
0.0000
0.0000
0.0000
0.0000
0.0000
0.2275
0.0000
0.0000
2.0855
0.0000
0.0000
0.0000
0.9803
0.0000
0.0000
3.6646
0.0000
3.0719
0.0000
1.9340
0.0000
0.0000
0.0000
1.0878
0.0000
0.9680
0.0000
0.0000
1.4652
0.0000
2.6572
3.4218
0.0000
2.2081
0.0000
0.0000
0.0000
0.1451
0.0000
0.0000
0.0000
0.0000
0.0000
0.0000
0.0000
1.8293
4.8665
0.5683
0.0000
0.0000
0.0000
0.0000
0.0346
0.0000
0.0000
0.0000
1.9250
0.0000
3.3912
0.0000
2.8630
0.0000
0.0000
0.0000
0.9367
0.7110
1.2442
0.0000
0.0000
0.0740
0.0000
0.0000
0.0000
3.7595
0.0000
0.0000
0.0000
0.0000
0.4136
0.4010
0.0373
1.2643
0.0000
0.9023
0.0000
3.5667
0.0000
0.0000
0.0000
0.0000
0.0000
0.0000
0.0000
3.5547
0.0000
0.0000
0.0000
1.0813
0.0000
0.0000
0.0000
0.0000
0.0000
0.0000
0.0000
0.0000
0.0000
2.2375
0.9836
1.8311
0.0000
1.3910
0.2594
0.0000
0.3457
0.0000
0.0000
1.8685
0.0000
0.0000
0.0000
0.0000
0.0000
2.8614
0.0000
0.0000
2.4931
0.0000
0.0000
0.0000
0.0000
0.0000
0.8904
0.0000
2.7772
0.0000
0.0000
0.0000
0.6748
0.0000
0.0000
0.0000
0.0000
0.0000
0.8060
0.0000
1.5859
0.0000
0.0000
0.0000
0.0000
0.0657
0.0000
0.0000
0.0000
0.0000
0.0000
2.6702
0.8340
0.0000
0.0000
0.0205
0.0000
0.4974
0.0000
0.0000
0.0000
0.7325
0.0000
0.0000
0.0000
0.9489
0.0000
0.0000
0.0000
0.0000
1.7748
0.0000
0.0000
0.0000
0.0000
0.0000
0.0000
0.0000
0.0000
0.0000
0.0000
0.0000
0.0000
0.0000
0.0000
2.9966
0.7640
0.6889
0.0000
0.0000
0.0000
0.0000
0.0000
0.0000
0.0000
0.0000
0.0000
0.3531
0.0000
0.0000
0.0000
0.0000
0.0000
0.0000
0.0000
0.0000
0.0000
2.3961
0.0000
0.0000
0.0000
2.9696
0.0000
0.0000
2.6455
2.4204
5.1293
0.0000
1.0957
0.0000
0.0000
0.0000
2.3209
0.0000
0.0000
0.0000
0.0000
0.0000
0.0000
0.0000
0.0000
3.2600
0.0000
0.0000
0.0000
0.0000
0.0000
0.0000
0.0000
0.0000
0.0000
3.1675
0.0000
0.0000
0.0000
0.6415
0.0000
0.0000
0.0000
0.3127
0.0000
2.8276
0.0000
3.2907
0.6805
0.0000
0.0000
0.0000
0.0000
0.0000
0.0000
0.0000
0.0000
0.0000
3.9272
0.0000
0.0000
0.0000
0.0000
0.2431
0.0602
0.0000
0.0000
1.1639
0.0000
0.0000
0.0000
0.8471
0.0000
0.0000
0.0000
0.0000
0.0000
0.0000
0.0000
0.0000
0.0000
0.0000
0.0000
4.3453
0.0000
0.0000
0.0000
1.8615
0.0000
3.1146
0.0000
0.0000
2.6159
0.0000
0.0000
0.0000
0.0000
0.0000
3.2456
0.0000
0.1724
0.0000
0.0000
0.0000
0.0000
0.0000
0.0000
1.7911
0.0000
0.2140
0.0000
0.0000
0.0000
0.0000
0.0000
0.0000
0.0000
0.0000
0.0000
0.0000
0.0000
2.5245
0.0000
0.0000
1.6346
0.0000
0.0000
3.1935
0.0000
0.0000
0.0000
0.0000
0.0000
0.0000
0.0000
0.5087
0.0000
3.2522
0.0000
0.0000
0.7688
0.0000
0.0000
0.0000
0.0000
0.7350
0.0000
0.1771
0.0000
0.0000
1.2902
0.0000
0.0000
1.1380
1.2862
0.0000
0.0000
0.0000
0.0000
0.0000
0.0803
0.0000
0.0953
0.0000
0.0000
0.0000
0.0000
0.0000
0.5419
0.0000
0.0000
0.0000
2.9371
0.0000
1.7274
0.0000
0.0000
0.0000
0.0000
0.0000
0.0000
0.0000
0.0000
0.0000
0.0000
0.0000
0.4192
0.0000
0.4512
0.4482
0.0000
0.0000
0.0000
0.0000
0.0000
0.0000
0.0000
0.0000
0.0000
0.0000
0.0000
0.0000
0.0000
2.4305
2.2613
0.0000
0.6241
0.0000
0.0000
0.0000
0.0000
0.0000
0.0000
0.0000
0.0000
0.0000
0.0000
0.0000
1.0571
0.6602
0.0000
0.0000
0.0000
0.0000
0.0000
2.4274
0.0000
0.0000
0.0000
0.0000
0.0000
0.0000
0.5832
0.0000
4.1436
0.0000
0.4641
0.0000
0.0000
0.1876
0.0000
0.0583
0.0000
0.0000
0.0000
0.0000
0.0000
0.0000
0.0000
0.0000
0.0000
0.0000
0.9387
0.5217
1.4588
0.0000
4.4526
0.0000
0.0000
0.0000
0.0000
0.0000
0.9436
0.0000
0.0000
2.1118
0.0000
0.0000
1.3679
0.0000
0.0000
0.0000
0.0000
0.0000
0.0000
0.0000
0.0000
0.0000
0.0000
0.0000
0.0000
0.0000
0.9357
0.0000
3.3919
0.0000
0.3511
0.0000
0.0000
0.0000
0.0000
0.1403
0.0000
0.0000
0.0000
2.9911
0.0000
3.8341
2.6437
0.0000
0.0000
0.0000
2.5800
0.0000
0.0000
0.0000
0.0000
0.0000
0.0000
0.5704
0.0000
0.0000
0.0000
0.0000
0.0000
0.0000
0.0000
0.0000
0.0000
0.0000
1.1103
4.3307
0.3691
0.0000
1.5243
0.0000
2.6458
0.0000
0.0000
0.0000
0.0000
0.0000
0.0000
0.0000
0.0000
0.0000
0.0000
5.3487
0.3631
0.0000
0.0000
0.0000
0.0000
0.0000
1.6562
0.0000
0.0000
5.1813
0.0000
0.0000
0.0000
0.0000
0.0000
0.0000
1.5689
5.6035
0.0000
0.0000
0.0000
0.0000
0.0000
0.0000
0.0000
0.7114
0.0000
0.0000
0.0000
0.0000
0.0000
0.0000
0.0000
0.0000
0.4378
0.6353
0.2332
0.0000
0.0000
0.0000
2.9873
0.0000
0.0000
0.0000
0.0000
0.0000
0.0000
1.6089
1.7946
0.0000
0.0000
0.0000
0.0000
2.8748
0.0360
1.8497
1.6861
0.0000
1.3659
0.0000
1.3392
0.0000
0.0000
0.0000
0.0000
1.0407
0.1354
0.0000
0.0000
0.0000
0.0000
0.0000
6.3583
0.1722
0.0000
0.0000
0.0000
0.0000
0.0000
0.0000
0.0000
0.0000
0.0000
1.7743
0.0000
0.0000
0.0000
0.3333
0.0700
0.0000
0.0000
3.7844
0.0000
0.0000
0.0000
0.0000
0.3134
0.0000
0.0000
0.0000
1.6943
0.0000
1.4603
0.0000
0.0000
0.0000
0.0000
0.0000
0.4161
0.0000
0.0000
0.0000
0.6138
0.0000
0.0000
0.0000
0.8007
0.0000
0.0000
0.4223
0.0000
0.0000
0.0000
0.0000
2.2387
0.0000
0.0000
0.0000
1.0218
1.3627
0.0000
0.0000
0.0000
0.0000
0.0000
0.0000
0.0000
0.0000
0.0000
0.0000
0.0000
0.0000
0.0000
3.5745
0.0000
0.1504
0.0000
0.0000
1.5344
0.0000
0.0000
0.0154
1.3950
0.0000
0.0000
1.6723
2.1274
4.1541
0.2289
0.0000
0.0000
0.0000
0.0000
0.0000
0.0000
0.0000
0.2603
0.0000
0.0000
0.0000
0.0000
0.0000
0.0000
0.3461
0.5792
0.0000
0.0000
0.0000
0.0000
0.0000
0.0000
0.0000
1.2929
0.0000
0.0000
0.4548
0.0000
0.0000
0.0000
0.0000
0.0000
0.0000
0.0000
0.0000
0.0000
0.0000
0.0000
0.0000
0.0000
0.0000
0.2023
0.0000
2.4087
0.0000
0.0000
0.0000
3.6278
0.0000
0.0000
0.0000
0.0000
0.6920
0.6582
1.9878
1.5263
0.0000
0.0000
0.0000
2.4691
0.0000
0.0000
0.0000
0.0000
0.0000
0.0000
0.0000
0.0000
0.0000
0.6084
0.1825
0.0000
0.4415
0.1104
0.0000
0.3143
0.0000
0.0000
0.0000
0.0000
0.0000
0.0000
0.0000
2.7243
0.0000
0.4878
4.7060
0.0000
0.0000
1.8723
0.0000
0.0000
1.6652
2.5729
1.1905
0.0000
0.7355
0.0902
3.3308
1.2690
0.0000
0.7115
0.0000
0.0000
0.0000
0.0000
0.0000
0.3730
0.0000
0.0000
0.8756
0.0000
1.1286
0.0000
0.0000
3.0037
0.0000
3.6092
0.0000
0.0000
0.0000
0.0000
0.0000
0.0000
0.0000
0.0000
0.0000
0.8807
0.9375
0.0000
1.9849
0.0000
0.0000
0.0000
0.0000
0.0000
0.0000
0.0000
0.7718
0.0000
0.0000
0.0000
1.1821
0.0000
0.0000
2.5569
0.0000
0.5644
0.0000
0.0000
0.0000
0.0000
0.0000
0.0000
0.0000
0.0000
0.0000
0.0000
0.0000
0.7520
0.0000
0.0000
0.0000
0.0000
1.7723
0.0000
1.6949
5.2527
0.8756
0.0000
0.0000
0.3065
0.0000
0.0000
0.0000
0.5748
0.0000
0.2349
0.0000
0.0000
0.0000
0.0000
1.2358
0.0000
0.0000
0.0000
0.0000
0.0000
1.5363
0.0000
2.5895
0.0000
0.0000
0.0000
0.0000
0.0000
0.0000
0.0000
0.0000
0.0000
0.0000
0.0000
0.0000
0.0000
0.0000
0.0000
0.0000
0.0000
0.0000
0.0000
0.0000
0.0000
0.0000
0.0000
0.0000
0.0000
0.1245
0.0000
0.0000
0.0000
2.9321
0.0000
0.0000
0.0000
2.9729
0.3837
0.2027
0.0000
0.0000
1.4233
0.0000
0.0969
0.0000
0.0000
0.0000
1.6203
0.0000
0.0000
0.0000
0.0000
0.7758
0.0000
1.5201
0.0000
0.0000
0.0000
0.0000
0.0000
0.0000
0.0000
0.0000
0.0000
0.0000
1.6886
0.0000
0.0000
0.0000
0.0000
0.3625
1.4747
0.0000
0.0000
0.5144
0.0000
0.0000
0.0000
3.0233
2.1956
0.0000
0.0000
0.0000
0.0000
0.0000
0.0000
0.7707
0.0000
0.0000
0.0000
0.0000
0.0000
0.0000
0.0000
0.0000
0.6231
0.0000
0.0000
0.0000
1.7346
0.0000
0.0000
1.5835
2.3735
0.0000
0.0259
0.0000
0.0000
0.0000
0.0000
0.0000
0.0000
2.8015
0.8337
0.0000
1.4541
0.0101
0.0000
0.0000
0.0000
1.3553
0.0000
0.0000
0.0000
1.4280
0.0000
0.0000
0.0000
0.0000
0.0000
0.4879
0.0000
0.0000
0.0000
0.0556
5.0250
0.0000
2.7069
0.1698
0.0000
0.0000
0.0000
3.8925
0.0000
0.0000
0.0000
2.1024
1.4818
0.0000
0.0000
0.0000
0.0000
0.0000
0.0815
4.0153
0.0000
0.0000
0.0000
0.0000
0.0000
2.8686
0.0531
0.0000
0.0000
0.0000
1.3490
0.7492
0.0000
0.0000
0.0000
0.0000
0.0000
0.0000
0.0000
0.0000
0.0000
0.9656
0.0000
0.0000
0.1784
0.0000
0.0000
0.0000
0.8133
0.0000
0.9337
0.0000
0.0000
0.0000
0.0000
0.0000
0.0000
0.0000
0.0000
0.0000
2.2753
0.0000
0.0000
0.0000
0.0000
0.0000
0.0000
0.0000
0.0000
0.0000
0.0000
0.0000
0.0000
0.4936
0.0000
0.7749
0.0000
1.2893
0.0000
0.0000
0.0000
0.0000
0.0000
1.8474
0.0000
0.0000
0.0000
0.0000
0.0000
0.0000
0.0000
0.0000
0.0000
0.0000
0.0000
0.0000
0.2542
0.0000
1.3216
0.7771
0.0000
1.4502
0.0000
0.0000
0.0000
0.0000
0.0000
0.0000
0.1028
0.0000
0.0000
2.6438
3.5909
0.0000
2.7270
0.0716
1.7515
0.0000
1.0179
0.0000
0.0000
0.0000
0.0000
0.0000
0.0000
0.0000
0.0000
0.7463
2.2600
0.0000
0.0000
0.0000
0.0000
0.0000
1.0716
0.0000
0.0000
0.9036
0.0000
0.0000
0.0000
0.0000
0.0000
0.0000
1.9250
0.0000
0.0000
0.0000
0.2218
0.0000
0.0000
0.0000
0.0000
0.0000
0.0000
0.0000
0.0000
0.0000
0.0000
0.5977
1.4092
0.5787
0.0000
0.0000
0.0000
1.2431
0.0000
0.0000
0.0000
0.0000
0.1923
0.1344
0.3519
0.0000
0.0000
0.0000
0.0000
0.0000
0.0000
0.0000
0.0000
0.0000
0.0000
0.0000
0.0000
0.0000
0.0000
0.0000
0.0000
1.5648
0.0000
0.0000
1.3767
0.0000
0.0000
1.0189
0.0000
0.0000
0.0000
1.0280
0.6189
0.0000
0.0000
1.4821
0.0000
0.0000
0.0000
0.0000
0.0000
0.0000
1.4670
0.0000
0.0000
0.0000
0.0000
0.0000
0.0000
0.0000
0.0000
0.0000
0.0000
0.0000
0.1234
4.8984
0.7445
0.0000
0.0000
4.1285
0.8483
0.0000
0.0000
3.4857
0.0000
0.0000
0.6772
0.0000
0.0000
0.8235
0.4178
0.7832
0.0000
0.0000
0.0000
0.0000
3.4938
0.0000
0.0000
0.0000
0.1199
0.0000
0.8852
1.0569
0.0000
2.1340
0.0000
0.0000
0.0000
0.0000
0.0000
0.0000
0.0000
2.9594
0.0000
0.0000
0.0000
0.0000
0.0000
0.0000
0.0000
2.5656
0.0000
0.0000
0.0000
0.4326
0.0000
0.0089
0.0000
0.0000
0.0000
0.2990
0.0000
0.0000
2.6117
0.0000
0.0000
0.6429
0.0000
1.4829
0.0000
0.0000
1.0778
0.0000
1.8408
0.0000
0.1577
0.0000
0.0000
0.2360
1.1587
0.0000
0.3089
0.0000
0.0000
0.0000
0.0000
0.2935
0.0000
0.0000
1.7183
0.0000
0.0000
0.0000
0.9584
0.0000
0.0000
1.8068
0.7616
3.4048
0.5002
0.0000
0.0000
0.0000
2.0523
0.0000
0.0000
0.0000
0.0000
0.0000
0.0000
0.0000
1.6070
0.8273
0.0000
0.0000
0.0000
2.9955
4.9878
0.0000
1.0127
0.0000
0.0000
0.0000
0.0000
0.0000
0.0000
0.0000
0.0000
0.0000
0.0000
0.0000
0.0000
0.0000
0.0000
0.0000
0.0000
0.0000
0.0000
0.0000
0.5394
0.0000
0.0000
2.3937
0.0000
0.0000
0.0000
0.0000
0.4346
0.0000
0.0000
1.1040
0.0900
0.1454
0.0000
2.0239
0.0000
0.7999
0.0000
0.1579
0.0000
0.0000
0.6198
0.0000
0.0000
0.0000
0.0000
0.0000
0.0000
1.0040
0.0000
4.8487
0.2001
0.0000
0.0000
1.0117
0.1828
0.0000
0.0000
0.0000
0.0000
0.0000
0.0000
0.0000
2.4133
0.0000
0.0000
0.0000
0.0000
0.0000
0.0000
0.0000
0.0000
0.0000
0.0000
0.0000
0.0000
0.0000
0.0000
0.0000
0.0000
0.0000
4.5736
0.0000
0.0000
0.0000
0.0000
0.0000
0.0000
0.0000
0.1327
0.0000
0.0000
0.0000
0.0000
0.0000
0.0000
0.0000
0.0000
1.3004
0.0000
0.0000
0.0000
0.0000
0.0000
0.0000
0.0000
0.0000
0.0000
0.0000
0.0000
0.0000
0.0000
0.0000
0.8888
0.0000
0.0000
0.0000
0.0000
0.0000
0.0000
0.0000
0.0000
0.0000
0.0000
0.0000
0.5705
0.0000
0.0574
0.0000
0.0000
0.0000
0.0000
5.3977
0.6043
0.0000
0.0000
0.0000
1.6254
1.5188
0.0000
0.0000
0.0000
0.0000
0.0000
2.5579
0.0000
1.3764
0.0000
0.0000
0.0000
0.0000
0.0000
0.0000
0.0000
0.0000
0.0000
0.8632
0.0000
0.0000
0.0000
0.0000
1.9460
0.0000
0.0000
0.0000
0.0000
2.5219
0.0000
0.0000
0.0000
0.9071
0.0000
0.0000
0.0000
0.1221
0.0490
0.0000
0.0000
1.7265
0.0000
0.1189
0.0000
0.0000
0.0000
0.0000
0.5512
0.3140
0.0000
0.6186
0.7413
0.4734
0.0000
0.0000
1.6168
0.0000
0.0000
0.0000
0.0000
0.0000
0.0000
0.6089
0.0000
0.0000
0.3223
0.0000
0.5724
0.0000
1.2893
0.0000
0.0000
0.0000
0.0000
1.0656
0.0000
0.0000
0.0000
0.0000
2.0637
0.0000
0.0000
0.0000
0.0000
0.0000
0.0000
2.2233
4.7666
0.0000
0.0000
0.0000
0.0000
0.0000
0.0956
0.0000
0.0000
0.0000
4.1067
0.0000
0.0000
0.0666
0.0000
4.2880
0.0000
0.0000
0.0000
0.0000
0.0000
0.0000
0.0000
0.0000
3.2834
0.0000
3.0853
1.9469
0.0000
0.0000
0.0000
1.8228
1.8561
0.4991
0.6027
0.4872
0.0000
0.0000
0.0000
2.4264
0.0000
0.0000
0.0000
0.0000
0.0000
0.0000
0.1303
0.0000
0.0000
0.0000
0.8450
0.0000
0.0000
0.0000
0.0000
0.4338
0.4777
0.0000
0.0000
0.0000
0.0000
0.0000
0.0000
0.0000
0.0000
0.5309
0.0000
0.5260
0.6418
2.4021
0.0000
0.0000
0.0000
0.0000
0.0000
0.6833
0.0000
0.0000
1.2687
0.0000
0.0000
0.0000
0.0000
0.4886
0.0000
0.0000
2.5681
0.0000
0.9171
0.0000
0.3429
0.0000
0.4659
0.0000
0.0000
0.0000
0.7802
0.0000
0.8364
0.0000
0.0000
0.2303
0.0000
0.0000
0.6182
0.0000
1.8846
1.0467
0.0000
0.0000
0.0000
0.0000
0.0000
0.0000
0.0000
0.0000
0.4038
0.5295
0.0000
0.0000
0.0000
0.0000
0.0000
0.1898
0.0000
0.0000
0.0000
0.0000
0.4471
0.0000
0.0000
0.2463
0.0000
0.0000
1.0285
0.0000
0.0000
0.0000
1.7937
0.0000
0.0000
0.0000
0.0000
0.0000
0.0000
0.3945
2.1363
0.0000
1.5651
0.0000
0.0000
0.0000
0.0000
0.9577
0.0000
0.0000
0.0000
0.0000
2.3651
0.0000
0.0000
1.7119
0.0000
0.0000
0.0000
0.0000
0.0000
0.0000
0.0000
0.0000
0.0000
0.0000
0.0000
0.0000
0.0000
1.2765
0.0000
2.6910
0.0000
0.0000
0.3735
0.4966
0.0188
0.2999
0.0000
0.0000
0.0000
2.8009
0.0000
0.0000
2.6016
0.0000
0.0000
0.0000
0.0000
0.0000
1.8635
0.0000
0.0000
0.0000
0.0000
1.4647
0.1305
0.0000
0.0000
0.0000
0.0000
0.3100
0.0000
0.0000
0.0000
0.0000
0.0000
0.1625
2.0596
0.0000
0.0000
0.0000
0.0000
0.0000
0.0000
0.0000
1.1454
3.6195
0.1137
2.2131
0.0000
0.0000
0.0000
0.0000
2.3391
0.0000
0.0000
0.0000
0.0000
0.0000
0.0000
0.0000
4.4905
0.0000
0.0000
0.0000
0.0000
0.0000
2.6633
0.0000
0.0000
0.0000
0.0000
0.0000
0.0000
0.0000
0.0000
0.0000
0.0845
0.0000
0.0000
0.0000
0.7229
0.0000
0.0000
0.6245
1.5578
0.0000
0.0000
0.0000
0.0000
0.0000
0.0000
4.9444
0.0000
0.0000
0.0000
1.1487
0.0000
0.0000
0.0000
0.9590
0.0000
0.7643
0.9398
4.0631
1.1075
0.0000
0.0000
0.0000
0.0000
0.0000
0.0000
1.8951
0.0000
0.0000
2.8146
0.0000
0.0000
0.0000
0.0000
0.0000
0.0000
0.0000
0.0000
0.0473
0.0000
1.7741
0.0000
0.0000
1.1864
0.2359
0.4614
0.0000
0.0000
0.0000
2.6437
0.0000
0.0000
0.0000
0.6601
4.4981
0.0000
0.0000
0.0000
0.0000
0.8638
0.0000
0.0150
0.8937
0.0000
0.5004
0.2551
0.0000
0.0000
0.0000
0.0000
0.0000
0.0000
0.0000
0.0000
0.0000
0.0000
0.0000
0.0000
0.0000
2.4714
0.0000
0.4332
0.0000
0.0000
0.0000
0.0000
0.0000
0.0000
0.0000
0.3604
0.0000
0.0000
0.0000
0.0000
0.0000
0.0000
1.1980
2.7946
3.3491
0.0000
0.3946
0.0000
1.2249
0.0000
0.0000
0.0000
0.0000
0.0000
0.0000
0.0000
0.0000
0.0000
0.0000
0.0000
0.0000
0.0000
0.0000
0.0000
2.0720
0.0000
0.0000
3.1810
1.1685
0.0000
0.0000
1.1723
0.2855
0.0000
5.7773
0.0000
1.7665
0.6086
2.2981
0.0000
0.7642
0.0000
0.0000
1.3987
0.0000
0.0000
0.0000
0.0000
0.0000
0.0000
0.0000
0.5941
2.3351
0.0000
0.3037
0.0000
0.5968
2.1424
0.0000
0.0000
8.4061
0.0391
0.0000
0.4011
0.0000
0.0000
0.0000
7.2704
0.0000
0.0000
0.0000
0.1908
0.0000
0.0000
0.0000
0.3946
0.0000
0.0000
2.2125
0.0000
1.2287
0.0000
0.7560
0.0000
0.0000
0.7521
0.0000
0.0000
0.0000
0.0000
0.0000
2.7576
0.0000
1.0153
1.1530
0.0000
2.3029
0.0000
0.0000
0.0000
0.0000
0.0000
0.0000
0.0000
0.0000
0.0000
2.1242
3.6825
2.1434
0.0000
0.0000
0.0000
0.0000
0.0000
0.0000
0.0000
0.0000
0.0000
0.0000
0.7710
0.0000
0.0000
0.0000
0.0000
0.0000
0.0000
3.4961
0.0000
0.0000
0.0000
0.0000
0.0000
0.0000
0.0000
3.8202
0.0000
0.0000
1.3182
0.0000
1.5735
0.0000
2.4055
0.0000
0.0000
1.5955
0.0000
0.0000
0.0000
0.0000
0.0000
0.1518
0.0000
0.0000
0.0000
0.2530
0.0000
0.0000
0.4553
3.3633
0.8305
0.0000
0.3281
0.0000
0.0000
0.0000
0.5859
0.0000
0.0000
0.6647
0.1944
0.0000
0.0000
4.1323
0.0000
0.2467
1.1787
0.0000
0.0000
0.0000
0.0000
0.0000
0.0000
0.0000
0.0000
0.0000
2.0229
0.0000
0.0000
0.0000
0.0000
0.0000
0.6395
0.0000
0.0000
0.0000
0.0000
0.0000
0.0000
0.1342
2.3684
0.0000
0.0000
0.0000
5.3301
0.0000
0.7371
0.0000
0.0048
0.0000
0.0000
0.0000
0.0000
0.0000
0.5769
0.0000
0.0000
1.3749
0.0000
0.0172
0.0000
0.0000
0.0000
0.0000
0.0000
0.0000
0.0000
0.1273
0.0000
0.0000
0.0000
0.0000
0.0000
0.0000
0.0000
0.0000
0.0000
0.0000
0.0000
0.8672
0.0000
0.0000
0.0332
0.0000
0.2412
0.0000
0.0000
0.4701
2.4004
0.0000
0.0000
0.0000
0.0000
0.0000
0.0000
1.7563
0.0000
0.0000
0.0000
0.0000
0.7987
0.0000
0.0000
0.0847
0.0000
0.0000
3.2258
0.0000
1.0594
0.0000
0.0000
0.0000
0.0000
0.0000
0.6684
1.7037
0.3525
0.0000
0.0000
0.0000
0.0000
0.0000
0.0000
0.0000
0.0000
0.0000
0.9227
0.0000
1.9205
0.0000
0.5143
0.0000
2.2083
0.0000
0.0000
0.0000
0.0000
0.7230
0.0000
0.0000
0.0000
0.0000
2.9917
0.9063
1.0870
0.0000
0.4401
0.0000
0.9084
0.0000
2.5844
0.0000
0.0000
0.9070
0.0000
0.0000
0.0000
0.0000
0.0000
0.0000
0.0000
0.0000
1.5714
0.0000
0.0000
0.0000
0.8706
0.0000
0.0000
0.0000
0.0000
0.0000
0.6585
0.4354
1.0806
0.0000
0.0000
0.0000
0.0000
0.5047
0.0000
0.0000
0.0000
0.2268
0.0000
0.0000
1.4583
0.0000
0.0000
0.0000
0.0000
1.0507
0.0000
0.0000
0.0000
0.0000
1.5305
0.0000
0.0000
0.0000
0.0000
0.0000
0.0000
0.0000
0.0000
0.0000
0.0000
0.0000
0.4052
0.0000
0.0000
2.2127
0.0000
0.0000
0.0000
0.0000
0.0000
0.0000
0.0000
0.0000
0.0000
0.0000
0.0000
0.0000
0.0000
0.0000
0.0000
0.0000
0.0000
1.1261
0.0000
0.0000
0.1687
0.0000
0.0000
1.2660
0.0000
0.0000
0.0000
0.0000
0.2497
0.0000
0.0000
0.0000
1.0667
0.0000
3.0158
0.0000
0.0000
0.0000
0.0000
0.0000
0.0000
0.0000
0.0000
0.0000
2.1743
0.0000
0.0000
0.0000
2.1505
0.0000
1.8390
0.0000
2.3173
0.2711
0.0000
0.0000
1.5379
0.0000
2.2027
0.0000
1.0774
0.0000
0.0000
0.0000
0.0000
0.0000
0.0000
1.4251
3.8879
0.0000
0.0000
1.2498
0.0000
1.9536
0.0000
0.0000
0.0000
0.0000
0.0000
0.0000
0.0000
1.8442
0.0000
0.0000
1.3705
0.0000
0.1491
0.0000
0.0000
2.1119
2.8976
0.0000
1.1142
0.0000
0.0000
0.0000
5.5058
0.0000
0.0000
0.0000
0.0000
4.3269
0.0000
0.0000
0.0000
0.0000
0.0000
0.0000
0.0000
0.0000
0.0000
2.8265
0.0000
0.0000
0.0000
0.0000
0.6825
0.9626
1.1406
0.0000
0.0000
0.0000
2.5826
0.0000
0.0000
0.0000
0.0000
0.1778
0.0000
0.0000
5.0067
0.0000
0.0000
0.0000
0.3355
0.4683
0.0000
0.0000
1.0334
0.0000
0.0000
0.0000
6.2687
0.0000
0.0000
0.0000
0.0000
0.0000
0.0000
0.0000
0.2700
0.0000
0.0000
0.1587
0.0000
0.0000
0.0000
0.8407
0.4708
5.3411
0.0000
0.0000
0.0000
0.0000
0.0000
0.0000
0.0000
0.4238
0.0000
0.0000
1.5843
0.0000
1.8810
0.7262
2.1352
0.0000
0.0000
0.0000
0.0000
1.3101
1.3260
0.0000
0.4571
0.0000
0.1833
0.0000
0.0000
0.0000
1.7760
0.0000
4.0990
0.0000
0.0000
0.0000
0.0000
0.7414
0.0000
0.0000
1.3135
2.1348
0.0000
0.0000
0.0000
0.0000
1.8633
0.0000
0.4466
0.0000
0.0000
0.0000
0.0000
0.0000
0.0000
0.0000
0.0000
1.2142
0.0000
0.0000
0.0000
0.0000
0.0000
0.0000
0.0000
0.0000
0.7757
0.0000
0.9391
1.6499
1.7986
1.9740
0.0000
1.1963
0.0000
0.0000
0.0000
0.0000
0.0000
0.0000
0.0000
0.5576
0.0000
0.0000
0.0000
0.3989
0.0000
0.0000
0.0000
0.0000
0.0000
0.0000
1.0355
0.5396
0.9419
0.0000
0.0000
3.3985
0.0000
0.0000
0.0000
1.7554
0.0000
0.0000
0.0000
0.0000
0.0000
0.0000
2.7670
0.0000
0.0000
0.7998
0.0000
0.0000
0.0000
0.0000
0.0000
0.0000
0.0000
0.0000
0.0000
0.0000
0.0000
0.0000
0.0000
0.0000
0.0000
0.3945
0.0000
0.0000
2.0880
0.0000
0.0000
0.0000
0.0000
0.0000
0.0000
0.0000
0.8609
5.3351
0.0000
0.6231
0.7926
0.0000
0.0000
0.0000
0.0000
0.0000
0.0000
0.0000
0.0000
0.0000
0.0199
0.0000
0.0000
0.0000
0.0000
0.0000
1.5009
0.0000
0.0000
1.1352
0.4694
0.0000
0.0000
0.0000
3.8173
0.0000
1.6138
0.0000
0.0000
0.0000
2.3339
2.2163
0.2407
0.0000
0.0000
0.0000
0.0000
0.0000
0.0000
0.0000
0.1563
0.0000
0.0000
0.1790
0.0000
0.0000
0.0000
0.0000
0.0000
3.1634
0.0000
0.0000
2.3450
0.0000
0.0000
0.0000
0.0000
0.0000
0.0000
1.0115
0.0000
0.0000
0.0000
4.4676
0.0000
3.3098
0.0000
0.0000
0.0000
0.0000
0.0000
0.0000
0.0000
0.0000
0.1950
0.0000
0.0000
2.2046
0.0000
0.0000
0.0000
0.0000
0.0250
1.1698
0.0000
0.0000
0.0000
0.0966
0.0000
0.0000
0.0636
0.0000
2.9372
0.0000
0.0000
0.0000
0.0000
0.0000
0.0000
0.1775
0.0000
0.0000
0.0000
0.0000
0.0000
0.0000
0.0000
0.0000
0.0000
0.0000
0.0000
0.7873
0.0000
0.1479
0.2700
4.1368
0.0000
0.1744
2.3838
0.0000
0.0000
0.0000
0.0000
0.0000
0.0000
0.0000
0.0000
3.5950
2.4210
1.2860
0.0000
0.0000
0.0000
0.0000
0.0000
0.0000
0.0000
0.0000
0.0000
0.0000
0.0000
0.0000
0.0000
0.0000
0.5015
0.0000
0.0000
0.0000
0.0000
0.0000
1.8907
0.0000
0.0000
4.1178
2.0016
0.0000
0.5824
0.0000
0.0000
0.0000
0.0000
0.0000
0.0000
0.0000
0.8992
0.0000
1.3438
2.5785
2.1464
0.0000
0.0000
0.0000
0.0000
0.6554
0.0000
0.0000
0.0000
0.0000
2.9164
0.0000
0.0000
0.0000
0.0000
0.0000
0.0000
0.0000
0.0000
0.0000
0.0000
0.0000
0.0000
0.0000
0.0000
0.0000
0.1421
0.0000
0.0000
0.0000
0.0000
0.0000
0.0000
0.4872
3.7881
0.0000
0.0000
0.0000
0.0000
0.0000
0.0000
0.0000
0.0000
0.0000
0.3622
0.0000
0.0000
0.0000
0.0000
0.7494
0.0000
0.0000
0.0000
0.0000
0.0000
0.0000
0.5081
0.6021
0.0000
0.0000
0.0000
2.9085
0.3395
0.0526
0.0000
0.0000
0.0000
1.6524
0.0000
0.0000
0.0000
2.9322
0.1890
0.0000
0.0000
0.0000
0.0000
0.0000
0.0000
0.0000
0.0000
0.0000
0.0000
0.0000
3.5228
0.0000
0.2608
0.0000
0.0000
0.0000
0.0000
3.2575
0.0000
0.0000
0.0000
0.0000
0.0000
0.0000
0.5644
0.7779
1.7621
0.0000
0.0000
0.0000
0.0000
0.0000
0.0000
0.1332
0.0000
0.0000
1.1835
0.0000
5.6924
0.0000
1.0851
0.0000
0.0000
2.6563
0.0000
0.0000
0.0000
0.0000
0.0000
0.0000
0.0000
0.0000
0.0000
0.0000
0.0000
1.4960
0.0000
0.0000
0.0000
0.0000
0.0000
0.0000
0.0000
0.0000
0.0000
0.0000
2.4050
0.0000
0.0000
0.7479
0.9444
0.0000
3.8208
0.0000
0.0000
2.3392
2.3241
0.0000
0.0000
1.6824
0.0000
2.7540
2.4277
0.0000
0.0000
1.4442
0.0000
0.0000
0.0000
0.0000
0.0000
0.0000
0.0000
0.0000
2.0433
0.6163
2.4194
0.0000
0.0000
2.8766
0.0000
0.0000
0.0000
0.0000
0.0000
0.0000
0.0000
0.0000
2.9536
0.0000
0.0000
0.0000
3.5848
2.9181
0.0000
0.8472
0.0000
0.0000
0.7656
2.0777
0.0000
0.1459
0.0000
0.0000
0.0000
0.0000
0.0000
0.3590
0.0000
0.0000
0.0000
0.0000
0.0000
0.0000
0.0000
0.0000
0.0000
0.0000
0.0000
0.0000
0.0700
0.0000
0.0000
0.0000
0.0000
1.2891
0.0000
2.2264
0.0000
1.4036
1.0603
0.0000
0.0000
0.0000
0.0000
0.0000
0.0000
0.5638
0.0000
0.0000
0.0000
0.0000
1.7285
0.9987
0.3231
0.6700
0.0000
0.0000
0.0000
0.0000
0.0000
2.0578
0.0000
3.1454
1.8220
1.2187
0.0000
0.0000
0.0824
0.0000
0.0000
0.0000
0.0000
0.5869
1.4165
0.0000
0.0000
0.3121
0.0000
0.0000
2.2071
0.0000
0.3541
0.0000
0.0000
1.7765
0.0000
0.0000
0.0000
2.3307
0.0000
0.4951
0.2173
0.0000
3.7937
0.1064
0.1881
0.0000
3.7953
2.6790
0.0000
0.0000
0.0000
0.0000
0.0000
0.0000
0.0000
0.0000
0.0000
0.0000
0.0000
0.0000
0.0000
0.0000
0.0280
0.0000
0.0000
1.2930
0.0000
0.0000
0.0000
1.2446
0.0000
2.5664
1.1169
0.0000
0.9738
0.0000
0.0000
0.3665
0.0000
0.0000
0.0000
0.0000
1.1246
0.7923
2.3555
0.0000
0.0000
4.5602
0.0000
1.5025
0.0000
0.0000
2.2621
0.0000
0.3570
0.0000
0.0000
0.4634
0.0000
0.6618
0.0000
0.0000
0.0000
0.0000
0.0000
0.0000
0.0000
0.0000
0.0000
0.0000
0.2309
0.0000
0.0000
0.0000
0.0000
