0.1328
0.0000
0.0000
0.0000
2.8461
1.2756
0.0000
0.2054
0.1765
2.9392
0.2907
0.0000
0.0000
0.0000
0.0000
0.0000
0.0000
0.0000
0.0000
0.0000
0.0000
0.0000
3.1073
0.0000
1.7533
0.0000
0.0000
2.0635
0.0000
0.0000
0.0000
0.0000
0.0000
0.0000
0.0000
0.0000
0.0000
0.0000
1.0910
4.2361
0.0000
0.0000
0.0000
0.0000
0.0000
0.4028
0.0000
0.0000
0.0000
0.0000
0.0000
0.0226
0.0000
0.0000
0.0000
0.0000
0.0000
0.0000
0.0000
0.0000
0.0000
0.0000
0.0000
0.0000
0.0000
0.0000
0.0000
0.4178
1.3334
0.0000
0.0000
0.2982
0.0000
0.0000
0.0000
0.5456
0.0000
0.0000
0.0000
0.0000
0.0226
0.0000
0.4382
0.0000
0.0000
0.0000
0.7107
0.0000
4.8752
0.0000
1.4911
0.0000
0.0000
1.5767
0.0000
0.0000
0.0000
0.0000
3.3314
0.0000
2.0723
0.0000
0.0000
0.0000
0.0000
0.0000
0.0000
0.0000
0.0000
0.9824
0.0000
0.0000
0.0000
0.0000
0.0000
0.0000
0.0000
0.0000
0.0000
0.0000
1.8389
0.0000
1.8914
0.0000
0.3264
0.0000
0.3766
0.0000
1.9068
0.5144
0.3683
0.0000
0.0000
0.0000
5.6121
0.0000
0.5956
3.5080
0.0000
2.7769
4.1401
0.0000
0.0000
0.0000
0.9274
0.0000
0.5052
2.2291
2.0304
0.0000
0.0000
1.2006
0.0000
0.0000
0.0000
0.0000
0.0000
2.5173
0.0000
1.0324
1.2561
0.0000
0.0000
0.0000
0.0000
1.7987
0.0000
0.4603
0.0000
2.5224
0.0000
0.0000
0.0000
0.0000
0.1222
0.0000
0.0000
0.0000
0.0000
4.3537
4.9079
1.8952
0.0000
0.0000
0.0000
0.0000
0.1449
0.0000
0.0000
0.4944
0.0000
0.0000
0.0000
0.0000
0.4820
0.7608
0.0000
0.0000
0.0000
5.1013
0.0000
0.0000
0.0000
0.0000
0.0000
0.0000
0.0000
0.0000
0.0000
0.0000
0.0000
0.0000
0.0000
0.6326
0.8052
0.0000
0.0000
0.0000
0.0000
0.0000
0.0000
0.0000
0.0000
0.0000
0.0000
0.0000
0.0000
0.0000
0.0000
0.0000
0.0000
0.0000
0.0000
0.0000
0.0000
0.0000
0.0575
0.2871
4.5451
0.0000
0.0000
0.0000
0.0000
0.0000
0.0000
0.0000
0.0000
0.0000
0.0000
0.0000
0.0000
0.0000
0.0000
2.1481
0.0000
0.0000
0.0000
0.6646
0.0000
0.0000
0.0000
0.0000
0.0000
0.0000
0.0000
0.0000
3.4657
0.0000
0.0000
0.0000
0.9231
0.0000
0.0000
0.9019
0.0000
0.0000
0.0000
0.0000
1.8609
0.0000
2.9116
0.0000
0.0000
0.0000
0.0000
0.0000
0.0856
0.0000
0.0000
0.0000
0.0000
0.0000
0.0000
3.3894
0.7355
0.0000
0.0000
0.0000
0.0000
4.4102
0.0000
0.0000
0.0000
0.0000
0.0000
0.0000
0.1385
0.0000
0.0000
0.0000
0.0000
1.7178
0.0000
0.0000
0.1159
0.0000
0.2501
0.0000
0.0000
2.3014
0.5363
1.6891
0.0000
0.7840
0.0000
2.2480
0.0000
0.0000
0.0000
0.0000
0.0000
0.0699
0.0000
0.0000
0.0000
3.1642
2.7649
0.0000
0.0000
3.1858
0.0000
0.0000
0.0000
0.0000
0.0000
6.5731
0.0000
0.4774
0.0000
0.0000
0.0000
0.0381
0.0094
0.0000
5.7783
2.1880
0.0000
0.0000
0.0000
0.0000
0.0000
0.0000
0.0000
0.0000
0.0000
0.0000
0.0000
0.0000
0.0000
0.0000
0.0000
0.0000
0.0000
0.0000
0.0000
0.6041
0.0000
4.0350
0.0000
0.0000
1.9140
0.0000
0.0000
0.0000
0.0000
0.0000
0.0000
0.0000
0.0000
0.0000
3.6445
0.0000
0.0000
0.0000
0.0000
0.0000
0.0000
0.0000
0.0000
0.0000
0.0000
0.0000
0.0000
0.0000
0.0000
1.3030
0.0000
0.0000
0.0000
0.0000
0.0000
0.0000
0.0000
3.5994
0.0000
0.0000
0.0000
0.0000
0.0000
0.0000
0.5769
0.0000
0.7269
0.0000
0.0000
0.0000
0.0000
0.0000
0.0000
0.0000
0.0000
0.0000
0.0000
0.0000
0.0000
0.0000
0.0000
0.0000
0.0000
0.0000
0.6319
0.0000
0.0000
0.0000
3.6127
1.4840
0.0000
0.0000
0.0000
0.0000
0.0000
0.0000
0.1392
1.3188
0.0000
1.3478
0.0000
0.7470
0.0000
0.0000
0.0000
0.0000
0.1028
0.0000
1.8903
0.0000
0.0000
2.5868
0.0000
0.0000
0.0000
0.0000
0.5754
0.0589
0.0000
1.2104
1.5632
0.0000
0.4200
0.0000
0.0000
0.1477
0.0000
0.0000
0.4515
0.0000
0.0000
0.0000
0.0000
2.5992
0.0000
0.0000
0.0000
0.0000
0.8043
1.2007
0.0000
0.0000
0.0000
0.0000
0.0000
0.0000
0.1325
0.0000
0.0000
0.0000
0.4834
0.0000
0.0000
0.0000
0.0000
0.0000
0.0000
0.9556
0.0000
3.0447
0.0000
0.0000
6.7176
0.0000
1.4210
2.4107
0.0000
0.0000
0.0000
0.0000
1.6987
0.0000
0.0000
0.3184
1.9071
1.5073
0.0000
0.0000
0.0000
0.0000
0.0000
0.0000
1.9028
0.0000
0.0000
0.0000
0.0000
0.0000
0.0000
0.0000
0.0000
0.0614
1.3504
0.0000
0.0000
1.7587
0.0000
0.0000
0.0000
0.0000
0.0000
0.0000
0.0000
0.0000
2.1045
0.0000
0.0000
0.0097
0.0000
1.3766
0.0000
0.0000
0.0000
0.0000
0.0000
0.0000
0.0000
0.1367
0.0000
0.0000
0.0000
0.0000
0.0000
0.6481
0.0000
0.0000
0.0000
0.0000
0.0000
0.0000
0.0000
2.0087
0.0442
0.0000
0.0000
0.0000
0.0000
0.0000
0.0027
0.0000
0.0000
0.0000
4.1621
0.0000
0.0000
0.0000
0.0000
0.0000
0.0000
0.0000
0.0000
0.0000
0.5048
0.0000
0.0000
0.0000
0.0000
3.5698
0.0000
0.0000
1.6867
0.0000
0.0000
0.0000
3.5035
0.0000
0.0000
0.0000
0.0000
0.0000
0.0000
0.3856
0.0000
0.0000
0.0000
0.0000
0.0000
0.0000
0.0163
2.1383
0.0000
0.0000
0.0000
0.3658
0.0000
0.0000
0.0000
0.0000
1.5523
0.0000
0.0000
0.0000
0.0000
0.0000
0.0000
0.0000
0.0000
0.0000
0.0000
0.0000
0.0000
0.0000
0.0000
0.0000
0.0000
1.2632
3.3739
0.0000
0.0000
0.0000
0.0000
0.0000
0.0000
0.0000
0.0000
0.0000
0.0000
0.0000
0.0000
0.0000
0.0000
0.0000
0.0000
0.0000
0.0000
0.9917
0.0000
0.0000
0.0000
2.6735
0.0000
0.0000
0.0000
1.2209
0.0000
0.0000
0.0000
0.0000
0.9326
0.0000
0.0000
0.0000
0.0343
0.0000
0.0000
0.0000
2.6807
0.0000
0.0000
0.0000
0.0000
0.0000
0.0000
0.0000
0.0000
3.1150
0.0000
0.2010
0.0000
0.0000
0.0000
0.4921
0.0000
0.0000
0.0000
0.0000
2.5736
0.0000
0.0000
0.0000
3.0868
0.0000
0.0000
0.8702
0.0000
0.0000
0.0000
1.2818
0.5150
0.0000
0.0000
1.4721
1.7026
4.6276
0.6542
1.0519
0.0000
0.7601
0.0000
0.0000
0.0000
0.0000
0.0000
0.0000
0.0000
0.0000
0.0000
0.0000
0.0000
0.0000
0.3392
0.0000
0.0000
0.0000
0.3306
0.0000
3.0101
0.0000
0.0000
0.7305
0.0000
0.0000
0.0000
0.0000
0.0000
0.0000
0.0000
0.0000
0.0000
0.0000
0.0000
0.0000
0.0000
0.0000
0.5210
0.0000
0.0000
0.0000
0.0000
0.0000
0.0000
0.9156
0.0000
0.0000
0.0000
0.0000
0.0000
0.0348
0.0000
0.0000
0.0000
0.0000
0.0059
0.0000
0.0000
0.0000
4.9765
0.0000
0.0000
0.0000
0.0000
0.0000
0.0000
0.0000
0.0000
0.7143
0.0000
0.0000
0.0000
0.0000
0.0000
0.0000
1.0418
0.7304
0.0000
0.0000
0.0000
0.0000
0.0946
0.0000
0.0000
0.0000
0.0000
0.0000
1.1290
0.0000
0.0000
0.0000
0.0000
0.9986
0.0000
2.0626
0.0000
0.0000
0.0000
0.0000
0.0000
0.0000
0.0000
0.0000
0.0000
0.0000
4.1891
0.0000
0.0000
2.1817
0.0000
1.2503
0.0000
0.0000
0.0000
0.0000
0.0000
0.0000
0.0000
0.9403
0.0000
4.2500
0.1659
1.4476
0.0000
0.0000
0.0000
0.3080
0.0000
0.0000
0.5292
2.0308
0.0000
0.0000
1.0335
2.6969
2.5360
0.0000
0.0000
0.0000
0.0000
0.0000
0.0000
0.0000
1.8398
0.0000
0.0000
0.0000
1.0004
0.0000
1.4826
0.0000
0.0000
0.0000
0.0000
1.2438
0.4052
0.0000
0.0000
0.0000
0.0000
0.0000
0.0000
0.0000
0.0000
0.0000
0.0000
0.0000
0.0000
0.0000
1.0703
0.0000
0.0000
0.0000
0.0000
0.0000
1.3028
0.0000
0.0000
0.2972
0.0000
0.6802
0.0000
5.1418
0.0000
0.0000
0.0000
0.0000
0.0000
0.0000
0.0000
0.0000
0.0000
0.0000
0.0000
0.0000
0.0000
0.0000
0.7918
0.0000
0.0000
0.0000
0.0000
2.0055
0.0000
4.0616
0.0000
5.6677
0.0000
0.0000
0.0000
0.0000
0.0000
0.0000
0.0199
0.0000
0.7457
0.0000
0.0000
1.7935
0.0000
0.0000
0.0000
1.1490
0.0000
0.0000
4.5719
0.0000
3.0634
0.0000
0.9461
0.0000
0.0000
0.0000
0.0000
0.0000
0.0000
0.0000
0.0000
0.1262
0.0000
3.2361
3.2254
0.0000
2.5184
0.0000
0.0000
1.1102
0.0000
0.0000
0.0000
0.0000
0.0000
0.0000
0.0000
0.0000
0.9879
6.9629
0.0000
0.0000
0.0000
0.0000
0.0000
0.0000
0.0000
0.0000
0.0000
3.2107
0.0000
2.8224
0.0000
2.7046
0.0000
0.0000
0.0000
0.0000
1.2707
3.3268
0.0000
0.5732
0.2096
0.0000
0.0000
0.0000
3.3588
0.0000
0.0000
0.7736
0.0000
0.0000
0.7439
0.0000
1.6286
0.0000
1.0219
0.0000
2.5326
0.0000
0.0000
0.5321
0.0000
0.0000
0.0000
0.0000
1.6912
0.0000
0.0000
0.0000
2.7164
0.0000
0.0000
0.0000
0.0000
0.0000
0.0000
0.0000
1.1456
0.0000
0.5103
0.8019
0.8814
0.0000
0.0000
0.0000
0.4101
0.0000
0.0000
0.0000
1.0488
0.0000
0.0000
0.0000
0.0000
0.0000
0.7611
0.0000
0.0000
0.0000
0.0000
0.0000
0.0000
0.0000
0.0000
0.5480
0.0000
0.4103
0.0000
0.0000
1.0782
0.1107
0.0000
0.2084
0.0000
0.0000
0.0000
0.0000
0.0000
0.3272
0.0000
0.0000
0.0000
1.6585
0.0135
0.0000
0.0000
0.0000
0.0000
0.0000
3.1412
0.0000
0.0000
0.0000
0.0000
0.0000
1.2157
0.0000
0.0000
0.3891
1.0591
0.0000
0.0000
0.0000
0.0000
0.0000
0.0000
0.0000
0.0000
0.2988
0.0000
0.0000
0.0000
0.6169
0.0000
0.0000
0.0000
0.0000
0.0000
0.0000
0.0000
0.0000
0.0000
0.0000
3.8739
1.8096
0.0000
0.0000
0.0000
0.0000
0.0000
0.0000
0.0000
0.0000
0.0000
0.0000
1.0059
0.0000
0.0000
0.1664
0.0000
0.0000
0.0000
0.0000
0.0000
0.0000
3.8792
0.4698
2.1386
0.3435
3.5199
0.0000
0.0000
2.2668
0.5256
5.7302
0.0000
0.3891
0.0000
0.0000
0.0000
2.3764
0.0000
0.0000
0.0000
0.0000
0.0000
0.0000
0.0000
0.0000
2.6265
0.0000
0.0000
0.0000
0.0000
0.0000
0.0000
0.0000
0.0000
0.9591
1.5765
0.0000
0.0000
0.0000
0.2336
0.0000
0.1423
0.0000
0.0000
0.0000
2.0330
0.0000
2.3673
0.0000
0.0000
0.0000
0.0000
0.0000
0.0000
0.0000
0.0000
0.0000
0.0000
2.2102
0.0000
0.0000
0.0000
0.0000
0.9176
0.0000
0.0000
0.0000
1.2316
0.0000
0.0000
0.0000
3.5177
0.0000
0.0000
0.0000
0.0000
0.0000
0.0000
0.0000
0.0000
0.0000
0.0000
0.0000
2.8125
0.0000
0.0000
0.2734
2.5139
0.0000
1.5717
0.0000
0.0000
4.4821
0.0000
0.0000
0.0000
0.0000
0.0000
2.7894
0.0000
0.0000
0.0000
0.0000
0.0000
0.0000
0.0000
0.9151
2.9723
0.0000
0.0000
0.0000
0.0000
0.0000
0.0000
0.0000
0.0000
0.0000
0.0000
0.0000
0.0000
1.8277
2.6088
0.0000
0.0000
3.3199
0.0000
0.0000
3.1617
0.0000
0.0000
0.0000
0.0000
0.0000
0.0000
0.0000
0.0000
0.0000
3.4609
0.0000
0.0000
1.4220
0.0000
0.0000
0.0000
0.0000
0.0000
0.0000
1.0591
0.0000
0.0000
1.4311
0.0000
0.0000
0.0000
0.9809
0.0000
0.0000
0.0000
0.0000
0.0000
0.0000
0.0000
0.0000
0.0000
0.0000
0.0000
0.0000
2.1245
0.7542
0.0000
0.0000
0.0000
2.1455
0.0000
1.6653
0.0000
0.0000
0.0000
0.0000
0.0000
0.0000
0.0000
0.0000
0.0000
0.0000
0.8494
0.0588
0.0000
0.0000
0.0000
0.0000
0.0000
0.0000
0.0000
0.0000
0.0000
0.0000
0.0000
0.0000
0.0000
0.0000
0.0000
0.0000
0.0000
1.3582
0.0000
0.2683
0.0000
0.0000
0.0000
0.0000
0.0000
0.0000
0.0000
0.0000
0.0000
0.0000
0.0000
0.5873
0.0000
0.0000
0.0000
1.1473
0.0000
0.5423
4.0917
0.0000
0.0000
0.0000
0.0000
0.0000
0.0000
0.2673
1.2664
4.0866
0.0000
0.0000
0.0000
0.0000
0.0000
0.0000
0.0000
0.2868
0.0000
0.0000
0.0000
0.0000
0.0000
0.0000
0.0000
0.0000
0.0000
0.9373
0.0309
2.0311
0.0000
3.5008
0.0000
0.0000
0.0000
0.0000
0.8086
3.8643
0.0000
0.0000
1.5424
0.0000
0.0000
0.3004
0.8164
0.0000
0.0000
0.0000
0.0000
0.0000
0.0000
0.4837
0.0000
0.0000
0.0000
0.0000
0.0000
0.3439
0.0000
3.3248
0.0000
0.0000
0.0000
0.0000
0.0000
0.0000
0.3560
0.0000
0.0000
0.0000
4.1054
0.0000
2.2766
1.3141
0.0000
0.0000
0.0000
0.1008
0.0000
0.0000
0.0000
0.0000
0.0000
0.0000
0.0000
0.0000
0.0592
0.0000
0.0000
0.0000
0.0000
0.0206
0.0000
0.0000
0.0000
3.3828
5.2803
0.0000
0.0000
1.0112
0.0000
2.9673
0.0000
0.2162
0.0000
0.0000
0.0000
0.0000
0.0000
0.0000
0.0000
0.0000
3.3872
2.4507
0.0000
0.0000
0.0000
0.0000
0.0000
1.2847
0.0000
0.0000
4.0453
0.0000
0.0000
0.0000
0.0000
0.0000
0.0000
0.0000
6.0592
2.5457
0.0000
0.0000
0.0000
0.0000
0.0000
0.0000
0.5958
0.0000
0.0000
0.0000
0.0000
0.0000
0.0000
0.0000
0.0000
0.8425
0.0000
1.0803
0.0000
0.0000
0.0000
2.3078
0.0000
0.0000
0.0000
0.0000
0.0000
0.0000
1.4526
1.5499
0.0000
0.0000
0.0000
0.9257
4.7525
0.0000
2.1673
1.0288
0.0000
0.5210
0.0000
0.0000
0.0000
0.0000
0.0000
0.0000
0.3073
0.2256
0.0000
0.0000
0.0000
0.0000
0.0000
6.5372
0.0000
0.0000
0.0000
0.0000
0.0000
0.0000
0.0000
0.0000
0.0000
0.0000
1.2832
0.0000
0.0000
0.0000
0.0255
0.0000
0.0000
0.0000
1.5221
0.0000
0.0000
0.0000
0.0000
0.0000
0.0000
1.0946
0.0000
0.0033
0.0000
1.1373
0.0000
0.0000
0.1210
0.0000
0.0000
0.0330
0.0000
0.0000
0.0000
1.3662
0.0000
0.3578
0.0000
3.0089
0.0000
0.0000
1.6629
0.0000
0.0000
0.0000
0.0000
1.1412
0.0000
0.0000
0.0000
0.7098
2.6018
0.0000
0.0000
0.0000
0.0000
0.0000
0.0000
0.0000
0.0000
0.0000
0.0000
0.0000
0.0000
0.0000
4.2077
0.0000
1.9874
0.0000
0.1988
2.2899
0.0000
0.0000
0.0000
0.3458
0.0000
0.0000
3.6028
2.2462
5.3025
0.0000
0.0000
0.0000
0.0000
0.0000
0.0000
1.4597
0.0000
0.5857
0.0000
0.0000
0.0000
0.0000
0.0000
0.0000
2.4399
0.0000
0.0000
0.0000
0.0000
0.0000
0.0000
0.0000
0.0000
1.6717
0.0000
0.0000
0.0000
0.0000
0.0000
0.0000
0.0000
0.0000
0.0000
0.0000
0.0000
0.0000
0.0000
0.0000
0.0000
0.0000
0.0000
0.2983
0.0000
3.9182
0.0000
1.3858
0.0000
2.9092
0.0000
0.0000
0.0000
0.0000
0.0000
0.4420
2.8381
1.8892
0.0000
0.0000
0.0000
3.4129
0.0000
0.0000
0.0000
0.0000
0.1917
0.0000
0.0000
0.0000
0.0000
0.0000
0.0000
0.0000
0.0000
1.4643
0.0000
0.0000
0.0000
0.0000
0.0000
0.0000
0.0000
0.0000
0.0000
3.7271
0.0000
2.6226
3.0093
0.0000
0.0000
0.5381
0.0000
0.0000
0.9034
2.1778
0.4100
0.0000
2.1764
0.0000
2.1976
1.6018
0.0000
4.7668
0.0000
0.0000
2.0435
0.0000
0.0000
1.8572
0.0000
0.0000
0.7703
2.5300
0.8704
0.0000
0.0000
3.1425
0.0000
1.9731
0.0000
0.0000
0.0000
0.0000
0.0000
0.0000
0.0000
0.0000
0.0000
1.5677
1.5652
0.0000
3.7477
0.0000
0.0000
0.0000
0.0000
0.0000
0.0000
0.0000
0.0000
0.7857
0.0000
0.0000
1.6514
0.0000
0.0000
2.7381
0.0000
2.0979
0.0000
0.0000
0.0000
0.0000
0.0000
0.0000
0.0000
0.0000
0.0000
0.0000
0.0000
0.0000
0.0000
0.0000
0.0000
0.0000
1.6094
0.0000
4.4387
6.1834
1.8398
0.0000
0.0000
0.0000
0.0000
0.0000
0.0000
3.3543
0.0000
0.0000
0.0000
0.2009
0.0000
0.0000
2.3671
0.0000
0.0000
0.0000
0.0000
0.0000
0.0000
0.0000
3.5296
0.0000
0.0000
0.2114
0.0000
0.0000
0.0000
0.0000
0.0000
1.6165
0.0000
0.0000
0.0000
0.0000
0.0000
0.0000
0.0000
0.0000
0.0000
0.0000
0.0000
0.0000
0.0000
0.0000
0.0000
0.0000
0.0000
0.0000
0.0000
0.0000
3.6581
0.0000
0.0000
0.0000
2.1862
0.0000
0.2915
0.0000
0.0000
2.9410
0.0000
0.0000
0.0000
0.0000
0.0000
2.3605
0.0000
0.0000
0.0000
0.0000
0.3930
0.0000
0.4104
1.4195
0.0000
0.0000
0.0000
0.0000
0.0000
0.0000
0.0000
0.0000
0.0000
0.0000
0.0000
0.0000
0.0000
0.0000
0.0000
0.7609
0.0000
0.0000
2.1546
0.0000
0.0000
0.0000
0.6341
1.6871
0.0000
0.0000
0.0000
0.0000
0.0000
0.0000
1.4648
0.0000
0.0000
0.0000
0.0000
0.0000
0.0000
0.0000
0.0000
0.0000
0.0000
0.0000
0.0000
3.0940
0.0000
0.0000
2.2199
3.2876
0.0000
0.0000
0.0000
0.0000
0.0000
0.0000
0.0000
0.0000
5.5951
0.0000
0.0000
1.0906
0.1111
0.0000
0.0000
0.0000
0.2267
0.0000
0.1337
0.0000
0.0000
0.0000
0.0000
0.0000
0.0000
0.0000
1.2048
0.0000
0.0000
0.0000
1.1944
1.1112
0.0000
3.6620
1.6645
0.0000
0.0000
0.0000
3.4580
0.0000
0.0000
0.0000
1.4149
0.5863
0.0000
0.0000
0.3604
0.0000
0.0000
0.5015
3.2165
0.0000
0.0000
0.0000
0.0000
0.0000
2.4191
1.6891
0.0000
0.0000
0.0000
0.0122
2.2662
0.0000
0.0000
0.0000
0.0000
0.0000
0.0000
0.0000
0.0000
0.0000
0.0000
0.0000
0.0000
0.7517
0.0000
0.0000
2.9959
1.2866
0.0000
0.0000
0.8413
0.0000
0.0000
0.0000
0.0000
0.9784
0.0000
0.0000
0.0000
4.2215
0.0000
0.0000
0.0000
0.0000
0.0000
0.0000
0.0000
0.0000
0.0000
0.0000
0.0000
0.0000
0.2756
0.0000
1.3699
0.0000
0.0000
0.0000
0.0000
0.0000
0.0000
0.0000
1.0302
0.0000
0.0000
0.0000
0.0000
0.0000
0.0000
0.0000
0.0000
0.0000
0.0000
0.0000
0.0000
0.7679
0.0000
0.7732
0.0000
0.0000
1.6160
0.0000
0.0000
0.0000
0.0000
0.2447
0.0000
1.2927
0.2620
0.0000
1.4087
2.2151
0.0000
4.9097
0.5457
4.3878
0.0000
0.0000
0.0000
1.4200
1.2384
0.0000
0.0000
0.0000
0.0000
0.0000
0.0000
3.3008
0.0000
0.0000
0.0000
0.0000
0.0000
1.3354
0.0000
0.0000
3.1172
0.0000
0.0000
0.0000
0.0000
0.0000
0.4666
0.9391
0.0000
0.0000
0.0000
0.2581
0.0000
0.0000
0.0000
0.0000
0.0000
0.0000
0.0000
0.0000
0.0000
0.0000
0.0000
1.6078
0.7692
0.0000
0.0000
0.0000
0.1896
0.9070
0.0000
0.3647
0.0000
0.0000
2.4811
1.8025
0.0000
0.0000
0.0000
0.0000
0.0000
0.0000
0.0000
0.0000
0.0000
0.0000
0.0000
0.0000
0.0000
0.0000
0.0000
0.0000
0.0862
0.0000
0.0000
0.1542
0.0000
0.0000
0.0165
0.0000
0.0000
0.0000
1.5334
1.0544
0.0000
0.0000
0.1398
0.0000
0.0000
0.0000
0.0000
0.0000
0.0390
1.0949
0.0000
0.0000
0.0000
0.0000
0.0000
0.0000
0.0000
0.9486
0.0000
0.0000
0.0000
1.7963
4.3418
0.0000
0.0000
0.0000
3.4084
0.9812
0.0000
0.0000
3.5488
0.0000
0.0000
1.1867
0.0000
0.0000
0.0806
1.6671
1.0599
0.0000
0.0000
0.0000
0.0000
3.4224
0.0000
0.0000
0.0000
1.2256
0.0000
0.8249
0.7885
0.0000
1.4124
0.0000
0.0000
0.0000
0.0000
0.0000
0.0000
0.0000
1.8698
0.0000
0.0000
0.0000
0.0000
0.0000
0.0000
0.0000
1.1355
0.0000
0.0000
0.0000
1.1435
0.0000
0.0000
0.3958
0.0000
0.0000
1.8678
0.0000
0.0000
2.3381
0.0000
0.0000
0.0000
0.3156
0.8274
0.0000
0.0000
2.5359
0.0000
0.0000
0.4312
1.3056
0.0000
0.0000
0.0000
0.4977
0.0000
0.4622
0.0000
0.0000
0.0000
0.0987
0.0000
0.0000
0.0000
1.4337
0.0000
0.0000
0.0000
1.0982
0.0000
1.1880
0.3127
0.4639
4.6700
0.0000
0.0000
0.0000
1.8667
1.2491
0.0000
0.0000
0.0000
0.5225
0.0000
0.0000
0.0000
2.2142
0.0000
0.0000
0.0000
0.0000
3.1636
8.8063
0.0000
0.5080
0.0000
0.0000
0.0000
0.0000
0.0000
0.0000
0.0000
0.0000
0.0000
0.0000
0.0000
0.0000
0.0000
0.0000
0.0000
0.0000
0.0000
0.0000
0.0000
0.0000
0.0000
0.0000
3.3075
0.0000
1.1876
0.0000
0.0000
0.0000
0.0000
0.4903
0.7531
0.5797
0.0000
0.0000
2.6204
0.0000
0.0000
0.0000
0.3172
0.0000
0.0000
0.0000
0.0000
0.0000
0.0000
0.0000
0.3167
0.0000
1.7215
0.0000
3.2601
0.0000
0.0000
0.0000
2.2631
0.0000
0.0000
0.0000
1.1369
0.0000
0.0000
0.0000
1.2459
2.1243
0.0000
0.0000
0.0000
0.0000
0.0000
0.0000
0.0000
0.0000
1.2270
0.0000
0.0000
0.0000
0.0000
0.0000
0.0000
0.0000
0.0000
2.8036
0.0000
0.0000
0.0000
0.0000
0.0000
0.0000
0.0000
0.6294
0.0000
0.0000
0.0000
0.0000
0.1546
0.0000
0.0000
0.0000
0.7217
0.0000
0.0000
0.0000
0.0000
0.0000
0.0000
0.0000
0.0000
0.0000
0.0000
0.0000
0.0000
0.0000
0.0000
0.4655
0.0000
0.1815
0.0000
0.0000
0.0000
0.2012
0.0000
0.0000
0.0000
1.0009
0.2959
0.6547
0.0000
2.4350
0.0000
0.0000
0.0000
0.0000
5.4166
1.1034
0.0000
0.0000
0.0000
2.3789
0.7818
0.0000
0.0001
0.0000
0.0000
0.0000
0.1309
0.0000
2.3304
0.0000
0.0000
0.0000
0.0000
0.0000
0.0000
0.0000
0.0000
0.0000
0.0000
0.0000
0.0000
0.0000
0.0000
1.7421
0.0000
0.0000
0.0000
0.0000
2.3950
0.0000
0.0000
0.0000
0.4792
0.0000
0.9431
0.0000
0.0000
0.1763
0.0000
0.0000
1.1763
0.9380
0.0000
0.0000
0.0000
0.0000
0.0000
0.0000
0.0000
0.0000
0.0000
1.6932
2.2840
0.0000
0.0000
0.0000
0.0000
0.0000
0.0000
0.0000
0.0000
0.0000
0.6605
0.0000
0.0000
0.0000
0.0000
1.0600
0.3045
0.0000
0.0000
0.0000
0.0000
0.0000
0.1784
0.0000
0.0000
0.0000
0.0000
1.4997
0.0000
0.0000
0.0000
0.0000
0.0000
0.0000
0.7627
3.4685
0.0000
0.0000
0.0000
0.0000
0.0000
0.8428
0.0000
0.0000
0.0000
3.7390
0.0000
0.0000
0.0000
0.0000
3.0084
0.0000
0.0000
0.0000
0.0000
0.0000
0.0000
0.0000
0.0000
6.9265
0.0000
4.0826
3.1153
0.0000
0.0000
0.0000
2.7162
0.0000
0.5321
0.0000
0.0000
0.0000
0.0000
0.0000
0.6016
0.0000
0.0000
1.1725
0.0000
0.0000
0.0000
0.5328
0.0444
0.0000
0.0000
1.9033
0.0000
0.0000
0.0000
0.0000
0.0000
0.7668
0.0000
0.0000
0.0000
0.0000
0.0000
0.0000
2.3410
0.3095
0.2800
0.0000
0.0000
0.0000
2.4594
0.0000
0.0000
0.0000
0.0000
0.0000
2.6615
0.0000
0.1285
1.1896
0.0000
0.0000
0.0000
0.0000
0.0000
0.0000
0.5859
1.8573
0.0000
0.3349
0.0000
2.0389
0.0000
1.1979
1.0376
0.0000
0.0000
1.3223
0.0000
0.0000
0.0000
0.0000
0.2786
0.0000
0.0000
0.0000
0.0000
0.6703
1.0462
0.0000
0.0000
0.0000
0.0000
0.0000
1.5481
0.0000
0.0000
0.0000
0.2988
0.0000
1.2117
0.0000
0.0106
0.0000
0.0000
0.0000
0.0000
0.0000
0.0000
2.0115
0.0000
0.0000
0.2912
0.0000
0.0000
0.0000
0.0000
0.0000
0.0000
0.0000
0.0000
0.0000
0.0000
0.0000
0.0000
0.0000
0.6579
4.9023
0.0000
2.5902
0.0000
0.0000
0.6766
0.0000
0.0000
0.0000
0.0000
0.0000
0.0000
2.0189
0.0000
0.0000
1.6225
0.0000
0.0000
0.0000
0.6642
0.0000
0.0000
0.0000
0.0000
0.0000
0.0000
0.7431
0.0000
0.0000
1.7717
0.0000
3.0169
0.0000
0.0000
0.0000
0.0000
0.9024
0.0000
0.0000
0.0000
0.0000
2.4194
0.0000
0.0000
2.7685
0.0000
0.0000
0.0000
0.0000
0.0000
0.0000
1.2499
0.7377
0.0000
0.0000
0.0000
1.4527
0.0812
0.0000
0.0000
0.0000
0.0000
0.0000
0.0000
0.0000
0.0000
0.0000
0.0000
2.2160
0.0000
0.0000
0.0000
0.0000
0.0000
0.0000
0.0000
1.7775
3.9894
0.5776
1.4678
0.0000
0.0000
0.0000
0.0000
1.2917
0.0000
0.0000
0.0000
0.0000
0.0000
0.0000
0.0000
4.8650
2.0348
0.0000
0.0000
0.0000
1.6538
3.9127
0.0000
0.0000
0.0000
0.0000
0.0000
0.0000
0.0000
0.0000
0.0000
0.0000
0.0000
0.0000
0.0000
2.6409
0.0000
0.0000
1.4174
1.6147
0.0000
0.0000
0.0000
0.0000
0.0000
0.0000
6.0520
0.0000
0.0000
0.0000
0.0000
0.0000
0.0000
0.0000
1.5320
0.0082
0.0000
0.3879
5.0741
0.8360
0.0000
0.0000
0.0000
0.0000
0.0000
0.0000
2.5221
0.0000
0.0000
1.2124
0.0000
0.0000
0.0000
0.0000
0.0294
0.0000
0.0000
0.0000
0.0000
0.0000
3.2344
0.0000
0.0000
2.1309
0.0000
0.2807
0.0000
0.0000
0.0000
1.7983
0.0000
0.0000
0.0000
0.0000
4.9103
0.0000
0.2652
0.0000
0.0000
0.1584
0.0000
0.0000
2.5324
0.0840
0.0000
0.0000
0.0000
0.0000
0.0000
0.0000
0.0000
0.0000
0.0000
0.0000
0.0000
0.0000
0.0000
0.0000
0.0000
1.1269
0.0000
3.1392
0.0000
0.0000
0.2744
0.0000
0.0000
0.0000
0.0000
0.0000
0.0000
0.0000
0.5172
0.0000
0.0000
0.0000
0.0000
1.4536
3.2103
0.0000
0.1809
0.0000
2.3277
0.0000
0.0000
0.0000
0.0000
0.0000
0.0000
0.0000
0.0000
0.0000
0.0000
0.0000
0.0000
0.0000
0.0000
0.0000
3.8784
0.0000
0.0000
0.0000
1.0571
0.0000
0.0000
1.4456
0.2416
0.0000
4.5458
0.0000
1.0773
2.4096
2.4121
0.0000
2.5394
0.0000
0.0000
0.5994
0.5150
0.0000
0.0000
0.0000
0.0000
0.0000
0.0000
0.0000
4.0936
0.0000
0.0000
0.0000
1.2500
3.2099
0.0000
0.0064
9.0213
1.1485
0.0000
2.1222
0.0000
0.0000
0.0000
6.5920
0.0000
0.0000
0.5712
0.0000
1.4327
0.0000
0.0000
0.4226
0.0000
0.0000
3.2258
0.0000
0.0000
0.0000
0.0000
0.6310
0.0000
1.1544
0.0000
0.0000
0.0000
0.0000
0.0000
3.2286
0.0000
0.0000
1.0644
0.0000
4.1128
0.0000
0.0000
0.0000
0.0000
0.0000
0.0000
0.0000
0.0000
0.0000
0.3701
3.8948
2.0598
0.0000
0.0000
1.3393
0.0000
0.1053
0.0000
0.0000
0.0000
0.0000
0.0000
0.0000
0.0000
0.0000
0.0000
0.0000
0.0000
0.0000
2.0718
0.0000
0.0000
0.0000
0.0000
0.0000
0.0000
0.0000
6.0806
0.0000
0.0000
2.3650
0.0000
2.6318
2.1422
3.1196
0.0000
0.0000
2.7694
0.0000
0.0000
0.0000
0.0000
0.0000
0.0000
0.0000
0.3523
0.0000
0.7522
0.0000
0.0000
0.2094
1.1455
2.5748
0.0000
0.0000
1.3785
0.3594
0.2538
0.0000
0.0000
0.0000
1.7661
0.2624
0.0000
0.0000
4.0649
0.0000
1.1728
0.0000
0.0000
0.0000
0.0000
0.0000
1.2255
0.0000
0.0000
0.0000
0.0000
2.9328
0.0000
0.0000
0.0000
0.0000
0.0000
0.0000
0.0000
0.0000
0.0000
0.0000
0.0000
0.0000
0.0000
1.8960
0.0000
0.0000
0.0000
5.6940
0.0000
0.3207
0.0000
0.0000
0.0000
0.0000
0.0000
0.0000
0.0000
0.0000
0.0000
0.0000
0.6042
0.0000
0.0000
0.0000
0.0000
0.0000
0.0000
0.0000
0.0000
0.0000
0.0000
0.0000
0.0000
0.0000
0.0000
0.0000
0.0000
0.0000
0.0000
0.0000
0.0000
0.0000
0.7324
0.0000
0.0000
0.2816
0.0000
0.0000
0.0000
0.0000
0.9252
0.8356
0.0000
0.0000
0.0000
0.0000
0.5324
0.0000
1.6692
0.0000
0.0000
0.0000
0.0000
2.0478
0.0000
0.0000
0.0000
0.0000
0.0000
3.7949
0.0000
1.5092
0.0000
0.0000
0.0000
0.0000
0.0000
0.0000
0.6826
0.8635
0.0000
0.0000
0.0000
0.0000
0.0000
0.0000
0.0000
0.0000
0.0000
0.2371
0.0000
0.0888
0.3373
0.0000
0.0000
0.0000
0.0000
0.0000
0.0000
0.0000
0.4140
0.0000
0.0000
0.0000
0.0000
3.9274
0.0000
2.6679
0.0000
0.4661
0.0000
0.0000
0.0000
4.8432
0.0000
0.0000
0.6569
0.0000
1.1038
0.0000
0.0000
0.0000
0.0000
0.0000
0.0000
0.2876
0.0000
0.0000
0.0000
1.1197
0.0000
0.0000
0.0000
0.0000
0.0000
0.9117
0.6418
0.3599
0.0000
0.0000
0.0000
0.0000
3.2961
0.0000
0.0000
0.0000
0.0000
0.0000
0.0000
1.5791
0.0000
0.0000
0.0000
0.0000
3.7960
0.0000
0.0000
0.0000
0.0000
1.8503
0.0000
0.0000
0.0000
0.0000
0.0000
0.0000
0.0000
0.0000
0.6615
0.0000
0.7072
0.0000
0.0000
0.0000
2.6411
0.0000
0.0000
0.0000
0.0000
0.0000
0.0000
0.0000
0.0000
0.0000
0.0000
0.0000
0.0000
0.0000
0.0000
0.0000
0.0000
0.0000
0.5404
0.0000
0.0000
0.0000
0.0000
0.0000
1.3258
0.0000
0.0000
0.0000
0.0000
0.6361
3.3632
0.0000
0.0000
0.4540
0.7673
2.9625
0.0000
0.0000
0.0000
0.0000
0.0000
0.0000
0.0000
0.0000
0.0000
1.3311
0.0000
0.0000
0.0000
2.5814
0.0000
1.0826
0.0000
0.8898
1.8735
0.0000
0.0000
1.9027
0.0000
0.7925
0.0000
0.0000
0.0000
0.0000
0.0000
0.0000
0.0000
0.0000
1.5564
4.5162
0.0000
0.0000
0.4671
0.0000
0.5697
1.6154
0.0000
0.0000
0.0000
0.0000
0.0000
0.0000
2.2186
0.0000
0.0000
3.2380
0.0000
0.0000
0.0000
0.0000
3.5205
1.0871
0.0000
0.0000
0.5405
0.0000
0.0000
5.0874
0.0000
0.0000
0.0000
0.0000
4.6244
0.0000
0.0000
0.0000
0.0000
0.0000
0.0000
0.3336
0.0000
0.0000
3.6428
0.0000
0.0000
0.0000
0.0000
0.0000
0.0000
0.0000
0.0000
0.0000
0.0000
0.7256
0.0000
0.0000
0.0000
0.0000
0.0000
0.0000
0.0000
7.0262
0.0000
1.3064
0.0000
2.7180
0.0000
0.0000
0.0000
0.0000
0.0000
0.9093
0.0000
7.5804
0.0000
0.0000
0.0000
0.0000
0.0000
0.0000
0.7071
0.0000
0.0000
0.0000
0.0000
0.0000
0.0000
0.0000
0.0000
0.2115
6.1919
0.0000
0.0000
0.0000
0.0000
0.0000
0.0000
0.0000
0.0000
0.0000
0.0000
3.8365
0.0000
0.0000
3.2890
1.7931
0.0000
0.0000
0.0000
0.0000
0.4734
1.4273
0.0000
0.0000
0.0000
0.0000
0.0000
0.0000
0.0000
3.2035
0.0000
4.0496
0.0000
0.0000
0.0000
0.0000
1.4633
0.0000
0.0000
1.2056
0.6707
0.0000
0.0000
0.0000
0.0000
4.1646
0.0000
0.0000
0.0000
0.5462
0.0000
0.0000
0.0000
0.0000
0.0000
0.0000
2.4043
0.0000
0.6888
0.0000
0.0000
0.0000
0.0000
0.0000
0.0000
3.1012
0.0000
0.8096
1.6121
0.8741
0.6747
0.0000
0.9724
2.1281
0.0000
0.0000
0.0000
0.0000
0.0000
0.0000
0.0000
0.0000
0.0000
0.0000
2.6096
0.0000
0.0000
0.0000
0.0000
0.0000
0.0000
0.0021
0.6995
0.7589
0.0000
0.0000
5.1054
0.0000
0.0000
0.0000
0.0000
0.0000
0.0000
0.0000
0.0000
0.0000
0.0000
0.9360
0.0000
0.0000
0.6880
0.0000
0.0000
2.4984
0.0000
0.0000
0.0000
0.0000
0.0000
0.0000
0.0000
0.0000
0.0000
0.0000
0.0000
0.0000
0.0000
0.0000
0.0000
0.0000
0.0000
0.0000
0.0000
0.0000
0.0000
0.0000
0.0000
0.0000
3.8609
0.0000
0.9047
0.8650
0.0000
0.0000
0.0000
0.0000
0.0000
0.0000
0.5617
0.0000
0.0000
1.2933
0.0000
0.0000
0.0000
0.0000
0.0000
1.6320
0.0000
0.0000
1.1070
0.0000
0.0000
0.0000
0.0000
2.2450
0.0000
0.7804
0.0000
0.0000
0.0000
1.5282
1.3817
0.3962
0.0000
0.0000
0.0000
0.0000
0.0000
0.0000
0.0000
0.0000
0.0000
0.0000
0.3596
0.0000
0.0000
0.0000
0.0000
0.0000
1.6265
0.0000
0.9544
3.1023
0.0000
0.0000
0.0000
0.0000
0.0000
0.0000
0.6656
0.0000
0.0000
0.0000
3.2712
0.0000
6.4583
0.0000
0.0000
0.0000
0.0000
0.0000
0.0000
0.0000
0.0000
0.9011
0.0000
0.0000
3.0619
0.0000
0.0000
0.0000
0.0000
1.0917
3.5559
0.1622
1.9380
0.0000
0.0000
0.0000
0.0000
0.0000
0.0000
3.2974
0.0000
0.0000
0.0000
0.0000
0.0000
0.0000
0.0000
0.0000
0.0000
0.0000
0.0000
0.0000
0.0000
1.2583
0.0000
0.0000
1.1203
0.0000
1.9862
0.0000
0.0000
0.0000
2.0318
0.0000
0.0000
0.6444
0.0000
0.0000
0.0000
0.9168
0.0000
0.0000
0.0000
0.0000
5.3021
3.3383
1.4398
0.0000
0.0000
0.0000
0.0000
0.0000
0.0000
0.0000
0.0000
1.7627
0.0000
0.0000
0.0000
0.0000
0.0000
0.0000
0.0000
0.0000
0.0000
0.0000
0.0000
4.2976
0.0000
0.0000
4.9934
0.6687
0.0000
0.4646
0.0000
0.0000
0.0000
0.0000
0.0024
0.0000
0.0000
0.0000
0.5785
0.6728
2.9412
2.9368
0.0000
0.0000
0.0000
0.0000
0.2733
0.0000
0.0000
0.0000
0.0000
5.9534
0.0000
0.0000
0.0000
0.1660
0.0000
0.0000
0.0000
0.0000
0.0000
0.0000
0.0000
0.0000
0.0000
0.0000
0.0000
0.0000
0.0000
0.0000
0.0000
0.0000
0.0000
0.0000
1.5115
2.2531
0.0000
0.0000
0.0000
0.0000
0.0000
2.2115
0.0000
0.0000
0.0000
0.0000
0.0000
0.0000
0.0000
0.0000
2.9141
0.0000
0.0000
0.0000
0.0000
0.0000
0.0000
2.1901
1.1129
0.0000
0.0000
0.0000
5.4924
1.0828
0.0000
0.0000
0.0000
0.0000
1.6708
0.0000
0.0000
0.0000
2.2140
0.5764
0.0000
0.0000
0.0000
0.0000
0.0000
0.0000
0.0000
1.3961
0.0000
0.0000
0.0000
4.4282
0.0000
0.7882
0.0000
0.0000
0.0000
0.0000
5.2797
0.0000
0.0000
0.0000
0.0000
0.1815
0.0000
0.0000
0.4764
2.1960
0.0000
0.0000
0.0000
0.0000
0.0000
0.0000
0.0000
0.0000
0.0000
0.0000
0.0000
4.2129
0.0000
0.2962
0.0000
0.0000
2.7199
0.0000
0.0000
0.0000
0.6135
0.0000
0.0000
0.0000
0.3957
0.0000
0.0000
0.0000
1.5931
0.0000
0.0000
0.0000
0.0000
0.0000
0.0000
0.0000
0.0000
0.0000
0.0000
1.1230
0.9970
0.0000
0.0000
3.0635
0.0000
4.7051
0.0000
0.0000
2.9948
1.8047
0.0000
0.0000
2.5617
0.0000
5.8919
1.2792
0.2064
0.0000
0.0496
0.0000
0.0000
0.0000
0.0000
0.0000
0.0000
0.0000
0.0000
2.4673
1.0453
1.6055
0.0000
0.0000
4.7609
0.0000
0.0000
0.0000
0.0000
0.0000
0.0000
0.0000
0.0000
4.4608
0.0000
0.0000
0.0000
4.1018
0.0000
2.8387
1.2620
0.0000
0.0000
0.0000
1.5433
0.4822
2.1692
0.0000
0.0000
0.0000
2.4349
0.0000
0.0000
0.0000
0.0000
0.6570
0.0000
0.0000
0.0000
0.0000
0.0000
0.0000
0.0000
0.0000
0.0754
0.0000
1.5290
0.0000
0.0000
0.0000
2.2226
0.2763
4.4716
0.0000
2.0630
1.9187
0.0000
0.8345
0.0000
0.0000
0.0000
0.0000
3.6786
0.0000
0.0000
0.0000
0.0000
3.9061
0.0000
0.8014
0.0000
0.0000
0.0000
0.0000
0.8977
0.0199
1.0156
0.1015
3.8045
3.4357
0.0000
0.0000
0.0000
2.3402
0.0000
0.0000
0.0000
0.0000
0.0000
0.0000
0.0000
0.0000
0.0000
0.0000
0.0000
1.9755
0.0000
0.0000
0.0000
0.0000
0.4774
0.0000
0.0000
0.0000
1.5565
0.0000
0.0000
3.0651
0.0000
4.5615
0.0000
0.1401
0.0000
0.0869
1.1063
0.0000
0.0000
0.0000
0.0000
0.0000
0.1211
0.0000
0.0000
0.0000
0.0000
0.1032
0.0000
0.0000
0.0000
0.2598
1.6603
0.0000
2.1456
0.0000
0.0000
0.0000
1.6118
0.0000
4.0288
4.9015
1.2962
2.2824
0.0000
0.0000
0.0000
0.0000
0.0000
0.0000
0.0000
1.2046
2.2766
4.7690
0.0000
0.0000
7.1286
0.0000
3.6320
0.0181
0.0000
2.8063
0.0000
1.1741
0.0000
0.0000
1.0629
0.0000
2.2825
0.0000
0.0000
0.0000
0.0000
0.0000
0.0000
0.0000
0.0000
0.0854
0.0000
0.0000
0.0000
0.0000
0.0000
0.0000
