0.0000
0.0000
0.0000
0.0000
3.8763
1.0072
0.0000
0.3341
1.9367
3.0365
0.4601
0.0000
0.0000
0.0000
0.0000
0.0000
0.0000
0.0000
0.0000
0.0000
0.0000
0.0000
2.9532
0.0000
1.0598
0.0000
0.0000
2.1332
0.0000
0.0000
0.0000
0.0000
0.0000
0.0000
0.0000
0.0000
0.0000
0.0000
1.1863
2.7894
0.0000
0.0000
0.0000
0.0000
0.0000
0.0000
0.0000
0.0000
0.0000
0.0000
0.0000
0.0000
0.0000
0.0000
0.0000
0.0000
0.0506
0.0000
0.0000
0.0000
0.0000
0.3630
0.0000
0.0000
0.0000
0.0000
0.0000
0.7337
0.0000
0.0000
0.0000
2.5527
0.0000
0.0000
0.0000
1.9257
0.0000
0.0000
0.0000
0.0000
0.5757
0.0000
1.9393
0.0000
0.0000
0.0000
1.0194
0.0000
3.4142
0.0000
0.6601
0.0000
0.0000
3.2974
0.0000
0.0000
0.0000
0.0000
2.6287
0.0000
1.4378
0.0000
0.0000
0.0000
0.0000
0.0000
0.0000
0.0000
0.0000
0.7520
0.0000
0.0000
0.0000
0.0000
0.0000
0.0000
0.0000
0.0000
0.2421
0.0000
1.2350
0.0000
2.8775
0.0000
0.0000
0.0000
0.4985
0.0000
1.8568
0.5913
0.0000
0.0000
0.0000
0.0000
4.8805
0.0000
0.0000
3.6344
0.0000
0.8317
4.3982
0.0000
0.8455
0.0000
0.3821
0.0000
0.0000
1.0576
2.6760
0.0000
0.0000
0.5897
0.0000
0.3134
0.0000
0.0000
0.1589
2.9263
0.0000
1.2858
2.7986
0.0000
0.0000
0.0000
0.0000
1.1740
0.0000
0.0000
0.0000
2.3637
0.0000
0.0000
0.0000
0.0000
0.0000
0.0000
0.0000
0.0000
0.0000
3.6567
4.2267
1.8338
0.0000
0.0000
0.0000
0.0000
0.3045
0.0000
0.0000
1.6330
0.0000
0.0000
0.0000
0.0000
0.0000
0.3795
0.0000
0.0000
1.5318
3.8360
0.0000
0.0000
0.0000
0.0000
0.0000
1.8907
0.0000
0.0000
0.0000
0.0000
0.0000
0.0000
0.0000
0.7822
2.3839
0.0000
0.0000
0.0000
0.0000
0.0000
0.0000
0.0000
0.0000
0.0000
0.0000
0.0000
0.0000
0.6444
0.0000
0.0000
0.0000
0.0000
0.0000
0.0000
0.0000
0.0000
0.3701
1.4315
4.3926
0.0000
0.0000
0.0000
0.0000
0.0000
0.0000
0.0000
0.0000
0.0000
0.0000
0.0000
0.0000
0.0000
0.0000
2.3305
0.0000
0.0000
0.0000
0.0000
0.0000
0.0000
0.0000
0.1822
0.0000
0.0000
0.0000
0.0000
1.3629
0.0000
0.0000
0.0000
1.2551
0.4641
0.0000
0.0000
0.0000
0.0000
0.0000
0.0000
2.4844
0.0000
2.3825
0.0000
0.0000
0.5382
0.0000
0.0000
0.0000
0.0000
0.0000
0.0000
0.0000
0.0000
0.0000
1.6727
0.6261
0.0000
0.0000
0.0000
0.0000
4.4713
0.0000
0.0000
0.0000
0.0000
0.5000
0.0000
0.0000
0.0000
0.0000
0.0000
0.0000
0.0000
0.0000
0.0000
2.1859
0.0000
0.6249
0.0000
0.0000
1.0549
0.0000
1.1145
0.0000
2.2398
0.0000
1.2616
0.0000
0.0000
0.0000
0.0980
0.0000
0.0000
0.0000
0.0000
0.8844
2.5903
2.1691
0.0000
0.0000
4.0883
0.0000
0.0000
0.0000
0.0000
0.3621
8.0269
0.0000
1.2554
0.0000
0.0000
0.0000
1.1549
0.3146
0.0000
4.3387
1.3116
0.0000
0.0000
0.0000
0.0000
0.0000
0.0000
0.0000
0.0000
0.0000
0.0000
0.0000
0.9463
0.0000
0.0000
0.0000
0.0000
0.0000
0.0000
0.0000
0.9554
0.0000
4.2361
0.0000
0.0000
2.3778
0.0000
0.1261
0.0000
0.0000
0.0000
0.0000
0.0000
0.0000
0.0000
4.2152
0.0000
0.0000
0.0000
0.0000
0.2905
0.0000
0.1797
0.0000
0.0000
0.0000
0.0000
0.0000
0.0000
0.0000
1.5896
0.0000
0.0000
1.2784
0.0000
0.0000
0.0000
0.0000
2.6526
0.6660
0.0000
0.0000
0.0000
0.0000
0.0000
0.0000
0.0000
2.2078
0.0000
0.0000
0.0000
0.0000
0.0000
0.0000
0.0000
0.0000
0.0000
0.0000
0.0000
0.0000
0.0000
0.9916
0.0000
0.0000
0.7247
1.6919
0.0000
0.0000
0.0000
2.5557
1.4987
0.0000
0.4879
0.3644
0.0000
0.0000
0.0000
0.4799
0.0000
0.0000
0.8896
0.0000
1.1510
0.0000
0.0000
0.0000
0.0000
1.1606
0.0000
2.6717
0.0000
0.0000
1.2360
0.0000
0.0000
0.0000
0.0000
0.6890
0.0599
0.0000
2.5098
2.1993
0.0000
1.6063
0.0000
0.0000
0.0000
0.7592
0.0000
0.1358
0.0000
0.0000
0.0000
0.0000
0.0000
0.0000
0.0000
0.0000
0.0000
0.0000
0.9692
0.0000
0.0000
0.0000
0.0000
0.0000
0.0000
0.0000
0.0000
0.0000
0.0000
0.0000
0.0000
0.0000
0.0000
0.0000
0.5987
0.0000
1.8450
0.0000
2.6413
0.0000
0.0000
6.7632
0.0000
0.0000
1.8002
0.0000
0.0000
0.0000
0.0000
0.4338
0.0000
0.1851
0.0000
1.2601
0.7731
0.0000
0.0000
1.0408
0.0000
0.0000
0.0000
2.1409
0.0000
0.0000
0.0000
0.0000
0.0000
0.1431
0.0000
0.0000
1.2684
1.7504
0.0000
0.0000
0.9996
0.0000
0.0000
0.0000
0.0000
0.0000
0.0000
0.0000
0.6825
1.6183
1.0733
0.0000
0.1652
0.0000
0.2383
0.1715
0.0000
0.0000
0.0000
0.0000
0.0000
0.0000
1.0713
0.0000
0.0000
0.0000
0.0000
0.0000
0.2042
0.0000
0.0000
0.0000
0.0000
0.0000
0.0000
0.0000
1.5668
1.1864
0.0000
0.0000
0.0000
0.0000
0.0000
0.1920
0.0000
0.0000
0.0000
2.6027
0.0000
0.0000
0.0000
0.0000
0.0000
0.0000
0.0000
0.0000
0.0000
0.0353
0.0000
0.1866
0.0000
1.3316
2.6838
0.0000
0.0000
0.5271
0.0000
0.0000
0.0000
3.8928
0.0000
0.0000
0.0000
0.0000
0.0000
0.0000
1.6319
0.0000
0.0000
0.0000
0.0000
0.0000
0.0000
0.0000
2.1546
0.0000
0.0000
0.0000
0.2564
0.2560
0.0000
0.0000
0.0000
0.0000
0.0000
0.0000
0.0000
0.0000
0.0000
0.0000
0.0000
0.0000
0.0000
0.0000
0.0000
0.0000
0.3183
0.0000
0.0000
0.0000
0.8181
2.3152
0.0000
0.0000
0.0000
0.0000
0.0000
0.0000
0.0000
0.0000
0.0000
0.0000
0.0000
0.0000
0.0000
0.0000
0.0000
0.0000
0.0000
0.0000
0.0000
0.0000
0.0000
0.0000
1.0757
0.0000
0.0000
0.0000
1.4352
0.0000
0.0000
0.5110
0.0000
0.0000
0.0000
0.0000
0.0000
0.0000
0.9613
0.0000
0.0000
1.3616
0.0000
0.0000
0.0000
0.0000
0.0000
0.8512
0.0000
0.0000
4.0672
0.0000
0.0000
0.0000
0.0000
0.0000
0.1661
0.0000
0.0000
0.0000
0.0000
0.1862
0.4945
0.0000
0.0000
2.5647
0.0000
0.0000
0.7941
0.0000
0.0000
0.0000
1.8732
0.0000
0.0000
0.0000
2.7110
3.2583
3.6208
1.8332
0.0000
0.0000
2.1300
0.0000
0.0000
0.0000
0.0000
0.0974
0.0000
0.0000
0.0000
0.0000
0.0000
0.0000
0.0000
0.4012
0.0000
0.0000
0.0000
0.1717
0.0000
2.2863
0.0877
0.0000
0.0000
0.0000
0.2035
0.0000
1.4272
0.0000
0.0000
0.0000
0.0000
0.0000
0.0000
0.0000
0.0000
0.0000
0.0000
0.9804
0.0000
0.0000
0.0000
0.0000
0.0000
0.0000
0.6688
0.0000
0.0000
0.0000
0.0000
1.2591
1.0545
0.0000
0.0000
0.0000
0.0000
0.7298
0.0000
0.0000
0.0000
5.7261
0.0000
0.0000
0.0000
0.0000
0.0000
0.0000
0.0000
0.0000
0.4521
0.0000
0.0000
0.0000
0.0000
0.0601
0.0000
0.0000
2.4107
0.0000
1.1211
0.0000
0.0000
0.8404
0.0000
0.0000
0.0000
0.0000
0.0000
0.5678
0.0000
0.0000
0.0000
0.0000
1.6839
0.0000
2.5900
0.9858
0.0000
0.0010
0.0000
0.0000
0.0000
0.0000
0.0000
0.0000
0.0000
3.6905
0.0000
0.0000
1.8086
0.0000
1.2399
0.0000
0.0000
0.0000
0.0000
0.0000
0.0000
0.0000
0.0000
0.0000
4.6764
0.0000
3.1642
0.0000
0.0000
0.0000
0.0000
0.0000
0.0000
1.6910
1.9520
0.0110
0.0000
1.3893
1.6183
1.1286
0.0000
0.0000
0.0000
0.0000
0.0000
0.5595
0.0000
1.3115
0.0000
0.0000
0.0000
0.0224
0.0000
0.3035
0.0000
0.0000
0.0000
0.0000
0.9197
1.3388
0.0000
0.0000
0.0000
0.0000
0.0000
0.0000
0.0000
0.0000
0.0000
0.0000
0.0000
0.0000
0.0000
0.8623
0.0000
0.0000
0.7231
0.0000
0.0000
1.1552
0.0000
0.0000
0.0000
0.0000
0.8789
0.0000
7.0016
0.7176
0.0000
1.8869
0.0000
0.0000
0.0000
0.0000
0.0000
0.0000
1.4062
0.0000
0.0000
0.0000
0.0000
0.9849
0.0000
0.0000
0.0000
0.0795
1.3820
0.0000
4.8666
0.3562
4.8097
0.8186
0.4805
0.0000
0.0000
0.0000
0.0000
0.0000
0.0000
1.7783
0.0000
0.0000
2.1962
1.4008
0.0000
0.0000
0.6950
0.0000
0.0000
4.3591
0.0000
3.6642
0.0000
1.0544
0.0000
0.0000
0.0000
0.0000
0.5408
0.0000
0.0000
0.0000
1.5056
0.0000
1.3589
1.8850
0.0000
2.5260
0.0000
0.0000
0.0000
0.0000
0.0000
0.0000
0.0000
0.0000
0.0000
0.0000
0.0000
1.0656
6.1590
0.0463
0.0000
0.0000
0.0000
0.0000
0.0000
0.0000
0.0000
0.0000
3.0618
0.0000
1.5063
0.0000
2.9392
0.0000
0.0000
0.0000
0.4567
0.3494
1.6436
0.0000
0.8748
0.0000
0.0000
0.0000
0.0000
4.3293
0.0000
0.0000
2.0755
0.2087
0.0000
2.1496
0.0000
0.6349
0.0000
1.4193
0.0000
3.3625
0.0000
0.0000
0.7093
0.0000
0.0811
0.0000
0.0142
3.5784
0.0000
0.9001
0.0000
1.9543
0.0000
0.0000
0.0000
0.0000
0.0000
0.0000
0.0000
1.8839
0.0000
0.0000
1.3498
1.4556
0.0000
0.0000
0.0000
0.0000
0.0000
0.0000
0.0000
1.4306
0.0000
0.0000
0.0000
0.0000
0.0000
2.3822
0.0000
0.0000
0.3685
0.0000
0.0000
0.0000
0.0000
0.0000
1.0986
0.0000
0.8480
0.0000
0.0000
0.2380
0.7593
0.0000
0.0000
0.1343
0.0000
0.0000
0.0000
0.0000
0.0000
0.0000
0.0000
0.0000
2.3280
0.4379
0.0000
0.0000
0.0000
0.0000
0.0000
1.4948
0.1954
0.4623
0.0000
0.0000
0.0000
0.9826
0.0000
0.0000
0.0000
0.7732
0.0000
0.0217
0.0000
0.0000
0.0000
0.0000
0.0000
0.0000
0.1320
0.0000
0.0000
0.0000
1.0309
0.0000
0.0000
0.0000
0.0000
0.0000
0.0000
0.0000
0.0000
0.0000
0.0000
2.7129
0.2729
0.8675
0.0000
0.0000
0.0000
0.0000
0.0000
0.0000
0.0000
0.0000
0.0000
1.1807
0.0000
0.0000
0.6145
0.0000
0.0000
0.0000
0.0000
0.0000
0.0000
3.0566
0.1058
1.1427
0.1760
2.5813
0.0000
0.0000
1.2720
1.6820
4.3109
0.0000
1.4206
0.0000
0.0000
0.0000
3.1896
0.0000
0.0000
0.0000
1.0575
0.0000
0.0000
0.0000
0.0000
3.6656
0.0000
0.0000
0.0000
0.0000
0.7974
0.0000
0.0000
0.0000
2.8962
0.2972
0.0000
0.0000
0.9245
1.2728
0.0000
0.0176
0.0000
0.0238
0.0000
1.5996
1.1587
2.0018
0.5219
0.0226
0.0000
0.0000
0.0000
0.0000
0.0000
0.0000
0.0000
0.0000
1.7474
0.0000
0.0000
0.0000
0.0000
0.0073
0.0000
0.4587
0.0000
1.4436
0.0000
0.0000
0.0000
3.0026
0.0000
0.0000
0.0000
0.0000
0.0000
0.0000
0.0000
0.0000
0.0000
0.0000
0.0000
3.3159
0.0000
0.0000
0.0000
1.5138
0.0000
3.0138
0.0000
0.0000
3.8306
0.0000
0.0000
0.0000
0.0000
0.0000
1.8142
0.0000
0.0000
0.0000
0.0000
0.0000
0.0000
0.0000
0.0000
2.2191
0.0000
0.1493
0.0000
0.0000
0.0000
0.0000
0.0000
0.0000
0.0000
0.0000
0.0000
0.0000
0.9276
2.0970
0.0000
0.0000
2.4545
0.0000
0.6650
2.2097
0.0000
0.0000
0.0000
0.0000
0.0000
0.0000
0.0000
0.0000
0.0000
4.0103
0.0000
0.0000
2.4345
0.0000
0.0000
0.0000
0.0000
0.0000
0.5250
3.1292
0.0000
0.0000
0.0546
0.0000
0.0000
0.0259
0.0000
0.0000
0.0000
0.0000
0.8546
0.0000
0.0000
0.0000
0.3099
0.0000
0.0000
0.0000
0.0000
0.4684
0.0000
0.0000
0.0000
0.0000
3.6395
0.0000
1.7253
0.0000
0.0000
0.0000
0.0000
0.0000
0.0000
0.0000
0.0000
0.0000
0.0000
2.8215
0.5015
0.0000
0.0000
0.0000
0.0000
0.4460
0.0000
0.0000
0.0000
0.0000
0.0000
0.0000
0.0000
0.0000
0.0000
0.0000
0.0000
1.8372
1.7084
0.0000
0.0000
0.0000
0.0000
0.0000
0.0000
0.0000
0.0000
0.0000
0.0000
0.0000
0.0000
0.0000
1.3267
2.2778
0.0000
0.0000
1.5412
0.0000
0.0000
2.4594
0.0000
0.2360
0.0000
0.0000
1.0125
0.0000
0.4122
0.3874
4.0480
0.0000
0.0000
0.0000
0.0000
0.0000
0.0000
0.0000
0.4892
0.0000
0.0000
0.0000
0.0000
0.0000
0.0000
0.0000
0.0000
0.0000
1.4542
0.0000
2.4007
0.0000
1.9981
0.0000
0.0000
0.0000
0.0000
1.1610
2.7295
0.0000
0.0000
2.5749
0.0000
0.0000
1.2799
0.0000
0.0000
0.0000
0.0000
0.0000
0.0000
0.0000
0.0430
0.0000
0.0000
0.0000
0.0000
0.1989
0.8569
0.0000
1.1062
0.0000
0.0689
0.0000
0.0000
0.0000
0.0000
0.0000
0.0000
0.0000
0.0000
2.7670
0.0000
2.9500
2.3107
0.0000
0.0000
0.0000
1.0004
0.0000
0.3112
0.0000
0.0000
0.0000
0.0000
0.0000
0.0000
0.0348
0.0000
0.0000
0.2291
0.0000
0.0000
0.0000
0.0000
0.0000
3.3962
3.3391
0.0000
0.0000
0.7576
0.0000
2.3530
0.0000
0.1693
0.0000
0.0000
0.0000
0.0000
0.0000
0.0000
0.0000
0.0000
2.1339
3.8744
0.0000
0.0000
0.0000
0.0000
0.0000
0.3592
0.0000
0.0000
4.2143
0.0000
1.2874
0.0000
0.0000
0.0000
0.0000
0.2015
6.3638
3.2495
0.0000
0.0000
0.0000
0.0000
0.0000
0.0000
0.0000
0.0000
0.0000
0.0000
0.0000
0.0000
0.0000
0.0000
0.0000
0.6507
0.3370
1.1747
0.0000
0.0000
0.0000
1.8407
0.0000
0.0000
0.0000
0.0000
0.0000
0.0000
2.0916
0.7974
0.0000
0.0000
0.0000
0.9977
4.2630
0.0000
1.2101
1.6781
0.0000
0.8242
0.0000
0.0000
0.0000
0.0000
0.0000
1.0232
1.1297
0.0000
0.0000
0.0000
0.0000
0.0000
0.0000
4.2592
0.0000
0.0000
0.0000
0.0000
0.0000
0.0000
0.0000
0.0000
0.0000
0.0000
1.5016
0.0000
0.0000
0.0000
0.0000
0.1702
0.0000
0.0000
0.2220
0.0000
0.0000
0.0000
0.0000
1.4917
0.0000
1.1273
0.0000
1.8536
0.0000
0.4361
0.0000
0.0000
0.0000
0.0000
0.0000
0.0000
0.0000
0.0000
0.0000
2.0585
0.0000
0.6052
0.0000
2.7040
0.1881
0.0000
2.4894
0.0000
0.0000
0.0000
0.0000
1.7998
0.0000
0.0000
0.0000
1.8489
2.1424
0.0000
0.0000
0.0000
0.0000
0.0000
0.0000
0.0000
0.0000
0.0000
0.0000
0.0000
0.0000
0.0000
5.8506
0.0000
2.0367
0.0000
0.0000
1.9452
0.0000
0.0000
0.0000
0.0856
0.0000
0.8745
2.7806
1.8772
4.4208
0.0000
0.0000
0.0000
0.0000
0.0000
0.0000
2.3838
0.0000
1.6414
0.0000
0.0000
0.0000
0.0000
0.0000
0.0000
0.5940
0.0000
0.0000
0.0000
0.0000
0.0000
0.0000
0.0000
0.0000
1.0120
0.0000
0.0000
0.0000
0.0000
0.0000
0.0000
0.0000
0.0000
0.0000
0.0000
0.0000
0.0000
0.0000
0.0000
0.0000
0.0000
0.0000
0.0000
0.0000
1.6414
0.0000
2.0520
0.0000
1.7452
0.0000
0.0000
0.0000
1.2465
0.0000
0.3588
2.9729
1.8020
0.0000
0.0000
0.3965
2.9291
0.0000
0.0000
0.0000
0.0000
0.2651
0.0000
0.0000
0.3429
0.0000
0.0000
0.0000
0.0000
0.0000
0.9855
0.0000
0.0000
0.6298
0.0357
0.0000
0.0000
0.0000
0.0000
0.0000
3.2838
0.0000
2.5781
2.8280
0.0000
0.0000
1.8772
0.0000
0.0000
2.8106
3.5499
0.2561
0.0000
0.2337
0.0000
1.7861
0.0000
0.0000
4.8935
0.0000
0.0000
0.1307
0.0000
0.0000
0.8617
0.0000
0.0000
2.0434
0.3962
3.0476
0.0000
0.0000
3.9935
0.0000
0.9491
0.0000
0.0000
0.0000
0.0000
0.0000
0.0000
0.0000
0.0000
0.0000
1.2103
1.1850
0.0000
2.3132
0.0000
0.0000
0.0000
0.0000
0.0000
0.0000
0.0000
0.0000
0.7363
0.0000
0.0000
1.2110
0.0000
0.0000
2.4005
0.0000
2.8269
0.0000
0.0000
0.0000
0.0000
0.0000
0.0000
0.0000
0.0000
0.0000
0.0000
0.0000
0.0000
0.0000
0.5199
0.0000
0.0000
1.7499
0.0000
2.8461
5.4295
0.9315
0.0000
0.0000
0.0000
0.0000
0.0000
0.0000
1.8692
0.0000
0.0000
0.0000
0.0000
0.0000
0.0000
1.7774
0.0000
0.0000
0.0000
0.0000
0.0000
0.0048
0.0000
3.6091
0.0000
0.0000
2.0297
0.0000
0.0000
0.0000
0.0000
0.0000
1.1641
0.0000
0.0000
0.0000
0.0000
0.0000
0.0000
0.0000
0.0000
0.0000
0.0000
0.0000
0.0000
0.1488
0.0000
0.0000
0.0000
0.5894
0.0000
0.0000
0.0000
3.4862
0.0000
0.0000
0.0000
2.4118
0.0000
0.0000
0.0000
0.6850
1.6648
0.0000
0.4024
0.0000
0.0000
0.0000
1.2067
0.0000
0.0000
0.0000
0.0000
1.8764
0.0000
1.3663
1.1170
0.0000
0.0000
0.2331
0.0000
0.0000
0.0000
0.0000
0.0000
0.0000
1.1474
0.0000
0.0000
0.0000
0.0000
0.8735
2.0431
0.0000
0.0000
2.0049
0.0000
0.0000
0.0000
1.6922
1.6101
1.1378
0.0000
0.0000
0.0000
0.0000
0.0000
0.1706
0.0000
0.0000
0.0000
0.0000
0.0000
0.0000
0.0000
0.0000
0.1276
0.0000
0.0000
0.0000
2.9906
0.0000
0.0000
2.1405
2.0147
0.0000
0.5793
0.0000
0.0000
0.0000
0.0000
0.0000
0.0000
3.5873
0.9045
0.0000
2.0259
2.7940
0.0000
0.0000
0.0000
0.2705
0.0000
0.0000
0.0000
0.0000
0.3157
0.0000
0.0000
0.0000
0.0000
0.6349
0.0000
0.0000
0.0000
0.9344
0.0000
0.0000
4.2000
0.4673
0.0000
0.0000
0.0000
2.4001
0.0000
0.0000
0.0000
1.8699
0.0000
0.0000
0.0000
0.0000
0.1415
0.0000
0.6143
3.2147
0.0000
0.0000
0.0000
0.0000
0.0000
3.1625
0.0564
0.0000
0.0000
0.0000
0.0000
2.2103
0.0000
0.0000
0.0000
0.0000
0.0000
0.0000
0.0000
0.0000
0.0000
0.0000
0.0000
0.0000
0.2830
0.0000
0.0000
1.7967
0.5392
0.0000
0.0000
0.4709
0.0000
0.0000
0.0000
0.0000
0.6461
0.0000
0.0000
0.0000
3.8737
0.0000
0.0000
0.0000
0.0000
0.0000
0.0000
0.0000
0.0000
0.0000
0.0000
0.0000
0.0000
0.0000
0.0000
1.0210
0.0000
0.0000
0.0000
0.0000
0.0000
0.0000
0.0000
0.5536
0.0000
0.0000
0.0000
0.0000
0.0000
0.0000
0.0000
0.0000
0.0000
0.0000
0.0000
0.0000
0.6594
0.0000
1.8573
0.0000
0.7075
1.4231
0.0000
0.0000
0.0000
0.0000
0.3969
0.0000
0.2854
0.5238
0.0000
3.0259
0.7334
0.0000
3.9012
1.1683
2.7520
0.0000
0.0000
0.0000
0.3696
0.3137
0.6783
0.0000
0.0000
0.0000
0.0000
0.0000
2.8333
0.0000
0.9199
0.0000
0.0000
0.0000
2.0361
0.0000
0.0000
1.6812
0.0000
0.0000
0.0000
0.0000
0.0000
0.3993
1.8288
0.0000
0.0000
0.0000
0.5378
0.0000
0.0000
0.0000
0.0000
0.0000
0.0000
0.0000
0.0000
0.0000
0.0000
0.3604
2.8918
0.7053
0.0000
0.0000
0.0000
0.0000
1.4542
0.0000
0.3672
0.0000
0.0000
3.8705
0.6870
0.0000
0.0000
0.2592
0.0000
0.0000
0.0000
0.0000
0.0000
0.0000
0.0000
0.0000
0.0000
0.0000
1.3551
0.0000
0.0000
1.2602
0.0000
0.0000
0.0000
0.0000
0.0000
0.6908
0.0000
0.0000
0.0000
0.8516
1.7697
0.0000
0.0000
0.9884
0.0000
0.0000
0.0000
0.0000
0.0000
0.6252
0.5272
0.0000
0.0000
0.0000
0.0000
0.0000
0.0000
0.0000
0.0000
0.0000
0.0000
0.0000
0.7700
3.5685
0.6118
0.0000
0.0000
4.4812
2.1128
0.0000
0.0000
2.0317
0.0000
0.0000
0.6649
0.0000
0.0000
0.0000
1.2600
0.1597
0.0000
0.0000
0.0000
0.0000
4.0410
0.0000
0.8464
0.0000
0.2146
1.1189
1.9235
0.4684
0.0000
2.1828
0.0000
0.0000
0.0000
0.0000
0.0000
0.0000
0.0000
1.0589
0.0000
0.0000
0.0000
0.0000
0.0000
0.0000
0.0000
0.5789
0.0000
0.0000
0.0000
0.7090
0.0000
0.0000
1.3637
0.0000
0.0000
1.4791
0.0000
0.0000
2.5266
0.0000
0.0000
0.0000
0.1660
0.6350
0.0000
0.0000
3.8995
0.0000
0.0000
0.0000
2.3000
0.0000
0.0000
0.4483
1.3602
0.0000
0.1144
0.0000
0.0000
0.0000
0.0000
0.0000
0.0000
0.0000
1.5125
0.0000
0.0000
0.0000
0.8355
0.0000
0.0705
1.2390
0.0000
2.9964
0.0807
0.0000
0.0000
3.0783
0.0000
0.0000
0.0000
0.0000
0.0000
0.0000
0.0000
0.0000
2.0550
0.0000
0.0000
0.0000
0.0000
3.0540
8.4556
0.0000
1.8244
0.0000
0.0000
0.0000
0.0000
0.0000
0.0000
0.0000
0.0000
0.0000
0.0000
0.0000
0.0000
0.0000
0.0000
0.0000
0.0000
0.0000
0.0000
0.0000
0.0000
0.0000
0.0000
3.2840
0.0000
2.2160
0.1439
0.0000
0.9723
1.0011
0.0000
0.6411
1.4936
0.0000
0.0000
2.5043
0.0000
0.0000
0.0000
1.6599
0.0000
0.0000
0.0000
0.0000
0.0000
0.8703
0.0000
0.9630
0.0000
0.4203
0.0000
4.7194
0.0000
0.3327
0.0000
2.8308
0.0000
0.0000
0.0000
1.4402
0.0000
0.0000
0.0000
0.0000
0.0000
0.0000
0.0000
0.0000
0.0000
0.8240
0.0000
0.0000
0.0000
1.7751
0.9134
0.0000
0.0000
0.0973
0.0000
0.2316
0.0000
0.0000
1.9730
0.0000
0.0000
0.0000
0.0000
0.0000
0.0000
0.0000
0.0000
0.0000
0.0000
0.0000
0.0000
0.0000
0.0000
0.0000
0.0000
1.7051
0.0000
0.0000
0.0000
0.0000
0.0000
0.0000
0.0000
0.0000
0.0000
0.0000
0.0000
0.0000
0.0000
0.0000
0.1554
0.0000
0.0000
0.0000
0.0000
0.2300
0.8731
0.7117
0.0000
0.0000
0.0000
0.0000
0.0000
0.0000
1.8106
0.0000
0.0000
0.0000
0.0000
5.8086
1.2865
0.0000
1.3826
0.0000
3.0736
0.4088
0.0000
0.0000
0.0000
0.0000
0.0000
1.7888
0.0000
2.3206
0.0000
0.0000
0.0000
0.0000
0.0000
0.0000
0.0000
0.0000
0.0000
0.0000
0.0000
0.0000
0.0000
0.0000
2.4563
0.0000
0.0000
0.0000
0.0000
2.4453
0.0000
0.0000
0.0000
0.4404
0.2343
2.0781
0.0000
0.0000
0.2206
0.0000
0.0000
0.8356
1.0050
0.0000
0.0000
0.0000
0.0000
0.0000
0.0000
0.0000
0.0000
0.0000
2.4425
0.5785
0.0000
0.0000
0.0000
0.0000
0.0000
0.0000
0.0000
0.0000
0.0000
0.6196
0.0000
0.0000
0.0000
0.0000
2.0725
0.0000
0.6698
0.0000
0.0000
0.0000
0.0000
0.0000
0.0000
0.0000
0.0000
0.0000
1.3310
0.0000
0.0000
0.0000
0.0000
0.0000
0.0000
2.2264
3.0454
0.0000
0.0000
0.0000
0.0000
0.0000
1.9199
0.0000
0.0000
1.1809
3.5343
0.0000
0.0000
0.0000
0.0000
3.2701
0.0000
0.0000
0.0000
0.0000
0.0000
0.0000
0.0000
1.2085
6.7779
0.0000
2.5581
3.3344
0.0000
0.0000
0.0000
1.4970
0.0000
0.5554
0.0000
0.0000
0.0000
0.0000
0.0000
0.5036
1.4054
0.0000
1.4729
0.0000
0.7803
0.0000
0.0000
0.6691
0.0000
0.0000
2.3322
0.0000
0.0000
0.1604
0.0000
0.0000
1.3404
0.0000
0.0000
0.0000
0.0000
0.0000
0.8620
3.4685
0.0000
0.0000
0.0000
0.0000
0.0000
2.9480
0.0000
0.0000
0.0000
0.0000
0.0000
0.2903
0.0000
1.3621
1.8639
0.0000
0.0000
0.0000
0.0000
0.0000
0.0000
0.0000
3.2534
0.0000
1.5498
0.0000
2.0809
0.0000
0.7577
1.2040
0.0000
0.0000
0.4878
0.0000
0.0000
0.0000
1.1360
0.1316
0.0000
0.0000
0.0000
0.0000
0.5832
1.2593
0.0000
0.0000
0.0000
0.0000
0.0000
1.5222
0.0000
0.0000
0.0000
2.0483
0.0000
0.6793
0.0000
0.0000
0.0000
0.5641
0.0000
0.0000
0.0000
0.0000
2.8641
0.0000
0.0000
0.0000
0.0000
0.0000
0.0000
0.0000
0.0000
0.0000
0.0000
0.0000
0.0000
0.0000
0.1791
0.0000
0.9595
0.0000
4.5789
0.0000
3.0687
0.0000
0.0000
1.4482
0.0000
0.0000
0.0000
0.0000
0.0000
0.0000
2.1175
0.0000
0.0000
0.8622
0.0000
0.2653
0.0000
2.2238
0.0000
0.0000
0.0000
0.0000
0.0000
0.0000
0.5691
0.0000
0.0000
1.9895
0.0000
3.0918
0.0000
0.0000
0.0000
0.8665
0.0000
0.0000
0.0000
0.0000
0.0000
0.4872
0.0000
0.0000
3.1639
0.0000
0.9811
0.0000
0.0000
0.0000
0.3589
0.0000
0.0000
0.0000
0.0000
0.0000
0.2799
0.0000
0.0000
0.0000
0.0000
0.0000
0.0000
0.0000
0.0000
0.4610
0.0000
1.4341
2.1383
0.0000
0.0000
0.0000
0.0000
0.0138
0.0000
0.0000
2.2881
3.7453
1.2952
2.5295
0.0000
0.0000
0.0000
0.0000
1.6722
0.1770
0.0000
0.0000
0.0000
0.0000
0.0000
0.0000
4.6860
2.3427
0.0000
0.0000
0.0000
1.7785
2.8362
0.0000
0.0000
0.0000
0.0000
0.0000
0.0000
0.0000
0.0000
0.0000
0.0000
0.0000
0.0000
0.0000
1.9831
0.0000
0.0000
2.0085
0.9400
0.0000
0.0000
0.0000
0.0000
0.0000
0.0000
6.6441
0.0000
0.0000
0.0000
0.0000
0.0000
0.0000
0.0000
1.0330
1.7169
0.4809
0.0000
4.4914
0.6193
0.0000
0.0000
0.0000
0.0000
0.0000
1.7336
2.9663
0.0000
0.0000
2.3278
0.0000
0.0000
0.0000
0.0000
0.0000
0.0000
0.0000
0.0000
0.1703
0.0000
1.6075
0.0000
0.0000
1.7989
0.1381
0.5844
0.3099
0.0000
0.0000
1.5060
0.0000
0.0000
0.0000
0.5898
4.1120
0.0000
0.0000
0.0000
0.0000
1.6391
0.0000
0.0000
2.6953
0.8692
0.0000
0.0000
0.0000
0.0000
0.0000
0.0000
0.0000
0.0000
0.0000
0.0000
0.0000
0.0000
0.0000
0.0000
0.0000
2.1144
0.0000
2.7646
0.0000
0.2994
2.0867
0.0000
0.0000
0.0000
0.0000
0.0000
0.0000
0.0000
0.0000
0.0000
0.0000
0.0000
1.6153
0.9153
3.1770
0.0000
0.0000
0.0000
0.5129
0.0000
0.0000
0.0000
0.0000
0.0000
0.0000
0.0000
0.0000
0.0000
0.0000
0.0000
0.0000
1.5527
0.0000
0.0000
2.1159
0.0000
0.0000
1.3897
0.0000
0.1271
0.0000
1.6086
0.3989
0.0584
5.7788
0.0000
0.1458
1.9074
2.5285
0.0000
2.4145
0.0000
0.0000
2.0311
0.6550
0.0000
0.0000
0.0000
0.0000
0.0000
0.0000
0.0000
2.5500
0.8185
0.0000
0.0000
1.0708
3.4334
0.0000
0.8097
7.5680
0.5191
0.0000
0.9443
0.0000
0.0000
0.0000
5.2355
0.0000
0.0000
0.0000
0.0000
0.1476
0.0000
0.0000
0.7032
0.0000
0.0000
3.1449
0.0000
0.0000
0.0000
0.0000
0.0000
0.0000
1.3451
0.0000
0.0000
0.0000
0.0000
0.0000
2.5411
0.0000
0.7786
0.5646
0.0000
4.1167
0.0000
1.2775
0.0000
0.0000
0.0000
0.0000
0.0000
0.0000
0.0000
0.0000
3.2734
2.8159
0.0000
0.0000
2.0514
0.0000
0.3701
0.0000
0.0000
0.0000
0.0000
0.0000
0.0000
0.0000
0.0000
0.0000
0.5597
0.0000
0.0000
1.5547
0.0000
0.0000
0.0000
0.0000
0.0000
0.0000
0.0000
5.7232
0.0000
0.0000
1.8085
0.0000
3.5113
2.7292
2.5069
0.0000
0.0000
2.0107
0.0000
0.0000
0.0000
0.0000
0.0000
0.0000
0.0000
0.1942
0.0000
0.0000
0.0000
0.0000
0.0000
0.4188
1.9465
0.0000
0.0000
1.2496
0.3875
2.1444
0.0000
0.0000
0.0000
1.8733
0.0000
0.0000
0.0000
3.0387
0.0000
2.4813
0.3335
0.0000
0.0000
0.0000
0.0000
2.3882
0.0000
0.0000
0.0000
0.0000
2.4650
0.0000
0.0000
0.0000
0.0000
0.0000
0.0000
0.0000
0.0000
0.0000
0.0000
0.0000
0.0000
0.0000
2.5835
0.0000
0.0000
0.0000
3.2725
0.0000
0.8661
0.0000
0.0000
0.0000
0.0000
0.0000
0.0000
0.0000
0.0000
0.0000
0.0000
0.4654
0.0000
0.0000
0.0000
0.0000
0.0000
0.0000
0.0000
0.0000
0.0000
0.4069
0.0000
0.0000
0.0000
0.0000
0.0000
0.0000
0.0000
0.0000
0.0000
0.0000
0.0000
1.2549
0.0000
0.0000
0.2552
0.0000
0.0000
0.0000
0.0000
1.2976
0.4910
0.0000
0.0000
0.0000
0.0000
0.0000
0.0000
0.4519
0.0000
0.0000
0.0000
0.5300
2.2188
0.0000
0.0000
0.0000
0.0000
0.0000
4.0415
0.0000
1.5263
0.0000
0.0000
0.0000
0.0000
0.1965
0.0000
0.0000
0.0000
0.0000
0.0000
0.0000
0.4777
0.0000
0.0000
0.0000
0.0000
0.0000
1.7483
0.0000
0.4474
0.7739
0.0000
0.0000
1.4098
0.0000
0.0000
0.5416
0.0000
0.0000
0.0000
0.0000
0.0000
0.0000
3.5710
0.4670
0.6955
0.0000
0.6641
0.0000
0.0983
0.0000
3.9631
0.0000
0.0000
0.0000
0.0000
1.5675
0.0000
0.4241
0.0000
0.0000
0.0000
0.0000
0.8575
0.0000
0.0000
0.0000
1.0475
0.0000
0.0000
0.0000
0.0000
0.0000
0.4693
0.6779
0.0000
0.0000
0.0000
0.0000
0.0000
3.6345
0.0000
0.0000
0.0000
0.0000
0.0000
0.0000
1.0766
0.0000
0.0000
0.0000
0.0000
3.3365
0.0000
0.0000
0.0000
0.0000
2.2073
0.0000
0.0000
0.0000
0.0000
0.0000
0.0000
0.0000
0.0000
1.0544
0.0000
0.1421
0.0000
0.0000
0.0000
1.4126
0.0000
0.0000
0.0000
0.0000
0.0000
0.0000
0.0000
0.0000
0.0000
0.0000
0.0000
0.6247
0.0000
0.0295
0.0000
0.0000
0.0000
0.0000
0.0000
0.0000
1.2335
0.0000
0.0000
2.0478
0.0000
0.0000
0.0000
0.0000
0.0000
1.6099
0.0000
0.0000
0.1502
0.0000
1.1402
0.0000
0.0000
0.0000
0.0000
0.0000
0.0000
0.0000
0.0000
0.0000
2.4044
0.0000
0.0000
0.0000
1.7789
0.2586
2.3074
0.1414
1.3008
0.8373
0.0000
0.0000
1.7098
0.0000
1.5770
0.0000
0.0000
0.0000
0.0000
0.0000
0.0000
1.5827
0.0000
1.0885
3.6742
0.0000
0.0061
0.0000
0.0000
0.7932
1.9346
0.0000
0.0000
0.0000
0.0000
0.0000
0.0000
1.8158
0.0000
0.0000
2.1070
0.0000
0.0000
0.0000
1.2916
2.9630
1.5796
0.0000
0.0000
0.6834
0.0000
0.0000
4.4797
0.0000
0.0000
0.0000
0.0000
3.8355
0.5838
0.0000
0.0000
0.0000
0.0000
0.0000
0.8631
0.0000
0.0000
3.0314
0.0000
0.0000
0.0000
0.1403
0.0000
0.0000
0.0000
0.0000
0.0000
0.0000
1.0082
0.0000
0.0000
0.0000
0.0000
0.0000
0.0000
0.0000
7.5740
0.0000
0.9163
0.0000
1.9567
0.0000
0.0000
0.0000
0.0000
0.0000
1.7822
0.0000
6.3274
0.0000
0.0000
0.0000
0.0000
0.0000
0.0000
1.4101
0.0000
0.0000
0.0000
0.4635
0.0000
0.0000
0.0000
0.0000
0.0000
6.5986
0.0000
0.0000
0.0000
0.0000
0.0000
0.0000
0.0000
0.0000
0.0000
0.0000
2.3634
0.0000
0.0000
1.2378
0.2560
0.0000
0.0000
0.0000
0.4721
2.0635
2.0160
0.0000
0.0000
0.0000
0.0000
0.0000
0.0000
0.0000
0.8578
0.0000
4.0952
0.0000
0.0000
0.0000
0.0000
1.8985
0.0000
0.0000
0.2502
1.2859
0.0000
0.0000
0.0000
0.0000
4.3659
0.0000
0.0186
0.0000
0.3674
0.0000
0.0000
0.0000
0.0000
0.0000
0.0000
1.7543
0.0000
0.9738
0.0000
0.0000
1.2451
0.0000
0.0000
0.0000
2.5773
0.0000
0.5238
2.6339
1.1902
0.0000
0.0000
1.9144
0.8546
0.0000
0.0000
0.0000
0.0000
0.0000
0.0000
0.0000
0.0000
0.0000
0.0000
0.8984
0.0000
0.0000
0.0000
0.0000
0.5673
0.0000
0.6930
1.7177
1.1913
0.0000
0.0000
5.6294
0.0000
0.2331
0.0000
0.0000
0.0000
0.0000
0.0000
0.0000
0.0000
0.0000
3.1320
0.0000
0.0000
0.3883
0.0640
0.0000
1.0972
0.0000
0.0000
0.0000
0.0000
0.0000
0.0000
0.0000
0.0000
0.0000
0.0000
0.0000
0.0000
0.0000
0.0000
0.0000
2.0271
0.0000
0.0000
0.0000
0.0000
0.0000
0.0000
0.0000
0.3018
3.7149
0.0000
0.0000
1.6619
0.0000
0.0000
0.0000
0.0000
0.0000
0.0000
0.0000
0.0000
0.0000
0.0000
0.0000
0.0000
0.0000
0.0000
0.0000
0.0516
0.0000
0.0000
2.4897
0.0000
0.0000
0.0000
0.0000
1.2709
0.0000
0.6975
0.3116
0.0000
0.9425
2.1922
0.9887
0.0000
0.0000
0.0000
0.0000
0.0000
0.5948
0.0000
0.0000
0.0000
0.0000
0.0000
0.0000
0.0000
0.0000
0.0000
0.0000
0.0000
2.5087
0.0000
0.4170
2.0899
0.0000
0.0000
0.0000
0.0000
0.0000
0.1077
0.8291
0.0000
0.1216
0.0000
3.1644
0.0000
6.1343
0.0000
0.0000
0.0000
0.0000
0.0000
0.0000
0.0000
0.0000
0.4971
0.0000
0.0000
2.8594
0.0000
0.0000
0.0000
0.0000
0.5475
3.2321
0.8265
0.7453
0.0000
0.5038
0.0000
0.0000
0.5265
0.0000
2.8297
0.0000
0.0000
0.0000
0.0000
0.0000
0.0000
0.5254
0.0000
0.0000
0.0000
0.0000
0.0000
0.0000
0.0000
0.0000
0.0000
0.9939
0.0000
0.5209
0.0000
0.0000
0.0000
0.4772
0.0000
0.0000
0.6680
0.4721
0.0000
0.0000
0.0926
0.0000
0.0000
0.0000
0.0000
3.1283
0.0000
1.3124
0.0000
0.0000
0.0000
0.0000
0.1106
0.0000
0.0000
0.0000
1.9915
0.0000
0.0000
0.0000
0.0000
0.0000
0.3919
0.0000
0.0000
0.0000
0.0000
0.0000
5.0332
0.0000
0.0000
5.4575
1.7252
0.0000
0.4748
0.0000
0.0000
0.0000
0.0000
0.7155
0.0000
0.0000
0.0000
0.8345
0.7596
1.9615
0.6674
0.0000
0.0000
0.0000
0.0000
1.6909
0.0000
0.0000
0.0000
0.0000
6.5801
0.0000
0.0000
0.0000
0.4149
0.0000
0.0000
0.0000
0.0183
0.0000
0.0000
0.0000
0.0000
0.0000
0.0000
0.0000
0.0000
0.0000
0.0000
0.0000
0.0000
0.0000
0.0000
2.4700
1.8672
0.0000
0.0000
0.0000
0.0000
0.0000
1.4310
0.0000
0.0000
0.0000
0.0000
0.0000
0.0000
0.0000
0.0000
2.8350
0.0000
0.0000
0.0000
0.0000
0.0000
0.0000
1.9859
1.2347
0.0000
0.0000
0.0000
6.1714
2.0569
0.0000
0.0000
0.0000
0.0000
1.9677
0.0000
0.0000
0.2811
1.6381
0.9795
0.0000
0.0000
0.0000
0.0221
0.0000
0.0000
0.0000
2.2420
0.0000
0.0000
0.0000
5.3933
0.0000
0.9814
0.0000
0.0000
0.0000
0.0000
4.3435
0.0000
0.0000
0.0000
0.0000
0.0000
0.0000
0.0000
0.3609
3.2619
0.0000
0.0000
0.0000
0.0000
0.0000
0.0000
0.0000
0.0000
0.0000
0.5447
0.0000
4.6417
0.0000
0.6185
0.7302
0.0000
2.6215
0.0000
0.0000
0.0000
0.6155
0.0000
0.0000
0.0000
0.6414
0.0000
0.0000
0.0000
0.0000
0.0000
0.0000
0.0000
0.0000
0.6394
0.0000
0.0000
0.0000
0.0000
0.0000
1.0291
1.5804
0.0000
0.0000
3.2407
0.0000
5.3660
0.0000
0.0000
3.7347
3.7030
0.0000
1.1963
1.3434
0.9344
4.0342
1.7494
0.2531
0.0000
1.2628
0.0000
0.0000
0.0000
0.0000
0.0000
0.0000
0.0000
0.6050
3.1005
0.2559
2.8037
0.0000
0.0000
4.4721
0.0000
0.0000
0.0000
0.0000
0.0000
0.0000
0.0000
0.0000
4.0131
0.0000
0.0000
0.0000
5.2228
1.3562
2.6347
0.9262
0.0000
0.0000
0.5099
0.6658
1.3174
1.0478
0.0000
0.0000
0.0000
3.7529
0.0000
1.0350
0.0000
0.0000
0.7333
0.0000
0.0000
0.0000
0.0000
0.0000
0.0000
0.0000
0.0000
0.1153
0.0000
2.6282
0.0000
0.0000
0.0000
1.6836
0.1778
3.0479
0.0000
2.5042
2.2568
0.0000
0.5307
0.0000
0.0000
0.0000
0.0000
1.6754
0.0000
0.0000
0.0000
0.0000
2.7288
0.0000
1.3499
0.0000
0.0000
0.0000
0.0000
0.0354
0.0000
0.0000
0.0000
2.8873
2.8494
0.0000
0.0000
0.0000
2.3245
0.0000
0.0000
0.0000
0.0000
0.2358
0.0000
0.0000
0.1888
0.0000
0.0000
0.0000
3.4438
0.0000
0.0000
0.0000
0.4477
0.0000
0.0000
0.0000
0.0000
2.1353
0.0000
0.0000
0.6417
0.0000
2.5460
0.0000
1.7348
0.0000
1.4031
1.2604
0.0000
0.0000
0.0000
0.0000
0.0000
0.0000
0.0000
0.0000
0.0000
0.0000
1.2870
0.0000
0.1763
0.0000
0.1953
1.1178
0.0000
1.6446
1.1249
0.0000
0.0000
2.0437
0.0000
5.6745
4.7403
0.8228
0.8987
0.0000
0.0000
0.4658
0.0000
0.0000
1.2770
0.0000
0.0886
2.6411
1.7201
0.0000
0.0000
5.7824
0.0000
2.6876
1.4712
0.0000
1.6662
0.0000
0.8236
0.0000
0.0000
1.3450
0.0000
1.0579
0.0000
0.0000
0.5661
0.0000
0.0000
0.0000
0.0000
0.0000
0.0000
0.0000
0.0859
0.0000
0.0000
0.1103
0.0000
