0.7850
0.0000
0.0000
0.1816
2.1892
0.0000
0.0000
0.0000
0.3738
2.8993
0.5250
0.0000
0.0851
0.0000
0.0000
0.0000
0.0000
0.0000
0.0000
0.0000
0.0000
0.0000
2.2838
1.4496
2.3096
0.8244
0.0000
1.7243
0.0000
0.0000
0.0000
0.0000
0.1116
0.0000
2.4431
0.0000
0.0000
0.0000
1.4909
1.9370
0.0000
0.2645
0.0000
0.0000
0.0000
0.6390
0.0000
0.0000
0.0000
1.1478
0.0000
0.0000
0.0000
0.0016
0.0000
0.0000
0.1713
0.3216
0.0000
0.0000
0.0000
2.1824
0.0000
0.2803
0.0000
0.0000
0.0000
0.0000
0.0000
0.0000
0.1038
2.5698
0.0195
0.0000
0.0000
1.4887
0.0000
0.0000
0.0000
0.0000
1.9230
0.0000
0.3910
0.0000
0.0000
1.0760
0.0191
1.6726
0.0000
0.0000
0.9299
0.0000
1.6940
2.0522
0.0000
0.0000
0.0000
0.0000
1.9683
0.0000
0.5544
0.0000
0.0000
0.0000
0.0000
0.0000
0.0000
0.0000
1.1008
2.3740
0.0000
0.0000
0.0000
0.0000
0.0000
0.0000
0.2739
0.0000
0.0000
0.0000
1.8683
0.9910
2.4060
0.0000
0.0000
0.0000
0.4546
0.5279
0.0000
0.5522
0.0000
0.0000
0.5203
0.0000
2.4583
0.0000
1.2073
1.8535
0.0000
2.2726
3.1665
0.0000
2.4456
0.1054
1.9014
0.0000
0.0000
0.5131
0.1489
0.0000
0.0000
0.0000
0.7131
0.0000
0.0000
0.0000
0.0000
0.4544
0.0000
0.0000
1.3473
0.0000
0.8296
0.0000
0.0000
1.3645
0.0000
0.0000
0.0000
1.5191
0.0000
0.0000
0.0000
0.0000
0.0000
0.0000
0.0000
1.1277
0.0000
5.7043
2.0742
2.0845
0.0000
0.0000
0.0000
0.0000
1.1113
0.0000
1.1665
0.9990
0.0000
0.0000
0.0000
0.0000
0.0000
0.0000
0.0000
0.0000
2.7990
1.3872
0.0000
0.2745
0.0000
0.0000
0.0000
0.0000
0.0000
0.0000
0.0000
0.0000
0.3791
0.0000
0.0000
0.5875
0.0000
0.0000
0.0000
0.0000
0.0000
0.0000
0.0000
0.0000
0.0000
0.0000
1.8529
0.0000
0.0000
0.7665
0.0000
0.0000
0.0000
0.0000
0.0000
0.0000
1.0991
0.0000
1.2587
0.0000
0.7086
0.0000
0.0000
0.0000
0.9352
0.0000
0.0000
0.0000
0.0000
0.0000
0.0667
0.0000
0.0000
0.0000
0.0000
0.0000
0.0000
0.0000
0.0000
0.0000
0.9859
0.0000
0.0000
0.0000
0.0000
0.6342
0.0000
0.0000
0.0618
0.5495
0.0000
0.1236
2.6913
0.0000
0.0000
1.1489
0.0000
0.0000
0.9612
0.2334
0.3131
0.0000
2.4372
0.0000
1.1550
0.0894
0.0000
0.8235
0.0000
0.0000
0.0000
0.0000
0.0000
0.0000
0.0000
0.0000
3.5803
0.0000
0.0000
0.1517
0.0000
1.9950
0.0000
0.0000
0.0000
0.0000
0.1324
0.0000
0.4327
0.0000
0.0000
0.0000
0.0000
0.5379
0.0000
0.4430
1.7626
0.0000
0.0000
0.0000
1.0280
1.5517
0.0000
1.2225
0.0000
0.4129
0.0000
2.2596
0.0000
0.9834
0.0000
1.2536
0.0000
0.0000
0.0000
0.0000
0.0000
2.5668
1.8122
0.0000
0.0000
3.5122
0.0000
0.0000
0.0000
0.0000
0.0000
4.9604
0.0000
0.0000
0.0000
0.0000
0.0000
0.9797
1.5051
0.0000
2.1917
0.7002
0.0000
0.0000
0.4881
0.0000
0.0000
0.0000
0.0000
0.0000
0.0000
0.1899
0.0000
1.1041
0.0000
0.0000
0.0000
0.0094
0.0000
0.0000
0.2635
0.0000
0.0000
2.1383
0.0000
0.0000
3.1212
0.0000
0.7026
0.0000
0.0000
0.0000
2.1148
0.0000
0.0000
0.0000
1.4685
0.0000
0.0000
0.1791
0.0000
1.4234
0.0000
0.0511
0.0000
0.0000
0.0000
1.7199
0.0000
0.0000
0.0000
0.6530
0.0000
0.0000
1.8495
0.0000
0.0000
0.0000
0.0000
2.3106
0.3336
1.6715
0.0000
0.2117
0.2474
0.0000
0.2854
0.0000
1.3841
0.0000
0.0000
0.0000
0.0000
0.2096
0.0000
0.7346
0.0000
0.0000
0.0000
0.0000
0.0000
0.4334
0.0000
0.0000
0.5981
0.0000
1.5461
0.0856
0.1028
0.0000
3.2520
0.0000
0.0000
0.0000
1.6756
0.1515
1.7481
0.0000
0.0000
0.5440
0.0000
0.2738
0.0000
0.2920
0.0182
0.0000
1.5755
0.0000
1.0237
0.0000
0.0000
0.0000
0.0000
0.0000
0.0000
0.0000
0.0000
1.9261
0.0000
0.1178
0.0000
0.2289
2.0704
0.0000
0.8523
0.0000
1.2202
0.0000
0.8797
0.1491
1.1061
0.0000
0.0000
1.1487
0.0000
1.1061
0.0000
0.0000
0.0000
0.0000
1.4914
0.1000
0.0000
0.0000
0.0000
0.0000
0.0000
0.0000
2.3227
0.0000
1.0360
0.1363
0.0162
0.0000
0.0000
0.5403
0.0000
1.8004
0.0000
1.8822
0.0000
0.5324
0.0000
0.0000
3.8510
0.0000
0.0000
1.5751
0.0000
2.4177
0.0218
0.0000
0.0000
0.0000
0.0000
0.0000
0.5893
0.5799
0.3259
0.0000
0.5952
2.5600
0.0000
0.0000
0.0406
0.0000
0.0000
0.0000
0.0000
0.0000
0.0000
0.0000
0.0000
0.2667
0.0290
0.0000
0.0000
0.6349
0.0000
0.0000
0.0000
0.0000
0.0000
0.0000
0.0000
0.5701
0.5666
0.2467
0.0000
0.0000
0.0000
0.7597
0.0000
0.0000
0.0000
0.0000
0.0000
0.0000
0.0000
0.0000
0.0000
0.0000
0.0000
0.3872
0.0000
0.0000
0.0000
0.0000
0.0000
0.0000
0.0000
0.0000
0.0000
2.7515
3.1631
0.0000
0.0000
0.0000
0.0000
0.1577
0.0000
0.0000
0.0000
0.0000
3.0219
0.2520
0.0000
1.8731
0.0000
0.3536
0.0000
0.9143
1.5036
0.0000
0.2520
0.0000
0.0000
0.0000
0.0000
3.6707
0.0000
0.8405
0.0000
0.1818
0.0000
0.0000
1.9745
0.0000
0.0000
0.0000
0.0000
1.0887
0.0000
0.2885
0.0000
0.0000
0.0000
0.0000
0.0000
0.0000
0.2040
1.4645
0.0000
0.8129
0.0000
0.0000
0.7193
0.1030
0.0000
0.0000
0.0847
0.0000
0.0000
0.0000
0.0626
0.0000
0.0000
1.2550
1.2001
0.2110
0.0000
0.0000
0.0000
0.0000
0.0000
0.4068
0.0000
0.5507
0.4655
0.0000
0.0000
0.0000
0.0000
0.0000
0.0000
0.0000
0.9768
0.0000
0.0000
0.0000
0.0000
0.0000
0.0000
0.0000
0.0000
0.0000
0.0000
0.0000
0.0000
0.0000
0.0000
0.0000
0.0000
1.3643
0.0000
2.3300
0.0000
0.0000
2.7884
0.0000
0.0000
0.0000
0.0000
0.0000
0.2187
0.0000
2.0372
0.0000
0.0000
0.9783
0.0000
0.3789
0.0000
0.0000
1.6539
1.1832
0.0000
2.9099
2.0670
0.0000
0.0000
0.0000
0.0000
0.0000
0.0000
0.0000
0.0000
0.0000
0.2622
0.0000
0.0000
0.0000
0.0000
0.0000
0.0000
0.0000
0.0000
0.0000
0.1500
1.4385
0.0000
0.0000
0.0000
1.3666
0.0000
2.3075
1.2815
0.0000
0.0000
2.2239
0.0000
0.0000
0.0000
0.0000
0.9440
0.0000
0.0000
0.0000
0.0000
0.0000
0.0000
0.0000
0.0000
0.0000
0.0000
0.0000
0.7321
0.0000
1.3763
0.0119
0.0000
1.2459
0.0000
0.2899
0.0000
0.0000
0.0000
0.0000
0.0000
0.0000
0.0000
0.0000
0.0000
0.0000
0.6796
0.5782
0.0000
0.0000
0.0000
0.0000
0.0000
0.0000
0.0111
0.0000
0.0000
0.0000
0.0000
0.0000
2.7703
0.0000
0.0000
0.0000
0.0000
0.0000
1.2869
0.0000
0.0000
0.0622
3.5578
0.7038
0.0000
0.0000
0.0000
0.0000
0.0000
0.0000
1.2529
0.0000
0.0000
0.6734
0.0000
0.0000
0.6153
0.0000
0.0000
1.6086
1.0303
0.0000
0.0000
0.0000
0.0000
0.0000
0.0000
0.0000
0.0000
0.0000
1.4447
0.0000
0.0000
0.0000
0.0000
0.5826
1.5686
0.5286
0.0000
0.0000
0.0000
0.0000
0.0000
0.0000
0.0000
0.0000
0.0000
0.0000
0.4249
0.0000
0.0000
0.5883
0.0000
0.0000
0.0000
0.6489
0.0000
0.0000
0.0000
0.0000
0.9864
0.0000
0.0000
1.4113
0.0000
0.3101
0.2691
0.0000
0.0000
0.0000
0.0000
0.0000
0.5584
0.0000
0.0000
0.0000
0.0000
1.8476
0.0000
0.0000
0.0000
0.0000
0.0000
0.0000
0.0000
0.0000
0.0000
0.0000
0.0000
0.0000
0.9793
0.0000
0.5180
0.0000
0.0000
0.0000
0.0000
0.6792
0.8651
0.0000
0.0000
0.0000
0.0000
0.0000
0.0000
0.0000
0.0000
0.0000
0.0000
0.6856
0.0000
0.0000
3.1284
0.0000
0.0000
0.0570
0.0000
0.0000
0.0000
0.3107
0.0000
0.0000
0.0000
0.0000
0.0000
2.8831
0.7766
0.0000
0.0000
0.0000
0.0000
0.0000
0.0000
0.0000
0.2224
0.8703
0.0000
0.0000
0.0000
0.0000
0.0558
0.4185
0.0000
0.0341
0.6180
1.3800
0.0000
0.0000
0.0000
4.3937
0.0000
0.3752
0.0000
0.0000
0.0000
0.0000
0.9643
0.0000
0.0000
0.0000
0.0000
0.0000
0.0000
0.7465
0.0000
0.0000
0.0000
1.2651
1.3007
0.0000
1.7461
0.0000
0.0000
0.0000
0.0000
0.0000
1.4986
0.0000
1.8043
0.0000
0.0000
0.4651
0.0000
0.0000
0.8069
1.8074
2.0164
0.0000
0.0000
0.0000
1.8197
0.0000
0.0000
0.0000
0.0000
0.0000
0.0000
0.0000
0.0000
3.7051
0.0000
0.0960
0.0000
0.1397
0.0000
1.1731
0.0000
0.0000
0.0000
2.9504
0.0000
1.7637
0.0000
2.0269
0.0000
0.0000
0.9359
3.1491
0.0000
0.5655
0.0000
1.2124
0.0000
0.0000
0.0000
0.0000
0.8271
0.0000
0.0000
1.0377
0.0000
0.3734
2.5874
0.6048
0.3275
0.1595
0.8417
0.0000
1.3793
0.0000
0.0000
0.4925
0.0000
0.0000
0.0000
0.0000
0.6406
0.0000
0.0440
0.0000
0.2141
0.0000
0.0000
0.0000
0.0000
0.0000
0.0000
0.0000
0.7783
0.0000
2.2170
0.0000
1.2397
0.0000
0.0000
2.2681
0.5040
0.0901
0.0000
0.0000
0.0000
0.0000
0.0000
0.0000
0.0000
0.0000
0.3848
0.0000
0.0000
1.0897
0.0000
0.0000
0.0000
0.0607
0.0000
0.0000
0.0000
0.2598
0.0000
0.0000
0.0869
1.0595
0.0000
0.0000
1.9679
0.0000
0.0000
1.3458
0.0000
1.4619
0.0000
0.0000
0.0000
0.5973
1.9139
0.0000
0.5549
0.0000
0.0000
0.0000
0.0281
0.0000
0.3512
0.0000
0.8357
0.0000
0.0000
0.0000
0.0000
0.0000
0.0000
0.4088
0.7899
0.0000
0.9228
0.0000
0.0000
0.0000
0.0000
0.0000
0.0000
0.0000
0.0000
0.0000
0.0000
0.0000
0.0000
0.0000
0.0000
0.0000
0.3266
0.0000
0.0000
0.3832
0.0000
0.2839
2.2928
0.0000
0.0000
0.0000
0.0000
1.2509
0.6765
0.0000
0.0000
0.0631
0.0000
0.0000
0.0000
0.2925
0.0000
0.0000
0.0000
0.0000
0.0000
0.0000
2.4796
0.0000
0.0000
0.0000
2.1049
0.0000
0.0000
1.2432
3.1010
1.8630
0.0000
0.0395
0.0000
0.0000
0.0000
1.8030
0.0000
0.0000
0.0000
0.8959
0.0000
0.0000
0.6739
0.0000
1.0360
0.0000
0.0000
0.0000
0.1153
0.0000
0.0000
0.0000
0.0000
0.0000
1.8121
3.3031
0.0000
0.0000
0.0000
0.0000
1.7244
0.0000
0.0000
0.0000
2.6951
0.8260
1.4380
0.0000
1.1186
0.0000
0.0000
0.0000
0.0000
0.0000
0.0000
0.0000
0.7779
3.9035
0.0000
0.0000
0.0000
0.0000
0.0000
0.0000
0.0000
0.0000
0.4160
0.2136
0.0000
0.0000
0.7344
0.0000
0.0000
0.0000
0.0000
0.0000
0.0000
0.0000
1.2134
0.7589
0.0000
0.0000
2.0967
0.0868
0.0000
0.0000
2.2831
0.0000
0.3815
0.0000
0.0000
2.8761
0.0000
0.0000
0.0000
0.0000
0.0000
0.3222
0.0000
0.0000
0.0000
0.0000
0.0000
0.0000
0.0000
0.0000
2.7137
0.0000
0.1154
0.0000
0.5763
0.0000
0.0000
1.8914
0.0000
0.1393
0.0000
0.0000
0.0000
0.0000
1.8643
0.0000
0.0000
0.2364
0.0000
1.3299
1.2669
0.0000
0.0000
0.0000
1.3307
0.0000
0.0000
0.0000
0.2627
0.0000
2.1671
0.4432
0.0000
1.7694
0.0000
0.0000
0.0000
0.0000
0.0000
0.0000
0.6226
0.0000
0.0000
1.3216
0.0000
0.0000
0.0000
0.0000
0.0000
0.3306
0.0000
0.0000
0.4279
1.2067
0.0000
0.0000
0.0000
0.0000
0.0000
0.0000
0.0000
0.3691
0.0000
1.0954
0.0000
0.0000
0.0000
0.0000
0.0000
0.0000
0.0000
0.0000
0.0000
0.0000
0.0000
0.0000
0.0000
0.0000
0.0000
0.1798
0.0000
0.0000
0.0000
0.0000
0.0000
1.3055
0.0000
0.0000
0.0000
0.0000
0.6822
1.1178
0.0000
0.0000
0.0000
0.0000
2.6581
0.9222
0.0000
1.5351
0.0000
0.5969
0.0000
0.0000
0.0000
0.0000
0.3013
0.0000
0.0000
0.0000
0.8566
2.4331
0.5901
0.0000
0.0000
0.0000
0.0000
0.0000
0.7638
0.0000
1.7035
0.0000
0.0000
2.0369
0.4516
1.3711
1.2678
4.1454
0.0000
0.1939
0.0000
0.0000
0.7233
1.6037
1.0632
0.0000
0.0000
0.0000
0.2856
0.0000
0.3566
0.0000
0.0000
0.0000
0.0000
1.4108
0.0000
0.9088
0.0000
0.5846
0.0000
0.0000
1.4718
1.3438
0.0000
2.7026
0.0000
0.0000
1.7274
0.3041
0.0000
0.0000
0.0000
0.7276
0.0000
0.0000
0.9578
0.0000
0.0000
0.3804
0.0000
0.0000
0.0000
0.0000
0.0000
1.5455
0.0000
0.5393
0.0000
0.0000
0.0000
0.0000
0.0000
0.0000
0.0000
0.0000
0.0000
0.0000
0.4074
0.0000
1.2676
1.3675
0.0000
0.0000
0.0000
0.0000
0.0000
0.0000
0.0000
0.0000
0.0000
0.0000
0.4367
0.0000
0.9083
0.0000
0.2222
0.0000
0.0000
0.0000
0.0000
0.0000
0.0000
1.4986
2.4787
2.4141
0.0000
0.8998
0.0000
0.0000
0.0000
0.7442
0.0000
0.0000
0.0000
0.0000
0.0000
0.0000
0.0000
0.0000
1.0249
0.0000
0.0000
0.0000
0.0000
0.0000
0.0000
0.1988
0.0000
0.0000
3.5054
1.0464
1.6636
0.0000
0.0000
0.0000
0.0000
1.8632
1.6129
0.7920
0.0000
0.0000
0.0000
0.0000
0.0000
0.0000
0.0000
1.0667
0.0000
0.0000
0.0000
0.0000
0.0000
0.0000
0.0000
1.4082
1.4612
0.0888
0.0000
0.0000
0.0000
0.0000
0.0000
0.0000
0.0000
0.5423
0.0000
0.0000
0.0000
2.0763
0.0157
0.0000
0.0000
0.0000
2.1964
0.0000
0.0000
0.0000
0.0000
1.3966
0.0000
1.2070
0.0000
0.0000
0.0000
0.2827
0.0058
2.4530
0.0000
0.0000
0.0000
0.3128
0.0000
2.4295
0.0000
0.0000
0.0000
0.6104
0.0000
0.0000
0.0000
0.1195
0.1119
0.0000
0.2773
0.0000
0.0000
0.5129
1.6511
0.0000
0.9926
0.0000
2.8227
0.0000
0.0000
0.0000
0.0000
2.4860
0.6760
0.0000
0.0882
1.5793
0.0000
1.7124
0.0000
0.0000
0.0000
0.0000
0.0000
0.0000
0.0000
0.0000
0.0000
1.1843
0.0000
0.0000
0.0000
1.5043
0.2340
0.5362
3.1847
0.0000
0.0000
0.0000
0.0000
0.1982
0.0000
0.0000
0.0000
1.9993
1.6695
0.0000
0.0000
0.1699
0.0000
0.0000
0.0000
0.0168
0.0000
0.0000
0.0000
0.0000
0.0000
0.0000
0.7095
0.0000
0.2641
0.0000
0.4347
0.0000
0.0000
0.3602
0.1113
0.0000
0.0000
0.8107
2.2002
0.6661
2.9162
0.0000
0.0000
0.0000
1.2421
0.7027
0.0000
0.0000
0.0000
0.0000
0.2642
0.0000
0.3228
0.0000
0.0542
0.0000
2.9283
0.8385
0.0000
0.0000
0.0000
0.0000
0.0000
0.0000
0.0000
1.9574
0.0000
0.0000
0.9057
0.0000
0.1116
0.0000
0.0000
0.0000
0.0000
0.0000
0.0000
0.0000
1.0275
0.0000
0.0000
0.0000
0.0000
0.9947
1.5857
0.9122
0.0000
0.6405
0.0000
2.2194
0.0000
0.0000
0.0000
0.4859
0.0150
1.4060
0.3043
0.6495
0.0000
0.3151
0.7833
1.4176
0.0000
1.1858
0.2034
0.0000
0.0000
0.0000
0.0000
0.0000
0.0000
0.5213
0.0000
0.0000
0.0000
2.2022
0.0000
2.0941
0.1408
0.7038
0.0000
0.0000
0.0000
0.0000
0.0000
4.7792
0.4729
0.0018
2.9962
0.0000
0.0000
0.0000
1.3189
0.0000
0.7623
1.0116
1.3014
0.0000
0.5508
0.0000
1.1385
0.0000
0.0000
1.5368
0.5397
1.0490
1.5805
0.0000
0.0000
0.0000
0.0000
0.0000
0.2590
0.0000
2.6097
0.0000
0.0000
3.2005
0.0000
1.9192
0.0000
0.0000
0.0000
1.2232
0.0000
0.0000
0.8600
0.0000
0.0000
0.0000
2.2973
0.0000
1.6925
0.0000
0.6466
0.0000
0.0000
0.0000
0.0000
0.0000
0.0000
1.2295
0.0000
0.1046
2.5539
0.0000
0.1124
3.6228
0.0000
0.0000
0.0000
0.0000
0.0000
0.0000
0.0000
0.2854
0.0000
0.0000
0.0000
0.6488
0.0000
2.8772
0.0000
0.0000
0.0000
0.0000
1.4932
0.0000
3.4895
0.1128
1.0044
0.0000
0.0000
0.0000
0.0000
0.0000
0.0000
0.0000
0.0000
0.1157
0.0000
0.0000
0.0000
0.0000
1.0159
0.0000
0.0000
0.0000
0.0000
0.0000
1.0958
0.4544
0.5402
0.0000
0.0000
0.7839
0.0000
0.0000
0.0000
0.0000
1.1594
0.2238
0.0000
0.0000
0.0000
1.0721
0.0000
0.6212
0.0000
0.0000
0.0000
0.0000
0.0000
0.0000
0.0000
0.0000
0.8785
0.0000
2.3419
0.0000
1.1874
0.0000
0.3561
0.0000
0.0000
0.0000
0.0000
0.6600
0.2173
0.0000
0.0000
2.0734
0.1306
0.3817
0.0000
0.0000
0.0000
1.3663
0.0000
0.0000
0.0000
0.0000
0.2233
0.6011
1.1611
1.8837
0.0000
0.0000
0.0000
1.6153
0.0000
0.0000
0.0000
0.0000
0.0000
0.6342
0.0000
0.0000
0.0000
0.0000
1.9660
1.3669
0.0000
1.5552
0.0000
0.0000
0.3783
0.0000
2.7417
0.2158
0.3509
0.2397
0.0000
0.0000
0.0000
0.0000
0.0000
0.0000
0.0000
0.0000
0.1734
1.6119
0.0000
0.0000
0.0000
0.0000
0.0000
0.0000
0.0000
1.4591
0.0000
0.0000
1.4762
1.1034
1.2527
0.0000
0.2323
0.0000
0.0000
0.0000
0.0000
0.0000
2.7131
0.0000
0.0000
0.8298
2.5203
0.0000
0.0000
0.0000
1.0661
0.4164
0.2215
0.1171
1.0767
0.0000
0.0000
0.0000
0.0000
0.0000
1.0689
0.0000
0.0000
0.0000
0.7593
1.4912
0.0000
1.3891
0.5747
0.0000
0.0000
0.0000
1.6384
0.0000
0.0000
0.0000
2.1679
1.2390
0.0000
0.1010
0.0000
0.0000
0.0000
1.5240
1.4071
0.0000
0.0000
0.0000
0.0000
1.6527
1.5163
0.2731
0.0000
0.0000
0.0000
0.0000
2.7685
0.0000
0.0000
0.0000
0.0000
0.0000
0.0000
0.0000
0.0000
0.0000
0.0000
0.0000
0.0000
1.0346
0.0000
0.0000
1.2388
1.8220
0.0000
0.0000
0.0000
0.0000
0.0379
0.0000
1.4005
1.2600
0.0000
0.0000
0.0000
1.9571
0.0000
1.1930
0.8749
0.0000
0.0000
0.0000
0.0000
0.0000
0.0000
0.0000
0.0000
0.0000
0.0000
0.0000
2.9360
0.0000
0.0000
0.0000
0.0000
0.0000
0.0000
0.0000
1.0259
0.0000
0.0000
0.0000
0.0000
0.0000
0.0000
0.0000
0.0000
0.0000
0.0000
1.4116
0.0000
0.0000
0.0000
0.7666
0.0000
0.0079
0.9306
0.0000
0.0000
0.0000
0.0000
0.3715
0.0000
0.0000
0.0000
0.0000
1.0033
0.0000
0.0000
2.1863
0.0000
1.0092
0.0000
0.0000
0.0000
0.0000
0.0000
0.0000
0.0000
0.7484
0.0000
1.9530
0.0000
2.6953
0.0000
0.0000
0.0000
0.0000
0.0000
0.2778
0.0000
0.1831
1.4151
0.0000
1.5407
0.0000
0.0000
0.0000
0.0000
0.2523
0.0000
0.0000
0.0000
0.0000
0.0000
0.0000
0.0000
0.0000
0.0000
0.0000
0.0000
0.0000
0.0000
0.6813
0.4050
1.5470
2.9361
0.0000
0.0000
0.4489
0.2970
0.0000
0.0000
0.0000
0.0000
0.5285
1.0881
2.5036
0.0000
0.0000
0.0000
1.6032
0.1376
0.0000
0.0000
0.0000
0.0000
0.0000
0.0000
0.0000
0.0000
0.0000
0.0000
0.0000
1.8326
0.6530
0.0000
1.0108
0.0000
0.0000
0.4653
0.0000
0.0000
0.0000
1.7599
0.0000
0.0000
0.0000
2.1125
0.7116
0.0000
0.0000
0.0000
0.0000
0.0000
0.0317
0.4639
0.0000
0.0000
0.0000
0.0000
0.0000
0.0000
1.1616
0.0000
0.0000
1.3048
0.3674
1.4985
0.0000
0.0000
0.0000
2.3170
0.0000
0.0000
0.0000
0.2506
1.1210
0.0000
0.7950
0.0000
0.0000
0.0000
1.0324
1.4057
0.0000
0.0000
0.0000
0.0000
3.5329
0.0000
0.0000
0.0000
0.0651
0.0000
1.4064
1.1981
0.0000
0.7609
0.0000
0.0000
0.0000
0.0000
0.0000
0.0000
0.0000
0.4597
0.0000
0.6675
0.0000
0.0000
0.0000
0.0000
0.0000
0.0000
0.0000
0.2055
0.0000
0.0000
0.0000
0.0000
0.0000
0.0000
0.0000
0.0565
0.0000
0.0000
1.3835
0.0000
0.0000
1.2960
0.8268
2.4719
0.0000
0.0000
1.1092
0.0000
0.0000
0.0000
0.4422
0.0000
0.0000
0.0554
0.9645
0.0000
0.0000
0.0000
0.0000
0.0000
1.6747
0.0000
0.0000
0.0000
0.0000
0.0000
0.4834
0.0000
0.0000
0.0000
0.0000
0.0000
0.0000
2.3698
0.0052
0.0000
1.1884
3.3666
0.0000
0.0000
0.4500
0.9866
0.0000
0.0000
0.0000
0.0000
0.6771
0.0000
0.0000
0.2746
0.0000
1.1488
5.3426
0.0000
0.0000
0.0000
0.0000
0.0000
0.0000
0.0000
0.0000
0.0000
0.0000
0.0000
0.0000
0.0000
0.0000
0.0000
0.0000
0.0000
0.0571
0.0000
0.0000
1.2204
0.0000
0.0000
0.3677
1.0289
0.0000
2.3577
0.0000
0.0000
0.5117
0.0000
0.0000
1.1610
1.1233
0.0000
0.0000
2.1461
0.0000
0.0000
0.0000
0.2290
0.0000
0.0000
0.6439
0.0000
0.0000
0.0000
0.0000
0.0000
0.4333
0.0000
0.0000
1.9411
0.0000
0.3388
0.0000
0.8327
0.9272
0.0000
0.0000
1.5771
0.0000
0.0000
0.0000
0.0000
0.0000
0.1805
0.0000
0.0000
0.0000
0.5435
0.0000
0.0000
0.0000
0.0000
0.6169
0.0000
0.0000
0.0000
0.0000
0.6486
0.0000
0.0000
3.3696
0.0000
0.0000
2.9230
0.0000
0.0000
0.0000
0.0000
0.5076
0.0000
0.7610
0.0000
0.0000
0.2480
0.0000
0.0000
0.7842
0.0000
0.0000
0.0000
0.0000
0.0000
0.0000
0.0000
0.0000
2.0226
0.0000
0.0000
0.0000
0.0000
0.0000
0.0000
2.1029
0.0000
2.0165
0.0000
0.0000
0.0000
0.4432
1.1052
0.0000
0.4457
1.2766
1.0947
0.1418
0.0000
0.0000
0.0000
1.2112
0.0000
0.0000
3.0535
0.7337
0.0000
0.5143
0.0000
1.9416
1.4962
0.0000
0.0000
0.0000
0.0000
0.0000
0.0000
0.0000
0.7838
0.0811
0.0000
0.0000
0.0000
0.0000
0.0000
0.0000
0.0000
0.2775
0.0153
0.0000
0.1531
0.0000
0.0000
0.9163
0.0000
0.0000
1.3417
0.0000
0.6011
0.0000
0.0000
0.0000
1.1303
0.0000
1.6538
0.0000
0.0240
1.4089
0.0000
0.5440
0.3901
0.0000
0.0000
0.0000
0.0000
0.0000
0.0000
0.0000
0.8177
0.0000
0.6753
2.3614
0.0000
0.0000
0.0000
1.1313
0.0000
0.0000
0.0000
0.0000
0.3433
0.0000
0.0000
0.0000
0.0000
0.0000
0.0000
0.7412
0.0000
1.1655
0.0000
0.0000
0.0000
0.2291
0.1427
0.0000
0.0000
0.0000
0.0000
1.9392
0.0000
0.0000
0.0000
0.0000
0.0000
0.0000
0.4644
1.8662
0.0000
0.0000
0.0000
0.0000
0.0000
0.0000
0.0000
0.0000
0.4508
3.4203
0.0000
0.0000
1.5291
0.0000
2.6540
0.0000
0.0000
1.1005
0.0000
0.0000
0.0914
0.0000
1.2306
1.6978
0.0000
2.4810
0.8435
0.0000
0.0000
0.0000
1.2945
0.0000
1.6775
0.0000
0.0000
0.0000
0.0000
0.0000
1.0456
0.0000
0.0000
0.0263
0.0000
0.0000
0.0000
0.9234
0.7774
0.0000
0.0000
1.4457
0.0000
0.0000
0.0000
1.6122
1.1729
1.7300
0.0000
0.0000
0.0000
0.0000
0.0000
0.0000
2.6820
1.0320
3.5286
0.0000
2.6988
2.7338
1.3743
0.0000
0.0000
0.0000
0.0000
0.0000
0.6460
0.0000
0.4289
2.6516
0.0000
0.0000
0.0000
0.2982
0.7784
0.9113
0.0000
2.4159
0.0000
0.0000
0.0000
2.5866
1.0476
0.0000
2.3372
0.0000
0.0000
0.0000
0.0000
1.2372
0.0000
0.0000
2.4793
0.0000
0.0000
0.4512
0.0000
0.0000
3.5296
0.0000
0.1091
0.0000
0.0000
0.0000
0.5438
0.0000
0.0000
0.0000
3.5085
0.0000
0.0000
0.0000
0.0000
0.0000
0.0000
1.3842
0.0000
0.0000
0.0000
0.0000
0.0000
0.0000
0.0000
0.0000
0.0000
0.1974
0.8079
0.0000
0.0000
1.9154
0.0000
0.0000
0.0000
0.0066
0.3231
0.0644
0.7361
0.4088
0.0000
1.1487
0.0000
0.0000
0.0000
0.0000
1.3045
0.0000
2.1917
0.0000
0.0000
3.7339
0.0000
0.0000
0.2974
0.0000
0.0000
0.3658
0.0000
0.0000
0.0000
0.0000
0.0000
0.7228
0.5370
0.0000
0.0000
0.9749
1.8986
0.0000
2.4430
1.5492
0.0000
0.0000
1.4689
0.0000
0.0000
0.0000
0.7612
0.0000
0.0000
0.0000
0.0000
1.2308
0.3420
1.2565
0.0000
0.0000
0.0000
0.0000
1.0221
0.3704
0.0000
0.0000
2.2204
0.0074
0.0000
0.0000
0.0000
0.0000
0.0000
0.0000
0.0000
0.0000
1.7556
0.0000
0.0000
0.3652
0.0000
0.0000
0.0000
0.0000
0.8482
0.9059
1.3373
0.0000
1.5139
2.2375
0.5787
0.0000
0.0000
0.0000
0.0000
0.0000
2.0406
0.0000
0.0000
0.1102
0.0000
0.7278
0.0000
2.8652
4.1982
0.0000
0.0000
0.0000
0.0000
3.4654
0.0000
0.0000
0.0000
0.0000
0.0000
0.0000
0.0000
0.0000
0.3351
0.0000
0.0000
0.2183
1.5335
1.9442
0.0000
0.0000
0.5584
0.0000
0.0000
0.9302
0.0000
0.0000
0.0000
0.0000
3.2225
1.0957
0.0000
0.0000
0.5529
0.0000
0.0000
1.3439
1.6754
1.1754
0.0000
0.1730
1.6827
0.0000
0.0000
0.0000
0.0000
0.0000
0.0000
0.6136
0.6486
0.0000
0.1135
4.7990
0.5093
1.9445
0.0000
0.0000
0.0000
0.0000
0.0000
0.0000
0.0000
0.0000
0.5968
0.0000
0.0000
0.6567
0.5491
0.8907
0.0000
0.0000
0.0000
0.0000
0.8641
0.7669
0.0000
0.0000
0.0000
0.0000
0.9950
0.5423
0.0000
1.8343
0.0000
2.3983
1.7701
0.2852
0.0000
0.0000
0.0000
0.0000
0.0000
0.0000
1.6821
0.0000
0.0000
0.0000
0.0000
0.0000
0.0000
0.0000
0.0000
2.9596
0.0000
1.2998
0.0183
0.0000
0.5510
0.0000
0.0000
0.0000
0.0000
0.0000
0.0000
0.0000
0.0736
0.0000
0.1566
0.0000
1.9662
0.6702
0.1779
0.0000
0.7863
0.0000
1.5753
0.0000
0.0000
0.0000
0.0000
0.0000
0.9957
0.0000
0.0000
0.0000
0.0000
1.0718
0.0000
0.3676
0.0000
0.0000
0.0000
0.0000
0.0000
0.9710
0.0000
0.4027
0.0000
0.7570
0.6710
0.0000
3.3234
0.1603
0.4895
2.8220
0.7914
0.0000
1.5216
0.2067
0.0000
0.2195
0.0000
0.0000
0.0000
0.0000
0.0000
0.0000
0.0000
0.0000
0.4948
0.0000
2.7339
0.0000
3.5802
0.0000
0.0000
0.9261
2.1911
1.1869
0.0000
0.0000
0.0000
0.0000
0.3944
1.9385
0.0000
1.0913
0.0000
0.0000
0.0000
0.0000
0.0000
2.8843
0.0000
0.1323
1.1829
0.0000
0.4613
0.0000
0.4418
0.0000
0.0000
3.9964
0.0000
0.0000
0.5454
0.0000
0.0000
1.4341
1.2694
1.0028
0.4687
0.0000
0.0003
0.0000
0.6612
0.0000
0.0000
1.0998
0.0000
0.0000
0.0000
0.0000
0.0000
1.9536
0.1111
0.0000
0.0000
0.0000
0.0000
1.3250
0.0000
1.4597
0.0000
0.0000
0.3290
0.9797
0.0000
0.0000
0.0000
2.5045
0.0000
0.0000
1.3883
0.0000
0.0000
1.3149
0.7226
0.0000
0.0000
0.0000
2.3604
0.0000
0.0000
1.0361
0.0000
0.1429
1.4480
1.0984
0.4416
0.0000
0.1139
0.0000
0.0000
0.0000
0.0000
0.0537
0.8220
0.0000
0.0000
0.0000
0.0000
0.0000
0.0000
0.0000
0.0000
0.0000
0.0000
0.3074
0.0000
0.0000
0.4733
0.0205
0.0000
0.0000
1.3545
0.0433
0.0858
0.0000
2.4517
0.0000
1.1545
0.1202
1.3495
0.0000
0.0000
0.0000
0.0000
0.0000
0.0000
0.0000
0.0000
1.1359
0.0000
0.0000
0.0000
0.0000
0.0000
0.0000
0.0000
0.0000
0.0000
0.3745
0.0000
0.0000
0.0000
1.1237
0.0000
0.0000
0.0000
3.1417
0.0000
0.0000
0.0000
0.0000
0.0000
0.0000
0.0000
0.0000
0.0000
0.0000
0.0000
0.0000
0.4405
0.0000
0.5375
0.0000
0.0000
0.0000
0.0000
0.0000
0.0000
1.2016
0.2814
0.2953
0.0000
0.0000
0.0000
0.0000
0.6344
0.0000
0.0000
0.0000
0.0000
0.0000
0.0000
0.0000
0.7274
0.6340
0.0000
0.9557
0.0000
0.0000
0.0000
0.0000
0.0000
0.0000
0.0000
0.0000
1.6261
0.4107
0.5519
0.0000
0.0000
0.0000
1.1258
1.6033
0.0000
0.6142
0.3703
0.0000
0.0000
1.1271
0.4468
1.9053
0.0000
0.0000
0.0000
0.0000
0.0000
0.0000
2.8613
0.2815
0.0000
0.2458
0.0000
0.0000
0.0000
0.0000
0.0465
0.0000
0.0000
0.0000
0.0000
0.0000
0.0000
0.0000
0.0000
0.9402
0.0000
0.0000
0.8897
0.2927
0.0753
0.8485
0.0000
0.0000
0.0000
1.6408
0.4789
0.0000
0.0000
0.0000
0.6489
0.5291
0.0000
0.8058
0.4762
0.0000
0.0000
0.7936
0.0000
1.3559
1.5143
0.0000
0.0000
0.0000
0.0566
0.1271
0.3216
0.0000
0.0000
0.0551
0.0000
0.0000
0.0000
0.0000
0.0000
1.6098
0.6696
0.0000
0.0000
0.5282
0.0000
0.2896
0.0848
0.0000
0.0000
0.0000
1.2086
0.0000
0.0000
0.2806
0.0000
0.0000
0.0000
0.0000
2.4738
0.0000
0.0000
0.0000
0.0000
0.0000
0.0000
0.0000
0.0000
0.2116
0.0000
0.0000
0.0000
0.0000
0.0000
0.0000
0.0000
0.2630
0.9478
0.0000
2.5820
0.0000
0.0000
0.0000
0.0000
0.0000
0.0000
0.0000
1.0274
0.0000
0.0000
0.0000
0.0000
0.1065
0.0000
0.0000
0.7446
0.0238
0.0000
0.0382
0.0000
0.0000
0.2374
0.1233
0.9599
0.0000
0.0000
0.0000
0.0000
0.2926
0.0000
0.0000
0.0000
2.0624
1.2162
1.0180
0.0000
0.0000
0.0027
0.0000
0.0000
0.0000
0.0000
1.2440
0.0000
2.1700
0.0000
0.9719
0.0000
0.9407
0.7768
1.8613
0.0000
1.5956
0.4394
0.0000
0.0000
1.5899
0.5607
1.9289
0.7713
0.0000
0.0000
0.0000
0.0000
0.0000
0.4839
0.0000
1.4507
1.2401
0.0000
0.0000
0.3540
0.1917
0.8081
1.2219
0.0000
0.0000
0.0000
0.0000
0.0000
0.8725
3.2175
1.3240
0.0000
0.0000
0.3832
0.0000
0.0000
0.6615
2.4474
1.6494
0.0000
0.0000
0.0000
0.0922
1.2548
3.5563
0.0000
0.0000
0.0000
0.0000
2.9240
0.8736
0.0000
0.0000
0.0000
0.0000
0.0000
2.7978
0.0000
0.0000
2.8413
0.0000
0.0000
0.0000
0.0000
0.2092
1.0023
0.1252
0.0000
0.0000
0.0000
2.4492
1.2702
0.0000
0.0000
0.0000
0.1094
0.0000
0.0000
3.9194
0.0000
0.6892
0.0000
0.1470
0.4703
0.0924
0.5945
0.0000
0.0000
0.3812
0.0000
4.1306
0.0000
0.0000
0.0000
0.0000
0.0000
0.0000
0.4254
0.6475
0.0000
0.0000
0.1443
0.0000
0.8024
0.0000
0.0000
0.7241
4.3326
0.0000
0.0000
0.0000
0.0000
0.2992
0.0000
0.0000
0.0000
0.0000
1.0890
1.0333
0.0000
0.8026
1.5408
0.0000
0.0000
0.0000
0.0000
0.0000
1.5626
2.1821
0.0000
0.6456
0.0000
0.0000
0.0000
0.0000
0.0000
2.9622
0.0000
1.1250
0.0000
0.0000
0.0000
0.0000
1.0941
0.0000
0.0000
0.3883
0.9249
0.0000
0.0000
0.0000
0.0000
2.7235
0.0000
1.7248
1.4066
0.0000
0.0000
0.0000
0.0000
0.0000
0.0000
0.0000
2.4636
0.0000
0.9696
1.1225
0.0000
1.2233
0.0000
0.0000
0.0000
0.0821
0.0000
2.0792
3.1409
0.4854
0.3390
1.4166
0.0000
0.0112
0.0000
0.0000
0.0000
0.0000
1.4376
0.5978
1.1128
0.0000
0.0000
0.0000
0.9332
0.0000
0.0000
0.0000
0.0000
0.0000
0.0000
0.4629
1.1363
0.0000
0.0000
0.0000
3.5304
0.0000
0.0000
0.0000
0.0000
0.0000
1.2323
0.0000
0.0000
0.0000
0.0000
0.2248
0.0000
0.9416
0.3754
2.3475
0.0000
0.0100
0.0000
0.0000
1.0640
0.0000
0.5847
0.0000
0.0000
0.0000
2.4304
0.0120
0.5401
0.0000
0.0000
0.0000
0.6737
2.1165
0.0000
0.0000
0.0000
0.0000
0.0000
0.0000
0.0000
0.7354
2.2046
0.0000
0.5366
2.5061
1.9464
0.0148
0.2027
0.0000
0.9833
0.0000
0.0000
0.0000
0.0000
0.3274
0.0000
0.3724
0.1788
0.0000
0.0000
1.8226
0.0000
0.8335
0.0795
0.0000
0.0000
0.0000
0.0000
3.1005
0.0000
0.2530
0.1669
0.0000
0.0000
0.8246
2.4310
0.0000
0.0000
0.0000
0.0000
0.5951
0.1548
1.4851
0.0000
0.0000
0.0000
0.2549
0.7485
0.0000
0.0000
0.0000
0.9384
0.0000
1.3049
0.4402
0.0000
0.8977
0.0000
0.0000
0.0000
0.0000
0.1693
2.2914
0.0000
0.0000
0.0000
1.0629
1.2778
0.0000
2.8935
0.0000
0.0000
0.0000
0.0000
0.0959
1.1255
0.0000
0.0000
0.0000
0.8463
0.0000
2.6683
0.0000
0.0000
0.0000
0.0000
0.0000
1.5317
0.2092
0.0000
0.2451
0.0000
0.0000
0.0000
0.9532
0.0000
2.1262
0.0000
0.0000
0.0000
0.0000
0.0000
0.0000
1.0243
0.0000
0.0000
0.0000
0.0000
0.0000
0.0000
0.0000
0.0658
0.0000
0.5845
0.0000
0.7474
0.0000
0.0000
0.0000
1.8638
0.0000
0.0000
0.0674
0.0000
0.0000
0.0000
3.7654
0.0000
0.0000
0.0000
0.0000
0.0000
0.0000
1.3742
0.0000
0.0000
0.0000
0.0000
1.6648
0.0000
0.0000
0.0000
0.5634
0.0741
0.0000
0.0000
0.0000
0.0000
1.5862
0.0000
0.0000
0.0000
0.0000
0.0000
3.1952
0.0000
0.0000
4.1873
0.4451
0.0000
0.0000
0.0000
0.1325
0.0000
0.2761
1.2147
0.0000
0.0000
2.4712
2.0038
0.9970
0.0000
1.7910
0.0000
1.2624
0.0000
0.5015
1.7012
0.0000
0.0000
0.0000
0.0000
1.8978
0.0000
0.1153
0.4320
0.0000
0.0000
0.0000
0.1359
0.0000
0.0000
0.9339
0.0000
0.0000
0.0000
0.0000
1.9456
0.3154
0.0000
0.0000
0.0000
0.0000
0.0000
0.0000
0.0000
0.0000
0.0000
0.0000
0.0000
0.0000
0.0000
0.0000
0.0000
0.2801
0.0000
0.0000
0.0000
0.0000
0.0000
0.0000
0.0000
0.6182
0.0000
0.0000
0.0000
0.0000
0.0000
2.0407
0.0000
0.0000
0.0000
0.0000
2.4606
2.4096
1.2227
0.0550
0.0000
0.6248
1.4100
0.0000
0.0000
0.0000
2.9279
0.7737
0.0000
0.0000
0.0000
0.0000
0.0000
0.0000
0.0000
2.7577
0.1864
0.0000
0.0000
3.4882
0.0000
0.3146
0.0000
0.0000
0.0000
0.0000
2.7128
0.0000
0.0000
0.0000
0.0000
1.3173
0.0000
0.0000
0.0000
0.9474
0.3471
0.0000
0.0206
0.0000
0.0000
0.0000
0.0000
0.0000
0.0000
2.9435
0.0000
1.7508
0.0000
0.0000
2.5576
0.0000
1.2475
0.0000
1.8692
0.0000
0.1697
1.1460
0.0000
0.0000
0.2637
0.0000
0.0000
0.0000
0.7447
0.0000
0.0000
0.0000
0.0000
0.0000
0.0000
1.2509
0.0000
0.0000
0.0000
1.6220
0.9850
0.0000
0.0000
0.0000
0.0000
1.8739
0.0000
0.0000
2.2066
3.0585
0.0000
0.0000
1.3106
0.1325
5.1445
0.6595
1.4585
0.0000
1.9987
0.0000
0.0000
0.0000
0.0000
0.0000
0.0000
0.0000
0.0000
1.8786
1.7259
3.3149
0.0439
0.0000
1.8148
0.0000
0.0000
0.0000
0.0000
0.0000
1.3755
0.0000
0.0000
1.9662
0.0000
0.0000
0.0000
2.7585
0.2915
0.0000
0.0000
0.0000
0.0000
1.0833
1.4271
2.9474
0.0000
0.0000
0.4655
1.3460
1.5834
3.0104
1.0802
0.0000
0.0000
0.0000
0.0000
0.0578
0.0000
0.0000
0.0000
0.0000
0.0000
1.5917
0.1605
0.0000
0.0582
0.0000
0.0000
0.0000
2.0439
2.1163
0.0000
0.2598
0.3461
1.8330
0.0000
1.2295
0.0000
0.0000
0.0000
0.0000
0.1511
0.0000
0.0000
0.4976
0.0000
2.3226
0.0000
0.0000
1.4405
0.0000
0.7857
0.6825
0.9936
0.0000
0.8411
0.0000
1.4750
0.4800
0.1958
0.0000
0.0000
0.0000
0.0000
0.0000
0.0000
0.0000
1.2516
0.7164
0.0000
0.0000
0.0000
0.0000
0.0000
4.3426
0.9854
0.0000
0.0000
0.3492
0.3809
0.0000
0.0000
0.0000
1.4471
0.0000
0.5373
0.6162
0.0000
1.8252
0.3401
0.0000
0.0000
0.2477
1.6493
0.0000
0.0000
0.0000
0.0000
0.0000
0.6968
0.0000
0.0245
0.0000
0.0000
0.0000
0.0000
0.0000
0.0000
0.0000
0.3176
0.0000
0.0000
0.0596
0.0000
0.0000
1.7772
0.0000
1.4702
1.8243
1.1932
0.0302
0.0000
0.0000
0.0000
0.0000
0.0000
0.0000
0.0779
0.6554
0.0000
4.1511
0.4513
0.0000
2.9865
0.0000
0.6614
0.2725
0.0000
1.7724
0.6000
0.0000
0.0000
0.0000
0.0000
0.0000
0.0000
0.0000
1.0745
0.0572
0.0000
0.0000
0.2481
0.0000
0.0000
1.5181
0.0000
1.6790
0.0000
0.0000
0.6015
0.0000
