0.6194
0.0000
0.0000
0.0000
1.3460
0.0000
0.0000
0.0000
0.0000
2.5213
0.4828
0.0000
0.5881
0.0000
0.0000
0.0000
0.0000
0.0000
0.0000
0.0000
0.0000
0.0000
2.4595
0.6320
1.0505
2.0630
0.0000
1.8122
0.0000
0.0000
0.0000
0.0000
0.0000
0.0000
2.7778
0.0000
0.0000
0.3241
1.9685
1.1346
0.0000
0.0000
0.0000
0.0000
0.0000
1.2979
0.0000
0.0000
0.0000
1.5289
0.0000
0.0000
0.0000
0.0000
0.0000
0.0000
0.0000
0.1306
0.0000
0.0000
0.0000
2.2640
0.0000
1.2804
0.0000
0.0000
0.0000
0.0000
0.0000
0.0000
0.1575
2.7365
0.3788
0.0000
0.0000
2.0463
0.0000
0.0000
0.0000
0.0000
1.5504
0.0000
0.0000
0.0000
0.0000
1.2726
0.1721
2.2934
0.0000
0.0000
0.7855
0.0000
2.1842
2.0962
0.0000
0.0000
0.0000
0.0000
1.9016
0.0000
0.3272
0.0000
0.0000
0.0000
0.1283
0.0000
0.0000
0.0000
0.9234
4.3068
0.0000
0.0000
0.2988
0.0954
0.0000
0.0000
1.4776
0.0000
0.0000
0.0000
2.0975
0.0000
0.4382
0.8827
0.0000
0.0000
1.4600
0.6395
0.0000
0.1181
0.0000
0.0000
0.1542
0.0000
1.5068
0.0000
1.6721
1.8146
0.0000
3.9939
2.9569
0.0000
0.4545
1.5261
1.2558
0.0000
0.0284
0.0000
0.0000
0.0000
0.0000
0.0000
0.3129
0.0000
0.0000
0.0000
0.0000
0.0000
0.0000
0.0000
0.5382
0.0000
1.6411
0.0000
0.0000
0.8035
0.0449
0.0000
0.0000
1.4753
0.0000
0.0000
0.0000
0.0000
0.0000
0.0000
0.0000
0.2664
0.0000
5.1544
1.6165
1.9272
0.0000
0.0000
0.0000
0.0000
1.6208
0.0000
1.0822
0.1379
0.0000
0.0000
0.0000
0.0000
0.0000
0.0000
0.0000
0.0000
3.4027
2.0055
0.0000
0.0000
0.0732
0.0000
0.0000
0.0000
0.0000
0.0000
0.1014
0.0000
0.0000
0.0000
0.0000
0.4594
0.0000
0.0000
0.0000
0.0000
0.3637
0.0000
0.0000
0.0000
0.0000
0.0000
1.8624
0.0000
0.0000
0.0000
0.0000
0.0000
0.0000
0.0000
0.0000
0.0000
0.7209
0.0000
0.7024
0.0000
0.7548
0.0000
0.0000
0.0000
1.1360
0.0000
0.0000
0.0000
0.0000
0.0000
0.0000
0.0000
0.0000
0.0000
0.0000
0.0000
0.0000
0.4555
0.0000
0.0000
0.8196
0.0000
0.0000
0.0000
0.0000
0.0000
0.0000
0.0000
0.7256
0.0442
0.0000
0.0000
1.0581
0.0000
0.0002
2.1435
0.0000
0.0000
0.7364
0.2233
0.0000
0.0000
1.6634
0.0000
0.2061
0.0000
0.0000
0.0000
0.0000
0.0000
0.0000
0.0000
0.0000
0.0000
0.0000
0.2582
4.5108
0.0000
0.0000
0.0000
0.0000
1.5093
0.0000
0.0000
0.0000
0.0000
0.3054
0.0000
0.3396
0.0000
0.0000
0.0000
0.0000
0.2558
0.0000
0.6768
0.8883
0.0000
0.0000
0.0000
1.2664
1.2080
0.0000
1.1606
0.0000
0.0000
0.0000
2.1779
0.4448
2.2773
0.0000
1.4524
0.0000
0.0000
0.0000
0.0000
0.0000
1.8173
1.9224
0.0000
0.0000
2.2114
0.0000
0.0000
0.0000
0.0000
0.0000
4.0511
0.0000
0.0000
0.0000
0.0000
0.0000
1.8151
0.9233
0.0000
2.1191
0.2419
0.0000
0.0000
1.9834
0.0000
0.0000
0.0000
0.0000
0.0000
0.0000
1.3075
0.0000
0.0000
0.0000
0.0000
0.0000
0.7607
0.0000
0.2531
0.0755
0.0000
0.0000
1.6965
0.0000
0.0000
3.6503
0.0000
0.0000
0.0000
0.0000
0.0000
1.4058
0.0000
0.0000
0.0000
1.4075
0.0000
0.0000
0.1771
0.0000
1.4620
0.0000
0.0000
0.0000
0.0000
0.0000
2.9626
0.0000
0.0000
0.0000
0.0000
0.0000
0.0000
2.4267
0.0000
0.0000
0.0000
0.0000
3.6781
0.0000
0.0000
0.0000
0.0000
0.0000
0.0000
1.1044
0.0000
0.2049
0.0000
0.0000
0.0000
0.0000
0.5610
0.0000
0.0000
0.0000
0.0000
0.0000
0.0000
0.0000
0.0000
0.0000
0.0000
1.2446
0.0000
1.1772
0.6597
0.1810
0.0000
3.5693
1.4069
0.3016
0.0000
2.8233
0.0162
2.1268
0.0000
0.0000
0.7160
0.0000
0.0000
0.0000
0.0000
1.3782
0.0000
0.9856
0.2892
0.9091
0.0000
0.0000
0.0000
0.0000
0.0000
0.0000
0.0000
0.0000
0.8860
0.0000
0.0000
0.0000
1.1955
2.1201
0.0000
0.0000
0.0000
1.1708
0.0000
0.5736
1.3243
0.0000
0.7435
0.0000
1.7605
0.0000
1.1735
0.0000
0.0000
0.0000
0.0000
0.1337
0.6434
0.0000
0.0000
0.3624
0.0000
0.0000
0.7581
2.3261
1.1297
0.1125
0.0000
0.0000
0.0000
0.0000
1.5443
0.1606
2.7945
0.0000
0.0000
0.0000
0.8204
0.0000
0.0000
3.1668
0.0000
2.2341
2.3926
0.0000
2.1133
1.7052
0.0000
0.0000
0.0000
0.0000
0.0000
0.3659
0.7785
0.5970
0.0000
0.8593
3.0409
0.0000
0.0000
0.0000
0.0000
0.0000
0.0000
0.0000
0.0000
0.0000
0.0000
0.0000
0.0000
0.0000
0.0000
0.0000
0.1463
0.0000
0.0000
0.0000
0.0000
0.0000
0.0000
0.0000
0.0000
0.0000
0.0000
0.0000
0.0000
0.0000
0.0000
0.0000
0.0000
0.0000
0.0000
0.0000
0.0000
0.0000
0.0000
0.0000
0.0000
0.6061
0.2949
0.0000
0.0000
0.4296
0.0000
0.0000
0.0000
0.0000
0.0000
0.0000
1.9681
2.2806
0.0000
0.0000
0.0000
0.0000
0.0000
0.0000
0.0000
0.0000
0.0000
2.9414
0.8097
0.0000
1.8038
0.0000
0.0000
0.0000
0.0000
1.5291
0.0000
0.9482
0.8489
0.0000
0.0000
0.0000
2.5622
0.0000
1.0937
0.5077
0.0000
0.0000
0.0000
1.3982
0.0000
0.0000
0.0000
0.0000
0.9344
0.0000
0.0000
0.0000
0.0000
0.0000
0.0000
0.0000
0.0000
2.0643
2.9505
0.0000
1.1572
0.0000
0.0000
0.0000
1.0981
0.0000
0.0000
0.0000
0.0000
0.0000
0.0000
0.0000
0.0000
0.0000
1.8305
2.3278
0.0000
0.0000
0.0000
0.0000
0.0000
0.0000
0.1357
0.0000
0.2424
0.0000
0.0000
0.0000
0.0000
1.0587
0.0000
0.0000
0.0000
1.3918
0.0000
0.0000
0.0000
0.0000
0.1212
0.0000
0.0000
0.0000
0.0000
0.0000
1.2833
0.0000
0.0000
0.0000
0.0000
0.0000
1.8780
0.0000
2.0342
1.3303
0.1890
2.7306
0.0000
0.0000
0.0000
0.0000
0.0000
0.0000
0.0000
1.6667
0.0000
0.3179
1.7587
0.0000
0.0853
0.0000
0.0000
0.9934
2.1812
0.0000
2.4206
0.2431
0.1458
0.0000
0.0000
0.0000
0.0000
0.0000
0.0000
0.0000
0.0000
0.5176
0.0000
0.0000
0.0000
0.0000
0.0000
0.0000
0.0000
0.0000
0.0000
0.9987
1.0252
0.0000
0.0000
0.0000
0.8466
0.0000
1.4840
0.0000
0.0000
0.0000
2.5123
0.0000
0.0000
0.0000
0.0000
0.5802
0.0000
0.0000
0.4836
0.0000
0.0000
0.0000
0.0000
0.0000
0.0000
0.0000
0.0000
1.2538
0.0000
1.6788
0.4956
0.0000
0.1953
0.0000
0.3114
0.0000
0.0000
0.8502
0.0000
0.0000
0.0000
0.0743
0.0000
0.0000
0.0000
2.1358
0.0000
0.0000
0.0000
0.0000
0.0000
0.0000
0.0000
0.4753
1.2027
0.0000
0.0000
0.0000
0.0000
1.6675
0.8285
0.0000
0.0000
0.0000
0.0000
1.3792
0.0000
0.0000
0.0000
3.0425
0.0000
0.0000
0.0000
0.0000
0.0000
0.0000
0.0000
1.2641
0.0000
0.0000
0.2339
0.0000
0.0000
1.3202
0.0000
0.0000
1.8206
0.7768
0.0000
0.0000
0.0000
0.0000
0.0000
0.0000
0.0000
0.0000
0.0000
1.2357
0.0000
0.0000
0.0000
0.0000
0.4238
1.1882
0.0078
0.0000
0.0000
0.0000
0.0000
0.0000
0.0000
0.0000
0.0000
0.0000
0.0000
0.3766
0.0000
0.0000
0.0000
0.0000
0.0000
0.0000
0.8699
0.0000
0.0000
0.0000
0.7661
0.0000
0.0000
0.0000
0.2800
0.0000
0.0000
0.4506
0.0000
0.0000
0.0000
0.3273
0.0000
1.9639
0.0000
0.0000
0.0099
0.0000
1.9675
0.3144
0.0000
0.0000
0.0000
0.0000
0.0000
0.0000
0.0000
0.0000
0.0000
0.0000
0.0000
0.1104
0.0000
0.5751
0.0000
0.4431
0.0000
0.0000
0.1076
0.0000
0.0000
0.0000
0.0000
0.0000
0.0000
0.0000
0.0000
0.0000
0.0000
0.0000
1.2245
0.0000
0.0000
3.5284
0.3884
0.0000
0.0000
0.0000
0.2848
0.0000
0.0000
0.0000
0.0000
1.3270
0.0000
0.0000
0.3356
3.2040
0.0000
0.0000
0.0000
0.0000
1.0687
0.0000
0.0000
0.7476
0.0000
0.0000
0.0000
0.0000
0.0000
0.0000
0.0000
0.0000
0.0000
1.6639
1.7135
0.0000
0.0000
0.0000
4.9039
0.0000
0.1082
0.0000
0.0000
0.0000
0.0000
2.6563
0.0000
0.0000
0.8666
0.0000
0.0000
0.0000
0.7843
0.3478
0.0000
0.0000
0.6766
0.0000
0.0000
1.3738
0.0000
0.0000
0.0000
0.0000
0.0000
0.8522
0.0000
0.2448
0.0000
0.0000
0.8503
0.0000
0.5978
2.0533
1.8384
2.2072
0.0000
0.0000
0.0000
1.6428
0.0000
0.0000
0.0000
0.0000
1.0924
0.0000
0.0000
0.0000
4.0715
0.4380
0.0000
0.0000
1.2857
0.0000
1.7489
0.0000
0.0000
0.0000
2.9051
0.0000
0.3254
0.0000
2.2448
0.0000
0.0000
0.0000
2.7190
0.0000
0.0897
0.0000
1.4197
0.3297
0.0000
0.0000
0.1122
1.2242
0.0000
0.0000
0.8797
0.0000
1.2462
0.8292
0.6185
1.8926
0.0000
0.0000
0.0000
1.1103
0.0000
0.0000
1.4525
0.0000
0.0000
0.0000
0.0000
0.7299
0.0000
0.5027
0.0000
0.0000
0.0000
0.0000
0.0000
0.0000
0.0000
0.0000
0.0000
0.0000
0.0000
3.8281
0.0000
0.9375
0.0000
1.6469
1.2329
0.6219
1.8582
0.0000
0.0000
0.1350
0.0000
0.0000
0.0000
0.0000
0.0000
0.6615
0.0000
0.0000
0.0000
0.0000
0.0000
0.0000
0.0040
0.0000
0.1145
0.0000
0.2970
0.0000
0.0000
0.0000
1.3924
0.0000
0.0000
2.2335
0.0000
0.0000
2.1866
0.0000
0.7234
0.0000
0.3142
0.0000
0.0000
1.8950
0.0000
0.0000
0.3764
0.0000
0.0000
0.0000
0.0000
0.5610
0.0000
0.5025
0.0000
0.0000
0.0000
0.0000
0.0000
0.0000
0.2882
0.2063
0.0000
0.5780
0.0000
0.0000
0.0000
0.0000
0.0000
0.0000
0.0000
0.0000
0.0000
0.0000
0.0000
0.0000
0.0000
0.0000
0.0000
0.0000
0.0000
0.0000
0.0000
0.0000
1.9359
1.7789
0.0000
0.0000
1.1162
0.0000
1.6573
0.5848
0.0000
0.0000
0.0000
0.5147
0.0000
0.0000
0.1298
0.0000
0.4215
0.0000
0.0000
0.0000
0.0000
2.5971
0.0000
0.0000
0.0000
2.4659
0.0000
0.0000
0.6908
4.4049
0.8782
0.0000
0.0000
0.0000
0.0000
0.0000
0.0190
0.5342
0.0000
0.0000
0.0000
0.0000
0.0000
1.9915
0.0000
1.5758
0.0000
0.0000
0.0000
0.0000
0.0000
0.0000
0.2522
0.0000
0.0000
2.6540
2.8201
0.0000
0.0000
0.0000
0.0000
1.7651
0.0000
0.0000
0.0000
2.9458
0.8013
0.2253
0.0000
1.3391
0.0000
0.0000
0.0000
0.0000
0.0000
0.0000
0.0000
1.3624
4.3666
0.0000
0.0000
0.0000
0.0000
0.0000
0.1709
0.0000
0.0000
0.0000
0.0000
0.0000
0.0000
0.3101
0.0000
0.0000
0.0000
0.0000
0.0000
0.0000
0.0000
1.3372
0.0000
0.0000
0.0000
1.4387
0.0000
0.0000
0.0000
2.2813
0.0000
0.0000
0.0000
0.0000
1.7626
0.0000
0.0000
0.0000
0.0000
0.0000
1.4142
0.0000
0.0000
0.0000
0.0000
0.0000
0.0000
0.0000
0.9961
2.6569
0.0000
0.4519
0.0000
0.6624
0.0000
0.0000
2.1292
0.0000
0.7204
0.0000
0.0000
0.0000
0.0000
1.4030
0.0000
0.0000
0.0000
0.0000
0.4774
0.4812
0.0000
0.0000
0.0000
1.5205
0.0000
0.0000
0.0000
0.0000
0.0000
1.6836
0.0000
0.0000
3.3225
0.0000
0.0000
0.0000
0.0000
0.0000
0.0000
0.0000
0.0000
0.0000
1.3472
0.0000
0.0000
0.0000
0.0000
0.0000
0.6947
0.0000
0.0000
0.9893
1.3665
0.0000
0.0000
0.0000
0.0000
0.0000
0.0000
0.0000
0.1468
0.4438
1.1737
0.0000
0.0000
0.0000
0.0000
0.0000
0.0000
0.0000
0.0000
0.0000
0.0000
0.0000
0.0000
0.0000
0.0000
0.0000
0.0000
0.0000
0.3643
0.0000
0.3631
0.0000
0.0000
0.0000
0.3181
0.0000
0.0000
0.5707
1.2148
0.0000
0.0000
0.0000
0.0000
2.6548
1.9021
0.0000
3.7556
0.0000
0.0000
0.0000
0.0000
0.0000
0.0000
0.0751
0.0000
0.0000
0.0000
0.6948
2.8150
1.0083
0.0000
0.0000
0.0000
0.0000
0.7144
0.7955
0.6765
1.8700
0.0000
0.0000
0.0000
0.0000
0.6856
0.5869
4.0301
0.1074
0.3142
0.0000
0.0000
0.4306
0.0000
0.1317
0.2991
0.0000
0.0000
0.0000
0.0000
0.5870
0.0000
0.0000
0.0000
0.0000
1.2962
0.5502
1.0033
0.0000
0.0000
0.0000
0.0000
1.1518
1.3910
0.0000
3.4350
0.0000
0.0000
0.0000
0.0000
0.0000
0.0000
0.0000
0.0000
0.0000
0.0000
1.0379
0.0000
0.0000
0.0000
0.0000
0.0000
0.1769
0.0000
0.0000
0.3551
0.0000
1.6064
0.0000
0.1126
0.0000
0.0000
0.0000
0.0073
0.0000
0.0000
0.0000
0.0000
0.0000
0.0000
0.3373
0.9747
0.0000
0.0000
0.0000
0.0000
0.0000
0.0000
0.0000
0.0000
0.0000
0.0000
0.0000
0.0000
2.0722
0.0000
1.1795
0.0000
0.0000
0.0000
0.0000
0.0000
0.0000
1.1136
3.8738
2.3571
0.0000
0.6300
0.0000
0.0000
0.0000
0.6042
0.0000
0.5115
0.0000
0.0000
0.0000
0.0000
0.0000
0.0000
0.4921
0.8523
0.0000
1.6376
0.0000
0.0000
0.0000
0.6156
0.0000
0.0000
1.8967
2.4697
1.2624
0.0000
1.0812
0.0000
0.0000
1.9558
1.7316
0.9803
0.0000
0.0000
0.0000
0.8788
0.0000
0.0000
1.2054
0.1072
0.0000
0.4240
0.0000
0.0000
0.0000
0.0000
0.0000
1.5950
1.6634
0.3617
0.0000
0.0000
0.0000
0.0000
0.0000
0.0000
0.0000
1.2623
0.0000
0.0000
0.0000
1.6179
0.0000
0.0000
0.0000
0.0000
1.3287
0.0000
0.0000
0.1525
0.0000
1.1081
0.0000
1.1099
0.0000
0.0000
0.0000
0.1423
0.3617
1.7440
0.0000
0.0000
0.0000
0.0000
0.0000
3.4142
0.0597
0.0000
0.0000
0.0000
0.0000
0.0000
0.0000
0.0000
0.0000
0.0000
0.7660
0.0000
0.0000
0.3721
1.0159
0.1051
0.1638
0.0000
1.9872
0.0000
0.0000
0.0000
0.0000
3.1609
0.8447
0.5179
0.0000
1.0547
0.0000
2.2536
0.0000
0.0000
0.0000
0.0000
0.0000
0.0000
0.0000
0.0000
0.0000
0.4486
0.0000
0.0000
0.2382
0.9117
1.7942
0.0000
3.1586
1.0222
0.0000
0.0000
0.0000
0.0000
0.0000
0.1996
0.0000
0.8485
0.8640
0.0000
0.0648
0.0000
0.0000
0.0000
0.0000
0.0000
0.0000
0.0000
0.2568
0.0000
0.0000
0.0000
0.4920
0.0000
0.0000
0.0000
0.0000
0.0000
0.0000
0.9801
0.0000
0.2530
0.0000
1.0469
3.4988
0.1989
1.8098
0.0000
0.0000
0.0000
1.4008
1.6318
0.8037
0.0000
0.0000
0.0000
0.0000
0.0000
0.0059
0.0000
0.5565
0.0000
3.1469
0.3271
0.0000
0.0000
0.0000
0.1794
0.0000
0.0000
0.0000
0.4537
0.0000
0.0000
0.0000
0.0000
0.0000
0.0000
0.0000
0.0000
0.0000
0.0000
0.0000
0.0000
1.0493
0.0000
0.0000
0.0000
0.0000
0.5955
2.2369
0.6116
0.0000
0.5979
0.0000
3.9296
0.0000
0.0000
0.0000
0.0000
0.1434
1.4638
0.1190
0.8329
0.0162
0.1328
0.9769
1.0550
0.0000
0.0000
0.0000
0.4072
1.1504
0.0000
0.0000
0.0000
0.0000
0.0000
0.0000
0.0000
0.0000
1.7961
0.0000
2.4754
0.0000
0.0000
0.0000
0.0000
0.0000
0.0000
0.0000
3.7042
0.6783
2.2345
2.8152
0.0000
0.0000
0.0000
0.2995
0.0000
0.7475
0.5439
1.3395
0.0000
0.0000
0.0000
1.1665
0.0637
0.0000
0.2002
0.0000
0.3779
2.0215
0.0000
0.0000
0.0000
0.0000
0.0000
0.4875
0.4908
4.7254
0.0000
0.0000
2.2596
0.0000
1.8624
0.0000
0.0000
0.0000
0.3726
0.0000
0.0000
0.0000
0.4430
0.3787
0.0000
1.9137
0.0000
0.9535
0.0000
1.0838
0.0000
0.0000
0.0000
0.0000
0.0000
0.2796
1.4152
0.0000
0.1029
1.4928
0.0000
0.0000
2.9116
0.0000
0.0000
0.0000
0.0000
0.0000
0.0000
0.0000
0.0316
0.0000
0.0000
0.0000
0.0597
0.0000
0.8892
0.0000
0.0000
0.0000
0.0000
2.3603
0.0000
3.6424
0.6892
0.3063
0.0000
0.0000
0.0000
0.0000
0.0000
0.0000
0.0000
0.0000
0.0946
0.0000
0.0000
0.0000
0.0000
0.0000
0.0000
0.0000
0.0000
0.0000
0.0000
0.1392
0.0000
0.1986
0.0000
0.0000
0.2303
0.0000
0.0000
0.0000
0.0000
1.6486
0.0000
0.0000
0.0000
0.0000
1.4128
0.1780
1.6350
0.0000
0.0000
0.0000
0.0000
0.0000
0.6324
0.0000
0.0000
0.0000
0.0000
1.4760
0.0000
0.0000
0.0000
0.4333
0.0000
0.6669
0.0000
0.0000
0.0000
0.0000
0.0000
0.0000
0.2203
0.0000
0.8296
0.0000
0.0000
0.0000
2.1904
0.0000
0.0000
0.0000
0.0000
0.0000
0.0000
1.9765
1.4618
0.0000
0.0000
0.0000
0.5865
0.0000
0.0000
0.0000
0.0000
0.0000
1.4257
0.0000
0.0000
0.0000
0.0000
2.0309
1.9388
0.0000
0.0000
0.0000
0.0000
0.3710
0.0000
3.3389
0.0000
0.0000
0.0000
0.0000
0.0000
0.0000
0.0000
0.0000
0.0000
1.1033
0.0000
0.0000
2.0984
0.0000
0.0000
0.0000
0.0000
0.0111
0.0000
0.0000
1.6241
0.0000
0.0000
1.4460
1.9195
1.9173
0.0000
1.1991
0.0000
0.0000
0.0000
0.0000
0.0000
2.9360
0.1692
0.0000
1.9278
3.0159
0.0000
0.0000
0.5176
0.4899
2.4249
1.2758
0.0000
1.7763
0.0000
0.0000
0.0000
0.0000
0.0000
0.6965
0.0000
0.0000
0.0000
0.0000
1.8942
0.0000
1.1661
0.0000
0.0000
0.0000
0.0000
1.6384
0.0000
0.0000
0.0000
1.7038
2.3068
0.0000
0.0000
0.0000
0.0000
0.0000
1.9536
1.6970
0.0000
0.0000
0.6959
0.7873
3.5122
1.5018
0.7147
0.0000
0.0000
0.0000
0.0000
3.2466
0.0000
0.0000
0.0000
0.0000
0.0000
0.0000
0.0000
0.0000
0.0000
0.3040
0.0000
0.0000
1.7583
0.0000
0.0000
0.5073
1.2505
0.0000
0.0000
0.0000
0.0000
0.0000
0.0000
1.5562
2.4767
0.4123
0.0000
0.0000
1.4215
0.0000
0.3733
0.0000
0.0000
0.0000
0.0000
0.0000
0.0000
0.0000
0.0000
0.0000
0.0000
0.0000
0.0000
1.8739
0.6414
0.0000
0.0000
0.0000
0.0000
0.0000
0.0000
0.4569
0.0000
0.0000
0.0000
0.0000
0.0000
0.0000
0.0000
0.0000
0.0000
0.0000
0.9883
0.0000
0.0000
0.0000
0.3831
0.0000
0.6512
2.0513
0.0000
0.0000
0.0000
0.3586
0.0000
0.0000
0.0000
0.0000
0.0000
0.0000
1.8140
0.0000
1.1588
0.0078
0.1312
0.2879
0.0000
0.0000
0.0000
0.0000
0.9422
0.2765
0.5021
0.0000
1.2294
0.0000
1.9696
0.0000
0.0000
0.0000
0.0000
0.0000
0.0000
0.0000
1.1011
1.1527
0.0000
1.6857
0.0000
1.2150
0.0000
0.0000
0.4114
0.0000
0.0000
0.0000
0.0000
0.0000
0.0000
0.0000
0.0000
0.0000
0.0000
0.0000
0.0000
0.0000
0.0658
0.0000
2.1019
2.6487
0.0000
0.1169
0.0000
0.9172
0.0000
0.0000
0.0000
0.0000
0.0592
1.1022
2.5246
0.0000
0.0000
0.0000
1.4442
0.0000
0.0000
0.0000
0.0000
0.0000
0.0000
0.0000
0.9577
0.0000
0.0000
0.0000
0.0000
1.7262
0.4394
0.0000
0.0000
0.0000
0.0000
0.0000
0.0000
0.0000
0.0000
2.5265
0.0000
0.0000
0.0000
0.6562
1.0268
0.0000
0.0000
0.0000
0.0000
0.0000
0.9982
0.1101
0.0000
0.0000
0.9875
0.0000
0.0000
0.0642
0.3549
0.2907
0.0000
0.7972
0.0000
0.0000
0.0000
0.0000
0.0000
2.5965
0.0000
0.0000
0.0000
0.0000
0.2868
0.0000
0.9283
0.0000
0.0000
0.0000
1.0672
1.6141
0.0000
0.0000
0.0000
0.0000
3.7173
0.0000
0.0000
0.0000
0.1854
0.0000
2.0516
0.2393
0.0000
1.7536
0.0000
0.0000
0.0000
0.0000
0.0000
0.0000
0.0000
0.4270
0.0000
0.0000
0.0000
0.0000
0.0000
0.0000
0.0000
0.4343
0.0000
0.0000
0.0000
0.0000
0.0000
0.0000
0.0000
0.0000
0.0000
0.0000
0.0000
0.0000
0.8334
0.0000
0.0000
0.7401
1.5298
1.4404
0.0000
0.0000
0.0000
0.0000
0.0000
0.0000
0.0000
0.0000
0.0000
0.0000
0.0000
0.0000
0.6720
0.0000
0.0000
0.0000
0.8954
0.0000
0.0000
0.0000
0.0000
0.0000
0.7678
0.0000
0.0000
0.1924
0.0000
0.0000
0.0000
0.9148
0.2826
0.2755
0.3664
1.9461
0.0000
0.0000
0.0000
0.2791
0.0000
0.0000
0.0000
0.0000
0.0000
0.0000
0.0000
0.0000
0.0000
1.8643
4.8959
0.0000
0.0290
0.0000
0.0000
0.0000
0.0000
0.0000
0.0000
0.0000
0.0000
0.0000
0.0000
0.0000
0.0000
0.0000
0.0000
0.0000
0.0000
0.0000
0.0000
1.4058
0.0000
0.0000
1.1194
0.8209
0.0000
1.5064
0.0000
0.0000
0.0000
0.0000
0.8758
0.9222
0.0000
0.0000
0.0000
1.9958
0.0000
0.4184
0.0000
1.7382
0.0000
0.0000
0.4007
0.0000
0.0000
0.0000
0.0000
0.0000
1.6718
0.0780
0.0000
1.6752
0.0000
1.1387
0.0000
0.0000
0.7012
0.0000
0.0000
0.9225
0.0000
0.0000
0.0000
0.0000
0.7245
1.1752
0.0000
0.0000
0.7031
0.0000
0.0000
0.0000
0.0000
0.0000
0.0000
0.0000
0.0000
0.0000
0.0000
0.0000
0.0000
0.0000
2.6674
0.0000
0.0000
2.5557
0.0000
0.0000
0.0000
0.0000
0.6614
0.0000
1.1816
0.0000
0.0000
0.0000
0.0000
0.0000
0.7922
0.0000
0.0000
0.0000
0.0000
0.0000
0.3841
0.5289
0.0000
2.3976
0.0000
0.0000
0.0000
0.0000
0.0000
0.0000
3.0018
0.0000
1.9662
0.0000
0.0000
0.0000
1.0737
0.0000
0.0000
0.0000
1.6445
0.8341
0.9170
0.0000
0.0000
0.0000
0.9286
0.0000
0.0000
3.2153
1.3059
0.0000
0.0000
0.0000
1.5619
2.2406
0.0000
0.0000
0.7918
0.0000
0.4167
0.0000
0.0000
0.0000
0.0000
0.0000
0.0000
0.0000
0.0000
0.0000
0.0354
0.0000
0.0000
0.2851
0.0000
0.0000
0.0000
0.0000
0.0000
0.0000
0.0000
0.7792
0.0000
0.5567
0.0000
0.0000
0.0000
0.8986
0.0000
1.4069
0.0000
0.0000
1.6991
0.0000
0.3967
1.2688
0.0000
0.4304
0.0000
0.0000
0.0000
0.0000
0.0000
0.9744
0.0000
0.0000
0.3796
0.0000
0.0000
0.0000
0.0000
0.0698
0.0000
0.0000
0.0000
0.0000
0.8934
0.0000
0.0000
0.0000
0.0000
0.0000
1.2485
0.0000
0.0000
0.0000
0.0000
0.0000
0.0000
0.0000
0.0000
0.0000
0.0000
0.0000
2.5304
0.0000
0.0000
0.1344
0.0000
0.0000
0.0000
0.0000
1.9413
0.0000
0.0000
0.0000
0.0000
0.0000
0.0000
0.0000
0.0000
0.0000
3.0037
0.0000
0.0000
1.6554
0.0000
2.6409
0.8383
0.0000
0.0000
0.0000
0.0000
1.4845
0.0000
0.2903
0.8082
0.0000
2.6457
0.5579
0.0000
0.1359
0.0000
2.2143
0.0000
3.1420
0.0000
0.0000
0.0000
0.0000
0.0000
1.6541
0.0000
0.0000
0.0000
0.0000
0.0000
0.0000
1.3672
0.6789
0.0000
0.0000
1.3665
0.0000
0.0000
0.0000
0.6685
1.8459
1.0879
0.0000
0.0000
0.7933
0.0000
0.0000
0.0000
2.1943
2.2828
3.9112
0.0000
2.3714
2.6671
0.1501
0.0000
0.0000
0.0000
0.0000
0.0000
0.5491
0.0000
0.0000
5.0436
0.0000
0.0000
0.0000
0.3247
1.1952
0.9651
0.0000
2.1927
0.0000
0.0000
0.0000
2.9154
2.1807
0.0000
2.2029
0.0000
0.0000
0.2881
0.0000
1.8996
0.0000
0.0000
2.6023
0.0000
0.8474
0.5080
0.0000
0.0000
4.4401
0.0000
0.0000
0.0000
0.0000
0.0000
0.1452
0.0000
0.0000
0.0000
2.1511
0.0000
0.1239
0.0000
0.0000
0.0000
0.0000
1.7324
0.0000
0.0000
0.0000
0.0000
0.0000
0.0000
0.0000
0.0000
0.0000
0.0000
0.9961
0.0000
0.0000
1.8563
0.0000
0.0000
0.0000
0.1425
1.4782
0.0000
0.3511
0.2595
0.0000
0.8301
0.0000
0.0000
0.0000
0.0000
2.1971
0.0000
2.3402
0.0000
0.0000
4.0874
0.0000
0.0000
0.4841
0.0000
0.0000
0.6113
0.0000
0.0000
0.0000
0.0000
0.0000
0.8807
0.9612
0.0000
0.0000
0.8809
2.9269
0.0000
1.5128
2.3420
0.0000
0.0000
0.4317
0.0000
0.0000
0.0000
1.7217
0.0000
0.0000
0.0000
0.0000
1.7799
0.3083
0.1888
0.0000
0.0000
0.0000
0.0000
1.2652
0.1828
0.0000
0.0000
2.8256
0.0000
0.0000
0.0000
0.0812
0.0000
1.3569
0.0000
0.0000
0.0000
1.0398
0.6993
0.0000
0.3375
0.0000
0.0000
0.0000
0.0000
1.4941
0.5802
0.4372
0.0000
1.3969
1.1877
0.0000
0.0000
0.0000
0.0000
0.0000
1.4496
3.1236
0.0000
0.0000
0.0000
0.0000
0.4672
0.0000
0.9414
3.8308
0.0000
0.0000
0.0000
0.0000
3.9953
0.0000
0.0000
0.0000
0.0000
0.0000
0.0000
0.0000
0.0000
0.0000
0.0000
0.0000
0.0000
0.0429
2.3486
0.0000
0.0000
0.0000
0.0000
0.0000
0.5958
0.0000
0.0000
0.0000
0.0000
3.3289
1.3294
0.0000
0.0000
0.5160
0.0000
0.0000
1.1744
1.7906
0.5082
0.0000
0.8556
2.7378
0.0000
0.0000
0.0000
0.0000
0.0000
0.0000
0.0000
0.3802
0.0000
0.0513
6.1145
0.5559
2.5720
0.0000
0.0000
0.0000
0.0000
0.0000
0.0000
0.0000
0.0000
0.3702
0.0000
0.0000
0.6036
0.7309
0.7777
0.0000
0.0000
0.0000
0.0000
0.1948
0.6342
0.0000
0.0000
0.0000
0.0000
1.5653
1.0312
0.0000
2.1365
0.0000
1.7430
2.6258
0.0000
0.0000
0.0000
0.0000
0.0000
0.1594
0.0000
0.5310
0.0000
0.0000
0.0000
0.0000
0.0000
0.0000
0.0000
0.0000
1.9259
0.0000
1.9740
0.0000
0.0000
0.0000
0.0000
0.0000
0.9067
0.0000
0.0000
0.0000
0.0042
1.0570
0.8725
0.0000
0.0000
1.8536
0.1783
0.0000
0.0000
1.3383
0.0000
1.7331
0.0000
0.0000
0.0000
0.0000
0.0000
1.1818
0.0000
0.0000
0.0000
0.0000
0.0000
0.0000
0.1754
0.0000
0.0000
0.0000
0.0000
0.0000
0.5050
0.0000
0.8751
0.0000
2.2464
0.8624
0.0000
2.4196
0.0000
0.4601
2.7431
1.7551
0.0000
0.0000
1.2040
0.0000
0.0000
0.0000
0.0000
0.0000
0.2526
0.0000
0.0000
0.0000
0.0000
0.4508
0.0000
2.6464
0.0000
2.7952
0.0000
0.0000
2.0045
2.0080
2.1248
0.0000
0.0000
0.0000
0.0000
0.4108
2.8600
0.0000
2.3879
0.0000
0.0000
0.5844
0.0000
0.0000
2.6251
0.0000
0.0000
3.3199
0.0000
0.1409
0.0000
0.0000
0.0000
0.0000
2.9834
0.0000
0.0000
0.0000
0.0000
0.0000
0.8854
0.3996
0.4133
1.5557
0.0000
0.1944
0.0000
0.0000
0.0000
0.0000
0.7387
0.0000
0.0000
0.0000
0.0000
0.0000
0.9039
0.2031
0.0000
0.0000
0.0000
0.0000
1.8323
0.0000
1.6686
0.0000
0.0000
1.3431
1.2785
0.0000
0.0000
0.0000
2.7503
0.0000
0.0000
1.5449
0.0000
0.0000
1.1574
0.3358
0.0000
0.0000
0.0000
0.0000
0.0000
0.0000
2.2366
0.0000
0.5887
0.6659
0.7157
2.0584
0.0000
0.0000
0.0000
0.0000
0.0000
1.2109
0.1166
0.3124
0.0000
0.0000
0.0000
0.6592
0.0000
0.0000
0.0000
0.3113
0.0000
0.0000
0.0342
0.0000
0.0000
0.2612
0.0000
0.0000
0.0000
0.3832
0.0000
0.8686
0.0000
4.4125
0.0000
0.9526
0.3022
2.3324
0.0000
0.0000
0.0000
0.0000
0.0000
0.0000
0.0000
0.0000
1.6220
0.0000
0.0000
0.0000
0.0000
0.0000
0.0000
0.0000
0.0000
0.0000
0.2282
0.0000
0.0000
0.0000
1.2057
0.0000
0.0000
0.0000
3.6375
0.0000
0.0000
0.0000
0.2222
0.0000
0.0000
0.0000
0.0000
0.0000
0.0000
0.0000
0.0000
0.2950
0.4622
0.0000
0.0000
0.0000
0.0000
0.0000
0.0000
0.0000
0.7661
0.6452
0.0000
0.0000
0.8320
0.0000
1.1994
1.0320
0.0000
0.0000
0.0000
0.0000
0.0000
0.0000
0.0000
2.0887
0.2042
0.0000
2.1618
0.0000
0.0000
0.0000
0.0000
0.0000
0.0000
0.0000
0.0000
1.4688
0.6333
0.0000
0.0000
0.0000
0.0000
0.6266
2.6654
0.0000
0.8554
0.0000
0.0000
0.0000
1.6197
0.7401
1.2517
0.0000
0.0000
0.0000
0.0000
1.1081
0.0000
3.7496
0.0577
0.0000
0.3369
0.0000
0.0000
0.0000
0.0000
0.0000
0.0000
0.0000
0.0000
0.0000
0.0000
0.0000
0.0000
0.0000
0.0000
0.0000
0.0000
0.9740
0.9726
0.0000
1.5608
0.0000
0.0000
0.0000
0.1247
0.5623
0.0000
0.0000
0.2223
0.9165
0.0000
0.0000
0.0000
0.4943
0.0000
0.0000
0.0000
0.0000
2.0530
1.4083
0.0000
0.0000
0.0000
1.1229
1.7565
0.0000
0.0000
0.0000
0.0123
0.0000
0.0000
0.0000
0.0000
0.0000
1.9535
0.0000
0.0000
0.0000
0.2399
0.0000
0.5651
0.2733
0.0000
0.0000
0.0000
0.6181
0.0000
0.0000
0.0000
0.0000
0.0000
0.0000
0.0000
1.1615
0.0000
0.5439
0.0000
0.0000
0.0000
0.0000
0.0000
0.0000
0.0000
0.0000
0.0000
0.0000
0.0000
0.0000
0.0000
0.0000
0.0000
1.3393
0.0000
2.9450
0.0000
0.0000
0.0000
0.0000
0.0000
0.0000
0.0000
0.4193
0.0000
0.0000
0.0000
0.5251
0.0000
0.3727
0.0000
0.1279
0.2796
1.4963
0.0000
0.0000
0.0000
0.0000
0.0000
1.9290
0.0000
0.0000
0.0000
0.0000
0.3005
0.2046
0.0000
0.0000
1.1359
1.2194
1.6932
0.0000
0.0000
0.0000
0.0000
0.0000
0.0000
0.0000
2.3593
0.0000
3.1343
0.0000
0.0000
0.0227
2.3059
1.0303
0.7918
0.0000
2.1433
0.6392
0.0000
0.0000
0.8513
0.0000
1.5438
1.5658
0.0000
0.0000
0.0000
0.0000
0.0000
0.5118
0.0000
1.7743
2.5193
0.0000
0.0000
0.1849
0.7307
0.8392
1.0505
0.0000
0.0000
0.0000
0.0000
0.0000
0.0000
3.1929
1.8540
0.0000
0.0000
0.1711
0.0000
0.0000
0.2639
0.7476
1.6330
0.0000
0.0000
0.0000
0.0000
0.6940
3.1515
0.0000
0.0000
0.0000
0.0000
2.8315
1.5946
0.0000
0.0000
0.0000
0.0000
0.0000
2.2590
0.0000
0.0000
1.3748
0.0000
0.0000
0.0000
0.1422
0.0000
0.0000
0.7363
0.0000
0.0000
0.0000
2.5392
1.6528
0.0000
0.4836
0.0000
0.0000
0.0000
0.0000
3.1633
0.0000
1.2147
0.0000
0.0000
1.7917
0.3912
0.0000
0.0000
0.0000
0.0000
0.0000
3.7618
0.0000
0.0000
0.0000
0.0000
0.0000
0.0000
0.0000
0.0000
0.0000
0.0000
1.3694
0.0000
0.9142
0.0000
0.0000
1.5106
5.6245
0.0000
0.0000
0.0000
0.0000
0.3189
0.0000
0.0000
0.0000
0.0000
0.9817
1.3231
0.0000
0.3067
1.4847
0.0000
0.0000
0.0000
0.0000
0.0000
2.2362
1.4749
0.0000
0.0000
0.0000
0.0000
0.0000
0.0000
0.0000
3.8776
0.0000
0.0000
0.0000
0.0000
0.0000
0.0000
0.3856
0.1806
0.0000
1.0708
0.9258
0.0000
0.0000
0.0000
0.0000
4.4140
0.0000
0.4989
1.3544
0.0000
0.0000
0.0000
0.0000
0.0000
0.0000
0.0000
2.7906
0.0000
0.0000
0.0000
0.0000
0.4142
0.0000
0.0000
0.0000
0.0000
0.0000
1.4967
2.5679
0.7820
0.7655
0.0000
0.0000
0.7391
0.0000
0.0000
0.0000
0.0000
0.0263
0.0000
0.3223
0.0000
0.0000
0.0000
1.0937
0.0000
0.0000
0.0000
0.0000
0.0000
0.0000
0.0000
0.8130
0.0000
0.0000
0.0000
3.1905
0.0000
0.0000
0.0000
0.0000
0.1669
2.5557
0.0000
0.0000
0.0000
0.0000
0.2127
0.0000
1.2058
0.9395
2.4293
0.0000
0.0000
0.0000
0.0000
1.3022
0.0000
1.2361
0.0000
0.0000
0.0000
2.6160
0.0000
0.0764
0.0000
0.0000
0.0000
0.0000
2.8321
0.0000
0.0000
0.0000
0.0000
0.0000
0.0000
0.0000
1.4506
0.9141
0.0000
0.0000
0.9674
2.1655
0.1161
0.0000
0.0000
0.6337
0.4877
0.5191
0.0000
0.0000
0.0000
0.0000
1.6971
1.0955
0.0000
0.0000
1.7193
0.3790
1.5007
0.2665
0.0000
0.0000
0.0000
0.0000
3.8176
0.0000
0.6753
0.0000
0.5010
0.0000
0.8302
1.5665
0.3417
0.0000
0.0000
0.0000
0.7430
0.0000
2.4012
0.0000
0.0000
0.0000
0.9553
1.8966
0.0000
0.0000
0.0000
1.6182
0.0000
0.5774
0.8118
0.0000
0.0000
0.0000
0.0000
0.0000
0.0000
0.0000
2.2546
0.0000
0.0000
0.0000
0.7716
0.5013
0.0000
2.0138
0.0000
0.0000
0.0000
0.0000
0.1334
0.9719
0.0000
0.0000
0.0000
1.2479
0.0000
3.9004
0.0000
0.0000
0.0000
0.0000
0.0000
1.0177
0.0000
0.0000
0.0000
0.0000
0.0000
0.0000
2.2875
0.0000
0.9836
0.0000
0.0000
0.0000
0.0000
0.0000
0.0000
1.1362
0.0000
0.0000
0.0000
0.0000
0.0000
0.0000
0.0000
0.0000
0.0000
0.1833
0.0000
0.3219
0.0000
0.0000
0.0000
2.4929
0.0000
0.0000
0.0052
0.0000
0.0000
0.0000
3.0468
0.0000
0.0000
0.0000
0.0000
0.0000
0.3447
2.6779
0.0000
0.0000
0.0000
0.0000
0.9189
0.0000
0.4298
0.0000
0.0000
0.4064
0.0000
0.0000
0.0000
0.0000
2.1438
0.0000
0.0000
0.0000
0.0000
0.0000
3.4927
0.0000
0.0000
3.9675
0.0000
0.0000
0.0000
0.0000
1.5073
0.0000
1.7320
0.9922
0.0000
0.0000
2.1507
2.9050
0.0000
0.0000
3.0322
0.0000
0.0000
0.0000
0.0000
0.8298
0.0000
0.0000
0.0000
0.0000
1.1474
0.0000
0.0000
0.5896
0.0000
0.0000
0.0000
0.0000
0.0000
0.0000
0.9357
0.0000
0.0000
0.0000
0.0000
1.3727
0.6650
0.0000
0.0000
0.0000
0.0000
0.0000
0.0000
0.0000
0.1331
0.0000
0.0000
0.0000
0.0000
0.0000
0.0000
0.0000
0.0000
0.0000
0.0000
0.0000
0.0000
0.0000
0.0000
0.0000
0.0000
0.0000
0.0000
0.0000
0.0000
0.0000
1.7744
0.0000
0.0000
0.0000
0.0000
1.6848
1.6882
0.0000
0.0000
0.0000
0.4870
2.1893
0.0000
0.0000
0.0000
1.9297
1.5619
0.0000
0.0000
0.2219
0.0000
0.0000
0.0000
0.0000
2.7500
0.0000
0.0000
0.0000
3.6670
0.0000
0.0000
0.0000
0.0000
0.0000
0.0000
2.3663
0.0000
0.0000
0.0000
0.0000
0.3319
0.0000
0.0000
0.2326
0.0000
0.0000
0.0000
0.9249
0.2347
0.0000
0.0000
0.0000
0.0000
0.0000
4.0828
0.0000
0.1843
0.0000
0.0000
1.3708
0.0000
0.7149
0.0000
2.8481
0.0000
0.0000
0.0425
0.0000
0.0000
0.0000
0.8501
0.0000
0.0000
0.1890
0.0000
0.0000
0.0000
0.0000
0.0000
0.0000
1.6523
0.0000
0.0000
0.0000
1.8388
0.0000
0.9744
0.0000
0.0000
0.0000
1.6401
0.0000
0.0000
1.1228
2.9038
0.0000
0.0000
0.0265
0.4661
5.9592
0.0000
1.5719
0.0000
1.1544
0.0000
0.0000
0.0000
0.0000
0.0000
0.0000
0.0000
0.0000
1.9303
1.2909
3.1676
1.1094
0.0000
1.5795
0.0000
0.0000
0.0000
0.0000
0.0000
2.6858
0.2110
0.0000
1.8753
0.0000
0.0000
0.0000
1.6996
1.1147
0.0000
0.0000
0.0000
0.0000
0.0000
0.0000
3.3387
0.0000
0.0000
0.8645
1.2714
1.5088
0.5298
1.4274
0.2034
0.5158
0.0000
0.0000
0.0394
1.7129
0.0000
0.0000
0.0000
1.2009
0.7889
0.7353
0.0000
0.0000
0.0000
0.0000
0.9261
1.7668
1.7167
0.0000
0.0000
0.4743
4.5392
0.0000
1.1387
0.0000
0.0000
0.0000
0.0000
1.0920
0.0000
0.0000
0.3872
0.0000
1.5504
0.0000
0.0000
0.9156
0.0000
0.2942
0.4118
0.1322
1.1119
0.6196
0.0000
2.6989
2.1012
1.1070
0.0000
0.0000
0.0000
0.0000
0.0000
0.0000
0.0000
1.1002
1.6773
0.0000
0.0000
0.0000
0.0000
0.0000
2.5485
1.3646
0.2199
0.0000
0.1916
0.0000
0.0000
0.0000
0.0000
2.0225
0.0000
1.1021
0.0000
0.0000
2.7856
2.3246
0.0000
0.0000
0.8782
2.7265
0.0000
0.0000
0.0000
0.0000
0.0000
0.0000
0.0000
0.0000
0.0000
0.0000
0.0000
0.0000
0.0000
0.0000
0.0000
0.0000
0.0000
0.0000
0.0000
0.0000
0.0000
1.2499
0.0000
1.7140
0.6825
0.0000
1.5311
0.1178
0.0000
0.0000
0.0000
0.0000
0.0000
1.6044
0.1905
0.0000
5.5718
1.0447
0.0000
3.2448
0.1731
0.0000
1.1812
0.0000
2.4509
1.2867
0.0000
0.0000
0.0000
0.0000
0.0000
0.0000
0.3861
1.2587
0.0000
0.0000
0.0000
0.0000
0.0000
0.0000
2.4020
0.0000
0.2257
0.0000
0.0000
0.0000
0.0000
