0.1621
0.0000
0.0000
0.0000
0.7119
0.0000
0.0000
0.0000
0.0000
1.8334
0.2913
0.0000
1.2077
0.0000
0.0000
0.0000
0.0000
0.0000
0.0000
0.0000
0.0000
0.0000
2.9492
0.9376
2.0219
2.8917
0.0000
0.9170
0.0000
0.0000
0.0000
0.0000
0.5645
0.0000
2.2709
0.0000
0.0000
0.0000
2.0699
0.1714
0.0000
0.0000
0.0000
0.0000
0.0000
0.1037
0.0000
0.0000
0.0000
1.2214
0.0000
0.0000
0.0000
0.0000
0.0000
0.0000
0.0000
0.0000
0.0000
0.0000
0.0000
3.1258
0.0000
0.1116
0.0000
0.0000
0.0000
0.0000
0.0000
0.0000
0.0218
2.5577
0.0000
0.0000
0.0000
2.1539
0.0000
0.0000
0.0000
0.0000
0.1041
0.0000
0.2539
0.0000
0.0000
1.0093
0.4190
1.6588
0.0000
0.0000
0.5410
0.0000
2.3113
2.3207
0.0000
0.0000
0.0000
0.0000
2.6213
0.0000
0.0089
0.0000
0.0000
0.0000
0.6289
0.0000
0.0000
0.0000
1.8236
4.3153
0.0000
0.0000
0.3773
0.0000
0.0000
0.0000
1.2747
0.0000
0.0000
0.0000
1.6658
0.0000
1.8930
0.3675
0.0000
0.0000
1.7406
0.4065
0.0000
0.0000
0.0000
0.0000
0.0000
0.0000
1.8757
0.0000
0.9804
1.0384
0.0000
2.4006
3.3294
0.0000
0.4840
0.1273
2.0644
0.0000
0.0000
0.0000
0.0000
0.0000
0.0000
0.5016
0.0000
0.0000
0.0000
0.0000
0.0000
0.0000
0.0000
0.0000
0.5789
0.0000
1.3097
0.0000
0.0000
0.5844
1.0326
0.0000
0.0000
0.6047
0.0000
0.0000
0.0000
0.0000
0.0000
0.0000
0.0000
0.0000
0.0000
5.2079
1.1756
2.2640
0.0000
0.0000
0.0000
0.0000
0.5363
0.0000
1.3231
1.2596
0.0000
0.0000
0.0000
0.0830
0.0000
0.0000
0.0000
0.0000
3.2047
0.9364
0.0000
0.0000
0.0000
0.0000
0.0000
0.0000
0.0000
0.0000
0.0000
0.0000
0.0000
0.0000
0.0000
0.6080
0.0000
0.0000
0.0000
0.0000
0.0000
0.0000
0.0000
0.0000
0.0000
0.0000
0.8061
0.0000
0.0000
0.2298
0.0000
0.0000
0.0000
0.6303
0.0000
0.0000
1.2595
0.0000
0.8408
0.0000
2.9593
0.0000
0.0000
0.0000
2.0733
0.0000
0.0000
0.0000
0.0000
0.0000
0.0000
0.0000
0.0000
0.0000
0.0000
0.0000
0.0000
0.0178
0.0000
0.0000
0.1919
0.0000
0.0000
0.0000
0.0000
0.0000
0.0000
0.0000
0.0000
0.0000
0.0000
0.0000
1.7078
0.0000
0.0000
2.1184
0.0000
0.0000
0.0000
1.1663
0.0000
0.0000
1.7298
0.0000
0.0000
0.5469
0.0000
1.0055
0.0000
0.0000
0.0000
0.0000
0.0000
0.0000
0.0000
0.0000
2.8317
0.0000
0.0000
0.0000
0.0000
1.2723
0.0000
0.0000
0.0000
0.0000
1.0468
0.0000
0.5810
0.0000
0.0000
0.0000
0.0000
0.4891
0.0000
0.0000
1.9531
0.0000
0.0000
0.0000
0.6572
1.0098
0.0000
1.4909
0.0000
0.4150
0.0000
3.2845
0.4179
1.9144
0.0000
2.6607
0.0000
0.0000
0.0000
0.0000
0.0000
2.3827
1.5354
0.0000
0.0000
1.8258
0.0000
0.0000
0.0000
0.0000
0.0000
4.4748
0.0000
0.0000
0.0000
0.0000
0.0000
2.0823
0.9374
0.0000
2.1746
1.2236
0.0000
0.0000
1.7092
0.0000
0.0000
0.0000
0.0000
0.0000
0.0000
1.8395
0.0000
0.0000
0.0000
0.0000
0.0000
2.0322
0.0000
0.0000
0.0000
0.0000
0.0000
1.0526
0.0000
0.0000
3.8032
0.0000
0.0000
0.0000
0.0000
0.0000
2.0577
0.0000
0.0000
0.0000
3.0222
0.0000
0.0000
0.0000
0.0000
0.3179
0.0000
0.0000
0.0000
0.0000
0.0000
2.5977
0.0000
0.0000
0.0000
0.0000
0.0000
0.0000
2.4429
0.0000
0.0000
0.0000
0.0000
1.3384
0.0000
0.2930
0.0000
0.0000
0.0000
0.0000
0.0000
0.0000
0.5332
0.0000
0.0000
0.0000
0.0000
0.0000
0.0000
0.7839
0.0000
0.0000
0.0000
0.0000
0.0000
0.0000
0.0000
0.0000
1.4314
0.0000
0.4892
0.0000
0.0000
0.0000
2.3544
0.6514
0.1115
0.0000
3.2246
1.1739
0.8007
0.0000
0.0000
1.0923
0.0000
0.2621
0.0000
0.0000
0.0000
0.0000
0.0560
0.0000
0.4979
0.0000
0.0000
0.0000
0.0000
0.0000
0.0000
0.0000
0.0000
1.3064
0.0000
0.0000
0.0000
2.2121
1.5719
0.0000
0.0000
0.0000
0.3485
0.0000
0.1145
0.8415
0.0000
0.0619
0.0000
0.0000
0.0000
0.8528
0.0000
0.0000
0.0000
0.0000
0.4642
0.1483
0.0000
0.0000
0.5682
0.0000
0.0000
0.0000
1.3826
0.0000
0.3180
1.1777
0.0000
0.0000
0.0000
1.0946
0.4261
3.3158
0.0000
0.0013
0.0000
0.0000
0.0000
0.0000
2.7787
0.0000
1.4043
2.6785
0.0000
1.4731
1.3478
0.0000
0.2197
0.0000
0.0000
0.0000
1.3259
0.0000
0.0000
0.0000
1.3071
2.5611
0.0000
0.0000
0.4633
0.0000
0.0000
0.0000
0.0000
0.0000
0.0000
0.0000
0.0000
0.0000
0.0000
0.0000
0.0000
0.0000
0.0000
0.0000
0.0000
0.0000
0.0000
0.0000
0.0000
0.0000
0.0000
0.0000
0.0000
0.0000
0.0000
0.0000
0.0000
0.0000
0.0000
0.0000
0.0000
0.0000
0.0000
0.0000
0.0000
0.0000
0.0000
0.0000
0.0000
0.0000
0.0000
0.0000
0.0000
0.0000
0.0000
0.0000
0.0000
1.9533
2.2600
0.0000
0.5406
0.0000
0.0000
0.0000
0.0000
0.0000
0.0000
0.0000
2.4741
0.3824
0.0000
1.9538
0.0000
0.0000
0.0000
0.0000
0.4005
0.0000
0.0000
1.2852
0.0000
0.0000
0.0000
2.5006
0.0000
0.3297
0.7774
0.0000
0.0000
0.0000
1.6035
0.0000
0.0000
0.0139
0.0000
1.4788
0.0000
0.0000
0.0000
0.0000
0.0000
0.0000
0.0000
0.0000
2.2805
2.1538
0.0000
1.5994
0.0000
0.0000
0.0000
0.0000
0.0000
0.0000
0.0000
0.0000
0.0000
0.7675
0.0000
0.0000
0.0000
2.5732
1.9420
0.0000
0.0000
0.0000
0.0000
0.0000
0.0000
0.2716
0.0000
0.8170
0.0000
0.0000
0.0000
0.0000
0.0982
0.0000
0.0000
0.0000
0.6952
0.0000
0.0000
0.0000
0.0000
0.3072
0.0977
0.0000
0.0000
0.0000
0.0000
0.7059
0.0000
0.0000
0.0000
0.0018
0.0000
1.2903
0.0000
2.0512
1.2489
0.0000
3.1390
0.0000
0.0000
0.0000
0.0000
0.0000
0.0000
0.0000
2.5950
0.0000
0.0000
1.2838
0.3811
0.0000
0.0000
0.0000
1.6308
0.9317
0.0000
4.1412
1.1566
0.3660
0.0000
0.0000
0.0000
0.0000
0.0000
0.0000
0.0000
0.0000
0.8966
0.0000
0.1671
0.0000
0.0800
0.0000
1.0523
0.3080
0.0000
0.0000
0.9726
1.0592
0.0000
0.0000
0.0000
0.0000
0.0000
0.1958
0.0000
0.0000
0.0000
2.8687
0.0000
0.0000
0.9721
0.3436
1.0997
0.0000
0.0000
0.1021
0.0000
0.0000
0.0000
0.0000
0.0000
0.0000
0.0000
0.0000
1.6348
0.0000
1.4074
0.0000
0.0000
0.0180
0.0000
0.0000
0.0000
0.0000
0.2314
0.0000
0.0000
0.0000
0.0000
0.0000
0.0000
0.0000
1.5594
0.2059
0.0138
0.0000
0.0000
0.0000
0.0000
0.0000
0.1402
0.0000
0.0000
0.0000
0.0000
0.0000
1.3019
2.2766
0.0000
0.0000
0.0000
0.0000
0.5694
0.0000
0.0000
0.0000
2.5011
0.0000
0.5299
0.0000
0.0000
0.0000
0.0000
0.0000
0.6121
0.0000
0.0000
0.0064
0.0000
0.0000
0.9368
0.0000
0.0000
1.4315
1.2604
0.0000
0.0000
0.0000
0.0000
0.0000
0.0000
0.0000
0.0000
0.0000
0.9331
0.0000
0.0000
0.0000
0.0000
0.0000
0.8685
1.1377
0.0000
0.0000
0.0661
0.0000
0.0000
0.0000
0.0000
0.0000
0.0000
0.0000
0.6812
0.0000
0.0000
0.0000
0.0000
0.0000
0.0000
1.0149
0.0000
0.0000
0.0000
0.0000
0.0000
0.0000
0.0000
1.0994
0.0000
0.0000
0.6158
0.0000
0.0000
0.0000
0.0000
0.0000
1.1956
0.0000
0.0000
0.5734
0.0000
1.4160
0.4313
0.0000
0.0000
0.0000
0.0000
0.0000
0.0000
0.0000
0.0000
0.0000
0.0000
0.0000
0.4461
0.0000
0.0000
0.0000
0.0000
0.0000
0.0000
0.3361
0.0000
0.0000
0.0000
0.0000
0.0000
0.0000
0.0000
0.0000
0.0000
0.0000
0.0000
1.2777
0.0000
0.0000
4.0655
0.0000
0.0000
0.0000
0.0000
0.3116
0.0000
0.0000
0.0000
0.0000
1.8039
0.0000
0.0000
1.5561
3.9949
0.0000
0.0000
0.0000
0.0000
1.0302
0.0000
0.4639
0.0100
0.0000
0.0000
0.0000
0.0000
0.0000
0.0000
0.0000
0.0000
0.0000
1.3313
0.9572
0.0000
0.0000
0.0000
5.8137
0.0000
0.0000
0.0000
0.0000
0.0000
0.0000
2.3004
0.0000
0.0000
1.6176
0.0000
0.3196
0.0551
0.7583
0.5305
0.0000
0.0000
2.1304
0.0000
0.0000
0.5923
0.0000
0.0000
0.0000
0.0000
0.0000
1.0993
0.0000
1.1051
0.0000
0.0000
0.2933
0.0000
0.3646
1.1326
1.9093
1.2877
0.0000
0.0000
0.0000
1.5573
0.0000
0.0000
0.0000
0.0000
1.8980
0.0000
0.0000
0.0000
4.3653
0.0958
0.0000
0.0000
0.1185
0.0000
0.8210
0.0000
0.0000
0.0000
3.7344
0.0000
0.5226
0.0000
4.1374
0.0000
0.0000
0.9077
3.1360
0.0000
0.1716
0.0000
1.1039
0.4678
0.0000
0.0000
0.4200
1.6410
0.0000
0.0000
0.6878
0.0297
1.3032
1.0758
0.0000
1.9106
0.0000
0.0000
0.0000
0.1137
0.0000
0.0000
1.5970
0.0000
0.0000
0.0000
0.0000
0.6182
0.0000
0.4781
0.0000
0.0000
0.0000
0.0000
0.0000
0.0000
0.0000
0.0000
0.0000
0.0000
0.0000
1.4747
0.0000
1.2984
0.0000
0.9057
1.7457
0.0857
0.0000
0.0000
0.0000
0.6404
0.0000
0.0000
0.0000
0.0000
0.0000
1.0792
0.0000
0.0000
0.0000
0.0000
0.0000
0.0000
0.0656
0.0000
0.3144
0.0000
0.6618
0.0000
0.0000
0.0000
2.0738
0.0000
0.0000
1.7460
0.0000
0.0000
1.5145
0.0000
0.4218
0.0000
0.0000
0.0000
0.0758
1.2822
0.0000
0.0000
0.4950
0.0000
0.3397
0.0000
0.1589
0.7979
0.0000
0.0000
0.0000
0.0000
0.0000
0.0000
0.0000
0.0000
0.3938
0.0000
0.0000
0.0000
0.0000
1.2312
0.0000
0.0000
0.0000
0.0000
0.0000
0.0000
0.0000
0.0000
0.0000
0.0000
0.0000
0.0000
0.0000
0.0000
0.0000
0.0000
0.0000
0.0000
0.6873
2.7607
0.0000
0.0000
0.4573
0.0000
0.9688
0.1202
0.0000
0.0000
0.0000
0.0000
0.0000
0.0000
0.0000
0.0000
0.0637
0.0000
0.0000
0.0000
0.0000
2.3914
0.0000
0.0000
0.0000
3.0322
0.0000
0.0000
1.4146
4.1742
2.7945
0.0000
0.0000
0.0000
0.0000
0.0000
0.0000
0.0000
0.0000
0.0000
0.0000
0.0000
0.0000
1.7909
0.0000
2.3966
0.0000
0.0000
0.0000
0.2041
0.0000
0.0000
0.0000
0.0000
0.0000
2.7716
3.0838
0.0000
0.0000
0.0000
0.0000
1.6571
0.0000
0.0000
0.0000
2.3944
0.3630
0.0000
0.0000
2.1609
0.0000
0.0000
0.0000
0.0000
0.0000
0.0000
0.0000
0.4273
3.5231
0.0000
0.0000
0.0000
0.0000
0.0000
0.0000
0.0000
0.0000
0.0000
0.0000
0.0000
0.0000
0.3638
0.0000
0.0000
0.0000
0.0000
0.0000
0.0000
0.0000
1.3744
0.2863
0.0000
0.0000
2.3303
0.0000
0.0000
0.0000
3.7501
0.0000
0.0000
0.0000
0.0000
1.7940
0.0000
0.0000
0.0000
0.0000
0.0000
0.0916
0.0000
0.0000
0.0000
0.0000
0.0000
0.0000
0.0000
0.6810
3.0157
0.0000
0.6596
0.0000
0.0000
0.0000
0.0000
2.2869
0.0000
0.8850
0.0000
0.0000
0.0000
0.0000
1.3041
0.0000
0.0000
0.0000
0.0000
0.9259
0.9247
0.0000
0.0000
0.0000
1.6788
0.0000
0.0000
0.0000
0.2794
0.0000
2.1872
0.0000
0.0000
1.8461
0.0000
0.0000
0.0000
0.0000
0.0000
0.0000
0.0000
0.0000
0.0000
0.0000
0.0000
0.0000
0.0000
0.0000
0.0000
0.0000
0.0000
0.0000
0.5456
1.1019
0.0000
0.0000
0.0000
0.0000
0.0000
0.0000
0.0000
0.2691
0.0286
2.0612
0.0000
0.0000
0.0000
0.0000
0.0000
0.0000
0.0000
0.0000
0.0000
0.0000
0.0000
0.0000
0.0000
0.0000
0.0000
0.0000
0.0000
0.0000
0.0000
0.7201
0.0000
1.3248
0.0000
0.1283
0.0000
0.0000
0.7434
0.3050
0.0000
0.0000
0.0000
0.0000
2.3380
2.4104
0.0000
2.8709
0.0000
0.0000
0.0000
0.0000
0.0000
0.0000
0.5269
0.0000
0.0000
0.0000
0.9048
2.4629
1.1029
0.0000
0.0000
0.0000
0.0000
0.2460
0.0000
0.2605
1.7991
0.0000
0.0000
1.8494
0.0000
1.5440
0.9055
4.4106
0.0000
0.5639
0.0000
0.0000
0.0000
0.0000
0.0000
0.9849
0.0000
0.0000
0.0000
0.0000
0.3549
0.0000
0.0000
0.0000
0.0000
1.0264
0.1965
0.0000
0.0000
0.3017
0.0000
0.0000
1.1043
2.2815
0.0000
2.3457
0.0000
0.0000
0.0000
0.2534
0.0000
0.0000
0.0000
0.0000
0.0000
0.0000
0.7622
0.0000
0.0000
0.0000
0.0000
0.0000
0.0000
0.0000
0.0000
1.2627
0.0000
1.7247
0.0000
0.0000
0.0000
0.0000
0.0000
0.0000
0.0000
0.0000
0.0000
0.0000
0.0000
0.0000
0.5580
1.3895
0.0000
0.0000
0.0000
0.0000
0.0000
0.0000
0.0000
0.0000
0.0000
0.0000
0.0000
0.0000
2.3012
0.0000
0.6594
0.0000
0.0000
0.0000
0.0000
0.0000
0.0000
1.6410
2.0526
1.6343
0.0000
0.9749
0.0000
0.0000
0.0000
0.4637
0.0000
0.0000
0.0000
0.0000
0.0000
0.0000
0.0000
0.0000
1.1730
1.1688
0.0000
0.0000
0.0000
0.0000
0.0000
1.5213
0.0000
0.0000
1.8925
1.3596
2.0892
0.0000
1.1898
0.0000
0.0000
2.5294
2.3193
0.9342
0.0000
0.0000
0.0000
0.8159
0.0000
0.0000
1.3382
0.3196
0.0000
0.0000
0.0000
0.0000
0.0000
0.0000
0.0000
1.4304
1.8924
0.6018
0.0000
0.0000
0.0000
0.0000
0.0000
0.0000
0.0000
0.4423
0.0000
0.0000
0.0000
1.2143
0.0000
0.0000
0.0000
0.0000
1.6959
0.0000
0.0000
0.0000
0.5038
0.6489
0.0000
1.0813
0.0000
0.0000
0.0000
0.4250
0.0307
2.0064
0.0000
0.0000
0.0000
0.0000
0.0000
3.0569
0.6286
0.0000
0.0000
0.0000
0.0000
0.0000
0.0000
0.0000
0.8030
0.0000
0.2500
0.0000
0.0000
0.1610
1.7774
0.2099
0.1174
0.0000
2.4875
0.0000
0.0000
0.0000
0.0000
4.2478
0.8197
0.0000
0.0000
2.5554
0.0000
1.4738
0.0000
0.0000
0.0000
0.0000
0.0000
0.0000
0.0000
0.0000
0.0000
0.4607
0.0000
0.3380
0.0000
2.0094
1.9212
0.0000
3.9451
0.6546
0.0000
0.0000
0.0000
0.0000
0.0000
0.0000
0.0000
0.9194
1.5594
0.0000
0.6415
0.0000
1.6208
0.0000
0.0000
0.0000
0.0000
0.0000
0.0000
0.0000
0.0000
0.0000
0.6635
0.0000
0.0000
0.0000
0.1107
0.0000
0.0000
0.0000
0.0999
0.0000
0.0000
0.8925
2.1532
0.0000
1.9607
0.0000
0.0000
0.0000
0.0368
1.1058
1.4370
0.0000
0.0000
0.0000
0.0000
0.0000
0.0000
0.0000
1.5138
0.0000
3.0977
0.0000
0.0000
0.0208
0.0000
0.2667
0.0000
0.0000
0.0000
0.6836
0.0000
0.0000
0.0000
0.0000
0.0000
0.0000
0.0000
0.0000
0.0000
0.0000
0.0000
0.0000
0.6789
0.0000
0.0000
0.0000
0.0000
0.0000
0.4385
0.7555
0.0000
0.3081
0.0000
2.0947
0.0000
0.0000
0.0000
0.0000
0.0000
0.5544
0.0798
1.2893
0.0000
0.0000
1.1844
1.1090
0.0000
0.0000
0.2746
0.0000
0.0000
0.0000
0.0000
0.0000
0.0000
0.0000
0.0000
0.0000
0.0000
2.2259
0.0000
3.8429
0.0000
0.0000
0.0000
0.0000
0.0000
0.0000
0.0000
3.3453
0.4840
2.5497
2.5901
0.0000
0.0000
0.2084
1.8514
0.0000
0.7386
1.5278
0.3829
0.0000
0.0000
0.8551
0.0639
0.0000
0.0000
0.5320
0.0000
0.0000
1.5917
0.0000
0.0000
0.0000
0.0000
0.0000
0.0385
0.7627
4.2218
0.0000
0.0000
4.1490
0.0000
1.2592
0.0000
0.0000
0.0000
0.0000
0.0000
0.0000
0.0000
0.0000
0.0000
0.0000
2.2850
0.0000
0.8104
0.0000
0.4297
0.0000
0.0000
0.0000
0.0000
0.0000
0.3911
2.3745
0.0000
0.0000
0.8138
0.0000
0.1186
2.7933
0.0000
0.0000
0.6954
0.0000
0.0000
0.0000
0.0000
0.0000
0.6854
0.0000
0.0000
0.1359
0.0000
1.5055
0.0000
0.0000
0.0000
0.0000
1.9750
0.0000
3.8426
0.8767
0.2043
0.0000
0.0000
0.0000
0.0000
0.0000
0.0000
0.0000
0.0000
0.3595
0.0000
0.0000
0.0000
0.0000
0.0210
0.0000
0.0000
0.0000
0.0000
0.0000
1.5037
0.0000
1.2914
0.0000
0.0000
1.3148
0.0000
0.0000
0.0000
0.0000
1.4567
0.0000
0.0886
0.0000
0.0000
0.8600
0.0000
0.9028
0.0000
0.0000
0.0000
0.0000
0.0000
0.8326
0.0000
0.0000
0.0000
0.0000
1.7368
0.0000
0.2354
0.0000
0.0000
0.0000
0.0000
0.0000
0.0000
0.0000
0.1125
0.0000
0.0000
0.0000
0.0000
2.5943
0.0000
0.0000
0.0000
2.1575
0.0000
0.0000
0.0000
0.0000
0.0101
0.0000
2.1015
1.6802
0.0000
0.0000
0.0000
0.7864
0.0000
0.0647
0.0000
0.0000
0.0000
0.8529
0.0000
0.0000
0.0000
0.0000
1.6846
2.9663
0.0000
2.0678
0.0000
0.0000
1.0239
0.0000
4.5476
0.0000
0.3561
0.0000
0.0000
0.0000
0.0000
0.0000
0.0000
0.0000
0.7002
0.0000
0.0000
0.8137
0.0000
0.0000
0.0000
0.0000
0.0000
0.0000
0.0000
1.6064
0.0000
0.0000
0.4271
1.4240
2.0132
0.0000
1.2575
0.0000
0.0000
0.0000
0.0000
0.0000
2.3075
0.0000
0.0000
3.2994
3.8261
0.0000
0.0000
1.6400
0.6478
1.2027
0.8007
0.4036
1.7432
0.0000
0.0000
0.0000
0.0000
0.0000
0.0000
0.0000
0.0000
0.0000
0.0000
0.5373
0.0000
0.4743
0.0000
0.0000
0.0000
0.0000
1.2595
0.0000
0.0000
0.0000
1.3981
0.8819
0.0000
0.0000
0.0000
0.0000
0.0000
1.6579
2.2822
0.0000
0.0000
0.0088
0.9234
3.6275
1.7723
0.7071
0.0000
0.0000
0.0000
0.0000
3.0733
0.0000
0.0000
0.0000
0.0000
0.0000
0.0000
0.0000
0.0000
0.0000
0.0000
0.0000
0.0000
1.8915
0.0000
0.0000
0.5973
0.9869
0.0000
0.0000
0.0000
0.0000
0.0000
0.0000
0.6735
1.5942
0.1249
0.0000
0.0000
1.0014
0.0000
0.5094
0.0000
0.0000
0.0000
0.0000
0.0000
0.0000
0.0000
0.0000
0.0000
0.0000
0.0000
0.0000
3.1037
0.4495
0.0000
0.0000
0.0000
0.0000
0.0000
0.0000
0.0000
0.0000
0.0000
0.0000
0.0000
0.0000
0.0000
0.0000
0.0000
0.0000
0.0000
1.0110
0.0000
0.0000
0.0000
0.1615
0.0000
1.1632
2.1733
0.0000
0.0000
0.0000
0.0000
0.9147
0.0000
0.0000
0.0000
0.0000
0.2077
1.2472
0.0000
1.1640
0.0000
0.0000
0.0000
0.0000
0.0000
0.0000
0.0000
0.6423
0.0000
0.0000
0.0000
1.9278
0.0000
3.1735
0.0000
0.1804
0.0000
0.0000
0.0000
0.9028
0.0000
0.6791
1.8642
0.0000
1.8259
0.0000
0.0000
0.0000
0.9638
1.1835
0.0000
0.0000
0.0000
0.0000
0.0000
0.0000
0.0000
0.0000
0.0000
0.0000
0.0000
0.0000
0.0000
1.4678
0.0000
2.2900
3.4116
0.0000
0.0000
0.0000
1.8906
0.0000
0.0000
0.0000
0.0000
0.7201
1.1240
2.6327
0.0000
0.0000
0.0000
0.5379
0.0000
0.0000
0.0000
0.0000
0.0000
0.0000
0.0000
0.1743
0.0000
0.0000
0.0000
0.0000
1.0056
1.3065
0.0000
0.0000
0.0000
0.0000
0.6125
0.0000
0.0000
0.0000
1.4084
0.0000
0.0000
0.0000
0.8621
0.5394
0.0000
0.0000
0.0000
0.0000
0.0000
0.0000
0.1900
0.0000
0.0000
0.0000
0.0000
0.0000
0.0000
0.0000
0.7495
0.0000
0.4367
0.0000
0.2217
0.0000
0.0000
0.0000
3.2537
0.0000
0.0000
0.0000
0.0000
0.0000
0.0000
2.3012
0.0000
0.0000
0.0000
2.2808
1.9010
0.0000
0.0000
0.0000
0.0000
2.9829
0.0000
0.0000
0.0000
0.0401
0.0000
2.0416
0.0000
0.0000
1.0692
0.0000
0.0000
0.0000
0.0000
0.0000
0.0000
0.0000
0.0000
0.0000
0.0000
0.0000
0.0000
0.0000
0.0000
0.0000
0.0000
0.0000
0.0000
0.0000
1.1408
0.0000
0.0000
0.0000
0.0000
0.0000
0.4575
0.0000
0.0000
2.0156
0.0000
0.0000
0.9327
0.0000
1.8580
0.0000
0.0000
0.0000
0.0000
0.0000
0.0000
0.0000
0.0000
0.0000
0.0000
0.4641
0.0000
0.7632
0.0000
0.0000
0.0000
1.3309
0.2210
0.0000
0.0000
0.0000
0.0000
0.0000
0.0000
0.0000
0.0000
0.0000
0.0000
0.0000
1.3771
0.0000
0.2883
1.1546
2.8345
0.0000
0.0000
0.5632
1.0727
0.0000
0.0000
0.0000
0.5182
0.0000
0.0000
0.0000
0.0000
0.0000
2.2400
5.4607
0.0000
0.5157
0.2906
0.0000
0.5067
0.0000
0.0000
0.0000
0.0000
0.0000
0.0000
0.0000
0.0000
0.0000
0.0000
0.0000
0.0000
0.0000
0.0000
0.0000
0.6064
0.0000
0.0000
1.1502
0.6440
0.0000
2.3199
0.0000
0.0000
0.0000
0.0000
0.0000
1.2017
0.0897
0.0000
0.0000
3.4008
0.0000
0.0636
0.0000
1.6220
0.0000
0.0000
0.1421
0.0000
0.0000
0.0000
0.0000
0.0000
1.2864
0.0733
0.0000
2.6443
0.0000
1.2961
0.0000
0.0000
0.1515
0.0000
0.0000
0.2700
0.0000
0.0000
0.0000
0.0000
0.0000
1.7789
0.0000
0.0982
0.8158
0.1818
0.0000
0.0000
0.0000
0.0000
0.6290
0.0000
0.0000
0.0000
0.0000
0.0000
0.0000
0.0000
2.5399
0.0000
0.0000
2.4509
0.0000
0.0000
0.0000
0.0000
0.0000
0.0000
0.5302
0.0000
0.0000
0.0000
0.0000
0.0000
0.0000
0.0000
0.0000
0.0000
0.0000
0.0000
0.0301
0.1123
0.0000
1.8465
0.0000
0.0000
0.0000
0.0000
0.0000
0.0000
2.7309
0.0000
2.8905
0.0000
0.0000
0.0000
0.8348
0.2090
0.0000
0.0000
0.7010
0.2368
0.0000
0.0000
0.0000
0.0000
0.8112
0.0000
0.0000
3.4521
1.7223
0.0000
0.0000
0.0000
3.4905
1.6387
0.0000
0.0000
1.1501
0.0000
0.0000
0.0000
0.0000
0.0000
0.0000
0.0000
0.0000
0.0000
0.0000
0.0000
0.0000
0.0000
0.0000
1.2020
0.0000
0.8913
0.0000
0.0000
0.0000
0.0000
0.0000
0.0000
0.0000
0.7076
0.0000
0.0000
0.0000
0.6684
0.0000
1.2689
0.0000
0.0000
1.3139
0.0000
1.6056
1.0387
0.0000
0.0000
0.0000
0.0000
0.0000
0.0000
0.0000
0.3867
0.0000
0.0000
0.7764
0.0000
0.0000
0.0000
0.0000
0.3294
0.0000
0.0000
0.0000
0.0000
0.1877
0.0000
0.0000
0.0000
0.0000
0.0000
1.2694
0.0000
1.1558
0.0000
0.0000
0.0000
0.0000
0.0000
0.0000
0.0000
0.0000
0.0000
3.3851
0.0000
0.0000
0.0000
0.0000
0.0000
0.0000
0.0000
1.9078
0.0000
0.0000
0.0000
0.0000
0.0000
0.5789
0.0000
0.0000
0.0000
2.9595
0.0000
0.0000
1.4703
0.0000
1.6353
0.5953
0.0000
0.8768
0.0000
0.0000
1.7478
0.4829
0.8162
1.5126
0.0000
4.8789
0.6306
0.0000
0.0000
0.0000
1.2083
0.0000
2.9701
0.0000
0.0000
0.0000
0.0000
0.0000
1.0487
0.0000
0.0000
0.0000
0.0000
0.0000
0.0000
0.3842
0.8841
0.0000
0.0000
1.0241
0.0000
0.0000
0.0000
0.0000
1.0924
0.4572
0.0000
0.0000
0.0620
0.0000
0.0000
0.0000
2.5755
1.4959
3.9222
0.0000
1.5296
2.1398
1.8401
0.0000
0.0000
0.0000
0.0000
0.0000
1.2974
0.0000
0.0000
5.3256
0.0000
0.0000
0.0000
0.7561
0.6361
1.2098
0.0000
2.6146
0.0000
0.0000
0.0000
1.9768
2.5695
0.0000
1.7693
0.0000
0.0000
0.2011
0.0000
2.4703
0.0000
0.0000
2.9717
0.0000
0.8217
0.0000
0.0000
0.0000
2.7248
0.0000
0.0000
0.0000
0.0000
0.0000
0.6799
0.0000
0.0000
0.0000
2.5913
0.0000
0.0000
0.0000
0.0000
0.0000
0.0000
1.5180
0.0000
0.0000
0.0000
0.0000
0.0000
0.0000
0.0000
0.0000
0.0000
0.0843
1.6142
0.1175
0.0000
1.1499
0.0000
0.0000
0.0000
0.0000
1.1285
0.8758
0.4411
0.4064
0.0000
0.8478
0.0000
0.0000
0.0000
0.0000
1.6460
0.0000
1.0930
0.0000
0.0000
3.6221
0.0000
0.0000
0.9893
0.0000
0.0000
0.4944
0.4987
0.0000
0.0000
0.0000
0.0000
0.4668
0.8391
0.0000
0.0000
0.0000
3.7227
0.0000
1.4125
1.8233
0.0000
0.0000
0.1476
0.0000
0.2302
0.0000
0.6482
0.0000
0.3970
0.0000
0.0000
2.9651
0.0000
1.4843
0.0000
0.0000
0.0000
0.0000
0.0000
0.6289
0.0000
0.0000
2.3523
0.0000
0.0000
0.0000
0.0000
0.0000
0.5702
0.0000
0.0000
0.0000
0.2940
0.4793
0.0000
1.0336
0.0000
0.0000
0.0000
0.0000
0.9946
0.4295
0.1785
0.0000
0.8760
0.4356
0.2786
0.0000
0.0000
0.0000
0.0000
0.5780
2.5371
0.0000
0.0000
0.0516
0.0000
0.0000
0.0000
0.5057
3.9399
0.0000
0.0000
0.0000
0.0000
3.3913
0.0000
0.0000
0.0000
0.0000
0.0000
0.0000
0.0000
0.0000
0.0000
0.0000
0.0000
0.0000
0.0000
3.6818
0.0000
0.0000
0.8497
0.0000
0.0000
0.8745
0.0000
0.0000
0.0000
0.0000
5.0614
1.4559
0.0000
0.0000
0.0000
0.0000
0.0000
0.0000
2.7282
0.2754
0.0000
0.3020
2.6537
0.0000
0.0000
0.0000
0.0000
0.0000
0.0000
0.0000
0.0000
0.0000
0.1888
6.4522
0.0000
1.7781
0.0000
0.2790
0.0000
0.0000
0.0000
0.0000
0.0000
0.0000
0.4576
0.0000
0.0000
0.2344
0.2480
0.6569
0.0000
0.1638
0.0000
0.0000
0.0000
1.7108
0.0000
0.0000
0.6614
0.0000
0.9127
0.8490
0.0000
2.0320
0.0000
2.5090
2.7188
0.0000
0.0000
0.0000
0.0000
0.0000
0.1741
0.0000
1.2885
0.0000
0.0000
0.0000
0.0000
0.0000
0.0000
0.0000
0.0000
1.2952
0.0000
1.5185
0.0000
0.0296
0.5184
0.0000
0.0000
0.0000
0.0000
0.0000
0.0000
0.2821
2.3358
0.2213
0.0000
0.0000
1.4728
0.3636
0.1632
0.0000
0.5465
0.0000
2.6690
0.0000
0.0000
0.0000
0.0000
0.0000
0.0684
0.0000
0.0000
0.0000
0.0000
0.6827
0.0000
0.1164
0.0000
0.0000
0.0000
0.0000
0.0000
1.3082
0.0000
0.0927
0.0000
1.6233
1.1834
0.0000
2.6453
0.0412
0.0000
1.7012
2.2082
0.0000
0.0000
0.7950
0.0000
0.0000
0.0000
0.0000
0.0000
0.0000
0.0000
0.0000
0.0000
0.0000
0.6410
0.0000
2.3601
0.0000
4.4474
0.0000
0.0000
1.6931
1.9293
1.8170
0.0000
0.0063
0.0000
0.0000
0.6193
1.0761
0.0000
2.6863
0.0000
0.0000
0.0000
0.0000
0.0000
1.9631
0.0000
0.0000
2.7645
0.0000
0.0000
0.0000
0.3745
0.0000
0.0000
2.8815
0.0000
0.0000
0.0000
0.0000
0.0000
0.0000
0.3589
0.0000
1.5945
0.0000
1.9777
0.0000
0.1653
0.0000
0.0000
0.9381
0.0000
0.0000
0.0000
0.0000
0.0000
0.0000
0.7221
0.0000
0.0000
0.0000
0.0000
1.0948
0.0000
1.2070
0.0000
0.0000
0.0000
0.4133
0.0000
0.0000
0.0000
4.4864
0.0000
0.0000
1.0326
0.0000
0.0000
0.9347
0.0000
0.0000
0.0000
0.0000
0.3351
0.0000
0.0000
2.1974
0.0000
0.2616
0.2398
1.9087
2.1623
0.0000
0.0000
0.0000
0.0000
0.0000
1.4655
0.0000
0.5780
0.0000
0.0000
0.0000
0.0000
0.0000
0.0000
0.0000
0.0000
0.0000
0.0000
0.0000
0.0000
0.0000
0.8425
0.0000
0.0000
0.0000
0.8768
0.0000
0.0584
0.0000
5.2563
0.5443
1.1906
0.8009
2.3378
0.0000
0.0000
0.0000
0.0000
0.0000
0.0000
0.0000
0.0000
0.6216
0.0000
0.0000
0.0000
0.0000
0.0000
0.0000
0.0000
0.0000
0.0000
0.0000
0.0000
0.0000
0.0000
1.2882
0.0000
0.0000
0.0000
3.4832
0.0000
0.0000
0.0000
0.0000
0.0000
0.0000
0.0000
0.0000
0.0000
0.0000
0.0000
0.0000
0.4114
0.0000
0.0000
0.0000
0.0000
0.0000
0.0000
0.0000
0.0000
0.2741
0.2035
0.0000
0.0000
0.0000
0.0000
0.0000
1.0059
0.0000
0.0000
0.0000
0.0000
0.0000
0.0000
0.0000
0.6171
0.6683
0.0000
2.5360
0.0000
0.0000
0.0000
0.0000
0.0000
0.0000
0.0000
0.0000
2.7495
0.0000
0.0000
0.0000
0.0000
0.0000
0.9937
2.5873
0.0000
1.7820
0.0000
0.0000
0.0000
1.2164
0.7459
1.4364
0.0000
0.0000
0.0000
0.0000
0.0000
0.0000
2.7753
0.0000
0.0000
0.0037
0.0000
0.0000
0.0000
0.0000
0.0000
0.0000
0.0000
0.3734
0.0000
0.0000
0.0000
0.0000
0.0000
0.0000
0.0000
0.0000
0.1841
1.8656
0.0000
0.5087
0.0000
0.7297
0.0000
1.4751
0.8282
0.0000
0.0000
0.6671
0.7435
0.0000
0.0000
0.0000
0.3275
0.0000
0.0000
0.0000
0.0000
2.4535
1.3334
0.0000
0.0000
0.0000
0.0000
0.0263
0.0000
0.0000
0.0000
0.0000
0.0000
0.0000
0.0000
0.0000
0.0000
3.5021
0.0000
0.0000
0.0000
0.0000
0.0000
0.5676
1.0852
0.0000
0.0000
0.0000
1.0209
0.0000
0.0000
0.8251
0.0000
0.0000
0.0000
0.0000
1.4476
0.0000
0.0000
0.0000
0.0000
0.0000
0.0000
0.0000
0.0000
0.0000
0.0000
0.0000
0.0000
0.0000
0.0000
0.0000
0.0000
0.0000
1.0278
0.0000
2.9661
0.0000
0.0000
0.0000
0.0000
0.0000
0.0000
0.0000
0.0000
0.0000
0.0000
0.0000
0.5104
0.0000
0.0000
0.0000
0.0000
0.0000
0.0000
0.0082
0.0000
0.0000
0.0000
0.3289
1.7517
0.0000
0.0000
0.0000
0.0000
1.3091
0.0000
0.0000
0.0000
0.0000
1.6082
0.2850
0.0000
0.0000
0.0000
0.0000
0.0000
0.0000
0.0000
2.8007
0.0000
2.7102
0.0000
0.0000
0.0000
0.9540
0.8340
0.2368
0.0000
1.8704
0.7842
0.0000
0.0000
0.6831
0.0000
0.0000
0.7869
0.4004
0.0000
0.0000
0.0000
0.0000
0.7433
0.0000
2.3808
2.2504
0.5726
0.0000
0.1069
0.0000
0.2221
1.6747
0.0000
0.0000
0.0000
0.0000
0.0000
0.0000
3.0718
2.6548
0.0000
0.0000
0.0000
0.0000
0.0000
0.0000
0.1350
0.6310
0.0000
0.0000
0.0000
0.0000
0.0000
2.8834
0.0000
0.0000
0.0000
0.0000
2.9795
2.4128
0.0000
0.0000
0.0000
0.0000
0.0000
2.0257
0.0000
0.0000
1.4383
0.0000
0.0000
0.0000
0.0000
0.0000
0.1962
0.2617
0.0000
0.0000
0.0000
1.2776
1.4172
0.0000
0.0000
0.0000
0.0000
0.0000
0.0000
2.9260
0.0000
1.7831
0.0000
0.0000
0.8302
0.6577
0.0000
0.0000
0.0000
0.4116
0.0000
4.2295
0.0000
0.0000
0.0000
0.0000
0.0000
0.0000
0.0000
0.0000
0.0123
0.0000
0.4534
0.0000
0.5480
0.0000
0.0000
1.4651
5.8562
0.0000
0.0000
0.0000
0.0000
0.0000
0.0000
0.0000
0.0000
0.0000
1.4090
1.7752
0.0000
0.1948
1.2216
0.0000
0.0000
0.0000
0.0000
0.0000
1.3397
1.9084
0.0000
0.0000
0.0000
0.0000
0.0000
0.0000
0.0000
2.7899
0.0000
0.0000
0.0000
0.0000
0.0000
0.0000
0.0000
0.4876
0.0000
1.5853
1.2822
0.0000
0.0000
0.0000
0.0000
3.9230
0.0000
0.1269
0.6954
0.0000
0.0000
0.0000
0.0000
0.0000
0.0000
0.0000
2.3992
0.0000
0.0000
0.0000
0.0000
0.0000
0.0000
0.0000
0.0000
0.0000
0.0000
1.7111
2.0245
0.6478
1.6484
0.2219
0.0000
1.5441
0.0000
0.0000
0.0000
0.0000
0.0000
0.0000
0.0840
0.0000
0.0000
1.0534
0.0558
0.0000
0.0000
0.0000
0.0000
0.0000
0.0000
0.0000
0.0000
0.0000
0.0000
0.0000
3.7561
0.0000
0.0000
0.0000
0.0000
0.0000
1.8144
0.0000
0.0000
0.0000
0.0000
0.4509
0.0000
2.3306
0.1542
3.1990
0.0000
0.0000
0.0000
0.0000
1.3745
0.0000
0.3774
0.0000
0.0000
0.0000
2.6239
0.0000
0.0000
0.0000
0.0000
0.0000
0.0000
2.5034
0.0000
0.0000
0.0000
0.0000
0.0000
0.0000
0.0000
0.4389
0.6230
0.0000
0.0000
1.0998
2.1775
0.0000
0.0000
0.0000
0.3304
0.7097
0.0000
0.0000
0.0000
0.0000
0.0000
2.4047
0.0000
0.0000
0.0000
3.3926
0.3860
0.9964
0.6414
0.0000
0.0000
0.6544
0.0000
3.3551
0.0000
0.0000
0.0000
0.0000
0.0000
0.7689
2.2800
0.0000
0.0000
0.0000
0.0000
0.1549
0.0000
1.9821
0.0000
0.0000
0.0000
0.2033
0.9876
0.0000
0.0000
0.0000
1.4828
0.0000
0.0000
0.0000
0.0000
0.0000
0.0000
0.0000
0.0000
0.0000
0.0000
1.5689
0.0000
0.0000
0.0000
2.8172
0.0000
0.0000
2.2527
0.0000
0.0000
0.0000
0.0000
0.0000
0.4385
0.0000
0.0000
0.0000
1.7095
0.0000
2.5560
0.0000
0.0000
0.0000
0.2221
0.0000
1.7246
0.0000
0.0000
0.0000
0.0000
0.0000
0.0000
0.6833
0.0000
1.6802
0.0000
0.0000
0.0000
0.0000
0.0000
0.0000
1.0861
0.0000
0.0000
0.0000
0.0000
0.0000
0.0000
0.0000
0.0000
0.0000
0.0000
0.0000
0.0000
0.5146
0.0000
0.0000
1.7155
0.0000
0.0000
0.3005
0.0000
0.0000
0.0000
3.6549
0.0000
0.0000
0.0000
0.0000
0.0000
0.0000
2.7553
0.0000
0.0000
0.0000
0.0000
2.0221
0.0000
0.2205
0.0000
0.5799
0.6886
0.0000
0.0000
0.0000
0.0000
2.5042
0.0000
0.0000
0.0000
0.0000
0.0000
3.6007
0.0000
0.0000
4.0634
0.0000
0.0000
0.0000
0.0000
1.3232
0.0000
0.1516
1.0827
0.0000
0.0000
1.2274
2.5635
0.0000
0.0000
2.0101
0.0000
0.4500
0.0000
0.0000
1.9869
0.0000
0.0000
0.0000
0.0000
2.6381
0.0000
0.0000
0.0000
0.0000
0.0000
0.0000
0.0000
0.0000
0.0000
1.7327
0.0000
0.0000
0.0000
0.0000
2.1958
0.2844
0.0000
0.0000
0.0000
0.0000
0.0000
0.0000
0.0000
0.0000
0.0000
0.0000
0.0000
0.0000
0.0000
0.0000
0.0000
0.0000
0.0000
0.0000
0.6927
0.0000
0.0000
0.0000
0.0000
0.0000
0.0000
0.0000
0.0000
0.0000
0.0000
0.4738
0.0000
0.0000
0.0000
0.0000
1.4676
1.7731
0.0000
0.0835
0.0000
0.6534
1.5673
0.0000
0.0000
0.0000
2.1448
2.2243
0.0000
0.0000
0.0000
0.0000
0.0000
0.0000
0.0000
3.0105
0.2115
0.0000
0.0000
3.7320
0.0000
0.0000
0.0000
0.0000
0.0000
0.0000
2.6013
0.0000
0.0000
0.0000
0.0000
0.0000
0.0000
0.0000
0.0000
0.4940
0.0000
0.0000
0.8117
0.8327
0.0000
0.0000
0.0000
0.2970
0.0000
3.8237
0.0000
1.5619
0.0000
0.0000
1.7280
0.0000
0.9822
0.0000
3.0963
0.0000
0.0000
0.5905
0.0000
0.0000
0.0534
0.8884
0.0000
0.0000
1.4024
0.0000
0.0000
0.0000
0.2898
0.0000
0.0000
2.6784
0.0000
0.0000
0.0000
0.6585
0.3152
0.0000
0.0000
0.0000
0.0000
2.1063
0.0414
0.0000
0.9631
3.3945
0.0000
0.0000
0.4413
0.0936
4.3144
0.0000
2.6931
0.0000
1.9916
0.0000
0.0000
0.0000
0.0000
0.0000
0.0000
0.0000
0.0052
1.8773
0.5315
4.9645
0.8352
0.0000
1.6030
0.0000
0.0000
0.0000
0.0000
0.0000
3.4077
0.3976
0.0000
2.2065
0.0000
0.0000
0.0000
2.2189
2.4156
0.0000
0.0000
0.0000
0.0000
0.0000
0.0000
3.1436
0.0000
0.0000
0.0000
0.8467
0.1541
1.0019
1.2077
1.4475
0.0000
0.0000
0.0000
0.0000
1.8266
0.0000
0.0000
0.0000
0.0000
1.0617
1.3706
0.0000
0.0000
0.0000
0.0000
0.0998
1.8540
2.9039
0.0000
0.0000
1.4839
2.3824
0.0000
1.2942
0.0000
0.0000
0.0000
0.0000
0.0027
0.0000
0.0000
0.0538
0.0000
1.8004
0.0000
0.0000
1.0930
0.0000
0.2355
0.0000
0.0310
0.6342
0.0000
0.0000
1.6298
1.2256
0.8400
0.0000
0.0000
0.0000
0.0000
0.0000
0.0000
0.0000
0.7531
0.9687
0.0000
0.5089
0.0000
0.0000
0.0000
3.7161
0.7945
0.0000
0.0000
1.3209
0.0000
0.0000
0.0000
0.0000
2.6104
0.0000
0.0000
0.0000
1.2127
3.1277
2.9922
0.0000
0.0000
0.0000
2.2151
0.0000
0.0000
0.0000
0.0000
0.0000
0.0000
0.0000
0.0000
0.0000
0.0000
0.0000
0.0000
0.8750
0.0000
0.0000
0.0000
0.0000
0.0000
0.0000
0.0000
0.0000
0.9364
0.0000
2.6641
0.3898
0.4604
0.6429
0.0000
0.0000
0.4663
0.0000
0.0000
0.0000
1.0951
0.0000
0.0000
4.4962
1.3524
0.0000
3.5406
0.0000
0.0000
0.6203
0.0000
1.9933
0.5676
0.0000
0.0000
0.0000
0.0000
0.0000
0.0000
0.0000
0.9061
0.0000
0.0000
0.0000
0.0000
0.0000
0.0000
2.5860
0.0000
0.0000
0.0000
0.0000
0.0000
0.0000
