0.0000
0.0000
0.0000
0.0000
1.5662
0.0000
0.0000
0.0000
0.0000
3.1879
0.0000
0.0000
0.0000
0.0000
0.0000
0.0000
0.0000
0.0000
0.0000
0.0000
0.0000
0.0000
3.5595
0.0000
0.3797
0.3356
0.0000
0.0823
0.0000
0.0000
0.0000
0.0000
0.0000
0.0000
0.6437
0.0000
0.0000
0.0000
0.0103
0.6745
0.0000
0.0000
0.0000
0.0000
0.0000
0.0000
0.0000
0.0000
0.0000
0.1982
0.0000
0.0000
0.0000
0.0000
0.0000
0.0000
0.0000
0.0000
0.0000
0.0000
0.0000
0.8744
0.0000
0.0000
0.0000
0.0000
0.0000
0.0000
0.0000
0.0000
0.0000
1.8712
0.0000
0.0000
0.0000
0.9973
0.0000
0.0000
0.0000
0.0000
0.0000
0.0000
0.0000
0.0000
0.0000
0.9580
0.0000
2.6416
0.1034
0.0000
0.0000
0.0000
1.5845
1.4928
0.0000
0.0000
0.0000
0.0000
3.1002
0.0000
0.0000
0.0000
0.0000
0.0000
0.0000
0.0000
0.0000
0.0000
0.4942
3.2783
0.0000
0.0000
0.4981
1.0039
0.0000
0.0000
0.5844
0.0000
0.0000
0.0000
2.4495
0.0000
3.4020
0.0000
0.0000
0.0000
1.7991
2.1575
0.0000
0.0000
0.0000
0.0000
0.0000
0.0000
1.4131
1.1008
0.7915
0.0000
0.0000
0.4736
4.0742
0.0000
1.4962
0.6261
0.5043
0.0000
0.0000
0.4158
0.0000
0.0000
0.0000
0.0000
0.0000
0.0280
0.0000
0.0000
0.0000
0.8477
0.3868
0.0000
1.0507
0.0000
0.5090
0.0000
0.0000
2.0050
0.0760
0.3871
0.0000
0.0000
0.0000
0.0000
0.0000
0.4522
0.0000
0.0000
0.0000
0.0000
0.0000
3.6937
1.7560
1.2985
0.0000
0.0000
0.0000
0.0000
1.0189
0.0000
1.4328
0.5114
0.0000
0.0000
0.0000
0.0000
0.0000
0.0000
0.0000
0.0000
3.1804
2.5915
0.0000
0.0000
0.0000
0.0000
0.0000
0.0000
0.0000
0.0000
0.0000
0.0000
0.0000
0.0000
0.0000
0.0000
0.0000
0.0000
0.0000
0.0000
0.0000
0.0000
0.0000
0.0000
0.0000
0.0000
0.1685
0.0000
0.0000
1.0709
0.0000
0.0000
0.0000
0.0000
0.0000
0.0000
0.6691
0.0000
1.8854
0.0000
1.4403
0.0000
0.0000
0.0000
1.7064
0.0000
0.0000
0.0000
0.0000
0.0000
0.0000
0.0000
0.0000
0.0000
0.0000
0.0000
0.0000
0.3594
0.0000
0.0000
0.0000
0.0000
0.0000
0.0000
0.0000
0.0000
0.0000
0.0000
0.0000
0.0000
0.0000
0.0000
2.8804
0.0000
0.0000
1.5083
0.0000
0.0000
0.0000
0.8284
0.0000
0.0000
2.0631
0.0000
0.3472
0.0000
0.0000
0.0000
0.0000
0.0000
0.0000
0.0000
0.0000
0.0000
0.0000
0.0000
2.8905
0.0000
0.0000
0.0000
0.0000
1.6396
0.0000
0.0000
0.0000
0.0000
0.8188
0.0000
0.9150
0.0000
0.0000
0.0000
0.0000
0.0000
0.0000
0.0883
2.3311
0.0000
0.0000
0.0000
0.2880
1.9564
0.0000
1.2670
0.0000
1.9144
0.0000
2.0082
0.0000
0.0000
0.0000
2.9124
0.0000
0.0000
0.0000
0.0000
0.0000
0.3968
0.0000
0.0000
0.0000
3.8208
0.0000
0.0000
0.0000
0.0000
0.0000
3.7801
0.0000
0.0000
0.0000
0.0000
0.0000
3.8668
0.1442
0.0000
0.8125
0.0000
0.0000
0.0000
1.0920
0.0000
0.0000
0.0000
0.0000
0.0000
0.0000
0.0509
0.0000
0.0000
0.0000
0.0000
0.0000
0.0900
0.0000
0.0000
0.0000
0.0000
0.0000
0.0000
0.0000
0.0000
3.0577
0.0000
0.0000
0.0000
0.0000
0.0000
0.7305
0.0000
0.0000
0.0726
3.3133
0.0000
0.0000
0.0000
0.0000
0.7523
0.0000
0.0000
0.0000
0.3561
0.0000
2.8161
0.0000
0.0000
0.0000
1.2120
0.0000
0.0000
0.5303
0.0000
0.0000
0.0000
0.0000
1.9984
0.3591
1.6302
0.0000
0.1627
0.0000
0.0000
0.0000
0.0000
2.1710
0.0000
0.0000
0.0000
0.0000
0.0000
0.0000
1.0448
0.0000
0.0000
0.0000
0.0000
0.0000
0.0000
0.0000
0.0000
0.0000
0.0000
2.0565
0.0000
0.0000
0.0000
2.0685
0.0693
0.0000
0.0000
3.5624
1.2925
0.0000
0.0000
0.0000
0.0000
0.0000
0.1030
0.0000
0.0000
0.0000
0.0000
0.0000
0.0000
0.0000
0.0000
0.0000
0.0000
0.0000
0.8428
0.0000
0.0000
0.0000
1.3826
0.0000
0.0000
0.0000
2.9620
1.2528
0.0000
0.0000
0.0000
0.0000
0.0000
0.2382
0.0000
0.8260
0.0000
0.0000
0.4473
0.0000
0.8620
0.0000
0.0000
0.0000
0.0000
0.0000
0.0900
0.0000
0.0000
0.0000
0.0000
0.0000
0.0000
0.8718
0.0000
0.2759
0.1199
0.0000
0.0000
0.0000
0.5174
0.0000
1.0923
0.0000
0.0000
0.5630
0.0000
0.0000
0.0000
5.3494
0.0000
0.5771
2.0208
0.0000
0.0000
1.1767
0.0000
0.0000
0.8266
0.0000
0.0000
0.0000
0.0000
0.6526
0.0000
1.1136
1.2991
0.0000
0.0000
0.0000
0.0000
0.0000
0.0000
0.0000
0.0000
0.0000
0.0000
0.0000
0.3854
0.0000
0.0000
0.0000
0.0566
0.0000
0.0000
0.0000
0.0000
0.0000
0.0000
0.0000
0.2349
1.2398
0.0000
0.0000
0.0000
0.0000
0.6044
0.0000
0.0000
0.0000
0.0000
0.0000
0.0000
0.0000
0.0000
0.0000
0.0000
0.0000
0.5175
0.0000
0.1300
0.0000
0.0000
0.0000
0.0000
0.0000
0.0000
0.0000
0.0000
2.6717
0.0000
0.0000
0.0000
0.0000
0.0000
0.0000
0.0000
0.0000
0.0000
4.2963
0.0000
0.0000
1.4074
0.0000
0.2814
0.0000
0.3277
0.1469
0.0000
0.0000
0.0000
0.0000
0.0000
0.0000
0.9595
0.0000
0.5464
0.3043
0.3642
0.4206
0.0000
3.3938
0.0000
0.0000
0.0000
0.0000
0.0000
0.0000
0.0000
0.0000
0.0000
0.0000
0.0000
0.0000
0.0000
0.0140
2.8599
0.0000
0.5606
0.0000
0.0000
0.0000
0.0000
0.0000
0.0000
0.0000
0.0000
0.0000
0.0000
0.3681
0.0000
0.0000
1.2997
2.7534
0.3695
0.0000
0.0000
0.0000
0.0000
0.0000
0.0000
0.0000
2.0816
0.2375
0.0000
0.0000
0.0000
0.0000
0.0000
0.1054
0.0000
0.0000
0.0000
0.0000
0.0000
0.0000
0.0000
0.0000
0.0000
0.0000
0.0000
0.0000
0.3600
0.0000
0.0000
0.0000
1.0646
0.0000
0.0000
0.0000
1.7173
0.0000
0.0000
3.2677
0.0000
0.2951
0.0000
0.0000
0.0000
0.1022
0.0000
1.2703
0.0000
0.0000
0.7173
0.2144
0.0000
0.0000
0.2769
1.6394
0.0663
0.0000
2.9954
0.1224
0.0000
0.0000
0.0000
0.0000
0.0000
0.0000
0.0000
0.0000
0.0000
0.6202
1.1790
0.0000
0.0000
0.5290
0.0000
0.0000
0.1800
0.0000
0.0000
0.0000
1.5816
0.0000
0.0000
0.0000
0.0608
0.0000
1.6476
0.0000
0.0000
0.0000
2.2730
0.0000
0.0000
0.6216
0.7435
0.4484
0.0000
0.0000
0.2288
0.0000
0.0000
0.0844
0.0000
0.0000
0.0000
0.0000
0.2812
0.7982
0.0000
1.6345
0.0000
0.0000
0.0000
0.0000
0.0000
0.0000
0.0000
0.0671
0.0000
0.0000
0.0000
0.0000
0.0000
0.0000
0.0000
1.7867
0.0000
0.0000
0.0000
0.0000
0.0000
0.0000
0.0000
0.9111
0.0000
0.0000
0.0000
0.0000
0.0000
2.8506
1.1029
0.0000
0.0000
0.0000
0.0000
0.2355
0.0000
0.0000
0.0000
2.2424
0.0000
0.0000
0.0000
0.0000
0.0000
0.0000
0.0000
0.0000
0.0000
0.0000
0.0602
0.0000
0.0000
0.4336
0.0000
0.0000
0.8044
0.0418
0.0000
0.0000
0.0000
0.0000
0.0000
0.0000
0.0000
0.0000
0.0000
1.4955
0.0000
0.0000
0.0000
0.0000
0.0000
0.0000
0.0174
0.0000
0.0000
0.0000
0.0000
0.0000
0.0000
0.0000
0.0000
0.0000
0.0000
1.1286
0.0000
0.0000
0.4285
0.0000
0.0000
0.0000
0.0000
0.0000
0.0000
0.0000
0.0000
0.0000
0.0000
0.0000
1.9660
0.0000
0.0000
0.0165
0.0000
0.0000
0.0000
0.0000
0.0000
1.8780
0.3683
0.0000
0.0000
0.0000
1.0210
0.0000
0.0000
0.0000
0.0000
0.0000
0.0000
0.0000
0.0000
0.0000
0.0000
0.0000
0.0000
1.2024
0.0000
0.0000
0.0000
0.7455
0.0000
0.0000
0.8963
0.2881
0.0000
0.0000
0.0000
0.0000
0.0000
0.0000
0.0000
0.0000
0.0000
0.0000
0.2717
0.0000
0.0000
2.7277
0.0000
0.0000
0.0000
0.0000
0.0072
0.0000
0.0000
0.0000
0.0000
0.1478
0.0000
0.0000
2.8573
2.8300
0.0000
0.0000
0.0000
0.0000
0.0000
0.0000
0.3544
0.0000
0.5529
0.0000
0.0000
0.0000
0.0000
0.0000
0.0690
0.0000
0.0000
0.6953
0.8516
0.0000
0.3795
0.0000
4.3744
0.0000
0.3623
0.0000
0.0000
0.0000
0.0680
1.1156
0.0000
0.1983
0.0000
0.0000
3.3597
0.1621
1.3679
0.7767
0.0000
0.0000
0.0000
0.5938
0.0000
0.2438
0.0000
0.0000
0.0000
0.0000
0.0000
0.6843
0.0000
0.0000
0.0000
0.0000
1.6157
0.0000
1.0294
1.8922
1.9156
0.9253
0.0000
0.0000
0.0000
0.9644
0.0000
0.0000
0.0000
0.0000
2.7104
0.0000
0.0000
0.0000
4.0905
0.0000
0.0000
0.0000
1.8012
0.0000
0.0000
0.0000
0.0000
0.0000
3.8235
0.0000
2.5557
0.0000
2.5754
0.0000
0.0000
0.0000
3.1092
0.0000
1.5741
0.0000
2.7769
0.0000
0.0000
0.0000
0.0000
2.9594
0.0000
0.0000
1.4771
0.4966
0.5314
1.0401
0.0000
1.5965
0.0000
1.0021
0.0000
0.2277
0.0000
0.0000
0.7022
0.0000
0.0000
0.0000
0.0000
0.8644
0.0000
0.0000
0.0000
0.0000
0.0000
0.0000
0.0000
0.0000
0.0000
0.0000
0.0000
0.4350
0.0000
0.6808
0.3214
0.0000
0.0000
0.0000
1.4691
0.0000
0.0000
0.0000
0.0000
0.4324
0.0000
0.0000
0.6308
0.0000
0.0000
0.0000
0.0000
0.0000
0.0000
0.0000
0.0000
0.0000
0.0000
0.0000
2.5488
0.0000
0.3833
0.0000
0.0000
0.0000
0.7273
0.0000
0.0000
0.4904
0.0000
0.0000
1.9291
0.0000
0.5629
0.0000
0.0000
0.0000
0.3461
0.2067
0.0000
0.0000
0.0000
0.0000
2.5696
0.0000
0.5887
1.2718
0.0000
0.0000
0.0000
1.2178
0.0000
0.0000
0.0000
0.0000
0.0000
0.0000
0.0000
0.0000
0.0000
0.0000
0.0000
0.0000
0.0000
0.0000
0.0000
0.0000
0.0000
0.0000
0.0000
0.0000
0.0000
0.0000
0.0000
0.0000
0.0000
0.0000
0.0000
1.3480
0.6316
3.6636
0.0000
0.0000
0.0000
0.3292
0.2994
0.4749
0.0000
0.0000
0.0000
0.3864
0.0000
0.0000
1.5997
0.0000
0.0000
0.0000
0.0000
0.0000
0.0000
1.3338
0.0000
0.0000
0.0000
0.8933
0.0000
0.0000
0.0000
4.8845
0.8965
0.0000
0.0000
0.0000
0.0000
0.0000
0.1063
0.0000
0.0000
0.0000
0.0000
0.0000
0.0000
0.8592
0.0000
1.3387
0.6131
0.0000
0.0000
1.8527
0.0000
0.6502
0.2123
0.0000
0.0000
2.8254
1.1564
0.0000
0.0000
0.6700
0.0000
0.0000
0.0000
0.0000
0.0000
2.3027
1.3163
1.2462
0.0000
0.0000
0.0000
0.0000
0.8187
0.0000
0.0000
0.0000
0.0000
0.0000
3.2346
0.0000
0.0000
0.0000
0.0000
0.0000
0.0000
0.0000
0.0000
0.0000
0.0000
0.0000
0.0000
0.2171
0.0000
0.7779
0.0000
0.0000
0.0000
0.0000
0.0000
0.0000
0.0000
0.0000
0.0000
0.3208
0.0641
0.0000
0.0000
1.2726
0.0000
0.0000
0.0000
0.0000
1.4292
0.0000
0.0000
0.0000
0.0000
0.0000
0.0000
0.0000
0.0000
0.0000
0.0000
0.0000
0.0000
0.0000
0.0000
3.6314
0.0000
0.0000
0.0000
0.0000
0.0000
0.0000
1.9672
0.0000
0.0000
0.0000
0.0000
0.0000
0.0000
1.6885
0.0000
0.0000
0.8107
0.0000
2.5258
0.0000
0.0000
0.0000
0.0000
0.9721
0.0000
0.0000
0.0000
0.0000
0.0000
2.4827
0.0000
0.0000
0.9657
0.0000
0.0000
0.0000
0.0000
0.0000
0.0000
0.4342
0.3730
0.0000
0.0000
0.0000
0.0000
0.0519
0.0000
0.0000
0.0000
0.0000
0.0000
1.5330
1.7013
0.0000
0.0000
0.0000
0.0000
0.0000
0.0000
0.0000
0.0000
0.3846
0.6484
0.0000
1.5636
0.0000
0.0000
0.0000
0.0000
0.0000
0.0000
0.0000
0.0000
0.0000
0.0000
0.0000
0.0000
0.0000
0.0000
0.0000
0.0000
0.0000
0.0000
0.0000
1.0727
0.0000
0.5690
0.0000
0.0000
0.0000
0.0000
0.0000
0.0000
0.0000
0.0000
3.4063
2.3639
0.0000
1.6755
0.0000
0.0000
0.0000
0.0000
0.0000
0.0000
0.0641
0.0000
0.0000
0.0000
1.1945
1.9783
0.5165
0.0000
0.1139
1.0514
0.0000
0.0000
0.6147
0.0000
0.8464
0.0000
0.0000
1.8588
0.0000
2.1301
0.9498
5.4841
0.0000
0.0000
0.0000
0.0000
1.7215
0.0000
0.0000
2.1530
0.0000
0.0000
0.0000
0.4277
0.0000
0.0000
0.0000
0.0000
0.0000
0.8942
0.4210
0.1904
0.0000
0.3821
0.0000
0.0000
1.0657
0.0000
0.0000
1.5467
0.0000
0.0000
2.5424
0.7057
0.0000
0.0000
0.0000
0.0000
0.0000
0.0000
0.0000
0.0000
0.0000
0.4574
0.0000
0.0000
0.0000
0.0000
0.0000
2.3295
0.0000
1.3448
0.0000
0.2271
0.0000
0.0000
0.0000
0.0000
0.0000
0.0000
0.0000
0.0000
0.0000
0.0000
0.9123
3.0773
0.0000
0.0000
0.0000
0.1421
0.0000
0.0000
0.0000
0.0000
0.0000
0.0000
0.0000
0.0000
2.2776
0.0000
0.0000
0.0000
0.0000
0.0000
0.0000
0.0000
0.0000
2.1773
3.3110
2.0006
0.0000
1.3130
0.0000
0.0000
0.0000
0.3717
0.0000
0.0000
0.0000
0.0000
0.0000
0.0000
0.0000
0.0000
0.3759
0.0000
0.0000
0.1531
0.0000
0.0000
0.0000
0.0000
0.0000
0.0000
3.7326
0.9859
0.2992
0.0000
0.0000
0.0000
0.0000
1.5003
2.6885
0.9602
0.0000
0.0000
0.0000
0.0000
0.0000
0.0000
0.0208
1.9226
0.0000
0.0000
0.0000
0.0000
0.0000
0.0000
0.0000
0.1311
0.3301
1.4774
0.0000
0.0000
0.0000
0.0000
0.0000
0.0000
0.0000
0.1990
0.0000
0.0000
0.0000
0.0587
0.0000
0.0000
0.0000
0.0000
3.2863
0.0000
0.0000
0.0000
0.0000
0.1923
0.0000
1.2978
0.0000
0.0000
0.0000
0.3753
0.0000
0.8621
0.0000
0.0000
0.0000
0.0000
0.0000
3.4544
0.0000
0.0000
0.0000
0.0000
0.0000
0.0000
0.0000
0.0000
0.8238
0.0000
0.0000
0.0000
0.0000
0.0000
0.0000
0.0000
0.1592
0.0000
1.1459
0.0000
0.0000
0.0000
0.0000
2.9352
0.0000
0.0000
0.0936
1.8185
0.0000
0.4364
0.0000
0.0000
0.0000
0.0000
0.0000
0.0000
0.0000
0.0000
0.0000
1.8411
0.0000
0.1588
0.0000
2.6557
0.0000
0.0000
4.6778
0.2606
0.0000
0.0000
0.0000
0.3491
0.0000
0.0000
0.0000
0.5849
0.0000
0.0000
0.2107
0.0000
0.0000
0.0000
0.0000
0.0000
0.0000
0.0000
0.0000
0.0000
0.0000
0.0000
0.8829
0.0000
0.1387
0.0000
0.0000
0.9654
0.0000
0.0000
0.0000
0.3317
0.0000
1.2543
1.5792
0.5245
1.6909
0.0000
0.0000
0.0000
0.9015
1.2184
0.9950
0.0000
0.0000
0.0000
0.0000
0.0000
0.0000
0.0000
0.1748
0.0000
1.7270
0.0000
0.0000
0.0000
0.0000
0.1238
0.0000
0.0000
0.0000
0.0000
0.0000
0.0000
0.1570
0.0000
0.0000
0.0000
0.0000
0.0000
0.0000
0.0000
0.0000
0.0000
0.0000
0.0000
0.0000
0.0824
0.0000
1.0186
0.0000
0.0000
0.0000
0.3982
0.0000
2.4228
0.0000
0.0000
0.0000
0.0990
0.0000
0.9668
1.5297
0.1015
0.0000
0.0000
2.4277
1.7039
0.0000
0.0000
0.0000
0.0000
0.0617
0.0000
0.0000
0.0000
0.0000
0.0000
0.0000
0.0000
0.0000
2.9082
0.0000
2.4279
0.0000
0.0000
0.0000
0.0000
0.0000
0.0000
0.0000
3.0885
0.0000
1.6152
3.0200
0.0000
0.0000
0.0000
1.0520
0.0000
0.0000
2.0911
0.4483
0.0000
0.3786
0.0000
2.3669
0.0000
0.0000
0.9317
0.0000
0.1409
0.0000
0.0000
0.0000
0.0000
0.0000
0.0000
0.0000
0.1107
3.1087
0.0000
0.0000
2.6327
0.0000
1.1314
0.0000
0.0000
0.0000
0.7188
0.0000
0.0000
0.0000
0.0000
0.0000
0.6793
1.7469
0.0000
3.6725
0.0000
0.1424
0.0000
0.0000
0.0000
0.0000
0.0000
0.0043
2.0840
0.0000
0.0000
2.4713
0.0000
0.0000
1.1566
0.0000
0.0000
0.1301
0.0000
0.1582
0.0000
0.0000
0.9338
0.0000
0.0000
0.0000
0.0000
0.0000
2.0131
0.0000
0.0000
0.0000
0.0000
2.9932
0.0000
4.5289
2.0382
0.6894
0.0000
0.0000
0.0000
0.0000
0.0000
0.0000
0.0000
0.0000
1.4814
0.0000
0.0000
0.0000
0.0000
0.1852
0.0000
0.0000
0.0000
0.0000
0.0000
1.5291
0.0000
0.6706
0.0000
0.0000
2.0051
0.0000
0.0000
0.0000
0.0000
1.9213
0.2248
0.0000
0.0000
0.0000
0.0000
0.0000
0.4983
0.0000
0.0000
0.0000
0.0000
0.0000
0.0000
0.0000
0.0000
0.0000
0.0000
0.5832
0.0000
1.2227
0.0000
0.7876
0.0000
0.0000
0.0000
0.0000
0.0000
0.0000
0.0000
0.0000
1.6865
0.0000
0.9920
0.0000
0.0000
0.0000
2.1715
0.0000
0.0000
0.0000
0.0000
0.0000
0.0000
2.0549
0.0600
0.0000
0.0000
0.0000
0.0000
0.0000
0.7766
0.0000
0.8805
0.0000
1.1037
0.0000
0.0000
0.0000
0.0000
2.1482
2.7968
0.0000
0.9073
0.1631
0.0000
0.0000
0.0000
4.7101
0.0000
1.6472
0.0000
0.0000
0.0000
0.0000
0.0000
0.0000
0.0000
0.3250
0.0000
0.0000
0.6900
0.0000
0.0000
0.0000
0.0567
0.0000
0.0000
0.0000
2.2892
0.0000
0.0000
0.4278
1.8505
2.3589
0.0000
0.1021
0.0000
0.0000
0.0000
0.0000
0.0000
3.6426
0.0000
0.0000
1.2019
1.9283
0.0000
0.0000
1.1062
0.0000
0.0000
0.0000
0.1540
0.0000
0.0000
0.0000
0.0000
0.0000
0.0000
0.0000
0.0000
0.0000
0.0000
0.4915
1.3277
0.0000
2.4160
0.7099
0.0000
0.0000
0.0000
0.1666
0.0000
0.0000
0.0000
2.2456
0.7426
0.0000
0.0000
0.6919
0.0000
0.0000
2.1689
1.4319
0.0000
0.0000
0.0000
0.0000
4.1009
2.6773
0.0000
0.0000
0.0000
0.0000
0.0000
4.1800
0.0000
0.0000
0.0000
0.0000
0.0000
0.0000
0.0000
0.0000
0.0282
0.0000
0.0000
0.0000
0.6800
0.0000
0.0000
0.4604
0.2435
0.0000
0.7746
0.0000
0.0000
0.0000
0.0000
0.0000
0.4988
0.0000
0.0000
0.0000
0.6007
0.0000
0.6311
0.0000
0.0000
0.0000
0.0000
0.0000
0.0000
0.0000
0.0000
0.0000
0.0000
0.0000
0.0000
2.9849
0.8340
0.5008
0.0000
0.0000
0.0000
0.0000
0.0000
0.8411
0.0000
0.0000
0.0000
0.0000
0.0000
0.0000
0.0000
0.0000
0.0000
0.0000
0.2944
0.0000
0.0000
0.0000
1.3949
0.0000
0.1190
0.2795
0.0000
0.0000
0.0000
0.0000
0.5590
0.0000
0.0000
0.0000
0.0000
0.1743
2.0409
0.0000
0.6804
0.0000
0.4299
0.0000
0.0000
0.0000
0.0000
0.0000
1.4346
0.0000
0.7501
0.0000
0.0000
0.0000
2.1765
0.0000
0.0000
0.0000
0.0000
0.0000
0.9849
0.0000
0.3388
0.2581
0.0000
0.2443
0.0000
0.0000
0.0000
0.6572
1.6480
0.0000
0.0000
0.0000
0.7370
0.0000
0.0000
0.0000
0.0000
0.0000
0.0000
0.0000
0.0000
0.0000
0.7217
0.7189
1.2835
1.8870
0.0151
0.0000
0.1825
0.4061
0.0000
0.0000
0.0000
0.0000
0.0000
0.9505
2.0887
0.0000
0.0000
0.0000
1.0953
0.0000
0.0000
0.0000
0.0000
0.0000
0.0000
0.0000
0.0000
0.0000
0.0000
0.0000
0.0000
3.2066
0.9425
0.0000
1.6455
0.0000
0.0000
2.2774
0.0000
0.0000
0.0000
0.0000
0.0391
0.0000
0.0000
0.0489
0.0000
0.0000
0.0000
0.0000
0.0000
0.0000
0.0000
0.0000
0.0000
0.0000
0.0000
0.0000
0.0000
0.2118
0.0206
0.0000
0.0000
0.0000
0.0000
0.5043
0.0000
0.0000
0.0000
4.7029
0.0000
0.0000
0.0000
0.0000
0.2172
0.0000
2.6942
0.0000
0.0000
0.0000
1.9326
1.7705
0.0000
0.0000
0.0000
0.0000
0.9266
0.0000
0.0000
0.0000
1.5674
0.0000
0.8227
0.3117
0.0000
1.5527
0.0000
0.0000
0.0000
0.0000
0.0000
0.0000
0.0000
0.3501
0.0000
0.0000
0.0000
0.0000
0.0000
0.0000
0.0000
1.2128
0.0000
0.0000
0.0000
0.0356
0.0000
0.0000
0.0000
0.0000
0.0000
2.1441
0.0000
0.0000
1.9995
0.0000
0.0000
1.2073
0.1732
0.7846
0.0000
0.0000
0.0000
0.0000
0.0000
0.0000
0.0000
0.0000
0.0000
0.0000
0.0000
0.0000
0.1963
0.0000
0.0000
0.0000
0.4738
0.0000
0.0000
0.0000
0.0000
0.1190
0.0000
0.0000
0.7934
0.0000
0.0000
0.4842
0.0000
2.3564
0.4405
0.3595
0.4715
1.6520
0.0000
0.0000
0.0000
0.5790
0.0000
0.0000
0.0000
0.0000
0.0591
0.0000
0.0000
0.0000
0.0000
2.9659
5.3573
0.0000
0.0000
0.0000
0.0000
0.0000
0.0000
0.0000
0.0000
0.0000
0.0000
0.0000
0.0000
0.0000
0.0000
0.0000
0.3617
0.0000
0.0000
0.0000
0.0000
0.0000
0.0000
0.0000
2.2769
1.9294
0.0000
0.4906
0.0000
0.2953
0.0000
0.0000
0.0000
0.5556
0.8651
0.4512
0.0000
2.8192
0.0000
0.0000
0.0000
1.6144
0.0000
0.0000
0.0000
0.0000
0.0000
0.0000
0.0000
0.0000
0.4390
0.5772
0.0000
4.4652
0.0000
0.0000
0.0000
2.0807
0.0000
0.0000
0.0000
0.6859
0.0000
0.0000
0.0000
0.0000
0.0000
1.2794
0.0000
0.0000
0.4109
0.0000
0.0000
0.0000
0.0000
0.0000
1.0337
0.0000
0.0000
0.0000
0.0000
0.0000
0.0000
0.4022
1.6519
0.0000
0.0211
0.0448
0.0000
0.0000
0.0000
0.0000
1.3835
0.0000
0.0000
0.0000
0.0000
0.4487
0.0000
0.0000
0.6974
0.0000
0.0000
0.0782
0.0000
0.0000
0.0000
0.0000
0.0000
0.4954
0.0000
0.0000
0.0000
0.0000
0.0000
0.0000
2.0434
0.0000
0.4983
0.0000
0.0000
0.0000
0.0304
0.0000
0.0000
0.0000
1.0516
0.9303
0.0000
0.0000
0.0000
0.0000
0.0000
0.0000
0.0000
4.0296
0.7235
0.0746
0.0000
0.0000
1.1827
0.0000
0.0000
0.0000
0.0000
0.0000
0.0000
0.0000
0.0000
0.0000
0.0000
0.0000
0.0000
0.0000
0.0000
0.0000
0.0000
0.0000
0.0000
0.0000
0.0000
0.0821
0.0000
0.0000
0.7059
0.0000
0.0000
0.0000
0.0000
0.0000
0.0000
0.0000
0.0000
3.6434
0.0000
0.4155
0.0000
0.0000
0.4577
0.0000
1.8534
2.2664
0.6940
0.0000
0.0000
0.3740
0.0000
0.0000
0.0000
0.0000
0.0000
0.0000
0.1634
0.0000
0.0000
0.1063
0.0000
0.2420
0.0000
0.0000
0.0000
0.0000
0.0000
0.0000
0.0000
0.0000
0.0000
0.0000
0.2508
0.0000
0.0000
0.0000
0.0000
0.0000
0.0000
0.0000
0.0000
0.0000
0.0000
0.0000
3.6138
0.0000
0.0000
0.0000
0.0000
0.0000
0.0000
0.3942
0.8585
0.0000
0.0000
0.0000
0.0000
0.0000
0.7985
0.0000
0.0000
0.0000
1.9313
0.0000
0.0000
2.0140
0.0000
3.6903
0.0000
0.0000
0.0000
0.0000
0.0000
0.8557
0.4129
2.1242
2.7211
0.0000
6.3245
0.0000
0.0000
0.0000
0.0000
2.8891
0.0000
0.8161
0.1306
0.3746
0.0000
0.0000
0.0000
0.2615
0.0000
0.0000
0.0000
0.0000
0.0000
0.0000
0.1418
0.6330
0.0000
0.0000
1.8401
0.0000
0.0000
0.0000
0.9654
0.0000
1.1263
0.0000
0.0000
0.0000
0.0000
0.0000
0.0000
4.9457
0.0000
6.7738
0.0000
0.1038
3.6552
3.3979
0.0000
0.0000
0.0000
0.0000
0.0000
0.0000
0.0000
0.0000
1.8038
0.0000
0.0000
0.0000
0.2759
0.0000
0.0000
0.0000
3.2902
0.0000
0.0000
0.0000
0.1690
0.0000
1.2767
2.8346
0.0000
0.0000
0.6672
0.0000
1.5856
0.0000
0.0000
3.6124
0.0000
0.0000
0.0000
0.0000
0.0000
2.5319
0.0000
0.2310
0.0000
0.0000
0.0000
0.4752
0.0000
0.0000
0.0000
3.4912
0.0000
0.1863
0.0000
0.0000
0.0000
0.0000
0.0000
0.0000
0.0000
0.0000
0.0000
0.0000
0.0000
0.0000
0.0000
0.0000
0.0353
2.9791
0.0000
0.0000
0.0000
0.0000
0.0000
0.0000
0.4958
1.2674
0.4830
2.0384
0.0000
0.0000
4.1550
0.0000
0.0000
0.0000
0.0000
0.0277
0.0000
0.1502
0.0000
0.0000
3.5552
0.0000
0.0000
1.7696
0.0000
0.0000
0.0000
0.7170
0.0000
0.0000
0.0000
0.0000
1.5018
0.4406
0.0000
0.0000
0.0000
1.3131
0.0000
0.0000
4.0596
0.0000
0.0000
0.0000
0.0000
0.0000
0.0000
0.2978
0.0000
0.0451
0.0000
0.0000
1.7614
0.0000
0.9815
0.0000
0.0000
0.0000
0.0000
0.0000
0.0000
0.0000
0.0000
1.5645
0.0000
0.0000
0.0000
0.0000
0.0000
0.0000
0.0000
0.0000
0.0000
0.9884
0.0000
0.0000
0.0000
0.0000
0.0000
0.0000
0.0000
0.0000
1.5887
0.3212
0.0000
1.8770
0.7034
1.1777
0.0000
0.0000
0.0000
0.0000
0.9667
1.7163
0.0000
0.0000
0.0000
0.0000
0.0000
0.0000
3.1832
3.5304
0.0000
0.0000
0.0000
0.0000
1.6839
0.0000
0.0000
0.0000
0.0000
0.0000
0.0000
0.0000
0.0000
0.0000
0.0000
0.0000
1.7467
0.0000
4.1702
0.0000
0.0000
0.0000
0.0000
0.0000
0.0000
0.0000
0.0000
0.0000
0.0000
4.9731
0.9555
0.0000
0.0000
0.0000
0.0000
0.0000
0.6918
2.9309
0.0000
0.0000
0.5640
2.7414
0.0000
0.0000
0.0000
0.0000
0.0000
0.0000
1.2480
0.0484
0.0000
0.0000
6.3734
0.0000
0.0000
0.0000
0.1447
0.0000
0.0000
0.0000
0.0000
0.9922
0.0000
1.5660
0.0000
0.0000
0.0000
1.8922
1.4852
0.0000
0.0564
0.0000
0.0000
0.0000
0.0000
0.0000
0.0000
0.0000
0.0000
0.1610
0.0000
0.0000
0.0000
0.0000
1.9457
1.5648
0.0000
0.0000
0.0000
0.0000
0.0000
0.0000
0.0000
0.7098
0.0000
0.0000
0.0000
0.0000
0.0000
0.0000
0.0000
0.0000
0.5541
0.0000
1.9853
0.0000
1.1224
0.0000
0.0000
0.0000
0.0000
0.0000
0.0000
0.0000
0.0000
1.3573
0.0000
0.0000
0.0000
2.6698
0.4495
0.0000
0.0000
0.0000
0.0000
0.7730
0.0000
0.0000
0.0000
0.0000
0.0000
0.0000
0.0000
0.0000
0.0000
0.0000
0.0000
0.0000
0.1150
0.0000
0.0000
0.0000
0.0000
0.0000
0.3139
0.0000
0.9692
0.0000
1.5775
2.1480
0.0000
2.7537
0.0000
0.2986
2.0659
0.1401
0.0000
0.1697
0.0000
0.0000
1.1780
0.6540
0.0000
0.0000
0.1864
0.0000
0.0000
0.0000
0.0000
2.2116
0.0000
2.4394
0.0000
3.2538
0.0000
0.0000
1.4418
2.8844
0.0000
0.0000
0.0000
0.0000
0.0000
0.0000
0.8561
0.0000
0.2070
0.0000
0.0000
0.0000
0.0000
0.0000
2.2922
0.0000
0.0000
2.9225
0.0000
0.6587
0.0000
0.0021
0.0000
0.0000
4.3056
0.0000
0.0000
0.0000
0.0000
0.0000
1.5572
0.4279
0.2963
0.5231
0.0000
1.6257
0.0000
0.0000
0.0000
0.0000
0.4172
0.0000
0.0000
0.0000
0.0000
0.0000
0.0000
1.6448
0.0000
0.0000
0.0284
0.0000
1.9684
0.0000
0.0000
0.0000
0.0000
0.0000
1.5179
0.0000
0.0000
0.0000
4.0986
0.0000
0.0000
0.8056
0.0000
0.0000
1.1292
0.4458
0.0000
0.0000
0.0000
0.0664
0.0000
0.0000
0.3719
0.0000
2.3504
0.8867
2.2824
1.5973
0.0000
0.0000
0.0000
0.0000
0.0000
2.9967
0.0000
0.0000
0.0000
0.0000
0.0000
0.0000
0.0000
0.0000
0.0000
0.0000
0.0000
0.0000
0.0000
0.0000
0.0000
0.1898
0.0000
0.0000
0.0000
2.1931
0.0000
0.0000
0.0000
4.0765
0.0000
0.9788
0.0093
0.9695
0.0000
0.0000
0.0000
0.0000
0.0000
0.0000
0.0000
0.0000
1.0262
0.0000
0.0000
0.0000
0.0000
0.0000
0.0000
0.0000
0.0000
0.0000
0.0000
0.0000
0.0000
0.0000
1.3695
0.0000
0.0000
0.0000
3.2598
0.0000
0.0519
0.0000
0.0000
0.0000
0.0000
0.0000
0.0000
0.0000
0.0000
0.0000
0.0000
0.6490
0.0000
0.0000
0.0000
0.0000
0.0000
0.0000
0.0000
0.0000
0.0000
0.1227
0.0000
0.0000
0.0000
0.0000
0.0000
0.2705
0.0000
0.0000
0.0000
0.0000
0.0000
0.0000
0.0000
0.0000
1.1134
0.0000
1.2578
0.0000
0.0000
0.0000
0.0000
0.0000
0.0000
0.0000
0.0000
1.9056
0.0000
0.5532
0.0000
0.0000
0.0000
0.4360
2.5016
0.0000
0.0000
0.0000
0.0000
0.0000
2.7162
0.2977
2.3815
0.0000
0.0000
0.0000
0.0000
0.0000
0.0000
2.6652
1.0480
0.0000
0.0000
0.0000
0.0000
0.0000
0.0000
0.0000
0.2418
0.0000
1.2400
0.0000
0.0000
0.0000
0.0000
0.0000
1.7624
0.0000
0.0000
0.0344
1.5131
0.0000
0.0000
0.0000
0.0000
0.0000
2.0079
0.9552
0.5151
0.0000
1.0348
0.0000
0.3572
0.0000
1.4423
0.0000
0.0000
0.0000
0.0000
0.0000
0.5708
0.4920
0.0000
0.0000
0.0000
0.0000
0.3572
0.0000
0.0000
0.0000
0.0000
0.0000
0.0000
0.0000
0.0000
0.0000
1.6730
0.0000
0.0000
0.0000
0.0000
0.0000
0.0000
0.9049
0.0000
0.0000
0.0000
2.6488
0.0000
0.0000
2.5435
0.0000
0.0000
0.0000
0.0000
1.1125
0.0000
0.0000
0.0000
0.0000
0.0000
0.0000
0.0000
0.0000
0.0000
0.0000
0.0000
0.0000
0.0000
0.0000
0.0000
0.0000
0.0000
0.0000
0.0000
4.6486
0.0000
0.0000
0.0000
0.0000
0.0000
0.0000
0.0000
1.0255
0.0000
0.0000
1.3065
0.1171
0.0000
0.0000
0.0000
0.0000
0.0000
0.0000
0.0000
0.0000
1.3156
0.0000
0.0000
2.3474
0.0000
0.0000
0.0000
0.0000
1.0309
0.0028
0.0000
0.0000
1.2522
0.7776
0.7827
0.0000
0.0000
0.0000
0.0000
0.0000
0.0000
0.0000
2.9058
0.0000
3.2015
0.0000
0.1212
0.0000
0.0000
0.0000
1.1810
0.0000
1.6401
2.0147
0.0000
0.0000
1.0321
2.1356
1.2191
0.0000
0.0000
0.0000
0.0000
0.0000
0.0000
1.3522
0.0000
0.7547
0.8102
0.0000
0.0000
0.0000
0.0000
1.2126
2.9926
0.0000
0.0000
0.0000
0.0000
0.0000
0.0000
4.3671
0.6265
0.0000
0.0000
0.0000
0.0000
0.0946
0.0000
1.4135
0.9597
0.0000
0.0000
0.0000
0.0000
0.0000
2.6750
0.0000
0.0000
0.0000
0.2020
3.4204
1.2767
0.0000
0.0000
0.0000
0.0000
0.0000
1.9848
0.0000
0.0000
3.7296
0.0000
0.0000
0.0000
0.0000
0.0000
0.0784
1.1032
0.0000
0.0000
0.0000
0.6838
1.9017
0.0000
0.0000
0.0000
0.0000
0.0000
0.0000
4.4274
0.0000
1.1501
0.0000
0.0000
1.2415
0.0000
0.1272
0.0000
0.0000
0.0000
0.0000
3.6113
0.0000
0.0000
0.0000
0.0000
0.0000
0.0000
0.0000
0.0000
0.2599
0.0000
0.1961
0.0000
1.3606
0.0000
0.0000
1.2116
6.3133
0.0000
0.0000
0.0000
0.0000
0.0000
0.0000
0.0000
0.0000
0.0000
0.5266
3.9237
0.0000
0.9745
0.0000
0.0000
0.0000
0.0000
0.0000
0.0000
0.9525
1.9807
0.0000
0.0000
0.0000
0.0000
0.0000
0.0000
0.0000
4.2475
0.0000
1.5337
0.0000
0.0000
0.0000
0.0000
0.0000
0.0000
0.0000
0.0000
0.0228
0.0000
0.0000
0.0000
0.0000
4.1540
0.0000
0.0000
0.0000
0.0591
0.0000
0.0000
0.0000
0.0000
0.0000
0.0000
5.0451
0.0000
0.0000
0.0000
0.0000
0.0000
0.0000
0.0000
0.0000
1.3163
0.0000
0.0000
1.2910
1.4437
2.7569
1.2392
0.0000
0.8223
0.0917
0.0000
0.0000
0.0000
0.7425
0.0000
0.0000
0.0000
0.0000
0.2543
0.0000
0.0000
0.0000
0.0000
0.0000
0.0000
0.0000
0.0000
0.0000
0.0000
0.0000
0.0000
4.7113
0.0000
0.2597
0.0000
0.7733
0.0000
0.5568
0.0000
0.0000
0.0000
0.0000
0.3102
0.0000
0.9389
0.0000
2.6299
0.0169
0.0000
0.0000
0.0000
0.7677
0.0000
0.7483
0.0000
0.0000
0.0000
0.5671
0.0000
0.1232
0.0000
0.0000
0.0000
0.0000
1.9040
0.0000
0.0000
0.0000
0.0000
0.0000
0.0000
0.0000
0.0000
1.4858
0.0000
0.0000
0.4868
0.4956
1.0701
0.0000
0.0000
0.0000
2.1927
0.0000
0.0000
0.0000
0.0000
0.0000
0.7776
0.2850
0.0000
0.0000
4.0125
0.1871
1.5771
1.4704
0.0000
0.0000
0.9696
0.0000
2.8819
0.0000
0.0000
0.1316
0.0000
0.0000
2.5243
1.4650
0.0000
0.0000
0.0000
0.0000
0.0000
0.0000
0.0000
0.0000
0.0000
0.0000
0.0000
3.4109
0.0000
0.0000
0.0000
0.5183
0.0000
0.5007
0.0000
0.0000
0.4036
0.0000
0.0000
0.0000
0.0000
0.0000
2.3073
0.0000
0.0000
0.0000
1.0492
1.0172
0.0000
4.3247
0.0000
0.0000
0.0000
0.0000
0.0000
0.0000
0.0000
0.0000
0.0000
0.4034
0.0000
2.9317
0.0000
0.0000
0.0000
0.0000
1.6448
1.9210
0.5611
0.0000
0.0000
0.0000
0.0000
0.0000
0.0000
0.0000
1.8262
0.0000
0.0000
0.0000
0.0000
0.0000
1.2052
0.6821
0.0000
0.0000
0.0000
0.0000
0.0000
0.0000
0.0000
0.0000
0.0000
0.0000
0.0000
0.0000
0.0000
0.0000
0.0000
1.4054
0.0000
0.0000
1.0568
0.0000
0.0000
0.0000
2.2707
0.0000
0.0000
0.0000
0.0000
0.0000
0.0000
0.7599
0.0000
0.0000
0.0000
0.0000
0.0000
0.0000
0.0000
0.0000
0.0000
0.8290
0.0000
0.0000
0.0000
0.0000
1.8684
0.0000
0.0000
0.0000
0.0000
0.0000
4.2044
0.0000
0.0000
4.2639
0.8844
0.0000
0.0000
0.0000
0.1779
0.0000
0.0000
0.0000
0.0000
0.0000
1.0028
1.7770
0.0390
0.2410
0.2650
0.0000
0.5846
0.2875
0.0000
1.2699
0.0000
0.0000
0.0000
0.0000
3.6802
0.0000
0.0000
0.0000
0.0000
0.0000
0.0000
0.0000
0.0000
0.0000
3.0420
0.0000
0.0000
0.0000
0.0000
1.8426
2.1563
0.1026
0.0000
0.0000
0.0000
0.0000
0.0000
0.0000
0.0000
0.0000
0.0000
0.1183
0.0000
0.0000
0.0000
0.0000
0.0000
0.0316
0.0000
0.0000
0.0000
0.0000
0.0000
0.1509
0.0000
0.0000
0.0000
0.0000
0.0000
0.0000
0.7423
0.0000
0.0000
0.0000
0.0000
1.8727
1.2739
0.0000
0.0000
0.0000
0.0000
1.4462
0.0000
0.0000
0.0000
3.1427
1.8372
0.0000
0.0000
0.1175
0.0000
0.0000
0.0000
0.0000
4.5650
0.0000
0.0000
0.0000
4.5553
0.0000
0.0000
0.0000
0.0000
0.0000
0.0000
3.7205
0.0000
0.0000
0.0000
0.0000
1.1197
0.0000
0.0000
0.1041
0.0000
0.0000
0.0000
0.3516
0.0000
0.0000
0.0000
0.0000
0.0000
0.0000
2.6338
0.0000
2.1402
0.0000
0.0000
2.3162
0.0000
0.0000
0.0000
2.7626
0.6184
0.0000
0.0000
0.0000
0.0000
0.0000
0.0000
0.0000
0.0000
0.0000
0.0000
0.0000
0.0000
0.8630
0.0000
0.0000
0.2154
0.0000
0.0000
0.0000
0.4741
0.0372
0.4971
0.0000
1.4953
0.0000
2.1098
1.5034
0.0000
0.3533
3.7714
0.0000
0.0000
0.5458
0.0000
3.1913
0.0000
2.1087
0.0000
0.0000
0.0000
0.0000
0.0000
0.0000
0.0000
0.0000
0.0000
0.0000
3.2377
1.0317
2.9729
0.0000
0.0000
1.2620
0.0000
0.0000
0.0000
0.0000
0.0000
2.0423
0.0000
0.0000
2.4948
0.0000
0.0000
0.0000
3.3039
2.3957
0.0000
0.0000
0.0000
0.0000
1.3501
0.7441
1.8478
0.0000
0.0000
0.0000
0.2911
0.0000
1.6875
0.2078
0.0000
0.0000
0.0000
0.0000
0.0000
1.3794
0.0000
0.0000
0.0000
0.0000
1.2571
1.0787
0.0000
0.0000
0.0000
0.0000
0.9999
0.0000
2.6144
0.0000
0.0000
1.9444
1.0545
0.0000
1.5108
0.0000
0.0000
0.0000
0.0000
0.0000
0.0000
0.0000
0.7401
0.0000
3.4855
0.0000
0.0000
0.0000
0.0000
0.0000
0.2028
0.0166
0.2591
0.0000
0.0000
1.7413
1.2520
0.8581
0.0000
0.0000
0.2415
0.0000
0.0000
0.0000
0.0000
0.7554
1.0372
0.0000
0.0000
0.0000
0.0000
0.0000
4.2504
0.0000
0.0000
0.0000
2.3599
0.0000
0.0000
0.0000
0.0000
1.2436
0.0000
0.0000
0.8771
1.6823
2.4013
1.0932
0.0000
0.0000
0.0000
1.2682
0.0000
0.0000
0.0000
0.0000
0.0000
0.0000
0.0000
0.0000
0.0000
0.0000
0.0000
0.0000
0.0946
0.0000
0.0000
0.7467
0.0000
0.0000
0.1770
0.0000
0.0000
0.0000
0.1023
3.1053
2.1010
0.4064
0.4050
0.0000
0.0000
0.9887
0.0000
0.0000
0.0000
0.6040
0.3452
0.0000
3.4123
1.5870
0.0000
4.4056
0.2734
0.3205
0.4758
0.0000
0.9006
0.4731
0.0000
0.0000
0.0000
0.0000
0.0000
0.0000
1.5401
0.0729
1.0862
0.0000
0.0000
0.7523
0.0000
0.0000
1.6404
0.0000
0.0000
0.0000
0.0000
0.0000
0.0000
