0.0000
0.0000
0.0000
0.0000
0.4189
0.0000
0.0000
0.0000
0.0000
1.0209
0.8022
0.0000
0.0000
0.0000
0.0000
0.0000
0.0000
0.0000
0.0000
0.0000
0.0000
0.0000
2.3490
1.6205
0.0000
0.0000
0.0000
0.0000
0.0000
0.0000
0.0000
0.0000
0.2964
0.0000
0.2810
0.0000
0.0000
0.0000
1.3334
0.7119
0.0000
0.2437
0.0000
0.0000
0.0000
0.0000
0.0000
0.0000
0.0000
0.0000
0.0000
0.0000
0.0000
0.0000
0.0000
0.0000
0.0000
0.0000
0.0000
0.0000
0.0000
1.9900
0.0000
0.3939
0.0000
0.0000
0.0000
0.0000
0.0000
0.0000
0.0000
2.4539
0.0000
0.0000
0.0000
1.0911
0.0000
0.0000
0.0000
0.0000
0.8629
0.0000
0.0000
0.0000
0.0000
2.2708
0.0000
1.8433
0.0000
0.0000
0.5899
0.0000
1.0030
0.6453
0.0000
0.0000
0.0000
0.0000
3.2119
0.0000
0.0000
0.0000
0.0000
0.0000
0.0000
0.0000
0.0000
0.0000
0.8232
3.7674
0.0000
0.0000
1.0099
0.9173
0.0000
0.0000
0.0000
0.0000
0.0000
0.0000
1.5145
0.0000
2.1868
0.0000
0.0000
0.0000
1.2627
2.9859
0.0000
0.0000
0.0000
0.0000
0.0000
0.0000
1.5750
0.3472
1.4582
0.8242
0.0000
2.7499
3.8890
0.0000
1.2748
0.5717
1.0993
0.0000
0.0000
0.8375
0.0000
0.0000
0.0000
1.1236
0.0000
0.0000
0.0000
0.0000
0.0000
0.0000
0.0000
0.0000
0.0000
0.0000
0.0000
0.0000
0.0000
0.0974
0.3872
1.0957
0.0000
1.7980
0.0000
0.0000
0.0000
1.4819
0.0000
0.0000
0.0000
0.0000
0.0000
2.9459
1.4606
2.6169
0.0000
0.0000
0.0000
0.0000
0.5079
0.0000
1.3533
1.0220
0.0000
0.0000
0.0000
0.0000
0.0000
0.0000
0.0000
0.0000
3.4373
2.4654
0.0000
0.0000
0.0000
0.0000
0.0000
0.0000
0.0000
0.0000
0.0000
0.0000
0.0000
0.0000
0.0000
0.0000
0.0000
0.0000
0.0000
0.0000
0.0000
0.0000
0.0000
0.0000
0.0000
0.0000
1.0415
0.0000
0.6915
1.5188
0.0000
0.0000
0.0000
0.0000
0.0000
0.0000
2.4035
0.0000
2.1539
0.3300
1.2813
0.0000
0.0000
0.0000
0.0000
0.0000
0.0000
0.0000
0.0000
0.0000
0.0000
0.0000
0.0000
0.0000
0.0000
0.0000
0.0000
0.6982
0.0000
0.0000
0.0000
0.0000
0.0000
0.0000
0.0000
0.0000
0.0000
0.0000
0.0000
0.0000
0.0000
0.3969
4.0898
0.0000
0.0000
1.1156
0.0000
0.0000
0.0000
0.0000
0.0000
0.0000
2.2251
0.0000
0.8339
0.0000
0.0000
0.0810
0.0000
0.0000
0.0000
0.0000
0.0000
0.0000
0.0000
0.0000
3.6901
0.0000
0.0000
0.2544
0.0000
2.6491
0.0000
0.0000
0.0000
0.0000
0.0000
0.0000
0.0000
0.0000
0.0000
0.0000
0.0000
0.0000
0.0000
1.6324
0.1520
0.0000
0.0000
0.0000
0.0000
1.1345
0.0000
0.8413
0.0000
0.2273
0.0000
1.1622
0.0000
0.2119
0.0000
4.6328
0.0000
0.0000
0.0000
0.0000
0.0000
2.2212
2.1871
0.0000
0.0000
4.1089
0.0000
0.0000
0.0000
0.0000
0.0000
4.0704
0.0000
0.0000
0.0000
0.0000
0.0000
4.4498
0.2825
0.0000
0.4873
0.0000
0.0000
0.0000
0.4663
0.0000
0.0000
0.0000
0.0000
0.0000
0.0000
2.1137
0.0000
0.0000
0.0000
0.0000
0.0000
0.0000
0.0000
0.0000
0.0000
0.0000
0.0000
0.0000
0.0000
0.0000
3.0824
0.0000
0.0000
0.0000
0.0000
0.0000
0.0000
0.0000
0.0000
0.2257
2.9640
0.0000
0.0000
0.0000
0.0000
1.0969
0.0000
0.0000
0.0000
1.2970
0.0000
1.1647
0.0000
0.0000
0.0000
0.0000
0.0000
0.0000
0.0000
0.0000
0.0000
0.0000
0.0000
1.3458
0.0024
0.5827
0.0000
0.0000
0.0000
0.0000
0.0000
0.0000
2.4120
0.0000
0.0000
0.0000
0.0000
0.0000
0.0000
0.0000
0.0000
0.0000
0.0000
0.0000
0.0000
0.0000
0.9319
0.0000
0.5042
0.0000
1.2583
0.0000
0.0000
0.0000
3.4956
0.2497
0.0000
0.6751
2.3516
1.3858
0.0000
0.0000
0.0000
1.7449
0.0000
0.0000
0.0000
0.0000
0.0000
0.0000
0.0500
0.0000
0.3105
0.0000
0.0000
0.0780
0.0000
1.3361
0.0000
0.0000
0.0000
2.7775
0.0000
0.0000
0.0000
3.9298
1.1915
0.0000
0.0000
0.0000
0.0000
0.0000
0.0000
0.9540
0.4304
0.0000
0.0000
0.0000
0.0000
0.0502
0.0000
0.0000
0.0000
0.0000
0.0000
0.0000
0.0000
0.0000
0.0000
0.0000
0.0000
0.0000
1.2940
0.0000
0.3070
0.4951
1.3279
0.0000
0.0000
1.5538
0.6339
0.6594
0.0000
0.0000
0.0000
0.0000
0.0000
0.3446
5.2990
0.0000
0.1719
1.9460
0.0000
1.2461
1.7736
0.0000
0.0000
0.0000
0.0000
0.0000
0.3510
0.4197
0.0000
0.0000
0.0000
0.0247
0.0000
0.0000
0.0000
0.0000
0.0000
0.0000
0.0000
0.0000
0.0000
0.0000
0.0000
0.0000
0.0000
0.0000
0.0000
0.0000
0.0000
0.0000
0.0000
0.0000
0.0000
0.0000
0.0000
0.0000
1.3812
1.0255
0.0000
0.0000
0.0000
0.2702
0.0000
0.0000
0.0000
0.0000
0.0000
0.0000
0.0000
0.0000
0.0000
0.0000
0.0000
0.0000
0.0000
0.9578
0.0000
0.0000
0.0000
0.0000
0.0000
0.0000
0.0000
0.0000
2.4039
0.0000
0.0000
0.0000
0.0000
0.0000
0.0000
0.0000
0.0000
0.0000
2.4954
0.0000
0.0000
2.3652
0.0000
0.0000
0.0000
1.2015
0.2611
0.0000
0.0000
0.0000
0.0000
0.0000
0.0000
3.4175
0.0000
0.0000
0.7534
0.7408
0.0000
0.0000
2.9596
0.0000
0.0000
0.0000
0.0000
0.0525
0.0000
0.0000
0.0000
0.0000
0.0000
0.0000
0.0000
0.3170
1.7232
3.2391
0.0000
1.3762
0.0000
0.0000
0.0000
0.0000
0.0000
0.0000
0.0000
0.0000
0.0000
0.0000
0.0000
0.0000
0.0000
0.0000
3.7338
0.0000
0.0000
0.0000
0.2610
0.0000
0.0000
0.0000
0.0000
2.2984
0.5478
0.0000
0.0000
0.0000
0.0000
0.0000
0.0000
0.0000
0.0000
0.0000
0.0000
0.0000
0.0000
0.0000
0.0000
0.0000
0.0000
0.0000
0.0000
0.0000
0.0000
0.0000
0.0000
1.3561
0.0000
0.0000
0.0000
1.0907
0.0000
0.0000
2.7597
0.0000
0.0000
0.0000
0.0000
0.0000
0.2327
0.0000
1.9735
0.0000
0.0000
0.5787
0.8707
0.0000
0.0000
0.0000
0.6425
1.0026
0.0000
3.8699
0.0000
0.5111
0.0000
0.0000
0.0000
0.0000
0.0000
0.0000
0.0000
0.0000
1.4220
1.5292
0.0000
0.0000
0.0000
0.0000
0.0000
0.0000
0.0000
0.0000
0.0000
0.0000
0.0000
0.0000
0.0090
0.0000
0.0000
1.2716
0.0000
0.0000
0.0000
0.0019
0.0000
0.0000
0.0000
1.2203
1.2675
0.0000
0.0000
0.0000
0.0000
0.0000
0.0000
0.0000
0.0000
0.0000
0.0000
0.0000
1.8058
0.0000
2.2626
0.0000
0.0000
1.1225
0.0000
0.0000
0.0000
0.0000
0.0000
0.0000
0.0000
0.0000
0.0000
0.0000
0.0000
0.0000
1.7181
0.0000
0.0000
0.0000
0.0000
0.0000
0.0000
0.0000
0.1579
0.0000
0.0000
0.0000
0.0000
0.0000
1.8427
1.5416
0.0000
0.0000
0.0000
0.0000
0.0000
0.0000
0.0000
0.0000
2.6745
0.0000
0.0000
0.0000
0.0000
0.0000
0.0000
0.0000
0.5921
0.0000
0.0000
0.0000
0.0000
0.0000
1.0070
0.0000
0.0000
1.6993
0.0000
0.0000
0.0000
0.0000
0.0000
0.0000
0.0000
0.0000
0.5974
0.0000
2.5857
0.0000
0.0000
0.0000
0.0000
0.0000
0.0000
0.0000
0.0000
0.0000
0.0000
0.0000
0.0000
0.0000
0.0000
0.0000
0.0000
0.0000
1.1588
0.0000
0.0000
0.0000
0.0000
0.0000
0.0000
0.0000
0.0000
0.0000
0.0000
0.0000
0.0000
0.0000
0.0000
1.6135
0.0000
0.0000
0.7053
0.0000
0.0000
0.0000
0.0000
0.0000
1.2808
0.0000
0.0000
0.0000
0.0000
1.4776
0.0000
0.0000
0.0000
0.0000
0.0000
0.0000
0.0000
0.0000
0.0000
0.0000
0.0000
0.0000
1.7641
0.0000
0.0000
0.0000
0.9712
0.0000
0.0000
1.8839
1.8404
0.0000
0.0000
0.0000
0.0000
0.0000
0.0000
0.0000
0.0000
0.0000
0.0000
0.0182
0.0000
0.0000
2.5895
0.0000
0.0000
0.0000
0.0000
0.5507
0.0000
0.0000
0.0000
1.2177
1.7622
0.0000
0.0000
1.8363
2.8321
0.0000
0.0000
0.0000
0.0000
0.0000
0.0000
0.0000
0.0000
0.0000
0.0000
0.0000
0.0000
0.0000
0.0000
0.7484
0.0000
0.0000
1.0039
0.6378
0.0000
1.1434
0.0000
6.1796
0.0000
0.0000
0.0000
0.0000
0.0000
0.0000
1.2626
0.0000
0.0000
0.0126
0.0000
2.8874
0.0000
1.5450
0.0703
0.0000
0.0000
0.0000
1.0772
0.0000
0.0000
0.0000
0.0000
0.0000
0.0000
0.0000
0.5898
0.0000
0.0000
0.0000
0.0000
0.1921
0.0000
1.0139
1.7491
1.5128
1.6507
0.0000
0.0000
0.0000
0.3210
0.0000
0.0000
0.0000
0.0000
2.1977
0.0000
0.0000
0.0000
4.6154
0.0000
0.0000
0.0000
1.6324
0.0000
0.0000
0.0000
0.0000
0.0000
4.6209
0.0000
1.4980
0.0000
2.8996
0.0000
0.0000
0.0000
3.2050
0.0000
1.7641
0.0000
1.9107
0.0000
0.0000
0.0000
0.0000
3.9427
0.0000
0.0000
0.1307
1.0574
0.5994
2.2533
0.0000
0.0000
0.0000
2.2548
0.0000
1.8330
0.0000
0.0000
0.3123
0.0000
0.0000
0.0000
0.0000
1.4855
0.0000
0.1539
0.0000
0.0000
0.0000
0.0000
0.0000
0.0000
0.0000
0.0000
0.0000
0.0000
0.0000
2.2599
1.4273
1.7694
0.0000
0.0000
1.3706
0.0000
0.0000
0.0000
0.0000
1.4916
0.0000
0.0000
0.0000
0.0000
0.0000
0.0000
0.0000
0.0000
0.0000
0.0000
0.0000
0.0000
0.0000
0.0000
3.2748
0.0000
0.4718
0.0000
0.0000
0.0000
1.0653
0.0000
0.0000
0.8561
0.0000
0.0000
0.6703
0.0000
0.2589
0.0000
0.0000
0.0000
0.0000
0.0000
0.0000
0.0000
0.0000
0.0000
2.5730
0.8192
0.0074
0.4868
0.0000
0.0000
0.0000
0.0000
0.0000
0.0000
0.0000
0.0000
0.0000
0.0000
0.0000
0.0000
0.0000
0.0000
0.0000
0.0000
0.0000
0.0000
0.0000
0.0000
0.0000
0.0000
0.0000
0.0000
0.0000
0.0000
0.0000
0.0000
0.0000
0.0000
0.0000
1.3182
0.3839
3.6113
0.0000
0.0000
0.3494
0.0000
0.0000
0.0000
0.0000
0.0000
0.0000
1.7865
0.0000
0.0000
1.0737
0.0000
0.0000
0.0000
0.0000
0.0000
0.0000
1.6672
0.0000
0.0000
0.0000
1.4580
1.6782
0.0000
0.0000
4.1819
0.8839
0.0000
0.0000
0.0000
0.0000
0.0000
0.0505
0.1558
0.0000
0.0000
0.0000
0.0000
0.0000
1.3638
0.0000
2.3673
0.0000
0.0000
0.0000
0.3395
0.0000
0.0000
0.0000
0.0000
0.0000
1.4161
1.9097
0.0000
0.0000
0.8789
0.0000
0.0000
0.0000
0.0000
0.0000
2.9512
1.2540
1.3152
0.0000
0.0000
0.0000
0.0000
0.0000
0.0000
0.0000
0.0000
0.0000
0.7083
2.2716
0.0000
0.0000
0.0000
0.0000
0.0000
0.0000
0.0000
0.0000
0.0000
0.0000
0.0000
0.0000
0.0000
0.0000
0.0000
0.0000
0.0000
0.0000
0.0000
0.0000
0.3299
0.0000
0.0000
0.0000
0.9258
0.5522
0.0000
0.0000
2.2920
0.0000
0.0000
0.0000
0.0000
3.0072
0.0000
0.0000
0.0000
0.0000
0.0000
0.8355
0.0000
0.0000
0.0000
0.0000
0.0000
0.0000
0.0000
1.7492
2.9332
0.0000
0.0000
0.0000
0.0000
0.0000
0.0000
2.2739
0.0000
0.0000
0.0000
0.0000
0.0000
0.0000
2.3519
0.0000
0.0000
0.0000
0.0000
1.3746
0.2871
0.0000
0.0000
0.0000
1.6593
0.0000
0.0000
0.0000
0.0000
0.0000
0.7447
0.0000
0.0000
0.0000
0.0000
0.0000
0.0000
0.0000
0.0000
0.0000
0.0000
0.0000
0.0000
0.0000
0.0000
0.0000
0.0876
0.0000
0.0000
0.0000
0.0000
0.0000
1.7707
2.2489
0.0000
0.0000
0.0000
0.0000
0.0000
0.0000
0.0000
0.5415
1.4770
2.0676
0.0000
2.7864
0.0000
0.1406
0.0000
0.0000
0.0000
0.0000
0.0000
0.0000
0.0000
0.0000
0.0000
0.0000
0.0000
0.0000
0.0000
0.0000
0.0000
0.0000
0.0000
0.9876
0.0000
2.6380
0.0000
0.0000
0.0000
0.2735
0.0000
0.0000
0.0000
0.0000
1.3759
3.1022
0.0000
1.7854
0.0000
0.0000
0.0000
0.0000
0.0000
0.0000
0.0000
0.0000
0.0000
0.0000
0.0059
3.5314
0.0000
0.0000
0.0000
1.7422
0.0000
0.5938
0.0000
0.0000
1.6869
0.0000
0.0000
1.6823
0.0000
1.8504
2.0118
5.7205
0.0000
0.8571
0.0000
0.0000
1.3259
0.0000
0.0000
1.7964
0.0000
0.0000
0.0000
0.0000
0.0000
0.0000
0.0000
0.0000
0.0000
1.1724
0.1166
0.7364
0.0000
1.7871
0.0000
0.0000
1.0232
0.5535
0.0000
1.6260
0.0000
0.0000
1.2977
1.2124
0.0000
0.0000
0.0000
0.8496
0.0000
0.0000
0.0000
0.0000
0.0000
0.8171
0.0000
0.0000
0.0000
1.4692
0.0000
1.7237
0.0000
2.2800
0.0000
0.0000
0.0000
0.0000
0.0000
0.0000
0.0000
0.0000
0.0000
0.0000
0.0000
0.0000
1.3300
3.7634
0.0000
0.0000
0.0000
0.3052
0.0000
0.0000
0.0000
0.0000
0.0000
0.0000
0.0000
0.0000
3.5435
0.0000
0.0000
0.0000
0.0000
0.0000
0.0000
0.0000
0.0000
1.1635
2.7835
1.6073
0.0000
1.0827
0.0000
0.7770
0.0000
0.0000
0.1837
0.0000
0.0000
0.0000
0.0000
0.0000
0.0000
0.0000
1.1034
0.0000
0.0000
0.0000
0.0000
0.0000
0.0000
0.5513
0.0000
0.0000
3.7223
0.6270
0.8160
0.0000
0.0000
0.0000
0.0000
0.7319
1.7334
0.6562
0.0000
0.0000
0.0000
0.0000
0.0000
0.0000
0.0000
2.3040
0.0000
0.0000
0.0000
0.0000
0.0000
0.0000
0.0000
0.0000
0.0000
0.1098
0.0000
0.0000
0.0000
0.0000
0.0000
0.0000
0.0000
0.0000
0.0000
0.0000
0.0000
1.0868
0.0000
0.0000
0.0000
0.0000
2.0106
0.0000
0.0000
0.0000
0.0000
0.0000
0.0000
0.0000
0.0000
0.0000
0.0000
0.2852
0.5641
1.7629
0.0000
0.0000
0.0000
0.1587
0.0000
2.0255
0.0000
0.0000
0.0000
0.0000
0.0000
0.0000
0.0000
0.0000
0.0000
0.0000
0.0000
0.0000
0.0000
0.0000
0.1214
0.0000
0.4509
0.0000
0.9204
0.1940
0.0000
0.0248
0.0000
3.4591
1.0937
0.4737
0.0000
1.7728
0.0000
1.3886
0.0000
0.0000
0.0000
0.0000
0.0000
0.0000
0.0000
0.0000
0.0000
1.1284
0.0000
0.0000
0.0000
1.7762
0.0000
0.0000
4.6080
0.0000
0.0000
0.0000
0.0000
0.0000
0.0000
0.0000
0.0000
0.3723
0.0000
0.0000
0.0000
0.0000
0.0000
0.0000
0.0000
0.0000
0.0000
0.0000
0.0000
0.0000
0.0000
0.0000
1.1372
0.0000
0.0000
0.0000
0.0000
1.0420
0.0000
0.0000
0.0868
0.0000
0.0000
0.3121
1.9541
0.0000
1.0943
0.0000
0.0000
0.0000
0.0000
1.5401
0.0756
0.0000
0.0000
0.0000
0.0000
0.0000
0.0000
0.0000
0.7917
0.0000
0.9149
0.0000
0.0000
0.0000
0.0000
0.0000
0.0000
0.0000
0.0000
0.0000
0.0000
0.0000
1.4623
0.0000
0.0000
0.0000
0.0000
0.0000
0.0000
0.0000
0.0000
0.0000
0.0000
0.0000
0.0000
0.0000
0.0000
0.6600
0.0000
0.0000
0.0000
1.9558
0.0000
1.9172
0.0000
0.0000
0.0000
0.0000
0.0000
0.1980
2.6679
0.5323
0.0000
0.1160
0.8549
1.0130
0.0000
0.0000
0.0000
0.0000
0.0000
0.0000
0.0000
0.0000
0.0000
0.0000
0.0000
0.0000
0.0000
2.1643
0.0000
1.6385
0.0000
0.0000
0.0000
0.0000
0.0000
0.0000
0.0000
2.8325
0.0000
1.3559
3.4041
0.0000
0.0000
0.0000
0.1720
0.0000
0.0000
2.4376
0.0000
0.0000
0.0000
0.0000
1.4827
0.0000
0.0000
0.7388
0.0000
0.9132
0.0000
0.0000
0.0000
0.0000
0.0000
0.0000
0.0000
1.2611
5.0374
0.0000
0.0000
1.1809
0.0000
2.4393
0.0000
0.0000
0.0000
0.0000
0.0000
0.0000
0.0000
0.0000
0.0000
0.0000
3.0114
0.0000
2.5290
0.0000
0.4849
0.0000
0.0000
0.0000
0.0000
0.0000
1.0694
0.7709
0.0000
0.0000
1.8118
0.0000
0.0000
2.1644
0.0000
0.0000
0.0000
0.0000
0.5883
0.0000
0.0000
0.7246
0.0000
0.0000
0.0000
0.0000
0.0000
0.6553
0.1013
0.0000
0.0000
0.0000
3.5111
0.0000
5.0886
2.5306
0.6343
0.0000
0.0000
0.0000
0.0000
0.0000
0.0000
0.0000
0.0000
0.6602
0.0000
0.0000
0.0000
0.0000
0.3038
0.0000
0.0000
0.0000
0.0000
0.0000
2.1130
0.0000
0.0188
0.0695
0.0000
1.9853
0.0000
0.0000
0.0000
0.0000
1.9809
0.0000
0.0000
0.0000
0.0000
0.0000
0.0000
1.0483
0.0000
0.0000
0.0000
0.0000
0.0000
1.5843
0.0000
0.0000
0.0000
0.0000
0.0000
0.0000
1.0754
0.0000
0.0000
0.0000
0.0000
0.0000
0.0000
0.0000
0.0000
0.0000
0.0000
1.7089
0.0000
0.1450
0.0000
0.0000
0.0000
2.2591
0.0000
0.0000
0.0000
0.0000
0.0000
0.0000
2.4882
0.6571
0.0000
0.0000
0.0000
0.0000
0.0000
0.8532
0.0000
0.0000
0.0000
1.5049
0.0000
0.0000
0.0000
0.0000
1.9814
1.6858
0.0000
0.8299
0.0000
0.0000
0.0000
0.0000
5.4817
0.0000
0.0000
0.0000
0.0000
0.0000
0.0000
0.0000
0.0000
0.0000
0.6851
0.0000
0.0000
0.7980
0.0000
0.0000
0.0000
0.0000
0.0000
0.0000
0.0000
3.2850
0.0000
0.0000
0.9517
1.7760
2.8090
0.0000
0.7703
0.0000
0.0000
0.0000
0.0000
0.0000
4.2154
0.3665
0.0000
0.6699
2.7282
0.0000
0.0000
2.8896
1.1885
0.0000
0.3556
0.0000
0.0000
0.0000
0.0000
0.0000
0.0000
0.0000
0.0000
0.0000
0.0000
0.0000
0.0000
1.2799
0.0000
0.6541
0.3853
0.0000
0.0000
0.3999
2.7180
0.0000
0.0000
0.0000
1.2339
0.5720
0.0000
0.0000
0.0000
0.0000
0.0000
2.7847
1.8412
0.0000
0.0000
0.0000
0.0000
2.7611
1.6117
0.0000
0.0000
0.0000
0.0000
0.0000
1.8987
0.0000
0.0000
0.0000
0.0000
0.0000
0.8997
0.0000
0.0000
0.0000
0.0000
0.0000
0.0000
1.1196
0.0000
0.0000
0.0000
0.0000
0.0000
0.2784
0.0000
0.0000
0.1448
0.0000
0.0000
0.0000
0.0000
0.0000
0.0000
0.4044
0.0000
0.0000
0.0000
0.0000
0.0000
0.0000
0.0000
0.0000
0.0000
0.0000
0.0000
0.0000
0.0000
0.0000
1.2088
0.0000
0.0000
0.0000
0.0000
0.0000
0.0000
0.0000
0.0000
0.0000
0.0000
0.0000
0.0000
0.0000
0.0000
0.0000
0.0000
0.0000
0.0000
0.0000
0.0000
1.2374
0.0000
0.0000
0.0000
0.0000
0.0000
0.0000
0.0000
0.0000
0.0000
0.1113
0.0000
0.0000
0.0000
0.0000
0.0000
0.8081
0.0000
2.0296
0.0000
0.3808
0.0000
0.0000
0.0000
0.0000
0.0000
1.7224
0.0000
0.2498
0.0000
0.0000
0.0000
2.4849
0.0000
0.0000
0.0000
0.0000
0.0000
0.6078
0.0000
0.0000
0.1620
0.0000
0.0000
0.0000
0.0000
0.0000
1.2142
2.2882
0.0000
0.0000
0.0000
0.1644
0.0569
0.0000
0.0000
0.0000
0.0000
0.0000
0.0000
0.0000
0.0000
0.0000
0.4816
0.0000
2.7423
0.0000
0.9948
0.4785
0.0000
0.0000
0.0000
0.0000
0.0000
0.0000
0.6496
3.6422
0.0000
0.0000
0.0000
2.3447
0.0000
0.0000
0.0000
0.0000
0.0000
0.0000
0.0000
0.0000
0.0000
0.0000
0.0000
0.0000
1.5103
0.0000
0.0000
1.7859
0.0000
0.0000
2.3321
0.0000
0.0000
0.0000
0.0924
0.0000
0.0000
0.0000
2.0464
0.0000
0.0000
0.0000
0.0000
0.0000
0.0000
0.0000
0.0000
0.0000
0.0000
0.0000
0.0000
0.0000
0.4023
0.3179
0.0000
0.0000
0.0000
0.0000
0.7121
0.0000
0.0000
0.0000
5.6322
0.0000
0.0000
0.0000
0.0000
0.0000
0.0000
2.4423
0.0000
0.0000
0.0000
2.5197
1.9976
0.0000
0.0000
0.0000
0.0000
0.7868
0.0000
0.0000
0.0000
1.6148
0.0000
0.1404
0.6436
0.0000
1.0845
0.0000
0.0000
0.4184
0.0000
0.0000
0.0000
0.0000
0.0000
0.0000
0.0000
0.0000
0.0000
0.0000
0.0000
0.0000
0.7508
0.0000
0.0000
0.0000
1.6025
0.0000
0.0000
0.0000
0.0000
0.0000
1.5107
0.0000
0.0000
1.7492
0.0000
0.0000
0.5594
0.1213
0.3279
0.0000
0.0000
0.0000
0.0000
0.0000
0.0000
0.0000
0.0000
0.0000
0.0000
0.0000
0.0000
0.0000
0.0000
0.0000
0.0000
0.0000
0.0000
0.0000
0.0000
0.0000
0.9937
0.0000
0.0000
0.0000
0.0000
0.0000
0.0000
0.0000
0.0000
0.2270
0.2600
0.0000
0.7187
0.0000
0.0000
0.0000
0.0000
0.0000
0.0000
0.0000
0.0000
0.0000
0.2530
0.0000
0.0000
0.0000
3.3606
5.9147
0.0000
0.0000
0.9562
0.0000
0.0000
0.0000
0.0000
0.0000
0.0000
0.0000
0.0000
0.0000
0.0000
0.0000
0.0000
0.0000
0.0000
0.0000
0.0000
0.0000
0.0000
0.1280
0.0000
2.1487
1.6117
0.0000
0.0000
0.0000
0.0000
0.8219
0.0000
0.0000
0.8227
0.7045
0.4242
0.0000
4.1288
0.0000
0.0000
0.0000
1.8551
0.0000
0.0000
0.1028
0.0000
0.0000
0.0000
0.8768
0.0000
0.2130
1.1986
0.0000
4.1346
0.0000
0.0000
0.0000
1.3482
0.0000
0.0000
0.0000
2.4523
0.0000
0.0000
0.0000
0.0000
0.0000
0.7248
0.3430
0.0000
0.9637
0.0000
0.0000
0.0000
0.0000
0.0000
0.0000
0.0000
0.0000
0.0000
0.0000
0.0000
0.0000
0.8340
2.6342
0.0000
0.0000
1.6770
0.0000
0.0000
0.0000
0.0000
0.9004
0.0000
0.2533
0.0000
0.0000
0.3514
0.0000
0.0000
0.0000
0.0000
0.0000
0.0000
0.0000
0.0000
0.0000
0.0000
0.0000
0.0000
0.0000
0.0000
0.0000
0.0000
0.0000
0.0000
1.7270
0.0000
0.0000
0.0000
0.0000
0.0000
1.3763
0.0000
0.0000
0.0000
1.7742
0.0000
0.0000
0.0000
0.0000
0.0000
0.0000
0.0000
0.0000
5.3265
1.0511
0.0000
0.0000
0.0000
2.9771
0.5773
0.0000
0.0000
0.0000
0.0000
0.0000
0.0000
0.0000
0.0000
0.0000
0.0000
0.0000
0.0000
0.0000
0.0000
0.0000
0.0000
0.0000
0.0000
0.0000
0.5734
0.0000
0.0000
0.0456
0.0000
0.0000
0.0000
0.0000
0.5964
0.0000
0.0000
0.0000
3.5143
0.0000
0.0000
0.0000
0.0000
1.4643
0.0000
0.7032
2.2871
0.0000
0.0000
0.2128
0.0000
0.0000
0.0000
0.0000
0.0000
0.0000
0.0000
0.0000
0.0000
0.0000
0.0813
0.0000
0.0000
0.0000
0.0000
0.0000
0.0000
0.0000
0.0000
0.0000
0.0000
0.0000
0.0000
0.0529
0.0000
0.0000
0.3353
0.0000
0.0000
0.0000
0.1646
0.0000
0.0000
0.0000
0.0000
4.2706
0.0000
0.0000
0.9108
0.0000
0.0000
0.0000
0.0000
1.4945
0.0000
0.0000
0.0000
0.0000
0.0000
0.0000
0.0000
0.0000
0.0000
2.4351
0.0000
0.0000
2.5507
0.0000
1.9968
0.0000
0.0000
0.0000
0.0000
0.0000
0.0039
1.1597
1.2870
1.6946
0.0000
5.5657
0.0000
0.0000
0.0000
0.0000
1.1026
0.0000
0.3842
0.0000
0.0000
0.0000
0.0000
0.0000
0.9375
0.0000
0.0000
0.0000
0.0000
0.0000
0.0000
0.8872
0.4538
0.0000
0.0000
1.1809
0.0000
0.0000
0.0000
0.8452
0.0000
0.5759
0.0000
0.0000
1.2708
0.0000
0.0000
0.0000
4.4011
0.0000
7.4425
0.0000
0.5753
3.3137
1.3950
0.0000
0.0000
0.0000
0.0000
0.0000
0.0000
0.0000
0.0000
1.2691
0.0000
0.0000
0.0000
0.0000
0.1751
0.0000
0.0000
3.8041
0.0000
0.0000
0.0000
0.0000
1.5007
0.6973
2.6428
0.0000
0.0000
0.5998
0.0000
1.6465
0.0000
0.0000
2.7989
0.0000
0.2881
0.0000
0.0000
0.4234
3.6686
0.0000
0.0000
0.0000
0.0000
0.0000
0.8453
0.0000
0.0000
0.0000
2.3539
0.0000
0.0000
0.0000
0.0000
0.0000
0.0000
0.0000
0.0000
0.0000
0.0000
0.0000
0.0000
0.0000
0.0000
0.0000
0.0000
1.0630
2.0021
0.0000
0.0000
0.0000
0.0000
0.0000
0.0000
0.0000
1.5680
0.5749
2.2552
0.0000
0.0000
1.5123
0.0000
0.0000
0.0000
0.3330
0.5333
0.0000
1.1212
0.0000
0.0000
3.9285
0.0000
0.0000
0.5731
0.0000
0.0000
0.0000
0.4436
0.0000
0.0000
0.0000
0.0000
1.4858
1.6037
0.0000
0.0000
0.0000
2.2466
0.0000
0.2935
3.9384
0.0000
0.0000
0.0000
0.0000
0.0090
0.0000
0.3818
0.0000
0.1886
0.4599
0.0000
1.3721
0.0000
0.0000
0.0000
0.0000
0.0000
0.0000
0.0000
1.6988
0.0000
0.0000
3.0385
0.0000
0.0000
0.0000
0.0000
0.0000
0.8718
0.0000
0.0000
0.0000
0.0000
0.0000
0.0000
0.3386
0.0000
0.0000
0.0000
0.0000
0.8461
1.1232
0.0000
0.0000
1.7464
0.4104
1.9310
0.0000
0.0000
0.0000
0.0000
1.6100
2.0360
0.0000
0.0000
0.0000
0.0000
0.0000
0.0000
1.6145
4.5683
0.0000
0.0000
0.0000
0.0188
2.3385
0.0000
0.0000
0.0000
0.0000
0.0000
0.0000
0.0000
0.0000
0.0000
0.0000
0.0000
0.1619
0.0000
5.7533
0.0000
0.0000
0.0000
0.0000
0.0000
0.1853
0.0000
0.0000
0.0000
0.0000
3.2079
0.0000
0.0000
0.0000
0.3621
0.0000
0.0000
0.0000
2.6604
0.0000
0.0000
0.8486
1.1127
0.0000
0.0000
0.0000
0.0000
0.0000
0.0000
0.4695
0.0000
0.0000
0.0000
8.3380
0.0000
0.0000
0.0000
0.0000
0.0000
0.0000
0.0000
0.0000
0.0000
0.0000
0.8187
0.0000
0.0000
0.0000
1.4669
0.3102
0.0000
0.8045
0.0000
0.0000
0.0000
0.2537
0.0000
0.0000
0.0000
0.0000
0.0000
0.0000
0.0000
0.2427
0.0000
0.9569
2.6882
0.0000
0.0000
0.0000
0.0000
0.0000
0.0000
0.0000
0.0000
0.0000
0.0000
0.0000
0.0000
0.0000
0.0000
0.0000
0.0000
2.0064
0.0000
1.6568
0.9229
0.4489
0.0000
0.0000
0.0000
0.0000
0.0000
0.0000
0.0000
0.0000
0.8585
0.0000
0.0000
0.0000
1.8526
0.5629
0.0000
0.0000
0.4393
0.0000
0.7336
0.0000
0.0000
0.0000
0.0000
0.0000
0.0000
0.0000
0.0000
0.0000
0.0000
0.0000
0.0000
0.0000
0.0000
0.0000
0.0000
0.0000
0.0000
0.0000
0.9120
0.0000
0.0000
0.9196
1.5603
0.0000
3.8575
0.9299
0.0000
0.9972
0.0000
0.0000
0.0000
0.0000
0.0000
0.3174
1.4497
0.0000
0.0000
0.0000
0.0000
0.0000
0.0000
0.0000
1.4166
0.0000
1.0462
0.0000
2.7072
0.7354
0.0000
1.9813
2.8242
0.0126
0.0000
0.0000
0.0000
0.0000
0.0000
0.0000
0.0000
0.0000
0.0000
0.0000
0.0000
0.0000
0.0000
0.9796
0.0000
0.0000
1.9863
0.0000
0.0000
0.0000
0.0000
0.0000
0.0000
4.4784
0.0000
0.0000
0.0000
0.0000
0.0000
2.7407
0.4563
0.0000
1.3889
0.0000
1.0142
0.0000
0.0000
0.0000
0.0000
0.5857
0.0000
0.0000
0.0000
0.0000
0.0000
0.0000
2.5796
0.0000
0.0000
0.0000
0.0000
3.5008
0.0000
0.0000
0.0000
0.0000
0.0000
1.9791
0.0000
0.0000
0.0000
3.9377
0.0000
0.0000
1.7764
0.0000
0.0000
1.1504
0.0000
0.0000
0.0000
0.0000
0.0000
0.0000
0.0000
0.8884
0.0000
1.3874
1.4677
2.4524
2.4020
0.0000
0.0000
0.0000
0.0000
0.0000
1.7680
0.0000
0.0000
0.0000
0.0000
0.0000
0.2409
0.0000
0.0000
0.0000
0.0000
0.0000
0.0000
0.0000
0.0000
0.0000
0.5266
0.0000
0.0000
0.0000
2.8748
0.0000
0.2750
0.0000
5.4777
0.0000
0.2490
0.0000
0.8648
0.0000
0.0000
0.0000
0.0000
0.0000
0.0000
0.0000
0.0000
2.1224
0.0000
0.0000
0.0000
0.0000
0.0000
0.0000
0.0000
0.0000
0.0000
0.3682
0.0000
0.0000
0.0000
2.0499
0.0000
0.0000
0.0000
4.0015
0.0000
1.4306
0.0000
0.0000
0.0000
0.0000
0.0000
0.0000
0.0000
0.0000
0.0000
0.0000
0.0000
0.0000
0.0000
0.0000
0.0000
0.0000
0.0000
0.0000
0.0000
0.0000
0.0000
0.0000
0.0000
0.0000
0.0000
0.0000
0.0229
0.0000
0.0000
0.0000
0.0000
0.0000
0.0000
0.0000
0.0000
1.5632
0.0000
1.1705
0.0000
0.0000
0.0177
0.0000
0.0000
0.0000
0.0000
0.0000
0.8534
0.0000
0.0000
0.0000
0.0000
0.0000
1.2487
2.2648
0.0000
0.0000
0.0000
0.0000
0.0000
1.6559
0.3050
1.2321
0.0000
0.0000
0.0000
0.0000
0.3978
0.0000
4.2328
0.0381
0.0000
1.2959
0.0000
0.0000
0.0000
0.0000
0.0000
0.2548
0.0000
0.0000
0.0000
0.0000
0.0000
0.0000
0.0000
1.5111
0.0000
0.0000
0.4345
2.0312
0.0000
0.4011
0.0000
0.0000
0.0000
0.3920
1.0034
1.0399
0.0000
1.5528
0.0000
0.0000
0.0000
0.6245
0.0000
0.0000
0.0000
0.0000
0.5444
0.3702
1.0661
0.0000
0.0000
0.0000
0.0000
0.0000
0.0000
0.0000
0.0000
0.0000
0.0000
0.0000
0.0000
0.0000
0.0000
2.2991
0.0000
0.0000
0.0000
0.0000
0.0000
0.0000
0.0000
0.0000
0.0000
0.0000
1.8832
0.4876
0.0000
3.0787
0.0000
0.0000
0.0000
0.0000
0.7548
0.0000
0.0000
0.0000
0.0000
0.0000
0.0000
0.0000
0.0000
0.0000
0.0000
0.0000
0.0000
0.0000
0.0000
0.0000
0.4433
0.0000
0.9507
0.0000
5.8123
0.0000
0.0000
0.0000
0.0000
0.0000
0.0000
0.0000
1.0174
0.0000
0.0000
0.0000
0.0000
0.0000
0.0000
0.0000
0.2326
0.0000
0.8552
0.0000
0.0000
0.8683
0.0000
0.0000
0.1260
0.0000
0.0000
0.0000
0.0000
2.0184
0.0000
0.0000
0.0000
1.3935
2.8343
0.0976
0.0000
0.0000
0.0000
0.0000
0.0000
0.0000
0.0000
4.4616
0.0000
2.3045
0.0000
0.0000
0.0000
0.0000
0.7677
0.9506
0.0000
3.8204
2.4633
0.0000
0.0000
1.2101
0.0000
0.8466
0.0000
0.0000
0.0000
0.0000
0.0000
0.0000
2.0955
0.0000
0.0000
1.2033
0.0000
0.0000
0.0000
0.0000
1.3000
1.8894
0.0000
0.0000
0.0000
0.0000
0.0000
0.0000
3.3872
0.0000
0.0000
0.0000
0.0000
0.0000
0.0000
0.4535
0.5950
0.6598
0.0000
0.0000
0.0000
0.0000
0.0000
4.0540
0.0000
0.0000
0.0000
2.3278
3.4471
0.4166
0.0000
0.0000
0.0000
0.0000
0.0000
1.6989
0.0000
0.0000
4.0028
0.0000
0.0000
0.0000
0.0000
0.0000
0.2644
1.8039
0.0000
0.0000
0.0000
1.6042
2.4777
0.0000
0.0000
0.0000
0.0000
0.0000
0.0000
5.8288
0.0000
1.6710
0.0000
0.0000
0.3224
0.0000
0.0000
0.0000
0.0000
0.0000
0.0000
3.7784
0.0000
0.0000
0.0000
0.0000
0.0000
0.0000
0.0000
0.5855
0.6309
0.0000
1.6994
0.0000
0.9402
0.0000
0.0000
0.7642
5.7217
0.0000
0.0000
0.0000
0.0000
0.0000
0.0000
0.0000
0.0000
0.0000
0.8402
3.4394
0.0000
0.8515
0.0189
0.0000
0.0000
0.0000
0.0000
0.0000
0.5472
2.1116
0.0000
0.0000
0.0000
0.0000
0.0000
0.0000
0.0000
4.3166
0.0000
2.7351
0.0000
0.0000
0.0000
0.0000
0.0000
0.0000
0.0000
0.8938
0.9071
0.0000
0.0000
0.0000
0.0000
4.9342
0.0000
0.0000
0.0000
0.0000
0.0000
0.9793
0.0000
0.0000
0.0000
0.0000
4.4277
0.0000
0.0000
0.0000
0.0000
0.1426
0.0000
0.0000
0.3384
0.2715
0.0000
1.9782
1.8686
1.3207
2.3970
0.4053
0.0000
1.6557
0.3408
0.0000
0.0000
0.0000
0.0000
0.0000
0.0000
0.0000
0.0000
0.0000
0.0000
0.0000
0.0000
0.0000
0.0000
0.0000
0.0000
0.0000
0.0000
0.0000
0.0000
0.0000
7.0661
0.0000
0.0000
0.0000
0.0000
0.0000
0.1995
0.0000
0.0000
0.0000
0.0000
0.0000
0.0000
0.0047
0.0000
2.6082
0.6144
0.0046
0.0000
0.0000
0.0000
0.0000
0.0000
0.0000
0.0000
0.0000
0.3274
0.0000
0.0000
0.0000
0.0000
0.5559
0.0000
2.6247
0.0000
0.0000
0.0000
0.0000
0.0000
0.5921
0.0000
0.0000
0.7501
0.0000
0.0000
2.1398
1.8651
1.4706
0.0000
0.0000
0.0000
1.8904
0.9403
0.0000
0.0000
0.0000
0.0000
0.1721
0.0000
0.0000
0.0000
4.3076
0.0909
1.3228
0.8807
0.0000
0.0000
0.8565
0.0000
2.5802
0.0000
0.8892
0.0000
0.0000
0.0000
3.1948
2.5067
0.0000
0.0000
0.0000
0.0000
0.0000
0.0000
0.4495
0.0000
0.0000
0.0000
0.0000
2.9484
0.0000
0.0000
0.0000
0.6024
0.0000
1.9970
0.0000
0.0000
1.1509
0.0000
0.0000
0.0000
0.0000
0.0000
0.4025
0.0000
0.0000
0.0000
0.0000
1.3648
0.0000
4.2236
0.0486
0.0000
0.0000
0.0000
0.0000
0.0000
0.0000
0.0000
0.3622
0.7485
0.0000
3.8071
0.0000
0.0000
0.0000
0.0000
0.0000
1.8102
0.0000
0.0000
0.0000
0.0000
0.0000
0.0000
0.0000
0.0268
2.1881
0.0000
0.0000
0.0000
0.0000
0.0000
0.3257
1.4025
0.0000
0.7171
0.0000
0.0000
0.0000
0.0000
0.0000
0.0000
0.0000
0.5565
0.0000
0.0000
0.0000
0.6399
0.0000
3.8498
0.0000
0.2744
0.0000
0.0000
0.0000
0.0000
2.0028
0.4203
0.0000
0.0000
0.0000
0.0000
0.0000
1.7676
0.0000
0.0000
0.0000
0.0000
0.0000
0.0000
0.0000
0.0000
0.8048
0.2869
0.0000
0.0000
0.0000
0.0000
0.7068
0.0000
0.0000
0.0000
0.0000
0.0000
5.6223
0.0000
0.0000
4.0098
0.0000
0.0000
0.0000
0.0000
0.8322
0.0000
0.0000
1.8217
0.0000
0.0000
0.5291
1.8146
0.0000
0.0000
0.8394
0.0000
0.1222
0.0000
0.0000
2.3744
0.0000
0.0000
0.0000
0.0000
1.5024
0.0000
0.0000
0.0000
0.0000
0.0000
0.0000
0.0000
0.0000
0.0000
1.0550
0.0000
0.0000
0.0000
0.0000
0.7481
0.8869
0.0000
0.0000
0.0000
0.0000
0.0000
0.0000
0.0000
1.7816
0.0000
0.0000
0.0000
0.0000
0.2890
0.0000
0.0000
0.0000
0.0000
0.0000
0.0000
0.0000
0.0000
0.0000
1.8038
0.0000
0.0000
0.0000
0.0000
0.0000
0.0000
0.2472
0.0000
0.0000
0.0000
0.0000
0.1772
1.8540
0.6734
0.0000
0.0000
0.0000
4.4428
0.0000
0.0000
0.0000
4.1090
2.3969
0.0000
0.0000
0.0000
0.4525
0.0000
0.0000
0.0000
3.7630
0.0000
0.0000
0.9577
4.1709
0.0000
0.0000
0.0000
0.0000
0.0000
0.0000
3.0525
0.0000
0.0000
0.0000
0.0000
0.0000
0.0000
0.1586
1.0406
0.0000
0.0056
0.0000
0.0000
0.0816
0.0000
0.0000
0.0000
0.0000
0.0000
3.2725
0.0000
2.3642
0.0000
1.0858
2.6805
0.0000
0.4648
0.0000
2.3497
0.3624
0.0000
0.4059
0.0000
0.0000
0.0000
0.0000
0.0000
0.0000
0.4520
0.0000
0.0000
0.0000
0.0000
0.0000
0.0000
1.0098
0.0000
0.0000
0.0000
1.0503
0.0000
0.8444
0.0000
1.8677
0.0864
1.9756
1.5402
0.0000
0.9376
1.9941
0.0000
0.0000
0.6157
0.0000
2.9875
0.0000
1.3332
0.0000
0.8421
0.0000
0.0000
0.0000
0.0000
0.0000
0.0000
0.0000
0.0000
1.9074
1.2560
2.2619
0.0000
0.0000
0.2010
0.0000
0.0000
0.0000
0.0000
0.0000
1.8151
0.0000
0.0000
2.2632
0.0000
0.0000
0.0000
3.0519
2.1523
0.0000
0.0000
0.0000
0.0000
1.1420
0.0000
2.0819
0.0000
0.0000
0.0000
0.0080
0.0000
1.8256
0.0000
0.0000
0.4722
0.0000
0.0000
0.0000
1.2673
0.0000
0.0000
0.0000
0.0000
0.6472
0.5414
0.0000
0.0000
0.0000
0.0000
0.5603
1.3887
2.1349
0.0000
0.0000
0.0000
2.3720
0.0000
1.3064
0.0000
0.0000
0.0000
0.0000
0.0000
0.0000
0.0000
0.0000
0.0000
4.0035
0.0000
0.0000
0.6362
0.0000
0.0000
0.0000
0.6413
0.0000
0.0000
0.0000
1.7832
1.9922
0.3243
0.0000
0.0000
0.0000
0.0000
0.0000
0.0000
0.0000
0.0000
1.2807
0.0000
0.0000
0.0000
0.0000
0.0000
4.1107
0.0000
0.0000
0.0000
2.5493
0.0000
0.0000
0.0000
0.0000
2.2003
0.0000
0.0000
1.2599
0.8773
1.3744
2.6386
0.0000
0.0000
0.0000
0.9671
0.0000
0.0000
0.0000
0.0000
0.0000
0.0000
0.0000
0.0000
0.0000
0.0000
0.0000
0.0000
0.1756
0.0000
0.0000
0.0000
0.0000
0.9292
0.8744
0.0000
0.0000
0.5452
0.7252
2.3432
0.8642
0.0000
0.0000
0.0000
0.0000
1.3206
0.0000
0.0000
0.0000
0.0000
0.2552
0.0000
4.6129
1.5430
0.0000
3.3491
0.0000
0.1072
0.3156
0.0000
0.9101
0.4275
0.0000
0.0000
0.0000
0.0000
0.0000
0.0000
0.1240
1.0279
1.1153
0.0000
0.0000
0.3378
0.0000
0.0000
2.1247
0.0000
0.0000
0.0000
0.0000
0.0000
0.0000
