0.5115
0.0000
0.0000
0.0000
1.5402
0.0000
0.0000
0.0000
0.0000
2.0719
0.0323
0.0000
0.4539
0.0000
0.0000
0.0000
0.0000
0.0000
0.0000
0.0000
0.0000
0.0000
2.3829
0.5094
1.3276
2.9069
0.0000
2.4811
0.0000
0.0000
0.0000
0.0000
0.2236
0.0000
3.1344
0.0000
0.0000
0.1755
2.6567
0.3420
0.0000
0.0000
0.0000
0.0000
0.0000
1.1811
0.0000
0.0000
0.0000
1.3407
0.0000
0.0000
0.0000
0.0000
0.0000
0.0000
0.0000
0.0000
0.0000
0.0000
0.0000
2.3487
0.0000
0.9975
0.0000
0.0000
0.2276
0.0000
0.0000
0.0000
0.3356
2.7256
0.0000
0.0000
0.0000
2.2732
0.0000
0.0000
0.0000
0.0000
1.3127
0.0000
0.0000
0.0000
0.0000
0.8522
0.1647
2.0971
0.0000
0.0000
0.6332
0.0000
2.8153
2.2959
0.0000
0.0000
0.0000
0.0000
1.6735
0.0000
0.3228
0.0000
0.0000
0.0000
0.3522
0.0000
0.0000
0.0000
1.6748
4.3195
0.0000
0.0000
0.6644
0.4745
0.0000
0.0000
1.9687
0.0000
0.0000
0.0000
2.4826
0.0000
0.7763
1.4111
0.0000
0.0000
1.5998
0.5125
0.0000
0.3887
0.0000
0.0000
0.5797
0.0000
1.7846
0.0000
2.1601
1.6258
0.0000
3.3834
2.9817
0.0000
1.0034
1.0884
1.5005
0.0000
0.0000
0.0000
0.0000
0.0000
0.2609
0.1215
0.0000
0.0000
0.0000
0.0000
0.0000
0.0000
0.0000
0.0000
0.7938
0.0000
1.7581
0.0000
0.0000
0.4042
0.1075
0.0000
0.0000
0.7349
0.0000
0.0000
0.0000
0.0000
0.0478
0.0000
0.0000
0.0000
0.0000
5.5393
1.6816
2.2128
0.0000
0.0000
0.0000
0.0000
0.8571
0.0000
1.3340
0.4871
0.0000
0.0000
0.0000
0.0000
0.0000
0.0000
0.0000
0.3430
3.2744
2.2780
0.0000
0.0000
0.2324
0.0000
0.0000
0.0000
0.0000
0.0000
0.0031
0.0000
0.0000
0.0000
0.0000
1.3120
0.0000
0.0000
0.0000
0.0000
0.0000
0.0000
0.0000
0.0000
0.0000
0.0000
1.7200
0.0000
0.0000
0.5205
0.0000
0.0000
0.0000
0.0798
0.0000
0.0000
0.7461
0.0000
1.1398
0.0000
1.7963
0.0000
0.0000
0.0000
1.5789
0.0000
0.0000
0.0000
0.0000
0.0000
0.0000
0.0000
0.0678
0.0000
0.0000
0.0000
0.0000
0.1419
0.0000
0.0000
0.4505
0.0000
0.0000
0.0614
0.0000
0.0000
0.0000
0.0000
0.0000
0.0000
0.0000
0.0000
1.2340
0.0000
0.0000
2.7910
0.0000
0.0000
0.4260
0.9747
0.0000
0.0000
1.3345
0.0000
0.0204
0.1196
0.0000
0.0000
0.0000
0.0000
0.0000
0.0000
0.0000
0.0000
0.0000
0.0644
3.2820
0.0000
0.0000
0.0000
0.0000
1.7814
0.0000
0.0000
0.0000
0.0000
0.7159
0.0000
0.5955
0.0000
0.0000
0.0000
0.0000
0.6722
0.0000
0.0000
0.9590
0.0000
0.0000
0.0000
1.1729
0.9233
0.0000
1.1936
0.0000
0.0000
0.0000
2.8051
0.3528
2.1416
0.0000
1.8701
0.0000
0.0000
0.0000
0.0000
0.0000
1.4738
2.1945
0.0000
0.0000
1.9776
0.0000
0.0000
0.0000
0.0000
0.0000
3.9772
0.0000
0.0000
0.0000
0.0000
0.0000
2.7926
0.9844
0.0000
2.0293
0.9621
0.0000
0.0000
1.9105
0.0000
0.0000
0.0000
0.0000
0.0000
0.0000
1.3904
0.0000
0.0000
0.0000
0.0000
0.0000
1.3989
0.0000
0.0121
0.0000
0.0000
0.0000
1.8731
0.0000
0.0000
3.6937
0.0000
0.0000
0.0000
0.0000
0.0000
1.4525
0.0000
0.0000
0.0000
2.6205
0.0000
0.0000
0.0000
0.0000
0.4824
0.0000
0.1729
0.0000
0.0000
0.0000
3.4787
0.0000
0.0000
0.0000
0.0000
0.0000
0.0000
3.4126
0.0000
0.0000
0.0000
0.0000
3.5090
0.0000
0.0000
0.0000
0.0000
0.0000
0.0000
0.9235
0.0000
0.1026
0.0000
0.0000
0.0000
0.0000
0.2140
0.0000
0.6702
0.0000
0.0000
0.0000
0.0000
0.0000
0.0000
0.0000
0.0000
1.0481
0.0000
1.5644
0.0000
0.0000
0.0000
2.9316
1.4595
0.5099
0.0000
3.7184
0.9976
2.0220
0.0000
0.0000
0.4854
0.0000
0.2648
0.0000
0.0000
1.1553
0.0000
1.1046
0.0000
0.6645
0.0000
0.0000
0.0000
0.0000
0.0000
0.0000
0.0000
0.0000
1.2184
0.0000
0.0000
0.0000
1.0768
1.5810
0.0000
0.0000
0.0000
1.0037
0.0000
0.7922
1.4716
0.0000
0.5403
0.0000
1.7554
0.0000
1.1483
0.0000
0.0000
0.0000
0.0000
0.0000
1.0222
0.0000
0.0000
0.4792
0.0000
0.0000
0.6310
1.9496
0.5176
0.2036
0.4022
0.0000
0.0000
0.0000
1.8347
0.0000
3.1432
0.0000
0.0000
0.0000
1.5621
0.0000
0.0000
2.2598
0.0000
1.2386
2.5299
0.0000
1.7901
2.0084
0.0000
0.0728
0.0000
0.0000
0.0000
0.9088
0.2837
0.6770
0.0000
1.4456
2.9862
0.0000
0.0000
0.0000
0.0000
0.0000
0.0000
0.0000
0.0000
0.0000
0.0000
0.0000
0.0000
0.0000
0.0000
0.0000
0.0000
0.0000
0.0000
0.0000
0.0000
0.0000
0.0000
0.0000
0.1488
0.0000
0.0000
0.0000
0.0000
0.0000
0.2243
0.0000
0.0000
0.0000
0.0000
0.0000
0.0000
0.0000
0.0000
0.0000
0.0000
0.2630
0.2192
0.0000
0.0000
0.7590
0.0000
0.0000
0.0000
0.0000
0.0000
0.0490
2.3841
2.2959
0.0000
0.2638
0.0000
0.0000
0.0000
0.0000
0.0000
0.0000
0.0000
3.3038
0.4486
0.0000
1.4267
0.0000
0.0000
0.0000
0.0000
1.4728
0.0000
0.8439
1.4470
0.0000
0.0000
0.0000
2.3041
0.0000
1.1831
1.0016
0.0000
0.0000
0.0000
0.9696
0.0000
0.0000
0.0000
0.0000
1.2065
0.0000
0.0000
0.0000
0.0000
0.0000
0.0000
0.0000
0.0000
2.4116
2.9326
0.0000
1.2361
0.0000
0.0000
0.0000
0.3347
0.0000
0.0000
0.0000
0.0000
0.0000
0.0000
0.5762
0.0000
0.0000
2.2345
2.2108
0.0000
0.0000
0.0000
0.0000
0.0000
0.0000
0.8977
0.0000
0.1501
0.0000
0.0000
0.0000
0.0000
0.6010
0.0000
0.0000
0.0000
1.1884
0.0000
0.0000
0.0000
0.0000
0.8226
0.8714
0.0000
0.0000
0.0000
0.0000
1.4785
0.0000
0.0000
0.0000
0.0000
0.0000
1.5596
0.0000
1.9668
1.3325
0.0000
2.6198
0.0000
0.0000
0.0000
0.0000
0.0000
0.0000
0.0587
2.2570
0.0000
0.0000
2.1551
0.0000
0.3051
0.0000
0.0000
1.4027
1.7679
0.0000
3.3552
0.5374
0.4354
0.0000
0.0000
0.0000
0.0000
0.0000
0.0000
0.0000
0.0000
0.9755
0.0000
0.1025
0.0000
0.0000
0.0000
0.5700
0.0000
0.0000
0.0000
1.1679
0.8371
0.0000
0.0000
0.0000
0.2477
0.0000
1.4345
0.0000
0.0000
0.0000
2.6471
0.0000
0.0000
0.0000
0.0000
0.9512
0.0000
0.0000
0.4958
0.0000
0.0000
0.0000
0.0000
0.0000
0.0000
0.0000
0.0000
1.3745
0.0000
0.9634
0.6623
0.0000
0.4984
0.0000
0.0849
0.0000
0.0000
1.2017
0.0000
0.0000
0.0000
0.0000
0.0000
0.0000
0.0000
2.6817
0.2960
0.0000
0.0000
0.0000
0.0000
0.0000
0.0000
0.2553
0.6517
0.0000
0.0000
0.0000
0.0000
1.6441
1.7273
0.0000
0.0000
0.0000
0.0000
1.1906
0.0000
0.0000
0.0000
2.8725
0.0000
0.1072
0.0000
0.0000
0.0000
0.0000
0.0000
1.2549
0.0000
0.0000
0.2592
0.0000
0.0000
0.7742
0.0000
0.0000
1.9454
1.1867
0.0000
0.0000
0.0000
0.0000
0.0000
0.0000
0.0000
0.0000
0.0000
0.7161
0.0000
0.0000
0.0000
0.0000
0.2532
1.3280
0.7831
0.0000
0.0000
0.0000
0.0000
0.0000
0.0000
0.0000
0.0000
0.0000
0.0000
0.0801
0.0000
0.0000
0.0000
0.0000
0.0000
0.0000
0.5007
0.0000
0.0000
0.0000
0.2502
0.0000
0.0000
0.0000
0.7780
0.0000
0.0000
0.2867
0.0000
0.0000
0.0000
0.4918
0.0000
1.7463
0.0000
0.0000
0.4490
0.0000
1.9045
0.5446
0.0000
0.0000
0.0000
0.0000
0.0000
0.0000
0.0000
0.0000
0.0000
0.0000
0.0000
0.5169
0.0000
0.5367
0.0000
0.8008
0.0000
0.0000
0.3678
0.0000
0.0000
0.0000
0.0000
0.0000
0.0000
0.0000
0.0000
0.0000
0.0000
0.0000
1.6209
0.0000
0.0000
3.8466
0.0000
0.0000
0.0000
0.0000
0.2004
0.0000
0.0000
0.0000
0.0000
1.4223
0.0000
0.0000
0.9021
4.0052
0.0000
0.0000
0.0000
0.0000
1.5708
0.0000
0.3531
0.6710
0.4577
0.0000
0.0000
0.0000
0.0000
0.0000
0.0000
0.0000
0.0000
1.9011
1.0661
0.0000
0.0000
0.0000
5.4367
0.0000
0.0000
0.0000
0.0000
0.0000
0.0000
3.0196
0.0000
0.0000
1.2934
0.0000
0.0000
0.0000
0.8251
0.0000
0.0000
0.0000
1.4948
0.2922
0.0000
0.7553
0.0000
0.0000
0.0000
0.0000
0.0000
1.0406
0.0000
0.3739
0.0000
0.0000
0.4071
0.0000
0.9916
1.6083
1.8335
2.1652
0.0000
0.0000
0.0000
1.4575
0.0000
0.0000
0.0000
0.0000
1.4185
0.0000
0.0000
0.0000
3.8256
0.0000
0.0000
0.0000
0.6124
0.0000
1.3502
0.0000
0.0000
0.0000
3.1561
0.0000
0.0000
0.0000
2.7925
0.0000
0.0000
0.0000
2.8858
0.0000
0.6192
0.0000
0.7352
0.2476
0.0000
0.0000
0.1246
1.0613
0.0000
0.0000
0.6386
0.0000
1.6993
0.3630
0.1603
2.1125
0.0000
0.0000
0.0000
0.5717
0.0000
0.0000
2.4501
0.0000
0.0000
0.0000
0.0000
0.9439
0.0000
0.1194
0.0000
0.0000
0.0000
0.0000
0.0000
0.0000
0.0000
0.0000
0.0000
0.0000
0.0000
3.3871
0.2638
1.1754
0.0000
1.3026
1.3892
0.5255
1.1553
0.0000
0.0000
0.2431
0.0000
0.0000
0.0772
0.0000
0.0000
0.4565
0.0000
0.0000
0.0000
0.0000
0.0000
0.0000
0.3604
0.0000
0.1003
0.0000
0.5626
0.0000
0.0000
0.0000
1.9620
0.0000
0.0000
2.6698
0.0000
0.0000
1.7711
0.0000
0.0000
0.0000
0.0000
0.0000
0.0000
1.7402
0.0000
0.0000
0.9559
0.0000
0.0000
0.0000
0.0000
0.9482
0.0000
0.1800
0.0000
0.0000
0.0000
0.0000
0.0000
0.0000
0.7347
0.0000
0.0000
0.7482
0.0000
0.0595
0.0000
0.0000
0.0000
0.0000
0.0000
0.0000
0.0000
0.0000
0.0000
0.0000
0.0000
0.0000
0.0000
0.0000
0.0000
0.0000
0.0000
0.0000
1.6177
2.1202
0.0000
0.0000
1.1437
0.0000
1.2606
0.4537
0.0000
0.0000
0.4241
0.0000
0.0000
0.0000
0.0000
0.0000
0.1823
0.0000
0.0000
0.0000
0.0000
2.7785
0.0000
0.0000
0.0000
2.8469
0.0000
0.0000
1.0430
3.9669
1.4969
0.0000
0.0000
0.0000
0.0000
0.0000
0.0000
0.0000
0.0000
0.0000
0.0000
0.0000
0.0000
2.1085
0.0000
1.7525
0.0000
0.0000
0.0000
0.0482
0.0000
0.0000
0.0000
0.0000
0.0000
2.3346
3.1301
0.0000
0.0000
0.0000
0.0000
1.8560
0.0000
0.0000
0.0000
3.1552
0.9885
0.1717
0.0000
1.7273
0.0000
0.0000
0.0000
0.0000
0.0000
0.0000
0.0000
1.0174
3.8805
0.0000
0.0000
0.0000
0.0000
0.0000
0.0000
0.0000
0.0000
0.0000
0.0000
0.0000
0.0000
1.2885
0.0000
0.0000
0.0000
0.0000
0.0000
0.0000
0.0000
1.2697
0.0092
0.0000
0.0000
1.3018
0.0000
0.0000
0.0000
3.0428
0.0000
0.0000
0.0000
0.0000
1.5590
0.0000
0.0000
0.0000
0.0000
0.0000
1.2448
0.0000
0.0000
0.0000
0.0000
0.0000
0.0000
0.0000
0.5918
2.7802
0.0000
0.9314
0.0000
0.7573
0.0000
0.0000
2.3231
0.0000
1.1527
0.0000
0.0000
0.0000
0.0000
1.0407
0.0000
0.0000
0.0000
0.0000
0.2958
0.5883
0.0000
0.0000
0.0000
1.3098
0.0000
0.0000
0.0000
0.4502
0.0000
2.1473
0.0000
0.0000
3.4428
0.0000
0.0000
0.0000
0.0000
0.0000
0.0000
0.0000
0.0000
0.0000
0.5277
0.0000
0.0000
0.0000
0.0000
0.0000
0.5908
0.0000
0.0000
0.5948
1.2523
0.0000
0.0000
0.0000
0.0000
0.0000
0.0000
0.0000
0.0000
0.3993
1.2697
0.0000
0.0000
0.0000
0.0000
0.0000
0.0000
0.0000
0.0000
0.0000
0.0000
0.0000
0.0000
0.0000
0.0000
0.0000
0.0000
0.0000
0.4132
0.0000
0.2278
0.0000
0.1710
0.0000
0.6476
0.0000
0.0000
0.2872
1.0458
0.0000
0.0000
0.0000
0.0000
2.3509
2.3386
0.0000
4.1025
0.0000
0.0000
0.0000
0.0000
0.0000
0.0000
0.0000
0.0000
0.0000
0.0000
0.7396
2.5287
1.4970
0.0000
0.0000
0.0000
0.0000
0.6908
0.6992
0.8499
1.8640
0.0000
0.0000
0.2367
0.0000
1.2782
0.6604
3.8307
0.1820
0.4446
0.0000
0.0000
0.0000
0.0000
0.2566
0.7898
0.0000
0.0000
0.0000
0.0000
0.6649
0.0000
0.0000
0.0000
0.0000
0.5714
0.3365
0.5013
0.0000
0.0000
0.0000
0.0000
1.1783
2.3341
0.0000
2.9929
0.0000
0.0000
0.0000
0.0000
0.0000
0.0000
0.0000
0.0000
0.0000
0.0000
0.8718
0.0000
0.0000
0.0000
0.0000
0.0000
0.0000
0.0000
0.0000
1.0055
0.0000
1.7237
0.0000
0.4011
0.0000
0.0000
0.0000
0.0372
0.0000
0.0000
0.0000
0.0000
0.0000
0.0000
0.9155
0.4528
0.0000
0.0000
0.0000
0.0000
0.0000
0.0000
0.0000
0.0000
0.0000
0.0000
0.0000
0.0000
1.8206
0.0000
1.2042
0.0000
0.0000
0.0000
0.0000
0.0000
0.0000
1.7441
3.2929
2.6023
0.0000
0.0555
0.0000
0.0000
0.0000
0.0851
0.0000
0.3511
0.0000
0.0000
0.0000
0.0000
0.0000
0.0000
0.4098
1.1486
0.0000
0.9586
0.0000
0.0000
0.0000
0.9069
0.0000
0.0000
2.2676
1.7309
1.6581
0.0000
1.3214
0.0000
0.3718
1.9159
1.7483
1.4331
0.0000
0.0000
0.0000
1.0677
0.0000
0.0000
1.5463
0.2139
0.0000
0.0000
0.0000
0.0000
0.0000
0.0000
0.0000
1.5805
1.9154
0.0397
0.0000
0.0000
0.0000
0.0000
0.0000
0.0000
0.0000
0.9184
0.0000
0.0000
0.0000
1.8752
0.0000
0.0000
0.0000
0.0000
1.3088
0.0000
0.0000
0.1508
0.0727
1.5517
0.0000
0.8848
0.0000
0.0000
0.0000
0.6088
0.0000
2.0046
0.0000
0.0000
0.0000
0.0000
0.0000
3.5775
0.3287
0.0000
0.0000
0.0000
0.0000
0.0000
0.0000
0.0000
0.2279
0.0000
1.0283
0.0000
0.0000
0.3680
1.4093
0.6189
0.2393
0.0000
2.0833
0.0000
0.0000
0.0000
0.0000
3.5998
0.5466
0.1673
0.0000
1.6821
0.0000
2.3229
0.0000
0.0000
0.0000
0.0000
0.0000
0.0000
0.0000
0.0000
0.0000
0.5382
0.0000
0.0000
0.2028
1.7691
2.1159
0.0000
3.5382
0.9027
0.0000
0.0000
0.0000
0.0000
0.0000
0.2569
0.0000
0.7865
1.4738
0.0000
0.8009
0.0000
1.2064
0.0000
0.0000
0.0000
0.0000
0.0000
0.0227
0.0000
0.0000
0.0000
0.5338
0.0000
0.0000
0.0000
0.0287
0.2022
0.0000
0.6434
0.0729
0.6530
0.0000
1.1451
3.5009
0.0000
1.4603
0.0000
0.0000
0.0000
0.8819
1.3196
0.9504
0.0000
0.0000
0.0000
0.0000
0.0000
0.0051
0.0000
1.0557
0.0000
3.6622
0.0000
0.0000
0.0000
0.0000
0.1053
0.0000
0.0000
0.0000
0.0000
0.0000
0.0000
0.0000
0.0000
0.0000
0.0000
0.0000
0.0000
0.0000
0.0000
0.0000
0.0000
1.0104
0.0000
0.0000
0.0000
0.0000
0.0234
1.7872
0.4923
0.0000
0.1271
0.0000
3.2679
0.0000
0.0000
0.0000
0.0000
0.0000
1.6465
0.0862
0.7544
0.3084
0.1579
1.1318
0.7540
0.0000
0.0274
0.0000
0.1669
1.2200
0.0000
0.0000
0.0000
0.0000
0.0000
0.0000
0.0000
0.0000
2.1098
0.0000
3.1161
0.0000
0.0000
0.0000
0.0000
0.0000
0.0000
0.0000
3.6631
0.6733
2.1407
2.5628
0.0000
0.0000
0.0000
1.1182
0.0000
0.5897
1.0249
0.3971
0.0000
0.0000
0.0920
0.2684
0.0000
0.0000
0.7440
0.0000
0.4710
1.9492
0.0000
0.0000
0.0000
0.0000
0.0000
0.0000
1.0083
4.2559
0.0000
0.0000
3.2599
0.0000
1.6810
0.0000
0.0000
0.0000
0.1549
0.0000
0.0000
0.1629
0.3544
0.0907
0.0000
2.0413
0.0000
1.0576
0.0000
0.4519
0.0000
0.0038
0.0000
0.0000
0.0000
0.6958
1.6612
0.0000
0.1123
1.0674
0.0000
0.0000
2.8777
0.0000
0.0000
0.0000
0.0000
0.0000
0.0000
0.0000
0.0000
0.0000
0.0000
0.0000
0.0000
0.0000
1.0807
0.0000
0.0000
0.0000
0.0000
2.6308
0.0000
3.2220
0.7026
0.5976
0.0000
0.0000
0.0000
0.0000
0.0000
0.0000
0.0000
0.0000
0.0000
0.0000
0.0000
0.0000
0.0000
0.0000
0.0000
0.0000
0.0000
0.0000
0.0000
0.1758
0.0000
0.4770
0.0000
0.0000
0.7916
0.0000
0.0000
0.0000
0.0000
1.1680
0.0000
0.0000
0.0000
0.0000
1.4549
0.0000
1.2682
0.0000
0.0000
0.0000
0.0000
0.0000
0.6626
0.0000
0.0000
0.0000
0.0000
1.3082
0.0000
0.2620
0.0000
0.4195
0.0000
0.2491
0.0000
0.0000
0.0000
0.0108
0.0000
0.0000
0.0000
0.0000
1.6791
0.0000
0.0000
0.0000
2.0987
0.0000
0.0000
0.0000
0.0000
0.0000
0.0000
2.4148
1.3543
0.0000
0.0000
0.0000
1.5701
0.0000
0.0000
0.1174
0.0000
0.0000
0.8214
0.0000
0.0000
0.0000
0.0000
1.4824
2.7752
0.0000
0.7382
0.0077
0.0000
0.9343
0.0000
4.0693
0.0000
0.1563
0.0000
0.0000
0.0000
0.0000
0.0000
0.0000
0.0000
0.9624
0.0000
0.0000
1.5650
0.0000
0.0000
0.0000
0.0000
0.0000
0.0000
0.0000
1.7509
0.0000
0.0000
0.7257
2.2538
2.2540
0.0000
0.9330
0.0000
0.0000
0.0000
0.0000
0.0000
2.8169
0.0000
0.0000
2.8156
3.4006
0.0000
0.0000
1.2282
0.6293
2.4094
1.0329
0.2935
2.1808
0.0000
0.0000
0.0000
0.0000
0.0000
0.8164
0.0000
0.0000
0.0000
0.0000
0.7618
0.0000
0.6679
0.0000
0.0000
0.0000
0.0000
1.5495
0.0000
0.0000
0.0000
2.1626
1.9680
0.0000
0.0000
0.0000
0.0000
0.0000
2.3050
1.5831
0.0000
0.0000
0.2570
1.2882
3.9310
1.8071
0.6425
0.0000
0.0000
0.0000
0.0000
3.4787
0.0000
0.0000
0.0000
0.0000
0.0000
0.0000
0.0000
0.0000
0.0000
0.1828
0.0000
0.0000
1.7048
0.0000
0.0000
0.6588
1.7993
0.0000
0.0000
0.0000
0.0000
0.0000
0.0000
1.1073
2.6361
0.2559
0.0000
0.0000
1.5783
0.0000
0.6828
0.2613
0.0000
0.0000
0.0000
0.0000
0.0000
0.0000
0.0000
0.0000
0.0000
0.0000
0.0000
3.1005
0.6363
0.1710
0.0000
0.0000
0.0000
0.0000
0.0000
0.6304
0.0000
0.0000
0.0000
0.0000
0.0000
0.0000
0.0000
0.0000
0.0000
0.0000
0.5205
0.0000
0.0000
0.0000
0.4508
0.0000
1.0971
2.7485
0.0000
0.0000
0.0000
0.1040
0.0000
0.0000
0.0000
0.0000
0.0000
0.0000
2.0164
0.0000
1.0731
0.3331
0.0000
0.1298
0.0000
0.0000
0.0000
0.0000
1.0657
0.6945
0.0000
0.0000
1.4445
0.0000
2.5840
0.0000
0.0000
0.0000
0.0000
0.0000
1.3372
0.0000
0.6440
1.7766
0.0000
1.7151
0.0000
0.7800
0.0000
0.0000
0.4634
0.0000
0.0000
0.0000
0.0000
0.0000
0.0000
0.0000
0.0000
0.0000
0.0000
0.0000
0.0000
0.0000
0.9774
0.0000
2.6048
3.1288
0.0000
0.0000
0.0000
1.6398
0.0000
0.0000
0.0000
0.0000
0.0000
1.3636
2.8340
0.0000
0.0000
0.0000
0.6977
0.0000
0.0000
0.0000
0.0000
0.0000
0.0000
0.0000
1.2742
0.0000
0.0000
0.0000
0.0000
1.7083
1.1031
0.0000
0.0000
0.0000
0.0000
0.0000
0.0000
0.0000
0.0000
2.6651
0.1877
0.0000
0.0000
1.0484
0.7230
0.0000
0.0000
0.0000
0.0000
0.0000
0.3233
0.0000
0.0000
0.0000
1.0980
0.0000
0.0000
0.0000
0.0000
0.4259
0.0000
0.3846
0.0000
0.0000
0.0000
0.0000
0.0000
1.9467
0.0000
0.0000
0.0000
0.0000
0.1427
0.0000
1.1740
0.0000
0.0000
0.0000
1.4218
1.3113
0.0000
0.0000
0.0000
0.0000
3.1986
0.0000
0.0000
0.0000
0.0341
0.0000
2.3288
0.1352
0.0000
1.3730
0.0000
0.0000
0.0000
0.0000
0.0000
0.0000
0.0000
0.0000
0.0000
0.0000
0.0000
0.0000
0.0000
0.0000
0.0000
0.6816
0.0000
0.0000
0.0000
0.0000
0.0000
0.0000
0.0000
0.0000
0.0000
0.0000
0.0000
0.0000
1.1228
0.0000
0.0000
1.0149
1.2950
1.6978
0.0000
0.0000
0.0000
0.0000
0.0000
0.0000
0.0000
0.0000
0.0000
0.0000
0.3047
0.0000
0.6384
0.0000
0.0000
0.0000
0.7232
0.0000
0.0000
0.0000
0.0000
0.1269
0.8464
0.0000
0.0000
0.1891
0.0000
0.0000
0.0000
1.2194
0.8424
0.4180
1.0094
3.2721
0.0000
0.0000
0.1551
0.5414
0.0000
0.0000
0.0000
0.4559
0.0000
0.0000
0.0000
0.0000
0.0000
1.3131
5.6017
0.0000
0.0000
0.0000
0.0000
0.5755
0.0000
0.0000
0.0000
0.0000
0.0000
0.0000
0.0000
0.0000
0.0000
0.0000
0.0000
0.0000
0.0000
0.0000
0.0000
1.2741
0.0000
0.0000
1.2983
0.9850
0.0000
2.1617
0.0000
0.0000
0.0000
0.0000
0.2688
1.0376
0.0000
0.0000
0.0000
2.4928
0.0000
0.1780
0.0000
1.9152
0.0000
0.0000
0.8575
0.0000
0.0000
0.0000
0.0000
0.0000
1.5129
0.1320
0.0000
1.7743
0.0000
1.7409
0.0000
0.0000
0.1913
0.0000
0.0000
1.2136
0.0000
0.0000
0.0000
0.0000
0.0000
1.4123
0.0000
0.0074
0.3757
0.4723
0.0000
0.0000
0.0000
0.0000
0.0000
0.0000
0.0000
0.0000
0.0000
0.0000
0.0000
0.0000
2.1383
0.8625
0.0000
2.1913
0.0000
0.0000
0.0000
0.0000
0.0000
0.0000
0.4610
0.0000
0.0000
0.0000
0.0000
0.0000
0.7464
0.0000
0.0000
0.0000
0.0000
0.0000
0.4407
0.8244
0.0000
2.7952
0.0000
0.0000
0.0000
0.0000
0.0000
0.0144
2.9494
0.0000
2.5960
0.0000
0.0000
0.0000
0.7021
0.0000
0.0000
0.1498
1.1421
1.0172
0.4077
0.0000
0.0000
0.0000
1.4183
0.0000
0.0000
3.4077
1.5680
0.0000
0.0935
0.0000
1.8823
2.2864
0.0000
0.0000
0.8983
0.0000
0.0000
0.0000
0.0000
0.0000
0.0000
0.0000
0.0000
0.0000
0.0000
0.0000
0.1099
0.0000
0.0000
0.9533
0.0000
0.2866
0.0000
0.0000
0.0000
0.0000
0.0000
0.1426
0.0000
0.7752
0.0000
0.0000
0.0000
0.5600
0.0000
1.7885
0.0000
0.0000
1.6436
0.0000
0.5650
1.3464
0.0000
0.3816
0.0000
0.0000
0.0000
0.0000
0.0000
0.7566
0.0000
0.0000
0.7377
0.0000
0.0000
0.0000
0.0000
0.6311
0.0000
0.0000
0.0000
0.0000
0.4618
0.0000
0.0000
0.0000
0.0000
0.0000
1.0205
0.0000
0.0000
0.0000
0.0000
0.0000
0.0916
0.0000
0.0000
0.0000
0.0000
0.0000
2.7232
0.0000
0.0000
0.3105
0.0000
0.0000
0.0000
0.0000
1.6855
0.0000
0.0000
0.0000
0.0000
0.0000
0.0000
0.0000
0.0000
0.0000
2.9572
0.0000
0.0000
1.3452
0.0000
2.2498
0.9431
0.0000
0.9548
0.0000
0.0000
1.6329
0.0000
0.7674
0.8768
0.0000
3.3765
0.5387
0.0000
0.0000
0.0000
2.1517
0.0000
3.4575
0.0000
0.0000
0.0000
0.0000
0.0000
1.2068
0.0000
0.0000
0.0000
0.0000
0.0000
0.0000
1.4992
1.2484
0.0000
0.0000
1.6909
0.0000
0.0000
0.0000
0.0000
1.6582
0.7590
0.0000
0.0000
0.0000
0.0000
0.0000
0.0000
2.8174
2.0152
3.2913
0.0000
2.4967
2.9027
0.8523
0.0000
0.0000
0.0000
0.0000
0.0000
1.2282
0.0000
0.0000
5.3796
0.0000
0.0000
0.0000
0.5795
1.5901
1.0887
0.0000
2.4265
0.0000
0.0000
0.0000
2.7552
2.6297
0.0000
1.9458
0.0000
0.0000
0.6684
0.0000
2.3648
0.0000
0.0000
2.7781
0.0000
1.1108
0.3970
0.0000
0.0000
3.2940
0.0000
0.0000
0.0000
0.0000
0.0000
0.6167
0.0000
0.0000
0.0000
1.9562
0.0000
0.1060
0.0000
0.0000
0.0000
0.0000
1.9527
0.0000
0.0000
0.0000
0.0000
0.0000
0.0000
0.0000
0.0000
0.0000
0.0000
0.6687
0.4058
0.0000
1.4357
0.0000
0.0000
0.0000
0.0623
1.4672
0.0000
0.6313
0.0423
0.0000
0.7191
0.0000
0.0000
0.0000
0.0000
2.1077
0.0000
1.9594
0.0000
0.0000
3.9012
0.0000
0.0000
0.6612
0.0000
0.0000
0.9742
0.0000
0.0000
0.0000
0.0000
0.0000
0.7616
0.4435
0.0000
0.0000
0.0000
3.5619
0.0000
1.3555
1.5067
0.0000
0.0000
0.1018
0.0000
0.0000
0.0000
1.8442
0.0000
0.6160
0.0000
0.0000
2.3346
0.0000
0.7861
0.0000
0.0000
0.0000
0.0000
1.3653
0.6307
0.0000
0.0000
2.1285
0.0000
0.0000
0.0000
0.4090
0.0000
0.7975
0.0000
0.0000
0.0000
0.7161
0.4157
0.0000
0.7288
0.0000
0.0000
0.0000
0.0000
1.5917
0.0000
0.8069
0.0000
1.1679
1.2201
0.0433
0.0000
0.0000
0.0000
0.0000
1.4310
2.8973
0.0000
0.0000
0.0000
0.0000
0.3019
0.0000
0.2509
3.5502
0.0000
0.0000
0.0000
0.0000
3.3916
0.0000
0.0000
0.0000
0.0000
0.0000
0.0000
0.0000
0.0000
0.0000
0.0000
0.0000
0.0000
0.1253
2.5741
0.0000
0.0000
0.5512
0.0000
0.0000
0.7967
0.0000
0.0000
0.0000
0.0000
4.4717
2.1251
0.0000
0.0000
0.0000
0.0000
0.0000
0.9645
1.9453
0.8034
0.0000
1.2170
2.6796
0.0000
0.0000
0.0000
0.0000
0.0000
0.0000
0.0000
0.0328
0.0000
0.4822
6.3417
0.3530
2.5548
0.0000
0.0000
0.0000
0.0000
0.0000
0.0000
0.0000
0.0000
0.3830
0.0000
0.0000
0.1593
0.5317
1.2446
0.0000
0.0705
0.0000
0.0000
0.1360
1.2142
0.0000
0.0000
0.3012
0.0000
1.6830
1.3622
0.0000
2.7534
0.0000
2.2209
2.9992
0.0000
0.0000
0.0000
0.0000
0.0000
0.0466
0.0000
1.7062
0.0000
0.0000
0.0000
0.0000
0.0000
0.0000
0.0000
0.0000
1.8580
0.0000
1.5977
0.0000
0.0000
0.0000
0.0000
0.0000
0.5748
0.0000
0.0000
0.0000
0.4227
1.6263
0.7605
0.0000
0.0000
1.8731
0.0055
0.0000
0.0000
1.7802
0.0000
2.2143
0.0000
0.0000
0.0000
0.0000
0.0000
1.4221
0.0000
0.0000
0.0000
0.0000
0.0000
0.0000
0.0000
0.0000
0.0000
0.0000
0.0000
0.0000
1.5364
0.0000
1.0808
0.0000
1.7867
0.8989
0.0000
2.3462
0.0000
0.0000
2.1795
1.6771
0.0000
0.0000
0.8040
0.0000
0.0000
0.0000
0.0000
0.0000
0.0000
0.0000
0.0000
0.0000
0.0000
0.9677
0.0000
2.1104
0.0000
3.5765
0.0000
0.0000
2.1901
1.8213
2.4293
0.0000
0.0000
0.0000
0.0000
0.2215
2.4457
0.0000
2.9889
0.0000
0.0000
0.4752
0.0000
0.0000
2.3251
0.0000
0.0000
3.4753
0.0000
0.0000
0.0000
0.0000
0.0000
0.0000
2.5708
0.0000
0.0000
0.0000
0.0000
0.0000
0.5404
0.3276
0.1312
1.5876
0.0000
0.7362
0.0000
0.0000
0.0000
0.0000
0.2210
0.1471
0.0000
0.0000
0.0000
0.0000
0.4953
0.1611
0.0000
0.0000
0.0000
0.0000
1.4987
0.0000
1.6715
0.0000
0.0000
0.6418
1.1104
0.0000
0.0000
0.0498
3.3533
0.0000
0.0000
0.9530
0.0000
0.0000
1.0729
0.5934
0.0000
0.0000
0.0000
0.1193
0.0000
0.0000
2.3891
0.0000
0.8862
0.7581
1.0496
1.8623
0.0000
0.0000
0.0000
0.0000
0.0000
0.6867
0.0000
0.5504
0.0000
0.0000
0.0000
0.5069
0.0000
0.0000
0.0000
0.2113
0.4502
0.0000
0.0000
0.0000
0.0000
1.2970
0.0000
0.0000
0.0000
0.5183
0.0425
0.6152
0.0000
4.9956
0.0000
0.7932
0.5082
3.2460
0.0000
0.0000
0.0000
0.0000
0.0000
0.0000
0.0000
0.0000
1.2669
0.0000
0.0000
0.0000
0.0000
0.0000
0.0000
0.0000
0.0000
0.0000
0.0000
0.0000
0.0000
0.0000
1.9094
0.0000
0.0000
0.0000
3.8656
0.0000
0.0000
0.0000
0.0000
0.0000
0.0000
0.0000
0.0000
0.0000
0.0000
0.0000
0.0000
0.4241
0.4827
0.4138
0.0000
0.0000
0.0000
0.0000
0.0000
0.0000
0.4192
0.0119
0.1886
0.0000
0.6025
0.0000
0.6153
1.0698
0.0000
0.0000
0.0000
0.0000
0.0000
0.3178
0.0000
1.8497
0.3725
0.0000
2.4364
0.0000
0.0000
0.0000
0.0000
0.0000
0.0000
0.0000
0.0000
2.5435
0.8597
0.0000
0.0000
0.0000
0.0000
0.9018
3.2557
0.0000
1.0183
0.0000
0.0000
0.0000
1.3810
1.0047
1.8403
0.0000
0.0000
0.0000
0.0000
0.8044
0.0000
3.1567
0.2485
0.0000
0.1336
0.0000
0.0000
0.0000
0.0000
0.0000
0.0000
0.0000
0.0000
0.0000
0.0000
0.0000
0.0000
0.0000
0.0000
0.0000
0.0000
0.5949
1.4990
0.0000
1.3569
0.0000
0.4668
0.0000
0.4523
0.7410
0.0000
0.0000
0.0962
0.5568
0.0368
0.0000
0.0000
0.0000
0.0000
0.0000
0.0000
0.0000
2.4673
1.2346
0.0000
0.0000
0.0000
1.1838
1.4627
0.0377
0.0000
0.0000
0.0000
0.0000
0.0000
0.0000
0.0000
0.0000
2.1802
0.0000
0.0000
0.0000
0.4143
0.0000
0.7446
0.7995
0.0000
0.0000
0.0000
0.0000
0.0000
0.0000
0.0000
0.0000
0.0000
0.0000
0.0000
1.4470
0.0000
0.3190
0.0000
0.0000
0.0000
0.0000
0.0000
0.0000
0.0000
0.0000
0.0000
0.0000
0.0000
0.0000
0.0000
0.0000
0.7247
0.8491
0.0000
2.6778
0.0000
0.0000
0.0000
0.0000
0.0000
0.0000
0.0000
0.1436
0.0000
0.0000
0.0000
0.6847
0.0000
0.3456
0.0000
0.0000
0.0000
0.9941
0.0000
0.0000
0.0000
0.0000
0.0996
2.5046
0.0000
0.0000
0.0000
0.0000
0.5864
0.5906
0.0000
0.0000
0.7942
1.1395
1.5593
0.0000
0.0000
0.0000
0.0000
0.0000
0.0000
0.0000
2.4345
0.0000
2.8570
0.0000
0.0000
0.0026
2.1807
1.0614
0.4616
0.0000
1.9058
1.0117
0.0000
0.0000
0.1571
0.2276
0.8920
1.3426
0.0000
0.0000
0.0000
0.0000
0.0000
1.0700
0.0000
1.4859
2.9732
0.1266
0.0000
0.0000
0.7390
0.1761
1.3986
0.0000
0.0000
0.0000
0.0000
0.0000
0.1022
3.4787
1.8450
0.0000
0.0000
0.6121
0.0000
0.0000
0.4578
1.2078
0.8543
0.0000
0.0000
0.0000
0.0000
0.9946
3.0509
0.0000
0.0000
0.0000
0.0000
2.9209
1.9381
0.0000
0.0000
0.0000
0.0000
0.0000
1.9519
0.0000
0.0000
0.7962
0.0000
0.0000
0.0000
0.0000
0.0000
0.2130
0.0000
0.3513
0.0000
0.0000
2.2366
1.7268
0.0000
0.1624
0.0000
0.0000
0.0000
0.0000
2.8455
0.0000
1.2126
0.0000
0.0000
1.4643
0.5884
0.1187
0.0000
0.0000
0.0000
0.0000
4.2679
0.0000
0.0000
0.0000
0.0000
0.0000
0.0000
0.0090
0.0000
0.0000
0.0000
1.3325
0.0000
0.9088
0.0000
0.0000
1.0198
5.8009
0.0000
0.0000
0.0000
0.0000
0.2900
0.0000
0.0000
0.0000
0.0000
1.3118
1.5164
0.0000
0.2501
1.4046
0.6037
0.0000
0.0000
0.0000
0.0000
2.3801
1.1945
0.0000
0.0000
0.0000
0.0000
0.0000
0.0000
0.0000
3.9087
0.0000
0.0000
0.0000
0.0000
0.0000
0.0000
0.0000
0.2157
0.0000
1.2886
1.2133
0.0000
0.0000
0.0000
0.0000
4.4241
0.0000
0.0000
0.6873
0.0000
0.0000
0.0000
0.0000
0.0000
0.0000
0.0000
2.8415
0.0000
0.0000
0.0000
0.0000
0.8004
0.0000
0.0000
0.0000
0.0000
0.0000
1.6093
2.4937
0.5278
0.6160
0.0000
0.0000
1.2429
0.0000
0.0000
0.0000
0.0000
0.0000
0.0000
0.4128
0.0000
0.0000
0.0000
0.9050
0.0000
0.0000
0.0000
0.0000
0.0000
0.0000
0.0000
0.1509
0.0000
0.0000
0.0000
3.4601
0.0000
0.0000
0.0000
0.0000
0.0000
2.4502
0.0000
0.0000
0.0000
0.0000
1.0653
0.0000
1.9998
0.1737
3.0285
0.0000
0.0409
0.0000
0.0000
1.0474
0.0000
1.6895
0.0000
0.0000
0.0000
2.8557
0.0000
0.0000
0.0000
0.0000
0.0000
0.0000
2.6099
0.0000
0.0000
0.0000
0.0000
0.0000
0.0000
0.0000
0.9062
0.6388
0.0000
0.0000
1.3110
2.0804
0.3932
0.0000
0.0000
0.5258
0.0975
0.3851
0.0000
0.0000
0.0000
0.0000
1.9889
0.4333
0.0000
0.0000
1.9732
0.5955
1.3287
0.4777
0.0000
0.0453
0.0856
0.0000
3.9162
0.0000
0.6215
0.0000
0.2004
0.0000
1.4077
1.3688
0.5508
0.0000
0.0000
0.0000
0.9431
0.0000
2.2464
0.0000
0.0000
0.0000
1.2298
1.3038
0.0000
0.0000
0.0000
0.6591
0.0000
0.0000
0.1883
0.0000
0.0000
0.0000
0.0000
0.0000
0.0000
0.0000
2.2202
0.0000
0.0000
0.0000
2.2468
0.0000
0.0000
2.1981
0.0000
0.0000
0.0000
0.0000
0.0000
0.7676
0.0000
0.0000
0.0000
1.6776
0.0000
3.4807
0.0000
0.0000
0.0000
0.5083
0.0000
1.3396
0.0000
0.0000
0.0000
0.0000
0.0000
0.0000
2.0449
0.0000
1.5403
0.0000
0.0000
0.0000
0.0000
0.0000
0.0000
1.6319
0.1124
0.0000
0.0000
0.0000
0.0000
0.0000
0.0000
0.0000
0.0000
0.0000
0.0000
0.2487
0.3931
0.0000
0.0000
2.2760
0.0000
0.0000
0.0000
0.0000
0.0000
0.0000
3.0405
0.0000
0.0000
0.0000
0.0000
0.0000
0.2958
3.0754
0.0000
0.0000
0.0000
0.0000
1.3606
0.0000
0.0000
0.0000
0.0000
0.6587
0.0000
0.0000
0.0000
0.0000
2.4796
0.0000
0.0000
0.0000
0.0000
0.0000
3.9230
0.0000
0.0000
4.1843
0.0000
0.0000
0.0000
0.0000
1.7125
0.0000
1.7693
1.0337
0.0000
0.0000
1.6657
2.4715
0.0000
0.0000
2.4945
0.0000
0.0000
0.0000
0.0000
1.4263
0.0000
0.0000
0.0000
0.0000
1.8263
0.0000
0.0000
0.0000
0.1261
0.0000
0.0000
0.0000
0.0000
0.0000
1.1221
0.0000
0.0000
0.0000
0.0000
1.4704
0.4707
0.0000
0.0000
0.0000
0.0000
0.0000
0.0000
0.0000
0.0000
0.0000
0.0000
0.2392
0.0000
0.0000
0.0000
0.0000
0.0000
0.0000
0.0000
0.0000
0.0000
0.0000
0.0000
0.0000
0.0000
0.0000
0.0000
0.0000
0.0000
0.0000
1.2589
0.0000
0.0000
0.0000
0.0000
1.2455
2.4371
0.0000
0.0000
0.0000
0.4721
1.7580
0.1316
0.0000
0.0000
2.5117
1.8329
0.0000
0.0000
0.2356
0.0000
0.0000
0.0000
0.0000
2.8352
0.2955
0.0000
0.0000
3.6572
0.0000
0.0000
0.0000
0.0000
0.0000
0.0000
2.2673
0.0000
0.0000
0.0000
0.0000
0.0000
0.0000
0.0000
0.0000
0.5401
0.0000
0.0000
0.8337
0.5541
0.0000
0.0000
0.0000
0.0000
0.0000
4.2479
0.0000
0.0000
0.0000
0.0000
0.9541
0.0000
0.8766
0.0000
2.8562
0.0000
0.0000
0.5428
0.0000
0.0000
0.0000
1.0601
0.0000
0.0000
0.7447
0.0000
0.0000
0.0000
0.0000
0.0000
0.0000
2.0677
0.0000
0.0000
0.0000
1.7759
0.0000
0.0000
0.0000
0.0000
0.0000
1.8612
0.0000
0.0000
1.0811
3.2891
0.0000
0.0000
0.0674
0.3539
5.7000
0.0000
1.8611
0.0000
1.8339
0.0000
0.0000
0.0000
0.0000
0.0000
0.0000
0.0000
0.0195
2.4866
0.8619
3.9759
1.1196
0.0000
1.8390
0.0000
0.0000
0.0000
0.0000
0.0000
3.0569
0.1435
0.0000
1.9558
0.0000
0.0000
0.0000
1.7823
0.9876
0.3245
0.0000
0.0000
0.0000
0.0000
0.0000
2.8099
0.0000
0.0000
0.4245
1.0008
0.8649
0.3231
1.2264
0.7774
0.1540
0.0000
0.0000
0.0000
1.6406
0.0000
0.0000
0.0000
0.4724
1.1945
0.8708
0.0000
0.0000
0.0000
0.0000
0.2149
1.7507
1.8984
0.0000
0.0000
1.1118
3.8448
0.0000
1.2067
0.0000
0.0000
0.0000
0.0000
0.8662
0.0000
0.0000
0.0277
0.0000
1.7245
0.0000
0.0000
1.0885
0.0000
0.1787
0.3292
0.0000
0.7924
0.0000
0.0000
2.7420
2.1234
1.4420
0.0000
0.0000
0.0000
0.0000
0.0000
0.0000
0.0000
1.0172
1.1649
0.0000
0.0000
0.0000
0.0000
0.0000
3.3687
1.8653
0.3557
0.0000
0.7407
0.0000
0.0000
0.0000
0.0000
2.2966
0.0000
0.9042
0.0000
0.0173
3.4418
2.6179
0.0000
0.0000
0.7829
2.7220
0.0000
0.0000
0.0000
0.0000
0.4339
0.1319
0.0000
0.0000
0.0000
0.0000
0.0000
0.0000
0.0000
0.0000
0.0000
0.0000
0.0000
0.0000
0.0000
0.0000
0.0000
1.6205
0.0000
2.5610
0.6649
0.0585
1.4660
0.1479
0.0000
0.0000
0.0000
0.0000
0.0000
1.4991
0.0124
0.0000
5.4417
1.1528
0.0000
3.2549
0.5098
0.0000
0.8241
0.0000
2.4277
1.3975
0.0000
0.0000
0.0000
0.0000
0.0000
0.0000
0.2080
1.2470
0.0000
0.0000
0.0000
0.0000
0.0000
0.0000
2.3513
0.0000
0.0205
0.0000
0.0000
0.0000
0.0000
