0.6287
0.0000
0.0000
0.0000
1.6833
0.2702
0.0000
0.0000
0.0000
2.6214
0.7566
0.0000
0.1209
0.0000
0.0000
0.0000
0.0000
0.0000
0.0000
0.0000
0.0000
0.0000
2.6984
0.9572
1.9315
0.4304
0.0000
1.9488
0.0000
0.0000
0.0000
0.0000
0.2084
0.0000
1.5665
0.0000
0.0000
0.0000
1.9059
1.8628
0.0000
0.7074
0.0000
0.0000
0.0000
0.0000
0.0000
0.0000
0.0000
0.6823
0.0000
0.0000
0.0000
0.0000
0.0000
0.0000
1.1567
0.9309
0.0000
0.0000
0.0000
2.0250
0.0000
0.1692
0.0000
0.0000
0.0000
0.0000
0.0000
0.0000
0.1806
2.4358
0.0000
0.0000
0.0000
0.0000
0.0000
0.0000
0.0000
0.0000
0.5048
0.0000
0.2105
0.0000
0.0000
0.7204
0.1346
2.3509
0.0000
0.0000
1.1901
0.0000
2.3443
1.1451
0.0000
0.0000
0.0000
0.0000
2.2567
0.0000
0.0000
0.0000
0.1629
0.0000
0.0000
0.0000
0.0000
0.0000
1.4046
2.5719
0.0000
0.0000
0.0000
0.0000
0.0000
0.0000
0.1742
0.0000
0.0000
0.0000
1.3987
1.2321
2.8537
0.0000
0.0000
0.0000
0.4659
1.1614
0.0000
0.0000
0.0000
0.0000
0.0280
0.0000
2.7937
0.0000
2.0658
2.2844
0.0000
2.5453
3.9039
0.0000
1.3978
0.4194
2.0849
0.0000
0.0000
0.8762
0.0000
0.0000
0.0000
0.2238
0.8342
0.0000
0.0000
0.0000
0.0000
0.9487
0.0000
0.0000
1.3382
0.0000
0.7479
0.0000
0.0000
0.9176
0.0000
0.0000
0.0000
2.6189
0.0000
0.0000
0.0000
0.0000
0.0000
0.0000
0.0000
0.6057
0.0000
5.5872
1.4908
2.8886
0.0000
0.0000
0.0000
0.0000
1.0881
0.3911
1.9480
0.1953
0.0000
0.0000
0.0000
0.0000
0.0000
0.0000
0.0000
0.0000
2.5714
3.0888
0.0000
0.0000
0.0000
0.0000
0.0000
0.0000
0.0000
0.0000
0.0000
0.0000
0.0000
0.0000
0.0000
0.6616
0.0000
0.0000
0.0000
0.0000
0.0000
0.0000
0.0000
0.0000
0.0000
0.0000
2.3882
0.0000
0.0000
1.3318
0.0000
0.0000
0.0000
0.0170
0.0000
0.0000
0.9121
0.0000
2.9637
0.0000
1.6481
0.0000
0.0000
0.0000
1.3415
0.0000
0.0000
0.0000
0.0000
0.0000
0.0000
0.0000
0.0000
0.0000
0.0000
1.0940
0.0000
0.0625
0.0000
0.0000
0.7550
0.0000
0.0000
0.0000
0.0000
0.0000
0.0000
0.0000
0.0000
0.0000
0.0000
0.0000
2.9166
0.0000
0.0000
1.6265
0.0000
0.0000
0.9892
0.2242
0.0513
0.0000
2.7114
0.0000
0.8113
0.0000
0.0000
0.0000
0.0000
0.0000
0.0000
0.0000
0.0000
0.0000
0.0000
0.0000
4.1931
0.0000
0.0000
0.0146
0.0000
2.7482
0.0000
0.0000
0.0000
0.0000
0.0000
0.0000
0.2377
0.0000
0.0000
0.0000
0.0000
1.3243
0.0000
0.9494
1.0095
0.0000
0.0000
0.0000
0.7108
1.8115
0.0000
1.7139
0.0000
0.6912
0.0000
2.4215
0.0000
0.0000
0.0000
1.0237
0.0000
0.0000
0.0000
0.0000
0.0000
1.7061
1.1826
0.0000
0.0000
4.0369
0.0000
0.0000
0.0000
0.0000
0.0000
5.0948
0.0000
0.0000
0.0000
0.0000
0.0000
1.9307
1.6103
0.0000
1.4056
0.0000
0.0000
0.0000
1.4864
0.0000
0.0000
0.0000
0.0000
0.0000
0.0000
0.0000
0.0000
0.6078
0.0000
0.0000
0.0000
0.1560
0.0000
0.1279
0.0000
0.0000
0.0000
1.4667
0.0000
0.0000
3.1084
0.0000
0.7312
0.0000
0.0000
0.0000
1.5144
0.0445
0.0000
0.0000
2.5009
0.0000
0.0000
0.0000
0.0000
1.4203
0.0000
0.0000
0.0000
0.0397
0.0000
0.8329
0.0000
0.0000
0.0000
1.3285
0.0000
0.0000
1.2665
0.0000
0.0000
0.0000
0.0000
2.6128
0.0000
1.3417
0.0000
0.0000
0.2427
0.0000
1.2059
0.0000
1.3314
0.0000
0.0000
0.0000
0.0000
0.5408
0.0000
0.0000
0.0000
0.0000
0.0000
0.0000
0.0000
0.0000
0.9311
0.0000
1.1874
0.0000
2.2750
0.1154
0.0000
0.0000
2.8241
0.5689
0.0000
0.0000
2.4081
0.3605
1.3492
0.0000
0.3959
0.8485
0.0000
0.6553
0.0000
0.0009
0.0000
0.0000
0.5782
0.0000
0.5459
0.0000
0.0000
0.0000
0.0000
0.0492
0.0000
0.0000
0.0000
1.4740
0.0000
0.0000
0.0000
1.5420
1.5854
0.0000
0.8648
0.0000
0.5813
0.0000
1.4704
0.3030
1.6118
0.0570
0.0000
1.1483
0.0000
1.4062
0.0000
0.0000
0.0000
0.0000
1.4840
0.2542
0.0000
0.0000
0.6093
0.0000
0.0000
0.0000
2.6847
0.0000
0.0000
0.0000
0.0000
0.0000
0.0000
1.3436
0.0000
1.0541
0.0000
1.7254
0.4565
0.2628
0.0000
0.0000
5.5566
0.0000
0.0000
2.1975
0.0000
1.7502
0.0000
0.0000
0.6207
0.0000
0.0000
0.0000
1.1479
0.0606
0.7705
0.0000
0.0000
2.4050
0.0000
0.0000
0.0676
0.0000
0.0000
0.0000
0.0000
0.0000
0.0000
0.0000
0.0000
0.0000
0.0000
0.0000
0.0000
0.8613
0.0000
0.0545
0.0000
0.0000
0.0000
0.0000
0.0000
0.0479
1.0135
1.0072
0.0000
0.0000
0.0000
0.7979
0.0000
0.0000
0.0000
0.0000
0.0000
0.0000
0.0000
0.0000
0.0000
0.0000
0.0000
0.2052
0.0000
0.1129
0.0000
0.0000
0.0000
0.0000
0.0000
0.0000
0.0000
2.1584
3.6957
0.0000
0.0000
0.0000
0.0000
0.0000
0.0000
0.0000
0.0000
0.0000
2.9348
0.3555
0.0000
2.0505
0.0000
0.0000
0.0000
0.9134
1.8346
0.0000
0.3188
0.0000
0.0000
0.0000
0.0000
3.7823
0.0000
1.9967
0.0000
0.1515
0.1792
0.0000
1.6471
0.0000
0.0000
0.0000
0.0000
0.0000
0.0000
1.3148
0.0000
0.0000
0.0000
0.0000
0.0000
0.0000
0.0000
2.1168
0.0000
0.8474
0.0000
0.0000
1.0233
0.2876
0.0000
0.0000
0.1407
0.0000
0.0000
0.0000
0.7641
0.0000
0.0000
0.2625
1.0266
0.5415
0.0000
0.0000
0.0000
0.0000
0.0000
0.0000
0.0000
2.1708
1.1779
0.0000
0.0000
0.0000
0.0000
0.0000
0.0000
0.0000
0.1062
0.0000
0.0000
0.0000
0.0000
0.0000
0.0000
0.0000
0.0000
0.0000
0.0000
0.0000
0.0000
0.0000
0.0000
0.3041
0.0000
0.6935
0.0000
2.2629
0.0000
0.0000
2.4911
0.0000
0.0000
0.0000
0.0000
0.0000
0.3107
0.0000
1.9502
0.0000
0.0000
0.7762
0.0000
0.0000
0.0000
0.0000
0.9107
2.4388
0.0000
3.0594
1.6975
0.0000
0.0000
0.0000
0.0000
0.3602
0.0000
0.0000
0.0000
0.0000
0.8484
0.9967
0.0000
0.0000
0.0666
0.0000
0.0000
0.0000
0.0000
0.2423
0.0000
0.4928
0.0000
0.0000
0.0000
1.8582
0.0000
3.4743
0.4171
0.1523
0.0000
2.6197
0.0000
0.0000
0.1372
0.0000
0.9849
0.0000
0.0000
0.0000
0.0000
0.0000
0.0000
0.0000
0.0000
0.0000
0.0000
0.0000
0.0779
0.0000
2.3763
0.0000
0.0000
1.3137
0.0000
0.0000
0.0000
0.0000
0.5031
0.0000
0.0000
0.0000
0.0000
0.0000
0.0000
0.0000
1.3060
0.1922
0.0000
0.0000
0.0000
0.0000
0.0000
0.0000
0.0855
0.3743
0.0000
0.0000
0.0000
0.0000
3.3860
0.5148
0.0000
0.0000
0.0000
0.0000
1.2288
0.0000
0.0000
0.0000
2.8013
0.0836
0.0000
0.0000
0.0000
0.0000
0.0000
0.0000
0.0000
0.3768
0.0097
0.0000
0.0000
0.0000
0.6236
0.0000
0.0000
2.2556
0.6937
0.0000
0.5600
0.0000
0.0000
0.0000
0.0000
0.0000
0.0000
0.0000
1.2942
0.0000
0.0000
0.0000
0.0000
0.0000
0.2897
0.0000
0.0000
0.0000
0.0000
0.0000
0.0000
0.0000
0.0000
0.0000
0.0000
0.0000
0.5860
0.0000
0.0000
0.9319
0.0000
0.0000
0.0000
0.0000
0.0000
0.0000
0.0000
0.0000
0.4373
0.0000
0.0000
1.8077
0.3021
0.0000
0.5220
0.0000
0.0000
0.0000
0.0000
0.0000
3.0287
0.0000
0.0000
0.0000
0.0000
1.6031
0.0000
0.0241
0.0000
0.0000
0.0000
0.0000
0.2109
0.0000
0.9334
0.0000
0.0000
0.0000
1.0286
0.0000
1.1713
0.0000
0.0000
0.0000
0.0000
0.9199
1.2622
0.0000
0.0000
0.0000
0.0000
0.0000
0.0000
0.0000
0.0000
0.0000
0.0000
0.0000
0.0000
0.0000
3.3092
0.0000
0.0000
0.0149
0.0000
0.0000
0.0000
0.0000
0.0000
0.0000
0.0000
0.0000
0.0000
3.4809
1.8891
0.0000
0.0000
0.0000
0.0000
0.0000
0.0000
0.0000
0.0000
0.5513
0.0000
0.0000
0.0000
0.0000
0.6657
0.5714
0.0000
0.0000
0.8177
2.1099
0.0000
0.0000
0.0000
5.1946
0.0000
0.9763
0.0000
0.0000
0.0000
0.0000
1.3755
0.0000
0.0000
0.0000
0.0000
0.0000
1.0627
0.7119
0.4987
0.0000
0.0000
0.5640
0.4974
0.0000
1.6174
0.0000
0.4500
0.0000
0.0000
0.0000
1.1668
0.0000
1.2272
0.0000
0.0000
0.9510
0.0000
0.0000
1.4247
1.9605
2.5099
0.0000
0.0000
0.0000
0.9174
0.0000
0.0000
0.0000
0.0000
0.6868
0.0000
0.0000
0.0000
3.8144
0.0000
0.0000
0.0000
0.9446
0.0000
1.5484
0.0000
0.0000
0.0000
3.3177
0.0000
1.9439
0.0000
2.3069
0.0000
0.0000
0.7838
2.1347
0.0000
0.8686
0.0000
2.2041
0.0000
0.0000
0.0000
0.1502
1.5155
0.0000
0.0000
1.6253
0.2177
0.0000
2.7559
0.7954
0.2801
0.0000
0.6003
0.0000
1.2026
0.0000
0.0000
0.6202
0.0000
0.0000
0.0000
0.0000
0.2815
0.0000
0.0000
0.0000
1.1042
0.0000
0.0000
0.0000
0.0000
0.0000
0.0000
0.0000
0.0000
0.0000
1.6271
0.0000
1.8284
0.0000
0.0000
2.0791
0.0000
0.0000
0.0000
0.0000
1.3274
0.0000
0.0000
0.0000
0.0000
0.0000
0.7345
0.0000
0.0000
0.9793
0.0000
0.0000
0.0000
0.0000
0.0000
0.0267
0.0000
0.5822
0.0000
0.0000
0.0000
1.4850
0.0000
0.0000
1.8333
0.0000
0.0000
2.1453
0.0000
1.5620
0.0000
0.7229
0.0000
0.6960
1.7378
0.0000
0.0000
0.0000
0.0000
0.8603
0.0000
0.0000
0.9218
0.0000
0.5236
0.0000
0.5783
0.0000
0.0000
0.0000
0.0000
0.0000
0.1146
0.0000
1.7269
0.0000
0.0000
0.0000
0.0000
0.0000
0.0000
0.6577
0.0000
0.0000
0.0000
0.0000
0.0000
0.0000
0.0000
0.0000
0.0000
0.0000
0.0000
0.0000
0.0000
1.3611
1.5419
0.0000
0.0000
0.0000
0.0000
1.4020
0.5038
0.0000
0.0000
0.0000
0.5622
0.0000
0.0000
0.0000
0.0000
0.0000
0.0000
0.0000
0.0000
0.0000
2.8931
0.0000
0.0390
0.0000
2.2989
0.0000
0.0000
0.8186
4.1582
1.1235
0.0000
0.5944
0.0000
0.0000
0.0000
2.1391
0.0000
0.0000
0.0000
0.9631
0.0000
0.0000
0.0000
0.0000
1.7449
0.4310
0.0000
0.0000
0.3282
0.0000
0.0000
0.0000
0.0000
0.0000
2.2336
2.3098
0.0000
0.0000
0.9977
0.0000
2.2463
0.0000
0.0000
0.0000
3.3612
0.2196
3.1122
0.0000
0.2584
0.0000
0.0000
0.0000
0.0000
0.0000
0.0000
0.0000
0.0000
4.9819
0.0000
0.0000
0.0000
0.0000
0.0000
0.0534
0.0000
0.0000
0.0000
0.0000
0.0000
0.0000
1.7246
0.0000
0.1210
0.0000
0.0000
0.0000
0.0000
0.0000
0.7746
0.0000
0.0000
0.0000
1.7609
0.8581
0.0000
0.0000
2.1638
0.0000
0.0000
0.0000
0.0000
2.4520
0.0000
0.0000
0.0000
0.0000
0.0000
0.2102
0.0000
0.0000
0.0000
0.0000
0.0000
0.0000
0.0000
0.3074
2.7827
0.0000
0.3238
0.0040
0.0000
0.0000
0.0000
1.3139
0.0000
0.0000
0.0000
0.0000
0.0000
0.0000
1.8507
0.0000
0.0000
0.2878
0.0000
0.8044
1.0487
0.0000
0.0000
0.2273
0.8340
0.0000
0.0000
0.0000
0.0000
0.0000
2.3431
0.0000
0.0000
1.8842
0.0000
0.0000
0.0000
0.0000
0.0000
0.0000
0.5313
0.0000
0.0000
1.2937
0.0000
0.0000
0.0000
0.0000
0.0000
0.0000
0.0000
0.0000
0.9811
1.3935
0.0000
0.0000
0.0000
0.0000
0.0000
0.0000
0.0000
0.3771
0.6795
1.3547
0.0000
0.5862
0.0000
0.3795
0.0000
0.0000
0.0000
0.0000
0.0000
0.0000
0.0000
0.0000
0.0000
0.0000
0.0000
0.0000
0.0000
0.0000
0.0000
0.0000
0.0000
0.5559
0.0000
0.0000
0.0000
0.0000
0.4561
0.4468
0.0000
0.0000
0.0000
0.0000
2.3072
2.0655
0.0000
1.3654
0.0000
0.0000
0.0000
0.0000
0.0000
0.0000
0.0000
0.0000
0.0000
0.0000
0.0165
2.5463
0.7140
0.0000
0.0000
0.1678
0.0000
0.1771
1.1770
0.0000
1.9125
0.0000
0.4506
1.7675
0.1043
1.1854
1.1596
4.3079
0.0000
0.0000
0.0000
0.0000
0.4772
0.0118
0.0000
0.2507
0.0000
0.0000
0.0000
0.0000
0.0000
0.1406
0.0000
0.0000
0.0000
1.6733
0.1497
0.5880
0.0000
1.5881
0.0000
0.0000
1.7481
0.4836
0.0000
2.6024
0.0000
0.0000
0.8756
0.0000
0.0000
0.0000
0.0000
0.8437
0.0000
0.0000
0.5528
0.0000
0.0000
1.1091
0.0000
0.0000
0.0000
0.0000
0.8777
2.4273
0.0000
1.3778
0.0000
0.3012
0.0000
0.0000
0.0000
0.0000
0.0000
0.0000
0.0000
0.0000
0.0000
0.0000
0.9839
0.7300
0.0000
0.0000
0.0000
0.0306
0.0000
0.0000
0.0000
0.0000
0.0000
0.0000
0.5841
0.0000
0.5843
0.0000
0.3809
0.0000
0.0000
0.0000
0.8637
0.0000
0.0000
2.3692
3.3991
3.0356
0.0000
1.4614
0.0000
0.0000
0.0000
0.9406
0.0000
0.0000
0.0000
0.0000
0.0000
0.0000
0.0000
0.0000
0.8957
0.0000
0.0000
0.0000
0.0000
0.0000
0.0000
0.0000
0.0000
0.0000
3.6387
1.1084
1.0397
0.0000
0.0000
0.0000
0.0000
1.8127
1.5726
0.2291
0.0000
0.0000
0.0000
0.0000
0.0000
0.0000
1.6261
0.9571
0.0000
0.0000
0.0000
0.0000
0.0000
0.0000
0.0000
1.4465
1.5314
1.1932
0.0000
0.0000
0.0000
0.0000
0.0000
0.0000
0.0000
0.6944
0.0000
0.0000
0.0000
1.6355
0.0000
0.0000
0.0000
0.0000
2.0072
0.0000
0.0000
0.4259
0.0000
1.6595
0.0000
1.7362
0.0000
0.0000
0.0000
0.3402
0.1309
2.5305
0.0000
0.0000
0.0000
0.0000
0.0000
2.2248
0.0000
0.0000
0.0000
0.0000
0.0000
0.0000
0.0000
0.0000
0.0000
0.0000
0.7624
0.0000
0.0000
0.1943
1.3723
0.0000
0.8269
0.0000
1.6785
0.0000
0.0000
0.0000
0.0000
1.0369
0.0000
0.0446
0.3086
1.7737
0.0000
1.5635
0.0000
0.0000
0.0000
0.0000
0.0000
0.0000
0.0000
0.0000
0.0000
0.8128
0.0000
0.2774
0.6904
2.7133
0.0000
0.0000
2.0105
0.0000
0.0000
0.0000
0.0000
1.1516
0.0000
0.0000
0.0000
0.7688
1.6524
0.0000
0.0000
0.0000
0.0000
0.0000
0.0000
0.0000
0.0000
0.0000
0.0000
0.0000
0.0000
0.0000
0.9458
0.0000
0.4211
0.0000
0.3660
0.4484
0.0000
0.0808
0.0000
0.0000
0.0000
1.0077
1.8210
1.8347
2.2605
0.0000
0.0000
0.0000
0.7450
0.7622
0.2122
0.0000
0.0000
0.0000
0.0807
0.0000
0.8412
0.0000
0.0290
0.0000
2.4666
0.8614
0.0000
0.0000
0.0000
0.6968
0.0000
0.0000
0.0000
0.9514
0.0000
0.0000
0.8491
0.0000
0.0000
0.0000
0.0000
0.0000
0.0000
0.0000
0.0000
0.0000
0.6750
0.0000
0.0000
0.4815
0.0000
1.2581
0.4752
0.4042
0.0000
0.5405
0.0000
2.7702
0.0000
0.0000
0.0000
0.9598
0.0000
1.8823
1.0975
0.4559
0.0000
0.2469
1.3717
2.2684
0.0000
0.2775
0.0000
0.0000
0.2801
0.0000
0.0000
0.0000
0.0000
0.7969
0.0000
0.0000
0.0676
2.1739
0.0000
1.5081
0.0000
0.2212
0.0000
0.0000
0.0000
0.0000
0.0000
3.8092
0.0000
0.4850
3.1910
0.0000
0.0000
0.0000
1.5135
0.0000
0.5209
1.9661
1.5427
0.0000
0.0000
0.0000
1.9422
0.6714
0.0000
1.3087
0.2740
0.7477
1.6936
0.0000
0.0000
0.0000
0.0000
0.0000
0.5590
0.5447
2.6659
0.0000
0.0000
3.1831
0.0000
2.2178
0.0000
0.0000
0.0000
1.7444
0.0000
0.0543
0.4609
0.0000
0.0000
0.0000
2.6681
0.0000
2.2558
0.0000
0.5356
0.1876
0.0000
0.0000
0.0000
0.0000
1.3214
0.7446
0.0000
0.0000
2.5179
0.0000
0.0000
3.8665
0.0000
0.0000
0.1485
0.0000
0.0000
0.0000
0.0000
1.4233
0.0000
0.0000
0.0000
0.2223
0.0000
3.0639
0.0000
0.0000
0.0000
0.0000
2.0565
0.0000
3.5327
1.2225
0.7553
0.0000
0.0000
0.0000
0.0000
0.0000
0.0000
0.4575
0.0000
0.4810
0.0126
0.0000
0.0000
0.0000
0.5860
0.0000
0.0000
0.0000
0.0000
0.0000
0.2181
0.0000
0.4965
0.0000
0.0000
0.6950
0.0000
0.0000
0.0000
0.0000
0.9444
0.3496
0.0000
0.0000
0.0000
1.1167
0.0000
1.2259
0.0000
0.0000
0.0000
0.1640
0.0000
0.0000
0.0000
0.0000
0.8876
0.0000
1.6329
0.0000
0.5028
0.0000
0.9897
0.0000
0.0000
0.0000
0.0000
0.8270
0.0000
0.0000
0.0000
2.4612
0.0000
0.0393
0.0639
0.0000
0.0000
1.5759
0.0000
0.0000
0.0000
0.0000
0.0000
0.4823
2.3956
1.0824
0.0000
0.0000
0.0000
1.1789
0.0000
0.0000
0.0000
0.1489
0.0000
1.2213
0.0000
0.0000
0.0000
0.0000
1.8309
1.8434
0.0000
1.2089
0.0000
0.0000
0.0000
0.0000
3.1184
0.9136
0.3379
0.0000
0.0000
0.0000
0.0000
0.0000
0.2241
0.0000
0.2668
0.0000
0.1416
2.3109
0.0000
0.0000
0.0000
0.0611
0.0000
0.0000
0.0000
1.8972
0.0000
0.0000
1.0570
1.9908
1.4904
0.7772
0.0000
0.0000
0.0000
0.0000
0.0000
0.0000
3.6832
0.0000
0.0000
1.3367
2.1347
0.0000
0.0000
0.0000
1.6488
1.1052
0.2077
0.0000
0.8218
0.0000
0.0000
0.0000
0.0000
0.0000
1.0869
0.0000
0.0000
0.0000
0.4511
0.9890
0.0000
2.0380
0.0000
0.0000
0.0000
0.0000
1.8231
0.0000
0.0000
0.0000
2.9494
1.3447
0.0000
0.0000
0.0000
0.0000
0.0000
1.9396
1.9170
0.0000
0.4239
0.0000
0.0000
1.7172
1.7920
0.2413
0.0000
0.0000
0.0000
0.0000
4.0790
0.1122
0.0000
0.0000
0.0000
0.0000
0.0000
0.0000
0.0000
0.0000
0.0000
0.0000
0.0000
1.4133
0.0000
0.0000
0.9426
0.8338
0.0000
0.0000
0.0000
0.0000
0.0000
0.0000
0.4366
0.4525
0.0000
0.0000
0.0000
2.1053
0.0000
0.3881
0.3877
0.0000
0.0000
0.0000
0.0000
0.0000
0.0000
0.0000
0.0000
0.0000
0.0000
0.0000
2.9961
0.0000
0.2578
0.0000
0.0000
0.0000
0.0000
0.0000
1.7123
0.0000
0.0000
0.0000
0.0000
0.0000
0.0000
0.0000
0.0000
0.0000
0.0000
1.9423
0.0000
0.0000
0.0000
0.7027
0.0000
0.9595
0.8154
0.0000
0.0000
0.0000
0.0000
0.4124
0.0000
0.0000
0.0000
0.0000
1.2939
0.5240
0.0000
1.3662
0.0000
0.8228
0.0000
0.0000
0.0000
0.0000
0.0000
0.3680
0.0000
0.4509
0.0000
0.9374
0.0000
3.2858
0.0000
0.0000
0.0000
0.0000
0.0000
0.9711
0.0000
0.4450
0.7969
0.0000
1.6690
0.0000
0.0000
0.0000
0.2497
0.4585
0.0000
0.0000
0.0000
0.0000
0.0000
0.0000
0.0000
0.0000
0.0000
0.0000
0.0000
0.0000
0.4048
0.1126
0.6097
0.9817
3.1641
0.0000
0.3938
0.6879
0.0000
0.0000
0.0000
0.0000
0.0000
1.1890
1.4657
2.8003
0.0000
0.0000
0.0000
0.6165
0.0000
0.0000
0.0000
0.0000
0.0000
0.0000
0.0000
0.0000
0.0000
0.0000
0.0000
0.0000
2.4611
0.6964
0.0000
1.1439
0.0000
0.0000
0.2070
0.0000
0.0000
0.0000
2.3430
0.0000
0.0000
0.0000
1.3841
0.1311
0.0000
0.0000
0.0000
0.0000
0.6790
0.5091
0.1265
0.0000
0.0000
0.0000
0.0000
0.0000
0.0000
0.3811
0.0000
0.0000
1.0060
0.0000
0.8400
0.0000
0.0000
0.0000
3.5988
0.0000
0.0000
0.0000
0.4229
0.7004
0.0000
1.1284
0.0000
0.0000
0.0000
1.2477
1.4085
0.0000
0.0000
0.0000
0.0000
3.6080
0.0000
0.0000
0.0000
0.6062
0.0000
0.5123
1.0322
0.0000
1.4161
0.0000
0.0000
0.5658
0.0000
0.0000
0.0000
0.0000
0.8880
0.0000
0.5075
0.0000
0.0000
0.0000
0.0000
0.0000
0.6250
0.0000
0.0577
0.0000
0.0000
0.0000
0.0000
0.0083
0.0000
0.0000
0.3319
0.0000
0.0000
2.4766
0.0000
0.0000
0.1441
0.2502
2.6679
0.0000
0.0000
0.8441
0.0000
0.0000
0.0000
0.3943
0.0000
0.0000
0.2705
1.1245
0.0000
0.0000
0.0000
0.0000
0.0000
1.0423
0.0000
0.0000
0.0000
0.0000
0.0000
0.0000
0.0000
0.3247
0.0000
0.0000
0.2762
0.0000
3.1444
0.8273
0.0000
1.0027
2.6670
0.0000
0.0000
0.0000
0.0000
0.0000
0.0000
0.0000
0.0000
1.1813
0.2929
0.0000
0.0000
0.0000
2.4547
5.9221
0.0000
0.0000
0.0000
0.0000
0.0000
0.0000
0.0000
0.0000
0.0000
0.0000
0.0000
0.0000
0.0000
0.0000
0.0000
0.0000
0.0000
0.0000
0.0000
0.0000
1.1025
0.1329
0.0000
0.8297
1.5850
0.0000
1.9647
0.0000
0.3460
0.6245
0.0000
0.0000
1.2881
0.9248
0.0000
0.0000
1.7953
0.0000
0.5763
0.0000
1.6776
0.0000
0.0000
0.3273
0.0000
0.0000
0.0000
0.0000
0.0000
1.1405
0.0000
0.0000
2.1851
0.1695
0.2198
0.0000
0.3573
0.2185
0.0000
0.0000
0.8443
0.0000
0.0000
0.0000
0.0384
0.0000
0.0000
0.0000
0.0000
0.0000
0.0000
0.0000
0.0000
0.0000
0.0000
1.1195
0.0000
0.0000
0.0000
0.0000
0.0000
0.0000
0.0000
3.3097
0.0000
0.0000
2.1804
0.0000
0.0000
0.0000
0.0000
0.9898
0.0000
0.9482
0.0000
0.0000
0.6021
0.0000
0.0000
0.6391
0.0000
0.0000
0.0000
0.0000
0.0000
0.0000
0.0000
0.0000
1.6710
0.0000
0.0000
0.0000
0.0000
0.0000
0.0000
2.5058
0.0000
1.3061
0.0000
0.0000
0.0000
1.1665
0.5854
0.0000
0.0000
0.6193
1.9823
0.0000
0.0000
0.0000
0.0000
0.8018
0.0000
0.0000
3.4982
0.4007
0.0000
0.0000
0.0000
2.5844
1.1413
0.0000
0.0000
0.0000
0.0000
0.0000
0.0000
0.0000
1.1000
0.0000
0.0000
0.0000
0.0000
0.0000
0.0000
0.0000
0.0000
0.7002
0.0000
0.0000
0.0000
0.0000
0.0000
0.8737
0.0000
0.0000
0.0412
0.0000
0.1872
0.0000
0.0000
0.0000
1.9062
0.0000
1.2256
0.0000
0.0000
1.2403
0.0000
0.3283
1.1011
0.3737
0.0000
0.0000
0.0000
0.0000
0.0000
0.0000
0.0000
0.0000
0.2520
0.8395
0.0000
0.0000
0.0000
0.8153
0.0000
0.0000
0.0000
0.0000
0.0000
0.0000
0.0000
0.0000
0.0000
0.0000
0.0000
0.2220
0.0000
0.0000
0.0000
0.0000
0.0000
0.0000
0.7487
0.0000
0.0000
0.0000
0.0000
2.3682
0.0000
0.0000
0.0000
0.0000
0.0000
0.0000
1.0904
1.8343
0.0000
0.0000
0.0000
0.0000
0.0000
0.0000
0.0000
0.0000
0.1398
2.0238
0.0000
0.0000
1.9021
0.0000
2.8981
0.0000
0.0000
0.0000
0.0000
0.0000
0.4890
0.1651
1.7592
2.2497
0.0000
3.7708
0.0589
0.0000
0.0000
0.0000
2.3219
0.0000
0.6072
0.0000
0.0000
0.0000
0.0000
0.0000
1.7919
0.0000
0.0000
0.7267
0.0000
0.0000
0.0000
1.6102
1.3961
0.0000
0.0000
1.5624
0.0000
0.0000
0.0000
2.4934
0.8660
1.9505
0.0000
0.0000
0.0000
0.0000
0.0000
0.0000
2.9571
1.1314
3.6125
0.0000
1.6690
3.0246
1.5655
0.0000
0.0000
0.0000
0.0000
0.0000
0.6066
0.0000
0.0000
2.1569
0.0000
0.0000
0.0000
0.5651
0.7306
0.0000
0.0000
2.8180
0.0000
0.0000
0.0000
2.1109
0.5133
0.0000
1.8585
0.0000
0.0000
1.2375
0.0000
1.5549
0.0000
0.0000
2.6197
0.0000
0.0000
0.0000
0.0000
0.0000
3.5138
0.0000
0.0000
0.0000
0.0000
0.0000
0.8709
0.0000
0.0000
0.0000
3.0109
0.0289
0.1030
0.0000
0.0000
0.0000
0.0000
0.7509
0.0000
0.0000
0.0000
0.0000
0.0000
0.0000
0.0000
0.0000
0.0000
1.0849
0.9751
0.0000
0.0000
1.2120
0.0000
0.0000
0.0000
0.6024
0.5344
0.3563
0.6841
0.3369
0.0000
1.2974
0.0000
0.0000
0.0000
0.0000
1.1769
0.0000
2.1648
0.0000
0.0000
4.4780
0.0000
0.0000
1.1581
0.0000
0.0000
0.4017
0.0000
0.0000
0.0000
0.0000
0.0000
0.6666
0.7720
0.0000
0.0000
0.1457
2.5681
0.0000
2.8279
2.6863
0.0000
0.0000
0.9251
0.0000
0.0000
0.0000
1.1204
0.0000
0.0067
0.0000
0.0000
1.0594
0.0000
0.4480
0.0000
0.0000
0.0000
0.0000
1.4646
0.5047
0.0000
0.0000
2.2633
0.0000
0.0000
0.0000
0.0000
0.0000
0.0000
0.0000
0.0000
0.0000
1.5366
0.0000
0.0000
1.2747
0.0000
0.0000
0.0000
0.0000
0.3708
1.5319
0.6531
0.0000
2.6041
2.2901
0.5413
0.0000
0.0000
0.0000
0.0000
0.2770
1.1306
0.0000
0.0000
0.0000
0.0000
0.4931
0.0000
4.0218
4.5503
0.0000
0.0000
0.0000
0.2408
3.7572
0.0000
0.0000
0.0000
0.0000
0.0000
0.0000
0.0000
0.0000
0.0000
0.0000
0.0000
0.2902
0.9186
1.8078
0.0000
0.0000
0.0000
0.0000
0.0000
0.5674
0.0000
0.0000
0.0000
0.0000
4.2136
1.1896
0.0000
0.0000
0.0000
0.0000
0.0000
0.2769
1.9484
0.5177
0.0000
0.4153
2.2195
0.0000
0.0000
0.0000
0.0000
0.0000
0.0000
0.8779
1.6726
0.0000
0.0000
5.7555
0.2776
0.0182
0.0000
0.0000
0.0000
0.0000
0.0000
0.0000
0.0000
0.0000
0.4137
0.0000
0.0000
0.1687
1.2963
0.4449
0.0000
0.0000
0.0000
0.0000
0.0000
0.7747
0.0000
0.0000
0.1627
0.0000
0.9741
0.0000
0.0000
1.5292
0.0000
2.4433
1.4100
0.0000
0.0000
0.0000
0.0000
0.0000
0.0000
0.0000
1.1883
0.0000
0.0000
0.0000
0.0000
0.0000
0.0000
0.0000
0.0000
3.0541
0.0000
2.2572
0.0479
0.1431
0.0000
0.0000
0.0000
0.0000
0.0000
0.0000
0.0000
0.0000
0.8970
0.0000
0.3937
0.0000
2.2397
1.3435
0.2355
0.0000
0.0000
0.0000
1.4569
0.0000
0.0000
0.0000
0.0000
0.0000
0.3550
0.0000
0.0000
0.0000
0.0000
0.1436
0.0000
0.5521
0.0000
0.0000
0.2022
0.0000
0.0000
0.2071
0.0000
0.1815
0.0000
1.1113
1.4043
0.0000
2.9124
0.5048
0.3071
3.2459
0.4754
0.0000
1.4291
0.0000
0.0000
1.2102
0.0000
0.0000
0.0000
0.6585
0.0000
0.0000
0.0000
0.0000
0.7724
0.0000
2.0773
0.0000
2.9429
0.0000
0.0000
1.2351
3.2965
2.0004
0.0000
0.0000
0.0000
0.0000
1.2409
1.9449
0.0000
0.8201
0.0000
0.0000
0.0000
0.0000
0.0000
3.1085
0.0000
0.0000
2.0637
0.0000
1.2165
0.0000
0.0000
0.0000
0.0000
3.9989
0.0000
0.0000
0.0734
0.0000
0.0000
1.3239
0.7289
1.8138
1.6923
0.0000
0.2544
0.0000
0.5950
0.0000
0.0000
0.3373
0.0000
0.0000
0.0000
0.0000
0.0000
2.6098
0.5945
0.0000
0.0000
0.0000
0.0000
1.0520
0.0000
1.1516
0.0000
0.0000
0.2506
0.7071
0.0000
0.0000
0.1647
2.6393
0.0000
0.0000
2.0163
0.0000
0.0000
2.7188
0.3138
0.0000
0.0000
0.0000
2.1497
0.0000
0.0000
0.6097
0.0000
1.2742
1.2521
1.7560
1.3454
0.0000
0.0000
0.0000
0.0000
0.0000
0.2230
0.0000
0.0734
0.0000
0.0000
0.0000
0.6359
0.0000
0.0000
0.0000
0.0000
0.7373
0.0000
0.0011
0.0000
0.0000
0.3548
0.0000
0.0000
0.0000
1.0369
0.1887
0.2623
0.0000
2.2801
0.0000
1.0778
0.0000
1.3988
0.0000
0.0000
0.0000
0.0000
0.0000
0.0000
0.0000
0.0000
1.4235
0.0000
0.0000
0.0000
0.0000
0.0000
0.0000
0.0000
0.0000
0.0000
0.0000
0.0000
0.0000
0.0000
1.6479
0.0000
0.0000
0.0000
3.8173
0.0000
0.0000
0.0000
0.0000
0.0000
0.0000
0.0000
0.0000
0.0000
0.0000
0.0000
0.0000
0.6758
0.0000
0.1309
0.0000
0.0000
0.0000
0.0000
0.0000
0.0000
0.5643
0.1484
0.0000
0.0000
0.0000
0.0000
0.0117
0.2363
0.0000
0.0000
0.0000
0.0000
0.0000
0.0000
0.0000
0.0000
0.0686
0.0000
1.0578
0.0000
0.0000
0.0000
0.1073
0.0000
0.0000
0.0000
0.0000
0.9849
0.4672
0.4736
0.0000
0.0000
0.0000
0.5975
2.7950
0.0000
0.5716
0.3522
0.0000
0.0000
0.9603
0.7196
0.5065
0.0000
0.0000
0.0000
0.0000
0.0000
0.0000
2.5816
0.2992
0.0000
0.0000
0.0000
0.0000
0.0000
0.0000
0.0000
0.5973
0.0000
0.0011
0.0000
0.0000
0.0000
0.0000
0.0000
1.6512
0.0000
0.0000
0.9199
0.8574
0.2147
1.5187
0.0000
0.0000
0.0000
2.3180
0.7263
0.2641
0.0000
0.0000
0.2606
0.4480
0.0000
0.5499
0.0000
0.0000
0.0000
0.0000
0.0000
1.0813
1.1676
0.0000
0.0000
0.0000
0.3707
0.8491
0.1480
0.0000
0.0000
0.0000
0.0000
0.0000
0.0000
0.0000
0.0000
0.6781
0.6309
0.0000
0.0000
0.0000
0.0000
0.2600
0.0000
0.0000
0.0000
0.0000
1.3119
0.0000
0.0000
0.9095
0.0000
0.0000
0.0000
0.0000
1.6971
0.0000
0.0000
0.0000
0.0000
0.2539
0.0000
0.0000
0.0000
0.2836
0.0000
0.0000
0.0000
0.0000
0.0000
0.0000
0.0000
0.0000
0.3908
0.0000
3.5234
0.0000
0.0000
0.0000
0.0000
0.0000
0.0000
0.0000
1.6954
0.0000
0.0000
0.3862
0.0000
0.0000
0.0000
0.0000
0.0000
0.0000
0.6515
0.0000
0.0000
0.0000
0.0000
0.4465
0.8286
0.0000
0.0000
0.0000
0.0000
0.0000
0.0000
0.0000
0.0000
2.8285
1.3398
1.6423
0.0000
0.0000
0.0990
0.0000
0.0000
0.0000
0.0000
1.2452
0.0000
1.8676
0.0000
1.2848
0.0000
0.4732
0.3462
2.9260
0.0000
1.9305
0.0000
0.0000
0.0000
1.6941
0.7930
2.4872
0.4869
0.0000
0.0000
0.0000
0.0000
0.0000
0.5522
0.0000
1.3277
1.6612
0.0000
0.2811
0.0597
0.0000
1.6622
1.0813
0.0000
0.0000
0.0000
0.0000
0.0000
0.1471
3.1872
0.2229
0.0000
0.0000
0.0000
0.0000
0.0000
2.1501
2.5782
1.7462
0.0000
0.0000
0.0000
0.0000
1.0546
3.7101
0.0000
0.0000
0.0000
0.0000
3.7195
0.1971
0.0000
0.0000
0.0000
0.0000
0.0000
1.9587
0.0000
0.0000
3.0237
0.0000
0.0000
0.0000
0.0000
0.0000
0.8602
0.0396
0.0000
0.0000
0.0000
1.5744
1.6818
0.0000
0.0000
0.0000
0.0000
0.0000
0.0000
5.5561
0.0000
1.1950
0.0000
0.0000
0.5398
0.0000
0.3670
0.0000
0.0000
0.0170
0.0000
5.1830
0.0000
0.0000
0.0000
0.0000
0.0000
0.0000
0.0742
0.0159
0.0000
0.0000
0.0000
0.0000
0.5778
0.0000
0.0000
1.2245
5.0918
0.0000
0.0000
0.0000
0.0000
0.1257
0.0000
0.0000
0.0000
0.0000
0.6404
2.4204
0.0000
1.0445
1.0609
0.0000
0.0000
0.0000
0.0000
0.0000
1.4609
1.4267
0.0000
0.1235
0.0000
0.0000
0.0000
0.0000
0.0000
3.3708
0.0000
1.5063
0.0000
0.0000
0.0000
0.0000
0.8366
0.0000
0.0000
0.2273
0.4771
0.0000
0.0000
0.0000
0.0000
1.9904
0.0000
1.6368
1.5296
0.0000
0.0000
0.0000
0.0000
0.0000
0.0000
0.0000
3.0015
0.0000
1.0244
0.1919
0.0000
1.2648
0.0000
0.0000
0.0000
0.6229
0.0000
1.3681
3.9007
1.0523
1.6439
1.3041
0.0000
0.0217
0.0000
0.0000
0.0000
0.0000
0.9322
0.0819
0.0000
0.0000
0.0000
0.0095
0.3137
0.0000
0.0000
0.0000
0.0000
0.0000
0.0000
0.2211
0.4324
0.0030
0.0000
0.0000
3.4783
0.0000
0.0000
0.0000
0.0000
0.7816
1.8039
0.0000
0.0000
0.0000
0.0000
0.0000
0.0000
0.0000
0.0000
2.3001
0.0082
0.0000
0.0000
0.0000
0.6399
0.0000
0.3211
0.0000
0.0000
0.0000
2.2227
0.0000
1.3305
0.0000
0.0000
0.0000
0.0000
2.3994
0.0000
0.0000
0.0000
0.0000
0.0000
0.0000
0.0000
0.7883
2.3992
0.0000
0.0000
1.4209
1.2940
0.2038
0.0000
0.0000
0.6447
0.0000
0.0000
0.0000
0.0000
0.0000
0.0000
0.1825
0.0339
0.0000
0.3677
2.1527
0.0000
1.2612
0.0626
0.0000
0.0000
0.0000
0.0000
3.1773
0.0000
0.1108
0.0000
0.0000
0.0000
1.0638
2.6047
0.0000
0.0000
0.0560
0.0000
0.2546
0.0000
1.3065
0.0000
0.0000
0.0000
0.2594
1.7149
0.0000
0.0000
0.0000
0.2721
0.0000
2.5950
0.0868
0.5557
1.3128
0.0000
0.0000
0.0000
0.0000
0.0000
2.1943
0.0000
0.0000
0.0000
0.1773
2.4806
0.0000
3.9786
0.0000
0.0000
0.0000
0.0000
0.0000
0.5285
0.0000
0.0000
0.0546
0.5166
0.0000
3.5676
0.0000
0.0000
0.0000
0.0000
0.0000
1.5703
0.6130
0.0000
0.0000
0.0000
0.0000
0.0000
0.6872
0.0000
1.9239
0.0000
0.0000
0.0000
0.0000
0.0000
0.0000
1.4207
0.0000
0.0000
0.0000
0.0000
0.0000
0.0000
0.0000
0.1055
0.0000
1.1245
0.0000
0.9289
0.3184
0.0000
0.0000
2.7272
0.0000
0.0000
0.8543
0.0404
0.0000
0.0000
2.9433
0.0000
0.0000
0.0000
0.0000
0.0000
0.0000
0.9312
0.0000
0.0000
0.0000
0.0000
1.0824
0.0000
0.0000
0.0000
0.0000
0.5645
0.0000
0.0000
0.0000
0.0000
1.4624
0.0000
0.0000
0.0000
0.0000
0.0000
3.6549
0.0000
0.0000
5.0099
1.0349
0.0000
0.0000
0.0000
1.1060
0.0000
0.0000
0.8279
0.0000
0.0000
2.1646
2.4424
1.3789
0.0000
1.4386
0.0000
0.6827
0.0000
0.0000
1.8995
0.0000
0.0000
0.0000
0.0000
3.1575
0.0000
0.0000
0.1927
0.0000
0.0000
0.0000
0.0000
0.0000
0.0000
1.6926
0.0000
0.0000
0.0000
0.0000
0.9113
0.0000
0.0000
0.0000
0.0000
0.0000
0.0000
0.0000
0.0000
0.0000
0.0000
0.0000
0.0000
0.0000
0.0000
0.0000
0.0000
0.0000
0.4991
0.0000
0.0000
0.0000
0.0000
0.0000
0.0000
0.3148
0.0000
0.0000
0.0000
0.0000
0.0000
1.7442
0.3460
0.0000
0.0000
0.0000
2.3132
2.4118
1.3012
0.0000
0.0000
1.4088
1.2053
0.0000
0.0000
0.0000
3.5817
1.7728
0.0000
0.0000
0.0000
0.0173
0.0000
0.1466
0.0000
2.7708
0.0000
0.0000
0.5962
3.9374
0.0000
0.4085
0.0000
0.0000
0.0000
0.0000
2.9636
0.0000
0.0000
0.0000
0.0000
0.0021
0.0000
0.0000
0.8814
0.6469
0.0000
0.0000
0.0000
0.0000
0.0000
0.0000
0.0000
0.0000
0.0000
2.9453
0.0000
1.3227
0.0000
0.0000
2.0024
0.0000
0.5678
0.0000
1.4869
0.0000
0.5238
0.0000
0.0000
0.0000
0.0000
0.0000
0.0000
0.0000
0.0000
0.0000
0.0000
0.0000
0.0000
0.0000
0.0000
0.7004
0.0000
0.0000
0.0000
1.4872
0.0000
0.0000
0.0000
0.0000
0.0000
1.8889
0.0000
0.0000
0.7047
2.9115
0.0000
0.0000
1.2618
0.0114
5.8337
0.9948
1.4870
0.0000
1.5053
0.0000
0.0000
0.0000
0.0000
0.0000
0.0000
0.0000
0.0000
1.4875
2.0736
3.3535
0.0000
0.0000
2.2182
0.0000
0.0000
0.0000
0.0000
0.0000
1.7217
0.2664
0.0000
2.7524
0.0000
0.0000
0.0000
3.0623
1.2435
0.0000
0.0000
0.0000
0.0000
0.9592
1.8058
2.1832
0.4413
0.0000
0.0000
1.5254
1.2038
2.7328
0.9509
0.0000
0.0000
0.0000
0.0000
0.0000
0.0000
0.0000
0.0000
0.0000
0.0258
0.3599
0.3969
0.0000
0.0906
0.0000
0.0000
0.0000
1.7556
2.4734
0.0000
0.0000
0.3947
2.0494
0.0000
1.5216
0.0000
0.0000
0.0000
0.0000
0.9259
0.0000
0.0000
0.4522
0.0000
4.0621
0.0000
0.0000
0.6842
0.0000
0.0000
0.6675
1.9040
0.0000
0.5602
0.0000
2.3850
1.7338
0.3265
0.0000
0.0000
0.0315
0.0000
0.0000
0.0000
0.0000
0.8079
0.1684
0.0000
0.0000
0.0000
0.0000
0.0000
4.8382
0.8269
0.0000
0.0000
0.7729
0.0000
0.0000
0.0000
0.0000
1.5238
0.0000
1.0478
0.8611
0.0000
1.7436
0.4252
0.0000
0.0000
0.5089
2.0909
0.0000
0.0000
0.0000
0.0000
0.0000
0.9699
0.0000
0.0000
0.0000
0.0000
0.0000
0.0000
0.0000
0.0000
0.0000
0.1974
0.0000
0.0000
0.5061
0.0000
0.0000
1.1726
0.0000
1.1165
3.2277
0.7423
0.3108
0.0000
0.0000
0.1041
0.0000
0.0000
0.0000
0.0000
1.1383
0.0000
5.0209
1.0617
0.0000
3.4131
0.0567
1.1808
1.1574
0.0000
2.1496
0.4977
0.0000
0.0000
0.0000
0.0000
0.0000
0.0000
0.2151
0.6007
0.0000
0.0000
0.0000
1.1732
0.0000
0.0000
1.3999
0.0000
0.9636
0.0000
0.0000
0.4338
0.0000
