0.0000
0.0000
0.0000
0.0000
1.2746
1.0609
0.0000
0.0000
0.0000
3.5498
0.3947
0.0000
0.9544
0.0000
0.0000
1.0508
0.0000
0.0000
0.0000
0.0000
0.0000
0.0000
2.6649
1.6455
2.2268
1.2546
0.0000
1.1865
0.0000
0.0000
0.0000
0.0000
0.0000
0.0000
2.2599
0.0000
0.0000
0.0000
1.8819
1.2995
0.0000
0.0000
0.0000
0.0000
0.0000
0.0000
0.0000
0.0000
0.0000
0.0000
0.0000
0.0000
0.0000
0.0000
0.0000
0.0000
0.0000
0.0000
0.0000
0.0000
0.0000
3.0137
0.0000
1.3253
0.0000
0.0000
0.4853
0.0000
0.0000
0.0000
0.7765
2.4246
0.0000
0.0000
0.0000
1.1134
0.0000
0.0000
0.0000
0.0000
0.0000
0.0000
0.1659
0.0000
0.0000
0.8804
0.0000
0.6013
0.0000
0.0000
0.0000
0.0000
2.0833
0.9608
0.8267
0.0000
0.0000
0.0000
2.1393
0.0000
0.0000
0.0000
0.0000
0.0000
0.4415
0.9426
0.7618
0.0000
1.9644
3.8280
0.0000
0.0000
0.6704
0.0804
0.0000
0.0000
1.8833
0.0000
0.0000
0.0000
2.6259
0.0000
3.7775
0.0000
0.0000
0.0000
0.7805
0.5542
0.0000
0.0000
0.0000
0.0000
0.0000
0.0000
2.8733
0.1134
0.0000
0.3986
0.0000
2.4095
1.8773
0.0000
1.4574
0.7978
1.2607
0.0000
1.3488
1.5215
1.2134
0.0000
0.0000
2.2205
0.0000
0.3131
0.0000
0.0000
0.0000
0.0000
0.7050
0.0000
2.1106
0.0000
0.0000
0.0000
0.0000
3.2940
2.0030
0.0000
0.0000
1.3190
0.0000
0.0000
0.0000
1.1840
0.0000
0.0000
0.0000
0.3884
0.0000
2.9691
2.6443
3.7621
0.0000
0.0000
0.0000
0.0000
1.7525
0.0000
1.2929
0.0000
0.0000
0.0000
0.4778
0.0000
0.9811
0.0000
0.0000
1.1336
3.6558
2.1588
0.0000
0.0000
0.0000
0.0000
0.0224
0.7108
0.0000
0.0000
0.0000
0.0000
0.0000
0.0000
0.0000
0.0000
0.0000
0.0000
0.0000
0.0000
0.0000
0.0000
0.0000
0.0000
0.0000
0.0000
2.7680
0.0000
0.5087
0.2900
0.6654
0.0000
0.0000
0.0000
0.0000
0.0000
2.3126
0.0000
0.7907
0.0000
2.1904
0.0000
0.0000
0.0000
0.1796
0.0000
0.0000
0.0000
0.0000
0.0000
0.7943
0.0000
0.0000
0.0000
0.0000
0.0000
0.0000
0.5208
0.0000
0.0000
0.0000
0.0000
0.0000
0.7855
0.0000
0.0000
0.0000
0.0000
0.0000
0.0000
0.0000
1.0905
3.2461
0.0000
0.0000
2.4903
0.2963
0.0000
0.0000
0.6833
0.0000
0.0000
2.5615
0.0000
0.0000
0.0000
0.0000
0.3341
0.0000
0.0000
0.0000
0.0000
0.0000
0.0000
0.0000
0.1277
2.6300
0.0000
0.0000
0.0000
0.0000
2.1326
0.0000
0.0000
0.0000
0.0000
1.5030
0.0000
0.3112
0.0000
0.0000
0.1746
0.0000
0.0000
0.0000
0.0000
2.1798
0.0000
0.0000
0.0000
0.0000
0.0000
0.1123
0.9899
0.0000
1.5472
0.0000
0.2269
1.0401
0.9321
0.0000
2.7450
0.0000
0.0000
0.0000
0.0000
0.0000
1.5869
0.8454
0.0000
0.0000
3.4393
0.0000
0.0000
0.0000
0.0000
0.0000
4.7827
0.0000
0.0000
0.0000
0.0000
0.0000
3.5383
0.0000
0.0000
1.4527
1.1552
0.0000
0.0000
3.4913
0.0000
0.0000
0.0000
0.0000
0.0000
0.0000
1.0590
0.0000
0.0000
0.0000
0.0000
0.0000
1.4804
0.0000
0.0000
0.0000
0.0000
0.0000
1.3425
0.0000
0.0000
2.5043
0.0000
0.0000
0.0000
0.0000
0.0000
0.3477
0.0000
0.0000
0.4468
4.9523
0.0000
0.0000
0.0000
0.5496
1.4956
0.0000
0.0000
0.0000
1.5002
0.0000
0.0000
0.0000
0.0000
0.0000
0.0469
0.0000
0.0000
1.4021
0.0000
0.0000
0.0000
0.0000
1.4013
0.9862
0.5605
0.0000
0.0000
0.0000
0.0000
0.1382
0.0000
0.8902
0.0000
0.0000
0.0000
0.0000
0.6204
0.0000
0.0000
0.0000
0.0000
0.0000
0.0000
0.0000
0.0000
2.3778
0.0000
2.5809
0.0000
1.4311
1.2421
0.1930
0.0000
2.5588
0.0000
0.0000
0.0000
3.7442
2.3030
0.3755
0.0000
0.0000
0.0000
0.0000
0.0000
0.0000
1.0187
0.0000
0.0000
0.1396
0.0000
1.2359
0.0000
0.0000
0.0000
0.0000
0.0000
0.0000
0.0000
0.0000
0.8684
0.0000
0.4158
0.0000
3.8463
1.4392
0.0000
0.7701
0.0000
0.0000
0.0000
0.0000
0.7222
1.3562
0.0000
0.0000
0.4436
0.0000
1.2477
0.0000
0.0000
0.0000
0.0000
0.0000
0.0000
0.0000
0.0000
0.4563
0.0000
0.0000
0.0000
1.2895
0.0000
0.1499
0.0000
0.0000
0.0000
0.0000
0.0000
1.9614
3.2856
0.0000
0.0000
0.0000
0.0000
0.0000
0.5384
4.2314
0.0000
0.8560
2.2454
0.0000
0.0000
0.0000
0.0000
0.3627
0.0000
0.0000
0.0000
0.9862
0.0000
0.5558
0.0000
0.0000
2.5787
0.0000
0.0000
1.9176
0.0000
0.0000
0.0000
0.0000
0.0000
0.0000
0.0000
0.0000
0.0000
0.0000
0.0000
0.0000
0.0417
0.0000
0.0000
0.0000
0.0000
0.5126
0.0000
0.0000
0.0000
0.1597
0.4934
0.0000
0.0000
0.0000
1.5590
0.0000
0.0000
0.0000
0.0000
0.0000
0.0000
0.0000
0.0000
0.0000
0.0000
0.0000
0.5609
0.0000
0.0000
0.0000
0.0000
0.0000
0.0000
0.0000
0.0000
0.0000
0.3272
2.4134
0.0000
1.4633
0.0000
0.0000
0.4625
0.0000
0.0000
0.0000
0.0000
3.4788
0.7383
0.0000
1.3965
0.0000
0.0000
0.0000
0.2731
1.1524
0.0000
0.0000
0.0000
0.0000
0.0000
0.0000
2.3886
0.0000
0.0000
0.9433
0.8594
0.0000
0.0000
2.2244
0.0000
0.0000
0.0000
0.0000
0.1606
0.0000
0.0000
0.0000
0.0000
0.0000
0.0000
0.0000
0.9018
0.5998
2.6566
0.0000
1.3170
0.0000
0.0000
0.0000
0.0000
0.0000
0.0000
1.1179
0.0000
0.0000
0.0000
0.0000
0.0000
0.0000
2.2184
0.7147
0.0000
0.0000
0.0000
0.0000
0.0000
0.0000
0.0778
0.0000
1.6502
0.4484
0.0000
0.0000
0.0000
0.0394
0.0000
0.1022
0.0000
0.0000
0.0000
0.0000
0.0000
0.0000
0.7508
1.6313
0.0000
0.0000
0.0000
0.0000
0.7667
0.0000
0.0000
0.0000
0.6176
0.0000
0.0000
0.0000
2.3633
0.9999
0.0000
2.2929
0.0000
0.4048
0.0000
0.0000
0.0000
0.0000
0.0000
2.1724
0.0000
0.0000
0.9524
0.0000
0.0000
0.0000
0.7994
2.5308
0.0000
0.0000
4.2392
0.0000
0.0000
0.0000
0.0000
0.0000
0.0000
0.0000
0.0000
0.0000
0.0000
0.0000
0.0000
0.9827
0.0000
2.3536
0.0000
1.2730
0.1345
0.0000
0.0000
0.5448
1.2150
0.0000
0.0000
0.0000
0.0000
0.7504
3.0157
0.0495
0.0000
0.0000
2.0209
0.0000
0.0000
0.0000
0.4008
0.4299
0.0000
0.0000
0.2884
0.0000
0.0000
0.0000
0.0000
0.0000
0.0000
0.0000
0.0000
0.8247
0.0000
3.9814
0.0000
0.0000
1.5277
0.0000
0.8619
0.0000
0.0000
0.0000
0.0000
1.2103
0.0000
0.0000
0.0000
0.0000
0.0000
1.6304
0.8520
0.1128
0.0000
0.0000
0.0000
0.0000
0.0000
0.0000
0.0000
0.0000
0.0000
0.0000
0.0000
0.8366
1.8039
0.0000
0.0000
0.0000
0.0000
1.1397
0.0000
0.0000
0.0000
3.5118
0.0000
0.0000
0.0000
0.0000
0.0000
0.0000
0.0000
0.3148
1.3484
0.0000
1.7605
0.0000
0.0000
2.1450
0.0000
0.0000
1.3721
1.4132
0.0000
0.8075
0.0000
0.0000
0.0000
0.0000
0.0000
0.0000
0.0000
0.0000
0.0000
0.0000
0.0000
0.0000
0.0000
0.0000
0.1162
0.0000
0.0000
1.0419
0.0000
0.0000
0.0000
0.0000
0.0000
0.0000
0.0000
0.6632
0.0000
0.0000
0.0000
0.0000
0.0000
0.0000
0.0000
0.0000
0.0000
0.0000
0.0000
0.0000
0.0000
0.0000
4.3774
0.0000
0.5673
0.0000
0.0000
0.0000
0.0000
0.0000
0.0000
1.8798
0.7236
0.0000
0.0000
0.0000
0.7405
0.2466
0.0000
0.0000
0.0000
0.0000
0.0000
0.0000
0.0000
0.0000
0.0000
0.0000
0.0000
0.8888
0.0000
0.0000
0.0000
0.3104
0.0000
0.0000
1.0408
2.5893
0.0000
0.0000
0.0000
0.0000
0.0000
0.0000
0.0000
0.0000
0.0000
0.5173
0.3861
0.0000
0.0000
3.1667
0.0000
0.0000
0.0000
0.0000
0.5498
0.0000
0.0000
0.0000
0.0000
2.0851
0.0000
0.0000
4.2498
2.4787
0.0000
0.0000
0.0000
0.0000
0.3916
0.0000
0.0000
0.8264
1.1431
0.0000
0.0000
0.0000
0.0000
0.0000
0.0000
0.0000
0.0000
0.7420
0.8894
0.0000
0.0000
0.0000
5.3715
0.6766
0.0000
0.0000
0.0000
0.0000
0.0000
1.3929
0.0000
0.0000
0.3429
0.0000
1.3179
0.0848
0.4764
0.7400
0.0000
0.0000
0.8298
0.2167
0.0000
0.0000
0.0000
1.1800
0.0000
0.0000
0.0000
1.6772
0.7046
0.0000
0.0000
0.0000
1.7964
0.0000
0.0000
1.2768
0.9018
0.0000
0.0000
0.0000
0.0000
0.4582
0.0000
0.0000
0.0000
0.0000
0.0000
0.0000
0.0000
0.7132
3.8142
0.9402
0.0000
0.0000
1.4368
0.0000
1.5631
0.0000
0.0000
0.0000
3.4349
0.0000
0.7755
0.0000
3.2133
0.0000
0.0000
0.0000
2.0500
0.0000
0.0000
0.0000
1.9782
1.2462
0.0000
0.0000
0.8106
0.8129
0.0000
0.0000
0.9820
0.6535
0.7540
2.9744
0.5815
2.5736
0.0000
0.0000
0.0000
0.3432
0.0000
0.0000
0.4541
0.0000
0.0000
0.0000
0.0000
2.0438
0.0000
0.0000
0.0000
0.0000
0.0000
0.0000
0.0000
0.0000
0.0000
0.0000
0.0000
0.0000
0.0000
1.5587
1.0500
2.1378
0.0000
0.1629
0.6144
0.0000
0.0000
0.0000
0.0000
1.7146
0.0000
0.0000
1.0023
0.0000
0.0000
2.4425
0.0000
0.0000
1.5415
0.0000
0.0000
0.0000
0.5593
0.0000
1.3423
0.0000
1.9199
0.0000
0.0000
0.0000
1.8448
0.0000
0.0000
1.6048
0.0000
0.0000
0.9908
0.0000
1.4637
0.0000
0.0000
0.0000
0.0000
0.0000
0.0000
0.7141
0.0000
0.0000
1.3445
0.0000
0.7303
1.8227
1.3338
0.0000
0.0000
1.6113
0.0000
0.0000
0.0000
0.0000
0.0000
0.0000
0.0000
0.9666
0.0000
0.3872
0.0000
0.0000
0.0000
0.0000
0.0000
0.0000
0.0000
0.0000
0.0000
0.0000
0.0000
0.0000
0.0000
0.0000
0.0000
0.0000
0.0000
1.5334
0.0000
4.4316
0.0000
0.0000
0.0000
0.0000
0.2705
0.7241
0.0000
0.0000
0.0000
1.3775
0.0000
0.0000
0.0135
0.0000
0.0000
0.0000
0.0000
0.0000
0.0000
0.6311
0.0000
0.0578
0.0000
2.5983
0.1381
0.0000
2.0438
3.2241
1.9181
0.0000
0.0000
0.0000
0.0000
0.0000
0.0000
0.0000
0.0000
0.0000
0.0000
0.0000
0.0000
0.7711
0.0000
1.6253
0.0000
0.0000
0.0000
0.0000
0.0000
0.7089
1.1361
0.0000
0.0000
2.2094
2.2181
0.0000
0.0000
0.4600
0.0000
0.0000
0.0000
0.0000
0.0000
1.1745
0.0000
2.2213
0.4768
0.3625
0.0000
0.0000
0.0000
0.0000
0.0000
0.0000
0.0000
0.5438
4.4762
0.0000
0.5718
0.0000
0.0000
0.0000
0.0000
0.0000
0.0000
0.0000
0.0000
0.0000
0.0000
1.0247
0.0000
0.0000
0.0000
0.0000
0.0000
0.0000
0.0000
0.6317
0.0000
0.0000
0.0000
2.9677
0.0000
0.0000
0.0000
3.6870
0.0000
0.0168
0.0000
0.0000
1.7177
0.0000
0.0000
0.0000
0.0000
0.0000
0.2833
0.0000
0.0000
0.0000
0.0000
0.0000
0.0000
0.0000
0.4363
3.8550
0.0000
0.0000
1.4229
0.0000
0.0000
0.0000
2.1137
0.0000
0.7790
0.0000
0.0000
0.0000
0.0000
2.2436
0.0000
0.0000
0.7346
0.0000
1.3695
1.4587
0.0000
0.0000
0.0000
0.0000
0.9232
0.0000
0.0000
0.1393
0.0000
3.7511
0.0000
0.0000
3.5574
0.0000
0.0000
0.0000
0.0000
0.0000
0.0000
0.1435
0.0000
0.0000
0.0000
0.0000
0.0000
1.6684
0.0000
0.0000
0.0000
0.0000
0.0000
1.7881
0.1529
0.0000
0.0000
0.0000
0.0000
0.0000
0.0000
0.0000
1.3959
0.0000
0.1314
0.0000
1.7200
0.0000
1.2602
0.0000
0.0000
0.0000
0.0000
0.0000
0.0000
0.0000
0.0000
0.0000
0.0000
0.6467
0.3758
0.0000
0.0000
0.0000
0.0000
0.0000
1.3244
0.0000
0.5868
0.0000
0.0000
0.4794
0.0630
0.2464
0.0000
0.0000
0.0000
2.5576
3.6014
0.0000
3.0509
0.0351
0.0000
0.0000
0.0000
0.0000
0.0000
0.0000
0.0000
0.0000
0.0000
0.0501
1.1180
0.9701
0.0000
0.5236
0.0000
0.0000
0.0000
0.6696
0.0000
1.4435
0.0000
0.0000
1.9979
0.9952
2.6989
1.3750
5.4068
0.0000
1.3851
0.0000
0.0000
0.4323
0.0000
0.0000
1.7706
0.0000
0.0000
0.0000
0.0000
0.0516
0.0000
0.0000
0.0000
0.0000
2.1020
1.2570
0.7959
0.0000
1.8509
0.0000
0.0000
0.9412
1.5299
0.0000
2.1572
0.0000
0.0000
1.5818
0.0000
0.0000
1.1251
0.0000
0.0000
0.0000
0.0000
0.0224
0.0000
0.0000
0.0000
0.0000
0.0000
0.0000
0.0814
0.0000
1.5647
0.0000
4.5380
0.0000
0.1522
0.0000
0.0000
0.0000
0.0000
0.0000
0.0000
0.0000
0.0000
0.0000
0.0000
0.6458
2.4473
0.0000
0.0000
0.0000
1.6938
0.0000
0.0000
0.0000
0.0000
0.0000
0.5636
1.1984
0.0000
2.9428
0.0000
1.2862
0.0000
0.0000
0.0000
0.0000
0.0000
0.0000
1.3886
2.4739
2.8973
0.0000
0.0000
0.0000
0.3589
0.0000
0.0718
0.0000
0.0000
0.0000
0.0018
0.0000
0.0000
0.0000
0.0000
1.4592
0.0514
0.0000
0.0000
0.0000
0.0000
0.0000
0.0000
0.0000
0.0000
1.5586
1.5572
1.7752
0.0000
1.0026
0.0000
0.0000
2.1173
1.4705
2.4072
0.0000
0.0000
0.0000
0.8496
0.0000
0.0000
1.7589
1.3682
0.0000
0.0000
0.0000
0.0000
0.0000
0.0000
0.0000
0.5267
0.4259
2.1954
0.0000
0.0000
0.0000
1.0062
0.0000
0.0000
0.0000
0.7993
0.0000
0.0000
0.0000
0.9109
0.0000
0.0000
0.0000
0.0000
0.4896
0.0000
0.0000
0.0000
0.0000
2.5334
0.0000
1.1876
0.0000
0.0000
0.0000
1.6790
1.2256
1.3437
0.0000
0.0000
0.0000
0.0000
0.0000
2.2739
0.0000
0.0000
0.0000
0.0000
0.0000
0.0000
0.0000
0.0000
0.0000
0.0000
0.0971
0.0000
0.0000
0.0000
0.6328
0.2171
0.0000
0.4842
4.5456
0.0000
0.0000
0.0000
0.0000
2.6228
0.1330
0.0000
0.0490
1.5077
0.0000
0.9922
0.0000
0.0000
0.0000
0.0000
0.0000
0.0000
0.0000
0.5385
0.0000
0.7717
0.0000
1.4786
0.0000
2.3679
0.9093
0.0000
4.1122
0.0000
0.0000
0.0000
0.0000
0.0795
0.0000
0.0000
0.0000
0.7041
1.4192
0.0000
0.0000
0.0000
0.0000
0.0000
0.0000
0.0000
0.0000
0.0000
0.3621
0.0000
0.0000
0.9276
0.7393
0.0000
0.0000
0.1154
0.0000
0.3167
0.0000
0.0000
0.0000
0.0000
0.0000
1.8346
1.2799
0.0000
0.2822
0.0000
0.0000
0.0000
0.0000
1.3963
1.0789
0.0000
0.0000
0.0000
1.2087
0.0000
0.0000
0.0000
0.6181
0.0000
2.0679
0.0000
0.0000
0.0551
0.0000
0.5352
0.0000
0.0000
0.0000
0.0000
0.0000
0.0000
0.0000
0.0000
0.0000
0.0000
0.0000
0.0000
0.0000
0.0000
0.0000
0.0000
0.0000
0.0000
0.0000
0.4741
0.0000
1.4340
0.0000
1.4457
0.0000
0.0000
0.0000
0.8783
0.0000
0.0000
0.0000
0.0000
0.0000
2.6378
1.7275
1.8074
0.2788
0.0000
0.7805
0.8683
0.0000
0.0000
0.0000
0.0000
0.0000
0.0000
0.0000
1.2264
0.0000
0.0000
0.0000
0.0000
0.0000
3.0488
0.0000
4.0095
0.0000
0.3221
0.0000
0.0000
0.0000
0.0000
0.0000
0.4911
0.0000
3.0098
1.9178
0.0000
0.0000
0.0000
0.3046
0.0000
1.2934
3.2213
0.0000
0.0000
0.0000
2.1882
1.9945
0.0000
0.0000
0.0000
0.0000
0.0000
1.0087
0.0000
0.0000
0.0000
0.0000
0.0000
0.0000
0.0000
3.3425
0.0000
0.0000
4.1762
0.2832
3.2947
0.0000
0.0000
0.0000
0.0000
0.0000
0.0000
0.3292
0.0000
0.0000
0.4009
1.9225
0.0000
1.6786
0.0000
0.0000
1.6843
0.8849
0.0000
0.0000
0.0000
1.2817
1.9074
0.0000
0.7563
1.4264
0.0000
0.1458
2.9366
0.0000
0.0000
0.5480
0.0000
0.6997
0.1087
0.0000
0.0000
0.0000
2.3010
0.0000
0.0000
0.0000
1.2674
0.0000
0.0000
0.1595
0.0000
2.4303
0.0000
3.6446
2.3137
0.0000
0.0000
0.0000
0.0000
0.0000
0.0000
0.0000
0.0000
0.0000
0.0000
0.0000
0.0000
0.0000
0.0000
0.0000
0.0000
0.0000
0.0000
0.0000
0.0000
0.5276
0.2441
0.8422
0.0000
0.0000
2.5481
0.0000
0.0000
0.0000
0.0917
1.3712
0.0000
0.0000
0.0000
0.0000
0.0000
0.0000
0.0000
0.0000
0.0000
0.0000
0.0000
0.0000
1.2023
0.0000
0.0000
0.0000
0.0000
0.0000
0.0000
1.0070
0.0000
1.8951
0.0000
0.8750
0.0000
0.8900
0.0000
0.0000
0.0000
0.0000
0.0000
0.0000
2.2345
0.0000
0.0000
0.0000
2.1556
0.0000
0.0000
0.0000
0.0000
0.7976
0.0000
2.7791
1.2939
0.0000
0.0000
0.0000
1.0520
0.0650
0.0000
0.0000
0.0000
0.0000
1.3960
0.0000
0.0000
0.0000
0.0000
0.8741
2.2875
0.0000
3.1335
0.4142
0.0000
0.0000
0.0000
5.0073
0.0000
0.0955
0.0000
0.0000
0.0000
0.0000
0.0000
0.0000
0.0000
0.0000
0.0000
0.0000
1.2572
0.0000
0.0000
0.0000
0.0000
0.0000
0.0000
0.0000
1.1677
0.0000
0.0000
1.0980
1.8523
0.1278
0.0000
0.4912
0.0000
0.0000
0.0000
0.0000
0.0000
4.0534
0.0000
0.0000
2.8500
2.0545
0.0000
0.0000
0.7604
1.2098
0.0000
0.6206
1.1637
1.5525
0.0000
0.0000
0.0000
0.0000
0.0000
0.0000
0.0000
0.0000
0.0000
0.1418
1.6259
0.0000
2.9244
0.0000
0.0000
0.0000
0.0000
0.0000
0.0000
0.0000
0.0000
2.1591
0.8493
0.0000
0.0000
0.0000
0.0000
0.0000
0.5915
2.3433
0.0000
0.0000
0.1882
0.0000
2.6738
1.1100
0.2345
0.0000
0.0000
0.0000
0.0000
2.3837
0.0000
0.0000
0.0000
0.0000
0.0000
0.0000
0.0000
0.0000
0.0000
0.0000
0.0000
0.0000
1.4428
0.0000
0.0000
0.4383
0.8284
0.0000
1.4084
0.0000
0.0000
0.0000
0.0000
0.6660
2.5859
0.0000
0.0000
0.0000
1.1558
0.0000
0.7021
0.0000
0.0000
0.0000
0.0000
0.0000
0.0000
0.0000
0.0000
0.0000
0.0000
0.0000
0.0000
2.8756
0.4714
0.9430
0.0000
0.0000
0.0000
0.0000
0.0000
0.0346
0.0000
0.0000
0.0000
0.0000
0.0000
0.0000
0.0000
0.0000
0.0699
0.0000
0.3021
0.0000
0.8243
0.0000
0.3950
0.0000
0.0000
1.0555
0.0000
0.0000
0.0000
0.0000
0.6800
0.0000
0.0000
0.0000
0.0000
0.3808
0.0000
0.0000
0.8668
0.0000
0.4033
0.6427
0.0000
0.0000
0.0000
0.0000
1.7777
0.0000
0.0000
0.0000
0.9378
0.0000
2.6532
0.0000
0.0996
0.0000
0.0000
0.0000
2.6282
0.0000
1.1578
1.3615
0.0000
0.0000
0.0000
0.0000
0.0000
0.0000
1.0690
0.0000
0.0000
0.0000
0.0000
0.0000
0.0000
0.0000
0.0000
0.0000
0.0000
0.0000
0.0000
0.0000
0.5585
0.0000
3.3219
2.6954
0.0000
0.2066
0.5397
0.7233
0.0000
0.0000
0.0636
0.0000
1.1721
2.4945
0.8794
0.0000
0.0000
0.1630
0.7119
0.1748
0.0000
0.0000
0.0000
0.0000
0.0000
0.0000
0.0000
0.0000
0.0000
0.0000
0.0000
0.3772
0.3784
0.0000
1.1659
0.0000
0.0000
1.0059
0.0000
1.1730
0.0000
1.1117
0.0000
0.0000
0.0000
0.3038
0.0000
0.0000
0.0000
0.0000
0.0000
0.0000
0.0579
0.0000
0.0000
0.0000
0.0000
0.0000
0.0000
0.1051
0.0000
0.7266
0.0000
0.0261
0.0000
0.0000
0.0000
0.0000
0.0000
2.8799
0.0000
0.0000
0.0000
0.0000
0.0000
0.0000
1.6080
0.0000
0.0000
0.0000
2.1354
0.5708
0.0000
0.0000
0.0000
0.0000
2.4784
0.0000
0.0000
0.0000
0.0000
0.8289
0.8514
0.0653
0.0000
0.1418
0.0000
0.0000
0.0000
0.0000
0.0000
0.0000
0.0000
1.2816
0.0000
0.8294
0.0000
0.0000
0.0000
0.0000
0.0000
1.6040
0.0000
0.0000
0.0000
0.4953
0.0000
0.0000
0.0000
0.0000
0.0000
1.7568
0.0000
0.0000
2.1349
0.0000
0.0000
1.7967
0.0000
2.9141
0.0000
0.0000
0.0000
0.0000
0.0000
0.8522
0.5711
0.0000
0.0000
0.5620
0.0000
0.0000
0.0000
0.0000
0.0000
0.0000
1.4078
0.0000
0.0000
0.0000
0.0000
0.0000
0.0000
0.0000
0.0000
0.0000
0.0000
0.0000
0.0000
1.0648
0.0000
0.0000
0.0000
3.1053
0.0000
0.0000
0.0000
0.7908
0.0000
0.0000
0.0000
0.4927
0.0000
0.5940
0.0000
0.0000
0.0000
2.5076
3.6152
0.0000
1.2963
0.0000
0.0000
0.6850
0.0000
0.0000
0.0000
0.0000
0.0000
0.0000
0.0000
0.0000
0.0000
0.0000
0.0000
0.0000
0.0000
0.0000
0.0000
0.0000
0.3555
0.0000
1.1114
0.7115
0.0000
1.0086
0.0000
0.0000
0.2523
0.0000
0.0000
2.5021
0.0000
0.0000
0.0000
1.9173
0.0000
0.0000
0.0000
2.3257
0.0000
0.0000
1.2908
0.0000
0.0000
0.0000
0.0000
0.0000
0.7524
1.2233
0.0000
4.4401
0.0000
0.7565
0.0000
0.4136
0.0050
0.0000
0.0000
0.0000
0.0000
0.0000
0.0000
0.0000
0.0000
0.2626
0.0000
0.0000
1.3791
0.0000
0.0000
0.0000
0.0000
0.0000
1.4972
0.0000
0.0000
0.0000
0.0000
0.0000
0.0000
0.4539
4.1322
0.0000
0.0000
1.7915
0.0000
0.0000
0.0000
0.0000
0.0824
0.0000
0.5823
0.0000
0.0000
0.0000
0.0000
0.0000
0.0737
1.4669
0.0000
0.0000
0.0000
0.0000
0.0000
0.0000
0.0000
0.5288
0.0000
0.0000
0.0000
0.0000
0.0000
0.0000
1.8512
0.0000
0.5309
0.0000
0.0000
0.0000
1.8042
0.9396
0.0000
0.0000
0.3075
0.5126
0.0000
0.0000
0.0000
0.0000
0.8222
0.0000
0.0000
3.7571
2.7260
0.0000
0.0000
0.0000
2.5746
0.5439
0.0698
0.0000
0.2575
0.0000
0.0000
0.1527
0.0000
0.0000
0.3995
0.4417
0.0000
0.0000
0.2693
0.0000
0.2211
0.0000
0.0000
1.5266
0.0000
0.2654
0.0000
0.0000
0.1897
0.0000
0.0000
0.0000
0.0000
0.3946
0.0000
0.0000
0.0000
0.3345
0.0000
0.9411
0.0000
0.0000
0.2531
0.0000
1.2884
0.0000
0.2432
0.0000
0.0000
0.0000
0.0000
0.0000
0.0000
0.0000
0.0000
0.0000
0.4110
0.0000
0.0000
0.0000
0.0000
0.0000
0.0000
0.0000
0.0000
0.0000
0.0000
0.0000
0.0000
0.0000
0.0000
0.0000
1.2349
0.0000
0.2072
0.0000
0.0000
0.0000
0.0000
0.0000
0.0000
0.0000
0.0000
0.0000
3.4574
0.0000
0.0000
0.0000
0.0000
0.0000
0.0000
0.0000
0.8403
0.0000
0.0000
0.0000
0.0000
0.0000
0.5391
0.0000
0.0000
0.0000
4.2529
0.0000
0.0000
2.1158
0.0000
4.4780
0.0000
0.0000
0.0312
0.0000
0.0000
1.1640
0.8459
0.8139
1.6172
0.0000
4.7348
0.0000
0.0000
0.0000
0.0000
1.7926
0.0000
4.7754
0.1679
0.0000
0.0000
0.0000
0.0000
2.3543
0.3568
0.0000
0.0000
0.0000
0.0000
0.0000
1.7917
1.0788
0.0000
0.0000
0.0000
0.0000
0.0000
0.0000
0.0000
0.8221
0.8805
0.0000
0.0000
0.0000
0.0000
0.0000
0.0000
2.2730
0.1553
3.4098
0.0000
0.7495
2.3872
2.6949
0.0000
0.0000
0.0000
0.0000
0.0000
0.0000
0.0000
0.0000
2.7488
0.0000
0.0000
0.0000
0.8107
0.0000
0.0000
0.0000
2.7765
0.2354
0.0000
0.0000
0.6267
0.3123
0.4602
0.9018
0.0000
0.0000
0.4352
0.0000
2.8103
0.0000
0.0000
2.9677
0.0000
0.0000
0.0000
0.0000
0.6338
4.2848
0.0000
0.2093
0.0000
0.0000
0.0000
0.5604
0.0000
0.0000
0.0000
2.8769
0.0000
0.0000
0.0000
0.0000
0.0000
0.0048
0.9757
0.0000
0.0000
0.0000
0.2683
0.0000
0.0000
0.0000
0.0000
0.0000
0.0000
0.7661
0.0000
0.0000
0.3910
0.0000
0.0000
0.0000
0.7287
0.5295
0.5193
1.5190
0.8366
0.0000
2.4768
0.0000
0.0000
0.0000
0.0000
2.8708
0.0000
1.1389
0.0000
0.0000
3.0299
0.0000
0.0000
1.4907
0.0000
0.0000
0.0000
1.1683
0.0000
0.0000
0.0000
0.0000
0.8697
2.3210
0.0000
0.0000
0.0291
1.5662
0.0000
1.7444
2.0698
0.0000
0.0000
0.1079
0.0000
1.4783
0.0000
1.8099
0.0000
1.6385
1.2134
0.0000
2.0526
0.7840
1.2784
0.0000
0.0000
0.0000
1.0206
0.0000
0.0000
0.0000
0.0000
1.0409
0.0000
0.0000
0.0000
0.0000
0.0000
0.0000
0.0000
0.0000
0.0000
0.5669
0.0398
0.0000
0.0000
0.0000
0.0000
0.0000
0.0000
0.9855
0.6471
0.0000
0.0000
1.7429
0.0000
2.4907
0.0000
0.0000
0.3676
0.0000
0.0000
0.6041
0.0000
0.0000
0.0000
0.0000
0.0000
0.0000
2.7401
2.3556
0.0000
0.0000
0.0000
0.4162
1.5849
0.0000
0.0000
0.0000
0.0000
0.0000
0.0000
0.0000
0.0000
0.0000
0.0000
0.0000
0.2806
0.0000
2.6983
0.0000
0.0000
0.3531
0.0000
0.0000
0.0000
0.0000
0.0000
0.0000
0.0000
5.5441
1.3368
0.0000
0.0000
1.1312
0.0000
0.0000
0.5134
1.8920
1.9184
0.0000
0.5739
2.8902
1.2527
0.0000
0.0000
0.0000
0.0000
0.0000
0.0000
1.3472
0.0000
0.6197
6.7928
0.1695
0.0000
0.0000
1.0639
0.0000
0.0000
0.0000
0.0000
0.3733
0.0000
1.1004
0.0000
0.0000
0.0000
2.1753
0.4492
0.0000
0.0000
0.0000
0.3456
0.0000
0.5730
0.0000
0.0000
0.4816
0.0920
0.0000
0.0000
0.0000
0.6894
0.0000
0.8044
2.6388
0.0000
0.4302
0.1368
0.4213
0.0000
0.0000
0.0000
1.3190
0.0000
0.0000
0.0000
0.0000
0.0000
0.0000
0.0000
0.0000
1.0788
0.0000
1.0694
0.0000
0.0000
1.5278
0.0000
0.0813
0.0000
0.0000
0.0000
0.0000
1.1742
2.6236
0.0000
0.0000
0.0000
1.0517
0.3783
1.2220
0.0000
0.0000
0.0000
1.8249
0.0000
0.0000
0.0000
0.0000
0.0000
0.0000
0.0000
0.0000
0.0000
0.0000
0.0393
0.0000
0.0000
0.0000
0.0000
0.2076
0.0000
0.0000
2.7609
0.0000
0.0000
0.0000
0.1451
0.1562
0.0000
4.5904
0.0000
0.0000
1.2758
1.2901
0.0000
0.0000
0.0000
0.0000
0.4980
0.0000
0.0000
0.0000
0.0000
0.0000
0.0000
0.0000
0.0000
0.7999
0.0000
2.2511
0.0000
3.1963
0.3766
0.0000
1.7687
3.3071
1.6774
0.0000
0.0000
0.0000
0.4063
0.8862
2.2931
0.0000
1.7176
0.0000
0.0000
0.3292
0.0000
0.0000
1.2638
0.0000
0.0000
3.2929
0.0000
0.4453
0.0000
0.0000
0.0000
0.0000
3.0042
0.0000
0.0000
0.1537
0.0000
0.0000
1.5596
0.0000
0.0000
0.8168
0.3853
1.6927
0.0000
0.1937
0.0000
0.0000
1.4007
0.0000
0.0000
0.0000
0.0000
0.0000
0.8213
0.8349
0.0000
0.0000
0.0000
0.0000
0.5143
0.0000
0.2020
0.0000
0.0000
0.3758
0.3483
0.0000
0.0000
0.0000
2.8172
0.0000
0.0000
2.8435
0.0000
0.0000
0.7823
0.0000
0.0000
0.0000
0.0000
0.9114
0.0000
0.0000
0.7827
0.0000
0.5909
0.4554
1.0934
1.2053
0.0000
0.4419
0.0000
0.0000
0.0000
1.2342
0.3275
0.0000
0.0000
0.0000
0.0000
0.0000
0.0000
0.0000
0.0000
0.0000
0.0000
0.0000
0.1573
0.0000
0.0000
0.7384
0.0000
0.0000
0.0000
1.7565
0.0000
0.0000
0.0000
4.7189
0.0000
0.4355
1.4058
0.8508
0.0000
0.0000
0.0000
0.0000
0.0000
0.0000
0.9289
0.0000
1.6834
0.0000
0.0000
0.0000
0.0000
0.0000
0.0000
0.0000
0.0000
0.0000
0.0000
0.0000
0.0000
0.0000
1.7213
0.0000
0.0000
0.0000
4.1212
0.0000
0.7177
0.0000
0.7426
0.0000
0.0000
0.0000
0.0000
0.0000
0.0000
0.0000
0.0000
0.2142
1.8074
0.0000
0.0000
0.0000
0.0000
0.0000
0.0000
0.0000
0.0000
0.0000
0.5066
0.0000
0.0000
0.0000
0.0000
2.1248
0.0000
0.0000
0.0000
0.0000
0.0000
0.3387
0.0000
0.0000
0.0000
0.0000
3.7487
0.0000
0.0000
0.6819
0.0000
0.0000
0.0000
0.0000
0.0000
1.5867
0.0000
1.0420
0.0000
0.0000
0.0000
0.4913
1.3629
0.0000
1.5466
0.0000
0.0000
0.0000
2.5183
0.0053
1.0263
0.0000
0.0000
0.0000
0.0000
0.0000
0.0000
2.6012
0.0000
0.0000
0.0000
0.0000
0.0588
0.0000
0.0000
0.0000
0.0000
0.0000
1.1896
0.0000
0.2268
0.0000
0.0615
0.0000
1.5417
0.2663
0.0000
0.0000
0.0000
0.4796
0.0000
0.0000
0.0000
0.0000
1.2174
0.7150
0.1122
0.0000
1.8272
0.1451
1.3206
0.0000
0.9487
0.7290
0.0000
0.0000
0.0000
0.0000
1.5333
0.2775
0.0000
0.0000
0.0000
0.0000
1.4574
0.0000
0.0000
0.0000
0.0000
0.0000
0.0000
0.0000
0.0000
0.0000
2.8803
0.0000
0.0000
0.0000
0.0000
0.0000
0.9827
1.3915
0.0000
0.0000
0.0000
1.1097
0.0000
0.0000
2.7366
0.0000
0.0000
0.0000
0.0000
0.9680
0.0000
0.0000
0.0000
0.0000
0.2233
0.0000
0.0000
0.0000
0.0000
0.0000
0.0000
0.0000
0.0000
0.2899
0.0000
0.0000
0.2668
0.4023
0.0000
3.6677
0.0000
0.0000
0.0000
0.0000
0.0000
0.0000
0.0000
0.0000
0.0000
0.0000
0.6348
0.0000
0.1347
0.0000
0.0000
0.0000
0.0000
0.2562
0.4278
0.0000
0.6040
0.2880
0.0000
2.2396
0.0000
0.0000
0.0000
0.0000
0.7807
0.5060
0.0000
0.0000
1.5296
1.6137
0.6394
0.0000
0.0000
0.0000
0.0000
0.0000
0.0000
0.0000
1.5920
0.0000
2.9865
0.0000
0.0000
0.0000
0.0000
0.6109
0.5573
0.0000
1.4045
2.4240
0.0000
0.0000
0.9046
0.0000
1.2800
0.2995
1.0215
0.0000
0.0000
0.0000
0.0000
1.1013
0.0000
0.1527
0.7547
0.9441
0.0000
0.0000
0.0000
1.0886
1.3091
0.0000
0.0000
0.0000
0.0000
0.0000
0.3138
3.6845
0.7324
0.0000
0.0000
0.0000
0.0000
0.1538
0.0000
1.1751
0.7127
0.0000
0.0000
0.0000
0.0146
0.0000
3.8100
0.0000
0.0000
0.0000
0.0000
3.8968
1.7485
0.0000
0.0000
0.0000
0.0000
0.0000
0.0402
0.0000
0.0000
2.2864
0.0000
0.0000
0.0000
0.0000
0.0000
0.1004
0.4387
0.0000
0.0000
0.0000
0.0908
1.1444
0.0000
0.0000
0.0000
0.0000
0.0000
0.0000
3.3865
0.0000
1.0750
0.0000
0.4674
1.2625
0.0000
0.4161
0.0000
0.0000
0.8287
0.0000
4.7520
0.0000
0.0000
0.0000
0.0000
0.0000
0.0000
0.0000
0.0721
0.0000
0.0000
0.0000
0.0000
0.0000
0.0000
0.4675
0.2250
2.8078
0.0000
0.0000
0.0000
0.0000
0.0495
0.0000
0.0000
0.0000
0.0000
0.0000
1.7425
0.0000
1.1130
0.0000
0.0000
0.0000
0.0000
0.0000
0.0000
0.3791
1.7039
0.0000
0.0000
0.0000
0.0000
0.0000
0.0000
0.0000
2.7497
0.0000
1.4888
0.0000
0.0000
0.0000
0.0000
0.0000
0.0000
0.0000
1.8779
1.4218
0.0000
0.0000
0.0000
0.0000
3.1147
0.0000
1.3775
1.1256
0.0000
0.0000
0.0000
0.0000
0.0000
0.0000
0.0000
2.1664
0.0000
0.0000
0.0000
0.0000
0.0517
0.0000
0.0000
0.0000
0.0000
0.0000
1.4787
1.7562
0.4277
1.6057
0.4520
0.0000
1.4979
0.0000
0.0000
1.3026
0.0000
0.0000
0.0000
0.0000
0.0000
0.0000
1.4609
0.0000
0.0000
0.0000
0.1844
0.0000
0.0000
0.0000
0.0266
0.0000
0.0000
0.0000
0.0000
2.4321
0.0000
0.0000
0.0000
0.0000
0.0000
0.4915
0.0000
0.0000
0.0000
0.2908
2.0846
0.0000
1.0749
0.0513
4.3221
0.0000
0.0000
0.0000
0.0000
0.0000
0.0000
1.0560
0.0000
0.0000
0.0000
0.4978
0.0000
0.9219
0.0000
0.0000
0.0000
0.0000
2.1526
0.0000
0.0000
0.0000
0.0000
0.0000
0.0000
0.0000
0.0000
1.8427
0.0000
0.0000
0.8015
1.8178
0.2806
0.0000
0.4359
0.2492
0.0000
0.1159
0.0000
0.0000
0.0000
0.0000
1.2792
0.0000
0.0000
0.0000
1.7102
0.8000
1.8363
0.6370
0.0000
0.0000
0.0000
0.0000
3.5656
0.0000
0.5691
0.0000
0.0000
0.8446
1.7993
1.0743
0.0000
0.0000
0.0000
0.9573
0.0000
0.0000
0.9104
0.0000
0.0000
0.0000
0.1116
2.5919
0.0000
0.0000
0.0000
1.2432
0.0000
1.0100
0.0000
0.0000
0.0000
0.0000
0.0000
0.0000
0.0000
0.0000
0.7228
0.0000
0.0000
0.0000
2.1431
2.7134
0.0000
2.6734
0.1053
0.0000
0.0000
0.0000
0.0000
0.0000
0.0000
0.0000
0.6974
0.8078
0.0000
1.6932
0.0000
0.0000
0.0000
0.0000
0.0256
2.2412
0.4653
0.0000
0.0000
0.4649
0.0000
0.0000
0.0000
0.0000
1.9837
0.0000
0.0000
0.0000
0.0000
0.0000
0.0000
0.2448
0.0000
0.0000
0.0000
0.0000
0.0000
0.0000
0.0000
0.0000
0.0000
0.2731
0.0000
0.0000
0.1895
0.0000
0.0000
2.4303
0.0000
0.0000
0.1799
0.0000
0.0000
0.0000
2.4264
0.0000
0.0000
0.0000
0.0000
0.0000
0.0000
1.6310
0.0000
0.0000
0.0000
0.0000
1.7844
0.0000
0.0000
0.0000
0.1224
0.0000
0.0000
0.0000
0.0000
0.0000
3.8172
0.0000
0.0000
0.0000
0.0000
0.0000
2.2696
0.0000
0.0000
4.6067
1.1262
0.0000
0.0000
0.0000
0.1206
0.0000
0.0000
0.3618
0.0000
0.0000
0.3333
2.3233
0.0000
0.7453
2.2941
0.0000
1.2998
0.0000
0.0000
1.5951
0.0000
0.0000
0.0000
0.0000
2.6864
0.0000
0.0000
0.0000
0.0000
0.0000
0.0000
0.0000
0.0000
0.5748
1.7820
0.0000
0.0000
0.0000
0.0000
1.2373
1.0733
0.0000
0.0000
0.0000
0.0000
0.0000
0.0000
0.0000
0.2202
0.0000
0.0000
0.2859
0.0000
0.4150
0.7378
0.0000
0.0000
0.0000
0.0000
0.5109
0.0000
0.0000
0.0000
0.6967
0.0000
0.0000
0.0000
0.0000
0.0000
0.0000
0.4302
0.0000
0.0000
0.0000
0.0000
0.9456
0.0000
0.0000
0.0000
0.0000
0.0000
2.4498
0.0000
0.0000
0.0000
2.0583
1.2695
0.0000
0.0000
0.0000
0.0000
0.0000
0.0000
0.0000
2.4938
0.8067
0.0000
0.0000
2.7586
0.0000
1.0906
0.0000
0.0000
0.0000
0.0000
2.0248
0.0000
0.0000
0.0000
0.0000
0.0326
0.0000
0.0000
0.2052
0.1883
0.0000
0.0000
0.2253
0.0000
0.0000
0.0000
0.0000
0.0000
0.0933
3.0966
0.0000
2.6238
0.0000
0.0000
1.4258
0.0000
0.4796
0.0000
1.7904
0.0000
0.3889
3.0086
0.0000
0.0000
1.7636
0.0000
0.0000
0.0000
0.0000
0.0000
0.0000
0.0000
0.7179
0.0000
0.0000
2.3313
0.0000
0.0000
0.0000
1.2307
1.2630
0.0000
0.0000
0.9548
0.0000
3.5822
1.3547
0.0000
0.4533
2.6705
0.0000
0.0000
2.1458
0.4172
3.3502
0.0000
2.8609
0.0000
1.1883
0.0000
0.0000
0.0000
0.0000
0.0000
0.0000
0.0000
0.1521
0.8386
1.8091
4.4197
0.0876
0.0000
1.7571
0.0000
0.0000
0.0000
0.0000
0.0000
3.4425
0.0000
0.0000
3.1765
0.0000
0.0000
0.0000
2.8675
3.0558
0.0128
0.0000
0.0000
0.0000
1.6310
0.0000
2.8430
0.0000
0.0000
0.0000
1.2369
0.4589
2.0316
0.7817
0.3372
0.2266
0.0000
0.0000
0.0000
1.2511
0.0000
0.0000
0.0000
0.9185
0.1792
3.2467
0.0000
1.5211
0.0000
0.0000
0.0000
0.3731
3.6095
0.0000
0.0000
1.5989
1.9716
0.0000
0.2473
0.0000
0.0000
0.0000
0.0000
0.0000
0.0000
0.0000
0.5044
0.0000
3.6131
0.0000
0.0000
0.0000
0.0000
0.0000
0.0000
0.8489
1.5264
1.1980
0.0000
2.2332
1.1844
0.4298
0.0000
0.0000
0.0000
0.0000
0.0000
0.0000
0.0000
1.0384
1.0648
0.0000
1.0776
0.0000
0.0000
0.0000
3.5795
0.0000
0.1399
0.0000
1.6540
0.0000
0.0000
0.0000
0.0000
2.1610
0.0000
0.1373
0.3209
0.6521
2.2897
1.7255
0.0000
0.0000
0.6323
3.2688
0.0000
0.0000
0.0000
0.0000
0.0000
0.0000
0.0000
0.6418
0.0000
0.7281
0.0000
0.0000
0.0000
0.0000
0.0000
0.0000
0.0000
0.0000
0.9076
0.0000
0.0000
0.8153
0.5519
3.2817
0.8206
0.0000
1.6362
0.0000
0.0000
1.6121
0.0000
0.0000
0.0000
1.9917
0.0000
0.0000
3.3121
1.4903
0.0000
3.9842
0.0000
1.7785
0.0000
0.0000
2.6514
0.5468
0.1507
0.0000
0.0000
0.0000
0.0000
0.0000
0.0000
2.2059
0.7715
0.0000
0.0000
0.7739
0.0000
0.0000
2.4538
0.0000
0.0000
0.0000
0.0000
0.0000
0.0000
