0.8146
0.0000
0.0000
0.8798
1.1044
0.0000
0.0000
0.0000
0.0000
2.9864
0.0381
0.0000
0.7032
0.1039
0.0000
0.0095
0.0000
0.0000
0.0000
0.0000
0.0000
0.1719
2.4270
0.5971
2.0050
1.6941
0.0000
0.9268
0.0000
0.0000
0.3816
0.0000
0.0000
0.0000
1.6320
0.0000
0.0000
0.0000
2.2727
0.3063
0.0000
0.0000
0.0000
0.0000
0.0000
0.0000
0.0000
0.0000
0.0000
0.2557
0.0000
0.0000
0.0000
0.0000
0.0000
0.0000
0.2379
0.8143
0.0000
0.0000
0.0659
2.7753
0.0000
1.2747
0.0000
0.0000
0.0501
0.0000
0.4187
0.0000
0.4622
1.5112
0.0000
0.0000
0.0000
1.8166
0.0000
0.0000
0.0000
0.0000
0.1225
0.0000
0.4696
0.0000
0.0000
0.0000
0.0000
1.6082
0.0000
0.0000
0.8890
0.0000
3.3532
0.9363
0.0000
0.0000
0.0000
0.0000
1.8440
0.0000
0.3295
0.0000
0.0000
0.0000
0.7880
0.1504
0.0000
0.0000
1.9706
2.7277
0.0000
0.0000
0.0000
0.3238
0.0000
0.0000
2.1036
0.0000
0.0000
0.0000
1.6052
0.0000
2.0746
0.0000
0.0000
0.0000
0.9031
1.2703
0.9220
0.4907
0.0000
0.0000
0.6432
0.0000
2.5540
0.1074
1.2559
1.3814
0.0000
0.7769
2.7265
0.0000
1.8688
0.5620
1.4227
0.0000
1.0487
0.7100
0.0119
0.0000
0.0000
1.3567
0.2495
1.0838
0.0000
0.1671
0.0000
0.0000
1.2254
0.0000
0.6865
0.0000
0.6047
0.0000
0.0000
0.9851
0.6983
0.0000
0.0000
1.6077
0.0000
0.0000
0.0000
0.0000
0.3166
0.0000
0.0000
1.5421
0.0000
3.8437
1.5489
2.5201
0.0000
0.0000
0.0000
0.0000
0.6758
0.0000
1.7699
0.5051
0.0000
0.0000
0.0000
0.0000
0.1354
0.0000
0.0000
0.0000
1.9338
1.3636
0.0000
0.0789
0.0424
0.0000
0.2281
0.0000
0.0000
0.0504
1.2292
0.0000
0.5092
0.0000
0.0000
1.3310
0.0000
0.4147
0.0000
0.0000
0.0000
0.0000
0.5670
0.0000
0.0000
0.0000
2.9263
0.0000
0.0000
0.0334
0.4661
0.0679
0.0000
0.7977
0.0000
0.0000
0.7795
0.0000
1.7901
0.0000
2.2813
0.0000
0.0000
0.0000
1.8380
0.0000
0.0000
0.0000
0.0000
0.0000
1.1093
0.0000
0.0000
0.0000
0.0000
0.0000
0.0000
0.4522
0.0000
0.0000
1.0668
0.0000
0.0000
0.0000
0.0000
0.0843
0.1061
0.0000
0.0000
0.0346
0.0000
0.2462
2.0299
0.0000
0.0000
0.8861
0.4053
0.0000
1.1906
1.1478
0.0000
0.0000
3.5992
0.0000
1.4550
0.3218
0.7350
0.0000
0.0000
0.0000
0.0000
0.0000
0.0000
0.0000
0.0000
0.4695
2.6743
0.0000
0.0000
0.0714
0.0000
2.1516
0.0000
0.0000
0.0000
0.0000
0.6928
0.0000
2.0932
0.0000
0.0000
0.0000
0.0000
0.6587
0.0000
0.1849
2.5370
0.0000
0.0000
0.0000
0.8355
0.0718
0.0000
1.3171
0.0000
1.3604
0.0000
1.8208
0.0000
1.1906
0.0000
1.3013
0.0000
0.0000
0.0000
0.1299
0.6261
1.8539
1.3997
0.0000
0.0000
2.4680
0.0000
0.0000
0.0000
0.0000
0.0000
2.6753
0.0000
1.1614
0.0000
0.0000
0.0000
2.3578
1.1546
0.0000
1.3823
0.0000
0.0000
0.0000
2.1525
0.0000
0.0000
0.0000
0.0000
0.0000
0.0000
0.6487
0.0000
0.0000
0.0000
0.0000
0.0000
0.9582
0.0000
0.8798
0.0000
0.0000
0.0000
0.9498
0.0000
0.0000
1.8490
0.0000
1.0517
0.0000
0.0000
0.0000
0.8853
0.0000
0.0000
0.0000
1.5414
0.0000
0.0000
0.0000
0.0000
1.2119
0.0000
0.0000
0.1786
1.1007
0.0210
2.1614
0.0000
0.0000
0.0000
0.9571
0.0000
0.0000
0.5164
0.0000
0.0000
0.0000
0.0000
1.4535
0.9522
1.1592
0.0000
0.0000
0.0000
0.0000
0.7822
0.8381
1.1337
0.0000
0.0000
0.0000
0.0000
0.0000
0.0000
1.2666
0.0000
0.0000
0.0000
0.3200
0.0000
0.0000
1.1692
0.0000
0.9639
0.0000
1.6053
0.0208
0.0000
0.0000
1.9904
1.4540
0.1092
0.0000
3.1835
1.4607
0.7226
0.0000
0.0000
0.0000
0.0000
0.7066
0.0000
0.3563
0.6236
0.0000
1.1975
0.0000
1.8508
0.0000
0.0000
0.0000
0.0000
0.0695
0.0000
0.0000
0.0000
1.7530
0.0000
0.3672
0.0000
2.6668
1.0867
0.0000
0.8877
0.0000
0.4059
0.0000
0.6091
0.0000
1.6924
0.0373
0.0000
1.0242
0.0000
1.2622
0.0000
0.0000
0.0000
0.0000
1.1510
0.0952
0.0000
0.0000
0.1277
0.0000
0.0000
0.3761
2.2279
0.0000
0.0000
0.8646
0.2273
0.0000
0.0000
0.8015
0.2890
2.3939
0.0000
0.5181
0.0000
0.1412
0.0000
0.1432
2.2844
0.0000
0.0616
1.8866
0.0000
1.7573
0.4367
0.0000
0.0000
0.1387
0.0000
0.0000
0.3524
0.9048
0.0000
0.0000
0.4378
2.0926
0.0000
0.0000
0.2740
0.0000
0.0000
0.0000
0.0000
0.0000
0.0000
0.0000
0.0000
0.5431
0.0000
0.0000
0.0000
1.3627
0.0000
0.0000
0.0000
0.0000
0.0000
0.0000
0.0000
0.0000
0.0000
1.4109
0.0000
0.0000
0.3736
0.4210
0.0000
0.0000
0.0000
0.0000
0.0000
0.0000
0.0000
0.0000
0.0000
0.0000
0.0000
1.2216
0.0000
0.4946
0.3564
0.0000
0.0000
0.0000
0.0000
0.0000
0.0000
0.4197
2.5442
0.0000
0.5443
0.0000
0.0000
1.2059
0.0000
0.0000
0.0000
0.0000
2.4732
0.1716
0.0000
1.6123
0.0000
0.0000
0.0000
0.8601
1.0458
0.0000
0.0220
0.0000
0.6304
0.0000
0.0000
1.5655
0.0000
1.1341
1.5473
0.0000
0.0000
0.0000
2.2780
0.0000
0.0000
0.0000
0.0000
1.1231
0.0000
1.4045
0.0000
0.0000
0.0000
0.0000
0.0000
0.0000
0.7821
2.0412
0.0000
1.1549
0.0000
0.0000
0.8114
0.6796
0.0000
0.0000
0.3427
0.0000
0.0000
0.0000
0.0000
0.0000
0.0000
1.8252
1.2615
0.2226
0.0000
0.0000
0.0000
0.0000
0.0000
1.4219
0.0000
1.2663
0.6818
0.0000
0.0000
0.0000
0.3133
0.0581
0.0000
0.0000
0.1101
0.0000
0.0000
0.0000
0.1890
0.4253
0.0867
0.0000
0.0000
0.0000
0.0000
0.0000
0.0000
0.0000
0.0000
0.7101
0.0000
0.8990
0.0000
1.6907
0.0000
0.0293
1.2896
0.0000
0.0000
0.0000
0.0000
0.0000
0.0000
0.0000
1.8354
0.0000
0.0000
1.3005
0.0000
0.1235
0.0000
0.0551
1.4359
0.8668
0.0000
2.5266
1.6391
0.3080
0.0000
0.0000
0.4556
1.3604
0.0000
0.0000
0.0000
0.0000
0.5403
0.2773
0.0000
0.0000
1.7395
0.0000
0.0133
0.3643
0.0430
0.0000
0.1508
2.0884
0.0000
0.0000
0.0000
1.2477
0.4075
1.9583
0.0000
0.0000
0.4208
1.9049
0.0000
0.0000
0.4145
0.7558
1.4742
0.0000
0.0000
0.2421
0.0000
0.0000
0.0000
0.0000
0.0000
0.0000
0.0000
0.5493
0.8280
0.0000
2.5006
0.0912
0.1506
0.7692
0.0000
0.0000
0.0000
0.0000
0.2818
0.0000
0.0000
0.0000
0.1762
0.0000
0.0000
0.0000
1.0144
0.0000
0.6477
0.0000
0.0000
0.0000
0.0000
0.4136
0.0000
0.7286
0.0000
0.0000
0.2881
0.0000
2.8624
0.8973
0.0000
0.0000
0.0000
0.0000
1.6700
0.0000
0.0000
0.0492
2.6312
0.0000
0.0000
0.0000
0.0000
0.0000
0.0000
0.0000
0.0000
0.0000
0.0000
0.2099
0.0000
0.0000
1.0208
0.0000
0.0000
1.0726
0.4212
0.0000
0.0000
0.0000
0.0000
0.0000
0.0000
0.0000
0.3741
0.0923
0.1212
0.0000
0.0000
0.0000
0.0000
0.2612
1.4235
0.7464
0.0000
0.0000
0.0000
0.0000
0.0000
0.0000
0.0000
0.0000
0.0681
0.0000
0.2519
0.0000
0.0000
1.0506
0.0000
0.0000
0.0000
0.0000
0.0000
0.0000
0.0000
0.2632
0.0000
0.0000
0.0000
1.7813
0.4943
0.0560
1.1689
0.0000
0.0000
0.0000
0.0000
0.0000
1.2716
0.0000
0.0000
0.0000
0.0000
1.9991
0.0989
0.0000
0.0000
0.0000
0.0000
0.0000
0.0000
0.0000
0.0000
0.0000
0.2297
0.0000
0.0000
0.0000
1.6400
0.0000
0.4282
0.0000
0.0000
0.0000
1.3917
0.0000
0.0000
0.0000
0.0000
0.0000
0.0000
0.0000
0.0841
0.0000
0.0000
0.0000
0.0000
0.0000
4.1632
0.0000
0.0000
0.0000
0.0000
0.5447
0.0000
0.0000
0.0000
0.0000
0.3975
0.0000
0.0000
2.5650
1.6576
0.0000
0.0000
0.0000
0.0000
0.0000
0.0000
0.3093
0.8944
0.7116
0.0000
0.2375
0.0000
0.0000
1.1603
0.3796
0.0000
0.0000
1.3267
1.1127
0.0000
0.0000
0.0000
4.3463
0.0000
0.6078
0.0000
0.0000
0.0000
0.1834
2.0836
0.0000
0.0000
0.6503
0.0000
1.3515
0.1187
1.0816
0.6250
0.0000
0.0000
1.0351
1.2183
0.0000
1.7375
0.0000
0.1690
0.1499
0.0000
0.0000
1.6803
0.0000
1.2402
0.0000
0.0000
1.5603
0.0000
1.4567
1.6006
2.1436
1.8921
0.0000
0.0000
0.0000
2.2737
0.0000
0.0000
0.0000
0.0000
1.0962
0.0000
0.0000
0.9815
3.6114
0.0070
0.0000
0.0000
0.4029
0.0000
0.6733
0.0000
0.0000
0.0000
1.6528
0.0000
2.3294
0.0000
2.7928
0.0000
0.0000
0.8707
2.3948
0.0000
0.4897
0.0000
2.0684
0.0000
0.0000
0.0028
0.7045
1.7143
0.0000
0.0000
1.2777
0.0000
0.0000
2.1677
1.2379
1.3002
0.0000
1.0585
0.0000
0.1449
0.0000
0.0000
1.3690
0.0000
0.0000
0.0000
0.0000
0.7742
0.0000
0.0000
0.0000
0.0000
0.0000
0.0000
0.0000
0.0000
0.0000
0.0000
0.0000
0.6173
0.0000
1.4233
0.3273
1.4702
0.0000
0.0000
1.9523
0.0000
0.0000
0.0000
0.2620
0.7168
0.0000
0.0000
0.5448
0.0000
0.0000
0.6888
0.0000
0.0000
1.4249
0.0000
0.0000
0.0000
0.6586
0.0000
0.0000
0.0000
0.0000
0.0000
0.0000
0.0000
0.1795
0.0000
0.0000
2.2496
0.0000
0.0000
2.4115
0.0000
1.0473
0.0000
0.1410
0.0000
0.4148
1.9669
0.0000
0.0000
0.0000
0.0000
1.1791
0.0000
0.0000
2.6137
0.1763
0.7336
0.0000
0.9012
0.0000
0.0000
0.0000
0.0000
0.4269
0.8119
0.0000
0.8733
0.0000
0.4624
0.0000
0.0000
0.0000
0.0000
0.4960
0.0000
0.0000
0.0000
0.0000
0.0000
0.0000
0.0000
0.0000
0.0000
0.0000
0.0000
0.2582
0.3254
0.4777
3.0731
0.0000
0.0000
0.5590
0.7172
0.8977
0.8969
0.0000
0.0000
0.0000
0.9299
0.0000
0.3008
0.3061
0.0000
0.3361
0.0000
0.0000
0.0000
0.0000
2.7782
0.0000
1.2211
0.0000
2.4093
0.0830
0.0000
1.0423
2.6992
1.8605
0.0000
1.1105
0.0000
0.0000
0.0000
0.9919
0.4794
0.0000
0.0000
0.0701
0.0000
0.0000
1.3865
0.0000
1.1492
1.2256
0.0000
0.0000
0.2002
0.0000
0.2430
0.0000
0.0000
0.0000
0.4774
2.5416
0.0000
0.0000
0.0856
0.0000
1.9110
0.0000
0.0000
0.0000
2.3704
1.3904
0.9958
0.6778
0.9912
0.0000
0.0000
0.0000
0.0000
0.0000
0.0000
0.0000
0.0000
4.4819
0.0000
0.0000
0.0000
0.0000
0.0000
0.0285
0.0000
0.0000
0.0000
0.0000
0.0612
0.0000
1.5639
0.0000
0.0000
0.0000
0.0000
0.0000
0.0000
0.0000
0.5216
0.8418
0.0000
0.0000
1.0990
0.0000
0.0000
0.0000
2.1370
0.3344
0.0000
0.0000
0.0000
1.3990
0.0000
0.0000
0.0000
0.0000
0.0000
1.3880
0.0000
0.0000
0.0000
0.0000
0.0000
0.0000
0.0000
0.0000
1.9783
0.0000
1.2308
0.0000
0.3326
0.0000
0.0000
2.7185
0.0000
0.4291
0.0000
0.0000
0.0000
0.0000
1.4635
0.0000
0.0000
1.1077
0.0000
0.8314
1.6174
0.0000
0.0000
0.0000
1.6240
0.6421
0.0000
0.0000
0.9749
0.0000
2.1460
0.0582
0.0000
2.4480
0.0000
0.0000
0.0000
0.0000
0.8039
0.0000
0.2951
0.0000
0.1772
1.2897
0.0000
0.0000
0.0000
0.3454
0.0000
0.2052
0.0000
0.0000
0.0000
0.8916
0.0000
0.0000
0.0000
0.0000
0.0000
0.0000
0.0000
1.3353
0.0000
0.5774
0.0000
0.6016
0.0000
0.4802
0.0000
0.0000
0.0000
0.0000
0.0000
0.0000
0.0000
0.0000
0.0000
0.0000
0.0377
0.4326
0.0000
0.2458
0.0000
0.6634
0.0000
0.9962
0.0000
0.0803
0.0000
0.0000
0.5088
0.7829
0.3081
0.0000
0.0000
0.0000
2.2219
1.4292
0.0000
2.3157
0.0000
0.3175
0.0000
0.0000
0.0000
0.0000
0.6646
0.0000
0.0000
0.0000
0.7146
2.1290
0.0000
0.0000
0.3509
0.0828
0.0000
0.4751
0.0000
0.0000
1.2763
0.0000
0.0000
1.2261
0.7255
1.3503
0.1529
4.1517
0.5173
0.6054
0.0000
0.0000
0.3326
0.8055
0.7327
0.0854
0.0000
0.0000
0.0000
0.3534
0.0000
0.0000
0.0000
0.0000
0.0000
1.2529
1.4649
1.0090
0.0000
0.6521
0.0000
0.0000
1.6473
1.1624
0.0000
1.6216
0.0000
0.0000
0.9579
0.3440
0.0000
0.0000
0.0000
0.0000
0.0000
0.0000
0.9307
0.0000
0.0000
0.0000
0.0000
0.0000
0.5663
0.0000
0.4795
1.5192
0.0000
1.8594
0.5907
0.0000
0.0000
0.0000
0.0000
0.0000
0.0000
0.0000
0.0000
0.0000
0.0000
0.0000
0.0000
0.8769
0.0000
0.0000
0.0000
0.0000
0.0000
0.0000
0.0000
0.0000
0.0000
0.0000
0.2674
0.0000
0.5942
0.0000
0.4123
0.0000
0.0000
0.0000
0.0484
0.0000
0.0000
1.0069
2.9704
1.8909
0.0000
1.0660
0.0000
0.0000
0.0000
0.9885
0.0000
0.0989
0.0235
0.0000
0.0000
0.0000
0.0000
0.0000
1.0019
0.0000
0.0000
0.1418
0.0000
0.0000
0.0000
0.9489
0.0000
0.0000
2.8228
1.5169
1.4798
0.0000
0.5345
0.0000
0.0000
1.5122
1.9990
1.3845
0.0000
0.0000
0.0000
0.8227
0.0000
0.0000
0.4371
1.0645
0.0000
0.0000
0.0000
0.0000
0.0000
0.0000
0.0000
0.9752
0.4760
0.4982
0.0000
0.0000
0.0000
0.0000
0.0000
0.0000
0.0000
1.4335
0.0000
0.0000
0.0000
0.4362
0.1876
0.0000
0.0000
0.0000
0.9818
0.0000
0.0000
0.0000
0.0000
1.0265
0.0000
1.4730
0.0000
0.0000
0.0000
0.4880
0.0000
1.4152
0.0000
0.0000
0.0000
0.7655
0.0000
0.9765
1.1619
0.0000
0.0000
0.0000
0.3464
0.0000
0.0000
0.0000
0.1720
0.0000
0.0071
0.0000
0.0000
0.0241
0.5130
0.6332
0.2776
0.7069
2.1810
0.0000
0.0000
0.0000
0.0000
2.5578
0.1637
0.7149
0.0000
1.9641
0.5350
2.3639
0.0000
0.0000
0.0000
0.0000
0.0000
0.0000
0.0000
0.0000
0.0000
0.5328
0.0000
0.0000
0.1858
2.0930
1.1685
0.0000
3.2024
0.8775
0.0000
0.0000
0.0000
0.0000
0.0000
0.0000
0.0000
0.7794
1.3347
0.0000
0.7783
0.0000
0.3000
0.2272
0.0000
0.0000
0.0000
0.0000
0.3496
0.0000
0.0000
0.1104
1.1261
0.0000
0.0000
0.0000
0.0000
0.2381
0.0000
0.0000
0.0000
0.0000
0.0000
1.4554
1.1218
0.6568
1.8156
0.0000
0.0000
0.0000
0.9527
1.1553
1.0869
0.0000
0.0000
0.3569
0.9135
0.0000
0.6322
0.0000
0.9150
0.0000
1.4740
0.3105
0.0000
0.0909
0.0000
0.5108
0.0000
0.0000
0.0000
0.0206
0.0000
0.0000
0.0000
0.0000
0.0000
0.0000
0.0000
0.0000
0.0000
0.0000
0.0000
0.0000
1.2147
0.0000
0.0000
0.6613
0.0000
0.7141
0.0000
0.4508
0.0000
0.6725
0.0000
0.5253
0.0000
0.0000
0.0000
0.0000
0.0000
1.0339
1.1248
0.8624
0.0000
1.0257
1.5785
2.2375
0.3474
0.0316
0.0000
0.0000
0.9359
0.0000
0.0000
0.0000
0.0000
1.0248
0.0000
0.0000
0.0000
2.5393
0.0000
1.9812
0.0000
0.6247
0.0000
0.5538
0.0000
0.0000
0.0000
2.3088
0.0000
1.9793
3.0590
0.0000
0.0000
0.1885
2.3589
0.0000
0.2979
1.4256
1.0272
0.0000
0.0000
0.0832
1.5137
0.4288
0.0000
0.7275
0.6898
0.1047
1.4488
0.0000
0.0000
0.0000
0.0000
0.0000
0.2817
0.0000
3.0731
0.0000
0.0000
2.5719
0.1003
1.9044
0.0000
0.0000
0.0000
0.8233
0.0000
0.0000
1.3194
0.0000
0.2453
0.7286
2.9740
0.0000
1.1571
0.0000
0.7306
0.0000
0.0000
0.0000
0.0000
0.0000
0.2726
1.5835
0.0000
1.0534
1.8883
0.0000
1.1721
3.2308
0.0000
0.0000
0.0000
0.0000
0.5227
0.0000
0.0000
1.0556
0.6895
1.2797
0.0000
0.8969
0.0000
1.4648
0.4452
0.0000
0.6451
0.0000
1.3525
0.0000
2.1571
0.4525
0.0000
0.0000
0.0000
0.0000
0.0000
0.0731
0.0000
0.0000
0.0000
0.6821
0.0000
0.0000
0.0000
0.0000
0.0000
0.0000
0.0000
0.0000
0.0000
0.0000
1.9220
0.3774
0.6540
0.0000
0.0000
1.4646
0.0000
0.0000
0.0000
0.3732
1.9591
0.0455
0.1310
0.0000
0.0000
1.4919
0.0000
1.4170
0.0000
0.0000
0.0000
0.0000
0.0000
0.0000
0.7062
0.0000
1.0738
0.0000
1.1120
0.0000
0.9379
0.0000
1.3198
0.0000
0.2572
0.0000
0.0000
0.4042
0.0000
0.0000
0.1892
1.5490
0.0000
1.9925
0.0000
0.0000
0.0000
0.9055
0.0000
0.0000
0.0000
0.0000
0.3116
0.0052
2.3132
1.8280
0.0000
0.0000
0.0000
0.9199
0.0000
0.3705
0.0000
0.7366
0.0000
0.5131
0.0000
0.0000
0.0000
0.5829
1.7066
2.2156
0.0000
2.7901
0.5490
0.0000
0.5624
0.0000
3.7308
0.3488
0.5740
0.0000
0.0000
0.0000
0.0000
0.0000
0.0000
0.0000
0.0000
0.0000
0.0000
1.5613
0.0000
0.0000
0.0000
0.6711
0.0913
0.0000
0.0000
1.6383
0.0000
0.0000
0.7858
1.5642
1.2261
0.0000
0.7478
0.0000
0.0000
0.0000
0.0000
0.0000
2.6429
0.0000
0.0000
2.5980
2.9730
0.0000
0.0000
0.7176
1.1581
1.1717
0.8547
0.4832
1.1393
0.0000
0.0000
0.0000
0.0000
0.0000
0.6736
0.0000
0.0000
0.0000
1.3140
0.7312
0.0000
1.4961
0.1425
0.0000
0.0000
0.0000
1.3314
0.0000
0.0000
0.0000
1.8576
0.8713
0.0000
0.3636
0.0000
0.0000
0.0000
1.8171
1.1874
0.0000
0.5002
0.0000
0.1026
1.6608
1.8693
1.0575
0.0000
0.0000
0.0000
0.0000
3.3692
0.0000
0.0000
0.0000
0.0000
0.1437
0.0000
0.0000
0.0000
0.7991
0.0000
0.0000
0.0000
0.4284
0.0000
0.0000
0.7184
1.2674
0.0000
0.0421
0.0000
0.0000
0.4697
0.0000
0.4744
0.7930
0.0000
0.0000
0.0000
2.2801
0.0000
1.3065
0.7066
0.0000
0.0000
0.0000
0.0411
0.0000
0.0000
0.0000
0.0000
0.0344
0.0000
0.2817
2.1754
0.0000
0.2118
0.0000
0.0000
0.0000
0.0000
0.0000
1.2114
0.0000
0.0000
0.8561
0.0000
0.7540
0.0000
0.0000
0.0000
0.0000
0.0000
1.5557
0.0000
0.0000
0.0000
0.5848
0.0000
0.9320
0.9637
0.0000
0.0000
0.0000
0.0000
0.7832
0.0000
0.0000
0.0000
0.0000
1.3130
0.1990
0.0000
1.7026
0.0000
0.8777
0.0000
0.0000
0.0000
0.0000
0.0000
0.3931
0.0000
0.0000
0.0000
0.1631
0.0000
2.0992
0.0000
0.7759
0.0000
0.0000
0.0000
1.0034
0.0000
1.4999
1.6085
0.5324
1.7186
0.0000
0.0000
0.0000
0.2881
0.6547
0.0000
0.0000
0.0000
0.1873
0.0000
0.0000
0.0000
0.0000
0.0000
0.0000
0.0000
0.0000
0.5559
0.6291
0.6966
1.4325
2.8554
0.0000
0.9259
0.0000
0.3910
0.0000
0.0000
0.0000
0.0000
1.1259
1.3661
1.8203
0.0000
0.0000
0.0000
0.0000
0.4341
0.0000
0.0000
0.0000
0.0000
0.0000
0.0000
0.0000
0.0000
0.0000
0.0000
0.0000
1.8042
1.5449
0.0000
1.2020
0.0000
0.0000
0.8703
0.0000
0.0000
0.0000
1.5146
0.0000
0.0000
0.0000
0.7364
0.0000
0.0000
0.0000
0.1434
0.4251
0.0000
0.4090
1.0915
0.0000
0.0000
0.0000
0.0000
0.0000
0.1772
0.0238
0.6817
0.0000
0.8459
0.1137
0.0998
0.0000
0.0000
0.0000
3.2526
0.0000
0.0000
0.0000
0.0000
0.5955
0.0000
2.0511
0.0000
0.0000
0.0000
2.2632
0.6315
0.0000
0.0000
0.0000
0.0000
3.1047
0.0000
0.0000
0.0000
0.6166
0.2302
1.6330
0.1891
0.0000
1.2114
0.0000
0.0000
0.0000
0.2343
0.0000
0.0000
0.0000
0.6249
0.0000
1.8999
0.0000
0.0000
0.0000
0.0000
0.0000
0.0663
0.0000
0.0000
0.0000
0.5682
0.0000
0.0000
0.0000
0.0000
0.0000
1.0972
0.0000
0.2124
1.4754
0.0000
0.0000
1.0973
0.0000
2.0614
0.0000
0.0000
1.0415
0.0000
0.0000
0.0000
2.1853
0.0000
0.0000
0.5323
0.0000
0.0000
0.0000
0.0000
0.0000
0.0000
1.2762
0.0000
0.0000
0.0000
0.0000
0.0000
0.0000
0.0000
0.0168
0.1280
0.0000
0.0240
0.0000
2.5070
0.0000
0.0000
1.6514
2.8272
0.0000
0.0000
0.0000
0.7152
0.0000
0.0000
0.0000
0.0000
0.0000
0.0067
0.0000
0.2843
0.0000
1.0437
4.5585
0.0000
0.9134
1.0436
0.5407
0.0000
0.0000
0.4549
0.0000
0.0000
0.0000
0.0000
0.0000
0.0000
0.0000
0.0000
0.0000
0.0000
0.0000
0.0000
0.0000
1.0030
0.7046
0.0000
0.0000
0.9332
0.0000
2.2953
0.0000
0.0000
0.1048
0.5366
0.0250
0.3177
1.7115
0.0000
0.0000
3.0431
0.0000
0.5790
0.0000
1.5164
0.0000
0.0000
0.6953
0.0000
0.0000
0.0000
0.6736
0.0000
1.0666
0.0000
0.0000
2.9512
0.0000
1.3594
0.0000
0.3857
0.7787
0.0000
0.0000
0.6710
0.0622
0.0000
0.6648
0.0000
0.0000
1.3215
0.8933
0.1631
0.8712
0.3840
0.0000
0.0000
0.0000
0.0000
0.4424
0.0000
0.0000
0.0000
0.0000
0.0000
0.0000
0.5454
2.9192
0.0000
0.2434
0.9825
0.0000
0.0000
0.0000
0.0000
1.2898
0.1520
0.5914
0.0000
0.3067
0.0000
0.0000
0.0000
0.9751
0.0000
0.0000
0.0000
0.0000
0.0000
0.2019
0.0000
0.0000
0.9762
0.0000
0.0000
0.0000
0.0000
0.1955
0.1752
2.7158
0.0000
2.1694
0.0000
0.0000
0.0000
0.0000
0.0012
0.0000
0.0425
0.3183
1.2873
0.8246
0.0000
0.0000
0.0000
1.6706
0.0000
0.0000
3.2693
0.0000
0.0000
0.0000
0.0000
1.7951
0.2214
0.3508
0.0000
0.1319
0.0000
0.8075
0.0000
0.0000
0.0000
0.2509
0.0000
0.0000
0.0000
0.0000
0.0000
0.0579
0.0000
0.3525
0.1046
0.0000
0.0000
0.2326
0.0000
0.0000
0.0000
0.0000
1.0356
0.0000
0.4154
0.0000
0.0000
0.0000
0.8280
0.0000
2.5161
0.0000
0.0000
2.1494
0.0000
1.0370
1.4301
0.7000
0.0000
0.0000
0.3547
0.0000
0.0000
0.0000
0.8757
0.0000
0.0000
2.7213
0.0000
0.0000
0.0000
0.0343
0.2293
0.0000
0.0000
0.0000
1.2317
0.0000
0.9215
0.0000
0.0000
0.0000
0.0000
0.5714
0.0000
0.7764
0.0000
0.0000
0.0000
0.6815
0.0000
0.0000
0.4577
0.0000
0.0000
3.1829
0.0000
0.0000
0.2508
0.0000
0.0000
0.0000
0.5651
1.6314
0.0000
0.0000
0.0000
0.0000
0.3609
0.4345
0.0000
0.0914
0.0000
1.8352
0.0000
0.0000
1.7138
0.0000
1.5873
0.0000
0.0000
0.0916
0.0000
0.0000
0.2415
0.1656
1.4913
2.8811
0.0000
3.5144
1.5313
0.0000
0.0000
0.0000
2.2070
0.0000
2.3877
0.0000
0.0780
0.0000
0.2788
0.0000
1.2135
0.0000
0.0000
0.0000
0.0000
0.0000
0.0000
0.5163
0.2920
0.0000
0.0000
0.3676
0.0000
0.0000
0.0000
1.7140
0.8191
0.6555
0.0000
0.0000
0.4580
0.0000
0.0000
0.0000
3.3925
1.1942
3.6653
0.0000
2.0245
2.5844
1.6520
0.0000
0.2004
0.0000
0.0000
0.0000
0.8287
0.0000
0.0000
3.0144
0.0000
0.0000
0.0000
0.4533
0.6125
0.7214
0.0000
2.0482
0.0000
0.0000
0.0000
2.2076
0.6930
0.0314
1.2828
0.0000
0.0000
0.8088
0.0000
1.4192
0.0000
0.0000
1.8463
0.0000
0.0000
0.0000
0.0000
0.0000
2.8097
0.0000
0.2675
0.0000
0.0000
0.0000
0.5176
0.0000
0.0000
0.0000
2.5044
0.0000
0.4425
0.0000
0.0000
0.0000
0.0000
0.3640
0.0000
0.0000
0.0000
0.0572
0.0000
0.0000
0.0000
0.0000
0.0000
1.0529
0.5272
0.0000
0.0000
0.7666
0.0000
0.0000
0.0000
0.0000
0.6940
1.0652
1.0076
0.3192
0.0000
1.5170
0.0000
0.0000
0.7799
0.0000
0.9824
0.0000
1.9503
0.0000
0.0000
1.8124
0.0000
0.0000
0.9337
0.0000
0.0000
0.0000
0.0115
0.0000
0.0000
0.0000
0.0000
0.6501
0.2368
0.0000
0.0000
0.8182
2.3488
0.0000
0.9314
1.6491
0.0000
0.0000
1.2743
0.0000
0.0000
0.0000
0.8678
0.0000
0.0340
0.0000
0.0000
0.9884
0.0000
1.1732
0.0000
0.0000
0.0000
0.0000
0.2857
1.1893
0.0000
0.0000
1.2654
0.0000
0.0000
0.0000
0.1901
0.0000
0.2561
0.0000
0.0000
0.0000
0.6201
0.0000
0.0000
2.4613
0.0000
0.0000
0.0000
0.0000
1.8426
0.7391
1.0464
0.0000
1.5341
1.5454
0.9030
0.0000
0.0000
0.0000
0.0000
0.6582
0.8858
0.0000
0.0000
1.0841
0.0000
0.5771
0.0000
2.2551
3.0181
0.0000
0.0000
0.0000
0.0034
2.3148
0.0000
0.0000
0.0000
0.0000
0.0000
0.0000
0.0000
0.0000
0.8776
0.0000
0.0000
1.0576
1.0978
2.4277
0.0000
0.0000
0.2652
0.0000
0.0000
0.0317
0.0000
0.0000
0.0000
0.0000
5.7933
1.1570
0.0000
0.0000
0.0281
0.0000
0.0000
1.1635
2.4229
2.0359
0.0000
0.7520
2.2707
0.0000
0.0000
0.0000
0.0000
0.0000
0.0000
0.7378
0.0000
0.0000
0.0000
4.7759
1.5174
0.8624
0.0000
0.0000
0.1061
0.0000
0.0000
0.0000
0.5951
0.0000
0.0000
0.0000
0.0000
0.0000
0.4903
0.6633
0.0000
0.2688
0.0000
0.0000
0.0000
1.3675
0.0000
0.0000
0.0000
0.3706
1.2174
0.6956
0.0000
1.9973
0.0000
2.8397
2.4700
0.0000
0.8432
0.0000
0.0000
0.0000
1.3062
0.0000
2.2492
0.0000
0.0000
0.0000
0.0000
0.0000
0.0000
0.0000
0.9269
2.0828
0.0000
0.4354
1.0136
0.0000
1.4027
0.0000
0.0000
0.2524
0.0000
0.0000
0.0000
0.0000
1.2063
0.0000
0.8017
0.0000
2.2602
1.1277
0.6213
0.0000
0.4948
0.0000
1.4192
0.0000
0.0000
0.0000
0.0000
0.0000
0.5666
0.0000
0.0000
0.0000
0.0000
0.4998
0.0000
1.0497
0.0000
0.0000
0.3977
0.0000
0.0000
2.4792
0.9101
1.6147
0.0000
0.6652
1.4090
0.0000
2.2846
0.5909
0.2518
2.1228
1.5879
0.0000
0.8308
0.0000
0.0000
0.8088
0.0000
0.8500
0.0000
0.7237
0.0000
0.0000
0.0000
0.0000
1.4300
0.0000
2.2265
0.0000
3.2741
0.0000
0.0000
1.3987
2.3586
1.6939
0.0000
0.1439
0.0000
0.0000
0.5230
2.3922
0.0000
3.6589
0.0000
0.0000
0.0218
0.0000
0.0000
3.3258
0.0000
0.0000
1.7851
0.0000
1.1450
0.0000
0.4512
0.0000
0.0000
3.9829
0.0000
0.0000
0.0774
0.0000
0.2984
0.6150
1.5526
0.9563
1.1021
0.0000
0.8129
0.0000
0.9528
0.0000
0.0000
0.7285
0.5594
0.0000
0.0000
0.0000
0.0000
1.6635
1.9586
0.0000
0.0000
0.0000
0.0000
1.3498
0.2130
1.5117
0.0000
0.0000
1.0744
0.0631
0.0000
0.0000
0.4136
2.2056
0.0000
0.0000
0.9952
0.0000
0.3815
2.4481
0.0000
0.0000
0.0000
0.0000
1.2526
0.0000
0.0000
0.5232
0.0000
1.9610
0.8554
1.4761
1.5059
0.0000
0.0000
0.0000
0.0000
0.0000
0.6247
0.2955
0.4495
0.0000
0.0000
0.0000
0.0000
0.0000
0.0000
0.0000
0.0000
0.0000
0.0000
0.1112
0.0000
0.0000
1.1186
0.6388
0.0000
0.0312
0.7997
0.0000
0.2323
0.0000
2.9391
0.5764
1.4388
0.0000
1.8495
0.0000
0.0000
0.0000
0.0000
0.0000
0.0000
0.0000
0.9397
0.2791
0.0000
0.0000
0.0000
0.0000
0.0000
0.3025
0.0000
0.0000
0.0000
1.0371
0.0000
0.0000
0.0000
2.1179
0.0000
0.0000
0.0000
1.8683
0.0000
0.0000
0.0000
0.3208
0.0000
0.1600
0.0000
0.0000
0.0000
0.0000
0.0000
0.0000
0.6161
0.0000
0.7036
0.0000
0.0000
0.0000
0.0000
0.0000
0.0000
0.3547
0.0000
0.0707
0.0000
0.0000
0.0000
0.1907
0.6421
0.0000
0.0000
0.0000
0.0000
0.0000
0.0000
0.0000
0.0000
1.2234
0.0000
2.0099
0.0000
0.0000
0.0000
0.0000
0.0000
0.0000
0.0000
0.0000
0.8946
0.9477
0.2117
0.0000
0.0000
0.0000
1.5191
3.1759
0.0000
1.5256
0.0000
0.0000
0.0000
0.3779
0.1585
0.7612
0.0000
0.0000
0.0000
0.0000
0.7410
0.0000
2.1836
0.0000
0.0000
0.6098
0.2168
1.6957
0.1831
0.0000
0.0000
2.1545
0.0000
1.0980
0.0000
0.0000
0.0000
0.0000
0.0000
1.2274
0.0000
0.0000
0.0540
0.7224
0.6299
1.1540
0.0000
0.0140
0.0000
3.5241
0.7442
0.2019
0.0000
0.4668
0.0523
1.7472
0.0000
0.7412
0.0000
0.0000
0.0000
0.0000
0.0000
1.7731
0.2749
0.0000
0.0000
0.0000
0.0000
1.0866
0.0603
0.0000
0.0000
0.0000
0.0000
0.0000
0.0000
0.0000
0.0000
1.1487
0.6989
0.0000
1.1665
0.0000
0.0000
0.7028
0.5553
0.0000
0.0000
0.0000
0.9308
0.0000
0.0000
1.2975
0.0000
0.0000
0.0000
0.0000
0.5479
0.0000
0.0000
0.0000
0.0000
0.5541
0.0000
0.0000
0.0000
0.7887
0.0000
0.0000
0.0000
0.4620
0.0000
0.0000
0.0000
0.2310
0.1586
0.0000
2.3212
0.0000
0.0000
0.0000
0.0000
0.0000
0.0000
0.0000
0.2418
0.0000
0.0000
0.0000
0.0933
0.5300
0.0000
0.0000
0.0000
0.0000
0.0000
0.0000
0.0000
0.0000
0.0000
0.0000
1.2611
0.0000
0.0000
0.0000
0.0000
0.5019
0.0000
0.0000
0.0000
1.8326
0.0000
1.3968
0.0000
0.0000
0.0000
0.0000
0.0000
0.0000
0.0000
1.0361
0.0000
2.2704
0.0000
0.0000
0.6193
0.6584
1.1382
1.3501
0.0000
2.2139
0.5015
0.0000
0.0000
0.8202
0.1771
2.9710
1.1039
0.0000
0.0000
0.0494
0.0000
0.0000
1.7246
0.0000
1.1067
1.8229
0.0000
0.0000
0.0000
0.6471
1.3039
2.1479
0.1948
0.0000
0.0000
0.0000
0.0000
0.0000
2.6705
1.2731
0.0000
0.0000
0.0000
0.4565
0.1536
0.0374
1.1199
0.7842
0.0000
0.0000
0.0000
0.0568
0.7799
2.9123
0.0000
0.0000
0.0000
0.0000
2.3608
2.3193
0.0000
0.0000
0.0000
0.0000
0.0000
1.7897
0.0000
0.0000
3.0261
0.0000
0.0000
0.2681
0.9075
0.0000
0.1372
0.8742
0.0000
0.0000
0.0000
2.3285
2.1017
0.0000
0.0000
0.0000
0.0000
0.0000
0.0000
2.7143
0.0000
1.3524
0.0000
0.0000
1.2941
0.7623
0.9560
0.0000
0.0000
0.8975
0.0000
3.8695
0.0000
0.0000
0.0000
0.0000
0.0000
0.0000
0.8329
0.9874
0.3905
0.0000
0.0817
0.0000
0.2565
0.0000
0.0000
0.6178
4.1151
0.0000
0.0000
0.0000
0.0000
0.0234
0.0000
0.0000
0.0000
0.0000
1.1208
0.8196
0.0000
0.2871
0.0000
0.9865
0.0000
0.0000
0.0000
0.0000
1.8829
2.4085
0.0000
1.1178
0.0000
0.0000
0.0000
0.6585
0.0000
2.4746
0.0000
1.8635
0.0000
0.0000
0.0000
0.0000
0.0000
0.0952
0.0000
1.1226
0.0987
0.0000
0.0000
0.0000
0.0000
2.9547
0.0000
1.9330
0.8088
0.0000
0.0000
0.0000
0.0000
0.0000
0.0000
0.0000
2.6762
0.0000
0.2577
1.4728
0.0000
0.2397
0.0000
0.0000
0.0000
0.2566
0.0000
0.9521
2.7185
0.8758
1.5191
0.6138
0.0000
2.2271
0.0000
0.0000
0.0000
0.0000
0.0339
0.0000
0.0000
0.0000
0.0000
0.0000
0.4092
0.0000
0.0000
0.0000
0.0000
0.0000
0.0000
0.9735
0.3300
0.9554
0.0000
0.0000
3.0114
0.0000
0.0000
0.0000
0.0000
0.7571
0.8142
0.0000
0.0000
0.0000
0.0000
1.0122
0.0000
1.1382
0.0000
2.6194
0.0000
0.6339
0.0000
0.4274
0.0000
0.0000
0.7586
0.0000
0.0000
0.0000
2.0437
0.8608
0.0000
0.0000
0.0000
0.4304
0.0000
2.1817
0.0000
0.0000
0.0080
0.0000
0.0000
0.0000
0.1324
0.6009
1.8005
0.0000
0.0000
1.6253
1.2039
0.7780
0.0970
0.5527
0.0000
0.0000
0.0000
0.0000
0.0000
0.0000
0.0000
1.4240
0.0000
0.0000
0.3253
2.0746
0.0000
1.6935
1.1574
0.0000
0.0000
0.0000
0.0000
2.3549
0.2172
0.5101
0.0023
0.0000
0.0000
2.0209
1.5445
0.1081
0.0000
0.0990
0.0000
0.7920
0.6407
0.4582
0.0000
0.0000
0.0000
0.1713
0.5333
0.0000
0.0000
0.0000
0.0000
0.0000
1.4027
0.0000
0.0000
0.4080
0.1389
0.0000
0.0000
0.0000
0.0000
2.2993
0.0000
0.0000
0.0000
3.3298
2.6349
0.0000
2.3296
0.0000
0.0000
0.0000
0.0000
0.3712
0.2879
0.0000
0.0000
0.1762
0.3607
0.0000
2.6295
0.0000
0.0000
0.0000
0.4617
0.1008
2.0900
1.5018
0.0000
0.0000
0.0000
0.0000
0.6809
1.2089
0.0000
2.2207
0.0000
0.0000
0.0000
0.0000
0.0000
0.0000
0.4269
0.0000
0.0000
0.0000
0.0000
0.0000
0.0000
0.0000
0.0000
0.0000
0.3071
0.0000
0.5909
0.0000
0.0000
0.0000
1.9417
0.1904
0.0000
0.7787
0.6383
0.0000
0.0000
3.2511
0.0000
0.0000
0.0000
0.0000
0.0000
0.0000
1.1458
0.0000
0.0000
0.0257
0.0000
0.7866
0.0000
0.5522
0.0000
0.0018
0.0000
0.0000
0.0000
0.0000
0.0000
2.2180
0.0000
0.0000
0.0000
0.0000
0.0000
2.6541
0.0000
0.0000
3.9484
0.6398
0.0000
0.1730
0.0000
1.3283
0.0000
0.0000
0.3760
0.0000
0.0000
1.5487
2.0944
0.8838
0.0000
1.2997
0.0000
0.8820
0.3299
0.0000
0.7696
0.0000
0.0000
0.0000
0.0000
3.4119
0.0000
0.5959
0.1830
0.0000
0.0000
0.0000
0.0000
0.0000
0.9564
1.6741
0.0000
0.0000
0.0000
0.0000
0.6138
1.6047
0.1035
0.0000
0.0000
0.0000
0.0000
0.0000
0.0000
0.0000
0.0000
0.0000
0.4131
0.0000
0.0000
0.8111
0.0000
0.3021
0.0000
0.0000
0.0000
0.0000
0.0000
0.0000
0.0407
0.0000
0.0000
0.0000
0.0000
0.0000
0.0000
1.0275
0.0000
0.0000
0.0000
0.0000
1.1497
1.6274
0.0000
0.0000
0.0000
0.9418
1.9901
0.0000
0.0000
0.9020
3.0251
1.2514
0.0000
0.0000
0.1074
0.0000
0.0000
0.0000
0.0000
2.9786
0.6346
0.0000
0.1326
1.8869
0.0000
0.0000
0.0000
0.0000
0.0000
0.0000
2.8609
0.0000
0.3900
0.0000
0.0000
0.8961
0.0000
0.0000
0.6264
1.6706
0.2098
0.0000
0.0003
0.3261
0.0000
0.0000
0.0000
0.3222
0.1864
1.3706
0.0000
2.5416
0.0000
0.0000
1.6604
0.0000
1.0874
0.0000
2.2227
0.6603
0.0000
0.3026
0.0000
0.0000
1.3692
0.6380
0.0000
0.0000
0.6083
0.0000
0.0000
0.0000
0.7178
0.0000
0.0000
1.0430
0.0000
0.0000
0.0612
0.4735
0.5430
0.0000
0.0000
1.4214
0.6482
2.3318
0.2266
0.0000
2.0589
2.5196
0.0000
0.0000
1.4793
0.0000
4.6533
0.0802
2.3608
0.0000
1.8579
0.0000
0.7513
0.0000
0.0000
0.0000
0.1025
0.0000
1.2186
1.7153
1.2210
3.8716
0.9490
0.0000
2.8368
0.0000
0.0000
0.0000
0.0000
0.0000
2.5944
0.8700
0.0000
2.5898
0.0000
0.6193
0.0000
1.9236
1.6155
0.0000
0.0790
0.0000
0.0000
1.8783
0.9556
2.8394
0.0000
0.0000
0.0000
1.0517
2.0799
1.4023
0.8732
0.0005
0.2015
0.0000
0.0000
0.1581
0.3372
0.0000
0.0000
0.0000
0.0316
0.2735
1.1309
0.0000
0.3207
0.0000
0.0000
0.1972
0.6396
3.2924
0.6679
0.0430
2.0102
1.7211
0.0000
1.1955
0.0000
0.0000
0.0000
0.0000
0.0000
0.0000
0.0000
0.9857
0.0000
2.6932
0.0000
0.0000
0.0000
0.1717
0.9564
0.7496
0.0000
0.0000
0.4083
0.0000
1.3377
1.2923
0.2092
0.0000
0.0000
0.0888
0.0000
0.0000
0.0000
0.0000
2.9258
0.8397
0.0000
0.9029
0.0000
0.0000
0.0000
2.9432
0.0000
0.3495
0.0000
0.1058
0.0722
0.0000
0.0000
0.0000
1.9576
0.0000
0.8208
0.4026
0.9172
0.9645
1.3632
0.2512
0.0000
0.0000
1.0557
0.0000
0.0000
0.0000
0.0000
0.0000
0.0000
0.0000
0.0000
0.0000
0.1809
0.0000
0.0000
0.2632
0.0000
0.0000
1.1024
0.0000
0.2937
0.7852
0.0000
0.0000
1.1398
0.0000
1.9496
1.8279
1.1772
1.1338
0.0000
0.0000
0.0000
0.0000
0.0000
0.0000
0.5162
0.5195
0.0000
3.7459
0.8712
0.0000
2.5234
0.0000
0.4828
0.7760
0.0000
2.0171
0.6884
0.0000
0.0000
0.0000
0.0000
0.0000
0.0000
0.0096
0.7804
0.0000
0.0000
0.0000
0.0000
0.0000
0.0000
2.4257
0.0000
0.1206
0.0000
0.0000
1.7073
0.0000
