0.6336
0.0000
0.0000
0.0000
0.0000
0.0000
0.0000
0.0000
0.0000
1.0213
0.0000
0.0000
0.9032
0.0000
0.0000
0.0000
0.0000
0.0000
0.0000
0.0000
0.9294
0.0000
2.7931
0.1983
1.1517
2.0489
0.0000
1.6574
0.0000
0.0000
0.0000
0.0000
1.1527
0.0000
1.1216
0.0000
0.0000
0.0000
2.1763
0.0000
0.0000
0.0000
0.0000
0.0000
0.0000
0.0000
0.0000
0.0000
0.0906
0.0000
0.0000
0.0000
0.0000
0.0000
0.0000
0.0000
1.7954
0.0000
0.0000
0.0000
0.0000
3.1967
0.0000
1.6069
0.0000
0.0000
0.0000
0.6727
0.0000
0.0000
2.7392
1.7084
0.0000
0.0000
0.0000
1.9646
0.0000
0.0000
0.5238
0.0000
0.0000
0.0000
0.0635
0.0000
0.0000
0.0000
0.7822
1.3692
1.3702
0.0000
0.0000
0.0000
1.2151
0.6527
0.0000
0.0000
0.0000
0.0000
2.1025
0.0000
0.0000
0.0000
0.0000
0.0000
0.2094
0.0000
0.0000
0.0000
2.5276
3.4499
0.0000
0.0000
0.6329
0.0000
0.0000
0.0000
0.5640
0.0000
0.0000
0.0000
2.7414
0.4711
1.1175
0.0295
0.7645
0.0000
0.9589
2.3294
0.0000
0.0000
0.0000
0.0000
0.0000
0.0000
2.6486
1.2590
1.2870
0.5135
0.0000
1.9530
3.4936
0.0000
1.4517
1.8353
0.0689
0.0000
1.3116
1.4820
0.0000
0.0000
0.0000
3.0771
0.5077
0.7232
0.0000
0.0000
0.0000
0.2951
0.5070
0.0000
2.1273
0.0000
0.8046
0.0000
0.0000
0.0000
0.0000
0.0000
0.0000
1.9817
0.0000
0.0000
0.0000
0.0000
0.0000
0.0000
0.0000
0.0000
0.0000
2.1324
1.6025
2.3580
0.0000
0.0000
0.0000
0.0000
0.2825
0.0000
2.9047
0.0000
0.1008
0.0000
0.0000
1.4884
0.0000
0.0000
0.0000
0.0000
1.3035
2.6194
0.0000
0.0000
0.0000
0.0000
1.2802
0.0000
0.0000
1.1206
0.0428
0.0000
0.0000
0.0000
0.8918
0.0000
0.0000
0.0000
0.0000
0.0000
0.0000
0.0000
0.0000
0.0000
0.0000
0.0000
1.7924
0.0000
0.0000
0.0000
0.0000
0.0000
0.0000
0.4456
0.0000
0.0000
0.2694
0.0000
2.8721
0.0000
2.9672
0.0000
0.0000
0.0000
0.6144
0.0000
0.0000
0.0000
0.0000
0.0000
0.0000
0.0000
1.0779
0.0000
0.0000
1.1675
0.0000
0.7861
0.0000
0.0000
1.7917
0.0000
0.0000
0.0000
0.0000
0.0000
0.0000
0.0000
0.0000
0.0000
0.0000
0.1847
2.6178
0.0000
0.0000
1.0672
1.5787
0.0000
0.9442
0.0000
0.2321
0.0000
2.0319
0.0000
0.2640
0.0000
0.0000
0.0000
1.0771
0.0000
0.0000
0.0000
0.4140
0.0000
0.0000
0.0000
1.5043
0.0000
0.0000
0.0000
0.0000
1.1939
0.0000
0.0000
0.0000
0.1121
0.0000
0.0000
0.2138
0.0000
0.0000
0.0000
0.0000
0.5893
0.0000
0.0000
2.3724
0.0000
0.0000
0.0000
0.0518
0.8517
0.0000
1.4898
0.0000
0.4238
0.0899
2.7276
0.0000
2.0314
0.2883
1.6533
0.0000
0.0000
0.0000
0.0000
0.0000
0.8149
1.2143
0.0000
0.0000
0.8542
0.0000
0.0000
0.0000
0.0000
0.0000
3.8030
0.0000
0.2578
0.0000
0.0000
0.0000
1.8832
1.0014
0.0000
1.1536
0.5241
0.0683
0.0000
0.5535
0.0000
0.0000
0.0000
0.0000
0.0000
0.0000
0.7831
0.0000
0.0000
0.0000
0.0000
0.0000
0.7391
0.0000
0.2591
0.0000
0.0000
0.0000
0.2406
0.0000
0.0000
2.0622
0.0000
0.6671
0.0000
0.0000
0.0000
0.8667
0.0000
0.0000
0.0000
2.0795
0.0000
0.0000
0.0000
0.0000
1.6307
0.0000
0.0000
0.0000
2.7545
0.0000
1.5218
0.0000
0.0000
0.0000
0.0000
0.0000
0.0000
1.3117
0.0000
0.0000
0.0000
0.0000
1.5211
0.2423
0.0000
0.0000
0.0000
0.0000
0.0000
0.2097
0.0000
1.6611
0.0000
0.0000
0.0000
0.0000
0.7466
0.0000
1.0324
0.0000
0.0000
0.0000
0.0000
0.0000
0.0000
2.1522
0.0000
1.1411
0.0000
3.4593
0.0000
0.0000
0.0000
2.4950
2.5054
0.0000
0.0000
4.2828
1.4655
0.1663
0.0000
0.0000
0.0000
0.0000
0.0735
0.0000
0.0000
0.6386
0.0000
0.0000
0.0000
0.4551
0.0000
0.0000
0.0000
1.5560
0.0000
0.0000
0.0000
0.0000
1.1398
0.1909
0.0000
0.0000
2.0143
1.6770
0.0000
0.0000
0.0000
0.0000
0.0187
0.0000
2.3100
1.3892
0.0000
0.0000
1.6180
0.0000
1.0303
0.0000
0.0000
0.0000
0.0000
0.6892
0.0000
0.0000
0.0000
0.3785
0.0000
0.0000
0.0000
1.5157
0.1965
1.4674
0.0000
0.0991
0.0000
0.0000
1.8188
2.6815
0.9248
0.0000
2.0654
0.0000
0.0000
0.0000
0.0000
1.2739
0.0000
0.6663
1.8422
0.0000
0.0399
1.2210
0.0000
0.9080
0.2371
0.0000
0.0000
0.0000
0.0000
0.0000
0.0000
0.0620
1.2624
0.0000
0.0000
0.0000
0.0000
0.0000
0.0000
0.0000
0.6212
0.0000
0.0000
0.0000
0.7900
0.0000
0.0000
0.0000
0.8546
0.0000
0.0000
0.0000
0.0000
0.3042
0.0000
0.3654
0.0000
0.0000
2.1181
0.0000
0.0000
1.1091
0.0000
0.0000
0.0000
0.0000
0.0000
0.0000
0.0000
0.0000
0.0000
0.0000
0.0000
0.0000
0.5189
0.0000
0.0000
0.0000
0.0000
0.0000
0.0000
0.0000
0.0000
0.0000
0.1762
1.3460
0.0000
0.0000
1.6370
0.0000
0.0000
0.0000
0.0000
0.0000
0.0000
2.2479
0.0000
0.0000
2.1225
0.0000
0.0000
0.0000
1.3377
0.6966
0.0000
0.0000
0.7127
0.7321
0.7683
0.0000
2.1877
0.0000
1.2425
2.1933
0.0000
0.0000
0.0000
0.8580
0.0000
0.0000
0.5193
0.0000
0.0000
0.0000
0.4617
0.0000
0.0000
0.0000
0.0000
0.0000
1.0558
2.2211
2.0610
0.0000
1.4491
0.0000
0.0000
1.0192
0.7754
0.0000
0.0000
0.8282
0.0000
0.0701
0.2214
0.6818
0.0000
0.0000
2.0488
2.8935
0.0000
0.0000
0.0000
0.0000
0.0000
0.0000
0.9224
0.0000
1.2496
0.3861
0.0000
0.0000
0.0000
0.0000
0.5835
0.0000
0.0000
1.1081
0.0000
0.0000
0.0000
0.0000
1.5359
2.0379
0.0000
0.0000
0.0000
0.0000
0.0000
0.0000
0.0000
0.0000
0.6285
0.0000
0.2188
0.1263
1.5734
0.6908
0.0000
2.5249
0.0000
0.3615
0.0000
0.0000
0.0000
0.1229
0.0000
2.3277
0.0000
0.0000
0.1596
0.0000
0.0000
0.0000
0.0000
0.9101
2.1969
0.0000
2.9692
0.5026
1.4580
0.0000
0.0000
0.0000
0.7937
0.0000
0.0000
0.0000
0.0000
0.6344
1.4846
0.7367
0.0000
1.6649
0.0000
0.2789
1.7848
0.0000
0.0000
0.3702
1.2129
0.0000
0.0000
0.0000
1.5778
0.0000
2.2107
0.0000
0.1711
0.0000
1.2340
0.0000
0.0000
0.2497
0.0000
2.9033
0.0000
0.0000
0.0000
0.0000
0.0000
0.3883
0.0000
0.0000
0.0708
0.0000
0.1113
0.0000
0.0000
3.4729
0.0000
0.0000
0.0000
0.0000
0.0000
0.0000
0.0000
1.7593
0.0000
1.4519
0.0000
0.0000
0.0000
0.0000
0.0000
1.1725
0.5663
1.3103
0.0000
0.0000
0.1532
0.0000
0.0000
0.3266
0.5940
0.0000
0.2836
0.0000
0.0000
0.8951
0.0000
0.0000
0.0000
0.0000
0.2058
0.0000
0.0000
0.0000
0.0000
3.9760
0.0000
0.0000
0.0000
0.0000
0.0000
0.0000
0.0000
0.0000
0.1936
0.0000
0.2123
0.0000
0.0000
0.8885
0.0000
0.1735
1.1461
1.2672
0.0000
1.1505
0.0000
0.0000
0.0000
0.0000
0.0000
0.4396
0.0000
0.0000
0.0000
0.0000
0.0000
0.0000
0.1758
1.3257
0.3200
0.0000
0.0000
0.0000
0.0000
0.0000
0.0000
0.0000
0.0000
0.4399
0.0000
0.0000
0.0000
0.0000
0.2717
0.0000
0.0000
0.0000
0.0000
0.0000
0.0000
0.0000
0.0000
0.2706
0.0000
0.0000
0.7237
0.0000
0.0000
2.2702
0.0000
0.0000
0.0000
0.0000
0.0000
1.4900
0.7684
0.0000
0.0000
0.0000
2.1224
1.0411
0.0000
0.0000
0.0000
0.0000
0.0000
0.0000
0.0000
0.1820
0.0000
0.0000
0.0000
0.0000
0.0000
1.1092
0.0000
0.0377
0.0000
0.0000
0.8986
0.3249
0.0000
0.0000
0.0000
0.0000
0.0000
0.0000
0.0000
0.0000
0.0000
0.0000
0.0000
0.0000
0.0000
2.7635
0.0000
0.0000
0.0000
0.0000
0.1555
0.0000
0.0000
0.0000
0.0042
0.9580
0.0000
0.0000
0.4365
1.1074
0.0000
0.0000
0.0000
0.0000
0.0000
0.0000
0.0000
0.0000
0.0000
0.0000
0.1681
0.0000
0.0000
0.0000
0.0000
0.0000
0.0000
1.9021
1.5318
0.0000
0.0000
0.0000
5.1151
0.4923
0.0000
0.0000
0.0000
0.0000
0.0000
2.1843
0.0000
0.0000
0.0000
0.0000
1.5656
0.2136
1.3374
0.7148
0.0000
0.0000
1.2113
1.1983
0.0000
1.1423
0.0000
0.0000
0.0000
0.0000
0.0000
0.4927
0.0000
0.5589
0.0000
0.0000
0.5019
0.0000
1.0221
1.1545
1.1375
0.4737
0.0000
0.0000
0.0000
0.0399
0.0000
0.0000
0.0000
0.0000
0.4287
0.0000
0.0000
0.5752
3.8690
1.5592
0.0000
0.0000
1.5839
0.0000
1.2303
0.0000
0.0000
0.0000
2.1978
0.0000
0.9099
0.0000
3.9150
0.0000
0.0000
0.3333
2.8868
0.0000
1.1180
0.0000
0.7138
0.0000
0.0000
0.0000
1.0423
1.7960
0.2930
0.0000
1.3060
0.0000
0.0000
0.6984
0.2365
0.5305
0.0000
0.0409
0.0000
0.0000
0.0000
0.0000
3.1727
0.0000
0.0000
0.0000
0.0000
0.6164
0.0000
0.0000
0.0000
0.3072
0.0000
0.0000
0.0000
0.0000
0.0000
0.0000
0.0000
0.0000
0.0000
0.0000
0.1525
2.0137
0.0000
0.0000
0.9216
0.0000
0.0000
0.0000
0.0000
1.4926
0.0000
0.0000
0.0000
0.0000
0.0000
0.5983
0.0000
0.0000
0.3389
0.0000
0.0000
0.0000
0.0000
0.0000
0.7853
0.0000
0.0000
0.0000
0.0000
0.0356
0.9306
0.0000
0.0000
0.8932
0.0000
0.0000
2.2661
0.0000
0.0000
0.0000
0.8272
0.0000
0.0000
2.7373
0.0000
0.0000
0.0000
0.0000
2.0476
0.0000
0.0000
2.9956
0.0000
1.1211
0.0000
1.7537
0.0000
0.0000
0.1434
0.0000
1.2254
0.0000
0.0000
1.5288
0.0000
0.8130
0.0000
0.0000
0.0000
0.0000
0.0135
0.0000
0.0000
0.0000
0.0000
0.0000
0.0000
0.0000
0.0000
0.0000
0.0000
0.0000
0.0000
0.0000
1.7427
2.8000
0.0000
0.0000
0.7868
1.0039
0.0002
1.4180
0.0000
0.0000
0.0000
1.7178
0.0000
0.0000
0.0000
0.0000
0.0000
0.0000
0.0000
0.0000
0.0000
1.6946
0.0000
0.0000
0.4886
2.9013
1.1182
0.0000
0.0000
2.3924
0.6221
0.0000
0.0000
0.0000
0.0000
0.0000
0.3192
0.0000
0.0000
0.0000
0.0000
0.0000
0.0000
0.3809
0.0000
0.9391
0.2172
0.0000
0.0000
0.8660
0.0000
0.0000
0.9095
0.0000
0.0000
1.1156
1.9094
0.0000
0.0000
0.0000
0.0000
1.7153
0.0000
0.0000
0.0000
3.0454
0.0000
0.6956
0.0000
0.3167
0.0000
0.0000
0.0000
0.0000
0.0000
0.0000
0.0000
0.4766
2.2917
0.0000
0.1815
0.0284
0.0000
0.9887
0.0000
0.0000
0.0000
0.0000
0.5600
0.0000
0.0000
0.5835
0.0000
0.0000
0.0000
0.0000
0.0000
0.0000
1.3751
1.7544
0.0000
0.0000
0.0000
1.7977
0.0000
0.0000
0.0000
1.8537
0.0000
0.0187
0.0000
0.0000
1.7438
0.0000
0.0380
0.0000
0.0000
0.0000
0.0776
0.5808
0.0000
0.0000
0.0000
0.0000
0.0000
0.0000
0.7091
2.3347
0.0000
0.0000
0.0000
0.0000
0.0000
0.8902
1.5253
0.0000
1.3147
0.6261
0.0000
0.0000
0.0000
2.9859
0.0000
0.0000
0.8106
0.0000
1.0094
0.0000
0.0000
0.0000
0.7803
2.2123
0.1329
0.0000
0.0000
0.8996
0.0000
1.0560
0.0000
0.0000
2.4412
0.0000
0.0000
0.0000
0.0000
0.0000
0.0000
0.6598
0.0000
0.6118
0.7667
0.0000
0.0000
1.1873
0.0118
0.0000
0.8111
0.0000
0.0000
0.8602
1.6532
0.0000
0.0000
0.0000
0.0000
0.0000
0.0000
0.0000
1.7142
0.0000
0.9277
0.0000
1.1122
0.0000
0.0617
0.0000
0.0000
0.0000
0.0000
0.0000
0.0000
0.0000
0.0000
0.0000
0.0000
0.0000
0.0000
0.0000
0.3220
0.0000
0.6101
0.0000
1.6427
0.0000
0.8740
0.0000
0.0000
1.1893
0.9777
1.4353
0.0000
0.0000
0.0000
2.1817
3.8971
0.0000
1.5572
0.0000
0.0000
0.0000
0.0000
0.0000
0.0374
0.7465
0.0000
0.0000
0.0000
0.0000
0.9698
0.8283
0.0000
0.0000
0.4121
0.0000
0.0943
0.0000
0.1004
1.8801
0.0000
0.0000
3.4142
0.5739
1.7887
1.0936
2.7013
1.1392
1.5274
0.0000
0.0000
0.0000
0.4254
0.2699
0.9613
0.0000
0.0000
0.0000
0.0000
0.0000
0.0000
0.0000
0.0000
0.0000
1.2103
2.2022
0.0285
0.0000
0.8278
0.3649
0.0000
2.0268
0.2772
0.0000
4.4005
0.0000
0.0000
0.0000
0.0167
0.0000
0.3567
0.0000
0.1308
0.0000
0.0000
0.4078
0.0000
0.0000
0.0000
0.0000
0.0000
0.9495
0.0000
0.0000
0.9555
0.0000
3.0597
0.0000
0.5349
0.0000
0.0000
0.0000
0.0000
0.0000
1.5965
0.0000
0.0000
0.0000
0.0000
0.0000
2.4500
0.0000
0.0000
0.0000
0.0000
0.0000
0.0000
0.0000
0.0000
0.0000
0.0000
0.8036
0.0000
0.8178
0.0000
1.0580
0.0000
0.0000
0.0000
0.6039
0.0000
0.0000
2.9556
4.2970
1.4059
0.0000
0.1394
0.0000
1.8729
0.0000
0.2260
1.0142
1.2097
0.8625
0.0000
0.0000
0.0000
0.0000
0.0000
0.0000
1.0520
0.0000
1.2450
0.0000
0.0000
0.0000
0.1299
0.0000
0.0000
1.6468
1.0060
1.6482
0.0000
0.0000
0.0000
0.7777
0.0921
1.7738
0.8629
0.0000
0.0000
0.0000
1.1982
0.0000
0.7794
0.7595
1.6587
0.0000
0.0000
0.0000
0.0000
0.0000
0.0000
0.3417
1.5335
1.1639
0.6814
0.0000
0.0000
0.0000
0.0000
0.0000
0.0000
0.0000
0.9926
0.0000
0.0000
0.0000
1.2459
0.0000
0.0000
0.0000
0.0000
0.0000
0.0000
0.0000
0.6263
0.0000
1.1451
0.0000
0.4003
0.0000
0.0000
0.0000
0.0000
1.3879
0.8387
0.0000
0.0000
0.0000
0.0000
0.0000
0.5902
0.0000
0.0000
0.0000
0.8511
0.0000
0.0000
0.0000
0.0000
0.0000
0.0000
0.0000
0.0000
0.0000
0.0000
0.1945
0.9535
0.9378
0.0000
2.6643
0.0000
0.0000
0.0000
0.0000
2.1089
1.2707
0.1328
0.9183
1.8708
0.0000
2.2456
0.0000
0.0000
0.3917
0.0000
0.0000
0.0000
0.0000
0.3166
0.0000
0.8641
0.0000
1.2540
1.4884
0.3213
0.2630
0.0000
2.2042
0.5981
0.0000
0.0000
0.0000
0.0000
0.0000
0.0000
0.0000
0.6008
1.8695
0.0000
0.9725
0.0000
0.0978
0.0000
0.0000
0.1037
0.0000
0.0000
0.0000
0.0000
0.0000
0.0000
0.0000
0.0000
1.0554
0.0000
1.8271
0.0000
0.0000
0.0000
0.0000
0.0000
0.0000
0.3586
1.1978
0.4191
2.1303
0.0000
0.0000
0.0000
1.8178
1.5818
1.9645
0.0000
0.0000
0.0000
0.0000
0.0000
0.0000
0.0000
0.8408
0.0000
0.2076
0.0000
0.0000
0.3702
0.0000
0.4904
0.0000
0.0000
0.0000
0.0000
0.0000
0.0000
0.0377
0.0000
0.0000
0.0000
0.0000
0.0000
0.0000
0.0000
0.0000
0.0000
0.0000
0.0000
0.0000
1.4438
0.0000
1.4888
0.0000
0.0000
0.0000
0.0000
0.0000
1.0893
0.0000
0.0000
0.0000
0.0000
0.0000
0.0000
2.0928
2.5242
0.3498
0.9477
0.1302
1.4451
0.0000
0.5638
0.1189
0.0000
1.4713
0.0000
0.0000
0.0000
0.0000
0.0000
0.0000
0.0000
0.1604
2.3988
0.0000
2.2142
0.0000
0.1792
0.0000
0.0000
0.0000
0.0000
0.0000
0.8924
1.0682
3.0971
3.2260
0.0000
0.0000
0.3574
1.5677
0.0000
0.0000
2.5193
1.9350
0.0000
0.0000
0.0000
3.4025
1.0509
0.0000
0.0000
0.7198
0.3969
0.1846
0.0000
0.0000
0.0000
0.0000
0.0000
0.2068
1.6992
2.5120
0.0000
0.0000
1.6224
0.5639
0.4654
0.0000
0.0000
0.0000
0.0000
0.0000
0.3095
0.7582
0.0000
0.0000
0.6704
2.0920
0.0000
1.9368
0.0000
0.6876
0.3771
0.0000
0.0000
0.0000
0.0000
0.0000
1.9546
0.0000
0.0000
0.9968
0.0000
0.0000
1.3213
0.0000
0.0000
1.1406
0.0000
1.0026
0.0000
0.0000
0.0000
0.0000
0.1247
0.0000
0.0000
0.0000
1.0861
0.0000
0.0000
0.0000
0.0000
2.2385
0.0000
3.2845
1.9990
0.0000
0.0000
0.0000
0.0000
0.0000
0.0000
0.0000
0.6449
0.0000
0.7219
0.0000
0.0000
0.0000
0.0000
0.1908
0.0000
0.0000
0.0000
0.0000
0.0000
0.0000
0.0000
0.2149
0.0000
0.0000
2.4339
0.0000
0.0000
0.0000
0.0000
1.0678
0.0000
0.0000
0.0000
0.0000
0.6091
0.0000
0.9523
0.0000
0.0000
0.0000
0.2352
0.0000
0.0000
0.0000
0.0000
0.3072
0.0000
0.8098
0.0000
0.9246
0.0000
0.8713
0.0000
0.0000
0.0000
0.0000
0.0000
0.0000
0.0000
1.2214
0.0000
1.3670
0.4712
0.0000
0.0000
0.0000
2.6980
0.0000
0.0000
0.0000
0.0000
0.0000
0.0000
1.4534
0.5333
0.0000
0.0000
0.0000
1.2337
0.0000
0.7310
0.0184
0.2436
0.0000
1.8882
0.0000
0.0000
0.0000
0.7419
1.4907
2.5540
0.0000
3.4328
1.6395
0.0000
0.0000
0.0000
4.5243
0.7424
0.0000
0.0000
0.0000
0.0000
0.0000
0.0000
0.0000
0.0000
0.0000
0.0000
0.0000
1.4141
0.0000
0.0000
0.0000
0.4249
0.0000
0.0000
0.0000
2.3960
0.0000
0.0000
0.0000
1.8279
0.0685
0.0000
0.9218
0.0000
0.0000
0.0000
0.0000
0.0000
3.5442
0.6675
0.0000
3.4973
2.5661
0.0000
0.0000
2.0808
0.4274
1.0413
0.0000
0.0000
0.7951
0.0000
0.1231
0.0000
0.0000
0.0000
0.0000
0.0000
0.0000
0.0000
0.0000
0.7330
0.0000
0.4963
0.0000
0.0000
0.0000
0.0000
0.2840
0.0000
1.0325
0.0000
1.0618
2.0384
0.0000
0.6076
0.0000
0.0000
0.0000
1.2178
2.0898
0.0000
0.0000
0.0000
0.0000
1.8755
0.9235
2.2965
0.0000
0.0000
0.0000
0.0000
2.5745
0.0000
1.1388
0.0000
0.0000
0.0000
0.0000
0.0000
0.0000
0.0000
0.0000
0.0000
0.0000
0.9504
0.0000
0.0000
0.0223
1.5593
0.0000
1.0364
0.0000
0.0000
0.5865
0.7801
0.0000
2.6607
0.0000
0.0000
0.0000
1.5387
0.0000
0.0000
0.6226
0.9154
0.0000
0.0000
0.0000
0.0000
0.0000
0.0000
0.0000
0.3329
0.0000
0.0000
1.8414
0.2210
0.6202
0.0000
0.1968
0.0000
0.0000
0.0000
1.8269
0.0000
0.0000
0.2104
0.0000
0.2806
0.0000
0.0000
0.0000
0.0000
0.0000
0.0052
0.0000
1.0776
0.0000
0.0000
0.0000
1.2118
0.8617
0.0000
0.0000
0.0000
0.0000
0.4615
0.0000
0.0000
0.0000
0.0000
1.9649
0.9021
0.0000
0.0000
0.0000
0.0000
0.0000
0.0000
0.0000
0.1310
0.0000
3.3272
0.0000
0.0000
0.3485
0.0000
0.0000
2.4343
0.0000
1.4100
0.0000
0.0000
0.0000
0.0000
0.0000
1.0949
1.7394
0.4524
1.1018
0.0000
0.0000
0.0000
0.0000
1.2020
0.0000
0.0000
0.0000
0.0000
0.0000
0.0000
0.0000
0.0000
0.0000
0.0000
0.0000
0.0000
0.0000
0.0000
1.2974
0.2230
2.2931
0.2659
0.1620
0.0000
0.0786
0.0000
0.2511
0.6283
0.0000
1.2124
1.4863
0.8971
0.0000
0.0000
0.0000
0.0000
0.0000
0.0000
0.0000
0.0000
0.0000
0.0000
0.0000
0.0256
0.0000
0.0000
0.0000
0.0000
1.7308
2.3622
0.0000
0.2566
0.0000
0.0000
0.0000
0.0000
0.0000
0.0000
0.8536
0.0000
0.0000
0.0000
0.7615
0.0000
0.0000
0.0000
0.0000
0.0000
0.0000
0.0000
0.0000
0.0000
0.0000
0.0000
0.0000
0.0000
0.8676
0.0000
0.6987
0.0000
0.5172
0.0000
0.1030
0.0000
0.0000
0.8727
3.5697
0.0000
0.0884
0.0000
0.0000
0.0000
0.0000
3.5321
0.0000
0.0000
0.0000
2.0411
1.3165
0.0000
0.0000
0.0000
0.0000
0.9761
0.0000
0.0000
0.0000
0.7794
0.3940
0.9143
0.1124
0.0000
0.0602
0.0000
0.0000
0.4901
0.0000
0.0000
0.0000
0.0000
1.3694
0.0000
0.0751
0.0000
0.0000
0.0000
0.0000
0.0000
2.0032
0.0000
0.0000
0.0000
0.0000
0.0000
0.0000
0.0000
0.0000
0.0000
0.9959
0.0000
0.0000
1.2072
0.0000
0.0000
0.0000
0.0000
2.0139
0.7313
0.0000
0.0000
0.0000
0.0000
0.0000
1.1747
0.0000
0.4657
0.1181
0.0000
0.0000
0.0798
0.0000
0.0000
0.0000
0.1520
0.0000
0.0000
0.0000
0.0000
0.0000
0.2272
0.0000
0.0000
0.3566
0.0000
0.0000
0.0000
2.4634
0.0000
0.0000
0.0000
0.3542
0.0000
0.0000
0.0828
0.6564
0.0000
0.0000
0.0000
0.4381
1.3100
0.3507
0.0000
0.0000
0.0000
2.7392
5.5287
0.0000
0.1089
0.8907
0.0000
0.5173
0.0000
1.2604
0.0000
0.0000
0.0000
0.0000
0.0109
0.0000
0.0000
0.0000
0.0000
0.0000
0.0000
0.0000
0.0000
1.0269
0.6211
0.0000
0.0876
0.0000
0.0000
0.9614
0.0000
0.0000
0.0000
0.3742
0.5072
0.8428
0.6319
0.0000
0.0000
4.0732
0.0000
0.4387
0.0000
0.9634
0.0000
0.0000
1.1883
0.0000
0.0000
0.0000
0.9084
0.0000
1.8091
0.5053
0.4202
1.3922
0.0000
1.0852
0.0000
0.0000
1.9966
0.0000
0.0000
0.0000
0.0000
0.0000
0.2095
1.2658
0.0000
1.4393
0.6696
0.0000
0.0000
0.7702
0.0000
0.0000
0.0000
0.0000
0.8103
0.3830
0.0000
0.0000
0.0000
0.0000
0.0000
0.0344
2.9973
0.1431
0.0000
1.2770
0.0000
0.0000
0.0000
0.0000
1.3929
0.0000
0.1021
0.0000
0.5655
0.0000
0.0000
0.0000
1.4930
2.0612
0.0000
0.0000
0.0000
0.0000
0.5627
0.3178
0.0000
0.4363
0.0000
0.0000
0.0000
0.0000
0.9567
0.0000
2.3277
0.0000
2.2805
0.0000
0.0000
0.0000
1.4907
0.1713
0.0000
0.0000
0.8486
0.0889
0.7934
0.0000
0.0000
0.0000
0.0000
0.0000
0.0000
2.9407
0.1242
0.0000
0.0000
0.0000
2.2089
0.0000
0.1007
0.0000
0.2661
0.0000
0.0000
1.0475
0.0000
0.3926
0.6630
0.3190
0.3345
0.0000
0.0000
0.0000
0.0000
0.0000
0.0764
0.8914
0.0000
0.0000
0.0877
0.0000
0.0000
0.0000
0.0000
0.4971
0.0000
0.5049
0.0000
0.0000
0.0000
2.1774
0.0000
0.3111
0.0000
0.0000
0.6720
0.0000
0.8041
1.4917
1.7710
0.0000
0.2571
0.0000
0.0000
0.0000
0.0000
0.0000
0.0000
0.0000
0.4344
0.0000
0.0000
0.0000
0.1066
0.0000
0.0000
0.0000
0.0000
0.0000
0.1940
0.0000
0.0000
0.0000
0.0000
0.0000
1.3704
0.0000
0.0000
0.0000
0.0000
0.0000
0.0000
0.0000
0.0000
0.0000
0.0000
0.0000
3.0987
0.0000
0.0000
2.0678
0.0000
0.0000
0.0000
0.0000
1.1258
0.0000
0.0000
0.0000
0.0000
0.0000
0.7576
0.0000
0.0000
0.0679
1.3349
0.0000
0.0000
2.4915
0.0000
0.8320
0.0000
0.0000
0.1503
0.0000
0.0000
1.3581
1.4581
1.8871
2.6693
0.0000
3.0440
0.1456
0.0000
0.0000
0.0000
2.0967
0.0000
1.5971
0.0000
0.0000
0.0000
0.0000
0.0000
1.6632
0.0554
0.0000
0.1574
0.0000
0.0000
0.0000
0.7852
0.7251
0.0000
0.0000
0.8150
0.0000
0.0000
0.0000
1.3739
0.0000
1.8366
0.0000
0.0000
0.7695
0.0000
0.0000
0.0000
3.7733
1.4206
2.3371
0.0000
1.2468
2.3817
3.0931
0.0000
0.0000
0.0000
0.0000
0.8505
1.6763
0.0000
0.0000
3.2155
0.0000
0.0000
0.0000
0.0289
0.0000
0.0000
0.9641
0.4412
0.3009
0.0000
0.0000
1.5294
0.5346
0.1045
0.5443
0.0000
0.0000
0.0000
0.0000
2.4869
0.0000
0.0000
2.1158
0.0000
0.0816
0.0000
0.0000
0.0000
3.4920
0.0000
0.0000
0.0000
0.0000
0.0000
1.2432
0.0000
0.0000
0.0000
2.0055
0.0000
1.3292
0.0000
0.0201
0.0000
0.0000
0.6794
0.0000
0.0000
0.0000
0.0000
0.0000
0.0000
0.0000
0.0000
0.0000
0.5897
1.1847
0.0000
0.0000
0.1872
0.0000
0.0000
0.0000
0.0000
0.4150
0.4377
0.2123
0.0000
0.0000
1.2105
0.0000
0.0000
1.6344
0.0000
0.9361
0.0000
1.5408
0.0000
0.0000
4.3529
0.0000
0.0000
0.0000
0.0000
0.0000
0.0000
0.0000
0.0000
0.0000
0.0000
0.0000
0.8246
0.0000
0.0000
0.0000
0.0000
3.4720
0.0000
2.1610
0.9205
0.1374
0.0000
0.1543
0.0000
1.1535
0.0000
1.2721
0.0000
0.6103
0.8594
0.0000
0.3385
0.0000
0.0000
0.0000
0.0000
0.0000
0.6259
0.0265
0.4576
0.0000
0.0000
2.6324
0.0000
0.0000
0.0000
0.1767
0.0000
0.0000
0.0000
0.0000
0.0000
1.4075
0.0000
0.0000
1.7515
0.2690
0.0000
0.0000
0.0000
0.7855
0.9978
0.0000
0.0000
2.3822
0.0000
1.4391
0.0000
0.0000
0.0000
0.0000
0.7586
1.2783
0.0000
0.0000
0.0000
0.0000
0.7697
0.0000
1.9295
3.1913
0.0000
0.0000
0.0000
0.1596
2.6241
0.0000
0.0303
0.0000
0.0000
0.0000
0.0000
0.0000
0.0000
0.4122
0.0000
0.0000
0.4755
0.0000
1.3061
0.0000
0.0000
0.6744
0.0000
0.0000
2.1038
0.0000
0.0000
0.0000
0.0000
5.1900
1.9184
0.0000
0.0000
0.0000
0.0000
0.0000
1.5265
2.3071
0.0000
0.0000
1.3112
1.5539
0.3394
0.0000
0.0000
0.0000
0.0654
0.0000
0.6080
0.0000
0.0000
0.0000
5.1254
0.0000
0.0000
0.0000
0.9579
0.6543
0.0000
0.0000
0.0000
0.0000
0.0000
0.8156
0.0000
0.0000
0.0000
1.7151
0.4209
0.0000
0.0000
0.0000
0.0000
0.0000
1.0571
0.0000
0.0000
0.6488
0.6378
1.2373
1.0140
0.0000
0.3349
0.0000
1.4526
3.3064
0.0000
0.0000
0.0000
0.0000
0.0000
0.5130
0.0000
1.1282
0.0000
0.0000
0.0000
0.0000
0.0000
0.0000
0.0000
0.3123
1.8185
0.0000
1.5280
0.0000
0.0000
1.1187
0.0000
0.0865
0.0000
0.0000
0.0000
0.0000
0.1893
1.8597
1.1651
0.0000
0.0000
1.0085
0.4918
0.5941
1.2929
0.0000
0.0000
2.5102
0.0000
0.0000
0.2125
0.0000
0.0000
0.0000
0.0000
0.0000
0.0000
0.0000
0.5098
0.0000
1.6271
0.0000
0.0000
0.9787
0.0000
0.0000
1.0149
1.4685
2.1003
0.0000
1.1914
2.0743
0.0000
2.2522
0.5947
0.0000
2.8884
2.0820
0.0000
0.0000
0.0000
0.0000
1.7270
0.0000
0.6533
0.0000
0.8948
0.0000
0.0000
0.0000
0.0000
2.4561
0.0000
1.5531
0.0000
5.0966
0.0000
0.0000
1.4834
0.6685
1.9065
0.0000
0.0000
0.0000
0.0000
2.2856
0.0000
0.0000
2.8367
0.0000
0.0000
0.7415
0.0000
0.0000
1.7234
0.0000
0.0000
3.3965
0.0000
1.2196
0.0000
0.4105
0.0000
0.0000
3.0127
0.0000
0.0000
0.0000
0.0000
0.0000
0.0000
0.1018
1.5307
0.1613
0.6062
1.1696
0.0000
1.1651
0.0000
0.0000
0.0000
0.0000
0.0000
0.0000
0.0000
0.0000
1.8490
1.2579
0.0000
0.0000
0.0000
0.0000
1.0813
0.0987
1.0037
0.0000
0.0000
0.0000
0.0000
0.0000
0.0000
0.6424
4.0899
0.0000
0.0000
0.9450
0.0000
0.0000
1.8682
0.5867
0.0000
0.0000
0.0000
0.0000
0.0000
0.0000
1.4515
0.0000
0.6689
0.0000
1.7120
0.8496
0.0000
0.0000
0.0000
0.0000
0.0000
0.0000
0.0000
0.0000
0.0000
0.0000
0.0000
0.7439
0.0000
0.0000
0.0728
0.0000
0.8921
0.0000
0.0000
0.0000
0.0000
0.1655
0.1469
0.0000
0.0000
0.6082
0.0000
0.0000
0.0000
4.0996
0.0000
1.2957
0.0000
1.4817
0.0000
0.0000
0.0000
0.0683
0.0000
0.0000
0.0000
0.0000
1.9460
0.0000
0.0000
0.0000
0.0000
0.0000
0.0000
0.0000
0.0000
0.0000
0.6409
0.0000
0.0000
0.0000
1.9324
0.0000
0.0000
0.0000
1.9845
0.0000
0.0000
0.0000
0.6921
0.0000
0.0000
0.0000
0.0000
0.0000
0.0000
0.0000
0.0000
0.0000
0.2879
0.0000
0.0000
0.0000
0.0000
0.0000
0.0000
0.0000
0.0000
0.0000
0.4964
0.0000
0.0000
0.0000
0.3922
0.4033
0.0000
0.0000
0.0000
0.0000
0.0000
0.3378
0.0000
0.0000
0.0074
0.0000
3.1799
0.0000
0.0000
0.0000
0.2581
0.0000
0.0000
0.0000
0.0000
0.3345
0.0000
0.0000
0.0000
0.0000
0.0000
0.4767
1.6949
0.0000
1.4323
0.0000
0.0000
0.0000
1.4798
0.0735
0.3044
0.0000
0.0000
0.0000
0.0000
1.4904
0.0000
0.4626
0.0000
0.0000
1.6582
0.0000
2.2518
0.0000
0.0000
0.0000
1.1400
0.0000
0.7645
0.0000
0.0000
0.0000
0.3892
0.0000
1.6979
1.1013
0.0000
0.9473
1.8094
1.7916
2.3049
0.0000
0.0000
0.0000
0.8014
1.7322
2.6841
0.0000
2.0136
0.0000
1.4144
0.0000
0.3472
1.2500
0.0000
0.0000
0.0000
0.0000
2.0971
0.0000
0.0000
0.0000
0.0000
0.3198
0.1411
0.0000
0.0000
0.1031
0.3988
0.0000
0.0000
0.0000
0.0000
0.0000
1.6623
0.9457
0.0000
0.0000
0.0000
0.0000
0.2987
1.0821
0.0000
0.0000
0.0000
1.5190
0.1117
0.0000
1.8257
0.0000
0.0000
0.0000
0.0000
0.5791
0.0000
0.0000
0.0000
0.0000
0.4454
0.0000
0.0000
0.0000
0.0000
0.0000
0.0000
0.0000
1.3574
0.0000
0.0000
0.0000
0.5138
0.3921
0.0000
2.9147
0.0000
0.0000
0.0000
0.0000
0.0000
0.1841
0.0000
0.0000
0.0000
0.0000
0.0000
0.0000
0.0000
0.0000
0.0000
0.0000
0.0000
2.0273
0.0000
0.0000
0.1530
0.0000
0.0000
1.3748
0.0000
0.0000
0.0000
0.0000
1.2091
0.0885
0.0000
0.0000
1.6363
0.0000
2.4551
0.0000
0.0000
0.0232
0.0000
0.0000
0.0000
0.0000
1.5638
0.0000
2.1285
0.0000
0.0000
0.3003
0.6065
0.4516
0.9872
0.0000
2.5999
1.2489
0.0000
0.0000
1.3271
1.8114
0.3716
0.2896
0.0000
0.0000
0.1320
0.0000
0.0000
0.9015
0.0000
1.2800
2.5720
0.0000
0.9120
0.0000
0.0000
2.4784
0.8677
1.2243
0.0000
0.0000
0.0000
0.0000
0.0000
2.9313
0.5555
0.0000
0.0000
0.0000
0.0000
0.6028
1.3440
0.2046
0.0000
0.0000
0.0000
0.0000
0.0000
0.7611
4.3212
0.0000
0.0000
0.0000
0.0000
3.8579
0.0000
0.0000
0.0000
0.0000
0.0000
0.0000
0.0000
0.0000
0.0000
2.9649
0.0000
0.0000
0.7082
0.0000
0.0000
0.0000
0.0000
0.2822
0.0000
0.0000
1.4702
1.9190
0.0000
0.0000
0.0000
0.0000
0.0000
0.0000
1.8823
0.0000
2.5448
0.0000
0.0000
2.5825
0.3630
0.2502
0.0000
0.0000
1.4357
0.0000
2.7344
0.0000
0.0000
0.0000
0.0000
0.0000
0.0000
1.1308
0.7023
0.4598
0.0000
0.0982
0.0000
0.0000
0.0000
0.7337
0.9285
3.8357
0.0000
0.0000
0.0000
0.0000
0.0000
0.0000
0.0000
0.0000
0.0000
0.8870
1.1494
0.0000
1.8989
0.0000
0.3996
0.0000
0.0000
0.0000
0.0000
1.8391
1.6511
0.0000
0.0000
0.0000
0.0000
0.0000
0.0000
0.0000
3.3625
0.0000
0.1457
0.2687
0.0000
0.0000
0.0000
0.0000
0.0310
0.0000
1.4971
0.3931
0.0000
0.0000
0.2243
0.0000
2.5131
0.0000
1.4546
0.1797
1.5169
0.0000
0.0000
0.0000
0.0000
0.0000
0.0000
1.9946
0.0000
0.0000
1.0127
0.0000
0.0000
0.0000
0.0000
1.6826
0.6383
0.0000
1.1607
1.7980
0.0000
1.9915
1.0053
0.0000
2.2102
0.0000
0.0000
0.0000
0.0000
0.0000
0.0000
0.0000
0.0000
0.0000
0.0000
0.0547
0.0000
0.0000
0.0000
0.0000
0.0000
0.0000
0.8668
0.2492
0.0000
0.0000
0.0000
2.9966
0.0000
0.0000
0.0000
0.0000
0.5910
1.8968
0.0000
0.0000
0.0000
0.0000
0.0000
0.0000
1.8553
0.0000
3.1114
0.0000
0.2351
0.0000
0.0000
1.1773
0.0000
1.2300
0.0000
0.0000
0.0000
1.0329
0.7174
0.5706
0.0000
0.0000
0.0000
0.0000
1.6809
0.0000
0.0000
0.0000
0.0000
0.0000
0.0000
0.0000
0.0950
2.3018
0.0000
0.0000
1.1756
1.1216
0.7550
0.0000
0.4295
0.8643
2.3118
0.0000
0.0000
0.0000
0.0000
0.0000
0.0000
0.8126
0.0000
0.0000
1.2977
1.1185
0.8055
1.3246
0.0000
0.0000
0.0000
0.0000
2.3380
0.0000
0.8667
0.0000
0.0000
0.0000
0.4539
2.8426
0.0648
0.0000
0.0000
0.0000
1.1134
0.0000
0.9966
0.0000
0.0000
0.0000
1.3920
2.0643
0.0000
0.0000
0.0000
0.7696
0.0000
1.1158
0.0000
0.0000
0.0120
0.2274
0.0000
0.0000
0.0000
0.0000
1.4368
0.0000
0.0000
0.0000
2.3428
0.0000
0.0000
2.9749
0.0000
0.0000
0.0000
0.0000
0.0000
0.0000
0.0000
0.0000
0.0000
0.5811
0.0000
2.8233
0.0000
0.1474
0.0000
0.1058
0.0000
2.8613
0.5336
0.4929
0.0000
0.0000
0.0000
0.0000
0.2538
0.0000
2.0461
0.0000
0.0000
0.0000
0.0000
0.0000
0.7193
1.1232
0.0000
0.0000
0.0000
0.0000
0.0000
0.0000
0.0000
0.0000
0.0000
0.8731
0.0000
0.5070
0.0489
0.0000
0.3723
1.5684
0.0000
0.3380
0.7396
0.0000
0.0000
0.0000
3.1999
0.0000
0.0000
0.0000
0.0000
0.0000
0.0000
1.8130
0.0242
0.0000
0.5548
0.0000
1.1747
0.0000
1.1193
0.0000
0.2308
0.8209
0.2461
0.0000
0.0000
0.0000
1.5414
0.0000
0.0000
0.0000
0.0000
0.0000
4.3208
0.0000
0.0000
3.1313
0.0000
0.0000
0.0000
0.0000
1.6465
0.0000
0.0000
0.3017
0.0000
0.0000
1.2195
1.5864
1.3385
0.0000
1.1749
0.0000
0.1426
0.0264
0.0000
0.0000
0.0000
0.0000
0.0000
0.0000
3.8282
0.0000
0.0000
0.4006
0.0000
0.0000
0.0000
0.0000
0.0000
0.3955
0.7942
0.0000
0.0000
0.0000
0.0000
0.0000
2.3599
0.0000
0.4233
0.0000
0.0000
0.0000
0.0000
0.0000
0.1449
0.0000
0.0000
0.0000
0.0000
0.0000
0.8608
0.0000
0.0000
0.2983
0.0000
1.0655
0.0000
0.0000
0.0000
0.4421
0.0000
0.0000
0.0000
0.0000
0.0000
0.0000
0.0745
0.4443
0.0000
0.0000
0.0000
0.4530
1.3548
0.0000
0.0000
0.0000
0.3862
1.4260
0.0861
0.0000
0.0000
4.2731
2.4715
0.0000
0.0000
0.0000
0.1045
0.1887
0.0000
0.0000
0.8611
0.9155
0.0000
0.0000
3.1128
0.0000
0.0000
0.0000
0.0000
0.0000
0.0000
1.7541
0.5636
0.0000
0.0000
0.0000
0.0000
0.0000
0.0240
1.0180
0.0000
0.0000
0.0000
0.2047
0.3113
0.0000
0.0000
0.0000
0.5619
0.0292
2.4605
0.0000
1.2033
0.0000
0.0000
0.9185
0.0000
1.1445
0.0000
1.9021
0.0000
0.1434
0.7254
0.0000
0.9839
0.0000
0.8925
0.0000
0.0415
0.0000
0.0000
0.0000
0.0000
1.1301
0.0000
0.0000
1.2607
0.0000
0.0000
0.1338
0.1378
0.0000
0.0000
0.0000
0.0000
0.0000
2.0850
2.4824
0.0000
1.3008
2.3677
0.0000
0.0000
0.0000
0.0000
4.5216
0.0000
1.9383
0.0000
0.0000
0.1203
0.1876
0.0000
0.0000
0.0000
0.0000
0.0000
1.5968
3.0521
0.0000
4.2950
0.7438
0.7242
2.9201
0.0000
0.0000
0.0000
0.0000
0.0000
2.9961
0.9959
0.0000
3.3287
0.0000
0.0000
0.0505
2.2341
0.9097
0.8265
0.0000
0.0000
0.0000
1.7327
0.0000
2.1301
1.3708
0.0000
0.0000
0.5715
1.5315
1.3099
0.4052
0.0000
0.3400
0.0000
0.0000
0.8286
0.8374
0.0000
0.0000
0.0000
1.2479
0.0000
2.3344
0.0000
0.4739
0.0000
0.0000
0.2899
0.3306
2.7579
0.0634
0.0000
0.9387
2.7322
0.0000
0.7091
0.0000
0.0000
0.0000
1.0955
1.8184
0.0000
0.0000
0.7176
0.0000
2.8566
0.0000
0.0000
0.0000
0.0000
0.3881
0.8843
1.1188
1.4370
2.0215
0.0000
3.1544
2.5187
0.0000
0.0000
0.0000
0.5447
0.0000
0.0000
0.0000
0.0000
1.2383
1.1831
0.0000
0.0000
0.0000
0.0000
0.0000
2.7258
0.0000
0.9293
0.0000
0.8901
0.0000
0.0000
0.0000
0.5629
1.3787
0.0000
0.1267
0.0000
1.1478
1.5640
1.5757
2.1223
0.0000
0.0000
0.4245
0.0000
0.0000
0.0000
0.0000
0.0000
0.0000
0.0000
0.0000
0.0000
1.5234
0.0000
0.0000
0.5139
0.0000
0.0000
0.0000
0.0000
0.7870
0.1685
0.0024
0.0000
0.7855
1.0759
1.9558
1.4129
0.0000
3.3433
0.3042
0.0000
0.0000
0.0000
0.0000
0.0000
1.4669
0.0000
0.2236
4.7984
1.3133
0.0000
2.9631
0.3542
3.0008
0.1997
0.0000
2.3635
0.8407
0.0000
0.0000
0.0000
0.0000
0.0000
0.0000
1.8232
0.9728
0.3790
0.0000
0.0000
1.5185
0.0000
0.0000
0.4176
0.0000
0.0000
0.0000
0.0000
0.1151
0.0000
