0.8412
0.0000
0.4768
0.0000
0.0000
0.0000
0.0000
0.0000
0.0000
1.3446
0.1289
0.0000
1.0205
0.2900
0.0000
0.0000
0.0000
0.0000
0.0000
0.0000
0.4129
0.0000
2.6195
0.5957
1.1357
1.4569
0.0000
2.0500
0.0000
0.0000
0.0000
0.0000
1.9349
0.0000
1.8786
0.0000
0.0000
0.0000
2.0679
0.6406
0.0000
0.3372
0.0000
0.0000
0.0000
0.0000
0.0000
0.0000
0.6318
0.0000
0.0000
0.0000
0.0000
0.0000
0.0000
0.0000
1.4501
0.0000
0.0000
0.0000
0.0000
2.8212
0.0000
1.3272
0.0000
0.0000
0.0000
1.1936
0.0000
0.0000
1.7686
1.6601
0.0000
0.0000
0.0000
1.1768
0.0000
0.0000
0.4210
0.5321
0.0000
0.0000
0.0000
0.0000
0.0000
0.0000
0.6761
1.4745
0.3198
0.0000
0.9342
0.0000
1.3747
1.8849
0.0000
0.0000
0.0000
0.0000
1.3488
0.0000
0.0000
0.0000
0.0924
0.0000
0.7575
0.2688
0.0000
0.0000
2.3560
3.0532
0.0000
0.0000
0.8336
0.0000
0.0000
0.0000
0.4550
0.0000
0.0000
0.0000
2.6346
0.4883
1.6222
0.1267
0.0000
0.0000
0.1597
1.7939
0.0000
0.1612
0.0000
0.0000
0.0000
0.0000
2.6319
1.1109
1.1224
1.9302
0.0000
2.4261
2.5603
0.0000
1.9231
0.5177
1.2192
0.0000
0.3176
1.0844
0.0000
0.0000
0.0000
2.4912
0.3649
1.0776
0.0000
0.0000
0.0000
0.8282
0.3927
0.0000
2.0790
0.0000
1.0600
0.0000
0.0000
0.0000
0.0000
0.0000
0.0000
1.7819
0.0000
0.0000
0.0000
0.0000
0.0000
0.0000
0.0000
0.0000
0.0000
3.6663
1.1062
2.6099
0.0000
0.0000
0.0000
0.0000
0.1120
0.0000
2.5087
0.5799
0.0000
0.0000
0.0000
0.7736
0.1002
0.0000
0.0000
0.3694
2.0876
3.2217
0.0000
0.2607
0.0000
0.0000
0.1956
0.0000
0.0000
1.1718
0.1381
0.0000
0.0000
0.0000
0.2676
0.0000
0.0000
0.0000
0.0000
0.0000
0.0000
0.0000
0.0000
0.0000
0.0000
0.0000
1.9533
0.0000
0.0000
0.6377
0.2616
0.1609
0.0000
0.6100
0.0000
0.0000
0.4050
0.0000
2.9975
0.0000
2.1600
0.0000
0.0000
0.0000
1.2767
0.0000
0.0000
0.0000
0.0000
0.0000
0.3357
0.0000
0.0000
0.0000
0.0000
0.5396
0.0000
0.8988
0.0000
0.0000
1.5499
0.0000
0.0000
0.0000
0.0000
0.0000
0.0000
0.0000
0.0000
0.0000
0.0000
0.1783
2.2528
0.6115
0.0000
1.3371
0.2634
0.0000
0.7470
0.7545
0.2853
0.0000
1.8482
0.0000
0.3708
0.0000
0.0000
0.0000
0.0000
0.0000
0.0000
0.0000
0.2250
0.0000
0.0000
0.0000
1.5622
0.0000
0.0000
0.6440
0.0000
2.1964
0.0000
0.0000
0.0000
0.1820
0.6180
0.0000
0.4885
0.0000
0.0000
0.0000
0.0000
0.9844
0.0000
0.2375
2.0780
0.0000
0.0000
0.0000
0.7519
1.3993
0.0000
2.1785
0.6956
0.9999
0.0000
3.4157
0.0000
1.8508
0.0000
1.3691
0.0000
0.0000
0.0000
0.0000
0.0000
1.3750
0.8855
0.0000
0.0000
1.5442
0.0000
0.0000
0.0000
0.0000
0.0000
3.1534
0.0000
0.0346
0.0000
0.0000
0.0000
1.6857
0.9138
0.0000
0.9362
0.4713
0.1021
0.0000
0.2901
0.0000
0.0000
0.0000
0.0000
0.0000
0.0000
0.8910
0.0000
0.0000
0.0000
0.0000
0.0000
1.2627
0.0000
0.0000
0.0000
0.0000
0.0000
1.2311
0.0000
0.0000
2.2730
0.0000
1.2692
0.0000
0.0000
0.0000
1.6245
0.0000
0.0000
0.0000
2.6194
0.0000
0.0000
0.0000
0.0000
0.9032
0.0000
0.0000
0.0000
1.2793
0.0000
1.5781
0.0000
0.0000
0.0000
0.5567
0.0000
0.0000
1.4197
0.0000
0.0000
0.0000
0.0000
1.0359
0.6045
0.9745
0.0000
0.0000
0.8658
0.0000
0.0000
0.0000
1.5280
0.0000
0.0000
0.0000
1.1905
1.3404
0.0000
0.8457
0.0000
0.0000
0.0000
0.0304
0.0000
0.0000
1.8360
0.0000
1.7174
0.0000
2.5438
0.0317
0.0000
0.0000
2.1247
1.7706
0.0000
0.0000
3.5529
1.7319
0.0000
0.0000
0.0000
0.0000
0.0000
0.8334
0.0000
0.6659
0.8138
0.0000
0.3885
0.0000
0.4810
0.0000
0.0000
0.0000
0.2948
0.0000
0.0000
0.0000
0.0000
2.0706
0.1113
0.0000
0.0000
2.1235
1.1110
0.0000
0.0000
0.0000
0.0000
0.0672
0.2452
2.0583
0.9259
0.7861
0.0000
1.0457
0.0000
0.5755
0.0000
0.0000
0.0000
0.0000
1.3815
0.0000
0.0000
0.0000
0.8960
0.0000
0.0000
0.0000
2.6925
0.0000
0.8004
0.3500
0.0000
0.0000
0.0000
1.4974
2.0236
1.8075
0.0000
1.5670
0.0000
0.0000
0.0000
0.3823
2.2374
0.0000
0.0000
1.5848
0.0000
0.1104
1.0328
0.0000
1.2174
0.0000
0.0000
0.0000
0.8018
0.0000
0.3375
0.0000
0.0000
1.7670
0.0000
0.1999
0.0000
0.0000
0.0000
0.2878
0.0000
0.0450
0.0000
0.0000
0.0000
1.1105
0.0000
0.0000
0.0000
1.5930
0.0000
0.0000
0.3059
0.0000
0.1997
0.0000
0.0000
0.0000
0.0000
1.5221
0.0000
0.0000
0.7956
0.3653
0.0000
0.0000
0.0000
0.0000
0.0000
0.0000
0.0000
0.0000
0.0000
0.0000
0.0000
1.1693
0.0000
0.0000
0.2185
0.0000
0.0000
0.0000
0.0000
0.0000
0.0000
0.5332
1.1794
0.0382
0.7665
0.9651
0.0000
0.0000
0.0000
0.0000
0.0000
0.0000
1.6024
0.0000
0.0000
2.2651
0.0000
0.0000
0.0000
1.4060
1.0623
0.0000
0.0000
0.4847
0.2077
0.0000
0.0000
2.2002
0.0000
1.6577
1.8994
0.0000
0.0967
0.0000
0.7147
0.0000
0.0000
0.0000
0.0000
0.0000
0.0000
0.9152
0.0000
0.0000
0.0000
0.0000
0.0000
0.8665
1.2880
0.6009
0.0000
1.4180
0.0000
0.0000
0.3658
0.4330
0.0000
0.0000
0.9120
0.0000
0.0000
0.0000
1.0940
0.0000
0.0000
1.3769
1.7813
0.1893
0.0000
0.0000
0.0909
0.0000
0.0000
0.9448
0.0000
0.9103
0.7245
0.0000
0.0000
0.0000
0.0000
0.0000
0.0000
0.0000
0.8616
0.0000
0.0000
0.0000
0.0000
1.5126
0.7790
0.0000
0.0000
0.0000
0.0000
0.0000
0.0000
0.0000
0.0000
0.1755
0.0000
0.5025
0.0000
2.2392
0.5159
0.0000
2.7185
0.0000
0.0000
0.0000
0.0000
0.0000
1.0411
0.0000
2.6722
0.0000
0.0000
0.0000
0.0000
0.5611
0.0000
0.0000
1.1581
2.6691
0.0000
3.6526
1.1103
1.5824
0.0000
0.0000
0.2922
1.0220
0.0000
0.0000
0.0000
0.0000
0.6568
1.7736
0.2289
0.0000
1.5756
0.0000
0.6798
2.1236
0.0000
0.0000
0.6354
0.7642
0.0000
0.0000
0.0000
0.6277
0.0000
2.4625
0.0000
0.1393
0.0000
1.5485
0.0000
0.0000
0.6250
0.0000
1.5585
0.0000
0.0000
0.0000
0.0000
0.0000
0.2489
0.0000
0.0000
0.0512
0.0000
0.0932
0.0000
0.0000
2.2552
0.0673
0.0000
0.0000
0.0000
0.2659
0.0000
0.0000
0.7805
0.0000
0.2458
0.0000
0.0000
0.0000
0.0000
0.0000
1.4624
0.1831
0.9128
0.1911
0.0000
0.0000
0.0000
0.0000
0.2798
0.0224
0.0000
0.0000
0.0000
0.0000
1.0565
0.5919
0.0000
0.0000
0.0000
0.6171
0.0000
0.0000
0.0000
0.0000
3.4902
0.0000
0.0000
0.0000
0.2083
0.0000
0.0000
0.0000
0.0000
0.3061
0.0000
0.4216
0.0000
0.0000
1.3145
0.0000
0.0000
0.9397
1.1344
0.0000
0.7723
0.0000
0.0000
0.0000
0.0000
0.0000
0.9128
0.0000
0.2091
0.0000
0.0000
0.0000
0.0000
0.5631
1.1439
0.1331
0.0000
0.0000
0.0000
0.0000
0.0000
0.0000
0.0000
0.0000
0.0000
0.0000
0.4084
0.0000
0.0000
0.2766
0.0000
0.0000
0.0000
0.0000
0.0000
0.0000
0.0000
0.0000
0.5786
0.0000
0.0000
1.1457
0.0000
0.0000
2.1012
0.0000
0.0000
0.0000
0.0000
0.0000
2.1835
0.0000
0.0000
0.0000
0.0000
1.9766
0.8076
0.0000
0.0000
0.0000
0.0000
0.0000
0.0000
0.0000
0.1001
0.0000
0.0000
0.0000
0.0894
0.0000
1.0631
0.0000
0.6420
0.0000
0.0000
1.2838
0.3975
0.0000
0.0000
0.0000
0.0000
0.0000
0.0000
0.0000
0.0000
0.0000
0.0000
0.0916
0.0000
0.0000
2.8122
0.0000
0.0000
0.0000
0.0000
0.0000
0.0000
0.0000
0.0000
0.0000
0.0000
0.0000
0.0000
1.0943
1.1702
0.0000
0.0000
0.0000
0.0000
0.0000
0.4566
0.3218
0.6391
0.3462
0.0000
0.0749
0.0000
0.0000
0.0000
0.0000
0.0000
0.0000
1.8297
1.5984
0.0000
0.3200
0.0000
4.6575
0.4079
0.0000
0.0000
0.0000
0.0000
0.2663
2.2864
0.0000
0.0000
0.0000
0.0000
0.9050
0.2984
0.8355
0.4612
0.0000
0.0000
0.8781
1.1033
0.0000
1.0156
0.0000
0.0000
0.0000
0.0000
0.0000
0.7657
0.0000
1.0920
0.0000
0.0000
0.2910
0.0000
0.1137
1.6071
1.7162
1.0875
0.0000
0.0000
0.0000
0.1769
0.0000
0.0000
0.0000
0.0000
0.9393
0.0000
0.0000
0.3378
3.3788
0.4451
0.0000
0.0000
0.8456
0.0000
0.8143
0.0000
0.0000
0.0000
2.0761
0.0000
0.4497
0.0000
3.1853
0.0000
0.0000
0.6604
3.0544
0.0000
1.3161
0.0000
0.9963
0.0000
0.1136
0.0850
1.5059
2.0159
0.0000
0.0000
1.7811
0.7923
0.0000
1.1839
1.4112
0.4550
0.0000
1.3286
0.0000
0.0000
0.0000
0.0000
2.8565
0.0000
0.0000
0.0000
0.0000
0.8376
0.0000
0.0000
0.0000
0.9725
0.0000
0.0000
0.0000
0.0000
0.0000
0.0000
0.0000
0.0000
0.0000
0.0000
0.0000
2.4920
0.0000
0.0000
0.7022
0.8994
0.0000
0.0000
0.0000
2.1279
0.0000
0.0000
0.0000
0.0000
0.0000
0.8029
0.0000
0.0000
0.0000
0.0000
0.0000
0.0000
0.0000
0.0000
0.2370
0.0000
0.2076
0.0000
0.0000
0.1378
1.3581
0.0000
0.0000
1.4240
0.0000
0.0000
2.1982
0.0000
0.3098
0.0000
0.7737
0.0000
0.0000
2.2659
0.0000
0.0000
0.0000
0.0000
2.2524
0.0000
0.0000
2.4369
0.4033
0.8240
0.0000
0.9949
0.0000
0.0000
0.4754
0.0000
1.3431
0.0000
0.0000
1.2307
0.0000
0.7881
0.0000
0.0000
0.0000
0.0000
0.4857
0.0000
0.0000
0.0000
0.0000
0.0000
0.0000
0.0000
0.0000
0.0000
0.0000
0.0000
0.0000
0.0008
1.4009
2.1092
0.0000
0.0000
0.0000
0.6233
0.3219
1.2197
0.0000
0.0000
0.0000
1.4564
0.0000
0.0000
0.0000
0.0000
0.2756
0.0000
0.2536
0.0000
0.0000
2.5828
0.0000
0.2475
0.0000
2.5352
0.0558
0.0000
0.1437
2.0359
1.3247
0.0000
0.1522
0.0000
0.0000
0.0000
1.2510
0.0000
0.0000
0.0000
0.0000
0.0000
0.0000
1.1057
0.0000
1.2134
0.4623
0.0000
0.0000
1.1234
0.0000
0.0000
0.5415
0.0000
0.0000
1.0418
2.4176
0.0000
0.0000
0.4027
0.0000
1.4029
0.0000
0.0000
0.0000
2.1719
1.0130
1.0402
0.0000
0.0000
0.0000
0.0000
0.0000
0.9237
0.0000
0.0785
0.0000
0.3693
3.1857
0.0148
0.3621
0.0000
0.0000
0.1889
0.0000
0.0000
0.0000
0.0000
0.1144
0.0000
0.0000
0.9637
0.0000
0.0000
0.0000
0.0000
0.0000
0.0000
0.5600
1.2063
0.0461
0.0000
0.0000
1.8186
0.0000
0.0000
0.0000
1.6780
0.0000
0.0000
0.0000
0.0000
2.4255
0.0878
0.3348
0.0000
0.0000
0.0000
0.0000
0.2357
0.0000
0.0000
0.0000
0.0000
0.0000
0.0000
1.3801
2.9022
0.0000
0.9718
0.8196
0.0000
0.0000
0.8448
1.7404
0.0000
0.9120
0.5648
0.0000
0.0000
0.0000
2.2999
0.0000
0.0000
0.6458
0.0000
0.9387
0.0000
0.0000
0.0000
0.5980
2.0975
0.0000
0.0000
0.0000
0.6700
0.0000
1.6532
0.0000
0.0000
2.8392
0.0000
0.0000
0.0000
0.0000
0.0000
0.0000
0.7519
0.0000
0.9731
0.6393
0.0000
0.0000
0.0182
0.0000
0.0000
0.6161
0.0000
0.0000
0.0321
1.6620
0.0000
0.3161
0.0000
0.0000
0.0000
0.0000
0.0000
1.1857
0.1813
1.5558
0.0000
0.7574
0.0000
0.0000
0.0000
0.0000
0.0000
0.0000
0.0000
0.0000
0.0000
0.0000
0.0000
0.1168
0.0000
0.0000
0.0000
0.0945
0.0000
0.8864
0.0000
1.2784
0.0000
1.1781
0.0000
0.0000
1.3758
0.9411
0.8393
0.0000
0.0000
0.0000
2.0973
2.9270
0.0000
1.8573
0.0000
0.0000
0.0000
0.0000
0.0000
0.0000
0.8533
0.0000
0.0000
0.0000
0.4456
1.5387
1.0271
0.0000
0.0000
1.3010
0.0000
0.2949
0.7681
0.0000
1.8274
0.0000
0.0000
3.2985
0.5401
1.6073
1.1360
2.8504
1.1784
0.8479
0.0000
0.0000
0.0000
0.4757
0.0000
0.6729
0.0000
0.0000
0.0000
0.1958
0.0000
0.9292
0.0000
0.0000
0.0000
0.9203
1.6209
0.6001
0.0000
1.0475
0.0000
0.0000
2.1797
0.2590
0.0000
4.2650
0.0000
0.0000
0.0000
0.9911
0.0000
0.0780
0.0000
0.3875
0.0000
0.0000
0.6344
0.0000
0.0000
0.0803
0.0000
0.0000
0.6674
0.0000
0.0000
1.5452
0.0000
2.3970
0.0000
1.0263
0.0000
0.0000
0.0000
0.1592
0.0000
1.4553
0.0000
0.0703
0.0000
0.0000
0.4585
1.8007
0.0000
0.0000
0.0000
0.0502
0.0000
0.0000
0.0000
0.0000
0.0000
0.0000
0.3477
0.0000
0.5229
0.0000
0.9765
0.0000
0.0000
0.0000
1.0847
0.0000
0.0000
2.5935
2.9708
2.0431
0.0000
1.0821
0.0000
0.1121
0.0000
0.6866
0.5862
1.4371
0.5754
0.0000
0.0000
0.0000
0.0000
0.0000
0.0000
1.3548
0.0000
0.7559
0.0000
0.0000
0.0000
0.0000
0.0000
0.0000
2.4687
1.1579
1.7049
0.0000
0.0000
0.0000
0.0000
0.0000
1.5674
1.6413
0.0000
0.0000
0.0000
1.8924
0.0000
0.3840
1.3126
1.1615
0.0000
0.0000
0.0000
0.0000
0.0000
0.0000
0.0000
1.0936
0.8068
1.7221
0.0000
0.0000
0.0000
0.0000
0.0000
0.0000
0.0000
0.4803
0.0000
0.0000
0.0000
1.2995
0.0000
0.0000
0.0000
0.0000
0.7815
0.0000
0.0000
0.0000
0.0000
0.7684
0.0000
1.2348
0.0000
0.0000
0.0000
0.2778
1.0470
2.1410
0.0000
0.0000
0.0000
0.0755
0.0000
1.2908
0.0000
0.0000
0.0000
0.0364
0.0000
0.0000
0.0000
0.0000
0.0000
0.0000
0.0000
0.0524
0.0000
0.1703
1.3014
0.5879
1.0135
0.0000
1.8108
0.0000
0.0000
0.0000
0.0000
2.1925
1.5641
0.3757
0.6919
2.3222
0.6861
2.0827
0.0000
0.0000
0.3399
0.0000
0.0000
0.0000
0.0000
0.0000
0.0028
0.9963
0.0000
0.9288
1.4886
2.0879
1.2167
0.0000
2.5200
0.6098
0.0000
0.0000
0.0000
0.0000
0.0000
0.0000
0.0000
1.0752
2.7350
0.0000
0.7129
0.0159
0.1948
0.0000
0.0000
0.3949
0.0000
0.0000
0.0000
0.0000
0.0000
0.0000
0.9943
0.0000
1.2780
0.0000
1.5008
0.0000
0.0000
0.0000
0.0993
0.0000
0.0000
0.1356
0.9998
0.5586
1.9545
0.0000
0.0000
0.0000
1.7209
1.4974
1.4643
0.0000
0.0000
0.0000
0.1912
0.0000
0.2342
0.0000
0.7758
0.0000
2.0463
0.0000
0.0000
0.0000
0.0000
0.6370
0.0000
0.0000
0.0000
0.0000
0.0000
0.0000
0.8306
0.0000
0.0000
0.0000
0.0000
0.0000
0.0000
0.0000
0.0000
0.0000
1.3868
0.0000
0.0000
0.1503
0.0000
1.1240
0.0000
0.0009
0.0000
0.0000
0.0000
1.1473
0.0000
0.0000
0.0000
0.0000
0.0000
0.4235
1.4879
1.2557
0.0696
1.4589
0.6289
2.1623
0.0000
0.7749
0.5616
0.0000
1.0506
0.0000
0.0000
0.0000
0.0000
0.1424
0.0000
0.0000
0.3770
2.7330
0.0000
2.3244
0.1507
0.7440
0.0006
0.0000
0.0000
0.0000
0.0000
1.3967
0.5441
2.3636
3.2223
0.0000
0.0000
0.0000
2.3462
0.0000
0.0000
2.3309
1.6929
0.0000
0.2480
0.0000
2.6694
1.0765
0.0000
1.3632
0.9114
0.6403
0.4274
0.0000
0.0000
0.0000
0.0000
0.0000
1.2108
1.8448
2.7748
0.0000
0.0000
2.4541
0.3331
0.9719
0.0000
0.0000
0.0000
0.3429
0.6683
0.0000
0.5311
0.0000
0.0000
0.0000
1.6623
0.0000
1.5477
0.0000
0.4156
0.3531
0.0000
0.0000
0.0000
0.0000
0.1784
1.9527
0.0000
0.4843
0.9122
0.0000
0.0000
2.3476
0.0000
0.0000
0.6179
0.0000
0.9793
0.0000
0.0000
0.0000
0.2515
0.3513
0.0000
0.0000
0.0000
1.6484
0.0000
0.0000
0.0000
0.0000
1.9855
0.0000
3.1745
0.9843
0.0000
0.0000
0.0000
0.0000
0.0000
0.2768
0.0000
0.8265
0.0000
0.8275
0.0000
0.3036
0.0000
0.0000
0.4737
0.0000
0.0000
0.0000
0.0000
0.0000
0.4601
0.0000
0.8685
0.0000
0.0000
2.1063
0.0000
0.0000
0.0000
0.0245
1.0093
0.0000
0.0000
0.0000
0.0000
0.8319
0.0000
0.8215
0.0000
0.0000
0.0000
1.1069
0.0000
0.0000
0.0000
0.0000
0.1164
0.0000
1.1911
0.0000
1.5306
0.0000
0.5939
0.0000
0.0000
0.0000
0.0000
0.0000
0.0000
0.0000
0.8126
0.8449
1.4098
1.4887
0.0000
0.0000
0.0000
1.8535
0.0000
0.0000
0.0000
0.0000
0.0000
0.1276
1.6694
1.2229
0.0000
0.0000
0.0000
1.2958
0.0000
1.2202
0.0000
0.1316
0.0000
1.5228
0.0000
0.0000
0.2838
0.4670
1.8732
1.3747
0.0000
2.9861
1.0000
0.0000
0.0000
0.0000
4.2801
0.5549
0.0000
0.0000
0.0000
0.0000
0.0000
0.0000
0.3276
0.0000
0.0000
0.0000
0.0000
1.7316
0.0000
0.0000
0.0000
0.0000
0.0000
0.0000
0.0000
2.3670
0.0000
0.0000
0.0000
1.1921
1.1005
0.0000
0.8014
0.0000
0.0000
0.0000
0.0000
0.0000
3.1091
0.0000
0.0000
3.0004
2.9663
0.0000
0.0000
1.4160
1.3943
0.8612
0.1545
0.0000
1.1557
0.0000
0.0000
0.0000
0.0000
0.0000
0.0000
0.5108
0.0000
0.0000
0.4349
0.5028
0.0000
0.4501
0.0000
0.0000
0.0000
0.0000
0.1770
0.0000
0.3391
0.0000
1.7686
1.2622
0.0000
0.0570
0.0000
0.0000
0.0000
1.8092
1.5694
0.0000
0.0000
0.0000
0.0000
1.7876
1.0154
1.8587
0.0000
0.0000
0.0000
0.0000
2.8957
0.0000
0.4196
0.0000
0.0000
0.0663
0.0000
0.0000
0.0000
0.0000
0.0000
0.0000
0.0000
1.1860
0.0000
0.0000
0.7511
1.8858
0.0000
0.0000
0.0000
0.0000
0.1316
0.1086
0.0000
1.4429
0.0000
0.0000
0.0000
2.0027
0.0000
0.1336
0.8496
1.3283
0.0000
0.0000
0.0000
0.0000
0.0000
0.0000
0.0000
0.0000
0.0000
0.3601
2.6400
0.1823
0.3831
0.0586
0.4930
0.0000
0.0000
0.0000
0.9448
0.0000
0.0000
0.7729
0.0000
0.5785
0.0000
0.0000
0.0000
0.0000
0.0000
0.8682
0.0000
1.7029
0.0000
0.0000
0.0000
0.8670
1.0383
0.0000
0.0000
0.0000
0.0000
0.1205
0.0000
0.0000
0.0000
0.0000
1.6939
0.4017
0.0000
0.3723
0.0000
0.0000
0.0000
0.0000
0.0000
0.0000
0.0000
2.6331
0.0000
0.2809
0.0000
0.2006
0.0000
3.2758
0.0000
1.3131
0.3522
0.0000
0.0000
0.0000
0.0000
1.6811
1.7183
0.3441
1.2913
0.0000
0.1677
0.0000
0.0525
1.7756
0.0000
0.0000
0.0000
0.0000
0.0000
0.0000
0.0000
0.0000
0.0000
0.1561
0.0000
0.0000
0.0119
0.7338
1.6123
1.3360
2.0210
0.0000
0.7682
0.0000
0.0000
0.0000
0.0000
0.3607
0.0000
1.6435
1.7256
0.7941
0.0000
0.0000
0.0000
0.2792
0.0000
0.0000
0.0000
0.0000
0.0000
0.0000
0.0000
0.0000
0.0000
0.0000
0.0000
0.0000
1.9329
1.9748
0.0000
0.0000
0.0000
0.0000
0.3050
0.0000
0.0000
0.0000
0.9568
0.0000
0.0000
0.0000
0.2801
0.8856
0.0000
0.0000
0.0000
0.0000
0.4739
0.0000
0.0375
0.0000
0.0000
0.0000
0.0000
0.0000
0.6279
0.0000
0.7779
0.0000
1.3632
0.0000
0.5738
0.0000
0.0000
0.8754
2.7232
0.0000
0.0000
0.0000
0.0000
0.0000
0.0000
3.7789
0.0000
0.0000
0.0000
2.0361
1.6963
0.0000
0.0000
0.0000
0.0000
1.5377
0.0000
0.4634
0.0000
0.4587
0.3723
1.1062
0.7662
0.0000
0.5072
0.0000
0.0000
0.5575
0.0000
0.0000
0.0000
0.0000
0.1771
0.0000
0.3060
0.0000
0.0000
0.0529
0.0000
0.0000
0.8312
0.0000
0.0000
0.0000
0.0000
0.0000
0.0000
0.0000
0.0000
0.0000
1.1788
0.0000
0.0276
1.9031
0.0000
0.0000
0.0000
0.0000
1.6903
0.5713
0.0000
0.5448
0.0000
0.0000
0.0000
1.5198
0.0000
0.2908
0.1484
0.0472
0.0000
0.4373
0.0000
0.0000
0.0000
1.4960
0.0000
0.0000
0.0000
0.0000
0.0000
0.6500
0.0000
0.0000
0.8454
0.0000
0.0000
0.0000
2.3067
0.0000
0.0000
0.3427
1.3999
0.0000
0.0000
0.0000
0.8380
0.0000
0.0000
0.0000
0.9069
1.0903
0.2349
0.0000
0.1173
0.0000
1.5112
5.7469
0.0000
0.0000
1.1053
0.0000
0.8969
0.0000
0.1382
0.0000
0.0000
0.0000
0.0000
0.0000
0.0000
0.0000
0.0000
0.0000
0.0000
0.0000
0.0000
0.0000
1.9388
0.0000
0.0000
0.5059
0.0000
0.0000
1.9907
0.0000
0.0722
0.7096
0.1470
0.1019
1.3542
1.5342
0.0000
0.0000
3.3103
0.0000
0.0000
0.0000
1.3256
0.0000
0.0000
1.1685
0.0000
0.0000
0.0000
0.7555
0.0000
1.8055
0.0000
0.2935
1.3142
0.0000
0.6159
0.0000
0.4568
2.1745
0.0000
0.0000
0.4535
0.0000
0.0000
0.0000
1.2883
0.0000
1.8704
1.0512
0.0000
0.0000
0.4882
0.0000
0.0000
0.0000
0.0000
0.8845
0.3000
0.0000
0.0000
0.0000
0.1471
0.0000
0.0000
2.2531
0.0000
0.0000
2.0854
0.0000
0.0000
0.0000
0.0000
0.4925
0.0000
0.8853
0.0000
0.2611
0.0000
0.0000
0.0000
1.2549
0.9090
0.0000
0.0000
0.0000
0.0000
0.8561
0.1861
0.0000
1.0031
0.0000
0.0000
0.0000
0.0000
0.3681
0.0424
2.6908
0.0000
2.0766
0.0000
0.0000
0.0000
2.2720
0.6702
0.3549
0.0000
1.0474
0.5979
0.6630
0.0000
0.0000
0.0000
0.0000
0.0000
0.0000
3.2827
1.5737
0.0000
0.0000
0.0000
2.7102
0.0000
0.6477
0.0000
0.1581
0.0000
0.0000
0.8190
0.0000
1.0171
0.3581
0.0000
0.1997
0.0000
0.1752
0.2985
0.0000
0.0000
0.0000
0.8923
0.0000
0.0000
0.0000
0.0000
0.0000
0.0000
0.0000
1.1894
0.0000
0.3006
0.0000
0.0000
0.0000
1.8210
0.0000
1.2476
0.0000
0.1161
0.7796
0.0000
1.0176
1.3048
0.9684
0.0000
0.1328
0.0000
0.0000
0.0000
0.0000
0.0000
0.0000
0.0000
0.6777
0.0000
0.0000
0.0000
0.0584
0.0000
0.0000
0.0000
0.0000
0.0000
1.0007
0.0000
0.0000
0.0000
0.0000
0.0000
1.8273
0.0000
0.0000
0.0000
0.0000
0.0000
0.0000
0.0000
0.0000
0.0000
0.0000
0.0000
2.8977
0.0000
0.0000
1.9155
0.0000
0.0000
0.0000
0.2929
0.9401
0.0000
0.0000
0.0000
0.0000
0.0000
0.1939
0.0000
0.0000
0.5587
2.1142
0.0000
0.0000
2.4475
0.0000
0.7601
0.0000
0.0000
0.0000
0.0000
0.0000
1.4404
1.4276
1.9123
2.2786
0.0000
2.3989
1.1265
0.0000
0.0000
0.0000
1.6360
0.0000
1.3397
0.0000
0.0000
0.0000
0.0000
0.0000
1.2319
0.0000
0.0000
0.8165
0.0000
0.0000
0.0000
1.1654
0.4004
0.0000
0.0000
0.9379
0.0000
0.0000
0.0000
1.3679
0.0123
2.2421
0.0000
0.0000
0.0000
0.0000
0.0000
0.2180
3.0440
1.2149
2.5093
0.0000
1.3037
2.5145
2.0961
0.0000
0.0000
0.0000
0.0000
0.8094
1.7897
0.0000
0.0000
3.5538
0.0000
0.0000
0.0000
0.4215
0.0000
0.0000
0.5041
1.5119
0.0000
0.0000
0.0000
1.3147
0.3899
0.0000
0.6170
0.0000
0.0000
0.3236
0.0000
2.0795
0.0000
0.0000
2.3129
0.0000
0.2955
0.6127
0.0000
0.0000
3.0126
0.0000
0.0000
0.0000
0.0000
0.0000
1.1001
0.0000
0.0000
0.0000
2.3668
0.1019
0.3678
0.0000
0.0000
0.0000
0.0000
0.1045
0.0000
0.0000
0.0000
0.0000
0.0000
0.0000
0.0000
0.0000
0.0000
0.9621
1.4614
0.2123
0.0000
0.3603
0.0000
0.0000
0.0000
0.0863
0.2820
1.1981
0.2619
0.1671
0.0000
0.6636
0.0000
0.0000
1.6179
0.0000
0.6868
0.0000
1.5049
0.0000
0.0000
3.8096
0.0000
0.0000
0.1943
0.0000
0.0000
0.0000
0.0000
0.0000
0.0000
0.0000
0.0000
1.4363
0.3130
0.0000
0.0000
0.2142
3.5297
0.0000
2.5359
1.9509
0.2208
0.0000
0.3322
0.0000
0.1672
0.0000
1.3048
0.0000
0.0000
0.0000
0.0000
0.8728
0.1832
0.4573
0.0000
0.0000
0.0000
0.0000
0.0000
0.3485
0.0000
0.0000
2.0795
0.0000
0.0000
0.0000
0.3931
0.0000
0.0000
0.0000
0.0000
0.0000
1.6060
0.0000
0.0000
1.8361
0.0000
0.0000
0.0000
0.0000
0.8814
0.5384
0.0000
0.0000
2.0535
1.5095
1.7516
0.0000
0.0000
0.0000
0.0000
0.6328
0.6322
0.0000
0.0000
0.1453
0.1840
1.0482
0.0000
1.1021
3.9926
0.0000
0.0000
0.0000
0.7181
3.8591
0.0000
0.0000
0.0000
0.0000
0.0000
0.0000
0.0000
0.0000
0.7606
0.0000
0.0000
0.5803
0.2629
1.3525
0.0000
0.0000
1.2691
0.0000
0.0000
1.7331
0.0000
0.0000
0.0000
0.0000
4.9780
1.3825
0.0000
0.0000
0.0000
0.0000
0.0000
1.8721
2.5579
0.0000
0.0000
1.3329
1.4390
0.0000
0.0000
0.0000
0.0000
0.0000
0.0000
0.7412
0.0000
0.0000
0.0000
4.6643
0.0000
0.0000
0.0000
1.2630
0.7880
0.0000
0.0000
0.0000
0.4095
0.0000
0.1004
0.0000
0.0000
0.0700
0.5693
0.5781
0.0000
0.0000
0.0000
0.0000
0.0000
0.8813
0.0000
0.0000
0.2166
0.9750
1.0362
1.6464
0.0000
0.7419
0.0000
1.7840
2.7779
0.0000
0.3716
0.0000
0.0000
0.0000
1.0952
0.0000
2.4147
0.0000
0.0000
0.0000
0.0000
0.0000
0.0000
0.0000
0.0000
2.3085
0.0000
2.1626
0.0000
0.0000
0.8137
0.0000
0.0000
0.0000
0.0000
0.0000
0.0000
0.0000
1.8539
0.3524
0.0000
0.0000
1.9914
1.4906
0.6519
0.2130
0.0000
0.0000
2.5446
0.0000
0.0000
0.7388
0.0000
0.0000
0.1169
0.0000
0.0000
0.0000
0.0000
1.2458
0.0000
0.6349
0.0000
0.0000
0.1321
0.0000
0.0000
0.9270
0.8507
2.0012
0.0000
1.0771
2.0636
0.0000
2.8929
0.0776
0.0005
2.3753
1.9115
0.0000
0.0041
0.0000
0.0000
1.2191
0.0000
0.6964
0.0000
0.9299
0.0000
0.0000
0.0000
0.0000
2.0225
0.0000
2.2137
0.0000
4.3017
0.0000
0.0000
1.7198
0.6844
2.8765
0.0000
0.0122
0.0000
0.0000
2.4294
0.0000
0.0000
2.9312
0.0000
0.0000
0.1256
0.0000
0.0000
2.5265
0.0000
0.0000
3.1268
0.0000
0.7689
0.0000
0.8645
0.0000
0.0000
3.4265
0.0000
0.0000
0.0000
0.0000
0.0000
0.0000
0.0472
2.2490
0.4663
0.6273
0.8351
0.0000
1.2396
0.0000
0.0000
0.1699
0.0000
0.0000
0.0000
0.0000
0.0000
1.5286
1.5885
0.0000
0.0000
0.0447
0.0000
1.6914
0.6505
1.0076
0.0000
0.0000
0.0000
0.0000
0.0000
0.0000
1.1596
3.9444
0.0000
0.0000
1.2626
0.0000
0.0000
1.4673
0.9507
0.0000
0.0000
0.0000
1.0811
0.0000
0.0000
1.5524
0.0000
1.1826
0.0000
1.2649
1.2262
0.0000
0.0508
0.0000
0.0000
0.0000
0.6154
0.0000
0.0000
0.0000
0.0000
0.0000
0.1665
0.0000
0.0000
0.0000
0.0000
0.5961
0.0000
0.0000
0.0000
0.0000
0.0000
0.0739
0.0466
0.0000
0.5626
0.0000
0.5965
0.0000
4.3201
0.0390
1.3147
0.0438
1.1659
0.0000
0.0000
0.0000
0.0000
0.0000
0.0000
0.0000
0.2320
2.1147
0.0000
0.0000
0.0000
0.0000
0.0000
0.0000
0.0000
0.0000
0.0000
0.6838
0.0000
0.0000
0.0000
1.8180
0.0000
0.0000
0.0000
2.5331
0.1392
0.0000
0.0000
0.0000
0.0000
0.0000
0.0000
0.0000
0.0000
0.0000
0.0000
0.0000
0.2856
0.0000
0.0000
0.0000
0.0000
0.0000
0.0000
0.0000
0.0000
0.1867
0.0000
0.0000
0.0000
0.0000
0.0000
0.0000
0.5825
0.0000
0.0000
0.0000
0.0000
0.0000
0.3484
0.0000
0.0000
0.5285
0.0000
2.2143
0.0000
0.0000
0.0000
0.0000
0.0000
0.0000
0.0000
0.0000
1.3748
0.7373
0.0472
0.0000
0.0000
0.0000
0.5172
1.8637
0.0000
1.7071
0.0000
0.0000
0.0000
1.6264
1.0253
1.2991
0.0000
0.0000
0.0000
0.0000
1.7597
0.0000
1.2717
0.3453
0.0000
0.6783
0.0000
1.6408
0.0000
0.0000
0.0000
1.2887
0.0000
1.0250
0.0000
0.0000
0.0000
0.2185
0.0000
1.7722
0.5406
0.0000
1.3658
1.6245
1.3962
1.7350
0.0000
0.0000
0.0000
1.2071
1.7626
1.6892
0.0000
1.5412
0.0000
0.6115
0.0000
0.6637
0.8945
0.0000
0.0000
0.0000
0.0000
1.7855
0.4493
0.0000
0.0000
0.0000
0.0824
0.6815
0.0000
0.0000
0.0000
0.5339
0.0000
0.0999
0.0000
0.0000
0.0000
2.1210
1.2786
0.0000
0.0116
0.0000
0.0000
0.1763
1.0350
0.0000
0.0000
0.0000
1.4426
0.0314
0.0000
1.4398
0.0000
0.0000
0.0000
0.0000
0.7598
0.0000
0.0000
0.0000
0.0000
0.0994
0.0000
0.0000
0.0000
0.0000
0.0000
0.0000
0.0000
0.9938
0.0000
0.0000
0.1370
0.1065
1.0781
0.0000
3.0765
0.0000
0.0000
0.0000
0.0000
0.0000
0.0000
0.0000
0.1996
0.0000
0.0000
0.0000
0.0000
0.1497
0.0000
0.0000
0.0000
0.0000
0.7035
0.2553
0.0000
0.2648
0.0000
0.0000
0.8887
0.0000
0.0000
0.0000
0.0000
1.5009
0.0000
0.0000
0.0000
0.7940
0.9820
1.2154
0.0000
0.0000
0.0949
0.6139
0.0000
0.0000
0.0000
2.0203
0.0000
2.4327
0.0000
0.0000
0.4261
0.9091
0.0894
1.1308
0.0000
2.1032
0.9861
0.0000
0.0000
1.7895
1.0705
0.0502
0.6312
0.0000
0.0000
0.0000
0.0000
0.0000
1.4462
0.0000
1.2234
2.4085
0.0000
0.2353
0.0000
0.0000
1.8821
1.7832
0.3269
0.0000
0.0000
0.0000
0.0000
0.1483
2.1443
0.5495
0.0000
0.0000
0.5747
0.0000
0.1428
1.7254
0.8130
0.6858
0.0000
0.0000
0.2496
0.0000
1.0962
3.6332
0.0000
0.0208
0.0000
0.0000
3.4042
0.7963
0.0000
0.0000
0.0000
0.0000
0.0000
1.5389
0.0000
0.0000
2.1508
0.0894
0.0000
0.0000
0.0000
0.0346
0.3326
0.0350
0.1448
0.0000
0.0000
2.0413
1.7370
0.0000
0.9697
0.0000
0.0000
0.0000
0.0000
2.9652
0.0000
2.8294
0.0000
0.0830
2.0036
0.3384
0.0000
0.0000
0.0000
1.1452
0.0000
3.7755
0.0000
0.0000
0.0000
0.0000
0.0000
0.0000
1.3426
0.4046
1.4431
0.0000
0.0000
0.0000
0.0000
0.0000
0.1246
0.0786
4.1005
0.0000
0.0000
0.0000
0.0000
0.0000
0.0000
0.0000
0.0000
0.0000
0.3613
1.1497
0.0000
1.3075
0.7275
0.2747
0.0000
0.0000
0.0000
0.0000
0.7323
2.1666
0.0000
0.5958
0.0000
0.0000
0.0000
0.0000
0.0000
2.6743
0.0000
0.6636
0.0000
0.0000
0.0000
0.0000
0.0000
0.5408
0.0000
0.8708
0.8870
0.0000
0.0000
0.6818
0.0000
2.0668
0.0000
1.3887
0.7992
1.5756
0.0000
0.0000
0.0000
0.0000
0.0000
0.0000
2.0803
0.2044
0.0944
0.9655
0.0000
0.0000
0.0000
0.0000
1.0563
0.0930
0.0000
1.9286
3.1720
0.2597
1.4070
0.3411
0.0000
2.2440
0.0000
0.0000
0.0000
0.0000
0.4156
0.0000
0.5041
0.0000
0.0000
0.0000
0.0000
0.0000
0.0000
0.0000
0.0000
0.1414
0.0000
0.5883
0.5659
0.0000
0.0000
0.0000
3.4272
0.0000
0.0000
0.0000
0.0000
0.0000
2.1526
0.0000
0.0000
0.0000
0.0000
0.0000
0.0000
2.1617
0.0000
2.2960
0.0000
0.0000
0.0000
0.0000
1.5712
0.0000
2.1895
0.0000
0.0000
0.0000
1.1203
0.9284
0.3177
0.0000
0.0000
0.0000
0.0000
2.7917
0.0000
0.0000
0.0000
0.0000
0.0000
0.0000
0.0000
0.0000
1.6556
0.0000
0.0000
1.7616
1.7094
1.2707
0.0000
0.9579
1.1680
1.8564
0.0000
0.0000
0.0000
0.0000
0.0000
0.7027
0.4803
0.0000
0.0000
0.9657
0.2567
0.8579
1.4409
0.0085
0.0000
0.0000
0.0000
1.6769
0.0000
0.7165
0.0000
0.0000
0.0000
0.1772
3.8346
0.0000
0.0000
0.0000
0.0000
1.2557
0.0000
0.9106
0.0943
0.0000
0.0000
1.2076
0.9324
0.0000
0.0000
0.0000
1.2869
0.0000
0.7822
0.2873
0.0240
1.0597
0.4602
0.0000
0.0000
0.0000
0.0000
1.0663
0.0000
0.0000
0.0000
3.0208
0.9536
0.0000
2.7898
0.0000
0.0000
0.0000
0.0000
0.6000
0.0999
0.0000
0.0000
0.2853
1.0825
0.0000
2.4954
0.0000
0.0000
0.0000
0.0000
0.0000
2.0571
0.5413
0.0000
0.0000
0.0000
0.0000
0.0000
0.5151
0.0000
1.4937
0.0000
0.0000
0.0000
0.0000
0.0000
0.6052
0.8498
0.1564
0.9136
0.0000
0.0000
0.0000
0.0000
0.0000
0.0000
0.0000
0.8055
0.0000
1.0834
0.0847
0.0000
0.0000
1.0848
0.0000
0.4541
0.7895
0.0000
0.0000
0.0000
2.8030
0.0000
0.0000
0.0000
0.0000
0.0000
0.0000
1.6587
0.7118
0.0000
0.7575
0.0000
1.6604
0.0000
0.0000
0.0000
1.0022
0.5013
0.0000
0.0000
0.0000
0.0000
0.5922
0.0000
0.0000
0.3213
0.0000
0.0000
3.8721
0.0000
0.0000
3.0176
0.0000
0.0000
0.0000
0.0000
1.3762
0.0000
0.0000
1.1732
0.0000
0.0000
1.6086
1.6182
1.2417
0.2171
1.5974
0.0000
0.6069
0.0000
0.0000
1.6557
0.0000
0.0000
0.0000
0.0000
3.3352
0.0000
0.0000
0.2909
0.0000
0.0000
0.0000
1.1147
0.0000
0.4110
1.2014
0.0000
0.0000
0.0000
0.0000
0.0000
1.3985
0.0000
0.0000
0.0000
0.0000
0.0000
0.0000
0.0000
0.0265
0.0000
0.0000
0.0000
0.0000
0.1502
0.6391
0.0000
0.0000
0.4365
0.0000
0.6640
0.0000
0.0000
0.0000
1.1153
0.0000
0.0000
0.0000
0.0000
0.0000
0.0000
0.3099
0.7479
0.0000
0.0000
0.0000
0.9567
1.6472
0.0000
0.0000
0.0000
0.9349
0.7937
0.0000
0.0000
0.0000
3.4643
2.1968
0.0000
0.0000
0.0000
0.7539
0.0196
0.0000
0.0000
1.8675
0.5153
0.0000
0.1302
3.7184
0.0000
0.9211
0.0000
0.0000
0.0000
0.0000
2.1463
0.3631
0.0000
0.0000
0.0000
0.0000
0.4614
0.3794
0.9666
0.9943
0.0000
0.0000
0.3433
0.9348
0.0000
0.0000
0.0000
0.3596
0.2237
3.7428
0.0000
1.7521
0.0000
0.3565
1.5599
0.0000
1.1306
0.0000
2.2276
0.0000
0.8656
0.9267
0.0000
0.6529
0.4195
0.5937
0.0000
0.0000
0.5137
0.0000
0.0000
0.0000
0.9882
0.0000
0.0000
2.0373
0.0000
0.0000
0.0000
0.0000
0.5189
0.0000
0.0000
0.5542
0.0000
2.7121
1.1953
0.0000
1.1183
2.7082
0.0000
0.0000
0.3193
0.1895
4.1538
1.3686
1.9188
0.0000
0.7882
0.0000
1.0810
0.0000
0.0000
0.0000
0.0000
0.0000
1.5688
3.2384
0.2887
4.3478
0.8065
0.0000
2.1240
0.0000
0.0000
0.0000
0.0000
0.0000
2.8421
0.1471
0.0000
2.9729
0.0000
0.0000
0.0000
1.8022
1.0595
1.5992
0.0000
0.0000
0.0000
1.7002
0.5547
1.5984
0.0000
0.0000
0.0000
0.4749
1.2979
2.0032
0.3765
0.0000
0.6386
0.0000
0.0000
0.0000
0.4827
0.0000
0.0000
0.0000
0.0828
0.2166
1.6385
0.0000
0.5768
0.0000
0.0000
0.0000
1.5078
3.5462
0.0000
0.0000
1.1238
2.5324
0.0000
1.0638
0.0000
0.0000
0.1306
0.2549
1.1094
0.0000
0.0000
0.8303
0.0000
3.8831
0.0000
0.0000
0.4075
0.0000
0.1495
0.8509
1.6407
0.5371
0.8662
0.0000
2.9898
2.9881
0.6281
0.0000
0.0000
0.4725
0.0000
0.0000
0.0000
0.0000
1.4487
1.3459
0.0000
0.9449
0.0000
0.0000
0.0000
2.9317
0.0000
0.0000
0.0000
0.4114
0.0000
0.0000
0.0000
0.0531
2.0632
0.0000
0.0654
0.6779
0.5591
1.3815
1.0316
2.1692
0.0000
0.0000
1.1184
0.0000
0.0000
0.0000
0.0000
0.1212
0.0000
0.0000
0.0000
0.0000
1.1223
0.0000
0.0000
0.9421
0.0000
0.0000
0.0000
0.0000
0.5122
1.3976
0.0853
0.0000
2.3754
0.8308
1.5158
1.4560
0.7756
1.8941
0.0000
0.0000
0.9311
0.0000
0.0000
0.0000
1.4011
0.4700
0.0000
4.2039
1.6231
0.0000
2.5666
0.5707
1.8606
0.7222
0.0000
2.0104
0.9126
0.0000
0.0000
0.0000
0.0000
0.0000
0.0000
0.6668
0.9575
0.7424
0.0000
0.0000
1.6458
0.0000
0.0000
1.3548
0.0000
0.7188
0.0000
0.0000
1.0801
0.0000
