0.0000
0.0000
0.0000
0.0000
1.3624
0.3088
0.0000
0.0000
0.0000
1.4346
0.8855
0.0000
0.3103
0.0000
0.0000
0.0000
0.0000
0.0000
0.0000
0.0000
0.0000
0.0000
3.3521
0.0000
2.4678
1.0972
0.0000
2.2084
0.0000
0.0000
0.0000
0.0000
0.5388
0.0000
2.6053
0.0000
0.0000
0.0000
1.1660
0.9437
0.0000
0.0000
0.0000
0.0000
0.0000
1.5625
0.0000
0.0000
0.0000
1.2857
0.0000
0.0000
0.0000
0.0000
0.0000
0.0000
0.0000
0.0000
0.0000
0.0000
0.0000
2.5860
0.0000
2.0845
0.0000
0.0394
0.0000
0.0000
0.6164
0.0000
0.0000
3.6950
0.0303
0.0000
0.0000
0.8601
0.0000
0.0000
0.0000
0.0000
0.0000
0.0000
0.0000
0.0000
0.0000
0.0000
1.2639
1.6813
3.3624
0.0000
0.9605
0.0000
0.0000
3.2447
0.0000
0.0000
0.0000
0.0000
1.6624
0.0000
1.0290
0.0000
0.2672
0.0000
0.0000
0.0000
0.0000
0.0000
1.0919
3.3255
0.0000
0.0000
0.0000
1.0400
0.0000
0.0000
0.1150
0.0000
0.0000
0.0000
1.3387
0.9564
0.8993
0.0000
0.1190
0.0000
0.7000
0.6785
0.0000
2.0301
0.0000
0.0000
0.0000
0.0000
2.8134
0.0000
0.9456
3.4305
0.0000
3.5242
1.9823
0.0000
1.7265
0.8170
1.6536
0.0000
0.0000
1.8832
0.0000
0.0000
0.0000
0.5088
0.3543
0.0000
0.0000
0.0000
0.0000
0.5090
0.0000
0.0000
0.5848
0.0000
0.9758
0.0000
0.0000
1.7660
0.0000
1.1980
0.0000
2.0893
0.0000
0.0000
0.0000
0.0000
0.1021
0.0000
0.0000
1.6649
0.0000
5.8322
0.6041
2.7057
0.0000
0.0000
0.0000
0.0000
0.0000
0.0000
0.0000
0.5493
0.0000
0.0000
0.0000
0.0000
1.6607
0.0000
0.0000
0.2906
2.2637
2.4603
0.0000
0.0000
0.0000
0.0000
0.0000
0.0000
0.0000
0.0000
0.0000
0.0000
0.0000
0.0000
0.0000
0.4950
0.0000
0.0000
0.0000
0.0000
1.0959
0.0000
0.0000
0.0000
0.0000
0.0000
0.8501
0.0000
0.9893
0.0000
0.0000
0.0000
0.0000
0.0000
0.0000
0.0000
2.1430
0.0000
0.0000
0.0000
2.0808
0.0000
0.0000
0.0000
0.0000
0.0000
0.0000
0.0000
0.0000
0.0000
0.0000
0.0000
0.0000
0.0000
0.0000
0.0000
0.0000
1.0833
0.0000
0.0000
1.1326
0.0000
0.0000
1.2535
0.0000
0.0000
0.0000
0.0000
2.2520
0.3318
0.0000
0.1069
0.8713
0.0000
0.0000
2.0491
0.0000
0.0000
0.0000
0.0000
0.9341
0.0000
2.1063
0.8328
0.7768
0.0000
0.1454
0.0675
0.0000
0.0000
0.0000
0.0000
0.0000
0.0000
0.0000
0.1219
3.4106
0.0000
0.0000
0.0000
0.0000
2.3524
0.0000
0.0000
0.0000
0.0000
1.3337
0.0000
0.0000
0.0000
0.0000
0.0000
0.0000
1.1292
0.0000
0.2548
1.4755
0.0000
0.0000
0.0000
0.0000
0.7314
0.0000
0.4066
0.0000
0.0000
0.0000
1.9775
0.0000
0.4067
0.0000
2.5107
0.0000
0.1184
0.0000
0.0000
0.0000
1.1523
1.1646
0.0000
0.0000
3.6420
0.0000
0.0000
0.0000
0.0000
0.0000
4.7043
0.0000
0.8540
0.0000
0.0000
0.0000
2.8598
2.6257
0.0000
2.3188
1.8343
0.5770
0.0000
0.6683
0.0000
0.0000
0.0000
0.0000
0.0000
0.0000
0.0000
0.0000
0.0000
0.0000
0.0000
0.0000
0.1620
0.0000
0.0000
0.3881
0.5054
0.0000
4.4711
0.0000
0.0000
3.5809
0.0000
0.0000
0.0000
0.0000
0.0000
0.8971
0.0000
0.0000
0.0000
0.0000
0.0000
0.0000
0.0000
0.0000
0.2265
0.0000
0.0000
0.0000
0.0000
0.0000
0.4682
0.0000
0.0000
0.0000
0.0000
0.0000
0.0000
4.2023
0.0000
0.0000
0.0000
0.0000
5.9461
0.0000
0.0000
0.0000
0.0000
0.0000
0.0000
0.1253
0.0000
0.0000
0.0000
0.0000
0.0000
0.0000
0.0000
0.0000
0.0000
0.0000
0.0000
0.0000
0.0000
0.0000
0.0000
0.0000
0.0000
1.4114
0.0000
1.9347
0.2001
0.5779
0.0000
5.8152
1.5726
0.0000
0.0123
1.4065
0.0000
0.0000
0.0000
0.0000
0.0000
0.0000
0.3269
0.0000
0.9434
0.0000
0.0000
0.8542
0.0000
0.6405
0.0000
0.1270
0.0000
0.0000
0.2727
0.0000
0.0000
0.0000
1.0779
0.0000
0.5492
0.0000
0.0000
0.2340
0.0000
0.0896
0.0000
0.0000
0.8052
0.4111
1.4884
1.2917
0.3520
0.0000
1.7435
0.0000
3.7075
0.0000
0.0000
0.0000
0.0000
0.1212
0.5241
0.0000
0.0000
0.3559
0.0000
0.0000
0.0000
1.7527
0.0000
1.3612
0.0000
0.0000
0.0000
0.0000
1.4376
0.5122
0.3172
0.0000
0.4683
0.0000
1.5941
0.0000
0.0000
4.7985
0.0000
0.2925
2.9233
0.0000
0.1962
0.0000
0.0000
0.0000
0.0000
0.0000
0.0000
1.9043
0.9941
1.1570
0.0000
1.8656
1.3790
0.0000
0.0000
1.8152
0.0000
0.0000
0.0000
0.0000
0.0000
0.0000
0.0000
0.0000
0.0000
0.0000
0.0000
0.0000
0.9415
0.0000
0.0000
0.0000
0.0000
0.0000
0.0000
0.0000
0.0000
0.3334
0.8676
0.0000
0.0000
0.0000
1.6089
0.0000
0.0000
0.0000
0.0000
0.0000
0.0000
0.0000
0.0000
0.0000
0.0000
0.0000
0.3931
0.0000
0.0000
0.0000
0.0000
0.0000
0.0000
0.0000
0.0000
0.0000
2.0499
1.5626
0.0000
0.0000
0.0000
0.0000
0.0000
0.0000
0.0000
0.0000
0.0000
2.6351
0.0000
0.0000
0.7975
0.0000
0.9106
0.0000
0.0000
0.7583
0.0000
0.5311
0.0000
0.0000
0.0397
0.0000
2.7689
0.0000
0.7628
0.7521
0.0000
0.0000
0.0000
1.8550
0.0000
0.7009
0.0000
0.0000
3.1627
0.0000
0.0000
0.0000
0.0000
0.0000
0.0000
0.0000
0.1566
2.5041
2.4768
0.0000
0.0000
0.0000
0.0000
0.0000
0.0000
0.0000
0.0000
0.0000
0.0000
0.0000
0.0000
0.0000
0.0000
0.0000
0.3166
2.1230
0.0000
0.0000
0.0000
0.0000
0.0000
0.0000
0.1884
0.0000
1.1540
0.0873
0.0000
0.0000
0.0000
1.5790
0.0000
0.0000
0.0000
0.0000
0.0000
0.0000
0.0000
0.0000
0.0000
0.0000
0.0000
0.0000
0.0000
0.0000
1.0132
0.0000
0.0000
0.0000
1.6112
0.0000
2.0137
0.0000
3.1070
0.9211
0.0000
0.9292
0.0000
0.0000
0.0000
0.0000
0.0000
0.0000
0.0000
0.1827
0.0000
1.2421
0.8603
0.0000
0.0000
0.0000
0.0000
0.1119
0.3252
0.0000
3.2491
0.8186
0.0932
0.0000
0.0000
0.0000
0.0000
0.0000
0.0000
0.0000
0.0000
3.4028
0.3914
0.0000
0.0000
0.0000
0.0000
0.0000
0.0000
0.0000
0.0000
0.0000
2.2894
0.0000
0.0000
0.0000
0.9076
0.0000
2.2634
0.0000
0.0000
0.0000
0.0000
0.0000
0.0000
0.0000
0.0000
1.6640
0.0000
0.0000
0.0000
0.0000
0.0000
0.0000
0.0000
0.0000
0.0000
0.0000
0.0000
1.1137
0.0000
0.6719
0.0000
0.0000
1.4954
0.0000
0.7799
0.0000
0.0000
1.6301
0.1913
0.0000
0.0000
0.0000
0.0000
0.0000
0.0000
1.0191
1.0983
0.5181
0.0000
0.0000
0.1451
0.0000
0.1373
0.0000
1.2610
0.0000
0.0000
0.0000
0.0000
0.4383
0.0000
0.0000
0.0000
0.0000
0.0000
0.0000
0.0000
0.0000
0.0000
4.8758
0.0000
0.0000
0.0000
0.0000
0.0000
0.0000
0.5835
0.6630
0.0000
0.0000
0.0000
0.0000
0.0000
2.3394
0.0000
0.0000
2.1221
0.0078
0.0131
0.0000
0.0000
0.0000
0.0000
0.0000
0.0000
0.0000
0.0000
0.3453
0.0000
0.0000
0.0000
0.0000
0.0000
0.0000
0.5905
0.0000
0.0000
0.0000
0.0000
0.0000
1.2127
0.0000
0.0000
0.0000
0.0000
1.0408
0.0000
0.0000
0.0000
0.0000
0.7497
0.0000
0.0000
0.0000
0.0000
0.0000
0.3437
0.4349
0.7809
0.0000
1.1624
0.0000
0.1221
0.0000
0.0000
0.0000
0.0000
0.0000
0.0000
1.9444
0.0000
0.0000
0.0666
0.6635
1.7084
0.2700
0.0000
0.0000
0.0000
0.0000
0.0000
0.0000
0.0000
0.9865
0.0000
0.0000
0.0000
0.2233
0.0000
0.2387
0.0000
0.0000
0.0000
0.0000
1.1578
0.6839
0.0000
0.0000
0.0000
0.0000
0.0000
0.0000
0.0000
0.0000
0.0000
0.0000
0.6835
0.0000
0.0000
2.5800
0.9059
0.0000
0.0000
0.0000
0.3393
0.0000
0.0000
0.0000
0.0000
0.9984
0.0000
0.0000
2.9786
1.9742
0.0000
0.0000
0.0000
0.0000
0.0000
0.0000
0.0000
0.0000
0.6281
0.0000
0.0000
0.0000
0.0000
0.0000
0.0000
0.0000
0.0000
1.4517
2.1764
0.0000
0.0000
0.0000
4.4479
0.2583
0.8383
0.0000
0.0000
0.0000
0.0000
2.1652
0.0000
0.0000
0.0000
0.0000
0.0000
0.0000
0.0172
0.0000
0.0000
0.0000
1.3501
2.9700
0.0000
1.8322
0.0000
0.0000
0.0000
0.0000
0.0000
0.0000
0.0000
0.8677
0.0000
0.5520
0.9662
0.0000
2.6469
3.1767
0.0112
3.8320
0.0000
0.0000
0.0000
1.3099
0.0000
0.0000
0.0000
0.0000
0.0000
0.0000
0.0000
0.0000
2.6271
0.0000
0.0000
0.0000
0.2560
0.0000
0.9779
0.0000
0.0000
0.0000
1.6681
0.0000
1.3520
0.0000
1.9562
0.0000
0.0000
0.9706
2.1992
1.1126
1.0877
0.0000
0.1920
0.0000
0.0000
0.0000
0.0000
0.6254
0.0000
0.0000
0.0000
0.0000
0.0000
0.0531
0.0000
0.8806
0.0000
0.1213
0.0000
3.7046
0.0000
0.0000
1.2572
0.0000
0.0000
0.0000
0.0000
3.2314
0.0000
0.0000
0.0000
0.0000
0.0000
0.0000
0.0000
0.0000
0.0000
0.0000
0.0000
0.0253
0.0000
4.9987
0.7514
0.0792
0.0000
1.7602
0.2566
0.8656
2.4708
0.0000
0.4590
1.9013
0.0000
0.0000
0.0000
0.0000
0.0000
2.2907
0.0000
0.0000
0.0000
0.0000
0.0000
0.0000
0.0000
0.0000
0.1321
0.0000
0.9591
0.0000
0.0000
0.0000
1.4685
0.0000
0.0000
1.2816
0.0000
0.0000
1.0303
0.0000
0.3838
0.0000
0.0726
0.0000
1.1451
1.7661
0.0000
0.0000
0.0000
0.0000
0.0000
0.5395
0.0000
0.5561
0.0000
0.9829
0.0000
1.1117
0.0000
0.0000
0.0000
0.0000
1.2404
0.0000
0.0000
0.6714
0.0000
0.0000
0.0000
0.0000
0.0000
0.0000
0.0000
0.0000
0.0000
0.0000
0.0000
0.0000
0.0000
0.0000
0.0000
0.3759
0.0000
0.0000
0.0000
2.6942
1.3046
1.7692
0.0000
0.0000
0.0000
0.0000
1.5738
0.3825
0.0000
0.0000
1.4392
0.0000
0.0000
0.0000
0.1404
0.0000
0.0000
0.0000
0.0000
0.0000
0.0000
2.1106
0.4966
0.0000
0.0000
4.4185
0.0000
0.0000
0.5260
2.3061
3.2223
0.0000
0.0000
0.0000
0.0000
0.0000
1.5424
0.0000
0.0000
0.0000
0.0000
0.0000
0.0000
1.5923
0.0000
2.7059
0.0000
0.0000
0.0000
0.5908
0.0000
0.0000
0.1027
0.0000
0.0000
2.4322
1.0987
0.0000
0.0000
1.0258
0.0000
0.0852
0.0000
0.0000
0.0000
1.8241
0.0000
0.8876
0.0000
0.0000
0.0000
0.0000
0.0000
0.0000
0.0000
0.0000
0.0000
0.0000
4.0666
0.0000
0.0000
0.0000
0.0000
0.0000
0.0000
0.0000
0.0000
0.4867
0.0000
0.0000
0.0000
0.9907
0.0000
0.0000
0.0000
0.0000
0.0000
0.0000
0.0000
1.2121
0.0000
0.0000
0.0000
1.8798
0.0000
0.0000
0.0000
1.9429
0.0000
1.2009
0.0000
0.8326
2.9038
0.0000
0.0000
0.0000
0.0000
0.0000
1.3567
0.0000
0.0000
0.0000
0.0000
0.0000
0.0000
0.0000
1.7444
2.1469
0.0000
0.0000
0.2377
0.2452
0.0000
0.0000
1.5739
0.0000
0.0000
1.1589
0.0000
0.0000
0.0000
0.6112
0.0000
0.0000
0.0000
0.0000
0.0000
1.1378
0.0000
0.0000
0.0000
0.0000
0.0000
0.0000
0.0000
0.7803
0.0000
2.0150
0.0000
0.0000
2.1065
0.0000
0.0000
0.0000
0.0000
0.8902
0.0000
1.0183
0.0000
0.0000
1.4118
0.0000
0.0000
0.0000
0.0136
0.0000
0.0891
0.0000
0.0000
0.6007
0.6173
0.0000
0.0000
0.0000
0.0000
0.0000
0.0000
0.0000
1.0381
0.0000
0.3451
0.0000
0.9515
0.0000
0.0000
0.0000
0.0000
0.0000
0.0000
0.0000
0.0000
0.0000
0.0000
0.0000
0.0000
0.0000
0.0000
0.0000
0.0000
0.5793
0.0000
0.0000
0.0000
0.0000
0.5495
0.0000
0.0000
0.0000
0.0000
0.0000
0.0000
0.0000
0.0000
2.6082
2.3807
0.0000
0.5120
0.0000
0.0616
0.0000
0.0000
0.1414
0.0000
0.4976
0.0000
0.0000
0.0000
1.2012
1.8597
2.0091
0.0000
0.0000
0.0000
0.0000
0.0000
3.2669
0.0000
3.8337
0.0000
0.0000
0.1949
0.0000
0.6516
2.4501
3.0552
0.7764
0.0000
0.0000
0.0000
0.0000
0.0000
0.0000
0.0000
0.0000
0.0000
0.0000
0.0000
0.2156
0.0000
0.0000
0.0000
0.0000
1.3975
0.3900
0.6288
0.0000
1.6360
0.0000
0.0000
0.0000
0.0000
0.0000
2.4081
0.0000
0.0000
0.6677
1.3810
0.0000
0.0000
0.0261
0.0000
0.3381
0.0000
0.0000
0.0000
0.0000
0.0000
0.0000
0.0000
0.6893
0.0000
0.0000
1.1826
0.0000
2.8017
0.0000
0.3493
0.0000
0.0000
0.0000
0.0000
0.0000
0.0000
0.0000
0.0000
1.7521
0.0000
2.2880
0.9521
0.0000
0.0000
0.0000
0.0000
0.0000
0.0000
0.0000
0.0000
0.0000
0.0000
0.2565
0.0000
1.1977
0.0000
0.2084
0.0000
0.0000
0.0000
0.0000
0.0000
0.0000
1.2254
4.1023
1.1289
0.0000
0.7503
0.0000
0.1614
0.0000
0.6122
0.0000
1.0148
0.0000
0.0000
0.0000
0.0000
0.0000
0.0000
0.6028
1.4323
0.0000
0.8597
0.0000
0.0000
0.0000
0.7521
0.0000
0.0000
3.9685
0.1923
0.0000
0.0000
1.2539
0.0000
0.0000
1.3484
3.3153
1.3892
0.0000
0.0000
0.0000
0.8604
0.0000
0.0000
0.0000
0.0000
0.0000
0.0000
0.0000
0.0000
0.0000
0.0000
0.0000
0.9308
0.0000
0.6737
0.0000
0.0000
0.0000
0.6880
0.0000
0.0000
0.0000
0.0000
0.0000
0.0000
0.0000
2.5717
0.0000
0.0000
0.0000
0.0000
0.5623
0.0000
0.0000
0.0000
0.6509
1.2667
0.0000
1.2426
0.0000
0.0000
0.0000
0.2625
0.0000
0.0197
0.0000
0.0000
0.0000
0.0000
0.0000
4.7278
0.0000
0.0000
0.0000
0.0000
0.0000
0.0000
0.0000
0.3545
0.0000
0.0000
1.3623
0.0000
0.0000
0.8536
0.0000
0.2349
1.0304
0.0000
1.1998
0.0000
0.0000
0.0000
0.0000
2.1154
0.0000
0.0000
0.0000
0.4935
0.0000
2.9356
0.0000
0.0000
0.0000
0.0000
0.0000
0.0000
0.0000
0.0000
0.0000
0.3231
0.0000
0.0000
0.0000
0.2847
2.3841
1.0238
2.7689
0.5417
0.0000
0.0000
0.0000
0.8516
0.0000
0.0000
0.0000
2.2010
1.5824
0.0000
0.0000
0.0000
0.1897
0.0000
0.5281
0.0000
0.0000
0.0000
0.0000
0.0000
0.0000
0.0000
2.0641
0.0000
1.2524
0.0000
0.3600
0.2944
0.0000
0.8060
0.0000
0.5802
0.0926
0.0000
2.6792
1.3720
3.4694
0.0000
0.0000
0.0000
0.0000
0.0000
0.0000
1.2652
0.0000
0.0000
0.0000
0.0000
0.0000
0.0000
1.2063
0.0000
2.0591
0.0000
0.0000
0.0000
0.0000
0.0000
0.0000
0.0000
0.0000
0.0000
0.0000
0.0000
0.0000
0.0000
0.0000
0.0000
0.0000
0.0000
0.0000
0.0000
0.0000
0.0000
0.0000
0.0000
0.0000
0.0000
0.0000
0.5751
2.7996
2.6361
0.0000
0.0250
0.1287
5.2242
0.0000
0.0000
0.0000
0.1226
0.0000
0.0603
2.2841
3.3561
0.0000
1.3191
0.0000
2.9543
0.0000
1.2423
0.0000
0.1774
0.4129
0.0000
0.0000
0.8701
0.0000
0.0000
0.0000
0.0000
2.2301
0.9869
0.0000
1.7316
0.0000
0.0000
0.0000
0.0000
0.0000
0.0000
0.0000
4.5137
0.0000
0.3525
3.2798
0.0000
0.0000
1.7734
0.5113
0.0000
0.0000
1.6202
1.1557
0.0000
1.6033
0.0000
1.9379
2.2799
0.0000
2.5209
0.2047
0.0000
1.3333
0.0000
0.0000
0.0000
0.0000
0.0000
2.3877
0.5771
2.9485
0.0000
0.0000
2.5860
0.0000
2.5760
0.0000
0.0000
0.0000
0.5927
0.0000
0.0000
0.0000
0.8631
0.0358
0.6856
1.1689
0.0000
2.3795
0.0000
1.4046
0.0000
0.2034
0.0000
0.0000
0.0000
0.0000
1.1771
0.0000
0.0865
0.0000
0.0000
0.0000
4.1132
0.0000
0.0000
0.0000
0.0000
0.0000
0.0000
0.0000
0.0000
0.0000
0.0000
0.0000
0.0000
0.0000
1.8204
0.0000
0.0000
0.0000
0.0000
1.9183
0.0000
4.4812
1.6416
0.0000
0.0000
0.0000
0.0000
0.0000
0.4012
0.0000
1.3607
0.0000
0.2434
0.0000
0.0000
0.0000
0.0000
0.0000
0.0000
0.0000
0.0000
0.0000
0.0000
0.0000
0.5094
0.0963
0.1628
0.0000
1.0528
0.0000
0.0000
0.0000
0.0000
0.7339
0.0000
0.0000
0.0000
0.0000
0.3018
0.0000
1.3041
0.0000
0.0000
0.0000
0.0000
0.0000
0.9629
0.0000
0.0000
0.0000
0.0000
1.7582
0.0000
0.0755
0.0000
1.4260
0.0000
0.0000
0.0000
1.0044
0.0000
0.0000
0.0000
0.0000
2.0593
0.0000
0.8597
0.0000
0.0000
0.0000
3.5673
0.0000
0.0000
0.0000
0.0000
0.0000
0.0000
0.0000
1.7849
0.0000
0.0000
0.0000
0.4693
0.0000
0.0000
0.1948
0.6642
0.0000
1.1156
0.0000
0.0000
0.0000
0.0933
1.7829
1.6477
0.0000
0.0000
1.4309
0.0000
1.0145
0.0000
2.9780
1.9868
0.7922
0.0000
0.0000
0.0000
0.0000
0.0000
1.5807
0.0000
1.7065
0.0000
0.4038
1.0429
0.0000
0.0000
0.0000
0.0000
0.0000
0.0000
0.0000
1.7174
0.0000
0.0000
3.3823
3.1925
0.7146
0.0000
0.0215
0.0000
0.0000
0.8953
0.0000
0.0000
3.3337
0.0000
0.0000
1.9934
3.0451
0.0000
0.0000
0.2020
0.0000
1.5843
0.3407
0.0000
1.4215
0.0000
0.0000
0.0000
0.0000
0.0000
0.9582
0.0000
0.0000
0.0000
0.0000
2.6210
0.0000
2.0037
1.1157
0.0000
0.0000
0.0000
2.5154
0.0000
0.0000
0.0000
1.5486
2.2045
0.0000
0.0000
0.0000
0.0000
0.0000
0.3328
0.0000
0.0000
0.0000
0.1302
0.0000
1.0148
0.6084
1.4741
0.0000
0.0000
0.0000
0.2761
1.0098
0.0000
0.0000
0.0000
0.0000
0.0000
0.0000
0.0000
0.0000
0.0000
0.0000
0.0000
0.0000
0.3894
0.0000
0.0000
0.6526
3.0344
0.0000
1.2440
0.2832
0.0000
0.0000
0.7129
0.0000
2.6712
0.0000
0.0000
0.5582
2.8505
0.0000
0.0000
0.3363
0.0000
0.0000
0.0000
0.0000
0.0000
0.0000
0.0000
0.0000
0.0000
0.0000
0.0000
2.9263
0.0000
0.0000
0.0000
0.0000
0.0000
0.0000
0.0000
2.3293
0.0000
0.0000
0.0000
0.0000
0.0000
0.0000
0.0000
0.0000
0.0000
0.0000
0.0000
0.0000
0.0000
0.0000
0.4583
0.0000
0.3184
2.4405
0.0000
0.0000
0.0000
0.0000
0.0781
0.0000
1.9576
0.0000
0.0000
0.3247
4.0403
0.0000
2.3185
0.0000
1.2082
0.2514
0.0000
0.0000
0.0000
0.0000
0.0000
0.0000
0.0000
0.0000
1.4312
0.0000
3.1472
0.0000
0.4346
0.0000
0.0000
0.0000
1.5201
0.0000
0.2670
1.9074
0.0000
1.5881
0.0000
0.6598
0.0000
0.0000
1.9789
0.0000
0.0000
0.0000
1.0024
0.0000
0.0000
0.0000
0.0000
0.0000
0.0000
0.0000
0.0000
0.0000
0.0000
0.0000
1.7298
0.8488
0.0000
0.3752
0.0000
0.1034
0.0000
0.0000
0.0000
0.0000
0.0000
1.4474
2.5092
0.0000
0.0000
0.0000
0.5061
0.1334
0.0000
0.0000
0.0000
0.0000
0.0000
0.0000
0.1994
0.0000
0.0000
0.0000
0.0000
2.8832
0.0000
0.0000
0.1798
0.0000
0.0000
0.0000
0.0000
0.0000
0.0000
1.2052
1.2107
0.0000
0.0000
1.5510
0.8810
0.0000
0.0000
0.0000
0.0000
0.0000
1.9199
0.6319
0.0000
0.0000
0.0000
0.0000
0.0000
0.0000
0.2211
0.0000
0.0000
0.1928
0.3930
1.7089
0.0000
0.0000
0.1292
1.4437
0.0000
0.0000
0.0000
1.4932
0.0000
0.0000
0.3823
0.0000
0.0000
0.0000
2.9574
0.9887
0.0000
0.0000
0.0000
0.0000
2.6426
0.0000
0.0000
0.0000
0.5722
0.0000
1.2730
1.0212
0.0000
1.8779
0.0000
0.0000
0.0000
0.0000
0.0000
0.0000
0.0000
0.4496
0.0000
0.0000
0.0000
0.0000
0.0000
0.0000
0.0000
1.1193
0.0000
0.0000
0.0000
0.0000
0.0000
0.7543
0.0000
0.0000
0.0000
1.1020
0.0000
0.0000
1.4432
0.0000
0.0000
0.8290
0.5156
1.9955
0.0000
0.0000
0.7325
0.0000
0.8597
0.0000
0.0000
0.0000
0.0000
0.0000
1.8054
0.0000
0.8136
0.0000
0.0000
0.0000
1.8361
0.0000
0.0000
0.0000
0.0000
0.0000
0.9847
0.0000
0.3727
0.0000
0.0000
0.0000
0.4648
0.4055
0.0000
0.0000
0.7972
2.7589
0.0000
0.0000
0.0000
0.1243
0.0000
0.0000
0.0000
0.0000
3.0472
0.5142
0.0000
0.6559
0.0000
3.5375
6.6163
0.0000
0.0000
0.0853
0.0000
0.0000
0.0000
0.0000
0.0000
0.0000
0.0000
0.0000
0.0000
0.0000
0.0000
0.0000
0.0000
0.0000
0.0000
0.0000
0.0000
0.6554
0.0000
0.0000
0.3095
0.1659
0.0000
1.6459
0.0000
0.0000
0.0000
0.0000
0.6321
0.5747
0.1134
0.4397
0.0000
2.9935
0.0000
1.1064
0.0000
2.2528
0.0000
0.0000
1.2174
0.0000
0.0000
0.0000
0.0000
0.0000
1.1526
0.0000
0.0000
2.4787
0.0000
0.0000
0.0000
0.0000
0.0000
0.0000
0.0000
0.3487
0.0000
0.0000
0.0000
0.0021
0.3726
0.4609
0.0000
0.0000
0.0000
0.0000
0.0000
0.0000
0.0000
0.0000
0.0000
0.0000
0.0000
0.0000
0.0000
0.0000
0.0000
0.0000
3.2134
0.3828
0.0000
1.6995
0.0000
0.0000
0.0000
0.0000
0.0000
0.0000
0.0000
0.0000
0.0000
1.3486
0.0000
0.0000
1.4688
0.0317
0.0000
0.0000
0.0000
0.0000
0.0000
0.7088
0.0000
1.8298
0.0000
0.0000
0.0000
0.0000
0.0000
0.0000
2.6958
0.0000
2.1199
0.0000
0.0000
0.0000
0.0718
0.0000
0.0000
0.0495
2.5097
0.3540
0.9911
0.0000
0.0000
0.0000
0.3102
0.0000
0.0000
4.3637
0.0000
0.0000
0.0000
0.0000
1.4113
1.3312
0.1353
0.0000
1.0476
0.0000
0.0000
0.3679
0.0000
0.0906
0.0000
0.0000
0.0000
0.0000
0.0000
0.0000
0.0000
0.0000
0.4079
0.2466
0.0000
0.0000
0.0000
0.0000
0.3455
0.0000
0.0000
0.6782
0.0000
1.8804
0.0000
0.0000
0.0000
2.8467
0.0000
1.8882
0.0000
0.3004
1.4598
0.0809
0.4358
2.9861
0.5828
1.4898
0.0000
0.0000
0.0000
0.0000
0.0000
0.5057
0.0000
0.0000
0.4542
0.9600
0.0000
0.0000
0.3909
0.7818
0.0000
0.0000
0.0000
0.0000
0.4482
0.0000
0.0000
0.0000
0.0000
0.0000
1.5513
0.5054
1.0049
0.8999
0.0000
0.0000
0.0000
0.0000
0.0000
0.0000
0.0000
0.0000
1.6407
0.0000
0.0000
0.0000
0.0000
0.8150
0.0000
0.0000
3.4105
0.0000
0.0000
0.0000
0.0000
0.0209
0.0000
0.0000
0.0000
0.0000
3.9354
0.0000
0.0000
1.7529
0.0000
4.4953
0.0000
0.0000
2.4106
0.0000
0.0000
1.0840
0.0259
0.2358
2.1290
0.0000
4.9332
0.9487
0.0000
0.0000
0.0000
1.9579
0.0000
2.5653
0.0000
0.0000
0.0000
0.0000
0.0000
2.7899
0.0000
0.0000
1.5749
0.0000
0.0000
0.0000
2.7232
0.0000
0.0000
0.0000
2.8798
0.0000
0.0000
0.0000
0.6474
2.5371
0.5724
0.0000
0.0000
0.0000
0.0000
0.0000
0.0000
1.1981
2.2092
2.7458
0.0000
1.9343
0.9339
0.8224
0.0000
0.0000
0.0000
0.0000
0.0000
2.0400
0.0000
0.0000
3.8536
0.0000
0.0000
0.0000
0.0000
1.4248
0.0000
1.0803
2.5060
0.0000
0.5487
0.0000
1.7915
0.7278
0.1798
2.1680
0.0000
0.0000
1.4926
0.0000
0.5285
0.0000
0.0000
2.3549
0.0000
1.1849
0.0000
0.2613
0.0000
3.7112
0.0000
0.0000
0.0000
0.0000
0.0000
0.8183
0.0000
0.0000
0.3412
3.4543
0.0000
1.4048
0.0000
0.0000
0.0000
0.0000
0.5934
0.0000
0.0000
0.0000
0.0000
0.0000
0.0000
0.0000
0.0000
0.0000
0.0000
0.0023
0.0000
0.0000
1.2989
0.0000
0.0000
0.0000
0.6546
0.8782
0.0000
1.4292
0.0636
0.0000
1.0568
0.0000
0.0000
0.0000
0.0000
0.0000
0.0000
0.9621
0.0000
0.0000
4.6165
0.0000
0.0000
1.2694
0.0000
0.0000
0.0000
0.0000
0.0000
0.0000
0.0000
0.0000
0.0000
0.0000
0.0000
0.0000
0.0000
0.5924
0.0000
1.6669
2.1561
0.0000
0.0000
0.0000
0.0000
0.0000
0.0000
0.7701
0.0000
1.1633
0.0000
0.0000
2.7136
0.0000
0.0000
0.0000
0.0000
1.4860
0.0000
1.6575
0.0159
0.0000
0.0000
2.8145
0.0000
0.0000
0.0000
1.7159
0.0000
1.5808
0.0000
0.0000
0.0000
1.7573
0.0000
0.0000
1.7292
0.0000
0.0000
0.0000
0.1316
0.2538
0.0000
0.6328
0.0000
3.6099
1.1024
0.0000
0.0000
0.0000
0.0000
0.0000
0.6357
3.3701
0.0000
0.0000
0.0000
0.0000
0.4098
0.0000
1.4237
2.6595
0.0000
0.0000
0.0000
0.0419
4.4696
0.0000
0.0000
0.0000
0.0000
0.0000
0.0000
0.0000
0.0000
0.3260
0.0000
0.0000
0.0000
0.0000
0.0000
0.0000
0.0000
1.0367
0.0000
0.0000
0.4937
0.0000
0.0000
0.0000
0.0000
4.7865
1.5514
0.0000
0.0000
1.9562
0.0000
0.0000
0.0000
1.3546
0.0000
0.0000
1.7668
4.2069
0.0000
0.0000
0.0000
0.0000
0.0000
0.0000
0.0000
0.6967
0.0000
0.0000
4.5875
0.2635
2.2449
0.0000
0.0000
0.0000
0.0000
0.0000
0.0000
0.0755
0.0000
1.4386
0.0000
0.0000
0.3816
0.0000
0.0000
0.0000
0.0000
0.0000
0.0000
0.0000
0.7703
0.0000
0.0000
0.9098
0.1719
0.5556
0.5027
0.0000
0.7611
0.0000
1.7459
1.6754
0.0000
0.0000
0.0000
0.0000
0.0000
0.0000
0.0000
0.0000
0.0000
0.0000
0.0000
0.0000
0.0000
0.0000
0.0000
0.0000
2.0013
0.0000
3.2582
0.0000
0.0000
0.5128
0.0000
0.0000
0.8262
0.0000
0.0000
0.0000
0.0000
0.4929
0.8464
0.0000
0.0000
1.2367
0.6013
0.0000
0.0000
0.2156
0.0000
0.6648
0.0000
0.0000
0.0000
0.0000
0.0000
0.0000
0.0000
0.0000
0.0000
0.0000
0.0000
0.0000
0.0000
0.0000
0.0000
0.0000
0.0000
0.0000
0.0000
0.0000
1.0226
0.0000
1.3760
0.8679
0.0000
2.7983
0.8669
1.4707
1.2030
2.6557
0.0000
0.2831
0.0000
0.0000
0.0000
0.0000
0.0000
0.0000
0.0000
0.0000
0.0000
0.0000
0.0000
1.7800
0.0000
0.5547
0.0000
2.1214
1.6834
0.0000
0.3278
1.5114
1.6302
0.0000
0.7026
0.0000
0.0000
1.1460
4.1132
0.0000
0.0000
0.0000
0.0000
2.1411
0.0000
0.0000
1.1947
0.0000
0.0000
2.8373
0.0000
0.0000
0.0000
0.0732
0.0000
0.0000
2.1583
0.0000
0.0000
0.0000
0.0000
0.0000
1.9910
0.0000
0.3173
0.2321
0.0000
0.0000
0.0000
0.0000
0.0000
0.0000
2.0780
0.0000
0.0000
0.0000
0.0000
0.0000
3.1572
0.0000
0.0000
0.0000
0.0000
0.0000
0.6696
1.4516
0.0000
0.0000
0.0000
0.0000
0.0000
0.0000
0.0000
0.0000
2.1792
0.0000
0.0000
1.3413
0.0000
0.0000
0.0000
0.4105
0.0000
0.0000
0.0000
2.9269
0.0000
0.0000
1.9887
0.0000
0.7891
0.0000
0.0000
0.0000
0.0000
0.5485
0.0000
0.0000
0.0000
0.0000
0.0000
1.2767
0.0000
0.0000
0.0000
0.0000
0.0000
0.0000
1.9237
0.0296
0.1769
0.0000
0.6121
0.0000
0.0000
0.4696
0.2886
0.0000
0.0000
0.3607
0.3083
0.8400
0.0000
4.1673
0.0000
1.3427
0.8402
2.1643
0.0000
0.0000
0.0000
0.0000
0.0000
0.0000
0.0000
0.0000
0.0000
0.0000
0.0000
0.0000
0.0000
0.0000
0.0417
0.0000
0.0000
0.0000
0.1447
0.0000
0.0000
0.0000
0.9072
0.0000
0.0000
0.0000
3.6636
0.0000
0.6673
0.0000
0.0369
0.0000
0.0000
0.0000
0.0000
0.0000
1.0769
0.0000
0.0000
1.0526
0.0000
0.0000
0.0000
0.0000
0.0000
0.0000
0.9135
0.0000
1.1417
0.0000
0.2258
0.0000
0.0000
0.0000
0.0000
0.1163
0.0710
0.0000
0.0000
0.0000
0.0000
1.1501
0.0000
0.8347
0.0000
0.0000
0.9490
0.0000
0.0000
0.9435
0.6295
0.0000
0.0000
0.0000
0.0000
2.9985
0.0000
0.0000
0.0000
0.0000
0.0000
1.7161
2.1308
0.1421
0.0000
0.0000
1.0432
0.0000
2.4517
0.1449
1.4807
0.0000
0.0000
0.0000
0.0000
0.0000
0.0000
2.9050
0.0000
0.0000
0.0000
0.0000
0.0000
0.0000
0.0000
0.0000
0.0000
0.0000
0.0000
0.0000
0.0000
0.0000
1.4055
0.0000
0.0532
0.0000
0.0000
0.0000
0.5961
0.2082
0.7437
0.0000
0.0959
0.0000
2.1639
0.0000
2.3367
0.0000
1.0452
0.0000
0.0000
0.0000
1.8157
0.1866
0.0000
0.0000
0.0000
0.0000
0.9960
0.0000
0.0000
0.0000
0.0000
2.4888
0.5297
0.0000
0.0000
0.0000
0.6068
0.0000
0.0000
0.0000
0.0000
0.0000
2.5921
0.0000
0.0000
0.0000
0.5127
0.0000
0.0000
2.8619
0.0000
0.0000
0.0000
0.0000
0.0000
0.0000
0.0000
0.0000
0.0000
0.0000
0.0000
2.6595
0.0000
0.9693
0.0000
0.0000
0.8204
0.0000
0.0000
0.0000
0.0000
0.0000
0.0000
0.0000
0.0000
0.0000
0.0000
0.5737
0.4671
0.0000
0.0000
1.8664
0.0000
0.0000
0.0000
0.0000
0.0000
0.0000
0.0000
0.0000
0.0000
0.0000
0.0000
0.0000
0.6406
0.0000
0.0000
0.0000
0.9972
0.6627
0.0000
0.0000
0.0000
0.5175
0.4518
2.3515
0.0000
0.0000
0.0000
0.0000
1.9492
2.8385
0.0000
0.0000
0.0000
1.3721
3.3414
0.0000
0.0000
0.5952
0.0000
0.0000
0.0000
0.0000
1.8894
0.4342
3.2733
0.0000
0.7771
0.0000
3.0216
0.4374
1.0309
0.0000
1.9302
0.8499
0.0000
0.0000
2.4392
0.0000
0.3895
0.0000
1.9970
0.0000
0.0000
0.0000
0.0000
0.5086
0.0000
1.0431
4.0694
0.0000
0.0000
0.0000
0.0000
2.5703
0.8295
0.0000
0.0000
0.0000
0.0000
0.0000
0.0000
2.2889
0.0337
0.0000
0.0000
0.0000
0.0000
0.0000
1.2323
0.5335
0.0507
0.0000
0.0000
0.0000
0.0000
0.0000
3.5891
0.0000
0.8349
0.0000
0.0000
3.2732
0.6815
0.0000
0.0000
0.0000
0.0000
0.0000
2.1037
0.0000
0.0000
2.0699
0.0000
0.0000
0.0000
0.0000
0.0000
0.5364
0.1954
0.0000
0.0000
0.0000
1.5789
1.1081
0.0000
0.0000
0.0000
0.0000
0.0000
0.0000
3.1858
0.0000
0.2507
0.0000
1.0778
1.4810
0.0000
0.0000
0.0000
0.0000
0.0000
0.0000
3.5309
0.0000
0.0000
0.0000
0.0000
0.0000
0.0000
0.0000
0.0000
0.0000
0.0000
0.5085
0.0000
0.0000
0.0000
0.0000
4.7999
5.2356
0.0000
0.0000
0.0000
0.0000
0.0000
0.0000
0.0000
0.0000
0.0000
1.2558
1.4762
0.0000
1.1500
2.8369
0.4165
0.0000
0.0000
0.0000
0.0000
2.0381
1.5563
0.0000
0.2096
0.0000
0.0000
0.0000
0.6292
0.0000
5.9814
0.0000
0.9931
0.0000
0.0000
0.0000
0.0000
1.6252
0.0000
0.0000
1.4628
1.9050
0.0000
0.0000
0.0001
0.0000
3.6569
0.0000
0.0000
0.0000
0.0000
0.0000
0.0000
0.0000
0.0000
0.0000
0.0000
0.9298
0.0000
0.6297
0.0000
0.0000
0.0000
0.0000
0.0000
0.0000
0.0000
0.0000
1.3645
2.3669
1.3038
1.0718
0.0000
0.0000
1.1632
0.0000
0.0000
0.0000
0.0000
0.0000
0.0000
0.6982
0.0000
0.0000
0.0000
2.0123
0.0000
0.0000
0.0000
0.0000
0.0000
0.0000
0.0000
0.1209
0.0000
0.0000
0.0000
3.2593
0.0000
0.0000
0.0000
0.0000
0.0000
2.5960
0.0000
0.0000
0.0000
0.0000
0.4399
0.0000
0.2665
1.2301
1.5611
0.0000
0.0000
0.0000
0.0000
0.6850
0.0000
1.9897
0.0000
0.0000
0.0000
2.2001
0.0000
0.0000
0.0000
0.0000
0.0000
0.0000
2.1779
0.0000
0.0000
0.0000
0.0000
0.0000
0.0000
0.0000
0.3839
2.4146
0.0000
0.0000
2.5487
1.4438
0.0000
0.0000
0.0000
0.0000
0.5808
0.7091
0.0000
0.0000
0.0000
0.0000
1.0082
0.4883
0.0000
0.0000
1.3207
0.0000
0.2706
2.0217
0.0000
0.0000
0.0000
0.0000
4.3541
0.0000
0.2826
0.0000
0.0000
0.0000
0.0000
1.9808
0.0000
0.0000
0.0000
0.0000
0.4833
0.0000
0.1124
0.0000
0.0000
0.0000
1.0726
1.8979
0.0000
0.0000
0.0000
0.7756
0.0000
2.6169
1.3096
0.0000
0.2328
0.0000
0.0000
0.0000
0.0000
0.0000
0.8156
0.0000
0.0000
0.0000
1.2330
2.4934
0.0000
2.3619
0.0000
0.0000
0.0000
0.0000
0.6164
0.8945
0.0000
0.0000
0.0000
0.4069
0.0000
1.9844
0.0000
0.0000
0.0000
0.0000
0.1707
2.2360
0.0000
0.0000
0.0000
0.0000
0.0000
0.0000
0.9398
0.0000
0.9902
0.0000
0.0000
0.0000
0.0000
0.0000
0.0000
1.1983
0.3742
0.0000
0.0000
0.0000
0.0000
0.0000
0.0000
0.0000
0.0997
0.0794
0.0000
2.4901
0.2851
0.1370
0.0000
2.6743
0.0000
0.0000
1.1487
0.0000
0.0000
0.0000
1.6939
0.0000
0.0000
0.0000
0.0000
0.0000
2.7226
1.0563
0.0000
0.0000
0.0000
0.0000
0.6428
0.0000
0.0000
0.0000
0.1889
0.0000
0.0000
0.0000
0.0000
0.0000
0.0000
0.0000
0.0000
0.0000
0.0000
0.0000
5.0879
0.0000
0.0000
3.7450
0.0000
0.0000
0.0000
0.0000
1.8102
0.0000
0.0000
0.0000
0.0000
0.0000
0.9717
2.2046
0.0000
1.0389
1.5278
0.0000
0.5389
0.0000
1.3817
0.0000
0.0000
0.0000
0.0000
0.5445
3.2265
0.0000
0.0000
0.0000
0.0000
0.0000
0.0000
0.0000
0.0000
0.0000
0.2418
0.0000
0.0000
0.0000
0.6762
1.9878
0.8778
0.0000
0.0000
0.0000
0.0000
0.0000
0.0000
0.0000
1.9675
0.0000
0.0000
0.0000
0.0000
0.0000
0.2027
0.0000
0.0000
0.0000
0.0000
0.0000
0.0000
0.0000
0.0000
0.0000
0.0124
0.0000
0.0000
0.0000
0.0000
0.0000
2.1038
2.2831
0.0000
0.0000
0.0000
3.0833
0.7183
0.0000
0.0000
0.0000
1.9179
1.4847
0.0000
0.0000
0.0000
4.7165
0.2888
0.0000
0.0000
0.0000
0.0000
0.0000
0.0824
0.0000
1.1469
0.0000
0.0000
0.0000
3.7876
0.0000
0.0000
0.0000
0.0000
0.0000
0.0000
2.5012
0.0000
0.0000
0.0000
0.0000
1.1013
0.0000
0.0000
0.0000
0.0000
0.0000
0.0000
0.3433
0.0000
0.0000
0.0000
0.0000
0.0000
0.0000
3.6211
0.0000
1.6321
0.0000
0.0000
1.1860
0.0000
2.9231
0.0000
1.4055
0.0000
0.0000
0.0000
0.0000
0.0000
0.0000
2.0862
0.0000
0.0000
0.9701
0.0000
0.0000
0.0000
0.0000
0.0000
0.0000
0.5136
0.0000
0.0000
0.0000
1.8298
0.8145
0.0000
0.0000
0.0000
0.0000
1.3266
0.1882
0.0000
1.9157
2.1000
0.0000
0.0000
0.6121
0.0000
7.5838
0.3600
0.6485
0.0000
2.5583
0.0000
0.0000
0.0000
0.0000
0.0000
0.0000
0.0000
0.8966
2.2446
1.0527
1.9564
0.0000
0.0000
2.9564
0.0000
0.0000
0.0000
0.0000
0.0000
4.0706
0.0000
0.0000
0.1912
0.0000
0.0000
0.0000
2.7846
0.0000
2.0116
0.0000
0.0000
0.0000
0.0000
0.0000
1.5292
0.3382
0.0000
0.2552
0.8057
2.2004
0.5627
0.0000
0.0000
0.0000
0.0000
0.0000
0.5146
0.4011
0.0000
0.0000
0.0000
0.0000
0.2218
0.0000
0.6387
0.2955
0.0000
0.0000
0.1229
1.9705
1.4650
1.2724
0.0000
0.7786
2.4595
0.0000
0.8337
0.0000
0.0000
0.0000
0.0000
1.4885
0.0000
0.0000
0.0000
0.0000
1.8735
0.0000
0.4662
0.7243
0.0000
0.6045
0.0000
1.0815
0.0000
0.0000
0.0000
3.3047
2.3778
1.8596
0.0000
0.0000
0.9525
0.0000
0.0000
0.0000
0.0000
0.5994
0.7690
0.0000
0.0000
0.0000
0.0000
0.0000
4.6981
0.0000
0.8448
0.0000
0.0000
0.9715
0.0000
0.0000
0.0000
1.0898
0.0000
0.3225
1.5208
0.0000
5.8679
0.0000
0.0000
0.0000
2.3193
1.2778
0.4658
0.0000
0.0000
0.0000
0.0000
0.3445
0.0000
0.0000
0.0000
0.0000
0.0000
0.0000
0.0000
0.0000
0.0000
0.0000
0.0000
0.0146
0.0000
0.0000
0.0000
2.5634
0.0000
1.8505
0.6188
1.3577
0.7508
0.0000
0.0000
0.1208
0.0000
0.0000
0.0000
0.0000
1.7537
0.0000
4.7285
0.0000
0.0000
5.2411
1.3455
1.7092
0.9150
0.0000
3.0495
0.0000
0.0000
0.0000
0.0000
0.0000
0.0000
0.0000
1.9687
0.0915
1.3204
0.0000
0.0000
0.0000
0.0000
0.0000
1.3027
0.0000
0.0000
0.0000
0.0000
0.0000
0.0000
