0.0000
0.0000
0.0000
0.0000
2.0905
0.8013
0.0000
0.0000
0.0000
1.7550
1.5046
0.0000
0.7183
0.0000
0.0000
0.0000
0.0000
0.0000
0.0000
0.0000
0.0000
0.0000
2.4910
0.0000
2.0727
0.8397
0.0000
1.9787
0.0000
0.0000
0.4437
0.0000
0.0000
0.0000
2.5807
0.0000
0.0000
0.0000
1.2173
1.0220
0.0000
0.0000
0.0000
0.0000
0.0000
1.5670
0.0000
0.0000
0.0000
0.5873
0.0000
0.0000
0.0000
0.0000
0.0000
0.0000
0.2121
0.9338
0.0000
0.0000
0.0000
2.6369
0.0000
1.9836
0.0000
0.0000
0.0000
0.0000
0.0000
0.0000
0.0000
3.1009
0.8309
0.0000
0.0000
0.6250
0.0000
0.0000
0.0000
0.0000
0.0000
0.0000
0.0000
0.0000
0.0000
0.0000
1.1402
0.5998
3.5251
0.0000
1.3832
0.0000
0.2697
2.9249
0.0000
0.0000
0.0000
0.0000
1.3148
0.0000
0.6988
0.0000
0.0000
0.0000
0.0000
0.0000
0.0000
0.0000
0.7640
2.5370
0.0000
0.0000
0.0000
0.1591
0.0000
0.0000
0.0000
0.0000
0.0000
0.0000
1.3089
1.1340
1.4063
0.0000
0.0000
0.0000
0.2537
0.4849
0.0000
1.2611
0.0000
0.0000
0.6933
0.0000
3.4118
0.0000
0.4806
3.9200
0.0000
2.9317
2.5305
0.0000
1.5982
1.5431
2.3481
0.0000
0.0000
1.2867
0.0000
0.0000
0.0000
0.4444
0.0000
0.0000
0.0000
0.0000
0.0000
1.7367
0.0000
0.0000
0.5172
0.0000
0.9325
0.0000
0.0000
1.4538
0.0000
0.9198
0.0000
2.2140
0.0000
0.0000
0.0000
0.0000
0.4531
0.0000
0.0000
0.9940
0.0000
6.1635
0.6341
2.3478
0.0000
0.0000
0.0000
0.0000
0.0000
0.0000
0.0000
0.6110
0.0000
0.0000
0.0000
0.0000
1.5679
0.0000
0.0000
0.4128
1.6319
2.4264
0.0000
0.0000
0.0000
0.0000
0.0000
0.0000
0.0000
0.0000
0.0297
0.0000
0.0000
0.0000
0.0000
0.7225
0.5211
0.0000
0.0000
0.0000
0.8282
0.0000
0.0000
0.0000
0.0000
0.0000
0.7595
0.0000
0.7104
0.0000
0.0000
0.0000
0.0000
0.0000
0.0000
0.0000
1.8364
0.0000
0.0000
0.0000
0.4229
0.0000
0.0000
0.0000
0.0000
0.0000
0.0000
0.0000
0.0000
0.0000
0.0000
0.0000
0.0000
0.0000
0.0000
0.0000
0.0000
0.9781
0.0000
0.0000
0.3418
0.0000
0.0000
0.4852
0.0000
0.5764
0.0000
0.0000
2.3198
0.0000
0.0000
0.0000
1.0089
0.3677
0.0000
2.0972
0.0000
0.0000
0.0000
0.0000
0.0294
0.0000
2.5888
0.4546
0.3724
0.0000
0.0000
0.4547
0.0000
0.0000
0.0000
0.0000
0.0000
0.0000
0.0000
0.9631
2.9666
0.0000
0.0000
0.0000
0.0000
2.7206
0.0000
0.0000
0.0000
0.0000
0.4473
0.0000
0.0000
0.0000
0.0000
0.0000
0.0000
0.7723
0.0000
1.2012
1.4605
0.0000
0.0000
0.0000
0.0000
1.2181
0.0000
0.6149
0.8023
0.0000
0.0000
2.2179
0.0000
0.0167
0.0000
1.7976
0.0000
0.9847
0.0000
0.0000
0.1988
2.0483
1.3660
0.0000
0.0000
3.7010
0.0000
0.0000
0.0000
0.0000
0.0000
5.1458
0.0000
0.0000
0.0000
0.0000
0.0000
2.0971
2.6410
0.0000
2.5702
0.3043
0.0000
0.0000
0.4945
0.0000
0.0000
0.0000
0.0000
0.0000
0.0000
0.0000
0.0000
0.0000
0.0000
0.0000
0.0000
0.0000
0.0000
0.0000
0.5906
0.2160
0.0000
4.3205
0.0000
0.0000
3.6542
0.0000
0.0000
0.0000
0.0000
0.0000
0.8803
0.0000
0.0000
0.0000
0.6175
0.0000
0.0000
0.0000
0.0000
1.0580
0.0000
0.0000
0.0000
0.0000
0.0000
0.6685
0.0000
0.0000
0.0000
0.0000
0.0000
0.0000
2.5324
0.0000
0.0000
0.0000
0.0000
5.6318
0.0000
0.2757
0.0000
0.0000
0.0000
0.0000
0.1389
0.0000
0.7179
0.0000
0.0000
0.0000
0.0000
0.0000
0.0000
0.0000
0.0000
0.0000
0.0000
0.0000
0.0000
0.0000
0.0000
0.0000
1.1486
0.0000
1.7185
0.0000
0.1410
0.0000
4.4236
0.9926
0.0000
0.0000
0.6275
0.0000
0.0000
0.0000
0.0000
0.3885
0.1077
0.8484
0.0000
1.3479
0.0000
0.0000
0.0000
0.0000
0.0686
0.0000
0.1327
0.0000
0.0000
0.4346
0.0000
0.0000
0.0000
0.2557
0.0000
0.9069
0.0000
0.0000
0.9409
0.2905
0.7388
0.0000
0.0000
1.7159
0.5819
1.0126
1.2740
0.2311
0.0000
1.5541
0.0000
3.5798
0.0000
0.0000
0.0000
0.0000
1.0854
0.6655
0.0000
0.0000
0.6181
0.0000
0.0000
0.0000
1.3716
0.0000
1.7693
0.0000
0.0000
0.0000
0.0000
1.1083
0.4757
0.2006
0.0000
1.5719
0.0000
1.3167
0.0000
0.0000
4.7260
0.0000
0.2443
2.6633
0.0000
0.3490
0.0000
0.0000
0.3213
0.0000
0.0000
0.0000
2.6317
0.7946
1.0279
0.0000
1.6622
1.2782
0.0000
0.0000
3.0543
0.0000
0.0000
0.0000
0.0000
0.0000
0.0000
0.0000
0.0000
0.0000
0.0000
0.0000
0.0000
1.1594
0.0000
0.0000
0.0000
0.0000
0.0000
0.0000
0.0000
0.0000
0.2385
0.4856
0.0000
0.0000
0.0000
1.3378
0.0000
0.0000
0.0000
0.0000
0.0000
0.0000
0.0000
0.0000
0.0000
0.0000
0.0000
0.5757
0.0000
0.0000
0.0000
0.0000
0.0000
0.0000
0.0000
0.0000
0.0000
1.4724
1.2435
0.0000
0.0000
0.0000
0.0000
0.0000
0.0000
0.0000
0.0000
0.0000
3.8650
0.0000
0.0000
0.2941
0.0000
0.9510
0.0000
0.0000
1.2467
0.0000
0.6756
0.0000
0.0000
0.0000
0.0000
2.9331
0.0000
0.7792
0.0000
0.0456
0.0000
0.0000
1.4912
0.0000
1.0550
0.0000
0.0000
3.0323
0.0000
0.4368
0.0000
0.0000
0.0000
0.0000
0.0000
0.1734
1.1023
1.9695
0.0000
0.0000
0.0000
0.0000
0.0000
0.0000
0.0000
0.0000
0.0794
0.0000
0.0000
0.0000
0.0000
0.0000
0.0000
0.0000
0.7248
0.4759
0.0000
0.0000
0.0000
0.0000
0.0000
0.0000
0.0000
0.6324
0.0555
0.0000
0.0000
0.0000
1.1747
0.0000
0.0000
0.0000
0.0000
0.0000
0.0000
0.0000
0.0000
0.0000
0.0000
0.0000
0.0000
0.0000
0.0000
0.3304
0.0000
0.0000
0.0000
1.2418
0.0000
2.4082
0.0000
2.3147
0.1726
0.0000
0.5495
0.0000
0.0000
0.0000
0.0000
0.0000
0.0000
0.5231
0.0345
0.0000
1.6222
0.0000
0.0000
0.0207
0.0000
0.0000
0.0000
0.9410
0.0000
2.8978
1.3704
0.1470
0.0000
0.0000
0.0000
0.0000
0.0000
0.0000
0.0000
0.0000
2.9192
0.0565
0.0000
0.0000
0.0000
0.0000
0.0000
0.0000
0.0000
0.0000
0.0000
2.7316
0.0000
0.0000
0.0000
0.6954
0.0000
4.2533
0.0000
0.0000
0.0000
0.0000
0.0000
0.0000
0.0000
0.0000
1.1771
0.0000
0.0000
0.0000
0.0000
0.0000
0.0000
0.0000
0.0000
0.0000
0.0000
0.0000
1.4341
0.0000
0.0000
0.0000
0.0000
1.2079
0.0000
0.0000
0.0000
0.0000
1.1385
0.0000
0.0000
0.0000
0.0000
0.0000
0.0000
0.0000
0.2658
0.6147
0.6134
0.0000
0.0000
0.0000
0.0000
0.0000
0.0000
1.3307
0.0000
0.0000
0.0000
0.0000
0.0000
0.0000
0.0000
0.0000
0.0000
0.0000
0.6456
0.0000
0.0000
0.0000
3.6528
0.2320
0.0000
0.0000
0.0000
0.0000
0.0000
0.9383
0.0000
0.0000
0.0000
0.0000
0.0000
0.0000
1.9555
0.0000
0.0000
1.9339
0.0000
0.0000
0.0000
0.0000
0.0000
0.0000
0.0000
0.0000
0.0000
0.0000
0.6366
0.0000
0.0000
0.0000
0.0000
0.0302
0.0000
0.6971
0.0000
0.0000
0.0000
0.0000
0.0000
0.8585
0.0000
0.0000
0.0000
0.0000
1.8555
0.0000
0.0000
0.0000
0.0000
0.8819
0.0000
0.0000
0.0000
0.0000
0.0000
0.0000
0.7692
0.5662
0.0000
2.5109
0.0000
0.4848
0.0000
0.0000
0.0000
0.0000
0.0000
0.0000
2.5662
0.0000
0.0000
0.0000
0.3361
2.4118
0.5319
0.0000
0.0000
0.0000
0.0000
0.0000
0.0000
0.0000
1.2989
0.0000
0.0000
0.0000
0.0000
0.0000
0.6204
0.0000
0.0000
0.0000
0.0000
1.0905
1.1277
0.0000
0.0000
0.0000
0.0000
0.0000
0.0000
0.0000
0.0000
0.0000
0.0000
0.0000
0.0000
0.0000
2.2392
0.0000
0.0000
0.0000
0.0000
0.5598
0.0000
0.0000
0.0000
0.0000
0.0000
0.0000
0.0000
3.2912
1.9112
0.0000
0.0000
0.0000
0.0000
0.0000
0.0000
0.0000
0.0000
1.8049
0.0000
0.0000
0.0000
0.0000
0.0000
0.0000
0.0000
0.0000
0.4979
2.4230
0.0000
0.0000
0.0000
4.4527
0.0000
1.1111
0.0000
0.0000
0.0000
0.0000
1.9801
0.0000
0.0000
0.0000
0.0000
0.0000
0.0000
0.0000
0.0000
0.0000
0.0000
0.9281
3.0598
0.0000
1.5423
0.0000
0.0000
0.0000
0.0000
0.0000
0.0000
0.0000
1.7860
0.0000
0.9103
0.8084
0.0000
1.8655
2.9875
1.0423
2.6153
0.0000
0.0000
0.0000
0.7406
0.0000
0.0000
0.0000
0.0000
0.0000
0.0000
0.0000
0.0000
2.6918
0.0000
0.0000
0.0000
0.3992
0.0000
1.1877
0.0000
0.0000
0.0000
1.9062
0.0000
1.7723
0.0000
2.1833
0.0000
0.0000
0.9589
1.3600
1.3379
1.8778
0.0000
1.2751
0.0000
0.0000
0.0000
0.5041
1.1349
0.0000
0.0000
0.0000
0.0000
0.0000
0.4927
0.0000
1.4629
0.0000
0.4055
0.0000
3.8991
0.0000
0.0000
1.1463
0.0000
0.0000
0.0000
0.0000
2.9216
0.0000
0.0000
0.0000
0.3597
0.0000
0.0000
0.0000
0.0000
0.0000
0.0000
0.0000
0.8623
0.0000
4.3009
0.3345
0.2196
0.0000
1.3703
0.8384
1.2540
2.3731
0.0000
0.4293
0.9575
0.0000
0.0000
0.0000
0.0000
0.0000
2.2582
0.0000
0.0000
0.0000
0.0000
0.0000
0.0000
0.0000
0.0000
0.0000
0.0000
0.4956
0.0000
0.0000
0.0000
2.1159
0.0000
0.0000
1.1803
0.0000
0.0000
0.5177
0.0000
0.6831
0.0000
0.1882
0.0000
0.8778
1.4488
0.0000
0.0000
0.0000
0.0000
0.0000
0.8047
0.0000
0.5604
0.0000
0.7353
0.0000
1.0928
0.0000
0.0000
0.0000
0.0000
0.9849
0.0000
0.0000
0.5414
0.0000
0.0000
0.0000
0.0000
0.0000
0.0000
0.0000
0.0000
0.0000
0.0000
0.0000
0.0000
0.0000
0.0000
0.0000
0.9927
0.0000
0.0000
0.0000
2.7191
1.0876
2.2866
0.0000
0.0000
0.0000
0.0000
2.2916
0.0000
0.0000
0.0000
0.9636
0.0000
0.0000
0.0000
0.2796
0.0000
0.0000
0.0000
0.0000
0.0000
0.0000
3.3029
0.0000
0.0000
0.0000
4.4209
0.0000
0.0000
0.9101
1.9549
3.6895
0.0000
0.0000
0.0000
0.0000
0.0000
2.5528
0.0000
0.0000
0.0000
0.0000
0.0000
0.0000
0.5627
0.0000
2.5863
0.0000
0.0000
0.0000
0.4931
0.0000
0.0000
0.0000
0.0000
0.0000
3.1556
2.0688
0.0000
0.0000
0.7180
0.0000
0.0000
0.0000
0.0000
0.0000
2.2984
0.1274
0.5090
0.0000
0.0000
0.0000
0.0000
0.0000
0.0000
0.0000
0.0000
0.0000
0.0000
4.2276
0.0000
0.0000
0.0000
0.0000
0.0000
0.0000
0.0000
0.0000
1.1754
0.0000
0.0000
0.0000
1.0716
0.0000
0.0000
0.0000
0.0000
0.0000
0.0000
0.0000
0.8824
0.0000
0.0000
0.0000
1.9552
0.0000
0.0000
0.0000
1.7968
0.0000
0.3065
0.0000
0.0793
3.6549
0.0000
0.0000
0.0000
0.0000
0.0000
1.2551
0.0000
0.0000
0.0000
0.0000
0.0000
0.0000
0.0000
1.4390
2.3250
0.0000
0.0000
0.0000
0.0000
0.0000
0.0000
2.1263
0.0000
0.0000
0.7457
0.0000
0.0000
0.0000
1.1413
0.0000
0.0000
0.0000
0.0000
0.4021
2.4637
0.0000
0.0000
0.0000
0.0000
0.0000
0.0000
0.0000
0.7784
0.0000
1.5869
0.0000
0.0000
1.6706
0.0000
0.0000
0.0000
0.0000
0.5399
0.0000
0.4807
0.0000
0.0000
1.1514
0.0000
0.0000
0.0000
0.0000
0.0000
0.2761
0.0000
0.0000
0.6817
0.3301
0.0000
0.2823
0.0000
0.0000
0.0000
0.0000
0.0000
0.5719
0.0000
0.0215
0.0000
0.9890
0.0000
0.0000
0.0000
0.0000
0.0000
0.0000
0.0000
0.0000
0.0000
0.0000
0.0000
0.0000
0.0000
0.0000
0.0000
0.0000
0.8941
0.0223
0.0000
0.0000
0.0000
0.0000
0.0000
0.0000
0.0000
0.0000
0.0000
0.0000
0.0000
0.0000
1.2048
1.6071
0.0000
0.0000
0.0000
0.5998
0.0000
0.0000
0.0000
0.0000
0.0000
0.0000
0.0000
0.0000
1.3658
1.5100
0.8664
0.0000
0.0000
0.4631
0.0000
0.0000
3.1685
0.0000
2.3926
0.0000
0.0000
0.4036
0.0000
0.7951
1.7231
2.9063
0.5895
0.0000
0.0000
0.0000
0.0000
0.0000
0.1207
0.0000
0.0000
0.0000
0.7873
0.0000
0.0000
0.0000
0.0000
0.0000
0.0000
1.7072
0.0000
0.5530
0.0000
1.4940
0.0000
0.0000
0.0000
0.0000
0.0000
3.0914
0.0000
0.0000
0.5168
0.8704
0.0000
0.4359
0.0000
0.0000
0.0000
0.0000
0.0000
0.0000
0.0000
0.0000
0.0000
0.0000
0.7955
0.0000
0.0000
1.9800
0.0000
2.3231
0.0000
0.0000
0.0000
0.0000
0.0000
0.0000
0.0000
0.0000
0.0000
0.0000
1.7821
0.0000
1.8486
0.6174
0.0000
0.0000
0.0000
0.2435
0.0000
0.0000
0.0000
0.0000
0.0000
0.0000
0.0000
0.0000
0.9815
0.0000
0.0000
0.0000
0.0000
0.0000
0.2611
0.0000
0.0000
1.7735
3.8130
1.9864
0.0000
1.8245
0.0000
0.0000
0.0000
1.0602
0.0000
0.3289
0.0000
0.0000
0.0000
0.0000
0.0000
0.0000
0.5378
2.2109
0.0000
0.8506
0.0000
0.0000
0.0932
0.3604
0.0000
0.0000
3.4180
0.0000
0.0000
0.0000
0.7048
0.0000
0.0000
1.3217
2.2564
0.8869
0.0000
0.0000
0.0000
1.0415
0.0000
0.0000
0.0000
0.0000
0.0000
0.0000
0.0000
0.0000
0.0000
0.0000
0.0000
1.2258
0.2475
0.3380
0.0000
0.0000
0.0000
0.7117
0.0000
0.0000
0.0000
0.0000
0.0000
0.0000
0.0000
2.6778
0.0000
0.0000
0.0000
0.0000
1.0486
0.0000
0.0000
0.2179
0.5293
1.2279
0.0000
1.5618
0.0000
0.0000
0.0000
0.0000
0.0599
0.8483
0.0000
0.0000
0.0000
0.0000
0.0000
4.0049
0.0000
0.0000
0.0000
0.0000
0.0000
0.0000
0.0000
0.0000
0.0000
0.0000
1.0892
0.0000
0.0000
0.2459
0.0140
0.6060
0.6009
0.0000
1.1175
0.0000
0.0000
0.0000
0.0000
1.4733
0.0000
0.0000
0.0000
0.4634
0.0000
2.0998
0.0000
0.0000
0.0000
0.0000
0.0000
0.0000
0.0000
0.0000
0.0000
0.5257
0.0000
0.0000
0.0000
1.2372
1.2560
1.5043
2.3956
0.0000
0.0000
0.0000
0.0000
1.2264
0.0000
0.0000
0.0000
1.1557
1.5097
0.0000
0.0000
0.0000
0.0000
0.0000
0.0141
0.0000
0.0000
0.0000
0.0000
0.0000
0.0000
0.0000
1.5752
0.0000
1.6846
0.0000
0.0000
0.0896
0.0000
0.4353
0.0000
0.0000
0.0000
0.0000
2.7190
2.1062
4.2751
0.0000
0.0000
0.0000
0.0903
0.0508
0.0000
1.9129
0.0000
0.0000
0.0000
0.0000
0.5539
0.0000
0.5934
0.0000
2.1013
0.0000
0.0000
0.0000
0.0000
0.0000
0.0000
0.0000
0.0000
0.5956
0.0000
0.0000
0.0339
0.0000
0.0000
0.0000
0.0000
0.0000
0.0000
0.0000
0.0000
0.0000
0.0000
0.0000
0.0000
0.0000
0.0000
0.5035
1.8162
2.5757
0.0000
0.4824
0.1632
4.3134
0.0000
0.0000
0.0000
0.0000
0.0000
0.5841
1.8009
3.5805
0.2968
1.1872
0.0000
2.9630
0.0000
1.2200
0.0000
0.4484
0.0000
0.0000
0.0000
0.0948
0.0000
0.0000
0.0000
0.0000
2.1091
2.3598
0.0000
2.0030
0.0000
0.0000
0.0000
0.0000
0.0000
0.0000
0.0000
4.1340
0.0000
0.0762
3.6362
0.0000
0.0000
0.4244
1.3022
0.0000
0.2280
1.7010
1.4506
0.0000
1.8959
0.0000
1.7280
2.4989
0.0000
3.3026
0.0000
0.4231
1.0404
0.0000
0.0000
0.0000
0.0000
0.0000
2.0821
0.2674
2.2241
0.0000
0.0000
2.6142
0.0000
2.6800
0.0000
0.0000
0.0000
0.7377
0.0000
0.0000
0.0000
0.1045
0.0000
0.7301
1.1156
0.0000
3.0487
0.0000
0.8500
0.0000
0.0000
0.0000
0.0000
0.0000
0.4878
1.1634
0.0000
0.0000
0.4247
0.0000
0.0000
4.4201
0.0000
0.0000
0.0000
0.0000
0.2843
0.0000
0.0000
0.0000
0.0000
0.0000
0.0000
0.4111
0.0000
2.3906
0.0000
0.0000
0.0000
0.0000
1.3788
0.0000
5.6426
1.6097
0.4977
0.0000
0.0000
0.0000
0.0000
0.1796
0.0000
1.6940
0.0000
0.0000
0.0000
0.0000
0.0000
0.0000
0.3287
0.0000
0.0000
0.0000
0.0000
0.0000
0.0989
0.7625
0.0767
0.0000
0.0000
0.2291
0.0000
0.0000
0.0000
0.0000
0.6265
0.0000
0.0000
0.0000
0.0000
1.1646
0.0000
1.5395
0.0000
0.0000
0.0000
0.0000
0.0000
0.0000
0.0000
0.0000
0.3229
0.0000
1.7474
0.0000
0.2904
0.0000
2.1409
0.0000
0.0000
0.2697
0.3081
0.0000
0.0000
0.0000
0.0000
2.7233
0.0000
0.3705
0.0000
0.0000
0.0000
3.1775
0.0000
0.0000
0.0000
0.0000
0.0000
0.0000
0.0000
2.0748
0.0000
0.0000
0.0000
0.0000
0.0000
0.0000
0.4512
0.0000
0.0000
1.2976
0.0000
0.0000
0.0000
0.5898
1.3246
1.3963
0.0000
0.0000
1.4012
0.0000
0.6335
0.0000
3.0039
1.5078
0.6200
0.1077
0.0000
0.0000
0.0000
0.0000
1.1483
0.0000
1.5016
0.0000
0.8967
0.0000
0.0000
0.0000
0.0000
0.0000
0.0000
0.0000
0.0000
2.8028
0.0000
0.0000
3.9311
3.2433
1.3881
0.0000
0.6442
0.0000
0.0000
0.5765
0.0000
0.0000
3.1639
0.0000
0.0000
1.0212
2.5496
0.0000
0.0000
0.0000
0.0000
0.9065
0.1334
0.0000
0.1623
0.0000
0.0000
0.0000
0.0000
0.0646
1.8209
0.0000
0.0000
0.0000
0.0000
2.2968
0.0000
2.6624
0.7493
0.0000
0.0000
0.0000
2.3928
0.0000
0.0000
0.0000
1.0296
2.0491
0.0000
0.0000
0.0000
0.0000
0.0000
0.6962
0.0000
0.0000
0.0000
0.0000
0.2564
0.2558
0.3265
0.3440
0.0000
0.0000
0.0000
0.0000
2.1497
0.0000
0.0000
0.0000
0.0000
0.0000
0.0000
0.0000
0.0000
0.0000
0.0000
0.0000
0.0000
0.0517
0.0000
0.0000
1.0992
2.9762
0.0000
0.4234
0.4956
0.0000
0.0000
0.1586
0.0000
2.6321
0.0000
0.0000
0.4086
2.0738
0.0000
0.0000
0.5330
0.0000
0.0000
0.0000
0.0000
0.0000
0.0000
0.0000
0.0000
0.0000
0.7099
0.0000
2.3412
0.0000
0.0000
0.0000
0.0000
0.0000
0.0000
0.0000
2.4631
0.0000
0.0000
0.0000
0.0000
0.0000
0.0000
0.0000
0.0000
0.0000
0.0000
0.7706
0.0000
0.0000
0.0000
0.5275
0.0000
0.4122
1.6339
0.0000
0.0000
0.0000
0.0000
0.0000
0.0000
2.0121
0.0000
0.0000
0.2042
2.9149
0.0000
2.7024
0.0000
0.2556
0.0000
0.0000
0.0000
0.0000
0.0000
0.0000
0.0000
0.0000
0.0000
0.8140
0.0000
2.8350
0.0000
0.0000
0.0000
0.0000
0.0000
2.4125
0.0000
0.0000
1.3198
0.0000
0.4849
0.0000
0.1962
0.0000
0.0000
2.2503
0.0000
0.0000
0.0000
0.9533
0.0000
0.0000
0.0000
0.0000
0.0000
0.0000
0.0000
0.0000
0.0000
0.0000
0.9297
1.7552
0.7531
0.0000
0.3138
0.9033
0.3465
0.0000
0.0000
0.0000
0.0000
0.1703
1.0379
1.9691
0.0000
0.0000
0.0000
0.0029
0.0000
0.0000
0.0000
0.0000
0.0000
0.0000
0.0000
0.4365
0.0000
0.0000
0.0000
0.0000
1.8679
0.0000
0.0000
0.0000
0.0000
0.0000
0.0000
0.0000
0.0000
0.0000
0.9376
1.0609
0.0000
0.0000
1.9321
1.4010
0.0000
0.0000
0.0000
0.0000
0.0000
2.6031
0.3830
0.0000
0.0000
0.0000
0.0000
0.0000
0.0000
0.2024
0.0000
0.0000
0.0000
1.1607
3.1556
0.0000
0.0000
0.0000
2.3607
0.0000
0.0000
0.0000
1.4150
0.0000
0.0000
1.1627
0.0000
0.0000
0.0000
2.5808
1.3067
0.0000
0.4519
0.0000
0.0000
2.6805
0.0000
0.2896
0.0000
0.0000
0.0000
1.0358
1.0399
0.0000
0.9018
0.0000
0.0000
0.0000
0.0000
0.0000
0.0000
0.0000
0.3969
0.0000
0.0000
0.0000
0.0000
0.0000
0.0000
0.0000
0.9931
0.0000
0.0000
0.0000
0.0000
0.0000
0.7336
0.0000
0.0000
0.0000
0.7501
0.0000
0.0000
1.6037
0.0000
0.0000
0.6181
0.3180
2.1520
0.0000
0.0000
0.8536
0.0000
0.0000
0.4969
0.1059
0.0000
0.0000
0.3460
2.4467
0.0000
0.0000
0.0000
0.0000
0.0000
1.9386
0.0000
0.0000
0.0000
0.6614
0.0000
0.6507
0.0000
0.4554
0.0000
0.0000
0.0000
0.2253
0.5509
0.0000
0.0000
0.8945
3.2436
0.0912
0.0000
0.0000
0.0522
0.0000
0.0000
0.0000
0.0000
3.5535
0.8634
0.0000
0.6328
0.0000
4.0503
6.6215
0.0000
0.3293
0.4328
0.0000
0.0000
0.0000
0.0000
0.0000
0.0000
0.0000
0.0000
0.0000
0.0000
0.0000
0.0000
0.0000
0.0000
0.0000
0.0000
0.0000
0.7941
0.0000
0.0000
1.6306
0.9770
0.0000
2.5652
0.0000
0.0000
0.0000
0.0000
0.0000
0.4676
0.1954
0.0627
0.0000
2.8806
0.0000
0.0996
0.0000
1.1186
0.0000
0.0000
1.6553
0.0000
0.0000
0.0000
0.0000
0.0000
1.2909
0.0000
0.0000
2.6590
0.0000
0.0000
0.0000
0.3524
0.0000
0.0000
0.0000
0.8814
0.0000
0.0000
0.0000
0.2641
0.6132
0.0000
0.0000
0.0000
0.0000
0.0000
0.0000
0.0000
0.0000
0.0000
0.0000
0.0000
0.0000
0.0000
0.0000
0.1287
0.0000
0.0000
2.1881
0.0000
0.0000
0.3943
0.2832
0.0000
0.0000
0.0000
0.0000
0.0000
0.0000
0.0000
0.0000
1.3280
0.0000
0.0000
1.1974
0.0000
0.0000
0.0000
0.0000
0.0000
0.0220
0.0459
0.0000
1.5195
0.0000
0.0000
0.0000
0.0000
0.0000
0.0000
2.8917
0.0000
1.6771
0.0000
0.0000
0.0000
0.4942
0.0000
0.0000
0.0000
1.9762
1.6051
0.3131
0.0000
0.0344
0.0000
0.9328
0.0000
0.0000
4.1539
0.0016
0.0000
0.0000
0.0000
2.0075
1.2427
0.0000
0.0000
0.7190
0.0000
0.0000
0.1993
0.0000
0.5284
0.0000
0.0000
0.0000
0.0000
0.0000
0.0000
0.0000
0.0000
0.9113
0.2487
0.0000
0.0000
0.0000
0.0000
1.0199
0.0000
0.0000
0.0000
0.0000
1.9746
0.0128
0.0000
0.0000
1.9301
0.0000
1.4183
0.0000
0.1928
1.6374
0.0000
0.5695
2.1301
1.1819
0.7516
0.0000
0.0000
0.0000
0.0000
0.0000
0.4994
0.0000
0.0000
1.1928
0.7731
0.0000
0.0000
0.1193
0.0000
0.0000
0.0000
0.0000
0.0000
0.5462
0.0000
0.0000
0.0000
0.0000
0.0000
2.2516
0.3972
0.8304
0.0000
0.0000
0.0000
0.0000
0.0000
0.0000
0.0000
0.0000
0.0000
2.3906
0.0000
0.0000
0.0000
0.0000
1.0232
0.0000
0.0000
3.3673
0.0000
0.0000
0.0000
0.0000
0.0000
0.0000
0.0000
0.0000
0.0000
3.7112
0.0000
0.0000
1.2535
0.0000
4.0659
0.0000
0.0000
1.7291
0.0000
0.0000
0.0000
0.0000
0.3609
1.9703
0.0000
3.7071
0.5943
0.0000
0.0000
0.0000
2.3985
0.0000
2.2133
0.0000
0.0000
0.0000
0.0000
0.0000
0.9418
0.0000
0.0000
1.3365
0.0000
0.0000
0.0000
3.4318
0.0000
0.0000
0.0000
1.9589
0.0000
0.0000
0.3651
0.9360
2.2834
0.6159
0.0000
0.0000
0.0000
0.0000
0.0000
0.0000
1.2502
3.1340
2.5271
0.0000
1.2674
1.4290
0.4505
0.0000
0.0000
0.0000
0.0000
0.0000
2.3225
0.0000
0.0000
3.6952
0.0000
0.0000
0.0000
0.0000
0.0000
0.0000
0.5278
1.9291
0.0000
0.0000
0.6534
1.2842
0.9825
0.5144
2.1975
0.0000
0.0000
0.8019
0.0000
0.4537
0.0000
0.0000
2.0286
0.0000
0.1937
0.0000
0.5560
0.0000
3.8675
0.0000
0.0000
0.0000
0.0000
0.0000
0.8976
0.0000
0.0000
0.2060
3.7408
0.0000
0.8754
0.0000
0.0000
0.0000
0.0000
0.8590
0.0000
0.0000
0.0000
0.0000
0.0000
0.0000
0.4843
0.0000
0.0000
0.0000
0.0000
0.0000
0.0000
1.0757
0.0000
0.0000
0.0000
0.0000
0.0174
0.0000
0.5003
0.5230
0.0000
1.2319
0.0000
0.0000
0.1238
0.0000
0.0000
0.0000
1.4322
0.0000
0.0000
4.2958
0.0000
0.0000
0.8414
0.0000
0.0000
0.0000
0.1318
0.0000
0.0000
0.0000
0.0000
0.2935
0.0000
0.0000
0.0000
0.0000
1.0056
0.0000
1.8789
2.2515
0.0000
0.0000
0.0947
0.0000
0.0000
0.0000
0.3551
0.0000
0.6516
0.0000
0.0000
3.4881
0.3393
0.0448
0.0000
0.0000
0.0000
0.0000
1.4884
0.0000
0.0000
0.0000
2.3254
0.0000
0.0000
0.0000
1.4955
0.0000
1.4676
0.0000
0.0000
0.0000
1.7856
0.0000
0.0000
1.3188
0.0000
0.0000
0.0000
0.4839
0.4605
0.0000
0.0000
0.0000
4.1048
1.0354
0.0000
0.0000
0.0000
0.0000
0.0000
0.6950
3.1206
0.0000
0.0000
0.0000
0.0000
0.1419
0.0000
2.2399
3.7080
0.0000
0.0000
0.0000
0.1745
4.2617
0.0000
0.0000
0.0000
0.0000
0.0000
0.0000
0.0000
0.0000
0.0000
0.0000
0.0000
0.2379
0.0000
0.0000
0.0000
0.0000
0.2270
0.0000
0.0000
0.4478
0.0000
0.0000
0.0000
0.0000
4.5085
0.3580
0.0000
0.0000
0.9531
0.0000
0.0000
0.0000
1.2175
0.0000
0.0000
1.3336
2.7943
0.0000
0.0000
0.0000
0.0000
0.0000
0.0000
0.0000
1.4989
0.0000
0.0000
4.0158
0.0000
1.6991
0.0000
0.0000
0.0000
0.0000
0.0000
0.0000
0.0000
0.0000
1.5950
0.0000
0.0000
0.6523
0.0000
0.3467
0.0000
0.0000
0.0000
0.0000
0.0000
0.7489
0.0000
0.0000
0.8766
0.0000
0.1452
0.4265
0.0000
0.0985
0.0000
1.8183
1.8180
0.0000
0.0000
0.0000
0.0000
0.0000
0.0000
0.0000
0.0000
0.0000
0.0000
0.0000
0.0000
0.0000
0.0000
0.0000
0.0000
2.0710
0.0000
3.3404
0.0000
0.0000
0.4187
0.0000
0.0000
0.5308
0.0000
0.0000
0.0000
0.0000
0.8172
0.6112
0.0000
0.0000
0.8008
0.3358
0.0000
0.0000
0.0993
0.0000
0.5187
0.0000
0.0000
0.0000
0.0000
0.0000
0.0000
0.0000
0.0000
0.0000
0.0000
0.0000
0.0000
0.0000
0.0000
0.0000
0.5226
0.0000
0.0000
0.0000
0.0000
0.5214
0.0000
0.2236
0.7447
0.0000
3.4418
0.7287
1.0385
2.0088
2.3076
0.0000
0.9781
0.0000
0.0000
0.0000
0.0685
0.0000
0.0000
0.0000
0.0000
0.0000
0.0000
0.0000
0.7443
0.0000
1.3759
0.0000
2.8353
1.6814
0.0000
0.0000
3.5405
2.5034
0.0000
0.0710
0.0000
0.0000
0.4470
4.5424
0.0000
0.0000
0.0000
0.0000
1.5452
0.0000
0.0000
1.4323
0.0000
0.0000
2.5731
0.0000
0.0000
0.0000
0.0000
0.0000
0.0000
2.9955
0.0000
0.0000
0.0000
0.0000
0.0000
1.8977
0.0000
0.1927
0.8116
0.0000
0.0000
0.0000
0.0182
0.0000
0.0000
1.8379
0.0000
0.0000
0.0000
0.0000
0.0000
3.1729
0.0000
0.0000
0.0000
0.0090
0.0000
0.3750
0.3181
0.0000
0.0000
0.0000
0.9973
0.1708
0.0000
0.0000
0.0000
2.5368
0.0000
0.0000
1.0148
0.0000
0.0000
0.0000
0.1655
0.0000
0.0000
0.0000
3.2833
0.0000
0.0000
2.5764
0.0000
0.4335
0.1296
0.0000
0.0000
0.0000
1.1872
0.0000
0.0000
0.0000
0.0000
0.0000
1.1257
0.0000
0.0000
0.0000
0.0000
0.0000
0.0000
1.1250
0.0052
0.1388
0.0000
0.3700
0.0000
0.1486
0.3479
0.0000
0.0000
0.0000
0.6586
0.6359
1.0733
0.0000
3.1234
0.0000
1.2064
0.0852
1.7803
0.0000
0.0000
0.0000
0.0000
0.0000
0.0000
0.0000
0.0000
0.0000
0.0000
0.0000
0.0000
0.0000
0.0000
0.0000
0.0000
0.0000
0.0000
0.0000
0.0000
0.0000
0.6331
0.6947
0.0000
0.0000
0.0000
4.4297
0.0000
0.2609
0.0000
0.0000
0.0000
0.0000
0.0000
0.0000
0.0000
0.5527
0.0000
0.0000
1.1796
0.0000
0.0000
0.0000
0.0000
0.0000
0.0000
1.2005
0.0000
0.9311
0.0000
0.1207
0.0000
0.0995
0.0000
0.0000
0.4685
0.0000
0.0000
0.0000
0.0000
0.0000
1.0673
0.0000
0.0000
0.0000
0.0000
0.0000
0.0000
0.0000
0.0717
0.5620
0.0000
0.0000
0.0000
0.0000
2.7746
0.0000
0.0000
0.0000
0.0000
0.0000
0.3726
1.3225
0.0000
0.0000
0.0000
2.0168
0.0000
2.4270
0.0000
1.3841
0.0000
0.0000
0.0000
0.0000
0.0000
0.0000
2.9958
0.0000
0.0000
0.0000
0.0000
0.0000
0.0000
0.0000
0.0000
0.0000
0.0000
0.0000
0.0000
0.0000
0.0000
1.1473
0.0000
0.0000
0.0000
0.0000
0.0000
0.0000
0.2055
0.0000
0.0000
0.0000
0.0000
2.4711
0.0000
2.2712
0.0000
0.2920
0.1764
0.0167
0.0000
2.4710
0.0187
0.0000
0.0000
0.0000
0.0000
0.7926
0.0000
0.0000
0.0000
0.0000
1.8120
0.0000
0.0000
0.0000
0.0000
0.0000
0.0000
0.0000
0.0000
0.0000
0.0000
2.1666
0.0000
0.0000
0.0000
0.1352
0.0000
0.0000
1.9708
0.0000
0.0000
0.0159
0.0000
0.0000
0.0000
0.0000
0.0000
0.0000
0.0000
0.0000
1.8127
0.0000
0.6354
0.0000
0.0000
1.0700
0.0000
0.0000
0.0000
0.0000
0.0000
0.0000
0.0000
0.0000
0.0000
0.0000
0.6913
0.0000
0.0000
0.0000
2.0151
0.0000
0.0000
0.0000
0.0000
0.0000
0.0000
0.0000
0.0000
0.0000
0.0000
0.0000
0.0000
0.5809
0.0000
0.0000
0.0583
0.7714
0.0000
0.0000
0.0000
0.0000
0.0237
0.6816
1.3821
0.0000
0.0000
0.0000
0.0000
1.7054
1.7125
0.0000
0.0000
0.7733
2.6977
3.0296
0.0000
0.0000
0.3438
0.0000
0.0000
0.0000
0.0000
1.0559
0.0000
2.5233
0.0000
0.3939
0.0000
3.5639
0.0000
1.0969
0.0000
1.6213
0.0000
0.0000
0.0000
2.6694
0.0000
0.6950
0.0000
1.5648
0.0000
0.0000
0.0000
0.0000
0.3879
0.0000
0.8060
3.5232
0.0000
0.0000
0.0540
0.0000
2.4847
0.7036
0.0000
0.0000
0.0000
0.0000
0.0000
0.0000
2.7742
0.4264
0.0000
0.0000
0.0000
0.0000
0.0000
1.8816
1.1864
0.8539
0.0000
0.0000
0.0000
0.0000
0.0658
3.3810
0.0000
0.6070
0.0000
0.0000
2.9583
1.1880
0.0000
0.0000
0.0000
0.0000
0.0000
3.0497
0.0000
0.0000
2.9513
0.0000
0.0000
0.0000
0.0000
0.9047
0.4718
0.0000
0.0000
0.0000
0.0000
1.3314
1.0496
0.0000
0.0000
0.0000
0.0000
0.0000
0.0000
4.1443
0.4760
0.3042
0.0000
1.5614
0.4091
0.0000
0.0000
0.0000
0.0000
0.0000
0.0000
3.2696
0.0000
0.0000
0.0000
0.0000
0.0000
0.0000
0.5049
0.0000
0.0000
0.0000
0.4468
0.0000
0.0000
0.0000
0.0000
4.5194
4.9685
0.0000
0.0000
0.0000
0.0000
0.0000
0.0000
0.0000
0.0000
0.0000
1.3189
2.3886
0.0000
1.2736
2.5224
0.8446
0.0000
0.0000
0.0000
0.0000
0.9742
1.7891
0.0000
0.0963
0.0000
0.0000
0.0000
0.8101
0.0000
5.4379
0.0000
1.2847
0.0000
0.0000
0.0000
0.0000
0.7222
0.0000
0.0000
1.8779
1.6692
0.0000
0.0000
0.0000
0.0000
3.5515
0.0000
0.0000
0.0000
0.6326
0.0000
0.0000
0.0000
0.0000
0.0000
0.0000
1.5906
0.0000
1.1821
0.0000
0.0000
0.0000
0.0000
0.0000
0.0000
1.0015
0.0000
0.9519
2.9102
1.2485
0.0000
0.0000
0.0000
1.2867
0.0000
0.0000
0.0000
0.0000
0.0000
0.0000
0.2908
0.0000
0.0000
0.0000
1.2275
0.0000
0.0000
0.0000
0.0000
0.0000
0.0000
0.0000
0.1761
0.0000
0.0000
0.0000
4.0982
0.0000
0.0000
0.0000
0.0000
0.0000
2.5734
0.0000
0.0000
0.0000
0.0000
0.8269
0.0000
0.3517
0.9239
0.9913
0.0000
0.4629
0.0000
0.0000
0.5306
0.0000
0.7415
0.0000
0.0000
0.0000
3.0573
0.0000
0.0000
0.0000
0.0000
0.0000
0.0000
1.9831
0.0000
0.0000
0.0000
0.0000
0.0000
0.0000
0.0000
0.9016
3.1094
0.0000
0.0000
2.0992
1.7767
0.0000
0.0000
0.0000
0.0000
0.2100
0.5942
0.0000
0.0000
0.0000
0.0000
0.4943
0.0000
0.0000
0.0000
1.1359
0.0000
0.0873
1.1404
0.0000
0.0000
0.0000
0.0000
2.5333
0.0000
0.2813
0.0000
0.0000
0.0000
0.0000
1.1429
0.0000
0.0000
0.0000
0.0000
0.0000
0.0000
0.0000
0.0000
0.0000
0.0000
0.0319
1.3019
0.0000
0.0000
0.0000
1.1665
0.0000
2.4291
1.0806
0.0000
0.8463
0.0000
0.0000
0.0000
0.0000
0.0000
0.5577
0.0000
0.0000
0.0000
0.8803
2.8148
0.0000
2.2762
0.0000
0.0000
0.0000
0.0000
0.8499
0.3981
0.0000
0.0000
0.0000
0.5394
0.0000
1.9379
0.0000
0.0000
0.0000
0.0000
0.0000
2.0221
0.0000
0.0000
0.0000
0.0000
0.0000
0.0000
0.0152
0.2864
1.6233
0.0000
0.0000
0.0000
0.0000
0.0000
0.0000
1.1789
0.0000
0.0000
0.0000
0.0000
0.0000
0.0000
0.0000
0.4740
0.7302
0.2518
0.0000
2.6688
0.1511
0.0000
0.0000
2.3085
0.0000
0.0000
0.6941
0.0000
0.0000
0.0000
1.4454
0.0000
0.0000
0.0000
0.0000
1.0943
2.8110
0.6120
0.0000
0.0000
0.0000
0.0000
1.3898
0.0000
0.0000
0.0000
0.2696
0.6960
0.0000
0.0000
0.0000
0.0000
0.0000
0.0000
0.0000
0.0000
0.0000
0.0000
4.6711
0.0000
0.0000
3.3702
0.0000
0.0000
0.0000
0.0000
1.3935
0.0000
0.0000
0.0000
0.0000
0.0000
1.2990
2.3692
0.4461
0.2611
1.8213
0.0000
0.2020
0.0000
1.0274
0.3719
0.0000
0.0000
0.0000
0.4692
3.3244
0.0000
0.0000
0.0000
0.0000
0.0000
0.0000
0.0000
0.0000
0.0000
0.5876
0.0000
0.0000
0.0000
0.0000
1.7845
0.1672
0.0000
0.0000
0.0000
0.0000
0.0000
0.0000
0.0000
1.0858
0.0000
0.0000
0.0000
0.0000
0.0000
1.1481
0.0000
0.0000
0.0000
0.0000
0.0000
0.0000
0.0000
0.0000
0.0000
0.4954
0.0000
0.0000
0.0000
0.0000
0.0000
2.3737
2.6851
0.0000
0.0000
0.0000
3.2483
0.8804
0.1913
0.0000
0.0000
2.0319
1.0942
0.0000
0.0000
0.0000
3.5435
0.6504
0.0000
0.0000
0.0000
0.0000
0.0000
0.0000
0.0000
1.5281
0.0000
0.0000
0.0000
4.6927
0.0000
0.0000
0.0000
0.0000
0.0000
0.0000
2.9614
0.0000
0.0000
0.0000
0.0000
1.0671
0.0000
0.0000
0.0000
0.0000
0.0000
0.0000
0.6203
0.0000
0.0000
0.0000
0.0000
0.0000
0.0000
2.5647
0.0000
2.4156
0.0000
0.0000
0.8824
0.0000
2.1304
0.0000
1.5642
0.0000
0.0000
0.0000
0.0000
0.0000
0.0000
1.9101
0.0000
0.0000
0.2802
0.0000
0.0000
0.0000
0.0000
0.0000
0.0000
1.1821
0.0000
0.0000
0.0000
1.9575
0.8834
0.0000
0.0000
0.0000
0.0000
1.2448
0.0000
0.0000
1.5984
0.8213
0.0000
0.0000
1.8169
0.0000
7.1530
0.2555
0.3722
0.0000
2.5127
0.0000
0.0000
0.0000
0.0000
0.0000
0.0000
0.0000
0.1992
2.3024
0.6647
2.3278
0.0179
0.0000
2.2135
0.0000
0.0000
0.0000
0.0000
0.0000
3.1720
0.0000
0.0000
1.2128
0.0000
0.0000
0.0000
2.4165
0.0000
2.0058
0.0000
0.0000
0.0000
0.0000
0.0000
2.0008
0.8213
0.0000
0.4212
0.7803
1.4508
0.1374
0.0000
0.0000
0.0000
0.0000
0.0000
0.7216
0.3038
0.0000
0.0000
0.0000
0.0000
0.0000
0.0000
0.2770
0.4899
0.0000
0.0000
0.0043
1.0321
1.6501
1.7666
0.0000
0.9418
2.2700
0.0000
1.0284
0.0000
0.0000
0.0000
0.0000
1.9997
0.0000
0.0000
0.0000
0.0000
2.6884
0.0000
0.9276
0.7022
0.0000
0.5179
0.0000
2.1811
0.0000
0.0000
0.0000
3.9284
2.6307
0.1713
0.0000
0.0000
0.8262
0.0000
0.0000
0.0000
0.0000
0.3740
1.1167
0.0000
0.0000
0.0000
0.0000
0.0000
4.7579
0.0000
0.5460
0.0000
0.0000
0.4217
0.0000
0.0000
0.0000
1.1960
0.0000
0.1058
1.0138
0.0000
6.4391
0.0000
0.0000
0.0000
1.9790
1.0055
0.0000
0.0000
0.0000
0.0000
0.0000
0.8931
0.0000
0.0000
0.0000
0.0000
0.0000
0.0000
0.0000
0.0000
0.0000
0.5381
0.0000
0.7822
0.0000
0.0000
0.0000
2.0920
0.0000
0.9288
0.0000
1.6088
1.0556
0.0000
0.0000
0.3487
0.0000
0.0000
0.0000
0.0000
2.0307
0.0000
4.9096
0.2512
0.0000
5.8353
0.0328
1.7156
1.3060
0.0000
2.5982
0.0676
0.1743
0.0000
0.0000
0.0000
0.0000
0.0000
0.3626
0.0375
1.3396
0.0000
0.0000
0.1450
0.0000
0.0000
0.5549
0.0000
0.0000
0.0000
0.0000
0.0000
0.0000
