0.0000
0.0000
0.0000
0.0000
1.2419
0.0000
0.0000
0.0000
0.0000
1.2516
1.8034
0.0000
2.0780
0.3009
0.0000
0.5227
0.0000
0.0000
0.0000
0.0000
0.0000
0.0000
2.4545
0.9999
0.9464
1.4945
0.0000
1.0976
0.0000
0.0000
0.0000
0.0000
0.0000
0.0000
2.9735
0.0000
0.0000
0.0000
0.7145
0.0696
0.0000
0.0000
0.0000
0.0000
0.0000
0.0000
0.0000
0.0000
0.0000
0.0000
0.0000
0.0000
0.0000
0.0000
0.0000
0.0000
0.0000
0.0000
0.0000
0.0000
0.0000
0.8095
0.0000
0.7077
0.0000
0.0000
0.0000
0.0000
0.0000
0.0000
0.0000
4.4579
0.0000
0.0000
0.0000
0.0861
0.0000
0.0000
0.0000
0.0000
0.6216
0.0000
0.0000
0.0000
0.0000
0.0000
0.8993
3.6496
1.2324
0.0000
0.5998
0.0000
0.3280
1.9523
0.0000
0.0000
0.0000
0.0000
2.6071
0.0000
0.0000
0.0000
0.9720
0.0000
0.0000
0.0000
0.0000
0.0000
0.0000
2.1828
0.2657
0.0000
0.1999
0.2692
0.0000
0.0000
0.0000
0.0000
0.0000
0.0000
3.1970
0.3188
1.1746
0.8077
0.0000
0.0000
0.3147
0.1912
0.0000
1.0208
0.0000
0.0000
0.6736
0.0000
2.0888
0.0000
0.3495
1.4183
0.0000
3.1714
2.1732
0.0000
2.8445
1.1920
2.6096
0.0000
0.0000
0.5504
0.0000
0.0000
0.0000
0.2691
0.0000
0.0268
0.0000
0.0000
0.0000
0.6962
0.0070
0.0000
0.6179
0.0000
0.3054
0.0000
0.0000
2.3192
0.0000
0.0000
0.0000
0.9787
0.0000
0.0000
0.0000
0.0000
0.0000
0.0000
0.0000
0.3794
0.0000
4.9524
0.5631
3.6839
0.0000
0.0000
0.0000
0.0000
0.0000
0.3616
1.5384
0.5246
0.0000
0.0000
0.0000
0.0000
0.0560
0.0000
0.0000
0.9130
3.2199
2.7844
0.0000
0.0000
0.0000
0.0000
0.0000
0.0000
0.0000
0.0000
0.0000
0.0000
0.0000
0.0000
0.0000
0.0000
0.0000
0.0000
0.0000
0.0000
0.0000
0.0000
0.0000
0.0000
0.0000
0.0000
0.0000
0.0000
0.0000
1.1586
0.0000
0.0000
0.0000
0.0000
0.0000
0.0000
0.9207
0.0000
0.5744
0.0000
0.5820
0.0000
0.0000
0.0000
0.0000
0.0000
0.0000
0.0000
0.0000
0.0000
0.0000
0.0000
0.0000
0.0000
0.0000
0.0000
0.0000
1.3285
0.0000
0.0000
0.0716
0.0000
0.0000
0.0000
0.0000
0.0000
0.0000
0.0000
0.0000
0.0000
0.0000
0.4353
4.2396
0.0000
0.0000
3.5571
0.0000
0.0000
0.0000
0.6446
0.0000
0.0000
0.5360
0.0000
0.7202
0.0000
0.0000
2.9246
0.0000
0.0000
0.0000
0.0000
0.0000
0.0000
0.0000
0.0000
2.6736
0.0000
0.0000
0.7543
0.0000
2.6290
0.0000
0.0000
0.0000
0.0213
0.0000
0.0000
0.0000
0.0000
0.0000
0.0000
0.0000
0.2484
0.0000
1.2997
1.7593
0.0000
0.0000
0.0000
0.0000
0.7003
0.0000
1.1303
0.0000
0.0751
0.0000
1.3728
0.0000
0.0000
0.0000
1.1717
0.0000
0.0000
0.0000
0.0000
0.0000
3.0065
2.7069
0.0000
0.0000
4.4098
0.0000
0.0000
0.0000
0.0000
0.0000
3.7427
0.0000
0.0000
0.0000
0.0000
0.0000
4.0535
0.8863
0.0000
0.4189
1.0589
0.3659
0.0000
0.2325
0.0000
0.0000
0.0000
0.0000
0.0000
0.0000
0.0000
0.0000
0.0000
0.0000
0.0000
0.0000
0.7861
0.0000
0.0000
0.9066
0.7335
0.0000
2.2213
0.0000
0.0000
3.6019
0.0000
0.0000
0.0000
0.0000
0.0000
0.6305
0.0000
0.0000
0.0000
2.5294
0.0000
0.0000
0.0000
0.0000
1.8543
0.0000
0.0000
0.0000
0.0000
0.0000
0.7371
0.0000
0.0000
0.0000
0.2465
0.0000
0.0000
1.8858
0.0000
0.0000
0.0000
0.0000
3.7869
0.0000
0.8043
0.0000
0.0000
0.0000
0.0000
0.0000
0.0000
1.0162
0.0000
0.0000
0.0000
0.0000
0.2707
0.0000
0.0000
0.0000
0.0000
0.0000
0.0000
0.0000
0.0000
0.0000
0.0000
1.9079
0.0000
3.9972
0.5188
0.1518
0.0000
3.9736
0.0000
0.0000
1.0749
0.8515
0.9924
0.0000
0.0000
0.0000
0.0000
0.0000
0.0000
0.0000
0.9951
0.0000
0.0000
0.5155
0.0000
0.1529
0.0000
0.0000
0.0000
0.0000
0.0000
0.0000
0.0000
0.0000
1.7995
0.0000
0.5731
0.0000
1.2056
4.0715
0.0000
0.0229
0.0000
0.0000
0.0000
0.1561
2.0872
2.4508
0.5089
0.0000
2.1087
0.0000
1.6155
0.0000
0.0000
0.0000
0.0000
0.4069
0.0000
0.0000
0.0000
0.0000
0.0000
0.0000
0.0000
0.3263
0.0000
1.0797
0.0000
0.0000
0.0000
0.0000
2.6918
0.0000
0.2839
0.0000
0.1092
0.0000
0.0000
0.0000
0.0000
6.9083
0.0000
1.7650
2.2924
0.0000
1.0639
0.0000
0.0000
0.0000
0.0000
0.0000
0.0000
0.6145
1.4932
1.2371
0.0000
1.0407
2.6349
0.0000
0.0000
1.7265
0.0000
0.0000
0.0000
0.0000
0.0000
0.0000
0.0000
0.0000
0.0000
0.0000
0.0000
0.0000
0.0000
0.0000
0.0000
0.0000
0.0000
0.0000
0.0000
0.0000
0.0000
0.8938
0.0000
0.0000
0.0000
0.0000
1.1443
0.0000
0.0000
0.0000
0.0000
0.0000
0.0000
0.0000
0.0000
0.0000
0.0000
0.6834
0.5804
0.0000
0.0000
0.0000
0.0000
0.0000
0.0000
0.0000
0.0000
0.0000
0.7773
2.7211
0.0000
0.0000
0.0000
0.0000
0.0000
0.0000
0.0000
0.0000
0.0000
3.9983
0.0000
0.0000
2.5561
0.0000
0.1901
0.0000
0.4397
2.2420
0.0000
0.0000
0.0000
0.0000
0.0000
0.0000
3.4472
0.0000
0.0000
0.0000
0.6724
0.1610
0.0000
1.5960
0.0000
2.1738
0.0000
0.0000
1.2914
0.0000
0.0000
0.0000
0.0000
0.0000
0.0000
0.0000
0.2255
1.7262
1.6994
0.0000
1.6118
0.0000
0.0000
0.0000
0.0000
0.0000
0.0000
0.0000
0.0000
0.0000
0.0000
0.1682
0.0000
0.0000
0.0000
2.7529
0.0000
0.0000
0.0000
0.0000
0.0000
0.0000
0.0000
0.0000
0.7317
0.2653
0.0000
0.0000
0.0000
0.0000
0.0000
0.0000
0.0000
0.0000
0.0000
0.0000
0.0000
0.0000
0.3323
0.0000
0.0000
0.0000
0.0000
0.0000
0.8610
0.0000
0.0000
0.0000
0.0000
0.0000
0.8841
0.0000
1.6082
2.4776
0.0000
3.6995
0.0000
0.0000
0.0000
0.0000
0.0000
0.1326
0.0549
0.3716
0.0000
0.6233
0.0000
0.0000
0.0096
0.0000
0.0000
0.1326
0.0000
0.0000
3.6894
0.0000
0.0000
0.0000
0.0000
0.0000
0.0000
0.0000
0.0000
0.0000
0.0000
2.6086
0.8066
0.0000
0.0000
0.0000
0.0000
0.1388
0.0000
0.0000
0.0000
0.0000
2.2049
0.0000
0.0000
0.0000
0.3207
0.0000
3.6651
0.5039
0.0000
0.0000
0.2912
0.0000
0.0000
0.0000
0.0000
0.6084
0.0000
0.0000
0.0000
0.0000
0.0000
0.0000
0.0000
0.0000
0.0000
0.0000
0.0000
0.8767
0.0000
0.0000
0.0000
0.0000
2.2641
0.0000
0.8923
0.0000
0.0000
1.7737
0.0000
0.0000
0.0000
0.0000
0.0000
0.0000
0.0000
0.1807
0.0000
0.0161
0.0000
0.0000
0.0000
0.0000
0.0000
0.8898
0.0000
0.0000
0.0000
0.0000
0.0000
0.9325
0.0000
0.0000
0.0000
0.0000
0.0000
0.6353
0.0000
0.0000
0.0000
2.3607
0.0000
0.0000
0.0000
0.0000
0.0000
0.0000
0.0000
0.2525
0.0000
0.0000
1.1416
0.0000
0.0000
0.4377
0.0000
0.0000
3.0236
1.5667
0.0000
0.0000
0.0000
0.0000
0.0000
0.0000
0.0000
0.0000
0.0000
1.0328
0.0000
0.0000
0.0000
0.0000
0.0000
0.0000
0.0000
0.0000
0.0000
0.0000
0.0000
0.0000
0.0000
0.0000
0.0000
0.0000
0.0000
0.6235
0.0000
0.0000
0.0000
0.0000
0.0000
0.0000
0.0000
0.0000
0.0000
0.0000
0.0000
1.1603
0.0000
0.0000
0.8358
0.0000
0.0000
0.0000
0.0000
0.0000
0.0000
0.0000
0.0000
0.8148
0.0000
0.0000
0.8634
0.0000
1.9855
0.0000
0.0000
0.0000
0.0000
0.0000
0.0000
0.0000
0.0000
0.0000
0.0000
0.0000
0.0000
0.8382
0.0000
0.0000
0.0000
0.0000
0.0000
0.0000
1.4063
1.4505
0.0000
0.0000
0.0000
0.0000
0.0000
0.0000
0.0000
0.0000
0.0000
0.0000
1.3152
0.0000
0.0000
2.9303
0.0000
0.0000
0.0000
0.0000
0.4105
0.0000
0.0000
0.0000
0.0000
0.4191
0.0000
0.0000
3.9885
1.5094
0.0000
0.0000
0.0000
0.0000
0.0000
0.0000
0.2193
0.0000
1.8436
0.0000
0.0000
0.0000
0.0000
0.0000
0.0000
0.0000
0.1317
0.0000
1.5631
0.0000
0.0000
0.0000
4.8515
0.0000
0.1516
0.0000
0.0000
0.0000
0.0000
1.7870
0.0000
0.0000
0.0000
0.0000
0.0000
0.0000
0.8663
0.0000
0.0000
0.0000
1.6827
0.0000
0.0000
0.1106
0.0000
0.0000
0.0000
0.0000
0.0000
2.0849
0.0000
1.0602
0.0000
0.0000
0.6759
0.0000
0.4662
1.3206
1.6642
2.3845
0.0000
0.0000
0.0000
0.4923
0.0000
0.0000
0.0000
0.0000
0.0000
0.0000
0.0000
0.0000
3.8061
0.0000
0.0000
0.0000
0.2253
0.0000
1.7472
0.0000
0.0000
0.0000
2.6436
0.0000
0.7166
0.0000
4.0612
0.0000
0.0000
1.0203
1.7969
0.0000
0.8102
0.0000
0.9491
0.0000
0.0000
0.0000
0.6358
2.1398
0.0000
0.0000
0.0000
0.9967
0.0000
0.3456
0.0000
0.1927
0.0000
0.5123
0.0000
3.1262
0.0000
0.0000
0.3412
0.0000
0.0000
0.0000
0.0000
1.7749
0.0000
0.0000
0.0000
0.0000
0.0000
0.0000
0.0000
0.0000
0.0000
0.0000
0.0000
0.0000
0.0000
3.6010
0.0000
0.5083
0.0000
1.5767
3.6702
0.4143
0.0000
0.0000
0.0000
0.0000
0.0000
0.0000
0.0000
0.0000
0.0000
2.1158
0.0000
0.0000
0.8897
0.0000
0.0000
0.0000
0.0000
0.0000
0.8571
0.0000
2.0498
0.0000
0.0000
0.0000
1.6190
0.0000
0.0000
0.1682
0.0000
0.0000
0.0000
0.0000
1.2468
0.0000
0.0000
0.0000
0.0000
0.0916
0.0000
0.0000
0.0000
0.0000
0.8028
0.0000
0.8860
0.3050
0.0000
0.0000
0.0000
0.0000
0.0000
0.0000
0.0000
0.0000
0.0000
0.0776
0.0000
0.0000
0.0000
0.0000
0.0000
0.0000
0.0000
0.0000
0.0000
0.0000
0.0000
0.0000
0.0000
0.0000
0.0000
0.0000
0.0000
1.4802
0.0000
0.0000
0.0000
0.7996
0.0000
3.3794
0.0000
0.0000
0.0000
0.0000
2.5800
0.4674
0.0000
0.0000
1.1358
0.4227
0.0000
0.0000
0.0000
0.0000
0.0000
0.0000
0.0000
0.0000
0.0000
0.3760
0.4672
0.0000
0.1257
3.3329
0.0000
0.0000
0.9233
3.9786
2.5331
0.0000
0.0000
0.0000
0.0000
0.0000
1.9081
0.0000
0.0000
0.0000
0.0000
0.0000
0.0000
1.9333
0.0000
3.0693
0.0000
0.0000
0.0000
1.6420
0.0000
0.0000
0.0096
0.0000
0.0000
3.5329
1.6485
0.0000
0.0000
0.3801
0.0000
0.0000
0.0000
0.0000
0.0000
3.9977
0.7358
1.0983
0.0000
0.0000
0.0000
0.0000
0.0000
0.0000
0.0000
0.0000
0.0000
0.0000
3.2395
0.0000
0.0323
0.0000
0.0000
0.0000
0.0000
0.0000
0.0000
0.1729
0.0150
0.0000
0.0000
0.0000
0.0000
0.7479
0.0000
0.0000
0.0000
0.0000
0.0000
0.2174
0.3662
0.0000
0.0000
2.5172
0.0000
0.0000
0.0000
3.3302
0.0000
0.9179
0.0000
0.0000
2.9650
0.0000
0.0000
0.0000
0.0000
0.0000
0.6869
0.0000
0.0000
0.0000
0.0000
0.0000
0.0000
0.0000
0.6421
3.2568
0.0000
0.2360
0.0000
0.4073
0.0000
0.0000
1.3936
0.0000
0.0000
0.0000
0.0000
0.0000
0.0000
0.9615
0.0000
0.0000
0.0000
0.0000
0.6383
2.2275
0.0000
0.0000
0.0000
1.7104
0.0000
0.0000
0.0000
0.0000
0.0000
1.2605
0.0000
0.0000
0.0000
0.0000
0.0000
0.0000
0.0000
0.0000
0.0000
0.0000
0.0000
0.0000
0.2694
0.0000
0.0000
0.0000
0.2022
0.0000
0.0000
0.0000
0.0000
1.5789
0.9074
0.0000
0.0000
0.0000
0.0000
0.0000
0.0000
0.0000
1.4232
0.7306
0.8320
0.0000
0.9609
0.0000
0.0000
0.0000
0.0000
0.0000
0.0000
0.0000
0.0000
0.0000
0.0000
0.0000
0.0000
0.0000
0.2431
0.0000
0.0000
0.0000
0.0000
0.0000
0.3084
0.0000
0.0000
0.0000
0.0000
0.0000
0.0000
0.0000
0.0000
0.0000
0.0000
1.4766
3.2783
0.0000
0.6652
0.0000
0.0000
0.0000
0.0000
0.0000
0.0000
0.0000
0.0000
0.0000
0.0000
0.6290
1.8458
0.4772
0.0000
0.0000
0.8860
0.0000
0.0000
1.4820
0.0000
2.4009
0.0000
0.0000
1.0583
0.0000
2.9351
0.2106
3.2674
0.0000
0.0000
0.0000
0.0000
0.3660
0.1489
0.0000
1.5368
0.0000
0.0000
0.0000
0.0000
0.3217
0.0000
0.0000
0.0000
0.0000
1.4536
0.0000
0.0000
0.0000
1.1706
0.0000
0.0000
0.4748
0.8326
0.0000
1.4964
0.0000
0.0000
0.7622
1.8656
0.0000
0.8906
0.0000
0.0576
0.0000
0.0000
0.6529
0.0000
0.0000
0.6662
0.0000
0.0000
0.0000
0.0000
0.1476
1.9384
0.0000
2.9612
0.0000
0.0000
0.0000
0.0000
0.0000
0.0000
0.0000
0.0000
0.0000
0.0000
0.0000
0.0000
2.5704
1.4024
0.0000
0.0000
0.0000
1.2675
0.0000
0.0000
0.0000
0.0000
0.0000
0.0000
0.0000
0.0000
2.3349
0.0000
0.0000
0.0000
0.0000
0.0000
0.0000
0.0000
0.0000
0.7089
2.1842
2.0707
0.0000
0.8218
0.0000
0.0000
0.0000
1.0482
0.0000
0.0119
0.0000
0.0000
0.0000
0.0000
0.0000
0.0000
0.6561
0.3255
0.0000
0.0000
0.0000
0.0000
0.0000
1.1069
0.0000
0.0000
4.4788
0.1709
0.3641
0.0000
0.0000
0.0000
0.0000
2.9992
2.1580
0.0000
0.0000
0.0000
0.0000
0.1353
0.0000
0.0000
0.0000
0.0000
0.0000
0.0000
0.0000
0.0000
0.0000
0.0000
0.0000
0.2465
0.0000
0.2586
0.0000
0.0000
0.0000
0.0000
0.0000
0.0000
0.0000
0.8791
0.0000
0.0000
0.0000
0.8433
0.0000
0.0000
0.0000
0.0000
1.0304
0.0000
0.0000
0.0253
0.4642
1.6213
0.0000
1.1739
0.0000
0.0000
0.0000
0.0000
0.3763
1.6597
0.0000
0.0000
0.0000
0.0000
0.0000
3.7641
0.0000
0.0000
0.0000
0.0000
0.0000
0.0000
0.0000
0.0000
0.0000
0.0000
0.3008
0.0000
0.0000
0.1974
0.0098
0.0000
0.2942
0.0000
1.9749
0.0000
0.0000
0.0000
0.0543
2.4720
0.0000
0.0000
0.0000
1.6107
0.0000
0.9916
0.0000
0.0000
0.0000
0.0000
0.0000
0.0000
0.0000
0.0000
0.0000
0.3448
0.0000
0.0000
0.0000
1.6029
0.0000
1.3814
4.2487
0.0000
0.0000
0.0000
0.0000
0.8706
0.0000
0.0000
0.0000
0.2153
0.6523
0.0000
0.0000
0.0000
0.0000
0.0000
0.0000
0.0000
0.0000
0.0000
0.0000
0.0000
0.0000
0.0000
0.0574
0.0000
0.3040
0.0000
0.0000
0.4087
0.0000
0.0830
0.4218
0.0000
0.0990
0.0000
1.0689
1.3615
0.4317
0.0000
0.0000
0.0000
0.0000
0.0000
0.0000
0.8633
0.0000
0.0000
0.0000
0.0000
0.1957
0.0000
1.6745
0.0000
1.3557
0.0000
0.0000
0.0000
0.0000
0.5384
0.0000
0.0000
0.0000
0.2336
0.0000
0.0000
2.9700
0.0000
0.0000
0.0000
0.0000
0.0000
0.0000
0.0000
0.0000
0.0000
0.0000
0.0000
0.0000
0.0000
0.0000
0.0916
1.1110
0.3077
0.0000
0.7208
0.4265
2.7519
0.0000
0.0000
0.0000
0.0000
0.0000
2.2834
1.0765
2.2106
0.0000
0.0000
0.0000
1.4449
0.0000
1.1938
0.0667
0.0000
0.0000
0.0000
0.0000
0.0000
0.0000
0.0000
0.0000
0.0000
1.6495
1.0364
0.0000
3.0411
0.0000
0.7447
0.0000
0.0000
0.0000
0.0000
0.0000
3.2701
0.0000
0.0000
2.9304
0.0000
0.0000
0.0000
1.8150
0.0000
0.9328
0.8950
1.3829
0.0000
0.0573
0.0000
0.3489
1.5478
0.0000
0.0000
0.0000
0.1416
0.0000
0.0000
0.0000
0.0000
0.0000
0.0000
0.0000
0.0000
2.8677
0.0000
0.0000
2.3046
0.0000
2.4540
0.0000
0.0000
0.0000
0.0000
0.0000
0.0000
0.2998
0.8254
0.0000
0.0000
2.4451
0.0000
3.1884
0.0000
0.0651
0.0000
0.0000
0.0000
0.0000
0.0000
1.5987
4.0412
0.0000
0.0000
1.8937
0.0000
0.0000
2.6901
0.0000
0.0000
0.0000
0.0000
0.0000
0.0000
0.0000
0.0000
0.0000
0.0000
0.0000
0.0000
0.0000
2.5786
0.0000
0.0000
0.0000
0.0000
1.9617
0.0000
4.8804
0.9268
0.2998
0.0000
0.0000
0.0000
0.0000
0.0000
0.0000
1.3389
0.0000
0.0529
0.4037
0.0000
0.0000
0.0000
0.4149
0.0000
0.0000
0.0000
0.0000
0.0000
1.4660
1.6790
0.0000
0.0000
0.0000
1.9774
0.0000
0.0000
0.0000
0.0000
0.0000
0.0420
0.0000
0.0000
0.0000
1.2301
0.0000
2.6257
0.0000
0.0000
0.0000
0.0000
0.0000
0.4906
0.0000
0.0000
0.0000
0.0000
0.5036
0.0000
1.7961
0.0000
0.8028
0.0000
0.0000
0.0000
0.0000
0.0000
0.0000
0.0000
0.0000
2.8390
0.0000
0.0000
0.0000
0.0000
0.0000
1.8464
0.0000
0.0000
0.0000
0.0000
0.0000
0.0000
0.5047
0.7467
0.0000
0.0000
0.0000
0.4604
0.0000
0.0000
0.0000
0.0000
0.0000
2.4801
0.0000
0.0000
0.0000
0.0000
1.9010
2.1407
0.0000
0.6239
0.0000
0.0000
0.1237
0.0000
2.7934
0.0000
0.0000
0.0000
0.0000
0.0000
0.0000
0.0000
0.0000
0.0000
0.0000
0.0000
0.0000
0.0000
0.0000
0.0000
0.0000
0.0000
0.0000
0.0000
0.0000
1.2611
0.7887
0.0000
1.8353
2.5270
1.6968
0.0000
0.8021
0.0000
0.0000
1.7466
0.0000
0.0000
3.6621
0.0000
0.0000
0.6913
0.8191
0.0000
0.0000
0.0000
0.2132
0.0000
0.0000
1.0141
1.6954
0.0000
0.0000
0.0000
0.0000
1.0416
1.3551
0.0000
0.0000
0.0000
0.0000
1.3643
0.0000
0.9472
0.0000
0.0000
0.0000
0.0000
0.0000
0.0000
0.0000
0.0000
1.4309
0.6926
0.0000
0.0000
0.0000
0.0000
0.0000
0.2704
0.2997
0.0000
0.0000
0.0770
0.0000
1.8567
1.7086
0.0000
0.0000
0.0000
0.0000
0.0000
1.8471
0.2603
0.0000
0.0000
0.0000
0.7150
0.0000
0.0000
0.0000
0.0000
0.0000
0.0000
0.0000
0.0000
0.0000
0.0000
0.0000
1.7951
0.0000
0.2059
0.0000
0.0000
0.0000
0.0000
0.0000
1.4573
0.0000
0.0000
0.0000
0.4957
0.0000
0.0000
0.0365
0.0000
0.0000
0.0000
0.0000
0.0000
0.0000
0.0000
0.0000
0.0000
0.0000
0.0000
3.2033
0.0000
0.3951
0.0000
0.0000
0.0000
0.0000
0.0000
1.5602
0.0000
0.0000
0.0000
0.0000
0.0000
0.0000
0.0000
0.0000
0.0000
0.0000
0.5510
0.0000
0.0000
0.0000
0.0652
0.0000
0.0607
0.6739
0.0000
0.0000
0.0000
0.0000
0.0000
0.0000
0.0000
0.0000
0.0000
0.0000
3.1058
0.0000
1.6999
0.4709
0.5224
0.3405
0.0000
0.0000
0.0000
0.0000
0.0000
0.0000
0.0000
0.0000
2.0650
0.0000
2.5672
0.0000
0.0000
0.0000
0.0000
0.0000
2.5711
0.0000
0.0000
0.8546
0.0000
0.0000
0.0000
0.0000
0.0000
1.3224
2.8256
0.0000
0.0000
0.0000
0.0051
0.0000
0.0000
0.0000
0.0000
0.0000
0.0000
0.0000
0.0000
0.0000
0.0000
1.1928
1.8029
2.3442
0.2843
0.7514
2.6868
1.5056
0.0000
0.0000
0.0000
0.0956
1.9658
1.1047
1.6232
0.0000
0.0000
0.0000
0.5289
0.0000
0.0000
0.0000
0.0000
0.0000
0.0000
0.0000
0.0000
0.0000
0.0000
0.0000
0.0000
2.4708
0.0000
0.0000
0.0000
0.0000
0.0000
1.4487
0.0000
0.0000
0.0000
0.6793
0.1721
0.0000
0.0000
1.4343
2.0148
0.0000
0.0000
0.0000
0.0000
0.0000
0.8372
0.0000
0.0000
0.0000
0.0000
0.0000
0.0000
0.0000
0.0000
0.0000
0.0000
0.0000
0.2606
0.0154
0.0000
0.0000
0.0000
2.9102
0.0000
0.0000
0.0000
1.4147
0.0000
0.0000
0.2909
0.0000
0.0000
0.0000
0.3582
1.2052
0.0000
0.0049
0.0000
0.0000
2.2678
0.0000
0.0000
0.0000
0.0000
0.0000
0.7027
0.6245
0.0000
0.0000
0.0000
0.0000
0.0220
0.0000
0.0000
0.0000
0.0000
0.0000
0.0000
0.0000
0.0000
0.0000
0.0000
0.0000
0.0000
0.0000
0.0000
0.0000
0.0000
0.1210
0.0000
0.0000
0.0000
0.0000
0.0000
0.0832
0.0000
0.0000
2.4814
0.0000
0.0000
3.2650
0.0000
3.0345
0.0000
0.0000
0.1546
0.0000
0.0000
0.0000
0.0000
0.0000
0.0000
0.0000
1.8571
0.0787
0.0000
0.0000
0.0000
0.0000
1.8888
0.0000
0.0000
0.0000
0.0000
0.6773
0.1817
0.0000
0.0000
0.0000
0.0000
0.0000
0.0000
0.1219
0.0000
0.0000
0.0000
1.6219
0.0000
0.0000
1.0265
0.0000
0.0000
0.0000
0.0000
0.1008
1.3921
0.1825
0.0000
0.0000
0.0000
1.3547
5.2848
0.0000
0.0000
1.4229
0.0000
0.0000
0.0000
0.0000
0.0000
0.0000
0.0000
0.0000
0.0000
0.0000
0.0000
0.0000
0.0000
0.0000
0.0000
0.0000
0.0000
0.0000
0.0000
0.0000
0.9093
0.0000
0.0000
1.0196
0.0000
0.0000
0.0000
0.0000
0.0000
2.6116
0.0000
0.6474
0.0000
1.7166
0.0000
0.0000
0.0000
0.5227
0.0000
0.0000
1.1244
0.0000
0.0000
0.0000
0.0000
0.0000
1.2438
0.0479
0.0000
4.0503
0.0000
0.0000
0.0000
0.9756
0.0000
0.0000
0.0000
1.9232
0.0000
0.0000
0.0000
1.1405
0.3405
0.4566
0.0000
0.0000
1.5647
0.0000
0.0000
0.0000
0.0000
0.0000
0.2250
0.0000
0.0000
0.0000
0.0000
0.0000
0.0000
0.0000
2.5065
0.0000
1.7833
2.4124
0.0000
0.0000
0.0000
0.0000
0.0000
0.0000
0.2427
0.0000
0.0000
0.0000
0.0000
0.0000
0.8929
0.0000
0.0000
0.0000
0.0000
0.0000
0.0000
0.0000
0.0000
2.3094
0.0000
0.0000
0.0000
0.0000
0.0000
0.0000
1.1764
0.0000
0.1262
0.0000
0.0000
0.0000
0.6133
1.2749
0.0000
0.0000
1.0179
0.9005
0.0000
0.0000
0.0000
0.0000
0.0000
0.0000
0.0000
4.0755
1.4418
0.0000
0.0000
0.0000
3.4064
1.4391
0.0000
0.0000
0.7284
0.0000
0.0000
0.0000
0.0000
0.0000
0.0000
0.0000
0.0000
0.0000
0.0000
0.0000
0.0000
0.0000
1.2864
1.1642
0.0000
0.0000
0.0000
0.9105
1.4329
0.0000
0.0000
0.5162
0.0000
1.8946
0.0000
0.0000
0.0000
0.8815
0.0000
0.0000
0.0000
0.0000
0.9232
0.0000
0.0898
2.4624
0.0971
0.0000
0.0000
0.0000
0.0000
0.0000
0.0000
0.0000
0.0000
0.0000
1.5929
0.0000
0.0000
0.0173
0.8767
0.0000
0.0000
0.0000
0.0000
0.0000
0.0000
0.0000
0.0000
0.0000
0.0000
0.0000
0.8205
0.0000
0.0000
0.0000
0.0000
0.0000
0.0000
0.2776
0.0000
0.0000
0.0000
0.0000
3.8655
0.0000
0.0000
0.0000
0.0000
0.0000
0.0000
0.8644
1.1721
0.0000
0.0000
0.0000
0.0000
0.0000
0.0000
0.0000
0.0000
0.0000
1.6860
0.0000
0.0000
1.6303
0.0000
3.3175
0.0000
0.0000
0.7605
0.0000
0.0000
0.0000
1.2154
1.7124
0.9890
0.0000
5.1909
0.6961
0.0000
0.0000
0.0000
1.5096
0.0000
3.5100
0.0000
0.0000
0.0000
0.0000
0.0000
0.7509
0.0000
0.0000
0.0866
0.0000
0.0000
0.0000
2.2425
0.0000
0.0000
0.0000
2.3490
0.0000
0.0000
0.1202
0.0000
0.1832
0.0000
0.0000
0.0000
0.0000
0.0000
0.0000
0.0000
1.8688
1.3204
6.2405
0.0000
1.0303
2.5841
0.0000
0.0000
0.0000
0.0000
0.0000
0.0000
0.0000
0.0000
0.0000
2.2788
0.0000
0.0000
0.0000
0.2170
0.0000
0.0182
0.0000
2.8223
0.0000
0.0000
0.0000
0.8351
0.2684
1.1627
0.9625
0.0000
0.0000
1.5196
0.0000
0.5266
0.0000
0.0000
3.1475
0.0000
0.0000
0.0000
0.5095
0.0000
2.7649
0.0000
0.0000
0.0000
0.0000
0.0000
0.2600
0.0000
0.0000
0.0000
1.8249
0.1954
0.0000
0.0000
0.0000
0.0000
0.0000
1.5343
0.0000
0.0000
0.0000
0.0000
0.0000
0.0000
0.0000
0.0000
0.0000
0.1650
2.1869
0.0000
0.0000
0.6055
0.0000
0.0000
0.0000
1.5181
0.0159
0.0000
0.8296
0.0000
0.0000
0.6511
0.0000
0.0000
0.0000
0.0000
1.1201
0.0000
0.3572
0.0000
0.0000
4.3498
0.0000
0.0000
1.0494
0.0000
0.0000
0.0000
0.9437
0.0000
0.0000
0.0000
0.0000
0.2587
1.3414
0.0000
0.0000
0.0000
0.0000
0.0000
1.7969
2.2921
0.0000
0.0000
0.5547
0.0000
0.0000
0.0000
0.0000
0.0000
0.0000
0.0000
0.0000
1.2192
0.0000
0.0000
0.0000
0.0000
0.0000
0.0000
0.7195
1.6517
0.0000
0.0000
3.0474
0.0000
0.0000
0.0000
0.0000
0.0000
0.0000
0.0000
0.0000
0.0000
0.5370
0.0000
0.0191
0.0000
0.0000
0.0000
0.0000
0.4162
0.3607
0.0000
0.0000
0.0000
2.0389
0.8191
1.8037
0.0000
0.0000
0.0000
0.0000
0.0000
2.7510
0.0000
0.0000
0.0000
0.0000
0.0000
0.0000
1.5375
2.5127
0.0000
0.0000
0.0000
0.0000
2.9087
0.0000
0.0000
0.0000
0.0000
0.0000
0.0000
0.0000
0.0000
0.0000
0.0000
0.0000
0.9501
0.0000
1.7385
0.0000
0.0000
0.4332
0.0000
0.0000
0.6045
0.0000
0.0000
0.0000
0.0000
3.8360
1.4846
0.0000
0.0000
0.0000
0.0000
0.0000
0.0000
1.6904
0.0000
0.0000
1.2531
1.7370
0.0000
0.0000
0.0000
0.0000
0.0000
0.0000
0.0396
0.0000
0.0000
0.0000
6.2389
0.0000
1.6287
0.0000
0.0000
0.0000
0.0000
0.0000
0.0000
0.1194
0.0000
1.3580
0.0000
0.0000
0.0000
0.0000
0.8131
0.1022
0.0000
0.0000
0.4936
0.0000
1.1999
0.0000
0.0000
0.3403
0.0000
0.0000
0.0000
0.0000
0.0000
0.0000
2.3976
2.2392
0.0000
0.0000
0.0000
0.2919
0.0000
0.0000
0.0000
0.0000
0.0000
0.0000
0.0000
0.0000
0.0000
0.0000
0.0000
0.0000
1.8049
0.0000
0.9090
0.0000
0.0000
0.0000
0.0000
0.0000
0.0000
0.0000
0.0000
0.0000
0.0000
0.0000
0.0000
0.0000
0.0000
1.5671
0.0000
0.0000
0.0000
0.0000
0.0000
1.1465
0.0000
0.0000
0.0000
0.0000
0.0000
0.0000
0.0000
0.0000
0.0000
0.0000
0.3244
0.0000
0.0000
0.0000
0.0000
0.0000
0.0000
0.0000
0.0152
0.0000
0.0000
0.0000
1.0439
0.6754
0.0000
2.4069
0.0000
0.8878
2.0404
0.1635
0.0000
0.0000
0.0027
0.0000
0.7335
0.0000
0.0000
0.0000
0.0000
0.0000
0.0000
0.0000
0.0000
0.7830
0.0000
2.8523
0.0000
2.6750
0.0080
0.0000
0.0000
3.0400
0.5602
0.0000
0.0000
0.0000
0.0000
0.0000
1.5398
0.0000
0.0000
0.0000
0.0000
0.6139
0.0000
0.0000
1.2177
0.0000
0.0000
3.0706
0.0000
0.0000
0.0000
0.7901
0.0000
0.0000
3.5839
0.0000
0.0000
0.0000
0.0000
0.0000
1.7914
0.5389
0.0000
0.7984
0.0000
0.0000
0.0000
0.0000
0.0000
0.0000
2.3161
0.0000
0.0000
0.0000
0.0000
0.0000
1.2279
0.4641
0.0000
0.0000
0.0000
0.0000
0.8564
0.0000
0.0000
0.0000
0.0000
0.0000
0.8269
0.0000
0.0000
0.0000
3.7593
0.0000
0.0000
1.4442
0.0000
0.0000
0.0000
0.7376
0.0000
0.0000
0.0000
1.2406
0.0000
0.0000
0.3371
0.0000
0.0000
0.6508
0.5487
0.0000
0.0000
0.3285
0.0000
0.0000
0.0000
1.1998
0.0000
0.7593
0.0000
0.0000
0.0000
0.0000
0.0000
0.0000
0.0000
0.0000
0.0000
0.0000
0.6817
0.0000
0.0610
0.0000
0.0000
0.0000
0.0000
2.5306
0.0000
0.5628
0.0000
5.1508
0.0000
1.7220
0.3085
0.7365
0.0000
0.0000
0.0000
0.0000
0.0000
0.0000
0.0000
0.0000
0.0000
0.0000
0.0000
0.0000
0.0000
0.0000
0.0000
0.0000
0.0000
0.0000
0.0000
0.0000
0.0000
0.0000
1.2261
0.0000
0.0000
0.0000
3.3035
0.0000
0.0000
0.0000
0.0342
0.0000
0.0000
0.0000
0.0000
0.0000
0.0000
0.0000
0.0000
0.0000
0.0000
0.0000
0.0000
0.0000
0.0000
0.0000
0.0591
0.0000
0.0000
0.0000
0.0818
0.0000
0.0000
0.0000
0.0000
0.1911
0.0000
0.0000
0.0554
0.0000
0.0000
0.9600
0.0000
0.7482
0.7065
0.0000
1.8807
0.0487
0.0000
0.0499
0.0000
0.0000
0.0000
0.0000
0.0000
3.6543
0.0000
0.4309
0.0000
0.0000
0.0000
0.7773
0.1166
0.0000
0.0000
0.0000
2.0183
0.0000
3.0925
1.0015
2.1497
0.0000
0.0000
0.0000
0.0000
0.0000
0.0000
3.6227
0.1668
0.0000
0.0000
0.0000
0.0000
0.0000
0.0000
0.0000
0.0000
0.0000
0.0000
0.0000
0.0000
0.0000
0.5829
0.0000
0.3739
0.0000
0.0000
0.7742
0.8093
0.0000
0.6193
0.0000
0.4293
0.0000
2.0449
0.0403
1.5825
0.0000
0.0000
0.0000
0.0000
0.0000
0.0000
0.0000
0.0000
0.0000
0.0000
0.1777
0.8830
0.0000
0.0000
0.0000
0.0000
0.9488
0.0000
0.0000
0.0000
0.0000
0.0000
0.0000
0.0000
0.0000
0.0000
0.0000
3.7480
0.0000
0.0000
0.0000
0.2609
0.0000
0.0156
0.8395
0.0000
0.0000
0.0000
0.2672
0.1342
0.0000
0.0000
0.0000
0.0000
0.0000
0.0000
1.6959
0.0000
0.0969
0.0000
0.0000
0.0000
0.0000
0.0000
0.0000
0.0000
0.0000
0.0000
0.0000
0.0000
0.0000
0.0000
0.0000
0.0000
0.7109
0.0000
3.9146
0.0000
0.0000
0.0000
0.0000
0.0000
0.0000
0.0000
0.0000
0.0000
0.0000
0.0000
0.0000
0.0000
0.0000
0.0000
0.0079
0.0000
0.3090
0.0000
0.0000
2.2092
0.0000
0.0000
0.9017
0.0000
0.0000
0.0000
0.0000
1.9602
0.5513
0.0000
0.0000
1.9309
3.3974
1.0936
0.0000
0.0000
0.0000
0.0000
0.0704
0.0000
0.0000
1.8518
0.0000
1.9802
0.0000
0.2454
0.0000
1.2469
0.0000
0.6439
0.0000
1.8559
1.1408
0.0000
0.0000
1.3235
0.0000
0.0000
0.0000
2.0371
0.0000
0.0000
0.0000
0.0000
1.6225
0.0000
0.3326
3.1649
0.7571
0.0000
0.2093
0.0000
1.7030
0.0125
0.0000
0.0000
0.0000
0.0000
0.0000
0.3532
6.4869
0.0000
0.0000
0.0000
0.0000
0.0000
0.0000
1.1193
0.7058
1.3824
0.0000
0.0000
0.0677
0.0000
0.6853
3.8683
0.0000
0.0000
0.0000
0.0000
2.5803
0.8690
0.0000
0.0000
0.0000
0.0000
0.0000
2.1934
0.0000
0.0000
4.0558
0.0000
0.0000
0.0000
0.0000
1.4757
1.2269
1.4216
0.0000
0.0000
0.0000
1.4999
0.0000
0.0000
0.0000
0.0000
0.0000
0.0000
0.0000
3.6339
0.0000
1.2373
0.0000
1.3645
0.0000
0.0000
0.0000
0.0000
0.0000
0.0000
0.0000
2.7914
0.0000
0.0000
0.0000
0.0000
0.0000
0.0000
0.0000
0.7364
0.0000
0.0000
0.0000
0.0000
0.0000
0.0000
0.0437
3.0906
5.3098
0.0000
0.0000
0.0000
0.0000
0.0000
0.0000
0.0000
0.0000
0.0000
0.0000
2.2695
0.0000
0.4394
1.2615
0.1228
0.0000
0.0000
0.0000
0.0000
0.4615
2.7162
0.0000
0.0000
0.0000
0.0000
0.0000
0.9800
0.0000
5.3503
0.0000
0.9469
0.0000
0.0000
0.0000
0.0000
0.0000
0.0000
0.0000
0.3097
1.4995
0.0000
0.0000
0.0000
0.0000
2.5537
0.0000
0.3625
0.0000
0.0000
0.0000
0.0000
0.0000
0.0000
0.0000
0.0000
3.4206
0.0000
0.0000
0.0000
0.0000
0.0000
0.0000
0.0000
0.0000
0.0000
0.0000
1.8052
1.5894
0.6224
0.9197
0.7541
0.0000
1.0961
0.0000
0.0000
0.0000
0.0000
0.7386
0.0000
0.9462
0.0000
0.0000
0.0000
0.0000
0.0000
0.0000
0.0000
0.0000
0.0000
0.0000
0.1365
0.0000
0.0000
0.0000
0.0000
3.5868
0.0000
0.0000
0.0000
0.0000
0.0000
1.9669
0.0000
0.0000
0.0000
0.0000
1.7466
0.0000
0.7332
0.0900
2.6623
0.0000
0.0000
0.0000
0.0000
0.4443
0.0000
0.3299
0.0000
0.0085
0.0000
1.3861
0.0000
0.0000
0.0000
0.0000
0.0000
0.0000
1.8290
0.0000
0.0000
0.0000
0.0000
0.0000
0.0000
0.0000
0.0000
2.6568
0.0000
0.5247
2.8016
1.6132
0.0000
0.0000
0.0000
0.0000
0.0593
0.0000
0.0000
0.0000
0.0000
0.0000
1.1459
0.0000
0.0000
0.0000
3.7879
0.0000
2.7075
0.2691
0.0000
0.0000
0.0000
0.0000
2.1353
0.0000
0.0000
0.0000
0.0000
0.0000
0.1915
2.1506
0.0000
0.0000
0.4609
0.6729
0.0000
0.0000
0.0000
0.0000
0.0000
0.0000
0.8175
1.9235
0.0000
0.0000
0.0000
0.0110
0.0000
1.9172
0.0000
0.0000
0.0383
0.0000
0.0000
0.0000
0.0000
0.0000
0.0067
0.0000
0.0000
0.0000
0.0736
1.2162
0.0000
2.0452
0.0000
0.0000
0.0000
0.0000
0.5966
0.0287
0.0000
0.0000
0.1063
1.0679
0.0000
1.1664
0.0000
0.0000
0.0000
0.0000
0.0000
1.2161
0.0000
0.0000
0.0000
0.0000
0.0000
0.0000
0.0000
0.4879
2.4518
0.0000
0.0000
0.0000
0.0000
0.0000
1.0106
2.4014
0.0000
1.0702
0.0000
0.0000
0.0000
0.0000
0.0000
0.0000
0.0000
0.0000
0.0000
0.6679
0.6338
0.0000
0.0000
2.9275
0.0000
0.0000
0.6488
0.0000
0.0000
0.0000
2.7875
0.0000
0.0000
0.0000
0.0000
0.9972
1.5419
0.7427
0.0000
0.0000
0.0000
0.0000
1.2791
0.0000
0.0000
0.0000
0.8871
0.0000
0.0000
0.0000
0.0000
0.0000
0.4820
0.0000
0.0000
0.0000
0.0000
0.0000
4.0407
0.0000
0.0000
1.9781
1.0242
0.0000
0.5197
0.0000
0.0000
0.0000
0.0000
0.0000
0.0000
0.0000
1.3352
2.9838
0.0000
0.3731
2.4969
0.0000
2.0872
0.0000
0.0000
1.1003
0.0000
0.0000
0.0000
0.0000
2.0834
0.0000
0.0000
0.0000
0.0765
0.0000
0.0000
0.0000
0.0000
0.0000
0.3678
0.0000
0.0000
0.0000
0.0000
1.8798
2.3479
0.0000
0.0000
0.0000
0.0000
0.0000
0.0000
0.0000
1.1171
0.0000
0.0000
0.0000
0.0000
0.0000
0.0000
0.0000
0.0000
0.4205
0.0000
0.0000
0.0000
0.0000
0.0000
0.0000
0.0000
0.0000
0.0000
0.0000
0.0000
0.0000
2.0785
0.0000
0.0000
0.0000
0.0000
1.6903
0.4951
0.7612
0.3407
0.0000
0.7053
1.1387
0.0000
0.0000
0.0000
3.0221
0.9066
0.0000
0.0000
0.0000
0.0000
0.0000
0.0000
0.0000
2.3738
0.0000
0.0000
0.0000
4.6977
0.0000
0.0000
0.0000
0.0000
0.0000
0.0000
2.3432
0.0000
0.0000
0.0000
0.0000
0.9708
0.0000
0.3284
0.0000
0.5492
0.0000
0.0000
0.5006
0.0000
0.0000
0.0000
0.0000
0.0000
0.0000
3.1742
0.0000
1.9230
0.0000
0.0000
1.2761
0.0000
0.0000
0.0000
2.2940
0.0000
0.0000
2.5391
0.0000
0.0000
0.0000
0.0000
0.0000
0.0000
0.9355
0.0000
0.0000
0.0000
0.0000
0.0000
0.0000
2.8145
0.0000
0.0000
0.0000
3.3513
1.0847
0.0000
0.0000
0.3592
0.0000
0.2820
0.0000
0.0000
1.0456
2.9615
0.0000
0.0000
1.7023
0.0000
4.6354
0.0000
2.1746
0.0000
2.0783
0.0000
0.0000
0.0000
0.0000
0.0000
0.0000
0.0000
0.0000
1.9306
1.7712
2.2334
0.0000
0.0000
0.0000
0.0000
0.0000
0.0000
0.0000
0.0000
0.0000
0.0000
0.0000
1.3631
0.0000
0.0000
0.0000
1.6745
1.3806
0.0751
0.0000
0.0000
0.0000
0.8067
0.9746
1.2136
0.0000
0.0000
0.0000
0.8465
0.0000
1.2523
0.0000
0.0000
0.0000
0.0000
0.0000
0.0000
0.0000
0.0000
0.0000
0.0000
0.0000
1.1379
0.0000
0.0000
0.0000
0.0000
0.0000
0.0000
1.2783
1.1152
0.0000
0.0000
0.5033
0.7355
0.0000
0.0082
0.0000
0.0000
0.0000
0.0000
0.0000
0.0000
0.0000
0.0000
0.0000
2.2197
0.3584
0.1433
0.6236
0.0000
0.0000
0.0000
0.9449
0.0000
0.0000
0.0000
2.0076
1.4440
0.9966
0.0000
0.0000
0.0174
0.0000
0.0000
0.0000
0.0000
0.0000
0.8359
0.0000
0.0000
0.0000
0.0000
0.0000
5.4314
0.0000
1.0202
0.0000
0.2923
0.0000
0.0000
0.0000
0.0000
0.5057
0.0000
0.4924
0.9123
0.0474
5.0894
0.4325
0.0000
0.0000
2.4177
2.7488
0.0000
0.0000
0.0000
0.0000
0.0000
0.0000
0.0000
0.0000
0.0000
0.1630
0.0000
0.0000
0.0000
0.0000
0.0000
0.0853
0.0000
0.0000
0.0000
0.0000
0.0000
0.9471
0.0000
1.0586
0.2296
0.9405
0.0000
0.0000
0.0000
3.4024
0.0000
0.0000
0.0000
0.0000
0.1010
0.0000
3.1253
0.0000
0.0000
4.8768
0.0000
0.5071
0.0000
0.0000
1.2102
0.5760
0.0000
0.0000
0.0000
0.0000
0.0000
0.0000
0.0000
1.4849
0.1309
0.0000
0.0000
0.0000
0.0000
0.0000
0.0864
0.0000
0.0000
0.0000
0.0000
0.0000
0.0000
