0.0000
0.0000
0.0000
0.0000
0.5412
0.0000
0.0000
0.0000
0.0000
1.7925
1.2781
0.0000
1.4105
0.0000
0.0000
0.0000
0.0000
0.0000
0.0000
0.0000
0.0000
0.0000
1.9374
2.1318
0.0000
0.5383
0.0000
0.3627
0.0000
0.0000
0.0000
0.0000
0.3779
0.0000
2.4148
0.0000
0.0000
0.0000
1.3671
0.0484
0.0000
0.0000
0.0000
0.0000
0.0000
0.0000
0.0000
0.0000
0.0000
0.0000
0.0000
0.0000
0.0000
0.0000
0.0000
0.0000
0.0000
0.0000
0.0000
0.0000
0.0000
1.1131
0.0000
2.5781
0.0000
0.0000
0.0000
0.0000
0.0000
0.0000
0.0000
3.4707
0.1687
0.0000
0.0000
0.6044
0.0000
0.0000
0.0000
0.0000
0.7704
0.0000
0.0000
0.0000
0.0000
2.0134
0.0000
3.0105
0.0000
0.0000
0.0000
0.0000
0.0633
2.5471
0.0000
0.0000
0.0000
0.0000
2.2867
0.0000
0.0000
0.0000
0.7578
0.0000
0.0000
0.1513
0.0000
0.0000
1.0613
3.7198
0.0000
0.0000
0.0000
1.1811
0.0000
0.0000
0.0000
0.0000
0.0000
0.0000
2.8735
0.0065
1.2394
0.1898
0.0000
0.0000
0.3976
1.7292
0.0000
0.4314
0.0000
0.0000
0.0450
0.0000
2.3007
0.0000
1.3602
1.3605
0.0000
4.2356
1.1546
0.0000
1.6428
1.5900
1.4247
0.0000
0.0000
1.5182
1.1088
0.0000
0.0000
1.2516
0.0000
0.0000
0.0000
0.4943
0.0000
0.0000
0.0000
0.0000
0.4974
0.0000
1.3044
0.0000
0.0000
1.3965
0.0000
0.0000
0.0000
1.7033
0.0000
0.0000
0.0000
0.8002
0.0000
0.0000
0.0000
0.0000
0.0000
5.6765
1.5667
3.7336
0.0000
0.0000
0.0000
0.0000
0.0000
0.0000
2.2341
0.6828
0.0000
0.0000
0.0000
0.0000
0.7979
0.0000
0.0000
1.4283
4.0089
1.6880
0.0000
0.0000
0.0000
0.0000
0.0000
0.0000
0.0000
0.0000
0.0000
0.0000
0.0000
0.0000
0.0000
0.0000
0.0000
0.0000
0.0000
0.0000
0.0000
0.0000
0.0000
0.0000
0.0000
0.0000
1.2918
0.0000
1.0165
1.1590
0.0000
0.0000
0.0000
0.0000
0.0000
0.0000
2.5849
0.0000
0.5370
0.0000
0.0795
0.0000
0.0000
0.0000
0.0000
0.0000
0.0000
0.1276
0.0000
0.0000
0.0000
0.0000
0.0000
0.0000
0.0000
0.0000
0.0000
0.5708
0.0000
0.0000
0.5637
0.0000
0.0000
0.0538
0.0000
0.0000
0.0000
0.0000
0.0000
0.0000
0.0000
1.3418
4.0445
0.0000
0.0000
2.6109
0.1240
0.0000
0.6809
1.2615
0.0000
0.0000
0.6946
0.0000
1.0615
0.2115
0.0000
1.7152
0.0000
0.0000
0.0000
0.0000
0.0000
0.0000
0.0000
0.0000
3.5156
0.0000
0.1319
1.0416
0.0000
1.0000
0.0000
0.0000
0.0000
1.0396
0.0000
0.0000
0.0000
0.0000
0.0000
0.0000
0.0000
0.0000
0.0000
0.4492
0.7348
0.0000
0.0000
0.0000
0.0000
0.3296
0.0000
0.4549
0.0000
0.0000
0.0000
0.0000
0.4000
0.7613
0.0000
3.3164
0.0000
0.0000
0.0000
0.0000
0.0000
2.2220
2.0711
0.0000
0.0000
3.6577
0.0000
0.0000
0.0000
0.0000
0.0000
3.5449
0.0000
0.0000
0.0000
0.0000
0.0000
4.1864
1.1295
0.0000
0.0000
0.8933
0.0369
0.0000
1.6266
0.0000
0.0000
0.0000
0.0000
0.0000
0.0000
0.4328
0.0000
0.0000
0.0000
0.0000
0.0000
1.7048
0.0000
0.0000
0.7004
1.0970
0.0000
1.3064
0.0000
0.0000
3.7531
0.0000
0.0000
0.0000
0.0000
0.0000
1.3748
0.0000
0.0000
0.0000
3.3197
0.0000
0.0000
0.0000
0.0000
1.5195
0.0000
0.0000
0.0000
0.0000
0.0000
0.6397
0.0000
0.0000
0.0000
0.0000
0.0000
0.0000
1.5041
0.0000
0.0000
0.0000
0.0000
2.5692
0.0000
0.4083
0.0000
0.0000
0.0000
0.0000
0.0000
0.0000
0.8959
0.0000
0.0000
0.0000
0.0000
0.0000
0.0000
0.0000
0.0000
0.0000
0.0000
0.0000
0.0000
0.0000
0.0898
0.0000
2.1374
0.0000
2.8458
1.2259
0.0000
0.0000
4.3326
0.2940
0.0000
0.9895
1.6165
1.2926
0.0000
0.0000
0.0000
0.0000
0.0000
0.0000
0.0000
0.1903
0.0379
0.0000
0.4787
0.0000
1.3463
0.0000
0.0000
0.0000
0.0000
0.2234
0.0000
0.0000
0.0000
1.4034
0.0000
0.0000
0.0000
3.4050
2.7704
0.0000
0.4005
0.0000
0.0000
0.0000
0.0000
1.8654
2.4545
1.3534
0.0000
2.2181
0.0000
2.2514
0.0000
0.0000
0.0000
0.0000
0.0000
0.0000
0.0000
0.0000
0.0000
0.0000
0.0000
0.0000
1.9413
0.0000
0.9599
0.0000
0.6379
0.0000
0.0000
2.2852
0.0000
0.0821
0.0000
0.0000
0.0000
0.0000
0.0000
0.5940
6.3422
0.0000
2.2791
3.1669
0.0000
1.7057
0.4064
0.0000
0.0000
0.0000
0.0000
0.0000
0.3732
1.3513
1.6300
0.0000
1.3325
1.7867
0.0000
0.0000
2.4456
0.0000
0.0000
0.0000
0.0000
0.0000
0.0000
0.0000
0.0000
0.0000
0.0000
0.0000
0.0000
0.0000
0.0000
0.0000
0.0000
0.0000
0.0000
0.0000
0.0000
0.0000
0.5484
0.0000
0.0000
0.0000
0.2139
1.8671
0.0000
0.0000
0.0000
0.0000
0.0000
0.0000
0.0000
0.0000
0.0000
0.0000
0.8281
0.0000
0.0000
0.0000
0.0000
0.0000
0.0000
0.0000
0.0000
0.0000
0.0000
0.5021
2.4432
0.0000
0.0000
0.0000
0.0000
0.0000
0.0000
0.0000
0.0000
0.0000
2.5290
0.8379
0.0000
3.0207
0.0000
0.0000
0.6067
0.9505
1.6498
0.0000
0.0000
0.0000
0.0000
0.0000
0.0000
3.1562
0.0000
0.0000
0.0000
1.0524
0.0000
0.0000
1.5508
0.0000
0.8624
0.0000
0.0000
1.6721
0.0000
0.0000
0.0000
0.0000
0.0000
0.0000
0.0000
0.1887
1.9513
3.3705
0.0000
1.2706
0.0000
0.0000
0.0000
0.3227
0.0000
0.0000
0.0000
0.0000
0.0000
0.0000
0.0000
0.0000
0.0000
0.0000
3.1193
0.0000
0.0000
0.0000
0.2101
0.0000
0.0000
0.0000
0.0000
1.1560
0.0000
0.0000
0.0000
0.0000
0.0000
0.0000
0.0000
0.0000
0.1171
0.0000
0.0000
0.0000
0.0000
0.0000
0.0000
0.0000
0.0000
0.0000
0.0000
1.6675
0.0000
0.0000
0.0000
1.0436
0.0000
0.0000
0.0000
1.3590
2.2169
0.0000
3.2748
0.0000
0.0000
0.0000
0.0000
0.0000
0.7970
0.7459
0.7158
0.0000
0.0000
0.5543
0.0000
0.0000
0.0000
0.0000
1.6705
0.3982
0.0000
4.2960
0.0000
0.0000
0.0000
0.0000
0.0000
0.0000
0.0000
0.0000
0.0000
0.0000
1.8409
0.0000
0.0000
0.0000
0.0000
0.0000
0.5341
0.0000
0.0000
0.0000
0.0000
1.2537
0.0000
0.0000
0.0000
0.1781
0.0000
2.9659
0.3219
0.0000
0.0000
1.2304
0.0000
0.3252
0.0000
0.0000
1.1112
0.0000
0.0000
0.5509
0.0000
0.0000
0.0000
0.0000
0.0000
0.0000
0.0000
0.0000
0.9976
0.3695
2.2489
0.0000
0.0000
1.9792
0.0000
1.6796
0.0000
0.0000
1.4924
0.0000
0.0000
0.0000
0.0000
0.0000
0.0000
0.0000
0.8543
0.0000
0.2138
0.0000
0.0000
0.0000
0.0000
0.0000
1.0683
0.0000
0.0000
0.0000
0.0000
0.0000
1.9137
0.0000
0.0000
0.0000
0.0000
0.0000
0.1717
0.0000
0.0000
0.1810
2.8113
0.0000
0.0000
0.0000
0.0000
0.0000
0.0000
0.0000
1.5189
0.0000
0.0000
0.8372
0.0000
0.0000
1.6331
0.0000
0.0000
2.0906
1.8780
0.0000
0.0000
0.0000
0.0000
0.0000
0.0000
0.0000
0.0000
0.0000
2.3426
0.0000
0.0000
0.0000
0.0000
0.0000
0.2667
0.0000
0.0000
0.0000
0.0000
0.0000
0.0000
0.0000
0.0000
0.0000
0.0000
0.0000
0.0000
0.0000
0.0000
0.0000
0.0000
0.0000
0.0000
0.0000
0.0000
0.0000
0.0000
0.0000
0.5123
0.0000
0.0000
0.6617
0.0000
0.0000
0.9523
0.0000
0.0000
0.0000
0.0000
0.0000
1.6618
0.0163
0.0000
1.5873
0.0000
1.8731
0.0000
0.0000
0.0000
0.0000
0.0000
0.0000
0.0000
0.0000
0.0000
0.0000
0.0000
0.0000
1.1839
0.0000
0.0000
0.0000
0.0000
0.0000
0.0000
1.8532
1.3423
0.0000
0.0000
0.0000
0.0000
0.0000
0.0000
0.0000
0.0000
0.0000
0.6898
1.9638
0.0000
0.0000
2.7609
0.0000
0.0000
0.0000
0.0000
0.0000
0.0000
0.0000
0.0000
0.0000
1.8291
0.0000
0.0000
3.4273
1.0735
0.0000
0.0000
0.0000
0.0000
0.0000
0.0000
0.5714
0.5307
0.9848
0.0000
0.0000
0.0000
0.0000
0.0000
0.0000
0.0000
0.0000
0.4506
1.9764
0.0000
0.0000
0.0000
5.3462
0.0000
0.0000
0.0000
0.0000
0.0000
0.0000
1.8718
0.0000
0.0000
0.0000
0.0000
0.0000
0.0000
1.9500
0.0000
0.0000
0.0000
0.1783
0.9643
0.0000
0.0000
0.0000
0.0000
0.0000
0.0000
0.0000
1.0874
0.0000
0.0000
0.0000
0.0000
0.2136
0.0000
0.1991
1.7968
1.7441
1.6183
0.0000
0.0000
0.0000
0.1626
0.0000
0.0000
0.0000
0.0000
0.0000
0.0000
0.0000
0.0000
3.5363
0.0000
0.0000
0.0000
1.6165
0.0000
2.1965
0.0000
0.0000
0.0000
3.2357
0.0000
0.0000
0.0000
3.3942
0.0000
0.0000
0.0537
2.4369
0.0000
0.1699
0.0000
0.8703
0.2637
0.0000
0.0000
0.4001
0.5873
0.0000
0.0000
0.0000
1.9302
0.0000
0.9012
0.0000
1.1670
0.3643
0.0000
0.0000
2.1417
0.0000
0.0000
0.0000
0.0000
0.0000
0.0000
0.0000
3.0409
0.0000
0.0000
0.0000
0.0000
0.0000
0.0000
0.0000
0.0000
0.0000
0.0000
0.0000
0.0000
0.0000
5.3793
0.0000
1.8419
0.0000
1.2659
2.0323
0.1483
0.7472
0.0000
0.0000
1.1365
0.0000
0.0000
0.0000
0.0000
0.0000
2.4729
0.0000
0.0000
1.3344
0.0000
0.0000
0.0000
0.0000
0.0000
1.0399
0.0000
1.3191
0.0000
0.0000
0.0000
1.7300
0.0000
0.0000
0.7695
0.0000
0.0000
0.0000
0.0000
1.2190
0.0000
0.0000
0.0000
0.0000
0.0000
0.0000
0.0000
0.0000
0.0000
1.2517
0.6105
0.1416
1.1706
0.0000
0.0000
0.0000
0.0000
0.0000
0.0000
0.0000
0.0000
0.0000
0.0000
0.0000
0.7303
0.0000
0.0000
0.0000
0.0000
0.0000
0.0000
0.0000
0.0000
0.0000
0.0000
0.0000
0.0000
0.0000
0.0000
0.0000
1.1169
0.0000
0.0000
0.0000
2.1763
0.0000
3.5022
0.0000
0.0000
0.0000
0.0000
0.8869
0.0000
0.0000
0.0000
0.0000
0.1039
0.0000
0.0000
0.0000
0.0000
0.0000
0.0000
0.0000
0.0000
0.0000
0.6885
0.0000
0.0000
0.0000
2.6692
0.8956
0.0000
1.0233
4.0496
0.0944
0.0000
0.0000
0.0000
0.0000
0.0000
1.1206
0.0000
0.0000
0.0000
0.0000
0.0000
0.0000
2.1809
0.0000
3.2238
0.0000
0.0000
0.0000
1.1051
0.0000
0.0000
1.5193
0.0000
0.0000
4.4551
2.2421
0.0000
0.0000
0.3527
0.0000
0.0000
0.0000
0.0000
0.0000
2.8145
0.0000
1.1656
0.0000
0.0000
0.0000
0.0000
0.0000
0.0000
0.0000
0.0000
0.0000
0.5247
4.4852
0.0000
0.0000
0.0000
0.0000
0.0000
0.0000
0.0000
0.0000
0.0000
0.0000
0.0000
0.0000
0.0000
0.0000
0.9659
0.0000
0.0000
0.0000
0.0000
0.0000
0.1442
0.0000
0.0000
0.0000
2.5095
0.0000
0.0000
0.0000
2.3620
0.0000
0.0000
0.0000
0.0000
2.7741
0.0000
0.0000
0.0000
0.0000
0.0000
1.1963
0.0000
0.0000
0.0000
0.0000
0.0000
0.0000
0.0000
1.0957
3.6017
0.0000
0.0000
0.6186
0.1177
0.0000
0.0000
1.5175
0.0000
0.0000
0.0000
0.0000
0.0000
0.0000
1.2278
0.0000
0.0000
0.0000
0.0000
0.0000
0.7820
0.0000
0.0000
0.0000
1.1240
0.0000
0.0000
0.0000
0.0000
0.0000
0.9175
0.0000
0.0000
0.0000
0.0000
0.0000
0.0000
0.0000
0.0000
0.0000
0.0000
0.0000
0.0000
0.0000
0.0000
0.0000
0.6308
0.0000
0.0000
0.0000
0.0000
0.0000
1.8709
1.3807
0.0000
0.0000
0.0000
0.0000
0.0000
0.0000
0.0000
0.8545
1.5766
0.5743
0.0000
1.3783
0.0000
0.0000
0.0000
0.0000
0.0000
0.0000
0.0000
0.0000
0.0000
0.0000
0.0000
0.0000
0.0000
0.6755
0.0000
0.0000
0.0000
0.0000
0.0000
0.0000
0.0000
1.3796
0.0000
0.0000
0.0144
0.3573
0.0000
0.0000
0.0000
0.0000
2.7623
3.1654
0.0000
2.0881
0.0000
0.0000
0.0000
0.0000
0.0000
0.0000
0.0000
0.0000
0.0000
0.0000
0.6558
2.5668
0.1945
0.0000
0.0000
0.3845
0.0000
0.0000
0.7205
0.0000
3.1358
0.0000
0.0000
0.9283
0.0000
2.2594
2.2568
3.4660
0.0000
0.3615
0.0000
0.0000
1.2111
0.0000
0.0000
1.8106
0.0000
0.0000
0.0000
0.0000
0.0000
0.0000
0.0000
0.0000
0.0000
1.1863
0.0000
1.1129
0.0000
1.2374
0.0000
0.0000
1.2964
1.3721
0.0000
1.3518
0.0000
0.0000
0.9811
2.1757
0.0000
0.0000
0.0181
0.7567
0.0000
0.0000
0.3791
0.0000
0.0000
0.0000
0.0000
0.0000
0.0000
0.0000
0.0000
2.3683
0.0000
3.3696
0.0000
0.0000
0.0000
0.0000
0.0000
0.0000
0.0000
0.5521
0.0000
0.0000
0.0000
0.0000
2.4049
2.4421
0.0000
0.0000
0.0000
0.2756
0.0000
0.0000
0.0000
0.0000
0.0000
0.0204
0.0000
0.0000
2.3790
0.0000
1.1759
0.0000
0.0000
0.0000
0.0000
0.0000
0.0000
0.0000
3.4085
1.0004
0.0000
0.3010
0.0000
0.0000
0.0000
0.0000
0.0000
0.0000
0.0000
0.0000
0.0000
0.0000
0.0000
0.0000
0.5002
0.0000
0.0000
0.0000
0.0000
0.0000
0.0000
0.1090
0.0000
0.0000
4.0497
1.3726
0.8284
0.0000
0.0000
0.0000
0.0000
3.1583
2.1674
0.0336
0.0000
0.0000
0.0000
0.0000
0.0000
0.0000
0.8322
1.7263
0.0000
1.6021
0.0000
0.0000
0.0000
0.0000
0.0000
0.0000
0.1451
0.9700
0.0000
0.0000
0.0000
0.0000
0.0000
0.0000
0.0000
1.2290
0.3101
0.0000
0.0000
1.9893
0.0000
0.0000
0.0000
0.0000
0.8702
0.0000
0.0000
0.0000
0.3826
0.7734
0.0000
0.0000
0.0000
0.0000
0.0000
1.1034
1.9696
1.0738
0.0000
0.0000
0.0000
0.0000
0.0000
4.5256
0.0000
0.0000
0.0000
0.0000
0.0000
0.0000
0.0000
0.0000
0.0000
0.0000
0.1420
0.0000
0.0000
0.0000
0.1828
0.0000
0.0000
0.0000
2.1992
1.3222
0.0000
0.0000
0.0000
3.3448
0.1813
0.0000
0.1908
1.5101
0.0000
1.6885
0.0000
0.0000
0.0000
0.0000
0.0000
0.0000
0.0000
0.0000
0.0000
0.4980
0.0000
0.0000
0.7544
1.1161
0.0000
0.0881
4.0249
0.0000
0.0000
0.0000
0.0000
0.3607
0.0000
0.0000
0.0000
0.3215
0.0466
0.0000
0.0000
0.0000
0.0000
0.0000
0.0000
0.0000
0.0000
0.0000
0.0769
0.0000
0.0000
0.0000
0.0976
0.0000
0.1544
0.1938
0.0000
0.0000
0.0000
0.0000
0.6147
0.0000
0.5654
0.0000
1.6014
0.5173
0.1089
0.0000
0.0000
0.0000
0.3787
1.1277
0.0000
0.0000
0.0000
0.0000
0.0000
0.0000
0.0987
0.0000
0.5422
0.0000
1.3554
1.0213
0.0000
0.0000
0.0000
0.0000
0.0000
0.0000
0.0000
0.0000
0.0000
0.0000
1.7434
0.0000
0.0000
0.0000
0.0000
0.0000
0.0000
0.0000
0.0000
0.0000
0.0684
0.0000
0.0000
0.0068
0.0000
1.0962
0.4287
1.4435
0.0000
0.0000
0.0000
2.3937
0.0000
0.0000
0.0000
0.0000
0.0000
1.7297
1.1382
2.0573
0.0000
0.0000
0.0000
0.9830
0.0000
0.0000
0.0000
0.0000
0.0000
0.0000
0.0000
0.0000
0.0000
0.0000
0.0000
0.0000
0.8200
0.7790
0.0000
2.1272
0.0000
0.0000
0.0000
0.0000
0.0000
0.0000
0.0000
3.0105
0.0000
0.0000
3.3642
0.0000
0.0000
0.0000
0.3400
0.0000
0.7966
0.7707
1.4480
0.0000
0.0000
0.0000
1.4547
1.8853
0.0000
0.0000
0.0000
0.0025
0.0000
0.0000
0.0000
0.0000
0.0000
0.0000
0.0000
0.0561
3.4128
0.0000
0.0000
1.6868
0.2801
3.4087
0.0000
0.0000
0.0000
0.0000
0.0000
0.0000
0.1352
0.1588
0.0000
0.0000
2.2021
0.0000
2.1698
0.0000
0.0000
0.0000
0.1632
0.0000
0.0000
0.0000
1.5909
2.7101
0.0000
0.0000
1.3589
0.0000
0.0000
2.4181
0.0000
0.0000
0.0000
0.0000
0.0000
0.0000
0.0000
0.3838
0.0000
0.0000
0.0000
0.0000
0.0000
2.2576
0.0000
0.0000
0.0000
0.0000
2.7427
0.0000
4.3503
2.4077
0.4419
0.0000
0.0000
0.0000
0.0000
0.0000
0.0000
0.0000
0.0000
0.4730
0.0000
0.0000
0.0000
0.0000
0.0000
0.0000
0.0000
0.0000
0.0000
0.0000
0.6167
1.2366
0.0000
0.4850
0.0000
2.9813
0.0000
0.0000
0.0000
0.0000
0.0000
0.2935
0.0000
0.0000
0.0000
0.6228
0.0000
2.0702
0.0000
0.0000
0.0000
0.1718
0.0000
1.6175
0.0000
0.0000
0.0000
0.0000
1.7367
0.0000
1.7760
0.0000
0.1190
0.0000
0.0000
0.0000
0.0000
0.0000
0.0000
0.0000
0.0000
1.6020
0.0000
0.0000
0.0000
0.0000
0.0000
2.3382
0.0000
0.0000
0.0000
0.0000
0.0000
0.0000
2.2600
0.6596
0.0000
0.0000
0.0000
0.0000
0.7962
0.8678
0.0000
0.0000
0.0000
1.6571
0.0000
0.0000
0.0000
0.0000
2.0666
2.0261
0.0000
1.7732
0.0000
0.0000
0.0000
0.0000
3.6329
0.0000
0.0000
0.0000
0.0000
0.0000
0.0000
0.0000
0.0000
0.0000
0.0000
0.0000
0.0000
0.0000
0.0000
0.0000
0.0000
0.0000
0.0000
0.0000
0.0000
1.4208
0.4517
0.0000
1.9788
2.7447
1.0368
0.0000
0.4403
0.0000
0.0000
0.2297
0.0000
0.0000
3.1296
0.1748
0.0000
1.3348
1.5549
0.0000
0.0000
1.3398
0.9213
0.0000
0.0000
0.9704
2.5702
0.0000
0.0000
0.0000
0.0000
0.0000
0.9907
0.0000
0.0000
0.0000
0.0000
2.2115
0.0000
1.2363
0.0000
0.0000
0.0000
0.0000
0.1022
0.0000
0.0000
0.0000
2.1319
0.6702
0.0000
0.0000
0.0000
0.0000
0.0000
0.2343
0.7995
0.0000
0.0000
0.4923
0.5116
1.4872
0.1681
0.0000
0.0000
0.0000
0.0000
0.0000
1.7495
0.4561
0.0000
0.0000
0.8576
1.0330
0.0000
0.0000
0.0000
0.0000
0.0000
0.0000
0.0000
0.5109
0.0000
0.0000
0.0000
1.0401
0.0000
1.2378
0.0000
0.0000
0.0000
0.0000
0.0000
1.5706
0.0000
0.0000
0.0000
0.5461
0.0000
0.0000
0.0000
0.0000
0.0000
0.0000
0.0000
0.0000
0.0000
0.0000
0.0000
0.0000
0.0000
0.0000
2.5043
0.0000
0.0000
0.0000
0.0000
0.0000
0.0000
0.0000
1.3138
0.0000
0.0000
0.0000
0.0000
0.0000
0.0000
0.0000
0.0000
0.0000
0.0000
0.9640
0.0000
0.8193
0.0000
0.7132
0.0000
0.0000
0.4458
0.0000
0.0000
0.0000
0.0000
0.0000
0.0000
0.0000
0.0000
0.0000
0.0000
3.0732
0.0000
1.4199
0.2249
0.8129
0.0000
0.0000
0.0000
0.0000
0.0000
0.5427
0.0000
0.6065
0.0000
2.6182
0.0000
3.2525
0.0000
0.0000
0.0000
0.0000
0.0000
2.3054
0.0000
0.0000
0.8411
0.0000
0.4015
0.0000
0.0942
0.0000
0.3481
2.6688
0.0000
0.0000
0.0000
0.0000
0.0000
0.0000
0.0000
0.0000
0.0076
0.0000
0.0000
0.0000
0.0000
0.0000
1.1624
1.1494
1.5855
0.3980
0.6603
1.7077
1.4725
0.0000
0.0000
0.0000
0.0000
2.0304
0.9973
2.5817
0.0000
0.0000
0.0000
2.9341
0.0000
0.0000
0.0000
0.0000
0.0000
0.0000
0.0000
0.0000
0.0000
0.0000
0.0000
0.0000
2.8030
0.0000
0.0000
0.2464
0.0000
0.0000
1.4397
0.0000
0.0000
0.0000
1.1164
0.0000
0.0000
0.0000
2.1196
1.6855
0.0000
0.0000
0.0000
0.0000
0.0000
0.2385
0.0000
0.0000
0.0000
0.0000
0.0000
0.0000
0.0000
0.0000
0.0000
0.0000
0.0000
0.0000
0.0000
0.0000
0.0000
0.0000
2.3436
0.0000
0.0000
0.0000
0.5440
0.0000
0.0000
0.5044
0.0000
0.0000
0.0000
1.9980
1.1135
0.0000
0.0000
0.0000
0.0000
2.3645
0.0000
0.0000
0.0000
0.0000
0.0000
0.8728
1.3367
0.0000
0.0000
0.0000
0.0000
0.0000
0.0000
0.0000
0.0000
0.0000
0.5748
0.0000
0.0000
0.0000
0.0000
0.0000
0.0000
0.0000
1.4536
0.0000
0.0000
0.0000
0.0000
0.0000
0.0000
0.0000
0.0000
0.0000
0.0667
0.0000
0.0000
1.1151
0.0000
0.0000
2.3869
0.4374
1.0339
0.0000
0.0000
0.0000
0.0000
0.0000
0.0000
0.0000
0.0000
0.0000
0.0000
0.8311
0.0000
0.0000
0.0000
0.0000
0.0000
1.8263
0.0000
0.0000
0.0000
0.0000
0.8226
0.0000
0.0000
0.0000
0.0000
0.0000
0.0000
0.0000
0.0000
0.0000
0.0000
0.0000
1.0255
0.0000
0.0000
0.7179
0.0504
0.0000
0.0000
0.0000
0.0000
0.0000
1.1282
0.0000
0.0000
0.0000
1.9012
6.0738
0.0000
0.0000
1.0887
0.0000
0.0000
0.0000
0.0000
0.0000
0.0000
0.0000
0.0000
0.0000
0.0000
0.0000
0.0000
0.0000
0.0000
0.0000
0.0000
0.0000
0.0000
0.0000
0.0000
0.9351
0.3983
0.0000
0.0000
0.0000
0.0000
0.2674
0.0000
0.0000
1.9330
0.0000
0.7661
0.0000
1.8972
0.0000
0.0000
0.0000
1.8476
0.0000
0.0000
1.4559
0.0000
0.0000
0.0000
0.0000
0.0000
0.5490
0.3614
0.0000
3.6347
0.0000
0.0000
0.0000
0.0000
0.4311
0.0000
0.0000
1.0024
0.0000
0.0000
0.0000
0.0000
1.0371
0.4242
0.0000
0.0000
2.0877
0.0000
0.0000
0.0000
0.0000
0.0000
0.0000
0.0000
0.0000
0.0000
0.0000
0.0000
0.0000
0.0000
3.9696
0.0000
0.3982
3.0576
0.0000
0.0000
0.0000
0.0000
0.0000
0.0000
0.8668
0.0000
0.0000
0.0000
0.0000
0.0000
0.9030
0.0000
0.0000
0.0000
0.0000
0.0000
0.0000
0.0000
0.0000
1.0113
0.0000
0.0000
0.0000
0.0000
0.0000
0.0000
2.0799
0.0000
0.5291
0.0000
0.0000
0.0000
0.5769
1.1633
0.0000
0.0000
0.6630
0.3624
0.2939
0.0000
0.0000
0.0000
0.0000
0.0000
0.0000
3.3171
1.0953
0.0000
0.0000
0.0000
3.3943
1.1165
0.0000
0.0000
0.0008
0.0000
0.0000
0.0000
0.0000
0.0000
0.0000
0.0000
0.0000
0.0000
0.0000
0.0000
0.0000
0.0000
0.4139
1.6760
0.0000
0.0000
0.0000
0.0731
0.6624
0.0000
0.0000
0.7285
0.0000
0.8619
0.0000
0.0000
0.0000
1.5218
0.0000
0.0000
0.0000
0.0000
1.2640
0.0000
0.1410
3.2388
0.0000
0.0000
0.0000
0.0000
0.0000
0.0000
0.0000
0.0000
0.0000
0.0000
0.2345
0.0000
0.0000
0.0000
0.9755
0.1815
0.0000
0.0000
0.0000
0.0000
0.0000
0.0000
0.0000
0.0000
0.0000
0.0000
0.0000
0.0000
0.0000
0.0000
0.0000
0.0000
0.0000
0.1933
0.0000
0.0000
0.0000
0.0000
2.5638
0.0000
0.0000
0.2253
0.0000
0.0000
0.0000
0.0000
2.0673
0.0000
0.0000
0.0000
0.0000
0.0000
0.0000
0.0000
0.0000
0.0000
1.9249
0.0000
0.0000
2.8238
0.0000
3.7672
0.0000
0.0000
0.0000
0.0000
0.0000
0.3847
0.8303
1.7408
0.3666
0.0000
5.4831
0.0000
0.0000
0.0000
0.0000
1.4348
0.0000
4.6157
0.0000
0.0000
0.0000
0.0000
0.0000
1.9264
0.0000
0.0000
0.0000
0.0000
0.0000
0.0000
2.3300
0.9347
0.0000
0.0000
1.7896
0.0000
0.0000
0.0000
0.0000
0.6417
0.0000
0.0000
0.0000
0.5044
0.0000
0.0000
0.0000
3.1854
0.4918
5.5330
0.0000
1.2106
3.1628
0.0000
0.0000
0.0000
0.0000
0.0000
0.0000
0.0000
0.0000
0.0000
1.3826
0.0000
0.0000
0.0000
0.0000
0.2955
0.0000
0.0000
2.5947
0.0000
0.0000
0.0000
0.6665
0.9219
0.9988
1.4322
0.0000
0.0000
1.5575
0.0000
1.3379
0.0000
0.0000
3.6935
0.0000
0.0000
0.0000
0.0000
0.4896
3.4279
0.0000
0.0000
0.0000
0.0000
0.0000
0.2542
0.0000
0.0000
0.0000
1.1883
0.0000
0.0000
0.0000
0.0000
0.0000
0.0000
0.0000
0.0000
0.0000
0.0000
0.0000
0.0000
0.0000
0.0000
0.0000
0.0000
0.0000
2.2882
0.0000
0.0000
1.2986
0.0000
0.0000
0.0000
0.3673
0.6775
0.0000
1.5377
0.0000
0.0000
1.0099
0.0000
0.0000
0.0000
0.0000
1.7021
0.0000
0.8756
0.0000
0.0000
4.4995
0.0000
0.0000
0.0887
0.0000
0.0000
0.0000
0.7551
0.0000
0.0000
0.0000
0.0000
0.6745
2.6013
0.0000
0.0000
0.0000
0.2545
0.0000
1.8128
2.4569
0.0000
0.0000
0.1780
0.0000
0.5952
0.0000
1.6181
0.0000
0.6196
0.0000
0.0000
1.1552
0.0000
0.0068
0.0000
0.0000
0.0000
1.3453
0.4215
2.0417
0.0000
0.0000
3.2904
0.0000
0.0000
0.0000
0.0000
0.0000
0.0000
0.0000
0.0000
0.0000
0.2735
0.0000
0.0000
0.0000
0.0000
0.0000
0.0000
0.0000
1.3362
0.1221
0.0000
0.0000
1.7444
0.2233
1.3712
0.0000
0.0000
0.0000
0.0000
1.0936
1.8989
0.0000
0.0000
0.0000
0.0000
0.0000
0.0000
1.0738
2.2951
0.0000
0.0000
0.0000
0.0000
2.3557
0.0000
0.0000
0.0000
0.0000
0.0000
0.0000
0.1825
0.0000
0.0000
0.0000
0.0000
0.5071
0.0000
2.6278
0.0000
0.0000
0.3253
0.0000
0.0000
0.0759
0.0000
0.0000
0.0000
0.0000
3.9755
0.9524
0.0000
0.0000
1.4161
0.0000
0.0000
0.0000
1.7463
0.0000
0.0000
1.8616
1.6022
0.0000
0.0000
0.0000
0.0000
0.0000
0.0000
0.0000
0.4175
0.0000
0.0000
6.9585
0.0000
1.0061
0.0000
0.0000
0.0000
0.0000
0.0000
0.0000
0.0000
0.0000
1.1049
0.0000
0.0000
0.0000
0.1859
0.1470
0.0000
0.0000
0.0000
0.0000
0.0000
1.2565
0.0000
0.0000
0.3839
0.0000
0.0000
0.0000
0.0000
0.0000
0.0000
2.1078
2.7204
0.0000
0.0000
0.4046
0.1632
0.0000
0.0000
0.0000
0.0000
0.0000
0.0000
0.0000
0.0000
0.0000
0.0000
0.0000
0.0000
1.2084
0.0000
0.5969
0.1926
0.0000
0.0000
0.0000
0.0000
0.0000
0.0000
0.0000
0.0000
0.0000
0.0000
0.0000
0.0000
0.0000
1.4748
0.0000
0.0000
0.0000
0.0651
0.0000
1.0065
0.0000
0.0000
0.0000
0.0000
0.0000
0.0000
0.0000
0.0000
0.0000
0.0000
0.0000
0.0000
0.0000
0.0000
0.0000
0.0000
0.0000
0.0000
0.0000
0.0000
0.0000
0.0000
1.7095
2.0158
0.0000
1.7829
0.0000
0.5215
1.8433
0.0000
0.0000
0.0000
0.1968
0.0000
0.5597
0.2104
0.0000
0.0000
0.0000
0.0000
0.0000
0.0000
0.0000
1.7982
0.0000
1.2044
0.0000
2.9015
0.6065
0.0000
0.4190
1.7323
0.0053
0.0000
0.0000
0.0000
0.0000
0.0000
1.9080
0.0000
0.0000
0.0000
0.0000
0.3663
0.0000
0.0000
0.2709
0.0000
0.0000
3.0256
0.0000
0.0000
0.0000
0.2297
0.0000
0.0000
2.7905
0.0000
0.0000
0.0000
0.0000
0.2989
1.8971
0.7627
0.0000
0.9499
0.0000
0.0000
0.0000
0.0000
0.0000
0.0000
1.7484
0.0000
0.0000
0.0000
0.0000
0.0000
1.1714
1.1487
0.0000
0.0000
0.0000
0.0000
2.0721
0.0000
0.0000
0.0000
0.0000
0.0000
2.0013
0.0000
0.0000
0.0000
3.5966
0.0000
0.0000
2.5769
0.0000
0.0000
0.0000
1.0666
0.0000
0.0000
0.0000
0.0850
0.0000
0.0000
0.0000
0.0000
0.0000
0.4681
0.4043
0.1991
0.0000
0.2768
0.0000
0.0000
0.0000
0.9610
0.0000
1.5809
0.0000
0.0000
0.0000
0.0000
0.0000
0.0000
0.0000
0.0000
0.0000
0.0000
1.1624
0.0000
0.0000
0.0000
0.0000
0.0000
0.0000
2.2595
0.0000
1.3250
0.0000
5.6826
0.0000
0.3003
0.0000
1.1069
0.0000
0.0000
0.0000
0.0000
0.0000
0.0000
0.1739
0.0000
0.3312
0.0000
0.0000
0.0000
0.0000
0.0000
0.0000
0.0000
0.0000
0.0000
0.0000
0.0000
0.0000
0.0000
2.0916
0.0000
0.0000
0.0000
3.5510
0.0000
1.1263
0.0000
1.3363
0.0000
0.0000
0.0000
0.0000
0.0000
0.0000
0.0000
0.0000
0.0000
0.0000
0.0000
0.0000
0.0000
0.0000
0.0000
0.0000
0.0000
0.2404
0.0000
0.0000
0.0000
0.0000
0.0000
0.0000
0.0000
0.0000
0.0000
0.0000
0.0000
0.0000
0.0000
0.0000
1.6247
0.5857
0.0000
4.7847
0.0000
0.0000
0.3664
0.0000
0.0000
0.0000
0.0000
0.0000
2.3200
0.0000
0.1466
0.0000
0.0000
0.0000
1.2381
1.1325
0.0000
0.0000
0.0000
0.0000
0.0000
2.3484
0.9398
2.4568
0.0000
0.0000
0.0000
0.0000
0.0000
0.0000
3.4476
0.0000
0.0000
0.3182
0.0000
0.0000
0.0000
0.0000
0.0869
0.0000
0.0000
0.0000
0.0000
0.0000
0.0000
0.0728
0.0000
1.6646
0.0000
0.0000
0.0000
0.6382
0.0000
0.8950
0.0000
0.0000
0.0000
0.0000
0.0000
0.1049
0.0000
0.0000
0.0000
0.0000
0.0000
0.0000
0.0000
0.0000
0.0000
0.0000
0.4006
0.5811
0.0000
0.0000
0.0000
0.0000
0.6415
0.0690
0.0000
0.0000
0.0000
0.0000
0.0000
0.0000
0.0000
0.0000
0.0000
3.9615
0.0000
0.0000
0.0000
0.2353
0.0000
0.2316
0.3216
0.0000
0.0000
0.0000
0.3451
0.8163
0.0000
0.0000
0.0000
0.0000
0.0000
0.3928
1.0741
0.0000
0.0000
0.0000
0.0000
0.0000
0.0000
0.0000
0.0000
0.0000
0.0000
0.0000
0.0000
0.0000
0.0000
0.0000
0.0000
0.0000
1.0800
0.0000
3.4978
0.0000
0.0000
0.0000
0.0000
0.0000
0.0000
0.0000
0.0000
0.0000
0.0000
0.0000
0.0000
0.3714
0.0000
0.0000
0.5063
0.1139
2.4244
0.0000
0.0000
1.9514
0.0000
0.0000
0.8995
0.0000
0.0000
0.0000
0.0000
2.0679
0.3608
0.0000
0.0000
2.2041
1.8333
0.7502
0.0000
0.0000
0.0000
0.0000
0.0000
0.0000
0.0000
3.3509
0.0000
2.6385
0.0000
0.0000
0.0000
0.2364
0.1810
0.0000
0.0000
2.8427
2.3430
0.0000
0.0000
0.9333
0.0000
0.0605
0.0000
0.8862
0.0000
0.0000
0.0000
0.0000
1.7737
0.0000
0.0000
2.1971
0.0000
0.0000
0.0274
0.0000
2.5954
0.0971
0.0000
0.0000
0.0000
0.0000
0.0000
0.2549
5.7071
0.5349
0.0000
0.0000
0.0000
0.0000
0.0000
1.3639
0.0000
1.2424
0.0000
0.0000
0.0000
0.0000
0.4999
4.7510
0.0000
0.0000
0.0000
0.2780
2.8704
0.0000
0.0000
0.0000
0.0000
0.0000
0.0000
0.4513
0.0000
0.0000
4.3530
0.0000
0.0000
0.0000
0.0000
0.0000
1.5358
1.9722
0.0000
0.0000
0.0000
0.8623
0.0929
0.0000
0.0000
0.0000
0.0939
0.0000
0.0000
3.8990
0.0000
0.5709
0.0000
0.3229
0.2355
0.0000
0.0000
0.0000
0.0000
0.0000
0.0000
3.2904
0.0000
0.0000
0.0000
0.0000
0.0000
0.0000
0.0000
0.5876
0.1637
0.0000
0.1476
0.0000
0.3581
0.0000
1.3609
2.9522
5.6712
0.0000
0.0000
0.0000
0.0000
0.3483
0.0000
0.0000
0.0000
0.0000
0.0000
2.3667
0.0000
1.3892
1.5905
0.0000
0.0000
0.0000
0.0000
0.0000
0.6252
2.0725
0.0000
0.0000
0.0000
0.0000
0.0000
0.0000
0.0000
5.0642
0.0000
1.3275
0.0000
0.0000
0.0000
0.0000
0.0000
0.0000
0.0000
1.4161
0.6871
0.0000
0.0000
0.0000
0.0000
3.3480
0.0000
0.0000
0.0292
0.0000
0.0000
0.0000
0.0000
0.0000
0.0000
0.0000
3.0662
0.0000
0.0000
0.0000
0.0000
0.0000
0.0000
0.0000
0.0000
0.0000
0.0000
2.3195
1.1987
0.7776
0.8345
0.1893
0.0000
0.9657
0.0000
0.0000
0.0000
0.0000
0.0000
0.0000
0.9703
0.0000
0.0000
0.0000
0.0000
0.0000
0.0000
0.0000
0.0000
0.0000
0.0000
0.0000
0.0000
0.0000
0.0000
0.0000
4.0780
0.0000
0.0000
0.0000
0.0000
0.0000
1.1630
0.0000
0.0000
0.0000
0.0000
0.6498
0.0000
0.4007
1.0150
4.1131
0.0000
0.0000
0.0000
0.1671
0.3133
0.0000
1.4109
0.0000
0.0000
0.0000
0.9689
0.0000
0.0000
0.0000
0.0000
0.0000
0.0000
1.8746
0.0000
0.0000
0.0000
0.0000
0.0000
0.4307
0.0000
0.1117
2.4176
0.0000
0.0000
3.6800
2.2353
0.5135
0.0000
0.0000
0.0000
0.4914
0.0000
0.0000
0.0000
0.0000
0.0000
1.3084
1.3618
0.0000
0.0000
3.9699
0.0000
2.5963
0.4652
0.0000
0.0000
0.0000
0.0000
4.4277
0.0000
0.0000
0.0000
0.0000
0.0000
0.5765
2.1334
0.0000
0.0000
0.0000
1.2530
0.0000
0.0000
0.3854
0.0000
0.0000
0.0000
0.5280
3.0943
0.0000
0.0000
0.0000
1.5007
0.0000
2.0509
0.0000
0.0000
0.0000
0.0000
0.0000
0.0000
0.0000
0.0000
0.5742
0.0000
0.0000
0.0000
0.0000
1.4936
0.0000
2.7156
0.0000
0.0000
0.0000
0.0000
0.0000
0.0000
0.0000
0.0000
0.0000
1.2645
0.0000
1.3371
0.0000
0.0000
0.0000
0.0000
0.0000
1.8222
0.0000
0.0000
0.0000
0.0000
0.0000
0.0000
0.0000
0.0000
1.5821
0.0000
0.0000
0.0000
0.0000
0.0000
0.4141
2.5781
0.0000
0.2558
0.0000
0.0000
0.0000
0.0000
0.0000
0.0000
0.0000
0.0000
0.0000
0.0000
0.0000
0.8678
0.0000
4.0051
0.0000
0.0000
0.0000
0.0000
0.0000
0.0000
2.9276
0.0000
0.0000
0.0000
0.0000
0.0000
0.2990
2.2069
0.0000
0.0000
0.0000
0.0000
0.9731
0.0000
0.0000
0.0000
0.6967
0.0000
0.0000
0.0000
0.0000
0.0000
0.9365
0.0000
0.0000
0.0000
0.0000
0.0000
4.0139
0.0000
0.0000
2.4014
1.2754
0.0000
0.0000
0.0000
0.0000
0.0000
0.0000
0.7366
0.0000
0.0000
2.9171
3.7079
0.0000
0.0000
1.9364
0.0000
1.3338
0.0000
0.0000
1.3380
0.0000
0.0000
0.0000
0.0000
1.0565
0.0000
0.0000
0.0000
0.1124
0.0000
0.0000
0.2174
0.0000
0.0000
0.3631
0.0000
0.0000
0.0000
0.0000
1.4257
2.6215
0.0000
0.0000
0.0000
0.0000
0.0000
0.0000
0.0000
3.7180
0.0000
0.0000
0.0000
0.0000
0.4368
0.0000
0.0000
0.0000
0.1568
0.0000
0.0000
0.0000
0.0000
0.0000
0.0000
0.0000
0.2666
0.0000
0.0000
0.0000
0.0000
1.8290
0.0000
0.0000
0.0000
0.0000
0.2943
0.0000
0.0000
0.0000
0.0000
0.1041
3.3854
0.0000
0.0000
0.0000
3.3321
0.7424
0.0000
0.0000
0.0000
0.0000
0.0000
0.6008
0.0000
2.7188
0.0000
0.0000
0.0000
3.8236
0.0000
0.8477
0.0000
0.0000
0.0000
0.0000
2.8647
0.0000
0.0000
0.0000
0.0000
0.5342
0.0000
0.0000
0.0000
0.1868
0.0000
0.0000
1.3894
0.0000
0.0000
0.0000
0.0000
0.0000
0.0000
4.3644
0.0000
2.9870
0.0000
0.0000
1.8664
0.0000
0.7768
0.0000
1.6295
0.0000
0.0000
2.6251
0.0000
0.0000
0.0000
0.0000
0.0000
0.0000
0.7528
0.0000
0.0000
0.0000
0.0000
0.0000
0.0000
1.9670
0.0000
0.0000
0.0000
2.1623
0.9425
0.0000
0.0000
0.0266
0.0000
1.0290
0.0000
0.0000
0.6453
1.9136
0.0000
0.0000
0.9179
0.0000
3.8516
0.0000
1.9085
0.0000
1.4268
0.0000
0.0000
0.0000
0.0000
0.0000
0.0000
0.0000
0.0000
1.9089
2.3725
2.6110
0.0000
0.0000
0.0000
0.0000
0.0000
0.0000
0.0000
0.0000
0.2898
0.0000
0.0000
1.1676
0.0000
0.0000
0.0000
1.7194
3.0679
0.0000
0.0000
0.0000
0.0000
0.7406
0.0000
1.9758
0.0000
0.0000
0.0000
0.3923
0.0000
0.9999
0.7462
0.0000
0.0684
0.0000
0.0000
0.0000
0.4963
0.0000
0.0000
0.0000
0.0000
1.8796
0.0000
0.0000
0.0000
0.0000
0.0000
0.0000
1.4158
0.8139
0.0000
0.0000
0.0888
2.5376
0.0000
0.2175
0.0000
0.0000
0.0000
0.0000
0.0000
0.0000
0.0000
0.0000
0.0000
1.9449
0.0263
0.0000
0.2946
0.0000
0.0000
0.0000
0.5475
0.0000
0.0000
0.0000
1.9151
0.0000
1.3846
0.0000
0.0000
0.0000
0.0000
0.0000
0.0000
0.0000
0.0000
0.5639
0.0000
0.0000
0.0000
0.0000
0.0000
3.8273
0.0000
0.3092
0.0000
1.1770
0.0000
0.0000
0.0000
0.0000
0.8254
0.0000
1.0542
0.5556
0.0000
3.7493
1.5574
0.0000
0.0000
2.3813
2.2196
0.0000
0.0000
0.0000
0.0000
0.0000
0.0000
0.0000
0.0000
0.0000
0.1733
0.0000
0.0000
0.0000
0.0000
0.0000
0.0000
0.0000
0.0000
0.0000
0.0000
0.0000
0.5542
0.0000
1.5750
0.0000
0.0000
0.0000
0.0000
0.0000
2.4763
0.0000
0.0000
0.0000
0.6392
0.4782
0.0000
3.6482
0.5513
0.0000
3.7025
0.0000
0.6425
0.0000
0.0000
1.6247
0.2816
0.0000
0.0000
0.0000
0.0000
0.0000
0.0000
0.0000
1.8028
1.1518
0.0000
0.0000
0.0000
0.0000
0.0000
1.4138
0.0000
0.0000
0.0000
0.0000
0.0000
0.0000
