0.0000
0.0000
0.0000
0.0000
1.0841
0.0000
0.0000
0.0000
0.0000
0.3737
0.0000
0.0000
0.0681
0.0000
0.0000
0.0000
0.0000
0.0000
0.0000
0.0000
0.0000
0.0000
1.0661
0.0000
1.4204
0.0000
0.0000
0.8029
0.0000
0.0000
0.0000
0.0000
0.0000
0.0000
1.7050
0.0000
0.0000
0.3777
0.3428
1.0272
0.0000
0.0000
0.0000
0.0000
0.0000
0.7970
0.0000
0.0000
0.9940
1.5581
0.0000
0.0000
0.0000
0.0000
0.0000
0.0000
0.0000
0.0000
0.0000
0.0000
0.0000
1.2248
0.0000
1.6956
0.0000
0.0000
0.0000
0.0000
0.0000
0.0000
0.0000
4.4634
0.6005
0.0000
0.0000
0.0000
0.0000
0.0000
0.0000
0.0000
1.6096
0.0000
0.0000
0.0000
0.0000
1.8479
2.1365
0.8659
2.5440
0.0000
0.0000
0.0000
0.0000
1.4547
0.0000
0.0000
0.0000
0.0000
0.4113
0.0000
0.1527
0.0000
0.0000
0.0000
0.0000
0.0000
0.0000
0.0000
0.8604
3.2222
0.0000
0.0000
0.0000
0.0000
0.0000
0.0000
0.0000
0.0000
0.0000
0.0000
2.5090
0.0000
1.3165
0.2218
0.0000
0.0000
0.5957
0.4664
0.0000
1.8106
0.0962
0.0000
0.0000
0.0000
2.4448
0.0000
1.8275
0.9772
0.0000
3.7821
3.4668
0.0000
1.3159
0.6787
2.3842
0.0000
0.0000
2.0889
0.0000
0.0000
0.0000
0.5274
0.0000
0.0000
0.0000
0.0000
0.0000
0.7048
0.0000
0.0000
0.9075
0.0000
1.2873
0.0000
0.0000
0.1210
0.0000
0.0000
0.0000
3.3018
0.0000
0.0000
0.0000
0.0000
0.0000
0.0000
0.0000
1.4886
0.0000
7.3116
0.0000
2.7905
0.0000
0.0000
0.0000
0.0000
0.0000
0.0000
1.7307
0.0000
0.0000
0.0000
0.0000
0.0000
0.0000
0.0000
0.0000
1.6337
2.1882
0.2373
0.0000
0.0000
0.0000
0.0000
0.0000
0.0000
0.0000
0.0000
0.0000
0.0000
0.0000
0.0000
0.0000
0.0000
0.0000
0.0000
0.0000
0.0000
0.0000
0.0000
0.0000
0.0000
0.0000
0.0000
0.6955
0.0000
1.0561
0.7694
0.0000
0.0000
0.0000
0.0000
0.0000
0.0000
3.0314
0.0000
0.0000
0.0000
2.1745
0.0000
0.0000
0.0000
0.0000
0.0000
0.0000
0.0000
0.0000
0.0000
0.1043
0.0000
0.0000
0.0000
0.0000
0.0000
0.0000
0.2976
0.0000
0.0000
1.0816
0.0000
0.0000
1.2237
0.0000
0.0000
0.0000
0.0000
2.8976
0.8433
0.0000
0.0000
2.8426
0.0000
0.0000
0.8358
0.0000
0.0000
0.5343
0.2706
1.2210
0.0000
0.0000
0.0000
0.2730
0.0000
0.0000
0.4877
0.0000
0.0000
0.0000
0.0000
0.0000
0.0000
0.0000
0.0000
4.5017
0.0000
1.3608
0.0000
0.0000
1.4627
0.0000
0.0000
0.0000
0.0000
1.3030
0.0000
0.0000
0.0000
0.0000
0.0000
0.0000
0.0000
0.0000
0.0000
0.0000
0.0000
0.0000
0.0000
0.1186
0.4364
0.0000
0.0813
0.0000
0.0000
0.0000
2.5069
0.0000
0.0000
0.0000
3.2421
0.0000
0.0000
0.0000
0.0000
0.0000
0.0000
0.0000
0.0000
0.0000
3.2268
0.0000
0.0000
0.0000
0.0000
0.0000
4.7405
0.0000
0.0000
0.0000
0.0000
0.0000
3.5467
1.9819
0.0000
1.6085
2.1221
0.5893
0.0000
1.1672
0.0000
0.0000
0.0000
0.0000
0.0000
0.0000
0.0000
0.0000
0.0000
0.0000
0.0000
0.0000
0.0000
0.0000
0.0000
0.4908
0.0191
0.0000
3.1777
0.0000
0.0000
2.7978
0.0000
0.0000
0.0000
0.0000
0.0000
2.8089
0.0000
0.0000
0.1731
1.5245
0.0000
0.0000
0.0000
0.0000
0.0000
0.0000
0.0000
0.0000
0.0000
0.0000
0.5371
0.0000
0.0000
0.0000
0.0000
0.0000
0.0000
3.5361
0.0000
0.0000
0.0000
0.0000
4.7062
0.0000
0.0000
0.0000
0.0000
0.0000
0.0000
0.0000
0.0000
0.3918
0.0000
0.0000
0.0000
0.0000
0.0000
0.0000
0.0000
0.0000
0.0000
0.0000
0.0000
0.0000
0.0000
0.3815
0.0000
0.8013
0.0000
1.8739
0.1986
0.0000
0.0000
4.5756
0.0000
0.0000
0.0000
2.4211
0.3714
0.0000
0.0000
0.0000
0.0000
0.0000
0.0000
0.0000
0.4740
0.0000
0.0000
0.8265
0.0000
0.0000
0.0000
1.5524
0.0000
0.0000
0.8028
0.0000
0.0000
0.0000
1.7737
0.0000
0.9479
0.0000
0.0000
0.0000
0.1630
0.0000
0.0000
0.0000
0.0000
0.0000
1.7397
0.6207
0.0992
0.0000
0.2643
0.0000
3.1291
0.0000
0.0000
0.0279
0.0000
0.0000
1.2074
0.0000
0.0000
0.2393
0.0000
0.0000
0.0000
2.6218
0.0000
1.1584
0.0000
0.0000
0.0000
0.0000
3.5078
0.6743
0.0000
0.0000
0.0000
0.0000
3.0460
0.0000
0.0000
4.8204
0.0000
1.0999
2.5780
0.0000
0.3196
0.0000
0.0000
0.0000
0.0000
0.0000
0.0000
0.9273
0.8812
0.6819
0.0000
1.3231
1.0251
0.0000
0.0000
0.7103
0.0000
0.0000
0.0000
0.0000
0.0000
0.0000
0.0000
0.0000
0.0000
0.0000
0.0000
0.0000
0.0000
0.0000
0.0000
0.0000
0.0000
0.0000
0.0000
0.7885
0.2025
0.0000
1.5248
0.0000
0.0000
0.0000
0.4599
0.0000
0.0000
0.0000
0.0000
0.0000
0.0000
0.0000
0.0000
0.0000
0.0000
0.0000
0.0000
0.0000
0.0000
0.0000
0.0000
0.0000
0.0000
0.0000
0.0000
0.0000
2.0215
1.4116
0.0000
0.0000
0.0000
0.0000
0.0000
0.0000
0.0000
0.0000
0.0000
3.4572
0.5918
0.0000
0.7788
0.0000
0.2665
0.0000
0.0000
0.2903
0.0000
0.0000
0.5558
0.0000
0.0000
0.0000
3.4143
0.0000
0.0000
0.0000
0.0000
0.0000
0.0000
1.2926
0.0000
0.0000
0.0000
0.0000
0.0000
0.0000
0.0000
0.0000
0.0000
0.0000
0.0000
0.0000
0.0000
0.6565
1.5240
0.0000
0.0000
0.0000
0.0000
0.0000
0.0000
0.0000
0.0000
0.0000
0.0000
0.0000
0.0000
0.9759
0.0000
0.0000
0.0000
4.4354
0.0000
0.0000
0.0000
0.0000
0.0000
0.0000
0.0000
0.0000
1.0867
0.9513
0.0000
0.0000
0.0000
0.2732
0.0000
0.0000
0.0000
1.2116
0.0000
0.0000
0.0000
0.0000
0.0000
0.0000
0.0000
0.0000
0.0000
0.0000
2.5258
0.0000
0.0000
0.0000
1.7817
0.0000
1.4517
0.0000
1.2404
0.0000
0.0000
4.0166
0.0000
2.0391
0.0000
0.0000
0.0000
0.0000
0.0593
1.2095
0.0000
0.0000
0.6113
0.0000
0.0000
0.0000
0.0000
1.3452
0.0000
0.0000
4.2745
0.5839
0.0000
0.0000
0.0000
0.0000
0.0000
0.0000
0.0000
0.0000
0.0000
3.2812
1.5046
0.0000
0.0000
0.0000
0.0000
0.0000
0.0000
0.0000
0.0000
0.0000
1.7247
0.0000
0.0000
0.0000
0.2252
0.0000
3.2735
0.0000
0.0000
0.0000
1.0175
0.0000
0.0000
0.0000
0.0000
1.1466
0.0000
0.0000
0.1298
0.0000
0.0000
0.0000
0.0000
0.0000
0.0000
0.0000
0.0000
0.0000
0.0000
0.7447
0.0000
0.0000
1.8604
0.0000
0.9503
0.0000
0.0000
1.1572
0.0000
0.0000
0.0000
0.0000
0.0000
0.0000
0.0000
1.3947
1.1796
0.0000
0.0000
0.0000
0.0000
0.0000
0.1322
0.6266
0.2379
0.0000
0.0000
0.0000
0.0000
2.7899
0.0000
0.0000
0.0000
0.0000
0.0000
0.0000
0.0000
0.0000
0.0000
4.3438
0.0000
0.0000
0.0000
0.0000
0.0000
0.0000
0.0000
1.4437
0.0000
0.0000
0.0558
0.0000
0.0000
1.4830
0.0000
0.0000
2.3065
0.4600
0.4258
0.0000
0.0000
0.0000
0.0000
0.0000
0.0000
0.0000
0.0000
1.7412
0.0000
0.0000
0.0000
0.0000
0.0000
0.0000
0.3368
0.0000
0.0000
0.0000
0.0000
0.0000
0.3652
0.0000
0.0000
0.0000
0.0000
0.0000
0.0000
0.0000
0.0000
0.0000
0.1929
0.0000
0.0000
0.0000
0.0000
0.0000
0.0000
0.0000
0.5249
0.0000
1.4363
0.0000
0.0000
0.0000
0.0000
0.0000
0.0000
0.0000
0.0000
0.8205
0.0000
0.0000
0.0000
0.0000
0.5572
0.0000
0.0000
0.0000
0.0000
0.0000
0.0000
0.0000
0.0000
0.0000
0.0000
0.0000
0.0000
1.1073
0.0000
0.0271
0.0000
0.0000
0.0000
0.0000
1.7490
0.9478
0.0000
0.0000
0.0000
0.0000
0.0000
0.0000
0.0000
0.0000
0.0000
0.0000
1.2663
0.0000
0.0000
4.0095
0.0000
0.0000
0.0000
0.0000
0.0000
0.0000
0.0000
0.0000
0.0000
3.2835
0.0000
0.0000
3.8645
1.2746
0.0000
0.0000
0.0000
0.0000
0.0000
0.0000
0.0000
0.0000
0.0000
0.0000
0.0000
0.0000
0.0000
0.0000
0.0000
0.0000
0.0000
1.5837
0.8994
0.0000
0.0000
0.0000
6.0838
0.0000
0.8102
0.0000
0.0000
0.0000
0.0000
1.5511
0.0000
0.0000
0.0000
0.0000
0.0000
0.0000
0.0000
0.0000
0.0000
0.0000
2.2715
2.3379
0.0000
0.4292
0.0000
0.2731
0.0000
0.0000
0.0000
0.2810
0.0000
0.0000
0.0000
0.0000
0.7171
0.0000
1.9970
2.1225
1.5016
4.8903
0.0000
0.0000
0.0000
0.2028
0.0000
0.0000
0.0000
0.0000
0.0000
0.0000
0.0000
0.0000
4.4697
0.7667
0.4579
0.0000
0.0000
0.0000
0.0445
0.0000
0.0000
0.0000
2.9586
0.6676
1.1084
0.0000
0.9871
0.0000
0.0000
1.0082
2.4321
0.0000
1.0155
0.0000
0.0000
0.0000
0.0000
0.0000
0.1574
0.2099
0.0000
0.0000
0.0000
0.7757
0.0000
0.2172
0.0000
0.0000
0.0000
0.0000
0.0000
3.5215
0.0000
0.0000
0.0000
0.0000
0.0000
0.0000
0.0000
3.1581
0.0000
0.0000
0.0000
0.0000
0.0000
0.0000
0.0000
0.0000
0.0000
0.0000
0.0000
0.0000
0.0000
4.5986
0.6118
0.0000
0.0000
2.4939
1.5764
0.0000
0.1769
0.0000
0.0000
3.6033
0.0000
0.0000
0.0000
0.0000
0.0000
3.0624
0.0000
0.0000
1.2658
0.0000
0.0000
0.0000
0.0000
0.0000
0.2461
0.0000
0.0697
0.0000
0.0000
0.0000
1.5491
0.0000
0.0000
0.0000
0.0000
0.0000
0.0000
0.0000
0.0645
0.0000
0.0000
0.0000
0.0000
0.5609
0.0000
0.0000
0.0000
0.0000
0.0215
0.0000
0.4637
0.0000
0.0000
0.0197
0.0000
0.0913
0.0000
0.0000
0.0000
0.0000
0.0000
0.0000
0.0000
0.4508
0.0000
0.0000
0.0000
0.0000
0.0000
0.0000
0.0000
0.0000
0.0000
0.0000
0.0000
0.0000
0.0000
0.0000
0.0000
0.0000
0.0000
0.0000
0.0000
1.3313
1.0831
2.0721
0.0000
0.0000
0.0000
0.0000
0.0000
0.0000
0.0000
0.0000
0.0743
0.0000
0.0000
0.0000
0.1168
0.0000
0.0000
0.0000
0.0000
0.0000
0.0000
2.2176
0.0000
0.0000
0.0000
4.4361
0.0000
0.0000
0.0000
3.3868
0.5886
0.0000
0.0000
0.0000
0.0000
0.0000
1.7711
0.0000
0.0000
0.0000
0.0000
0.0000
0.0000
1.6105
0.0000
2.4282
0.0000
0.0000
0.0000
0.0000
0.0000
0.0000
0.0000
0.0000
0.0000
1.2504
1.3986
0.0000
0.0000
1.1610
0.0000
0.0000
0.0000
0.0000
0.0000
2.5608
0.0000
1.7867
0.0000
0.0260
0.0000
0.0000
0.0000
0.0000
0.0000
0.0000
0.0000
0.0000
4.7481
0.0000
0.0000
0.0000
0.0000
0.0000
0.0000
0.0000
0.0000
0.0000
0.0000
0.0000
0.0000
1.9209
0.0000
0.0000
0.0000
0.0000
0.0000
0.0000
0.0000
0.7220
0.2302
0.0000
0.0000
2.2439
0.0000
0.0000
0.0000
2.0811
0.0000
0.0000
0.0000
0.0375
2.6582
0.0000
0.0000
0.0000
0.0000
0.0000
0.0000
0.0000
0.0000
0.0000
0.0000
0.0000
0.0000
0.0000
2.3713
2.2867
0.0000
0.0000
0.0000
0.0000
0.0000
0.0000
0.2653
0.0000
0.0000
0.0000
0.0000
0.0000
0.0000
1.0123
0.0000
0.0000
0.0000
0.0000
0.0000
0.6538
0.0000
0.0000
0.0000
0.0000
0.0000
0.0000
0.0000
0.4826
0.0000
2.0271
0.0000
0.0000
0.0000
0.0000
0.0000
0.0000
0.0000
0.0000
0.0000
0.0000
0.0000
0.0000
0.0000
0.0000
0.0000
0.0000
0.0000
0.0000
0.0000
0.0000
0.0000
1.3847
0.4202
0.0000
0.0000
0.0000
0.0000
0.0000
0.0000
0.0000
0.0000
1.0548
0.0000
0.0000
1.4212
0.0000
0.4667
0.0000
0.0000
0.0000
0.0000
0.0000
0.0000
0.0000
0.0000
0.0000
0.0000
0.0000
0.0000
0.0000
0.0000
0.0000
0.0000
0.0000
0.0000
0.0000
0.0000
0.0000
0.0000
0.0000
0.0639
0.0000
0.0000
0.0000
0.0000
2.6355
3.8557
0.0000
0.0000
0.0000
0.0000
0.0000
0.0000
0.0000
0.0000
0.0000
0.0000
0.0000
0.0000
0.0000
0.6948
1.7675
0.0000
0.0000
0.0000
0.0000
0.0000
2.8916
0.0000
4.8829
0.0000
0.0000
0.0000
0.0000
0.0000
2.4389
3.8210
0.0000
1.0325
0.0000
0.0000
0.0000
0.0000
0.2253
2.0368
0.0000
0.0000
0.0000
0.0000
0.0000
0.0000
0.0000
0.0000
0.0000
0.3507
0.0000
1.0558
0.0000
0.0000
0.0000
0.0000
0.2477
0.0000
0.0000
1.5429
0.0000
0.0000
1.5890
0.8828
0.0000
0.0000
0.0000
0.7682
0.0000
0.0000
0.0000
0.0000
0.0000
0.0000
0.0000
0.0000
0.0000
0.0000
0.0000
1.6575
0.0000
2.9984
0.0000
0.0000
0.0000
0.0000
0.0000
0.0000
0.0000
0.0000
0.0000
0.0000
0.3539
0.0000
3.8296
2.0728
0.0000
0.0000
0.0000
0.0000
0.0000
0.0000
0.0000
0.0000
0.0000
0.0000
0.9464
0.0000
2.9118
0.0000
0.3795
0.0000
0.0000
0.0000
0.0000
0.0000
0.0000
1.8094
3.3715
1.0086
0.0000
0.0000
0.0000
1.0408
0.0000
0.0000
0.0000
0.0000
0.0000
0.0000
0.0000
0.0000
0.0000
0.0000
0.0000
0.0801
0.0000
0.0000
0.0000
0.0000
0.0000
0.0000
0.0000
0.0000
1.6785
0.0943
1.1949
0.0000
0.0000
0.0000
0.0000
2.8749
1.6685
0.0000
0.0000
0.0000
0.0000
0.0000
0.0000
0.0000
0.0000
0.6912
0.0000
0.0000
0.0000
0.0000
0.0000
0.0000
0.0000
0.6851
0.5957
0.0000
0.0000
0.0000
0.0000
0.4560
0.0000
0.0000
0.0000
0.0000
0.0000
0.0000
0.0000
3.8569
0.0000
0.0000
0.0000
0.0000
0.5753
0.0000
0.0000
0.0000
1.7868
0.7239
0.0000
0.0000
0.0000
0.0000
0.0000
0.0000
0.0000
0.0000
0.0000
0.0000
0.0000
0.0000
0.0000
5.3012
0.0000
0.0000
0.0000
0.0000
0.0000
0.0000
0.0000
0.0000
0.0000
0.0000
0.7320
0.0000
0.0000
0.0000
0.0000
0.0000
0.9482
0.0000
2.3333
0.0000
0.0000
0.0000
0.0000
3.3251
0.0000
0.0000
0.0000
0.5126
0.0000
2.9164
0.0000
0.0000
0.0000
0.0000
0.0000
0.0000
0.0000
0.0000
0.0000
0.7919
0.0000
0.0000
0.0000
0.4717
0.6251
1.3149
2.4956
0.0000
0.0000
0.0000
0.0000
0.0000
0.0000
0.0000
0.0000
1.5606
2.0998
0.0000
0.0000
0.0000
0.0000
0.0000
0.0000
0.0000
0.0000
0.0000
0.0000
0.0000
0.0000
0.0000
1.7136
0.0000
0.6018
0.0000
0.0000
1.2508
0.0000
0.6734
0.9693
0.1005
0.0000
0.0000
1.6275
2.4336
1.9833
0.0000
0.0000
0.0000
0.7262
0.0000
0.0000
0.4556
0.0000
0.0000
0.0000
0.0000
0.0000
0.0000
0.1629
0.0000
0.5431
1.0655
0.0000
0.0000
0.0000
0.0000
0.0000
0.0000
0.0000
0.0000
0.0000
0.0000
0.0000
0.0000
0.0000
0.0000
0.0000
0.0000
0.0000
0.0000
0.0000
0.0000
0.0000
0.0000
0.0000
0.0000
0.0000
0.7370
0.0000
2.2178
0.0000
0.0000
0.0000
3.4388
0.0000
0.0000
0.0000
0.0000
0.0000
1.4320
1.6341
3.3896
0.0000
0.0000
0.0000
2.3856
0.0000
1.5990
0.0000
0.0000
0.0000
0.0000
0.0000
0.0000
0.0000
0.0000
0.0000
0.0000
1.2180
1.0959
0.0000
0.7586
0.0000
0.0000
0.0000
0.0000
0.0000
0.0000
0.0000
2.5226
0.0000
0.0000
2.0676
0.0000
0.0000
0.8297
0.7894
0.0000
0.2508
1.1216
0.0000
0.0000
0.0000
0.0000
0.3400
1.6096
0.0000
3.0462
0.0000
0.0000
0.9678
0.0000
0.0000
0.0000
0.0000
0.0000
0.0000
1.2130
3.5847
0.0000
0.0000
2.5342
0.0000
2.5154
0.0000
0.0000
0.0000
0.0000
0.0000
0.0000
0.0000
0.0000
0.0000
0.0000
0.1153
0.0000
0.9678
0.0000
1.3232
0.0000
0.0000
0.0000
0.0000
0.0000
0.0908
0.3656
0.0000
0.0000
0.0000
0.0000
0.0000
3.1183
0.0000
0.0000
0.0000
0.0000
0.5230
0.0000
0.0000
0.0000
0.0000
0.0000
0.0000
0.0000
0.0000
1.5523
0.0000
0.0000
0.0000
0.0000
2.4863
0.0000
3.5581
1.7081
0.0000
0.0000
0.0000
0.0000
0.0000
0.0000
0.0000
0.0000
0.0000
1.7172
0.0000
0.0000
0.0000
0.0000
0.6171
0.0000
0.0000
0.0000
0.0000
0.0000
0.0000
0.0000
0.0000
0.0000
0.0000
0.7656
0.0000
0.0000
0.0000
0.0000
0.1774
0.0000
0.0000
0.0000
0.0000
0.0000
1.4109
0.0000
0.0000
0.0000
0.0000
0.4401
0.0000
0.6738
0.0000
0.0000
0.0000
0.0000
0.5801
0.0000
1.9820
0.0000
0.3993
0.0000
0.0000
0.0000
0.3811
0.0000
0.0000
0.0000
0.0000
0.2111
0.0000
0.0000
0.0000
0.0000
0.0000
3.4732
0.0000
0.0000
0.0000
0.0000
0.0000
0.0000
1.3988
0.0000
0.0000
0.0000
0.0000
0.0000
0.1154
0.0995
0.0000
0.2971
0.0000
0.9050
0.0000
0.0000
0.0000
0.0000
2.3052
3.8187
0.0000
0.3579
0.4056
0.0000
0.0000
0.0000
3.3479
1.4729
0.0433
0.0000
0.0000
0.0000
0.0000
0.0000
0.3705
0.0000
0.0000
0.0000
0.9440
0.2513
0.0000
0.0000
0.0000
0.0000
0.0000
0.0000
0.0000
2.9742
0.0000
0.0000
2.8649
3.5648
0.4942
0.0000
0.0000
0.0000
0.0000
0.0000
0.0000
0.0000
3.7099
0.0000
0.0000
0.7014
3.5983
0.0000
0.0000
0.7770
0.3145
0.0000
0.0000
0.0000
2.1559
0.0000
0.0000
0.0000
0.0000
0.0000
0.0000
0.0000
0.0000
0.0000
0.0000
1.7865
0.0000
1.2164
0.0000
0.0000
0.0000
0.0000
1.5963
0.0000
0.0000
0.0000
0.7436
0.2734
0.0000
0.0000
0.0000
0.0000
0.0000
0.0000
1.1620
0.0000
0.2112
0.0000
0.2273
3.0043
0.5319
0.3695
0.0000
0.0000
0.0000
0.0000
0.0000
0.0000
0.0000
0.0000
0.0000
0.0000
0.0000
0.0000
0.0000
0.0000
0.0000
0.0000
0.0000
0.0000
0.0000
0.0000
1.5679
1.7374
0.0000
2.2739
0.0000
0.0000
0.0000
0.0000
0.0000
0.8330
0.0000
0.0000
0.0000
0.9363
0.0000
0.0000
0.0000
0.0000
0.0000
0.0000
0.0000
0.0000
0.0000
0.0000
0.0000
0.0000
0.0000
0.0000
3.4299
0.0000
0.2325
0.0000
0.0000
0.0000
0.0000
0.0000
2.8411
0.0000
0.0000
0.0000
0.0000
0.0000
0.0000
0.0000
0.0000
0.0000
0.0000
0.0000
0.0000
0.8067
0.0000
0.0828
0.0000
0.0000
1.5088
0.0000
0.0000
0.0000
0.0000
0.9657
0.0000
0.0000
0.0000
0.0000
0.0094
4.7405
0.0000
1.3018
0.0000
2.2039
0.0000
0.0000
0.0000
0.0000
0.0000
0.0000
0.0000
0.0000
0.0000
1.3605
0.0000
4.5226
0.0000
0.0000
0.0000
0.0000
0.0000
2.6937
0.0000
0.0000
1.6608
0.0000
1.1974
0.0000
0.0000
0.0000
0.0000
2.3636
0.0000
0.0000
0.0000
0.0000
0.0000
0.0000
0.0000
0.0000
0.0000
0.0000
0.0000
0.0000
0.0000
0.0000
0.0000
0.7755
3.5519
0.5594
1.2578
0.0000
0.0000
0.0000
0.0000
0.0000
0.0000
0.0000
2.7307
3.5285
0.0000
0.0000
0.0000
1.9391
0.0000
0.0000
0.0000
0.0000
0.0000
0.0000
0.0000
0.0000
0.0000
0.0000
0.0000
0.0000
2.9088
0.0000
0.0000
1.0070
0.0000
0.0000
0.4104
0.0000
0.0000
0.0000
0.0000
1.3265
0.0000
0.0000
3.0383
0.7669
0.0000
0.0000
0.0000
0.0000
0.0000
0.8639
0.0000
0.0000
0.0000
0.0000
0.0000
0.0000
0.0000
0.0517
0.0000
0.0000
0.0000
0.0000
0.4300
0.0000
0.0000
0.0000
2.2416
0.0000
0.0000
0.0000
0.0684
0.0000
0.0000
0.0586
0.0000
0.0000
0.0000
2.0232
0.7149
0.0000
0.0000
0.0000
0.0000
2.4439
0.0000
0.0000
0.0000
0.0000
0.1252
0.0000
2.4237
0.0000
0.9633
0.0000
0.0000
0.0000
0.0000
0.0000
0.0000
0.0000
0.1302
0.0000
0.0000
0.0000
0.0000
0.0000
0.0000
0.0000
0.0000
0.0000
0.0000
0.0000
0.0000
0.0000
0.0000
0.0000
0.0000
0.0000
0.0000
0.0000
0.0000
0.0000
0.0000
0.0000
1.8682
0.0000
3.0524
0.0000
0.0000
0.0000
0.0000
0.0000
0.0000
0.0000
0.1775
0.0000
0.0000
0.0000
0.0000
0.5818
0.0000
0.0000
0.0000
1.7335
0.0000
0.0000
0.0000
0.0000
0.0000
0.0000
0.0000
0.0000
0.0000
0.0000
0.0000
0.0000
1.7253
0.0000
0.0000
0.0000
1.0893
0.0000
0.0000
0.0000
0.5796
0.0000
0.0000
0.0000
0.0000
1.4039
0.6417
0.0000
0.0000
0.0000
2.5462
5.1222
0.0000
0.0000
0.0000
0.0000
0.0000
0.0000
0.0000
0.0000
0.0000
0.0000
0.0000
0.0000
0.0000
0.0000
0.0000
0.0000
0.0000
0.0000
0.0000
0.0000
0.0000
0.0000
0.0000
0.0000
0.0000
0.0000
0.0000
0.0000
0.0000
0.0000
0.0000
0.0000
2.9905
0.0000
2.1295
0.0000
0.6754
0.0000
0.5551
0.0000
1.9048
0.0000
0.0000
0.5823
0.0000
0.0000
0.0000
0.0000
0.0000
0.3465
0.5604
0.0000
1.8184
0.0000
0.0000
0.0000
0.0000
0.0000
0.0000
0.0000
0.0000
0.0000
0.0000
0.0000
1.9411
0.5620
0.0259
0.0000
0.0000
0.0000
0.0000
0.0000
0.0000
0.0000
0.0000
0.0000
0.0000
0.0000
0.0000
0.0000
0.0000
0.0000
0.0000
3.0647
0.0000
0.4970
2.4518
0.0000
0.0000
0.0000
0.0000
0.0000
0.0000
0.0000
0.0000
0.0000
0.9541
0.0000
0.0000
0.2809
0.0000
0.0000
0.0000
0.0000
0.0000
0.0000
0.0000
0.0000
2.4586
0.0000
0.0000
0.0000
0.0000
0.0000
0.0000
0.1398
0.0000
0.1831
0.0000
0.0000
0.0000
0.0000
1.0662
0.0000
0.0000
2.4318
0.9574
0.3200
0.0000
0.0000
0.0000
0.3024
0.0000
0.0000
2.2998
0.7261
0.0000
0.0000
0.0000
0.0661
2.2345
0.0000
0.0000
0.0000
0.0000
0.0000
0.0000
0.0000
2.0321
0.0000
0.0000
0.0000
0.0000
0.0000
0.0000
0.0000
0.0000
0.0000
1.5438
0.0000
0.0000
0.0000
0.0000
0.8693
0.0000
0.0000
0.0000
0.0000
0.9382
0.0000
0.0000
0.0000
2.1367
0.0000
0.0000
0.0000
0.0000
1.4554
0.1424
0.2614
1.1969
0.0000
0.9252
0.0000
0.0000
0.0000
0.0000
0.0000
0.0000
0.0000
0.0000
0.0000
0.0000
0.0000
0.0000
0.2107
0.0000
0.0000
0.0000
0.0000
0.0000
2.0044
0.0000
0.0000
0.0000
0.0000
0.0000
0.0000
0.0000
0.1632
0.0000
0.0000
0.0000
0.0000
0.0000
0.0000
0.0000
0.0000
0.0000
0.0930
0.0000
0.0000
0.0000
0.0000
0.0000
0.0000
0.0000
2.0981
0.0000
0.0000
0.0000
0.0000
0.0000
0.0000
0.0000
0.0000
0.0000
2.4160
0.0000
0.0000
1.0418
0.0000
3.2605
0.0000
0.0000
1.4003
0.0000
0.0000
0.3550
0.0000
0.0000
0.6308
0.0000
7.2052
0.0000
0.0000
0.0000
0.0000
1.6063
0.0000
1.3768
0.0000
0.0000
0.0000
0.0000
0.0000
2.5777
0.0000
0.0000
1.2644
0.0000
0.0000
0.0000
1.7143
0.1819
0.0000
0.0000
3.6188
0.0000
0.0000
0.0000
0.0000
0.8388
1.5758
0.0000
0.0000
0.0019
0.0000
0.0000
0.0000
1.7887
0.8390
2.5702
0.0000
0.9600
3.2889
1.7939
0.0000
0.0000
0.0000
0.0000
0.0000
0.0975
0.0000
0.0000
0.5734
0.0000
0.0000
0.0000
0.0000
0.5134
0.0000
0.5842
3.5241
0.0000
0.0000
0.1305
0.0000
0.0000
0.1327
1.5894
0.0000
0.0000
1.7744
0.0000
0.8725
0.0000
0.0000
2.8174
0.0000
0.3145
0.0000
0.0000
0.0000
3.5408
0.0000
0.0000
0.0000
0.0000
0.0000
0.0000
0.0000
0.0000
0.0000
1.6371
0.0000
0.0000
0.0000
0.0000
0.0000
0.0000
1.5075
0.0000
0.0000
0.0000
0.0000
0.0000
0.0000
0.0000
0.0000
0.0000
0.0000
0.7299
0.0000
0.0000
0.3141
0.0000
0.0000
0.0000
0.8275
0.6922
0.0000
0.6736
0.0000
0.0000
0.8489
0.0000
0.0000
0.0000
0.0000
0.0000
0.0000
0.0000
0.0000
0.0000
3.3631
0.0000
0.0000
0.3811
0.0000
0.0000
0.0000
0.4111
0.0000
0.0000
0.0000
0.0000
0.0000
0.9259
0.0000
0.0000
0.0000
0.6837
0.0000
1.7817
1.7920
0.0000
0.0000
0.0000
0.0000
1.4130
0.0000
0.5164
0.0000
1.4658
0.0000
0.0000
1.1997
0.0000
0.0000
0.0000
0.0000
0.3511
0.7596
1.4285
0.5608
0.0000
0.0000
2.2972
0.0000
0.0000
0.0000
0.0000
0.0000
0.0000
0.0000
0.0000
0.0000
0.2549
0.0000
0.0000
1.2050
0.0000
0.0000
0.0000
0.0000
0.1044
0.0000
1.5022
0.1057
1.0220
0.0000
0.9994
0.0000
0.0000
0.0000
0.0000
0.8217
1.9156
0.0000
0.0000
0.0000
0.0000
0.0000
0.0000
2.1331
1.9011
0.0000
0.0000
0.0000
0.0000
3.2388
0.0000
0.0000
0.0000
0.0000
0.0000
0.0000
0.0000
0.0000
0.0000
0.0000
0.0000
0.4046
0.0000
1.5669
0.0000
0.0000
1.1294
0.0000
0.0000
0.0000
0.0000
0.0000
0.0000
0.0000
4.6894
1.5719
0.0000
0.0000
1.5543
0.0000
0.0000
0.0000
0.9776
0.0000
0.0000
1.4542
3.9702
0.3081
0.0000
0.0000
0.0000
0.0000
0.0000
0.0000
1.3383
0.0000
0.0000
7.7792
0.0000
2.1064
0.0000
0.0000
0.0000
0.0000
0.0000
0.0000
0.0000
0.0000
0.5709
0.0000
0.0000
0.0000
0.4141
0.0000
0.0000
0.0000
0.0000
0.0000
0.0000
0.9186
0.0000
0.0000
0.6909
0.0223
0.0000
0.0000
0.0000
0.0000
0.0000
0.3933
1.0699
0.0000
0.0000
0.0000
0.0000
0.0000
0.0000
0.0000
0.0000
0.0000
0.0000
0.0000
0.0000
0.0000
0.0000
0.0000
0.0000
1.4411
0.0000
1.1474
0.0000
0.0000
0.3298
0.0000
0.0000
0.0000
0.0000
0.0000
0.0000
0.0000
1.4489
1.3046
0.0000
0.0000
3.0012
0.0000
0.9419
0.0000
0.7182
0.0000
0.0000
0.0000
0.0000
0.0000
0.0000
0.0000
0.0000
0.0000
0.0000
0.0000
0.0000
0.0000
0.0000
0.0000
0.0000
0.0000
0.0000
0.0000
0.0000
0.0000
0.0000
0.0000
0.0000
0.0000
0.4065
0.0000
1.8451
0.8007
0.7009
2.3238
1.4574
0.0000
0.0066
0.1481
0.0000
0.0000
0.0000
0.0000
0.0000
0.0000
0.0000
0.0000
0.0000
0.0000
1.3173
0.0000
0.0215
0.0000
1.6713
0.4420
0.0000
1.3525
1.2159
0.0000
0.0000
0.0000
0.0000
0.0000
0.5244
2.3164
0.0000
0.0000
0.0000
0.0000
0.0000
0.0000
0.0000
0.8507
0.0000
0.0000
3.6002
0.0000
0.0000
0.0000
0.0000
0.0000
0.0000
1.0715
0.0000
0.0000
0.0000
0.0000
0.0000
2.1129
0.1426
0.4099
0.0000
0.0000
0.0000
0.0000
0.0000
0.0000
0.0000
2.0518
0.0000
0.0000
0.0000
0.0000
0.0000
3.0482
0.0000
0.0000
0.0000
0.0000
0.0000
0.0000
0.1654
0.2386
0.0000
0.0000
0.0000
0.1583
0.0000
0.0000
0.0000
3.9146
0.0000
0.0000
2.1069
0.0000
0.0000
0.5675
1.0884
0.0000
0.0000
0.0000
2.3021
0.0000
0.0000
0.0000
0.0000
0.0000
0.0000
0.0702
0.0000
0.0000
0.0000
0.0000
0.0000
0.0000
0.0000
0.0000
0.2731
0.0000
0.0000
0.0000
0.5743
0.0000
0.0000
1.0521
0.0000
0.0000
0.0000
0.0450
0.0000
0.0000
0.7678
0.0000
0.0000
0.0000
1.4150
0.0000
0.2405
0.0000
4.0862
0.0000
0.2018
0.4204
1.3610
0.0000
0.0000
0.0000
0.0000
0.0000
0.0000
0.0000
0.0000
0.0000
0.0000
0.0000
0.0000
0.0000
0.0000
0.0000
0.0000
0.0000
0.0000
0.0000
0.0000
0.0000
0.0000
2.9206
0.0000
0.0000
0.0000
4.0903
0.0000
1.3706
0.0000
0.0000
0.0000
0.0000
0.0000
0.0000
0.0000
0.0000
0.0000
0.0000
0.0000
0.0000
0.0000
0.0000
0.0000
0.0000
0.0000
0.0000
0.0000
0.0000
0.0000
0.4786
0.0000
0.0000
0.0000
0.0000
0.4242
0.4290
0.0000
0.0000
0.0000
0.0000
0.0000
0.0000
0.1246
0.0000
0.0000
2.7974
0.0000
0.0000
0.0000
0.0000
0.0000
0.0000
0.0000
0.0000
0.1708
0.0000
0.4566
0.0000
0.0000
0.0000
2.7704
1.1522
0.0000
0.0000
0.4573
0.8345
0.0000
2.3321
0.0000
0.3293
0.0000
0.0000
0.0000
0.0000
0.0000
0.0000
3.1153
0.0000
0.0000
0.0000
0.0000
0.0000
0.0000
0.0000
0.0000
0.0000
0.0000
0.0000
0.0000
0.0000
0.0000
1.2842
0.0000
1.8851
0.0000
0.0000
0.0000
0.7861
0.0000
0.3774
0.0000
0.0000
0.0000
0.3132
0.3936
0.8651
0.0000
0.0000
0.0000
1.5609
0.0000
1.9394
0.0000
0.0000
0.0000
0.0000
0.0000
2.2849
0.0091
0.0000
0.0000
0.0000
2.0043
0.5890
0.0000
0.0000
0.0000
0.0000
0.0000
0.0000
0.0000
0.0000
0.0000
2.9435
0.0000
0.0000
0.0000
0.2216
0.0000
0.1496
2.1691
0.0000
0.0000
0.0000
0.0000
0.0000
0.0000
0.4021
0.0000
0.0000
0.0000
0.0000
3.4870
0.0000
0.0000
0.0000
0.0000
0.0000
0.0000
0.0000
0.0000
0.0000
0.0000
0.0000
0.0000
0.0000
0.0211
0.0000
0.0000
0.2306
0.0000
0.0000
3.6695
0.0000
0.0000
0.0000
0.0000
0.0000
0.0000
0.0000
0.2827
0.0000
0.0000
0.0000
0.0000
0.0000
0.0000
0.0000
0.0000
0.0000
2.3761
0.0000
0.0000
0.8608
0.0000
0.8604
0.6286
0.7145
0.0000
0.0000
0.0000
0.2120
1.2542
0.0000
0.0000
0.0000
3.7311
1.6332
0.0000
0.0000
0.0000
0.0000
0.0000
0.0000
0.0000
1.3805
0.0000
1.7461
0.0000
0.9880
0.0000
0.0567
0.6246
0.3733
0.0000
1.2844
2.0675
0.0000
0.0000
0.4904
0.0000
1.0973
0.0000
0.7136
0.0000
0.0000
0.0000
0.0000
0.6826
0.0000
0.9019
3.9058
0.0000
0.0000
0.0505
0.0000
2.7611
0.0000
0.0000
0.0000
0.0000
0.0000
0.0000
0.7058
3.2439
0.0000
0.0000
0.0000
0.0000
0.0000
0.0000
1.3098
0.0000
0.0000
0.0000
0.0000
0.0000
0.0000
0.0000
4.0436
0.0000
0.0000
0.0000
0.3619
2.6484
0.0000
0.0000
0.0000
0.0000
0.0000
0.0000
0.0000
0.0000
0.0000
2.0792
0.0000
0.0000
0.0000
0.0000
0.0000
1.7038
0.3297
0.0000
0.0000
0.0000
1.4596
0.0201
0.0000
0.0000
0.0000
0.0000
0.0000
0.0000
3.6722
0.0000
0.0000
0.0000
0.0000
0.0000
0.0000
0.0000
0.0000
0.0000
0.0470
0.0000
2.8005
0.0000
0.0000
0.0000
0.0000
0.0000
0.0000
0.0000
0.8092
0.0000
0.0000
0.0000
0.0000
0.0000
0.0000
0.0000
3.2478
6.1940
0.0000
0.0000
0.0000
0.0000
0.0000
0.0000
0.0000
0.0000
0.0000
0.0000
1.2490
0.0000
1.1157
1.6737
0.0000
0.0000
0.0000
0.0000
0.0000
0.5858
0.8712
0.0000
0.0000
0.0000
0.0000
0.0000
0.0000
0.0000
4.5117
0.0000
0.0000
0.0000
0.0000
0.0000
0.0000
0.4902
0.0000
0.0000
0.6761
0.0029
0.0000
0.0000
0.0000
0.0000
3.8882
0.0000
0.6087
0.0000
0.0000
0.0000
0.0000
0.0000
0.0000
0.0000
0.0000
2.1554
0.2470
0.3196
0.0000
0.0000
0.0000
0.0000
0.0000
0.0000
0.0000
0.0000
1.2552
0.6160
0.5489
1.2678
0.0000
0.0000
0.0000
0.0000
0.0000
0.0000
0.0000
0.4259
0.0000
0.2543
0.0000
0.0000
0.0000
1.4275
0.0000
0.0000
0.0000
0.0000
0.0000
0.0000
1.6831
0.0000
0.0000
0.0000
0.0000
3.5460
0.0000
0.0000
0.0000
0.0000
0.0000
1.9574
0.0000
0.0000
0.0000
0.0000
0.0000
0.0000
0.0000
0.0000
1.8996
0.0000
0.0000
0.0000
0.0000
0.0000
0.0000
1.6916
0.0000
0.0000
0.0000
0.5605
0.0000
0.0000
0.0000
0.0000
0.0000
0.0000
0.7046
0.0000
0.0000
0.0000
0.0000
0.0000
0.0000
0.0000
0.0000
1.1511
0.0000
0.0000
3.6909
2.5297
0.5560
0.0000
0.0000
0.0000
0.0000
0.3124
0.0000
0.0000
0.0000
0.0000
0.0000
1.5337
0.0000
0.0000
2.3448
0.0000
0.4367
1.0297
0.0000
0.0000
0.0000
0.0000
4.8767
0.0000
0.0000
0.0000
0.0000
0.0000
0.9630
0.5878
0.0000
0.0000
0.0000
0.0360
0.0000
0.0000
0.5584
0.0000
0.0000
0.0000
0.0000
1.6024
0.0000
0.0000
0.0000
0.0000
0.0000
2.5357
0.0000
0.0000
0.0000
0.0000
0.0000
0.0000
0.0000
0.0000
0.6993
0.0000
0.0000
0.0000
0.0000
1.9014
0.0000
4.6316
0.0000
0.0000
0.0000
0.0000
0.0000
1.5954
0.0000
0.0000
0.0000
2.0541
0.0000
0.7574
0.0000
0.0000
0.0000
0.0000
0.0000
1.6918
0.0000
0.0000
0.0000
0.0000
0.0000
0.0000
0.0504
0.0000
2.2659
0.0000
0.0000
0.0000
0.0000
0.0000
0.0000
0.6612
0.0000
0.0000
0.0000
0.0000
0.0000
0.0000
0.0000
0.0000
0.0000
0.0000
0.0000
0.0000
0.4976
0.0000
0.0000
3.0102
0.0000
0.0000
0.0000
0.0000
0.0000
0.0000
1.8849
0.0000
0.0000
0.0000
0.0000
0.0000
0.5170
2.2393
0.0000
0.0000
0.0000
0.0000
0.0000
0.0000
0.0000
0.0000
0.0000
0.0000
0.0000
0.0000
0.0000
0.0000
1.5478
0.0000
0.0000
0.0000
0.0000
0.0000
4.6777
0.0000
0.0000
4.6677
2.3993
0.0000
0.0000
0.0000
0.8621
0.0000
0.0000
0.3519
0.0000
0.0000
0.5102
1.8655
0.0000
0.0548
0.3338
0.0000
1.5187
0.0000
0.0000
1.5661
0.0000
0.0000
0.0000
0.0000
2.9561
0.0000
0.0000
0.0000
0.2595
0.0000
0.0000
0.4929
0.0000
0.0000
0.0245
0.0000
0.0000
0.0000
0.2850
1.7522
0.5510
0.0000
0.0000
0.0000
0.0000
0.0000
0.0000
0.0000
1.6301
0.0000
0.0000
0.0000
0.0000
0.0000
0.0000
0.0000
0.0000
0.0000
0.0000
0.0000
0.0000
0.0000
0.0000
0.0000
0.0000
0.0000
0.0000
0.0000
0.0000
0.0000
1.0876
1.1228
0.0000
0.0000
0.0000
0.3749
0.0082
0.0000
0.0000
0.0000
1.0457
1.4574
0.0000
0.0000
0.0000
4.3662
0.0000
0.0000
0.0000
0.0000
0.0000
0.0000
2.2800
0.0000
1.0069
0.0000
0.0000
0.0000
2.6707
0.0000
0.6489
0.0000
0.0000
0.0000
0.0000
2.8213
0.0000
0.0000
0.0000
0.0000
0.0000
0.0000
0.9911
0.0000
0.0000
0.4303
0.0000
0.7546
0.0000
0.0000
0.0000
0.0000
0.0000
0.0000
4.5228
0.0000
1.9340
0.0000
0.0000
0.8046
0.0000
0.9871
0.0000
1.5286
0.0000
0.0000
2.4651
0.0000
0.0000
0.0000
0.4559
0.0000
0.0000
0.5566
0.0000
0.0000
0.0000
0.0000
0.0000
0.0000
0.0000
0.0000
0.0000
0.0000
2.7584
0.3421
0.0000
0.0000
0.0000
0.0000
1.7623
0.0000
0.0000
1.8258
2.4902
0.0000
0.0000
0.4642
0.0000
4.0343
0.7944
0.4440
0.0000
0.7177
0.0000
0.0000
0.0000
0.0000
0.0000
0.0000
0.0000
0.0000
1.2850
0.8719
1.8772
0.0000
0.0000
2.7458
0.0000
0.0000
0.0000
0.0000
0.0000
1.6430
0.0000
0.0000
1.0357
0.0000
0.0000
0.0000
3.2488
0.0056
0.0000
0.0000
0.0000
0.0000
0.0000
0.0000
0.9440
0.0000
0.0000
0.0000
0.0000
0.3075
1.4039
0.0000
0.0000
0.0000
0.0000
0.0000
0.0000
0.1153
0.0000
0.0000
0.0000
0.0000
0.2880
0.0000
0.3724
0.0000
0.0000
0.0000
0.8685
1.1792
0.0000
0.0000
0.0000
0.0000
1.3104
0.0000
0.8282
0.0000
0.0000
0.0000
0.0000
0.0000
0.0000
0.0000
0.0000
0.0000
1.3148
1.7135
0.3004
0.0000
0.0000
0.0000
0.0000
0.0776
0.0000
0.0000
0.0000
2.4412
2.1145
2.8373
0.0000
0.0000
0.9110
0.0000
0.0000
0.0000
0.0000
0.0000
0.0000
0.0000
0.0000
0.0000
0.0000
0.0000
4.7261
0.1957
0.0000
0.0000
0.0000
0.0000
0.0000
0.0000
0.5944
0.0000
0.0000
0.0000
1.1232
0.0000
3.1009
0.2186
0.0000
0.0000
1.1691
0.8082
0.0000
0.0000
0.0000
0.0000
0.8214
0.0000
0.0000
0.0000
0.0000
0.0000
0.0000
0.0000
0.0000
0.0000
0.0000
0.0000
0.0000
0.2041
0.0000
0.0000
0.0000
1.6175
0.0000
2.3186
1.1770
0.6925
0.0968
0.0000
0.0000
2.1394
0.0000
0.0000
0.0000
0.0000
1.2008
0.0000
4.7398
0.0000
0.0000
5.7978
0.0000
0.7318
0.0000
0.0000
1.7669
0.0000
0.0000
0.0000
0.0000
0.0000
0.0000
0.2350
0.1494
0.7142
0.2891
0.0000
0.0000
0.0000
0.0000
0.0000
1.0442
0.0000
0.0000
0.0000
0.0000
0.0000
0.0000
