0.0000
0.0000
0.0000
0.0000
0.5941
0.4138
0.0000
0.0000
0.0000
2.0795
0.7372
0.0000
0.6828
0.0000
0.0000
0.0000
0.0000
0.0000
0.0000
0.0000
0.0000
0.0000
3.2731
0.0000
2.1116
0.8194
0.0000
1.2507
0.0000
0.0000
0.0000
0.0000
0.4968
0.0000
1.7000
0.0000
0.0000
0.2234
0.9881
1.0148
0.0000
0.0000
0.0000
0.0000
0.0000
1.2592
0.0000
0.0000
0.1227
0.1706
0.0000
0.0899
0.0000
0.0000
0.0000
0.0000
0.0000
0.0000
0.0000
0.0000
0.0000
2.5081
0.0000
1.3220
0.0000
0.0000
0.0000
0.0000
0.0000
0.0000
0.7750
3.8600
0.3315
0.0000
0.0000
0.0000
0.0000
0.0000
0.0000
0.0000
0.7306
0.0000
0.3229
0.0000
0.0000
0.6589
1.9899
0.9911
3.1852
0.0000
1.1710
0.0000
0.0000
3.1761
0.0000
0.0000
0.0000
0.0000
2.4108
0.0000
0.6273
0.0000
0.0000
0.0000
0.0000
0.0000
0.0000
0.0000
0.9909
4.1608
0.0000
0.0000
0.0000
0.0000
0.0000
0.0000
0.0000
0.0000
0.0000
0.0000
1.4929
1.1408
0.9520
0.0000
0.3989
0.0000
0.4350
0.6224
0.0000
0.5000
0.0000
0.0000
0.0000
0.0000
2.2273
0.0000
0.5041
2.9576
0.0000
3.0697
2.4521
0.0000
1.0226
0.0000
1.9895
0.0000
0.0000
2.3560
0.1435
0.0000
0.0000
0.5333
0.0000
0.0000
0.0000
0.0000
0.0000
0.2846
0.0000
0.0000
1.0210
0.0000
0.0763
0.0000
0.0000
1.1620
0.0000
0.8507
0.0000
3.2198
0.0000
0.0000
0.0000
0.0000
0.0000
0.0000
0.0000
0.8855
0.0000
6.0114
0.8993
2.5657
0.0000
0.0000
0.0000
0.0000
0.0000
0.0000
0.0000
0.6845
0.0000
0.0000
0.0000
0.0000
1.2590
0.0000
0.0000
0.8288
2.4497
1.5146
0.0000
0.0000
0.0000
0.0000
0.0000
0.1712
0.0000
0.0000
0.0000
0.0000
0.0000
0.0000
0.0000
0.0000
0.6793
0.0000
0.0000
0.0000
0.0000
0.0000
0.0000
0.0000
0.0000
0.0000
0.1558
0.0000
0.1582
0.0000
0.0000
0.0000
0.0000
0.0000
0.0000
0.0000
2.3929
0.0000
0.4554
0.0000
2.3626
0.0000
0.0000
0.0000
0.0000
0.0000
0.0000
0.0000
0.0000
0.0000
0.0000
0.0000
0.0000
0.0000
0.0000
0.0000
0.0000
0.6113
0.0000
0.0000
0.3308
0.0000
0.0000
0.8133
0.0000
0.0000
0.0000
0.0000
2.7839
0.0000
0.0000
0.6303
2.5661
0.0764
0.0000
1.2305
0.0000
0.0000
0.0000
0.2729
1.2509
0.0000
1.8853
0.1262
0.5743
0.3347
0.0000
0.0000
0.0000
0.0000
0.0000
0.0000
0.0000
0.0000
0.0000
0.0000
2.4390
0.0000
1.4894
0.0000
0.0000
1.7157
0.0000
0.0000
0.0000
0.0000
2.0495
0.0000
0.0000
0.0000
0.0000
0.0000
0.0000
0.0342
0.0000
0.0000
0.4909
0.0000
0.0000
0.0000
0.0000
1.0000
0.0000
0.0326
0.0000
0.1027
0.0000
3.0125
0.0000
0.0000
0.0000
2.7756
0.0000
0.0000
0.0000
0.0000
0.0000
0.9151
0.6438
0.0000
0.0000
3.2931
0.0000
0.0000
0.0000
0.0000
0.0000
5.2618
0.0000
0.0000
0.0000
0.0000
0.0000
2.2843
0.6103
0.0000
3.2731
2.7823
1.4212
0.0000
0.0267
0.0000
0.0000
0.0000
0.0000
0.0000
0.0000
0.0000
0.0000
0.0000
0.0000
0.0000
0.0000
1.0262
0.0000
0.0000
0.9910
0.1959
0.0000
4.0415
0.0000
0.0000
3.1579
0.0000
0.0000
0.0000
0.0000
0.0000
1.3467
0.0000
0.0000
0.0000
1.2247
0.0000
0.0000
0.0000
0.0000
0.0000
0.0000
0.0000
0.0000
0.0000
0.0000
0.0000
0.0000
0.0000
0.0000
0.0533
0.0000
0.0000
3.0253
0.0000
0.0000
0.0000
0.0000
4.4967
0.0000
0.0000
0.0000
0.0000
0.0000
0.0000
0.0000
0.0000
0.8197
0.0000
0.0000
0.0000
0.0000
0.6362
0.0000
0.0000
0.0000
0.0000
0.0000
0.0000
0.0000
0.0000
0.5413
0.0000
0.5415
0.0000
1.2848
0.0000
0.0000
0.0000
5.3617
0.9613
0.1158
0.1929
0.9321
0.0000
0.0000
0.0000
0.0000
1.0137
0.0000
0.1075
0.0000
2.2941
0.0000
0.0000
0.0000
0.0000
0.6973
0.0000
0.6680
0.0000
0.0000
1.0989
0.0000
0.0000
0.0000
1.9550
0.0000
0.4403
0.0000
0.0000
1.4846
0.0000
0.0000
0.0000
0.0000
0.1428
0.1452
1.4944
1.2868
0.2982
0.0000
0.7422
0.0000
3.3574
0.0000
0.0000
0.0000
0.0000
0.6530
0.0000
0.0000
0.0000
0.0000
0.0000
0.0000
0.0000
1.6130
0.0000
0.6830
0.0000
0.0000
0.0000
0.0000
1.4662
1.2322
0.8978
0.0000
0.3966
0.0000
1.0317
0.0000
0.0000
5.6963
0.0000
0.8204
3.1436
0.0000
0.0000
0.0000
0.0000
0.0000
0.0000
0.0000
0.0000
1.6768
0.4765
0.9711
0.0000
1.9167
0.8002
0.0000
0.0000
1.7724
0.0000
0.0000
0.0000
0.0000
0.0000
0.0000
0.0000
0.0000
0.4813
0.1850
0.0000
0.0000
0.2501
0.0000
0.0000
0.0000
0.0000
0.0000
0.0000
0.0000
0.0000
0.3722
1.6345
0.0000
0.0000
0.0000
0.8593
0.0000
0.0000
0.0000
0.0000
0.0000
0.0000
0.0000
0.0000
0.0000
0.0000
0.0000
0.0000
0.0000
0.0000
0.0000
0.0000
0.0000
0.0000
0.0000
0.0000
0.0000
2.7757
1.2561
0.0000
0.0000
0.0000
0.0000
0.0000
0.0000
0.0000
0.0000
0.0000
2.6734
0.2781
0.0000
0.3805
0.0000
0.0249
0.0000
0.3038
0.5752
0.0000
0.0000
0.0000
0.0000
0.0000
0.0000
3.4605
0.0000
0.0000
0.0000
0.0000
0.0000
0.0000
1.7209
0.0000
0.3769
0.0000
0.0000
0.8065
0.0000
0.0000
0.0000
0.0000
0.0000
0.0000
0.0000
0.4342
0.9742
1.5488
0.0000
0.0000
0.0000
0.0000
0.0000
0.0000
0.0000
0.0000
0.3384
0.0000
0.0000
0.0000
0.0000
0.0000
0.0000
0.1981
1.8422
0.0000
0.0000
0.0000
0.0000
0.0000
0.0000
0.0000
0.0000
0.0000
0.7631
0.0000
0.0000
0.0000
0.0000
0.0000
0.0000
0.0000
0.0000
0.0000
0.0000
0.0000
0.0000
0.6517
0.0000
0.0000
0.0000
0.0000
0.0000
1.0839
0.0000
0.0000
0.0000
1.5069
0.0000
1.1056
0.0000
3.5859
0.1740
0.0000
2.1332
0.0000
0.4741
0.0000
0.0000
0.0000
0.0000
0.0000
0.3449
0.0000
0.3501
0.7772
0.0000
0.0000
0.0000
0.0000
0.6596
0.0000
0.0000
4.8695
0.8582
0.0000
0.0000
0.0000
0.0000
0.0000
0.0000
0.0000
0.0000
0.0000
4.4502
1.0425
0.0000
0.0000
0.0000
0.0000
0.0000
0.0000
0.0000
0.0000
0.0000
2.8146
0.0000
0.0000
0.0000
0.3377
0.0000
3.8281
0.2522
0.0000
0.0000
0.7995
0.0000
0.0000
0.0000
0.0000
1.1921
0.0000
0.0000
0.0000
0.0000
0.0000
0.0000
0.0000
0.0000
0.0000
0.0000
0.0000
0.6645
0.0000
0.9631
0.0000
0.0000
1.0311
0.0000
0.0000
0.0000
0.0000
0.5541
0.0000
0.0000
0.0000
0.0000
0.0000
0.0000
0.0000
1.8315
0.0566
0.7036
0.0000
0.0000
0.0000
0.0000
0.1464
0.3477
0.8755
0.0000
0.0000
0.0000
0.0000
0.7416
0.3409
0.0000
0.0000
0.0000
0.0000
0.0000
0.0000
0.0000
0.0000
4.1557
0.0000
0.0000
0.0000
0.0000
0.0000
0.0000
0.3530
0.0000
0.2653
0.0000
0.0000
0.0000
0.0000
1.9800
0.0000
0.0000
1.7364
0.8170
0.4673
0.0000
0.0000
0.0000
0.0000
0.0000
0.0000
0.0000
0.0000
0.1356
0.0000
0.0000
0.0000
0.0000
0.0000
0.0000
0.5814
0.0000
0.0000
0.0000
0.0000
0.0000
0.0000
0.0000
0.0000
0.0000
0.0000
1.0153
0.0000
0.0000
0.0000
0.0000
0.8141
0.0000
0.0000
0.0000
0.0000
0.0000
0.1761
0.8581
0.1285
0.0000
1.5586
0.0000
0.5730
0.0048
0.0000
0.0000
0.0000
0.0000
0.0000
1.3637
0.0000
0.1511
0.0000
0.4531
1.4784
0.7537
0.0000
0.0000
0.0000
0.0000
0.0000
0.0000
0.0000
0.0000
0.0000
0.0000
0.0000
1.2118
0.0000
0.1781
0.0000
0.0000
0.0000
0.0000
0.4674
0.0000
0.0000
0.0000
0.0000
0.0000
0.0000
0.0000
0.0000
0.0000
0.0000
0.0000
0.5799
0.0000
0.0000
3.9011
0.0000
0.0000
0.0000
0.0000
0.0000
0.0000
0.0130
0.0000
0.9324
1.6264
0.0000
0.0000
2.4585
2.0985
0.0000
0.0000
0.0000
0.0000
0.0000
0.0000
0.0000
0.0000
0.0000
0.0000
0.0000
0.0000
0.0000
0.0000
0.0000
0.0000
0.0918
2.1178
0.8384
0.0000
0.0000
0.2607
4.6837
0.1657
0.9976
0.0000
0.0000
0.0000
0.0000
0.8949
0.0000
0.0000
0.0000
0.0000
0.0000
0.0000
0.0000
0.0000
0.0000
0.0000
1.0189
3.4086
0.0000
2.1495
0.0000
1.0547
0.0000
0.0000
0.0000
0.0000
0.0000
0.6042
0.0000
0.0000
0.0000
0.0000
1.4956
2.3537
0.3995
3.5410
0.0000
0.0000
0.0000
1.2856
0.0000
0.0000
0.0000
0.0000
0.0000
0.0000
0.0000
0.3801
2.6452
1.2334
0.2875
0.0000
0.0000
0.0000
0.3241
0.0000
0.0000
0.0000
2.6103
0.0000
1.2718
0.0000
1.9648
0.0000
0.0000
0.8716
2.0813
0.3230
2.6002
0.0000
0.0000
0.0000
0.0000
0.0000
0.0000
1.8812
0.0000
0.0000
0.0000
0.9087
0.0000
1.1472
0.2709
0.7304
0.0000
0.0000
0.0000
2.8069
0.0000
0.0000
0.4687
0.0000
0.0000
0.0000
0.0000
3.1262
0.0000
0.0476
0.0000
1.4164
0.0000
0.0000
0.0000
0.0000
0.0000
0.0000
0.0000
0.0000
0.0000
3.1897
1.2006
1.2925
0.0000
2.5901
0.3879
0.2526
1.3473
0.0000
0.0000
3.1987
0.0000
0.0000
0.0000
0.0000
0.0000
1.9579
0.0000
0.0000
0.0000
0.0000
0.0000
0.0000
0.0000
0.0000
0.4308
0.0000
1.5687
0.0000
0.0000
0.0000
1.5884
0.0000
0.0000
0.6328
0.0000
0.0000
0.3954
0.0000
1.2882
0.0000
0.0000
0.0000
0.8174
0.5425
0.0000
0.0000
0.0000
0.0000
0.4496
0.2831
0.5518
0.0000
0.0000
0.3718
0.0000
1.4748
0.0000
0.0000
0.0000
0.0000
0.0000
0.0000
0.0000
0.0000
0.0000
0.0000
0.0000
0.0000
0.0000
0.0000
0.0000
0.0000
0.0000
0.0000
0.0000
0.0000
0.0000
0.0000
0.0000
0.0000
0.0000
0.0000
0.0000
4.0175
0.8040
1.4210
0.0000
0.0000
0.0000
0.0000
0.2282
0.0000
0.0000
0.0000
0.2920
0.0000
0.0000
0.0000
0.0000
0.0000
0.0000
0.0000
0.0000
0.0000
0.0000
2.2280
0.0000
0.0000
0.0000
3.3216
0.0000
0.0000
0.9563
1.5826
3.4938
0.0000
0.1558
0.0000
0.0000
0.0000
2.2928
0.0000
0.0000
0.0000
0.0000
0.0000
0.0000
1.0955
0.0000
2.4760
0.0000
0.0000
0.0000
0.5107
0.0000
0.0000
0.0000
0.0000
0.0000
2.6416
1.2191
0.0000
0.0000
0.4597
0.0000
0.0000
0.0000
0.0000
0.0000
1.9772
0.1435
1.6563
0.0000
0.0063
0.0000
0.0000
0.0000
0.0000
0.0000
0.0000
0.0000
0.0000
4.1082
0.0000
0.0000
0.0000
0.0000
0.0000
0.0000
0.0000
0.0000
0.0000
0.0000
0.0000
0.0000
1.2576
0.0000
0.0000
0.0000
0.0000
0.0000
0.0000
0.0000
0.4458
0.3767
0.0000
0.0000
3.1174
0.0000
0.0000
0.0000
1.9273
0.0000
0.0000
0.0000
0.6292
3.5138
0.0000
0.0000
0.0000
0.0000
0.0000
0.5699
0.0000
0.0000
0.0000
0.0000
0.0000
0.0000
0.0000
2.0738
1.6102
0.0000
0.0000
0.7381
0.0000
0.0000
0.2785
0.6207
0.0000
0.0000
1.2936
0.0000
0.0000
0.0000
0.6714
0.0000
0.0000
0.0000
0.0000
0.0000
0.7857
0.0000
0.0000
0.1158
0.0000
0.0000
0.0000
0.0000
0.0000
0.0000
1.8159
0.0000
0.0000
1.1197
0.0000
0.0000
0.0000
0.0000
0.0000
0.0000
0.6111
0.0000
0.0000
0.0000
0.0000
0.0000
0.0000
0.0751
0.0000
0.0000
0.0000
0.0000
1.0987
0.9066
0.0000
0.0000
0.0000
0.0000
0.0000
0.0000
0.0000
0.0000
0.1170
0.0000
0.0000
1.8034
0.0000
0.0000
0.0000
0.0000
0.0000
0.0000
0.0000
0.0000
0.0000
0.0000
0.0000
0.0000
0.5283
0.0000
0.0000
0.0000
0.0000
0.0000
0.0000
0.0000
0.0000
0.4205
0.0000
0.0000
0.0000
0.0000
0.0000
0.0000
0.0000
0.0000
2.1890
2.5135
0.0000
0.0000
0.0000
0.0000
0.0000
0.0000
0.0000
0.0000
0.1660
0.0000
0.0000
0.0000
0.2581
0.8281
2.2194
0.0000
0.0000
0.5412
0.0000
0.0000
2.4107
0.0000
4.2133
0.0000
0.0000
0.5586
0.0238
1.6777
2.3908
3.6565
0.3603
0.0000
0.0000
0.0000
0.0000
0.0000
0.0000
0.3840
0.0000
0.0000
0.0000
0.0000
0.0000
0.0000
0.0000
0.0000
0.0000
1.2437
0.1672
0.9069
0.0000
1.6703
0.0000
0.0000
0.0000
0.0000
0.0000
2.7163
0.0000
0.0000
1.5963
0.6777
0.0000
0.8572
0.0000
0.0000
0.0000
0.3582
0.0000
0.0000
0.0000
0.0000
0.0000
0.0000
0.0000
0.0000
0.0000
1.9350
0.0000
2.4293
0.0000
0.5741
0.0000
0.0000
0.0000
0.0000
0.0000
0.0000
0.0000
0.0000
0.5226
0.0000
2.8879
2.2979
0.0000
0.0000
0.0000
0.0000
0.0000
0.0000
0.0000
0.0000
0.0000
0.0000
0.0000
0.0000
1.6935
0.0000
0.0000
0.0000
0.0000
0.0000
0.0000
0.0000
0.0000
2.0930
3.8454
0.7563
0.0000
1.0799
0.0000
0.7326
0.0000
0.0000
0.0000
0.0000
0.3188
0.0000
0.0000
0.0000
0.0000
0.0000
0.9572
2.7079
0.0000
0.0000
0.0000
0.0000
0.0000
0.1194
0.0000
0.0000
3.3038
0.0000
0.0000
0.0000
0.7130
0.0000
0.0000
0.7968
3.7658
1.3866
0.0636
0.0000
0.0000
0.0958
0.0000
0.0000
0.0000
0.0000
0.0000
0.0000
0.0000
0.0000
0.0000
0.0000
0.0000
0.6071
0.3580
0.5377
0.0000
0.0000
0.0000
0.2991
0.0000
0.0000
0.0000
0.0000
0.0000
0.0000
0.0000
2.4800
0.0000
0.0000
0.0000
0.0000
1.0584
0.0000
0.0000
0.2089
0.0326
0.2391
0.0000
1.4421
0.0000
0.0000
0.0000
0.0300
0.5691
0.0000
0.0000
0.0000
0.0000
0.0000
0.0000
5.1866
0.0000
0.0000
0.0000
0.0000
0.0000
0.0000
0.0000
0.0000
0.0000
0.0000
0.5326
0.0000
0.0000
0.0305
0.1495
0.1349
0.9592
0.0000
1.5033
0.0000
0.0000
0.0000
0.0000
2.7613
0.0000
0.0000
0.0000
1.6495
0.0000
1.9608
0.0000
0.0000
0.0000
0.0000
0.0000
0.0000
0.0000
0.0000
0.0000
1.2648
0.0000
0.0000
0.0000
0.6332
1.7533
2.0610
3.6534
0.0000
0.0000
0.0000
0.0000
2.3154
0.0000
0.0000
0.0000
2.8941
1.5488
0.0000
0.0000
0.0000
0.0312
0.0000
0.0000
0.0000
0.0000
0.0000
0.0000
0.0000
0.0000
0.0000
2.7308
0.0000
1.6981
0.0000
0.0000
0.1230
0.0000
0.0000
0.0000
0.0114
0.0000
0.0000
1.8874
1.3606
2.1540
0.0000
0.0000
0.0000
0.2456
0.0000
0.2585
1.3790
0.0000
0.0000
0.0000
0.0000
0.0000
0.0000
0.4141
0.0000
2.4019
0.1770
0.0000
0.0000
0.0000
0.0000
0.0000
0.0000
0.0000
0.0000
0.0000
0.0000
0.3440
0.0000
0.0000
0.0000
0.0000
0.0000
0.0000
0.0000
0.0000
0.0000
0.0000
0.0000
0.0000
0.0000
0.0000
0.1914
0.5144
2.1419
0.0000
0.0000
0.0000
4.2854
0.0000
0.0000
0.0000
0.2240
0.0000
0.5706
1.9637
3.7317
0.0000
1.3288
0.0000
2.9671
0.0000
0.8765
0.0000
0.0000
0.0000
0.0000
0.0000
0.0000
0.0000
0.0000
0.0000
0.0000
1.8082
0.7748
0.0000
1.4786
0.0000
0.0000
0.0000
0.0000
0.0000
0.0000
0.0000
3.5585
0.0000
0.2743
3.4634
0.0000
0.0000
1.7215
0.8785
0.0000
1.2700
2.0630
0.7074
0.0000
1.8816
0.0000
1.7669
2.0406
0.0000
3.2128
0.5407
0.0000
0.5991
0.0000
0.0000
0.0000
0.0000
0.0000
1.6642
1.0230
2.9557
0.0000
0.0000
2.6138
0.4631
3.2854
0.0000
0.0000
0.0000
0.0000
0.0000
0.0000
0.0000
0.0180
0.0000
0.1512
0.1408
0.0000
1.7845
0.0000
0.5416
0.0000
0.1504
0.0000
0.0000
0.0000
0.0000
0.8555
0.0000
0.1184
0.0000
0.0000
0.0000
4.0596
0.0000
0.0000
0.0000
0.0000
0.8638
0.0000
0.0000
0.0000
0.0000
0.0000
0.0000
0.0000
0.0000
1.3928
0.0000
0.0000
0.0000
0.0000
1.4873
0.0000
4.7598
1.6281
0.3129
0.0000
0.0000
0.0000
0.0000
0.0000
0.0000
2.0335
0.0000
1.1993
0.0000
0.0000
0.0000
0.0000
0.5251
0.0000
0.0000
0.0000
0.0000
0.0000
0.0000
0.0000
0.0000
0.0287
0.0000
1.5643
0.0000
0.0000
0.0000
0.0000
1.7279
0.0000
0.0000
0.0000
0.0000
0.0000
0.0000
0.3041
0.0000
0.0000
0.0000
0.0303
0.0000
0.8882
0.0000
0.0000
0.0000
0.0000
1.2711
0.0000
0.6380
0.0000
1.9235
0.0000
0.0000
0.0000
0.5954
0.0000
0.0000
0.0000
0.0000
1.3244
0.0000
0.3435
0.0000
0.0000
0.0000
3.0922
0.0000
0.0000
0.0000
0.0000
0.0000
0.0000
0.0876
1.1024
0.0000
0.0000
0.0000
0.0142
0.0000
0.0000
0.0000
0.0000
0.0000
1.3101
0.0000
0.0000
0.0000
0.0000
1.9548
2.5148
0.0000
0.1775
1.9398
0.0000
0.0000
0.0000
3.4402
1.0028
1.2451
0.0000
0.0000
0.0000
0.0000
0.0000
0.6182
0.0000
0.4298
0.0000
0.7135
0.5425
0.0000
0.0000
0.0000
0.0000
0.4370
0.0000
0.0000
2.9629
0.0000
0.0000
2.1436
3.0859
1.2190
0.0000
0.5306
0.0000
0.0000
0.1064
0.0000
0.0000
2.3214
0.0000
0.0000
1.2371
2.5601
0.0000
0.0000
0.6593
0.3042
0.3132
0.0000
0.0000
1.2662
0.0000
0.0000
0.0000
0.0000
0.0000
0.1362
0.0000
0.0000
0.0000
0.0000
1.8090
0.0000
2.2579
0.2059
0.0000
0.0000
0.0000
1.3887
0.0000
0.0000
0.0000
1.9100
1.6911
0.0000
0.0000
0.0000
0.0000
0.0000
0.6392
0.7072
0.0000
0.0000
1.0703
0.0536
0.8680
0.3740
0.8152
0.0000
0.0000
0.0000
0.7307
1.0906
0.0000
0.0000
0.0000
0.0000
0.0000
0.0000
0.0000
0.0000
0.0000
0.0000
0.0000
0.0000
0.7060
0.0000
0.0000
1.5410
1.7780
0.0000
0.9985
0.0000
0.0000
0.0000
0.0000
0.0000
1.2240
0.0000
0.0000
0.5413
3.3512
0.0000
0.0000
0.0000
0.7825
0.0000
0.0000
0.0000
0.0000
0.0000
0.0000
0.0000
0.0000
0.0000
0.0000
4.0196
0.0000
0.5062
0.0000
0.0000
0.0000
0.0000
0.0000
3.1268
0.0000
0.0000
0.0000
0.0000
0.0000
0.0000
0.0000
0.0000
0.0000
0.0000
0.0000
0.0000
0.8591
0.0000
0.0000
0.0000
0.0000
1.3139
0.0000
0.0000
0.0000
0.0000
0.0000
0.0000
1.7655
0.0000
0.0000
1.0296
3.9525
0.0000
2.4197
0.0000
1.6867
0.0000
0.0000
0.0000
0.0000
0.0000
0.0000
0.0000
0.0000
0.0000
1.4998
0.0000
2.3183
0.0000
1.3590
0.0000
0.0000
0.0000
1.4169
0.0000
0.0000
1.5222
0.0000
0.5534
0.0000
0.0000
0.0000
0.0000
2.4285
0.0000
0.0000
0.0000
0.3797
0.0327
0.0000
0.0000
0.0000
0.0189
0.0000
0.0000
0.0000
0.0000
0.0000
0.0000
2.5705
0.8343
0.0798
0.2446
0.0000
0.6490
0.0000
0.0000
0.0000
0.0000
0.0000
2.4259
2.2506
0.0000
0.0000
0.0000
0.7038
0.0000
0.0000
0.0000
0.0000
0.0000
0.0000
0.0000
0.0000
0.0000
0.0000
0.0000
0.0000
3.2926
0.0000
0.0000
0.0000
0.0000
0.0000
0.0997
0.0000
0.0000
0.0000
0.9772
1.4300
0.0000
0.0000
0.5438
0.4135
0.0000
0.0000
0.0000
0.0000
0.0000
2.0322
0.0000
0.0000
0.0000
0.0000
0.0000
0.0000
0.0000
0.0000
0.0000
0.0000
0.0000
0.5470
0.9251
0.0000
0.0000
0.0563
1.8757
0.0000
0.0000
0.0000
0.5197
0.0000
0.0000
0.2535
0.0000
0.0000
0.0000
2.4665
1.6691
0.0000
0.2276
0.0000
0.0000
3.7927
0.0000
0.0000
0.0000
0.2141
0.0000
1.0257
1.8239
0.0000
1.6295
0.0000
0.0000
0.0000
0.0000
0.0000
0.0000
0.0000
0.4470
0.0000
0.0000
0.0000
0.0000
0.0000
0.0000
0.0000
0.9539
0.0000
0.0000
0.0000
0.1815
0.0000
0.0000
0.0000
0.0000
0.0000
0.2371
0.0000
0.0000
1.9568
0.0000
0.0000
0.0000
0.0000
1.7161
0.1177
0.0000
1.2291
0.0000
0.0000
0.0000
0.0000
0.3991
0.0000
0.7044
0.7588
0.0000
1.5859
0.0000
0.0000
0.0000
1.7327
0.0000
0.0000
0.0000
0.0000
0.0000
0.1815
0.0000
0.0000
0.0000
0.0000
0.0000
0.0000
1.7465
0.0000
0.0000
0.0000
1.9243
0.0000
0.0000
0.9482
0.6741
0.0000
0.0000
0.0000
0.0000
3.6792
0.8049
0.0000
0.0000
0.0000
1.8260
6.0772
0.0000
0.8118
0.0000
0.0000
0.0000
0.0000
0.0629
0.0000
0.0000
0.0000
0.0000
0.0000
0.0000
0.0000
0.0000
0.0000
0.0000
0.2198
0.0000
0.0000
0.2393
0.0000
0.0000
0.0000
0.0000
0.0000
1.7404
0.0000
0.0000
0.3920
0.0000
0.2795
1.8765
0.0000
1.2530
0.0000
2.2401
0.0000
0.0831
0.0000
1.7064
0.0000
0.0000
1.1884
0.0000
0.0000
0.0000
0.0000
0.0000
0.0000
0.2614
0.0000
2.5750
0.0000
0.0000
0.0000
0.0000
0.0000
0.0000
0.0000
0.0000
0.0000
0.0000
0.0000
1.5064
0.5683
0.4248
0.0000
0.0000
0.0000
0.0000
0.0000
0.0000
0.0000
0.0000
0.5291
0.0000
0.0000
0.0000
0.0000
0.0000
0.0000
0.0000
3.1699
0.0000
0.3996
2.4051
0.0000
0.0000
0.0000
0.0000
0.0000
0.0000
0.0000
0.0000
0.0000
0.6988
0.0000
0.0000
0.9686
0.5569
0.0000
0.0000
0.0000
0.0000
0.0000
0.0000
0.0000
1.4543
0.0000
0.0000
0.0000
0.0000
0.0000
0.0000
1.1733
0.0000
1.8359
0.0000
0.0000
0.0000
0.3913
1.3008
1.0098
0.0000
1.9777
0.0000
0.5850
0.0000
0.0000
0.0000
0.0000
0.0000
0.0000
3.8725
1.2006
0.0000
0.0000
0.0000
1.8414
1.1275
0.0568
0.0000
0.5361
0.0000
0.0000
0.0000
0.0000
0.6200
0.0505
0.0000
0.0000
0.0000
0.0000
0.0000
0.0000
0.0000
0.0000
0.0966
0.0000
0.0000
0.1305
0.0000
0.8274
0.0000
0.0000
0.0000
0.0000
2.0106
0.0000
0.0000
0.0000
3.0635
0.0000
0.1843
0.0000
0.0000
0.0415
0.0000
1.2550
2.0130
0.3028
0.7691
0.0000
0.0000
0.0000
0.0000
0.0000
0.0000
0.0000
0.0000
0.0000
0.4979
0.0000
0.0000
0.1019
0.9350
0.0000
0.5464
0.0000
0.0000
1.8484
0.0000
0.0000
0.0000
0.0000
0.0000
1.8368
0.0000
1.2285
0.8252
0.0000
0.0000
0.0000
0.0000
0.0000
0.0000
0.0000
0.0000
1.9680
0.0000
0.0000
0.0000
0.0000
0.0000
0.0000
0.6159
2.1293
0.0000
0.0000
0.0000
0.0000
0.0000
0.0000
0.0000
0.0000
0.0000
2.9496
0.0000
0.0000
2.2900
0.0000
3.2960
0.0000
0.0000
1.3858
0.0000
0.0000
0.6970
0.1784
0.1544
3.1634
0.0000
6.4175
0.3391
0.0000
0.0000
0.0000
1.2373
0.0000
1.3211
0.0000
0.0000
0.0000
0.0000
0.0000
2.3660
0.0000
0.0000
1.7379
0.0000
0.0000
0.0000
1.5120
0.7342
0.0000
0.0000
3.5077
0.0000
0.0000
0.0000
0.0000
1.5459
1.7001
0.0000
0.0000
0.0000
0.0000
0.0000
0.0000
1.6942
1.0005
2.0578
0.0000
0.8776
0.3927
1.2856
0.0000
0.0000
0.0000
0.0000
0.0000
1.3095
0.0000
0.0000
3.4345
0.0000
0.0000
0.0000
0.0000
1.5824
0.0000
0.0000
2.2861
0.0000
0.0000
0.4451
0.7838
0.0000
0.0000
2.0103
0.0000
0.0000
0.3446
0.0000
0.5342
0.0000
0.0000
1.9670
0.0000
0.5168
0.0000
0.0000
0.0000
2.9438
0.0000
0.0000
0.0000
0.0000
0.0000
0.5003
0.0000
0.0000
0.5801
2.7625
0.0000
1.1435
0.0000
0.0000
0.0000
0.0000
0.0000
0.0000
0.0000
0.0000
0.0000
0.0000
0.0000
0.0000
0.0000
0.0000
0.0000
0.6191
0.0000
0.0000
0.0000
0.0000
0.0000
0.0000
0.7711
0.0000
0.0000
0.8630
1.0871
0.0000
0.7499
0.0000
0.0000
0.0000
0.0000
0.0000
0.0000
0.0000
0.0000
0.0000
4.6234
0.0000
0.0000
1.2105
0.0000
0.0000
0.0000
0.0000
0.0000
0.0000
0.0000
0.0000
0.0000
0.2890
0.0000
0.0000
0.0000
1.4798
0.0000
2.2524
0.7037
0.0000
0.0000
0.0000
0.0000
0.0933
0.0000
0.4582
0.0000
1.1336
0.0000
0.0000
2.9765
0.0000
0.0000
0.0000
0.0000
0.2698
0.0000
0.4860
0.0000
0.0000
0.0000
1.4416
0.0000
0.0000
0.0000
0.0000
0.0000
0.6714
0.0000
0.0000
0.0000
1.7608
0.0000
0.0000
1.3877
0.0000
0.0000
0.0000
0.0000
0.7660
0.0000
0.6615
0.7404
2.5193
0.0674
0.4913
0.0000
0.0000
0.0000
0.0000
0.2334
3.0420
0.0000
0.0000
0.0000
0.0000
0.0000
0.0000
2.7427
3.0267
0.0000
0.0000
0.0000
0.0000
3.9945
0.0000
0.0000
0.0000
0.0000
0.0000
0.0000
0.0000
0.0000
0.0229
0.0000
0.0000
0.0000
0.0000
0.0000
0.0000
0.0000
1.5097
0.0000
0.0000
0.4556
0.0000
0.0000
0.0000
0.0000
4.5208
0.5157
0.0000
0.0000
0.9244
0.0000
0.0000
0.0000
1.0930
0.0000
0.0000
2.6065
3.9185
0.0000
0.0000
0.0000
0.0000
0.0000
0.0000
0.0000
0.4313
0.0000
0.0000
4.5353
0.0000
1.4771
0.0000
0.0000
0.0000
0.0000
0.0000
0.0000
0.0000
0.0000
1.8484
0.0000
0.0000
0.9340
0.0000
0.0000
0.0000
0.0000
0.0000
0.0000
0.0000
0.3816
0.0000
0.0000
0.7904
0.0000
0.0000
0.0000
0.0000
0.0000
0.0000
0.8451
1.8552
0.0000
0.0000
0.0000
0.0000
0.0000
0.0000
0.0000
0.3262
0.0000
0.0000
0.0000
0.0000
0.0000
0.0000
0.0000
0.0000
1.8484
0.0000
2.9162
0.0000
0.0000
0.9026
0.0000
0.0000
0.0000
0.0000
0.0000
0.0000
0.0000
0.6411
1.1545
0.0000
0.0000
1.6134
0.0000
0.9287
0.0000
0.4683
0.0000
1.7774
0.0000
0.0000
0.0000
0.0000
0.0000
0.0000
0.0000
0.0000
0.0000
0.0000
0.0000
0.0000
0.0000
0.0000
0.0000
0.0000
0.0000
0.0000
0.0000
0.1061
0.0000
0.0000
0.7096
0.7337
0.0000
2.0839
0.6341
1.0524
0.8630
2.2615
0.0000
0.0935
0.0000
0.0000
0.0000
0.4912
0.0000
0.0000
0.0000
0.0000
0.0000
0.0000
0.0000
0.9021
0.0000
1.4268
0.0000
3.8455
1.1765
0.0000
0.8054
3.3854
0.1148
0.0000
0.3563
0.0000
0.0000
0.0000
3.3159
0.0000
0.0000
0.0000
0.0000
1.2981
0.0000
0.0000
0.0811
0.0000
0.0000
1.9343
0.0000
0.0000
0.0000
1.0054
0.0000
0.0000
1.8487
0.0000
0.0000
0.0000
0.0000
0.0000
2.1491
0.0000
1.0126
0.0000
0.0000
0.0299
0.0000
0.0000
0.0000
0.0000
1.7955
0.0000
0.0000
0.0000
0.0000
0.0000
2.6739
0.1520
0.0000
0.0000
0.2755
0.0000
0.4881
0.8388
0.0000
0.0000
0.0000
0.0000
0.0000
0.0000
0.0000
0.0000
3.3641
0.0000
0.0000
1.7273
0.0000
0.0000
0.0000
0.1771
0.0000
0.0000
0.0000
3.6041
0.0000
0.0000
1.0795
0.0000
0.0000
0.0000
0.4561
0.0000
0.0000
0.0000
0.0000
0.0000
0.0000
0.0000
0.0000
0.7831
0.0000
0.0000
0.0000
0.0000
0.0000
0.0000
1.1078
0.2479
0.6355
0.0000
0.2963
0.0000
0.0000
0.0000
0.0000
0.0000
0.0000
0.6510
0.2167
0.0000
0.0000
4.5433
0.0000
1.1868
1.2236
1.0757
0.0000
0.0000
0.0000
0.0000
0.0000
0.0000
0.0000
0.0000
0.1563
0.0000
0.0000
0.0000
0.0000
0.0000
0.0000
0.0000
0.0000
0.0000
0.0000
0.0000
0.0000
0.0000
2.1101
0.0000
0.0000
0.0000
3.0052
0.0000
0.2710
0.0000
0.0000
0.0000
0.0000
0.0000
0.0000
0.0000
0.0000
0.0000
0.0000
0.7199
0.0000
0.0000
0.0000
0.0000
0.0000
0.0000
0.0000
0.0000
0.7298
0.0000
0.1455
0.0000
0.0000
0.0000
0.0000
0.6793
0.4929
0.0000
0.0000
0.0000
0.0000
0.0000
0.0000
0.0000
0.0000
0.0000
1.4785
0.0000
0.0000
0.5418
0.0330
0.0000
0.0000
0.0000
0.0000
2.5141
0.0000
1.3270
0.0000
0.0000
0.0000
1.5380
2.0938
0.0000
0.1097
0.0000
0.1245
0.0000
2.6694
0.0000
1.5776
0.0000
0.0000
0.0000
0.0000
0.0000
0.0000
2.1334
0.0000
0.0000
0.0000
0.0000
0.0000
0.0000
0.0000
0.0000
0.0000
0.0000
0.0000
0.0000
0.0000
0.0000
1.3151
0.0000
1.4587
0.0000
0.0000
0.0000
0.3592
0.0000
0.3349
0.0000
0.0000
0.0000
1.7383
0.0000
2.8230
0.0000
0.0427
0.0000
0.0000
0.0000
2.6880
0.0225
0.0000
0.0000
0.0000
0.0000
1.0775
0.0000
0.0000
0.0000
0.0000
1.6405
0.0000
0.0000
0.0000
0.0000
0.0000
0.0000
0.0000
0.0000
0.0000
0.0000
3.1947
0.0000
0.0000
0.0000
0.4099
0.0000
0.0000
3.5167
0.0000
0.0000
0.0000
0.0000
0.0200
0.0000
0.5190
0.0000
0.0000
0.0000
0.0000
2.9548
0.0000
0.0000
0.0000
0.0000
0.0720
0.0000
0.0000
0.0000
0.0000
0.0000
0.0000
0.0000
0.0000
0.2772
0.0000
1.4681
0.4852
0.0000
0.0000
2.6436
0.0000
0.0000
0.0000
0.0000
0.0000
0.0000
0.0000
0.0000
0.0000
0.0000
0.0000
0.0000
0.0000
0.0000
0.0000
0.0000
0.0090
0.4126
0.0000
0.0000
1.2780
0.0000
0.0000
2.2005
0.0000
0.0000
0.0000
0.0000
1.8696
3.0516
0.0000
0.0000
0.0000
2.8038
1.0809
0.0000
0.0000
0.0000
0.0000
0.0000
0.0000
0.0000
1.0138
0.0000
1.3083
0.0000
0.1075
0.0000
1.4786
0.0000
0.6542
0.0000
1.2442
1.6205
0.0000
0.0000
2.5254
0.0000
0.0000
0.0000
0.5446
0.0000
0.0000
0.0000
0.0000
0.9666
0.0000
0.8238
3.5835
0.0000
0.0000
0.6997
0.0000
1.4963
0.7873
0.0000
0.0000
0.0000
0.0000
0.0000
0.4704
1.4850
0.7984
0.0000
0.0000
0.0000
0.0000
0.0000
1.7525
0.5687
0.4495
0.0000
0.0000
0.0000
0.0000
0.3495
3.8235
0.0000
0.8549
0.0000
0.0000
3.5779
0.1253
0.0000
0.0000
0.0000
0.0000
0.0000
1.5182
0.0000
0.0000
2.6724
0.0000
0.0000
0.0000
0.0000
0.5622
0.7915
0.0000
0.0000
0.0000
0.0000
2.0203
0.9177
0.0000
0.0000
0.0000
0.0000
0.0000
0.0000
3.1346
0.0000
1.5968
0.0000
0.7676
1.0553
0.0000
0.0000
0.0000
0.0000
0.7386
0.0000
3.0055
0.0000
0.0000
0.0000
0.0000
0.0000
0.0000
0.0811
0.6421
0.0000
0.0000
0.0403
0.0000
0.0000
0.0000
0.0000
4.0643
5.7570
0.0000
0.0000
0.0000
0.0000
0.0000
0.0000
0.0000
0.0000
0.0000
0.0000
1.2997
0.0000
0.6109
2.1537
0.2519
0.0000
0.0000
0.0000
0.0000
0.8623
2.4840
0.0000
0.0000
0.0000
0.0000
0.0000
1.2225
0.0000
4.0067
0.0000
1.5392
0.0000
0.0000
0.0000
0.0000
0.8039
0.0000
0.0000
1.4420
2.0070
0.0000
0.0000
0.0071
0.0000
3.4450
0.0000
0.0000
0.0000
0.7952
0.0000
0.0000
0.0000
0.0000
0.0000
0.0000
1.6294
0.0000
0.2742
0.0000
0.0000
0.0000
0.0000
0.0000
0.0000
0.0000
0.0000
1.4559
1.1470
0.7405
0.8775
0.0000
0.0000
0.5140
0.0000
0.0000
0.0000
0.0000
0.0000
0.0000
0.7024
0.0000
0.0000
0.0000
1.2902
0.0000
0.0000
0.0000
0.0000
0.0000
0.0000
0.3729
0.2362
0.0000
0.0000
0.0000
3.9577
0.0000
0.0172
0.0000
0.0000
0.0000
1.2588
0.0000
0.0000
0.0000
0.0000
0.0000
0.0000
0.1893
0.4912
1.0937
0.0000
0.0000
0.0000
0.0000
0.7010
0.0000
0.2787
0.0000
0.0000
0.0000
0.7976
0.0000
0.0000
0.0000
0.0000
0.0000
0.0000
1.7098
0.0000
0.0000
0.0000
0.0000
0.0000
0.0000
0.0000
0.0000
1.9483
0.0000
0.0816
3.0779
1.8867
0.7489
0.0000
0.0000
0.0000
0.4158
0.7617
0.0000
0.0000
0.0000
0.0000
0.2109
0.5505
0.0000
0.0000
1.8335
0.0000
0.0000
1.4281
0.0000
0.0000
0.0000
0.0000
3.6829
0.0000
0.0000
0.0000
0.0000
0.0000
0.0000
2.0536
0.0000
0.0000
0.0000
0.0000
0.0000
0.0000
0.0000
0.0000
0.0000
0.0000
0.0000
1.7838
0.0000
0.0000
0.0000
1.1936
0.0000
2.5333
0.0000
0.0000
0.2915
0.0000
0.0000
0.0000
0.0000
0.0000
0.1309
0.0000
0.0000
0.0000
0.5820
2.0930
0.0000
3.0919
0.0000
0.0000
0.0000
0.0000
0.0000
0.9183
0.0000
0.0000
0.0000
1.0612
0.0000
0.7025
0.0000
0.0000
0.0000
0.0000
0.9218
2.3149
0.0000
0.0000
0.0000
0.0000
0.0000
0.0000
1.0067
0.0000
1.7288
0.0000
0.0000
0.0000
0.0000
0.0000
0.3667
1.2349
0.0000
0.0000
0.0000
0.0000
0.0000
0.0000
0.0000
0.0000
0.0000
0.4224
0.0000
1.9826
0.5234
0.0000
0.0000
2.3575
0.0000
0.0000
0.3209
0.0000
0.0000
0.0000
1.9127
0.0000
0.0000
0.0000
0.0000
0.0000
2.5985
0.7395
0.0000
0.0000
0.0000
0.0000
1.1798
0.0000
0.0000
0.0000
1.1896
0.0000
0.0000
0.0000
0.0000
0.0000
0.9283
0.0000
0.0000
0.4294
0.0000
0.0000
5.5065
0.0000
0.0000
3.9971
0.2513
0.0000
0.0000
0.0000
0.7703
0.0000
0.0000
0.0000
0.0000
0.0000
0.4998
1.6493
0.0000
1.5453
0.9515
0.0000
1.1703
0.0000
0.4500
0.3433
0.0000
0.0000
0.0000
0.0000
4.1757
0.0000
0.0000
0.0000
0.0000
0.0000
0.0000
0.8138
0.0000
0.0000
0.3013
0.0000
0.0000
0.0000
0.1555
1.6283
1.2630
0.0000
0.0000
0.0000
0.0000
0.0000
0.0000
0.0000
2.7581
0.0000
0.0000
0.0000
0.0000
0.0000
0.1366
0.0000
0.0000
0.0000
0.0000
0.0000
0.0000
0.0000
0.0000
0.0000
0.2703
0.0000
0.0000
0.0000
0.0000
0.0000
1.2321
2.1296
0.0000
0.0000
0.0000
2.7455
0.0000
0.0000
0.1862
0.0000
1.4180
0.8272
0.0000
0.0000
0.0000
4.6312
0.2532
0.0000
0.0000
0.0000
0.0000
0.0000
0.0000
0.0000
1.7261
0.0000
0.0000
0.0000
4.0109
0.0000
0.0000
0.0000
0.0000
0.0000
0.0000
2.5282
0.0000
0.0000
0.0000
0.0000
0.0000
0.0000
0.0000
0.0000
0.0783
0.0000
0.0000
0.4309
0.0000
0.0000
0.0000
0.0000
0.0000
0.0000
4.3955
0.0000
3.0257
0.0000
0.0000
0.7243
0.0000
2.9179
0.0000
2.2431
0.0000
0.0000
0.8367
0.0000
0.0000
0.0000
0.5053
0.0000
0.0000
0.7888
0.0000
0.0000
0.0000
0.0000
0.0000
0.0000
0.6097
0.0000
0.0000
0.0000
0.9169
0.6238
0.0000
0.0000
0.3144
0.0000
2.6423
0.0371
0.0000
1.6326
1.5185
0.0000
0.0000
1.4682
0.0000
5.3123
0.8032
1.0315
0.0000
2.2811
0.0000
0.0000
0.0000
0.0000
0.0000
0.0000
0.0000
0.0000
2.2907
0.5157
2.6778
0.0000
0.0000
2.3285
0.0000
0.0000
0.0000
0.0000
0.0000
3.0780
0.0000
0.0000
0.5940
0.0000
0.0000
0.0000
3.0540
0.0000
1.2087
0.0000
0.0000
0.0000
0.1556
0.0000
2.3350
0.0000
0.0000
0.0000
0.3906
1.8047
0.1278
0.0000
0.0000
0.0000
0.0000
0.0000
0.0000
0.3208
0.0000
0.0000
0.0000
0.0000
0.0000
0.0000
0.9108
0.5523
0.0000
0.0000
0.0000
2.7347
1.1044
0.3316
0.0000
0.4628
2.1263
0.0000
0.8919
0.0000
0.0000
0.0000
0.0000
1.1567
0.0000
0.0000
0.0000
0.0000
2.1618
0.4338
1.3469
0.0000
0.0000
0.1829
0.5046
1.1127
0.0000
0.1311
0.0000
2.2545
1.9196
3.0234
0.0000
0.0000
1.3639
0.0000
0.0000
0.0000
0.0000
0.0000
0.4560
0.3302
0.0000
0.0000
0.0000
0.0000
4.8041
0.3094
0.1525
0.0000
0.0000
0.0000
0.0000
0.0000
0.0000
1.0210
0.0000
0.0000
2.3082
0.0000
4.3856
0.0000
0.0000
0.0000
1.0461
0.6926
0.0916
0.0000
0.0000
0.0000
0.0000
0.0000
0.0000
0.0000
0.0000
0.0000
0.0000
0.0000
0.0000
0.0000
0.0000
0.0000
0.0000
1.1036
0.0000
0.0000
0.0000
1.7857
0.0000
2.8506
0.4424
0.6205
1.0524
0.0000
0.0000
1.6325
0.0000
0.0000
0.0000
0.0000
1.2979
0.0000
4.4710
0.7780
0.0000
5.2678
0.0000
1.8776
0.3739
0.0000
1.9936
0.0000
0.0000
0.0000
0.0000
0.0000
0.0000
1.0766
0.3858
0.8275
0.8370
0.0000
0.0000
0.0000
0.0000
0.0000
0.1147
0.0000
0.0000
0.0000
0.0000
0.0000
0.0000
