1.2236
0.0000
0.0904
0.2923
0.6465
0.0000
0.4756
0.0000
0.0000
2.8278
1.6461
0.0000
1.1789
0.0580
0.0000
0.0000
0.0000
0.0000
0.0000
0.0000
0.0000
0.1247
1.2240
2.8691
0.9217
1.5604
0.0000
1.2443
0.0000
0.0000
0.0000
0.0000
1.3802
0.0000
1.6837
0.0000
0.0000
0.0000
1.8497
1.9494
0.0000
0.0000
0.0000
0.0000
0.0000
0.2721
0.0000
0.0000
0.0000
0.0000
0.0000
0.0000
0.0000
0.0000
0.0000
0.0000
0.0998
0.6620
0.0000
0.0000
0.0000
0.9415
0.0000
1.8604
0.0000
0.0000
0.0514
0.0000
0.0000
0.0000
0.0000
3.1387
0.4282
0.0000
0.0000
1.6665
0.0000
0.0000
0.0000
0.0000
0.3317
0.0000
0.0000
0.0000
0.0000
1.3417
0.0000
2.2959
0.0000
0.0000
0.2546
0.0000
1.1074
0.8206
0.0000
0.0000
0.0000
0.0000
1.9415
0.0000
0.0000
0.0000
0.6150
0.0000
0.0000
2.1140
1.8890
0.0000
0.1851
2.7265
0.0000
0.3514
0.1103
0.2027
0.0000
0.0000
0.0771
0.0000
0.0000
0.0000
2.2401
0.1759
2.3310
0.0000
0.0000
0.0000
0.0000
1.4059
0.1316
0.2649
0.0000
0.0000
0.1245
0.0000
2.0630
0.0000
0.1040
1.8587
0.0000
3.0187
2.1132
0.0000
1.1068
1.3686
3.3730
0.0000
0.0000
0.8834
1.5706
0.0000
0.0000
2.2015
0.5806
0.3382
0.0000
0.0000
0.0000
0.6219
0.0000
0.0000
0.1171
0.0000
0.3794
0.0000
0.0000
1.3345
0.0069
0.0000
0.0000
2.6992
0.0000
0.0344
0.0000
0.7034
0.0000
0.0000
0.0000
0.3298
0.0000
5.1255
1.7986
3.3020
0.0000
0.0000
0.0000
0.0000
1.3568
0.0000
2.5627
0.1781
0.0000
0.0000
0.0218
0.0000
0.4524
0.0000
0.0000
0.7260
3.0818
1.5658
0.0000
0.0000
0.0000
0.0000
0.0000
0.0000
0.0000
0.1583
0.0000
0.0000
0.0191
0.0000
0.0000
0.8594
0.0000
0.0000
0.0000
0.0000
0.0000
0.0000
0.0000
0.0000
0.0000
0.0000
2.6429
0.0000
0.6505
0.8716
0.0000
0.1248
0.0000
0.5367
0.0000
0.0000
2.6333
0.1666
2.1444
0.0000
0.3174
0.0000
0.0000
0.0000
0.9190
0.0000
0.0000
0.9635
0.0000
0.0000
0.4655
0.0000
0.0000
0.0000
0.0000
0.0000
0.0000
1.0046
0.0000
0.0000
1.0971
0.0000
0.0000
0.0000
0.0000
0.0000
0.0000
0.0000
0.0000
0.0000
0.0000
0.4760
2.6924
0.0000
0.0000
1.2680
0.0000
0.0000
1.1757
0.1832
0.0000
0.0000
2.7357
0.0000
0.3470
0.0000
0.0000
0.1765
0.0000
0.0000
0.0000
0.0000
0.0000
0.0000
0.0000
0.0000
2.9240
0.0000
0.0000
0.8650
0.0000
3.3242
0.0000
0.0000
0.0000
0.0000
0.0000
0.0000
0.0096
0.0000
0.0000
0.0000
0.0000
0.9735
0.0000
1.6702
1.2480
0.0000
0.0000
0.0000
0.0000
0.7945
0.0000
2.6097
0.0000
0.3476
0.0000
1.0696
1.0045
1.2505
0.0000
1.8192
0.0000
0.0000
0.0000
0.0000
0.0000
2.3865
1.4601
0.0000
0.0000
2.2733
0.0000
0.0000
0.0000
0.0000
0.0000
4.3649
0.0000
0.0000
0.0000
0.0000
0.0000
3.1782
1.2906
0.0000
1.2681
0.0000
0.0000
0.0000
1.7319
0.0000
0.0000
0.0000
0.0000
0.0000
0.0000
0.0000
0.1500
0.0112
0.3135
0.0000
0.1046
1.0653
0.0000
0.0000
1.3615
0.0000
0.0000
0.5851
0.0000
0.0000
3.8199
0.0000
1.0464
0.0000
0.0000
0.0000
0.0000
0.1029
0.0000
0.0000
3.6994
0.0000
0.0000
0.0000
0.6584
2.2402
0.0000
0.0000
0.0000
0.9587
0.0000
0.0000
0.0000
0.0000
0.0000
0.7809
0.0000
0.0000
1.2655
0.0000
0.0000
0.0000
0.0000
1.7043
0.3276
1.4351
0.0000
0.0000
1.4939
0.0000
0.0000
0.0000
0.0000
0.0000
0.0000
0.4621
0.0000
1.5555
0.0000
0.0000
0.0000
0.0000
0.0000
0.0000
0.0000
0.0000
1.7486
0.0000
2.5821
0.0000
2.1526
1.2197
0.7162
0.0000
3.3185
0.4197
0.4120
0.8534
2.2017
1.4742
0.0000
0.0000
0.0000
0.6959
0.0000
0.2971
0.0000
0.3161
0.0000
0.0000
0.9452
0.4327
1.6057
0.0000
0.0000
0.0000
0.0000
0.0000
0.0000
0.0000
0.0000
1.6988
0.0000
0.9591
0.0000
2.1496
1.9974
0.0000
0.7698
0.0000
0.8443
0.0000
0.9397
1.8572
1.5953
0.1190
0.0000
1.8413
0.0000
1.4590
0.0000
0.0000
0.0000
0.0000
1.5111
0.0000
0.0000
0.0000
0.5359
0.0000
0.0000
0.7619
2.9379
0.0000
0.0000
0.0000
0.0000
0.0000
0.0000
1.0624
0.0594
1.7943
0.0000
0.6350
0.0000
0.0000
0.0642
0.5869
5.2840
0.0000
2.3579
1.8390
0.0000
1.7536
1.5285
0.0000
0.4928
0.0000
0.0000
0.0000
0.4289
0.4537
0.0000
0.0000
0.0000
3.9139
0.0000
0.0000
0.0000
0.0000
0.0000
0.0000
0.0000
0.0000
0.0000
0.0000
0.0000
0.2352
0.0000
0.0000
0.0000
2.1568
0.0000
0.0000
0.0000
0.0000
0.0000
0.0000
0.0000
0.0000
0.2833
0.5847
0.0000
0.0000
0.4502
1.0155
0.0000
0.0000
0.0000
0.0000
0.0000
0.0000
0.0000
0.0000
0.0000
0.0000
0.9538
0.6136
0.0000
1.4039
0.0000
0.0000
0.0000
0.0000
0.0000
0.0000
0.0000
0.0000
2.2628
0.0000
0.0000
0.0000
0.0000
1.6007
0.0000
0.0000
0.0000
0.0000
1.2928
0.6338
0.0000
2.7119
0.0000
0.0000
0.0000
1.1644
2.8925
0.0000
0.5644
0.0000
0.0000
0.0000
0.0000
3.6945
0.0000
1.2951
0.2117
1.4591
0.0000
0.0000
1.7873
0.0000
0.0000
0.0000
0.0000
1.6818
0.0000
0.0837
0.0000
0.0000
0.0000
0.0000
0.0000
0.0000
1.2939
2.8331
0.0000
1.4854
0.0000
0.0000
0.0000
1.4251
0.0000
0.0000
1.1557
0.0000
0.0000
0.0000
0.6051
0.0000
0.0000
0.0000
0.8877
0.0000
0.0000
0.0000
0.0000
0.0000
0.0000
0.1873
0.0000
1.0047
0.9171
0.0000
0.0000
0.0000
0.0000
0.0000
0.0000
0.0000
0.7863
0.0000
0.0000
0.0000
0.0000
0.0000
0.0000
0.0000
0.0000
0.0000
0.0000
0.9708
0.0000
0.0000
0.0000
0.0000
0.0000
0.0780
0.0000
2.6354
1.5931
0.0000
2.2270
0.0000
0.0000
0.0000
0.0000
0.0000
0.7454
0.0000
2.2817
0.0000
0.0564
0.0000
0.0000
0.0964
0.0000
0.0000
1.0499
1.7065
0.0000
2.5583
0.0471
0.0000
0.0000
0.0000
0.0000
0.0000
0.0000
0.0000
0.0000
0.0000
0.0352
0.5980
0.0000
0.0000
0.1620
0.0000
0.0000
0.3081
0.0000
0.0000
0.0000
0.0000
0.0000
0.0000
0.0000
0.5977
0.0000
3.5376
1.1400
0.0000
0.0000
1.0455
0.0000
0.0000
0.4413
1.5506
0.9244
0.0000
0.0000
1.2119
0.0000
0.0000
0.0000
0.0000
0.0000
0.0000
0.0000
0.0000
0.0000
0.3655
3.3172
0.0000
0.0000
1.8984
0.0000
0.7063
0.0000
0.0000
0.8516
0.0000
0.1149
0.0000
0.3593
0.0000
0.0000
0.0000
2.2044
0.1004
0.0000
0.0000
0.0000
0.0000
0.0000
0.0000
0.0000
0.4198
0.0000
0.0000
0.0000
0.0000
2.5676
0.1650
0.0000
0.0000
0.0000
0.0000
1.4729
0.0000
0.0000
0.9365
3.5554
0.0000
0.0000
0.0000
0.0000
0.0000
0.0000
0.0000
1.1054
0.3065
0.0000
1.3206
0.0000
0.0000
1.2217
0.0000
0.0000
3.1559
2.9658
0.0000
0.6903
0.0000
0.0000
0.0000
0.0000
0.0000
0.0000
0.0000
1.0819
0.5781
0.0000
0.0000
0.0000
0.0000
0.8580
0.0000
0.0000
0.0000
0.0000
0.0000
0.0000
0.0000
0.0000
0.0000
0.0000
0.0000
1.1707
0.0000
0.0000
0.0000
0.0000
0.0000
0.0000
0.0000
0.0000
0.0000
0.0000
1.0523
0.3217
0.0000
0.0000
1.8649
0.0000
0.0000
1.2867
0.0000
0.0000
0.0000
0.0000
0.0000
2.6042
0.0000
0.0000
0.0000
0.0000
2.4532
0.0000
0.7220
0.0000
0.0000
0.0000
0.0000
0.0000
0.0000
0.0000
0.0000
0.0000
0.0000
0.0000
0.0000
0.0000
0.0000
0.1726
0.0000
0.0000
0.7249
1.7997
0.0000
0.0000
0.0000
0.0000
0.0000
0.0000
0.0000
0.0000
0.0000
0.0000
0.8254
0.0000
0.0000
3.0934
0.0000
0.0000
0.0000
0.0000
0.8547
0.0000
0.0000
0.0000
0.0000
0.7135
0.0000
0.0000
2.4595
0.0000
0.6578
0.0000
0.0000
0.0000
0.0000
0.0000
0.8386
0.7169
0.1242
0.0000
0.0000
0.0000
0.0000
0.5426
0.0000
0.0000
0.5075
0.2023
0.7332
0.0000
0.0000
0.0000
3.8176
0.0000
0.3354
0.0000
0.0000
0.0000
0.0000
2.2648
0.0000
0.0000
0.3065
0.0000
1.5526
0.0000
0.9976
0.0000
0.0000
0.0000
0.9716
0.0827
0.0000
0.3394
0.0000
0.0000
0.0000
0.0000
0.0000
0.4696
0.0000
0.0000
0.0000
0.0000
1.5389
0.0000
0.0000
1.2783
1.2142
0.0000
0.0000
0.0000
0.0000
0.0000
0.0000
0.0000
0.0000
0.0000
0.2481
0.0000
0.0000
1.2163
3.0163
0.1211
0.0000
0.0000
0.7653
0.0000
2.0604
0.0000
0.0000
0.0000
3.2790
0.0000
1.1418
0.0000
3.2561
0.0000
0.0000
0.2944
1.7163
0.0000
0.0988
0.0000
1.9325
0.8625
0.0000
0.0000
0.6651
0.3359
0.2647
0.0000
2.0695
0.1348
1.3065
1.9634
1.4524
0.3377
0.0000
1.3455
0.0000
0.9267
0.0000
0.0000
0.0000
0.0000
0.0000
0.0000
0.0000
0.9609
0.0000
0.0000
0.0000
1.0604
0.0000
0.0000
0.0000
0.0000
0.0000
0.0000
0.0000
0.0000
0.0000
2.0255
0.0000
2.1350
0.0000
0.0000
1.5835
0.3114
0.0000
0.0000
0.7473
1.1492
0.0000
0.0000
0.0000
0.0000
0.0000
0.7767
0.3854
0.0000
2.3132
0.0000
0.0000
0.0000
0.0000
0.0000
0.8171
0.0000
0.9906
0.0000
0.0000
0.0000
1.3026
0.0000
0.0000
0.5101
0.0000
0.0000
0.8883
0.0000
1.1023
0.0000
0.8084
0.0000
0.0000
0.3854
0.0000
0.2052
0.0000
0.0000
1.0415
0.0000
0.0000
1.3316
0.0000
0.6170
0.0000
0.0000
0.0000
0.0000
0.0000
0.0000
0.0000
0.0000
0.0000
0.7014
0.0000
0.0000
0.0000
0.0000
0.0072
0.0000
0.2771
0.0000
0.0000
0.0000
0.0000
0.0000
0.0000
0.0000
0.0000
2.6826
0.0000
0.0000
0.1225
0.2398
0.0000
3.1526
0.0000
0.0000
0.0000
0.0000
1.4853
1.1159
0.0000
0.0000
0.0000
0.8304
0.0000
0.0000
0.0000
0.0000
0.0000
0.0000
0.0000
0.0000
0.0000
1.2821
0.0000
0.0000
0.0492
2.9230
0.9142
0.0000
1.2032
3.0146
0.0000
0.0000
0.0000
0.0000
0.0000
0.0000
0.0000
0.0000
0.0000
0.0000
0.0000
0.0000
0.0000
0.9998
0.0000
2.5565
1.1862
0.0000
0.0000
0.1453
0.0000
0.0000
0.2942
0.0000
0.0000
2.4719
1.6655
0.0000
0.0000
1.1100
0.0000
0.6701
0.0000
0.0000
0.3787
3.3759
0.0000
1.8512
0.5334
0.8304
0.0000
0.0000
0.0000
0.0000
0.0000
0.0000
0.0000
1.0461
4.9287
0.0000
0.7719
0.0000
0.0000
0.0000
0.0000
0.0000
0.0000
0.0000
0.0088
0.0000
0.0000
0.1702
0.0000
0.0000
0.0000
0.0000
0.0000
0.0000
0.0000
0.9796
0.0000
0.0000
0.0000
3.3544
0.9822
0.0000
0.0000
2.2831
0.0000
0.1956
0.0000
0.0000
2.2035
0.3616
0.0000
0.0000
0.0000
0.0000
0.7434
0.0000
0.0000
0.0000
0.0000
0.0000
0.0000
0.0000
1.0340
1.6356
0.0000
0.3352
0.4016
1.1251
0.0000
0.0000
1.9211
0.0000
0.0000
0.0000
0.3659
0.0000
0.2668
1.3069
0.0000
0.0000
0.1805
0.0000
2.5879
0.0000
0.0000
0.0000
1.3045
1.3586
0.4543
0.0000
0.0000
0.0875
0.0000
2.0855
0.0000
0.0000
1.1422
0.0000
0.0000
0.0000
0.0000
0.0000
0.0000
0.9344
0.0000
0.0000
1.1051
0.0000
0.0000
0.0000
0.0000
0.0000
0.9997
0.0000
0.0000
1.2398
0.5310
0.0000
0.0000
0.6826
0.0000
0.0000
0.0000
0.0000
0.9072
0.2920
1.0810
0.0000
1.9697
0.0000
0.5159
0.0000
0.0000
0.0000
0.0000
0.0000
0.0000
0.0000
0.0000
0.0000
0.4832
0.0000
0.0000
0.0000
0.1171
0.0531
0.0000
0.0000
0.2688
0.0000
0.3025
0.0000
0.0000
1.4090
0.4410
0.7156
0.0000
0.1090
0.0000
2.9672
2.7232
0.0000
2.7897
0.0000
0.0000
0.0000
0.0000
0.0000
0.0000
0.9742
0.0000
0.0000
0.0000
0.7947
3.1318
0.0000
0.0000
0.2534
0.0000
0.0000
0.0000
0.4910
0.0000
2.4375
0.0000
1.0394
0.9412
0.7726
1.4056
0.2463
4.1302
0.0000
0.7139
0.0000
0.0000
1.0402
0.6638
0.3741
0.9377
0.0000
0.0000
0.0000
0.0000
0.7873
0.5959
0.0000
0.0000
0.0000
2.7536
0.0000
2.2870
0.0000
1.0092
0.0000
0.0000
1.0864
1.7656
0.0000
2.2442
0.0000
0.0000
1.3133
0.5582
0.0000
0.6163
0.0000
1.7378
0.0000
0.0000
0.3161
0.0000
0.0000
0.8245
0.0000
0.0000
0.0000
0.0000
0.1698
1.5449
0.0000
2.8406
0.0000
0.0000
0.0000
0.0000
0.1343
0.0000
0.0000
0.8348
0.0000
0.0000
0.0000
0.0000
0.5549
2.3001
0.0000
0.0000
0.0000
0.6592
0.0000
0.0618
0.0000
0.0000
0.0000
0.0000
0.0000
0.0000
1.8528
0.0000
0.8534
0.0000
0.0000
0.0000
0.2337
0.0000
0.0000
0.6299
2.8893
3.0971
0.0000
0.1115
0.0000
0.0000
0.0000
1.0274
0.0000
1.2104
0.0000
0.0000
0.0000
0.0000
0.0000
0.0000
0.4933
0.0000
0.0000
0.0000
0.0000
0.0000
0.0000
0.0000
0.0000
0.0000
2.7094
2.0234
2.2390
0.7201
0.0000
0.0000
0.0000
1.7091
0.1045
1.3419
0.0000
0.0000
0.0000
1.0301
0.0000
0.0000
0.6932
1.8641
0.0000
0.3250
0.0000
0.0000
0.0000
0.0000
0.0000
1.5374
1.0709
0.7133
0.0000
0.0000
0.0000
0.0000
0.0000
0.0000
0.0000
0.6788
0.0000
0.0000
0.0000
1.2433
0.0000
0.0000
0.0000
0.0000
0.6839
0.0000
0.0000
0.0490
0.2869
1.8355
0.0000
0.2240
0.0667
0.0000
0.0000
0.4089
1.2048
1.1622
0.0000
0.0000
0.0000
1.7580
0.0000
2.0210
0.0000
0.0000
0.0000
0.0000
0.0000
0.0000
0.0000
0.0000
0.0000
0.0000
0.0000
0.0000
0.0000
0.4173
0.9321
0.0000
0.0000
0.0000
2.6003
0.5449
0.0000
0.0000
0.0000
2.2330
1.1869
0.2422
0.0000
1.4260
0.0000
1.3297
0.0000
0.0000
0.0000
0.0000
0.0000
0.0000
0.0852
0.0000
0.0000
1.6983
0.0000
0.3355
0.5600
1.3291
0.0000
1.1742
2.0013
0.0000
0.0000
0.0000
0.0000
0.0479
0.0000
0.0000
0.0000
0.2044
0.7801
0.0000
0.1723
0.3268
0.0000
0.0000
0.0000
0.0000
0.0000
0.0000
0.1630
0.0000
0.0000
0.0000
1.5587
0.0000
0.0000
0.6739
0.9759
0.0000
0.0000
0.0000
0.2699
0.0000
0.4806
1.9151
0.5388
0.0000
1.7780
0.0000
0.0000
0.0000
1.4214
2.2437
0.2439
0.0000
0.0000
0.0000
0.4297
0.0000
0.9573
0.0000
0.6934
0.0000
2.7497
0.4798
0.0000
0.0000
0.0000
0.0000
0.0000
0.0000
0.0000
0.0000
0.0000
0.0000
0.5820
0.0000
0.0000
0.0000
0.0000
0.0000
0.0000
0.0000
0.0000
0.0000
0.0015
0.0000
0.0000
0.0000
0.0000
1.0922
0.0000
1.5611
0.0000
0.4221
0.0000
1.2635
0.0000
0.0000
0.0000
0.0000
0.0000
2.9143
0.6696
1.9776
0.0000
0.0000
0.0000
0.7561
0.6353
0.0000
0.0000
0.0000
0.0000
0.0000
0.0000
0.0000
0.0000
0.2613
0.0000
0.0000
0.0000
0.6801
1.3438
2.7646
0.0000
0.0000
0.0000
0.0000
0.0000
0.0000
0.0000
1.7949
0.0828
1.7199
2.1945
0.0000
0.0000
0.0000
0.7627
0.0000
0.4587
1.2306
1.2944
0.0000
0.0000
0.0000
2.6380
0.8962
0.0000
0.0000
0.0000
0.1177
1.6883
0.0000
0.0000
0.0000
0.0000
0.0000
0.4812
0.0000
2.6002
0.0000
0.0000
1.9275
0.0059
2.7876
0.0000
0.0000
0.0000
1.4295
0.4315
0.0000
1.0162
0.0000
0.0000
0.0000
3.1325
0.0000
0.3965
0.0000
0.7883
1.6726
0.0000
0.0000
0.0000
0.0000
0.5200
0.5835
0.0000
0.1268
2.3523
0.0000
0.0000
2.8096
0.0000
0.0000
0.1212
0.0000
0.2432
0.0000
0.0000
1.0726
0.0000
0.0000
0.0000
0.0000
0.0000
2.1857
0.0000
0.0000
0.0000
0.0000
3.1364
0.0000
2.4895
1.3689
0.1804
0.0000
0.0000
0.0000
0.0000
0.0000
0.0000
0.0000
0.0000
0.5175
0.0000
0.0000
0.0000
0.0000
0.0000
0.0000
0.0000
0.0000
0.0000
0.0000
0.6854
0.0000
0.0078
0.0692
0.0000
1.2932
0.0000
0.0000
0.0000
0.3480
0.0740
0.6977
0.0000
0.0000
0.0000
1.4516
0.0000
1.6576
0.0000
0.0000
0.0000
1.7484
0.0000
0.0000
0.0000
0.3538
0.0000
0.0000
1.6832
0.0000
1.7990
0.0000
0.0000
0.0000
0.4423
0.0000
0.0000
0.0000
0.0000
0.0000
0.2660
1.8943
0.0000
0.5929
0.0000
0.0000
0.0000
1.5984
0.0000
0.4525
0.0000
0.0000
0.0000
0.0000
2.5495
1.5195
0.0000
0.0000
0.0000
0.6573
0.7037
0.8774
0.0000
0.4298
0.0000
1.8416
0.0000
0.0000
0.0000
0.0000
2.0539
1.1227
0.0000
2.1942
0.0000
0.0000
0.8360
0.0000
4.3197
0.0000
0.0000
0.0000
0.0000
0.0000
0.0000
0.0000
0.2194
0.0000
0.9379
0.0034
0.0000
1.2407
0.0000
0.0000
0.0000
0.0000
0.0000
0.0000
0.0000
0.4985
0.8714
0.0000
1.5249
1.4742
0.2619
0.0000
0.8368
0.0000
0.0000
0.0000
0.0000
0.0000
2.8565
0.0000
0.0000
1.7189
2.4913
0.0000
0.0000
0.5531
1.8074
1.1525
0.0000
0.4350
1.9693
0.0000
0.0000
0.0000
0.0000
0.0000
0.0945
0.0000
0.0000
0.0000
0.4202
1.5643
0.0000
1.6579
0.3572
0.0000
0.0000
0.0000
0.4686
0.0000
0.0000
0.0000
0.9521
1.6626
0.0000
0.0908
0.0000
0.0000
0.0000
2.0984
0.6525
0.0000
0.0000
0.1846
0.0000
2.3612
1.0281
0.6633
0.0000
0.0000
0.0000
0.0000
2.2566
0.0690
0.0000
0.0000
0.4238
1.0954
0.0000
0.0000
0.0000
0.0000
0.0000
0.0000
0.0000
0.8323
0.0823
0.0000
0.0664
1.5598
0.0000
1.8047
0.0000
0.0000
0.3088
0.0000
0.3909
1.2491
0.0000
0.0000
0.0000
0.9453
0.0000
0.5540
0.6009
0.0000
0.0000
0.0000
0.0000
0.0000
0.0000
0.0000
0.0000
0.0000
0.0000
0.0000
1.5107
0.0000
0.2842
0.0000
0.0000
0.0000
0.0000
0.0000
0.3613
0.0000
0.0000
0.0000
0.0000
0.0000
0.0000
0.0000
0.0000
0.0000
0.0000
1.2703
0.0000
1.0407
0.0000
0.8571
0.0000
0.4494
0.5797
0.0000
0.0000
0.0000
0.3413
0.8434
0.0000
0.0000
0.0000
0.0000
0.4799
0.0000
0.0000
1.5798
0.8348
0.5638
0.1340
0.0000
0.0000
0.0000
0.0000
1.4578
0.0513
0.1094
0.0000
1.3738
0.0000
2.8485
0.0000
0.0000
0.0000
0.0313
0.0000
0.4769
0.0000
1.8179
1.2253
0.0000
2.1056
0.0000
0.8337
0.0000
0.3025
1.8768
0.0000
0.0000
0.0000
0.0000
0.0000
0.0000
0.0000
0.0000
0.0000
0.0000
0.0000
0.0000
0.0000
0.9309
2.0590
0.9416
2.0368
0.0000
1.5472
0.8608
0.4937
0.0000
0.0000
0.0000
0.0000
1.9230
0.2029
1.3602
0.0000
0.0000
0.0000
1.4292
0.9880
0.0000
0.0000
0.0000
0.0000
0.0000
0.0000
0.0000
0.0000
0.0000
0.0000
0.0000
1.0624
0.1678
0.0000
0.2077
0.0000
0.0000
1.1891
0.0000
0.0935
0.0000
0.5400
0.0000
0.0000
0.0000
0.9839
0.4484
0.0000
0.0000
0.0000
0.0000
0.0000
0.0000
0.0550
0.0000
0.0000
0.0000
0.0000
0.0000
0.0000
0.0000
0.3153
0.0000
0.0000
0.0000
0.3344
0.0000
0.0000
0.1553
2.6499
0.0000
0.0000
0.0000
0.2518
0.0024
0.0000
0.9913
0.0000
0.0000
0.0000
1.7972
1.8833
0.0000
0.9726
0.3415
0.0000
3.5475
0.0000
0.0000
0.0000
0.7582
0.0000
0.9468
0.0602
0.0000
0.2098
0.0000
0.0000
0.3496
0.0000
0.0000
0.0000
0.0000
1.4278
0.0000
0.9820
0.0000
0.0000
0.0000
0.0000
0.0000
0.5384
0.0000
0.2016
0.0000
0.0000
0.0000
0.0000
0.0000
0.0000
0.0000
1.0393
0.0000
0.0000
1.5176
0.0000
0.0000
2.2457
0.1418
1.0952
0.0000
0.0000
0.2106
0.0000
0.0000
0.0000
0.1838
0.0000
0.0000
0.0000
0.8980
0.0000
0.0000
0.2430
0.0000
0.0000
2.4264
0.0000
0.0000
0.0000
0.0000
0.3899
0.1763
0.0000
0.0000
0.0000
0.0000
0.2022
0.0000
0.9689
0.7036
0.0000
0.2694
1.4604
0.0000
0.0000
1.0414
0.8700
0.0000
0.0000
0.0000
0.4522
0.5440
1.3338
0.0000
1.3496
0.0000
2.1687
3.5679
0.0000
0.0000
0.3628
0.0000
0.6521
0.0000
0.0000
0.0000
0.0000
0.0000
0.0000
0.1518
0.0000
0.0000
0.0000
0.0000
0.0000
0.1663
0.0000
0.0000
0.7328
0.2885
0.0000
0.0059
0.1117
0.0000
0.6055
0.0000
0.0000
1.2137
0.0000
0.0000
1.6352
0.0000
0.0000
0.0000
1.9390
0.0000
0.0000
0.0000
2.1533
0.0000
0.0000
0.4459
0.0000
0.0000
0.0000
0.3237
0.0000
1.7073
0.0000
0.0000
1.9230
0.1838
1.0479
0.0000
0.0000
0.9087
0.0000
0.0000
0.6378
0.7621
0.0000
0.0000
0.0000
0.0000
0.8683
0.0000
0.0000
1.2393
0.0732
0.0000
0.0000
0.0000
0.0000
1.3380
0.0000
0.0000
0.0000
0.0000
0.0000
0.0630
0.0000
4.4541
0.0000
0.0000
1.9313
0.0000
0.0000
0.0000
0.0000
1.0517
0.0000
2.6442
0.0000
0.0000
0.0000
0.0000
0.0000
0.3741
0.0000
0.0000
0.0000
0.0000
0.0000
0.0000
0.0000
0.0000
0.8238
0.0000
0.0000
0.0000
0.0000
0.0000
0.0000
2.8338
0.0000
0.3018
0.0000
0.2911
0.0000
1.5229
0.9795
0.0000
0.0000
0.0000
0.9179
0.0000
0.0000
0.0000
0.0000
0.0414
0.0000
0.1971
3.9412
1.5069
0.0000
0.0000
0.0000
3.4901
1.2208
0.0350
0.0000
1.0462
0.0000
0.5747
0.0000
0.0000
0.7991
0.0000
0.0000
0.0000
0.0000
0.0000
0.0000
0.1320
0.0000
1.3133
0.0958
0.0000
0.7980
0.3577
0.0000
0.1550
0.0000
0.0000
2.2958
0.0000
0.2107
0.0000
0.0000
0.0000
0.7691
0.0000
0.9771
0.0000
0.0000
0.9274
0.0000
0.0000
1.5877
0.0000
0.0000
0.0000
0.0000
0.0000
0.0000
0.0000
1.0540
0.0000
0.3641
0.9095
0.0000
0.0000
0.0000
0.7383
0.0000
0.0000
0.0000
0.0000
0.0210
0.0000
0.0000
0.0000
0.0000
0.0000
0.0000
0.0353
0.0000
0.3312
0.0000
0.0000
0.0000
0.0000
1.0051
0.0000
0.2930
0.0000
0.0000
1.9958
0.0000
0.0000
1.5255
0.0000
0.0000
0.0000
0.9918
2.0003
0.0000
0.0000
0.0000
0.0000
0.0000
0.0000
0.0000
0.5667
0.0000
2.8967
0.1836
0.0000
1.5072
0.0000
2.7029
0.0000
0.0000
0.0983
0.0000
0.0000
0.1977
0.8764
1.5060
0.5313
0.0000
2.3639
0.2359
0.0000
0.0000
0.0000
2.0361
0.0000
3.3081
0.0000
0.0000
0.0000
0.0000
0.0000
1.4974
0.0000
0.0000
0.0000
0.0000
0.0000
0.0000
1.6166
0.9001
0.0000
0.0000
0.1498
0.0000
0.0000
0.0000
0.8672
0.9207
0.6502
0.0000
0.0000
0.0000
0.0000
0.0000
0.0000
2.3339
1.7547
3.6712
0.0000
1.9460
3.1900
0.1372
0.0000
0.0000
0.0000
0.0000
0.0000
0.0000
0.0000
0.0000
1.7577
0.0000
0.0000
0.0000
1.0372
0.0000
1.4685
0.0000
1.4975
0.3224
0.0000
0.0000
0.7524
0.0000
1.8856
1.2182
0.0000
0.0000
0.7924
0.0000
2.4635
0.0000
0.0000
3.7108
0.3920
0.5934
0.0000
0.0000
1.2034
4.9994
0.0000
1.2188
0.0000
0.0000
0.0000
0.3630
0.0000
0.0000
0.0000
2.5159
1.1650
0.0000
0.0000
0.0000
0.0000
0.0000
0.7719
0.0000
0.0000
0.0000
0.0000
0.0000
0.0000
0.0000
0.1859
0.0000
0.0000
0.2289
0.0000
0.0000
1.0821
0.0000
0.0000
0.0000
0.0000
0.6611
0.5948
0.3277
1.2148
0.0000
0.7898
0.0000
0.0000
0.0000
0.8776
1.6087
0.0000
1.3997
0.0000
0.0000
3.0931
0.0000
0.0000
0.0000
0.0000
0.0000
0.0000
0.0000
0.0000
0.0000
0.0000
0.0000
0.9038
1.8040
0.0000
0.0000
0.8649
1.6054
0.0000
1.8134
2.1003
0.0000
0.0000
0.0000
0.0000
0.0000
0.0000
1.9878
0.0000
0.2839
0.0000
0.0000
0.9891
0.0000
0.5876
0.0000
0.0000
0.0000
0.0138
0.1605
1.2199
0.0000
0.5975
1.7813
0.0000
0.0000
0.0000
0.0000
0.0000
0.0000
0.0000
0.0000
0.0000
0.2337
0.0205
0.9787
0.4049
0.0000
0.0673
0.0000
0.0000
0.8922
1.2948
0.0000
0.0000
1.8290
2.3858
0.5789
0.0000
0.0000
0.0000
0.0000
1.9122
0.2109
0.0000
0.0000
0.0000
1.2516
0.6978
0.0000
2.1996
3.4524
0.0000
0.0000
0.0000
0.0000
3.4133
0.0000
0.0000
0.0000
0.0000
0.0000
0.0000
0.0000
0.0000
0.0000
0.0000
0.0000
0.6357
0.9320
2.2638
0.0000
0.0000
0.2335
0.0000
0.0000
0.4776
0.0000
0.0000
0.0000
0.0000
3.4042
0.6437
0.0000
0.0000
2.2684
0.0000
0.0000
1.4576
1.8020
0.8365
0.0000
0.6653
0.7142
0.0000
0.0000
0.0000
0.0000
0.0000
0.2509
0.3137
0.7453
0.0000
0.0000
5.0764
0.9057
0.9156
0.0000
2.2249
0.0000
0.0000
0.0000
0.0000
0.0000
0.0000
0.6879
0.0000
0.0000
0.0000
0.4811
0.3614
0.0000
0.0000
0.0000
0.0000
0.0000
0.5519
0.0000
0.0000
0.0957
0.3261
0.3287
0.3639
0.0000
1.0753
0.0000
1.5527
1.8988
0.0000
0.0000
0.0000
0.0000
0.0000
0.0000
0.0000
1.1002
0.0160
0.0000
0.0000
0.0000
0.2957
0.0000
0.0000
0.0000
2.2081
0.0000
1.1092
1.0924
0.0000
0.7617
0.0000
0.0000
0.0000
0.0000
0.0000
0.0000
0.0000
0.0562
0.0000
0.0000
0.0000
2.5281
1.6871
0.0000
0.0000
1.0910
0.0000
1.5281
0.0000
0.0000
0.0000
0.0000
0.0000
0.3394
0.0000
0.0000
0.0000
0.0000
0.7018
0.0000
0.0000
0.0000
0.0000
0.0000
0.0000
0.0000
0.9860
0.3677
0.0000
0.0000
0.9685
0.2752
0.0000
3.9095
0.0000
0.0000
2.5318
0.5591
0.0000
0.0000
0.0641
0.0000
0.5147
0.0000
0.0000
0.0000
0.1971
0.8958
0.0000
0.0000
0.0000
1.2648
0.0000
1.7452
0.0000
1.3637
0.0661
0.0000
1.4509
1.4817
2.9827
0.0000
0.0000
0.0000
0.0000
0.9810
1.1926
0.0000
0.5611
0.0000
0.0000
0.6404
0.0829
0.0000
2.3294
0.0000
0.0000
2.7711
0.0000
0.8218
0.0000
0.0000
0.0000
0.0000
2.3621
0.0000
0.0000
0.1001
0.0000
0.0000
1.6446
0.4620
0.1536
1.0165
0.0787
0.0000
0.0000
0.0000
0.0000
0.0000
1.1202
0.0000
0.0000
0.0000
0.0000
0.0000
2.1598
0.8013
0.0000
0.0000
0.0000
0.0000
1.3313
0.0000
0.0000
0.0000
0.1763
0.0000
1.7630
0.0000
0.0000
0.0000
1.3197
0.0021
0.0000
3.3022
0.0000
0.0000
0.5095
0.1977
0.0000
0.0000
0.0000
0.6019
0.0000
0.0000
0.3604
0.0000
1.2138
0.4075
1.5074
0.2726
0.0000
0.4048
0.0000
0.0000
0.0000
0.0000
1.7116
0.0000
0.0000
0.0000
0.0000
0.1892
0.0000
0.0000
0.5093
0.0000
0.0000
0.0000
0.5370
0.0000
0.0000
0.0000
1.2451
0.0000
0.0000
1.8886
0.0509
1.6881
0.0000
4.9823
0.0000
0.5329
0.0000
1.0233
0.0000
0.0000
0.0000
0.0000
0.0000
0.0000
0.0000
0.5487
0.9104
0.0000
0.0000
0.0000
0.0000
0.0000
0.0000
0.0000
0.0000
0.0000
1.0188
0.0000
0.0000
0.0000
0.8128
0.0000
0.0000
0.0000
1.3812
0.4503
1.4717
0.0000
1.1031
0.0000
0.0000
0.0000
0.0000
0.0000
0.0000
0.0000
0.0000
0.0000
1.1926
0.0000
0.0000
0.0000
0.0000
0.0000
0.0000
0.0000
0.0625
0.0000
0.0355
0.0000
0.0000
0.0000
0.6269
1.3762
0.0000
0.0000
0.0000
0.0000
0.0000
0.0000
0.0000
0.0000
0.0000
0.0000
2.5533
0.0000
0.0000
0.0923
0.0000
0.0000
0.0000
0.0000
0.0000
0.9298
1.3937
0.0000
0.0000
0.0000
0.0000
0.0000
1.9542
0.0000
0.0000
0.0000
0.0000
0.0000
1.5351
0.0000
1.2210
0.0000
0.0000
0.0000
0.0000
0.2938
0.1935
2.4402
0.0000
0.0000
0.0000
0.0000
0.0000
0.0000
0.0000
0.0000
0.0000
0.0000
0.0000
0.2302
0.1657
0.0000
0.0000
0.0000
0.3740
0.0000
0.0000
0.0000
0.0759
0.0000
1.3107
0.0000
0.0000
0.0000
0.1491
1.1417
0.6098
0.0522
0.0334
0.9685
0.7402
0.0000
0.1777
0.6056
0.0000
0.0000
0.0000
0.0000
0.2284
1.3594
0.0000
0.0000
0.2743
0.0000
1.0541
0.0000
0.0000
0.0000
0.0000
0.0000
0.0000
0.0000
0.0000
0.0000
1.8577
0.0000
0.0816
0.0000
0.0000
0.0000
0.3937
0.0000
0.0000
0.0000
0.0000
0.1925
0.0000
0.0000
0.0000
0.0000
0.1673
0.0000
0.0000
0.4894
0.0000
0.0000
0.0000
0.0000
0.0303
0.0000
0.0000
0.0000
0.0000
0.0000
0.0000
0.0000
0.0000
0.0000
0.0000
0.0000
0.7644
1.7578
0.0000
2.0808
0.0000
0.0000
0.0000
0.0000
0.0000
0.0000
0.0000
1.2555
0.0000
0.0000
0.0000
0.0000
0.0000
0.0000
0.0000
0.0158
0.0000
0.7241
0.0000
0.0000
0.3484
0.6938
0.0000
1.7007
0.0000
0.0000
0.0000
0.0000
0.1866
0.0000
0.0000
0.0000
2.6806
0.4502
1.0095
0.0000
0.0000
0.3855
0.0000
0.1594
0.0000
0.0000
1.1650
0.0000
2.3634
0.0000
0.0000
0.1264
0.8052
0.2923
1.2546
0.0000
2.0148
1.0207
0.0000
0.0000
0.8151
0.0000
1.8575
0.0000
0.0000
0.0000
0.2406
0.0000
0.0000
0.8857
0.0000
0.0000
1.7959
0.2303
0.1068
0.0000
0.0000
1.7210
0.1208
0.0000
0.0000
0.0000
0.0000
0.0000
0.0000
3.9730
0.7127
0.0000
0.0000
0.3148
0.0000
0.0000
1.8863
1.3580
1.6118
0.0000
0.0000
0.0000
0.0000
0.8606
3.0372
0.0000
0.0000
0.0000
0.0000
3.2463
0.9049
0.0000
0.0000
0.0000
0.0000
0.0000
1.4629
0.0000
0.0000
3.4380
0.0000
0.0000
0.0000
0.0000
1.2973
1.4845
1.7611
0.0000
0.0000
0.0000
1.3510
1.2400
0.0000
0.1184
0.0000
0.5307
0.0000
0.0000
4.0474
0.0000
1.2197
0.0000
0.0000
0.1154
0.0000
0.0000
0.0000
0.0000
0.0000
0.0000
4.0917
0.0000
0.0000
0.0000
0.0000
0.0000
0.0000
0.0000
1.6242
0.0000
0.0000
0.0000
0.0000
0.0369
0.0000
0.5090
2.2062
4.4665
0.0000
0.0000
0.0000
0.4664
1.7905
0.0000
0.0000
0.0000
0.0000
0.0000
0.9239
0.0000
1.1434
0.0000
0.0000
0.0000
0.0000
0.0000
0.0558
0.7831
2.2397
0.0000
0.2092
0.0000
0.0000
0.0000
0.2307
0.0000
2.7354
0.0000
1.8497
0.0000
0.0000
0.0000
0.0000
0.0138
0.0000
0.0000
0.9453
1.5266
0.0000
0.0000
0.0000
0.0000
1.7903
0.0000
2.7175
2.3254
0.0000
0.0000
0.0000
0.0000
0.0000
0.0000
0.0000
3.2688
0.0000
0.0000
0.7012
0.0000
0.9208
0.0000
0.0000
0.0000
0.0000
0.0000
1.4997
3.2209
1.0434
0.9565
0.7928
0.0000
0.9157
0.0000
0.0000
0.4991
0.0000
0.4420
0.0000
1.5176
0.0000
0.0000
0.0000
0.0000
0.0000
0.0000
0.0000
0.0000
0.0000
0.0000
0.6585
0.0000
0.5913
0.0000
0.0000
3.5981
0.0000
0.0000
0.0000
0.1474
0.2251
2.2699
0.0000
0.0000
0.0000
0.0000
0.3973
0.0000
1.1253
1.1905
2.9837
0.0000
0.4710
0.0000
1.2389
0.0000
0.0000
1.3915
0.0000
0.0000
0.0000
2.0029
0.1116
1.2137
0.0000
0.0000
0.0000
0.0000
3.2700
0.0000
0.0000
0.0000
0.0000
0.0000
0.0000
0.2042
1.3427
2.1073
0.0000
0.0000
1.4268
0.9559
0.0000
0.0000
0.0000
0.5832
0.7996
0.0000
0.0000
0.0000
0.0000
0.0000
0.0932
0.3232
0.0000
0.0000
2.8675
0.0000
1.2040
0.0000
0.7775
0.0000
0.0000
0.0000
3.9399
0.0000
0.0000
0.0000
0.0000
0.0000
1.2063
3.0750
0.0000
0.0000
0.1476
2.1813
1.0916
0.0000
0.7404
0.3623
0.0000
0.0000
0.0000
1.0201
0.0000
0.0000
0.0000
0.4940
0.0000
1.9516
0.0000
0.0000
0.3835
0.0000
0.4374
0.0000
0.0000
0.0000
0.0000
0.0000
0.0000
0.0000
0.1103
1.5520
0.0000
1.0276
0.0000
0.0000
0.0000
0.0000
0.0000
0.0000
0.0000
0.0000
1.1614
0.3432
0.0000
1.5542
0.0000
0.0000
0.0000
0.0000
0.0000
1.7790
0.6616
0.0000
0.0000
0.0000
0.0000
0.0000
0.0000
0.0000
1.9247
0.0000
0.0000
0.0000
0.0294
0.0000
0.0000
0.3828
0.0000
0.0000
0.0000
0.0000
0.0000
0.0000
0.0000
0.5411
0.0000
0.0000
0.0000
0.6829
0.0000
1.0834
0.0000
3.1799
0.0685
0.0000
0.0154
0.0000
0.0000
0.0000
2.3920
0.0000
0.0000
0.0000
0.0000
0.0000
0.0000
0.0809
0.0000
0.0000
0.0000
0.0000
2.1690
0.0000
0.0000
0.0000
0.0899
0.0000
0.0000
0.0000
0.0000
0.0000
2.7017
0.0000
0.0000
0.0000
0.0000
0.0000
0.8597
0.0000
0.0000
2.9241
1.4387
0.0000
0.0000
0.0000
0.7131
0.0000
0.0000
0.8569
0.0000
0.0000
3.5225
3.4030
0.6559
0.0000
1.8616
0.0000
1.3587
0.0000
0.4538
1.4342
0.0000
0.0000
0.0000
0.0000
0.7082
0.0000
0.2543
0.0000
0.0000
0.0000
0.0000
0.8714
0.0000
0.4053
1.1568
0.0000
0.0000
0.0000
0.0000
0.3500
0.6779
0.3275
0.0000
0.0000
0.0000
0.0000
0.0000
0.0000
0.0956
0.0000
0.0000
0.0702
0.0000
0.0000
0.0000
0.0000
0.6120
0.1229
0.0000
0.0000
0.0000
0.0000
0.0000
0.0894
0.0000
0.0000
0.0000
0.0000
0.0000
0.0000
1.3101
0.0000
0.0000
0.0000
0.0000
1.7764
0.7980
0.0000
0.4712
0.0000
0.2500
2.6354
0.0000
0.0000
0.0000
3.0018
0.8846
0.0000
0.0000
0.0000
0.0204
0.0000
0.6503
0.0000
2.2457
0.7783
0.0000
0.4511
3.4187
0.0000
1.3027
0.0000
0.0000
0.0000
0.0000
3.3617
0.0000
0.0000
0.0000
0.0000
1.4197
0.1996
0.0000
0.3567
0.1374
0.0000
0.0000
0.0000
0.0000
0.0000
0.0000
0.0000
0.0000
0.0000
3.1835
0.0000
3.0352
0.0000
0.0000
2.4945
0.0000
0.6628
0.0000
2.3523
0.0000
0.0000
1.9855
0.0000
0.0000
0.8352
1.0014
0.0000
0.0000
0.3284
0.0000
0.0000
0.0000
0.0000
0.0000
0.0000
2.4163
0.0000
0.0000
0.0000
2.0254
1.0456
0.0000
0.0000
0.0000
0.7820
0.7538
0.0025
0.0000
1.2628
1.6087
0.0000
0.0000
1.1285
1.4781
4.5247
0.0000
1.6674
0.0000
2.3407
0.0000
0.0000
0.0000
0.0000
0.0000
0.0000
0.0000
0.0000
0.7480
2.2736
3.1685
0.0000
0.0000
0.8861
0.0000
0.0000
0.0000
0.0000
0.0000
1.3468
0.5994
0.0000
1.5459
0.0000
0.0000
0.2508
1.7300
1.7361
0.0000
0.0000
0.0000
0.0000
2.1662
0.3603
1.2369
0.0000
0.0000
0.3940
0.1193
0.5904
1.7764
0.2715
0.6378
0.0000
0.0000
0.0000
0.0000
0.0698
0.0000
0.0000
0.0000
0.2667
0.3589
0.1405
0.0000
0.0000
0.0000
0.0000
0.0000
1.3832
3.2605
0.0000
0.0000
0.1194
1.4081
0.0000
0.5725
0.0000
0.0000
0.0000
0.0000
0.5074
0.0000
0.0000
0.2003
0.0000
3.5876
0.0000
0.3631
0.9431
0.0104
0.0000
0.2451
0.9438
0.1580
0.5463
0.0000
1.2317
0.3150
0.9555
1.0191
0.0000
0.0000
0.0000
0.0000
0.0000
0.0000
0.9226
1.2568
0.0000
0.0000
0.0000
0.0000
0.0000
3.8188
0.0000
0.0000
0.0000
1.4899
0.0000
0.0000
0.0000
0.0000
1.2868
0.0000
1.0559
0.3762
0.0000
0.5970
2.2007
0.6185
0.0000
1.0255
1.8706
0.0000
0.0000
0.0000
0.0000
0.0000
0.0000
0.0000
0.4210
0.0000
0.3356
0.0000
0.0000
0.2252
0.5667
0.0000
0.0000
0.0000
0.0152
0.7006
0.0000
0.0000
0.8607
0.0000
0.4790
0.1816
0.0000
1.4633
0.0000
0.0000
1.2121
0.0000
0.0000
0.0000
1.8824
0.0422
0.0000
3.8730
0.7143
0.0000
2.1705
1.0132
0.2197
0.8549
0.0000
1.5040
0.0000
0.0000
0.0000
0.0000
0.0000
0.0000
0.0000
0.0000
2.8511
0.1270
0.0000
0.0000
0.0000
0.0000
0.0000
1.7686
0.0000
0.9592
0.0000
0.0000
0.8140
0.0000
