1.0352
0.0000
0.4437
0.5732
0.3279
0.0000
0.7390
0.0000
0.0000
2.9587
1.2741
0.0000
1.6353
0.0000
0.0000
0.0000
0.0000
0.0000
0.0000
0.0000
0.0000
0.3881
0.6193
2.9630
0.9493
1.2397
0.0000
1.2499
0.0000
0.0000
0.0000
0.0000
2.1434
0.0000
1.3959
0.0000
0.0000
0.0000
2.4607
1.8558
0.0000
0.0000
0.0000
0.0000
0.0000
0.2655
0.0000
0.0000
0.0000
0.0000
0.0000
0.0000
0.0000
0.0000
0.0000
0.0000
0.4810
0.3399
0.0000
0.0000
0.0275
1.3239
0.0000
2.2745
0.0000
0.0000
0.5488
0.0000
0.0176
0.0000
0.0805
2.9845
0.1401
0.0000
0.0000
0.9038
0.0000
0.0000
0.0000
0.0000
0.3384
0.0000
0.0000
0.0000
0.0000
1.3656
0.0000
2.0907
0.0000
0.0000
0.6427
0.0000
0.8156
0.9453
0.0000
0.0000
0.0000
0.0000
2.4204
0.0000
0.0000
0.0000
0.6183
0.0000
0.4592
1.8909
1.7783
0.0000
0.0526
2.6375
0.0000
0.5115
0.2679
0.2891
0.0000
0.0000
0.3038
0.0000
0.0000
0.0000
2.0215
0.6986
1.8288
0.0000
0.0000
0.0000
0.0000
1.3155
0.5306
0.7374
0.0000
0.0000
0.0000
0.0000
1.8601
0.0000
0.2882
2.0631
0.0000
2.8183
1.6372
0.0000
0.9561
1.7517
3.1274
0.0000
0.0000
1.6724
2.2787
0.0000
0.0000
1.5204
0.5419
0.4047
0.0000
0.0000
0.0000
0.4151
0.0000
0.0000
0.6998
0.0000
0.9392
0.0000
0.0000
0.9667
0.3864
0.0000
0.0000
2.7854
0.0000
0.3911
0.0000
0.3483
0.0000
0.0000
0.0000
0.6850
0.0000
5.0040
1.9514
3.3798
0.0000
0.0000
0.0000
0.0000
1.3902
0.4061
2.6442
0.0000
0.0000
0.0000
0.4391
0.0000
0.7403
0.0000
0.0000
1.2333
2.9400
1.4752
0.0000
0.2331
0.0000
0.0000
0.0000
0.0000
0.0000
0.2077
0.0000
0.0000
0.0440
0.0000
0.0000
1.1480
0.0000
0.0000
0.0000
0.0000
0.0000
0.0000
0.0000
0.0000
0.0000
0.0000
2.5689
0.0000
0.3513
0.8683
0.0000
0.0000
0.0342
0.6279
0.0000
0.0000
2.6273
0.5935
2.5754
0.0000
0.3573
0.0000
0.0000
0.0000
0.4612
0.0000
0.0000
0.9515
0.0000
0.0000
0.7144
0.0000
0.0000
0.0000
0.1222
0.0000
0.0000
0.8269
0.0000
0.0000
1.1269
0.0000
0.0000
0.0000
0.0000
0.3073
0.0000
0.0000
0.0000
0.0000
0.0000
0.9845
2.3505
0.0000
0.0000
1.5235
0.0000
0.0000
1.0915
0.4279
0.0000
0.0000
2.5748
0.0000
0.2791
0.0000
0.0000
0.0000
0.0000
0.0000
0.0000
0.0000
0.0000
0.0000
0.0000
0.0000
2.5989
0.0000
0.0000
1.1030
0.0000
3.4275
0.0000
0.0000
0.0000
0.0000
0.0000
0.0000
0.0000
0.0000
0.1040
0.0000
0.0000
0.5634
0.0000
1.8828
1.1877
0.0000
0.0000
0.0000
0.0000
0.5542
0.0000
2.3729
0.0000
0.4777
0.0000
0.7734
0.9197
1.4607
0.0000
1.6836
0.0000
0.0000
0.0000
0.0000
0.0000
1.8512
1.6107
0.0000
0.0000
2.3868
0.0000
0.0000
0.0000
0.0000
0.0000
4.1452
0.0000
0.0000
0.0000
0.0000
0.0000
2.8776
1.1933
0.0000
1.0127
0.0000
0.0000
0.0000
2.5786
0.0000
0.0000
0.0000
0.0000
0.0000
0.0000
0.0000
0.0201
0.5008
0.0726
0.0000
0.5498
0.7493
0.0000
0.0000
1.5264
0.0000
0.0000
0.2796
0.0000
0.0000
3.5305
0.1202
1.5887
0.0000
0.0000
0.0000
0.0000
0.0327
0.0000
0.0000
3.8815
0.0000
0.0000
0.1464
1.1617
1.8142
0.0000
0.0000
0.0000
0.3771
0.0000
0.1567
0.0000
0.2124
0.0000
0.5342
0.0000
0.0000
1.3586
0.0000
0.0000
0.0000
0.0000
1.4186
0.8354
1.3849
0.0000
0.0000
1.4993
0.0000
0.6078
0.0000
0.0000
0.0000
0.0000
0.9986
0.0000
2.0371
0.0000
0.0000
0.0000
0.0000
0.0000
0.0000
0.0000
0.0000
2.2519
0.0000
2.8132
0.0000
2.2542
1.7028
0.5036
0.0000
3.2812
0.7704
1.3152
0.5172
2.0762
1.5054
0.0000
0.0000
0.0000
0.6166
0.0000
0.4330
0.0000
1.2685
0.0000
0.0000
1.2862
0.1482
2.1230
0.0000
0.0000
0.0000
0.0000
0.0000
0.0000
0.0000
0.0000
2.5280
0.0000
1.0405
0.0000
2.2118
1.9219
0.0438
0.0614
0.0000
1.0605
0.0000
1.1417
1.2629
1.6206
0.1306
0.0000
2.3905
0.0000
1.4955
0.0000
0.0000
0.0000
0.0000
1.4691
0.1745
0.0000
0.0000
0.6650
0.0000
0.0000
0.2721
3.3452
0.0000
0.0000
0.0000
0.0694
0.0000
0.4545
0.6477
0.0000
1.9948
0.0000
1.1867
0.0000
0.0000
0.0000
0.7235
4.9821
0.0000
2.5945
2.1584
0.0000
1.6473
1.4800
0.0000
0.1109
0.0000
0.0000
0.0000
0.5374
0.4140
0.0000
0.0000
0.0000
3.7183
0.0000
0.0000
0.4015
0.0000
0.0000
0.0000
0.0000
0.0000
0.0000
0.0000
0.0000
0.2719
0.0000
0.2009
0.0000
1.9697
0.0000
0.0000
0.0696
0.4033
0.0000
0.0000
0.0000
0.0000
0.3231
1.0809
0.7028
0.0000
0.2645
1.5207
0.0000
0.0000
0.0000
0.0000
0.0000
0.0000
0.0000
0.0000
0.2799
0.0000
0.8456
1.0130
0.0000
1.4071
0.0000
0.0000
0.0000
0.0000
0.0000
0.0000
0.0000
0.0911
1.9366
0.0000
0.1521
0.0000
0.0000
1.5914
0.0000
0.0000
0.0000
0.0000
0.8746
0.9922
0.0000
2.5076
0.0000
0.0000
0.0000
1.9230
2.8670
0.0000
0.6100
0.0000
0.1089
0.0000
0.0000
3.7567
0.0000
2.1134
0.2509
1.3797
0.0000
0.0000
1.2039
0.0000
0.3017
0.0000
0.0000
1.8281
0.0000
0.4030
0.0000
0.0000
0.0000
0.0000
0.0000
0.0000
1.6492
2.6583
0.0000
1.5187
0.0000
0.0000
0.0000
0.9652
0.0000
0.0000
1.1405
0.0000
0.0000
0.0000
0.4677
0.0000
0.0000
0.0000
1.2365
0.0000
0.0000
0.0000
0.0114
0.0000
0.0000
0.3843
0.0000
1.1482
1.2052
0.0000
0.0000
0.0000
0.0000
0.0000
0.0000
0.0000
0.7364
0.0000
0.0000
0.0000
0.0586
0.0000
0.0000
0.0000
0.0000
0.0000
0.0000
0.9842
0.0000
0.0000
0.0000
0.0000
0.0000
0.1202
0.0000
2.9285
1.7059
0.0000
2.2153
0.0000
0.0000
0.0000
0.0000
0.0000
1.1644
0.0000
2.8582
0.0000
0.5980
0.0000
0.0000
0.3479
0.0000
0.0000
1.3679
1.8231
0.0000
2.3405
0.3382
0.0000
0.0000
0.0000
0.0000
0.0000
0.0000
0.0000
0.0000
0.0000
0.0600
0.7845
0.0000
0.0000
0.6689
0.0000
0.0000
0.4275
0.0000
0.0000
0.0000
0.1034
0.2087
0.0000
0.0000
0.9992
0.0000
3.4144
1.3466
0.0000
0.0000
0.9416
0.0000
0.0038
0.3229
1.4546
0.9595
0.0000
0.0000
0.9958
0.0000
0.0000
0.0000
0.0000
0.0000
0.0000
0.0000
0.0000
0.0000
0.0000
3.5484
0.0000
0.0000
1.7875
0.0000
1.3192
0.0000
0.0000
1.3529
0.0000
0.1218
0.0000
0.5627
0.0000
0.0172
0.0000
1.9617
0.0000
0.0000
0.0000
0.0000
0.0000
0.0000
0.0000
0.0623
0.8198
0.0000
0.0000
0.0403
0.0000
2.6743
0.4540
0.0000
0.0000
0.0000
0.0000
1.6886
0.0000
0.0000
1.3292
3.7679
0.0821
0.0000
0.0000
0.0000
0.1934
0.0000
0.0000
1.2033
0.9862
0.1628
1.3689
0.0000
0.0000
1.3545
0.0000
0.1527
2.8170
2.9534
0.0000
0.8331
0.0000
0.0000
0.0000
0.0000
0.0000
0.0000
0.0000
1.4560
0.6169
0.0000
0.0000
0.0000
0.0000
0.8029
0.0000
0.0000
0.0000
0.0000
0.0000
0.0000
0.0000
0.0000
0.0000
0.0000
0.0000
0.9838
0.0000
0.0000
0.0000
0.0000
0.0000
0.0000
0.0000
0.0000
0.0000
0.0000
0.5747
0.0000
0.0000
0.0000
1.5032
0.1483
0.0000
1.3285
0.0000
0.0000
0.0000
0.0000
0.0000
2.7005
0.0000
0.0000
0.0000
0.0000
2.3191
0.0000
1.3504
0.0000
0.0000
0.0000
0.0000
0.0000
0.0000
0.0000
0.0000
0.0000
0.0000
0.0000
0.0000
0.5666
0.0000
0.0000
0.0000
0.0000
0.6588
1.3004
0.0000
0.0000
0.0000
0.0000
0.0000
0.0000
0.0000
0.0030
0.0000
0.3200
0.7477
0.0000
0.0000
2.8131
0.0000
0.0000
0.0000
0.0000
0.9782
0.0000
0.0000
0.0000
0.0000
0.6676
0.0000
0.0000
2.5758
0.0000
0.8635
0.0000
0.0000
0.0000
0.0000
0.0000
0.8746
1.2539
0.0046
0.0000
0.0000
0.0000
0.0000
0.7687
0.0000
0.0000
1.0108
0.5061
1.1432
0.0207
0.0000
0.0000
3.6762
0.0296
0.4898
0.0000
0.0000
0.0000
0.0000
1.7634
0.0000
0.0000
0.8856
0.0000
1.3874
0.0000
1.1062
0.0459
0.0000
0.0000
0.9593
0.3514
0.0000
0.4664
0.0000
0.0000
0.0000
0.0000
0.0000
0.6989
0.0000
0.4621
0.0000
0.0000
1.6837
0.0000
0.0000
0.9951
1.2025
0.4446
0.0000
0.0000
0.0000
0.0000
0.0000
0.0000
0.0000
0.0000
0.0000
0.0000
0.0000
1.2849
2.9905
0.1924
0.0000
0.0000
0.6643
0.0000
2.2279
0.0000
0.0000
0.0000
3.0219
0.0000
0.8345
0.0000
3.0475
0.0000
0.0000
0.0190
1.6539
0.0000
0.5134
0.0000
2.2290
1.0410
0.0000
0.0000
0.6447
0.3740
0.3704
0.0000
2.1961
0.5577
0.4893
2.5746
1.6058
0.3253
0.0607
0.9370
0.0000
0.9783
0.0000
0.0000
0.0000
0.0000
0.0000
0.0000
0.0000
0.8669
0.0000
0.0000
0.0000
1.5480
0.0000
0.0000
0.0000
0.0000
0.0000
0.0000
0.0000
0.0000
0.0000
1.9027
0.0000
2.4364
0.0000
0.0000
1.4881
0.1539
0.0000
0.0000
1.0178
1.5151
0.0000
0.0000
0.0000
0.0000
0.0000
0.9502
0.2873
0.0000
2.1930
0.0000
0.0000
0.0000
0.2352
0.0000
0.5494
0.0000
1.1459
0.3479
0.0000
0.5401
1.2931
0.0000
0.0000
0.2137
0.0000
0.0000
1.2846
0.0000
1.2492
0.0000
1.0717
0.0000
0.0000
0.5384
0.0000
0.3735
0.0000
0.0000
0.6850
0.0000
0.0000
1.5213
0.0000
0.2511
0.0000
0.2094
0.0000
0.0000
0.0825
0.0000
0.0000
0.0000
0.0000
0.9614
0.0918
0.0000
0.0000
0.0000
0.1830
0.0000
0.0000
0.0000
0.0000
0.0000
0.0000
0.0000
0.0000
0.0000
0.0000
2.6404
0.0000
0.0000
0.1630
0.4576
0.0000
3.2125
0.0000
0.0000
0.0000
0.1441
1.5140
1.1683
0.0000
0.0000
0.0000
0.8017
0.0000
0.2035
0.0000
0.0000
0.0000
0.0000
0.1042
0.0000
0.0000
1.2634
0.0000
0.0000
0.3336
2.6090
1.3830
0.0000
1.8040
2.7617
0.0000
0.0000
0.0000
0.0000
0.0000
0.0000
0.4826
0.0000
0.0000
0.0000
0.0000
0.0000
0.0000
1.1063
0.0000
2.4737
1.1466
0.0000
0.0000
0.3290
0.0000
0.0000
0.1901
0.0000
0.0000
2.1731
1.3366
0.0000
0.0000
1.2961
0.0000
0.4628
0.0000
0.0000
0.1080
2.7680
0.0000
2.3897
1.2842
0.7638
0.0000
0.0000
0.0000
0.0000
0.0000
0.0000
0.0000
0.9698
4.7357
0.0000
0.8865
0.0000
0.0000
0.0000
0.3018
0.0000
0.0000
0.0000
0.0000
0.0000
0.0000
0.2184
0.0000
0.2846
0.0000
0.0000
0.0000
0.0000
0.0000
1.0331
0.2701
0.0000
0.0000
3.2600
0.9265
0.0000
0.0000
2.3106
0.0000
0.0000
0.0000
0.0000
2.4882
0.4940
0.0000
0.0000
0.0000
0.0000
0.5195
0.0000
0.0000
0.0000
0.0000
0.0000
0.0000
0.0000
0.8487
2.0872
0.0000
0.0000
0.5161
1.0297
0.0000
0.0000
1.8371
0.0000
0.0000
0.0000
0.5737
0.0000
0.9121
1.0833
0.0000
0.0000
0.0000
0.0000
1.8968
0.0000
0.0000
0.0000
1.0611
1.0928
0.0000
0.0000
0.0000
0.0000
0.0000
1.7356
0.0000
0.0000
1.0263
0.0000
0.0000
0.0000
0.0000
0.0000
0.0000
1.4231
0.0000
0.0000
1.3958
0.0000
0.0000
0.1101
0.0000
0.0000
1.1000
0.0000
0.0000
1.2869
0.6597
0.0000
0.0000
1.1316
0.0000
0.0000
0.0000
0.0000
0.9523
0.6368
1.2725
0.0000
2.0523
0.0000
0.3108
0.0000
0.0000
0.0076
0.0000
0.0000
0.0000
0.0000
0.0000
0.0000
0.0509
0.0000
0.1811
0.0000
0.0000
0.7160
0.0000
0.0000
0.0000
0.0000
0.1610
0.0000
0.0000
1.3932
0.6685
1.1162
0.0000
0.5480
0.0000
3.1835
2.4847
0.0000
2.7351
0.0000
0.0000
0.0000
0.2329
0.0000
0.0000
1.5429
0.0000
0.0000
0.0000
0.6779
3.4160
0.0000
0.0000
0.6540
0.2525
0.0000
0.0000
0.5259
0.0000
2.5745
0.0000
0.8256
0.8455
0.8333
1.6202
0.5655
3.8542
0.0000
0.4669
0.0000
0.0000
0.4589
0.1323
0.5823
0.9308
0.0000
0.0000
0.0000
0.0000
0.4951
0.5287
0.0000
0.0000
0.0000
2.7948
0.0000
2.4441
0.0000
0.6524
0.0000
0.0000
1.4859
1.2384
0.0000
2.3905
0.0000
0.0000
0.9783
0.5027
0.0000
1.1118
0.0000
2.1847
0.0000
0.0000
0.3911
0.0000
0.0000
0.2344
0.0000
0.0000
0.0000
0.0228
0.9019
1.4528
0.0000
2.4904
0.0000
0.0000
0.0000
0.0000
0.0000
0.0000
0.0000
0.7106
0.0000
0.0000
0.0402
0.0000
1.1872
2.1152
0.0000
0.0000
0.0000
0.9434
0.0000
0.5107
0.0000
0.0000
0.0000
0.0000
0.0000
0.0000
2.1802
0.0000
0.6957
0.0000
0.0000
0.0000
0.3370
0.1432
0.0000
0.4586
3.1158
2.8378
0.0000
0.1978
0.0000
0.0000
0.0000
0.9383
0.0000
1.1350
0.0000
0.0000
0.0080
0.0207
0.0000
0.0000
0.3698
0.0000
0.0000
0.0000
0.0000
0.0000
0.0000
0.0000
0.0000
0.0000
2.5291
2.3109
2.2641
0.9798
0.0000
0.0000
0.0000
1.4669
0.4003
1.5798
0.0000
0.0000
0.0000
1.1509
0.0000
0.3923
0.8065
2.6227
0.0000
0.4381
0.0000
0.0000
0.0000
0.0000
0.0000
0.7491
1.2881
0.9350
0.0000
0.0000
0.0000
0.0000
0.0000
0.0000
0.0000
0.4520
0.0000
0.0000
0.0000
1.6459
0.5531
0.0000
0.0000
0.0000
0.4471
0.0000
0.0000
0.0000
0.0000
1.6159
0.0000
0.0000
0.1815
0.0000
0.0000
0.0803
0.9941
1.2630
0.0000
0.0000
0.0000
1.2597
0.0000
2.3748
0.0000
0.0000
0.0000
0.0000
0.0000
0.0000
0.0000
0.0000
0.0000
0.0000
0.0000
0.0000
0.0000
0.6121
1.0335
0.0000
0.1500
0.0000
2.6000
0.7951
0.0000
0.0000
0.0000
1.7846
1.2534
0.2477
0.0000
1.7795
0.0000
1.5962
0.0000
0.0000
0.0000
0.0000
0.0000
0.0000
0.0603
0.0000
0.0000
1.6167
0.1608
0.4511
0.7440
1.3886
0.0000
0.4526
2.4496
0.0000
0.0000
0.0000
0.0000
0.1455
0.0000
0.0000
0.0000
0.8556
1.3740
0.0000
0.2229
0.4044
0.0000
0.0000
0.0000
0.0000
0.0000
0.0000
0.2566
0.0000
0.0000
0.0000
1.8292
0.0000
0.0000
0.9814
0.5979
0.0000
0.0000
0.0000
0.2411
0.0000
0.8438
2.1902
0.7583
0.2019
1.3826
0.0000
0.0000
0.0000
1.5292
1.8464
0.7246
0.0000
0.0000
0.0000
0.7538
0.0191
1.3678
0.0000
0.7578
0.0000
2.5877
1.1547
0.0000
0.0000
0.0000
0.0000
0.0000
0.0000
0.0000
0.2893
0.0000
0.0000
0.6869
0.0000
0.0000
0.0000
0.0000
0.0000
0.0000
0.0000
0.0000
0.0000
0.5387
0.0000
0.0000
0.0000
0.0000
1.2271
0.0000
1.4401
0.0000
0.1093
0.0017
1.2616
0.0000
0.0000
0.0000
0.0000
0.0000
3.1736
0.8367
2.0612
0.0000
0.0000
0.0000
1.1291
0.6946
0.0000
0.0000
0.0000
0.0000
0.0000
0.0000
0.0000
0.0000
0.4522
0.0000
0.0000
0.0000
0.3772
0.9936
2.1858
0.2918
0.0000
0.0000
0.0000
0.0000
0.0000
0.0000
1.5268
0.2107
0.8309
2.1309
0.0000
0.0000
0.0000
0.7411
0.0000
0.7324
0.9703
1.3371
0.0000
0.0000
0.0000
2.4683
1.0401
0.0000
0.0000
0.0000
0.0175
1.1538
0.0000
0.0000
0.0000
0.0000
0.0000
0.5504
0.0000
2.2004
0.0000
0.0000
2.0008
0.1978
2.7570
0.0000
0.0000
0.2076
1.6357
0.4321
0.0000
0.8102
0.1627
0.0000
0.0000
3.1911
0.0000
0.2695
0.0000
1.1404
2.3283
0.0000
0.0000
0.0000
0.0000
0.2429
0.1340
0.0000
0.5771
2.0595
0.0000
0.1090
2.9773
0.0000
0.0000
0.0000
0.0000
0.5756
0.0000
0.0000
0.7780
0.0000
0.0000
0.0000
0.0000
0.0000
1.9936
0.0000
0.0000
0.1113
0.0000
3.4736
0.0000
2.7579
1.2388
0.4196
0.0000
0.0000
0.0000
0.0000
0.0000
0.0000
0.1206
0.0000
0.8821
0.0000
0.0000
0.0000
0.0000
0.0000
0.0000
0.0000
0.0000
0.0000
0.0000
0.8422
0.0000
0.2095
0.6151
0.0000
1.5761
0.0000
0.0000
0.0000
0.5776
0.5696
1.0928
0.0000
0.0000
0.0000
1.9125
0.0000
1.3608
0.0000
0.0000
0.0000
1.7745
0.0000
0.0000
0.0000
0.2336
0.0000
0.0000
2.3720
0.0000
1.9618
0.0000
0.3767
0.0000
0.8802
0.0000
0.0000
0.0000
0.0000
0.0000
0.8806
1.9206
0.0000
0.5245
0.0000
0.0000
0.0000
1.7065
0.0000
0.2840
0.0000
0.0000
0.0000
0.0000
2.4759
1.3534
0.0000
0.0000
0.0000
0.7360
0.8067
0.9885
0.2403
0.6187
0.0000
1.6211
0.0000
0.0000
0.2619
0.0000
2.0458
0.8574
0.0000
2.7548
0.0000
0.0000
0.6860
0.0000
4.3688
0.0241
0.0000
0.0000
0.0000
0.0000
0.0000
0.0000
0.7072
0.0000
1.0452
0.2479
0.0000
1.4972
0.0000
0.0000
0.0000
0.0000
0.0000
0.0000
0.0000
0.6095
0.6798
0.0000
1.6723
1.5425
0.5001
0.0000
0.4298
0.0000
0.0000
0.0000
0.0000
0.0000
2.7499
0.0000
0.0000
1.6709
2.7342
0.0000
0.0000
0.7560
1.9355
1.1268
0.0000
0.9505
2.4131
0.0000
0.0000
0.0000
0.0000
0.0000
0.5463
0.0000
0.0000
0.0000
0.7789
1.6829
0.0000
1.8973
0.1961
0.0000
0.0000
0.0000
0.5854
0.0000
0.0000
0.0000
1.2542
1.7407
0.0000
0.2405
0.0000
0.0000
0.0000
1.5001
0.3760
0.0000
0.0000
0.0520
0.0000
2.4542
1.2972
0.5126
0.0000
0.0000
0.0000
0.0000
2.4840
0.0000
0.0000
0.0000
1.0371
1.4702
0.0000
0.0000
0.0000
0.0000
0.0000
0.0000
0.0000
1.6042
0.0000
0.0000
0.0600
1.5999
0.0000
1.7425
0.0000
0.0000
0.2053
0.5935
0.8013
1.4925
0.0000
0.0000
0.0000
1.1856
0.0000
0.2715
1.0728
0.0000
0.0000
0.0000
0.1558
0.0000
0.0000
0.0000
0.0000
0.0000
0.0000
0.0000
2.2896
0.0000
0.5605
0.0000
0.0000
0.0000
0.0000
0.0000
0.3089
0.0000
0.0000
0.0209
0.0000
0.0000
0.0000
0.0000
0.0000
0.0000
0.0000
1.7712
0.0000
1.0287
0.0000
0.4407
0.0000
0.4963
0.7724
0.0000
0.0000
0.0000
0.2248
0.6497
0.0000
0.0000
0.0000
0.0000
0.8669
0.0000
0.0000
1.3682
0.7530
0.8465
0.1357
0.0000
0.0000
0.0000
0.0000
1.7327
0.1615
0.4999
0.0000
1.3413
0.0000
2.5719
0.0000
0.0000
0.0000
0.0000
0.0000
0.5046
0.0000
1.7678
0.7543
0.0000
2.3408
0.0000
1.1927
0.0418
0.2668
1.8315
0.0000
0.0000
0.0000
0.0000
0.0000
0.0000
0.0000
0.0000
0.0000
0.0000
0.0000
0.0000
0.0000
1.0792
2.6562
1.5251
1.9803
0.0000
1.2544
0.7499
0.5135
0.0000
0.0000
0.0000
0.0000
2.2152
0.6850
1.4049
0.0000
0.0000
0.0000
1.6603
1.3073
0.0000
0.0000
0.0000
0.0000
0.0000
0.0000
0.0000
0.0000
0.0000
0.0000
0.0000
1.2226
0.0000
0.0000
0.2070
0.0630
0.0000
1.1183
0.0000
0.8832
0.0000
1.1353
0.1381
0.0000
0.0000
0.9188
0.4594
0.0000
0.0000
0.0000
0.0000
0.1897
0.1722
0.0000
0.0000
0.0000
0.0000
0.0000
0.0000
0.1809
0.0000
0.2890
0.0000
0.2135
0.2407
0.2792
0.0000
0.0000
0.0000
2.1821
0.0000
0.0000
0.0000
0.2179
0.0000
0.0000
0.7846
0.0000
0.0000
0.0000
2.0531
1.9450
0.0000
0.9050
0.2465
0.0000
4.3259
0.0000
0.0000
0.0000
1.0178
0.0000
0.7459
0.3918
0.0000
0.3418
0.0000
0.0000
0.3865
0.0000
0.0000
0.0000
0.0000
1.3496
0.0000
1.5636
0.0000
0.0000
0.0000
0.0000
0.0000
0.5086
0.0000
0.3433
0.0000
0.0000
0.0000
0.0000
0.0000
0.0000
0.0000
0.4939
0.0000
0.0000
1.7566
0.0000
0.0000
1.8376
0.3287
0.8537
0.0000
0.0000
0.6643
0.0000
0.0000
0.0000
0.2873
0.0000
0.1228
0.0000
0.7534
0.0000
0.0000
0.7448
0.0000
0.0000
2.3952
0.0000
0.0000
0.0000
0.0000
0.5057
0.6602
0.0000
0.0000
0.0000
0.0000
0.0000
0.0000
0.7389
0.2999
0.0000
0.3903
1.2705
0.0000
0.0000
1.0800
1.1520
0.0000
0.0000
0.0000
1.0431
0.8101
1.2366
0.0000
1.3286
0.0000
1.9965
3.5484
0.0000
0.0000
0.8280
0.0000
0.6780
0.0000
0.0000
0.0000
0.0000
0.0000
0.0000
0.4701
0.0000
0.0000
0.0000
0.0000
0.0000
0.1704
0.0000
0.0000
0.8672
0.0000
0.0000
0.0000
0.1735
0.0000
0.5204
0.0000
0.0459
1.8817
0.0000
0.0000
1.8120
0.0743
0.0000
0.0000
1.5177
0.0000
0.2218
0.0000
2.4176
0.0000
0.0000
0.2960
0.0000
0.2019
0.0000
0.3969
0.0000
1.3388
0.0000
0.0000
1.6510
0.2725
0.9868
0.0000
0.0000
0.8974
0.0000
0.0000
0.6096
1.1077
0.0000
0.0000
0.0000
0.3073
1.3543
0.0870
0.0000
1.0178
0.2573
0.0000
0.0000
0.0000
0.0000
1.2656
0.0000
0.0000
0.0000
0.0000
0.0000
0.6337
0.0000
4.1575
0.0000
0.0000
2.6406
0.0000
0.0000
0.0000
0.0000
0.7198
0.0000
2.6710
0.0000
0.0000
0.0000
0.0000
0.0000
0.3779
0.0000
0.0000
0.0000
0.0000
0.0000
0.0000
0.1144
0.0000
0.3034
0.0000
0.0000
0.0000
0.0167
0.0000
0.0000
2.8741
0.0000
0.6510
0.0000
0.8136
0.0000
1.4243
1.2807
0.6283
0.0000
0.0000
0.5366
0.0536
0.0000
0.0000
0.0000
0.6153
0.0000
0.6518
3.7537
1.5972
0.0000
0.0000
0.3617
3.6038
0.8434
0.2429
0.0000
1.0008
0.0000
0.3047
0.0000
0.0000
0.7923
0.2370
0.0000
0.0000
0.0000
0.1476
0.0000
0.0679
0.0000
1.2552
0.2511
0.0000
0.3519
0.5597
0.0000
0.2735
0.0000
0.0000
2.1623
0.0000
0.5878
0.0000
0.0000
0.0000
1.2658
0.0000
1.3005
0.0000
0.0000
1.1030
0.0000
0.0000
1.4548
0.0000
0.0000
0.0000
0.0000
0.0000
0.0000
0.0000
0.8433
0.0000
0.4998
0.7164
0.0000
0.0000
0.0000
0.3986
0.0000
0.0000
0.0000
0.0000
0.4260
0.0000
0.0000
0.0000
0.0000
0.0000
0.0000
0.0000
0.0000
0.0690
0.0000
0.0000
0.0000
0.0000
0.9287
0.0000
0.6824
0.0000
0.0000
1.7181
0.0000
0.0000
1.3070
0.0000
0.0000
0.0000
1.3007
2.2364
0.0000
0.0000
0.0000
0.0000
0.0000
0.0000
0.0000
0.8998
0.0056
2.8107
0.0000
0.0000
1.7074
0.0000
2.4199
0.0527
0.0000
0.0000
0.0000
0.0000
0.1047
0.8088
1.3297
0.5887
0.0000
2.7054
0.3850
0.0000
0.0000
0.0000
1.3653
0.0000
3.1558
0.0000
0.0000
0.0000
0.0000
0.0000
1.4353
0.0000
0.0000
0.0638
0.0000
0.0000
0.0000
1.7639
1.2386
0.0000
0.0000
0.0000
0.0000
0.0000
0.0000
1.0487
1.1940
1.4365
0.0000
0.0000
0.0000
0.0000
0.0000
0.4924
1.9887
1.6713
3.0070
0.0000
1.6897
3.2625
0.0000
0.0000
0.0000
0.0000
0.0000
0.0000
0.2538
0.0000
0.0000
1.7342
0.0000
0.0000
0.0000
0.8087
0.0000
1.7347
0.0000
1.2234
0.1603
0.0000
0.0000
0.7208
0.0000
1.6692
0.9891
0.0000
0.0000
1.1319
0.0000
2.0643
0.0000
0.0000
3.4320
0.2839
0.5280
0.0000
0.0000
1.2945
4.5462
0.0000
0.8007
0.0000
0.0000
0.0000
0.0000
0.0000
0.0000
0.0000
2.1414
1.5613
0.0000
0.0000
0.0000
0.0000
0.0000
0.5052
0.0000
0.0000
0.0000
0.0000
0.0000
0.0000
0.0000
0.0000
0.0000
0.0000
0.4480
0.2543
0.0000
1.2882
0.0000
0.0000
0.0000
0.0487
0.9233
1.3156
0.0000
1.3894
0.0000
0.5946
0.0000
0.0000
0.0000
1.0527
1.4367
0.0000
1.5235
0.0000
0.0000
3.5471
0.0000
0.0000
0.0000
0.0000
0.0000
0.0000
0.0000
0.0000
0.0000
0.0000
0.0000
0.8260
2.1423
0.0000
0.0000
0.9728
1.2985
0.0000
2.4924
1.3477
0.0000
0.0000
0.0000
0.0000
0.0000
0.0000
2.4612
0.0000
0.5861
0.0000
0.0000
0.8019
0.0000
0.0000
0.0000
0.0000
0.0000
0.6373
0.7601
1.4885
0.0000
1.0763
1.4152
0.0000
0.2016
0.0000
0.2554
0.0000
0.0000
0.0000
0.0000
0.0000
0.5313
0.1804
1.3012
0.8740
0.0000
0.5199
0.0000
0.0000
0.9869
0.9554
0.0000
0.0000
1.9829
2.1641
0.6727
0.0000
0.0000
0.0000
0.0000
1.7754
0.1675
0.0000
0.0000
0.0000
1.3046
0.7285
0.0000
2.3534
3.1955
0.0000
0.0000
0.0000
0.0000
3.0221
0.0000
0.0000
0.0000
0.0000
0.0000
0.0000
0.1689
0.0000
0.0000
0.0000
0.0000
0.1173
1.1554
1.5067
0.0000
0.0000
0.3115
0.0000
0.0000
0.4920
0.0000
0.0000
0.0000
0.0000
2.8315
0.7429
0.0000
0.0000
1.9087
0.0000
0.0000
1.7009
1.2843
1.4741
0.0000
0.9563
1.0336
0.4021
0.0000
0.0000
0.0000
0.0000
0.0000
0.6314
1.4777
0.0000
0.0000
5.1124
0.9769
0.7939
0.0000
2.0273
0.0000
0.0000
0.0000
0.0000
0.0000
0.0000
0.2468
0.0000
0.0000
0.0000
0.6412
0.5741
0.0000
0.0000
0.0000
0.0000
0.0000
0.3285
0.0000
0.0000
0.2760
0.3649
0.0000
0.2510
0.0000
1.3578
0.0000
1.3566
1.5982
0.0000
0.0000
0.0000
0.0000
0.0000
0.0000
0.0000
0.9452
0.3480
0.0000
0.0000
0.0000
0.6831
0.0000
0.0000
0.0000
2.5382
0.0000
1.3359
1.0859
0.0000
0.9640
0.0000
0.0000
0.0000
0.0000
0.0000
0.0000
0.0000
0.0907
0.1760
0.0000
0.0000
2.3568
1.7168
0.0000
0.0000
1.0904
0.0000
2.0616
0.0236
0.0000
0.0000
0.0000
0.0000
0.4849
0.0000
0.0000
0.0000
0.0000
0.3496
0.0000
0.0617
0.1498
0.0000
0.0000
0.0000
0.0000
0.7645
0.2291
0.0000
0.0000
1.1789
0.5806
0.0000
3.5933
0.0000
0.2396
2.3175
0.6417
0.0000
0.0000
0.0577
0.0000
0.3460
0.0000
0.0000
0.0000
0.5146
1.3578
0.0000
0.0000
0.0000
1.5257
0.0000
1.5729
0.0000
1.5893
0.1968
0.0000
1.7989
0.9573
3.1217
0.0000
0.0000
0.0000
0.0000
0.6504
1.2183
0.0000
0.7376
0.0000
0.0000
0.3313
0.0000
0.0000
2.2298
0.0000
0.0000
2.3828
0.0000
0.7658
0.0000
0.0000
0.0000
0.0000
2.5561
0.0000
0.0000
0.3806
0.0000
0.0000
1.7134
0.0000
0.0000
0.8662
0.3033
0.0000
0.0000
0.0000
0.0000
0.0000
0.7945
0.2138
0.0000
0.0000
0.0000
0.0000
2.2604
0.5567
0.0000
0.0000
0.0000
0.0000
1.4081
0.0000
0.3433
0.0000
0.6437
0.0919
1.5586
0.0000
0.0000
0.0000
1.1511
0.0000
0.0000
3.5690
0.0000
0.0000
1.1263
0.3406
0.0000
0.0000
0.0000
0.5843
0.0000
0.0000
0.2040
0.0000
0.8685
0.5450
1.3102
0.0000
0.0000
0.6167
0.0000
0.0000
0.0000
0.0000
1.4805
0.6777
0.0000
0.0000
0.0000
0.7015
0.0000
0.0000
0.4735
0.0000
0.0000
0.0000
0.6715
0.0829
0.0000
0.0000
0.9754
0.0000
0.0000
1.9071
0.4080
1.9637
0.0000
4.5690
0.0000
0.7301
0.0000
1.4060
0.0000
0.0000
0.0000
0.0000
0.0000
0.0000
0.0000
1.1783
0.8102
0.0000
0.0000
0.0000
0.0000
0.0000
0.0000
0.0000
0.0000
0.0000
0.9135
0.0000
0.0000
0.0000
1.2272
0.0000
0.0000
0.0000
1.0791
0.9625
1.4093
0.0000
1.4742
0.0000
0.0000
0.0000
0.0000
0.0000
0.0000
0.0000
0.0000
0.1096
1.0330
0.0000
0.0000
0.0000
0.0000
0.0000
0.0000
0.0000
0.0000
0.0000
0.0000
0.0000
0.0000
0.0000
1.1630
1.5554
0.0000
0.0000
0.0000
0.0000
0.0000
0.0000
0.0000
0.0287
0.0000
0.0000
2.7812
0.1907
0.0000
0.6951
0.0000
0.0000
0.0000
0.0000
0.0000
0.6028
1.5640
0.0000
0.0000
0.0000
0.0000
0.0618
2.1551
0.0000
0.2365
0.0000
0.0000
0.0000
1.7477
0.0000
1.3666
0.0688
0.0000
0.0000
0.0000
0.3121
0.4374
2.4437
0.0000
0.0000
0.0000
0.0000
0.0000
0.0000
0.0000
0.0000
0.0354
0.0000
0.0000
0.5896
0.5211
0.0000
0.0000
0.0000
0.6860
0.0000
0.0000
0.0000
0.0000
0.0540
1.3137
0.0000
0.0000
0.0000
0.4493
0.9880
0.4488
0.1751
0.7116
1.0435
0.9833
0.0000
0.0149
0.5396
0.0000
0.0000
0.0000
0.0000
0.3037
1.1951
0.0000
0.0000
0.4502
0.2880
1.0994
0.0000
0.0000
0.0000
0.0000
0.0000
0.0000
0.0000
0.0000
0.0000
1.4221
0.0000
0.2271
0.0484
0.3201
0.0000
0.3524
0.0000
0.0000
0.0446
0.0000
0.2438
0.0000
0.0000
0.0000
0.0000
0.2373
0.0000
0.1957
0.3198
0.0000
0.0000
0.0000
0.0000
0.0000
0.0000
0.0000
0.0000
0.0000
0.0000
0.0000
0.0000
0.0000
0.0000
0.0000
0.0000
0.3516
1.9144
0.0000
2.4045
0.0000
0.0000
0.0000
0.0000
0.0000
0.0000
0.0000
1.2918
0.0000
0.0000
0.0000
0.0000
0.0000
0.0000
0.0000
0.3999
0.3321
1.0806
0.0000
0.0000
0.4211
1.1083
0.0000
1.9557
0.0000
0.0000
0.0000
0.0000
0.0000
0.6555
0.0000
0.0000
2.7088
0.9442
0.8737
0.0000
0.0000
0.0700
0.0246
0.2024
0.0000
0.0000
1.6959
0.0000
2.0969
0.0000
0.0000
0.4177
0.9029
0.1425
1.7782
0.0000
2.1875
1.3819
0.0000
0.0000
0.8291
0.0000
2.3191
0.1511
0.0000
0.0000
0.5826
0.0000
0.0000
1.0748
0.0000
0.0000
1.9115
0.5257
0.0000
0.0000
0.0382
2.2373
0.4000
0.0000
0.0000
0.0000
0.0000
0.0000
0.3681
3.3047
0.8194
0.0000
0.0000
0.0343
0.0000
0.1723
1.7738
1.3939
1.8005
0.0000
0.0000
0.0000
0.0000
1.1483
3.2880
0.0000
0.0000
0.0000
0.0000
3.4943
0.7563
0.0000
0.0000
0.0000
0.0000
0.0000
1.5905
0.0000
0.0000
3.6902
0.0000
0.0000
0.0000
0.0000
1.6129
1.3591
1.6855
0.0000
0.0000
0.0000
1.3404
1.5571
0.0000
0.5356
0.0000
0.7392
0.0000
0.0000
3.6914
0.0000
1.3551
0.0000
0.0000
0.0000
0.0000
0.0000
0.0000
0.0000
0.1237
0.0000
4.1775
0.0000
0.0000
0.0000
0.0000
0.0000
0.0000
0.0000
1.7685
0.2395
0.0000
0.0000
0.0000
0.0000
0.0000
0.4073
2.1156
4.3763
0.0000
0.0000
0.0000
1.2678
2.0574
0.0000
0.0000
0.0000
0.0000
0.0000
0.3616
0.0000
1.1980
0.0000
0.0000
0.0000
0.0000
0.0000
0.1022
1.0823
2.6296
0.0000
0.3536
0.0000
0.0000
0.0000
0.1102
0.0000
2.8315
0.0000
2.2353
0.0000
0.0000
0.0000
0.0000
0.2849
0.0000
0.0000
1.0027
1.1459
0.0000
0.0000
0.0000
0.0000
1.3032
0.0000
2.2998
2.3660
0.0000
0.0000
0.0000
0.0000
0.0000
0.0000
0.0000
3.1990
0.0000
0.0000
1.0555
0.0000
1.0913
0.0000
0.0000
0.0000
0.0000
0.0000
1.6375
3.5302
0.7040
0.9733
0.9432
0.0000
0.9110
0.3692
0.0000
1.1679
0.0000
0.4181
0.0000
1.2358
0.0000
0.0000
0.0000
0.0000
0.0000
0.0000
0.0000
0.0000
0.0000
0.0000
0.8883
0.2029
0.9366
0.0000
0.0000
3.4384
0.0000
0.0000
0.0000
0.0944
0.0177
2.0071
0.0000
0.0101
0.0000
0.0000
0.1424
0.0000
0.9732
0.8714
3.0611
0.0000
0.5562
0.0000
1.4565
0.0000
0.0000
1.6169
0.0000
0.0000
0.0000
1.5992
0.2943
1.4980
0.0000
0.0000
0.0000
0.0000
3.0469
0.0000
0.0000
0.0000
0.0000
0.0000
0.0000
0.6124
0.8278
2.4472
0.0000
0.3089
2.1699
0.7609
0.1101
0.0000
0.0000
0.4873
0.5669
0.0000
0.0000
0.0000
0.0000
0.0000
0.0000
0.7983
0.0000
0.0000
2.8501
0.0000
1.5620
0.0000
0.7748
0.0000
0.0000
0.0000
3.5694
0.1476
0.0000
0.0000
0.0000
0.0000
1.2654
2.8414
0.0000
0.0000
0.3324
2.5177
1.2773
0.0000
1.5853
0.6062
0.0000
0.0000
0.0000
0.8392
0.0000
0.0000
0.0000
0.6396
0.0000
2.4223
0.0000
0.0000
0.4424
0.0000
0.4930
0.0000
0.0000
0.0000
0.1682
0.0000
0.0000
0.0000
0.0000
1.7327
0.0000
1.1603
0.0000
0.0000
0.0000
0.0000
0.0000
0.0000
0.1706
0.0000
0.7249
0.3766
0.0000
1.7974
0.0000
0.0000
0.0000
0.0000
0.0000
1.8263
1.1630
0.0000
0.4430
0.0000
0.0000
0.0000
0.1880
0.0000
1.6893
0.0000
0.0000
0.0000
0.2551
0.0000
0.0000
0.1757
0.0000
0.0000
0.0000
0.0000
0.0000
0.0000
0.0000
0.6862
0.0000
0.6544
0.0000
0.8676
0.0000
1.1572
0.0000
3.3951
0.0061
0.0000
0.3712
0.0000
0.0000
0.0000
2.6406
0.0000
0.0000
0.0000
0.0000
0.0000
0.0000
0.4709
0.0000
0.0000
0.0000
0.0000
2.2952
0.0000
0.0000
0.0000
0.3555
0.0465
0.0000
0.0000
0.0000
0.0000
2.7294
0.0000
0.0000
0.0000
0.0000
0.0000
1.0495
0.0000
0.0000
3.0167
1.2347
0.0000
0.0000
0.0000
1.1829
0.0000
0.0000
1.3872
0.0000
0.0000
3.5345
3.4595
0.6207
0.0000
1.5268
0.0000
1.4642
0.0000
0.8520
1.6103
0.0000
0.0000
0.0000
0.0000
1.1837
0.0000
0.6697
0.0964
0.0000
0.0000
0.0000
1.0815
0.0000
0.4861
0.6230
0.0000
0.0000
0.0000
0.0000
0.4450
0.3202
0.0742
0.0000
0.0000
0.0000
0.0000
0.0000
0.0000
0.6230
0.0000
0.0000
0.2591
0.0000
0.0000
0.0000
0.0000
1.0929
0.1367
0.0000
0.0000
0.0000
0.0000
0.0000
0.3374
0.0000
0.0000
0.0000
0.0000
0.0000
0.0000
1.3284
0.0000
0.0000
0.0000
0.0000
1.9715
0.4298
0.0000
0.5558
0.0000
0.6595
2.2903
0.0000
0.0000
0.0000
3.0476
1.1587
0.0000
0.0000
0.0000
0.0000
0.0000
0.7495
0.0000
2.1119
0.5847
0.0000
0.5288
3.5281
0.0000
1.9121
0.0000
0.0000
0.0000
0.0000
3.5561
0.0000
0.0000
0.0000
0.0000
1.4848
0.0000
0.0000
0.4614
1.0021
0.0000
0.0000
0.2353
0.1475
0.0000
0.0000
0.0000
0.0000
0.0000
3.3468
0.0000
2.9151
0.0000
0.0000
2.3329
0.0000
0.5239
0.0000
1.9349
0.0000
0.0000
2.1604
0.0000
0.0000
0.9108
1.0243
0.0000
0.0000
0.2180
0.0000
0.0000
0.0000
0.0000
0.0000
0.0000
2.3864
0.0000
0.0000
0.0000
1.5043
0.6969
0.0000
0.0000
0.3579
0.7101
1.6479
0.4193
0.0000
1.1876
1.8526
0.0000
0.0000
1.2129
1.3795
4.4255
0.1433
1.4806
0.0000
2.4123
0.0000
0.0000
0.0985
0.0000
0.0000
0.0000
0.0000
0.0000
0.5824
2.8985
2.7073
0.0000
0.0000
0.7272
0.0000
0.0000
0.0000
0.0000
0.0000
1.3599
0.7162
0.0000
1.1083
0.0000
0.0000
0.0000
1.4750
1.9049
0.0000
0.0000
0.0000
0.0000
1.9220
0.1639
1.3600
0.1845
0.0000
0.1638
0.2922
1.3019
2.0286
0.6547
0.4460
0.0000
0.0000
0.0000
0.0000
0.2652
0.0000
0.0000
0.0000
0.5952
0.1677
0.1351
0.0000
0.0687
0.0000
0.0000
0.0000
1.9534
2.7787
0.0000
0.0000
0.0034
1.9586
0.0000
0.6278
0.0000
0.0000
0.0000
0.0000
0.4723
0.0000
0.0000
0.2553
0.0000
3.2762
0.4277
0.0000
0.9576
0.0000
0.0000
0.4436
1.0025
0.0000
0.7189
0.0000
0.9845
0.0000
1.1543
1.5373
0.0000
0.0000
0.0000
0.0000
0.0000
0.0000
1.0750
0.6810
0.0000
0.0000
0.0000
0.0000
0.0000
3.8812
0.0000
0.0000
0.0000
1.6376
0.5917
0.0000
0.0000
0.0000
1.6391
0.0000
1.3872
0.9856
0.0000
1.0514
2.1230
0.9002
0.0000
0.8050
1.4393
0.0000
0.0000
0.0000
0.0000
0.0000
0.0000
0.0000
0.6892
0.0000
0.4583
0.0000
0.0000
0.1015
0.8701
0.0000
0.0000
0.0000
0.5511
0.7258
0.0000
0.0000
1.4450
0.0000
0.5435
0.3954
0.0000
1.4480
0.0000
0.0000
1.1666
0.0000
0.0000
0.0000
1.5474
0.0000
0.0000
4.7499
0.9065
0.0000
2.0588
0.9066
0.4476
1.1121
0.0000
1.5796
0.0000
0.0000
0.0000
0.0000
0.0000
0.0000
0.0000
0.0000
2.9669
0.4532
0.0000
0.0000
0.0000
0.0000
0.0000
1.6715
0.0000
1.0056
0.0000
0.0000
1.3193
0.0000
