0.2953
0.0000
0.0000
0.0000
0.6155
0.0138
0.1050
0.0000
0.7224
3.6802
0.8409
0.0000
1.8135
0.0000
0.0000
0.0000
0.0000
0.0000
0.0000
0.0000
0.0000
0.0000
1.5788
2.0967
2.7155
1.1176
0.0000
2.3498
0.0000
0.0000
0.0000
0.0000
2.0104
0.0000
1.1385
0.0000
0.0000
0.8733
0.5254
1.6678
0.0000
0.0000
0.0000
0.0000
0.0000
1.5107
0.0000
0.0000
0.0000
0.7839
0.0000
0.6437
0.0000
0.0000
0.0000
0.0000
0.4703
0.0000
0.0000
0.0000
0.0000
2.4314
0.0000
2.9074
0.0000
0.0000
1.0369
0.0000
0.0000
0.0000
0.0000
3.8268
0.7973
0.0000
0.0000
1.6554
0.0000
0.0000
0.0000
0.0000
0.0000
0.0000
0.3493
0.0000
0.0000
0.8889
0.6300
1.4713
0.8077
0.0000
0.0000
0.0000
0.5245
1.2758
0.0000
0.0000
0.0000
0.0000
2.6888
0.0000
0.0000
0.0000
0.0000
0.0000
1.3958
1.3252
1.4079
0.0000
0.5543
2.5432
0.0000
0.0358
0.0164
0.4350
0.0000
0.0000
0.4526
0.0000
0.0000
0.0000
2.0154
0.1507
2.7533
1.4102
0.2315
0.0000
1.1198
1.0129
0.3998
0.7228
0.0000
0.0000
0.0000
0.0000
2.8750
0.0000
0.4927
1.9761
0.0000
0.9465
1.7573
0.0000
0.7154
1.2038
3.2889
0.0000
0.3414
1.3719
1.7085
0.0000
0.0000
2.2791
0.9111
0.4565
0.0000
0.2285
0.0625
0.6017
0.0954
0.0000
0.9454
0.0000
0.3005
0.0000
0.0000
1.8569
0.0000
0.0000
0.0000
2.9325
0.0000
0.0000
0.0000
0.4906
0.0000
0.0000
0.0000
1.2403
0.0000
4.5640
2.4346
1.9979
0.0000
0.0000
0.0000
0.0000
0.3663
0.0000
2.5535
0.7102
0.0000
0.0000
0.1277
0.0000
0.6897
0.2441
0.0000
0.5302
3.6447
0.9363
0.0000
0.5704
0.0000
0.0000
1.0194
1.1291
0.0000
0.7606
0.0000
0.0000
0.0000
0.0000
0.0000
0.3407
0.0000
0.0000
0.0000
0.0000
0.0000
0.0000
0.0000
0.0000
0.0000
0.0000
1.4134
0.0000
0.3082
1.0453
0.0000
0.0000
0.3304
0.7366
0.0000
0.0000
2.3506
0.0000
1.6293
0.2448
1.6765
0.0000
0.0000
0.0000
0.0000
0.0000
0.0000
0.4242
0.0000
0.0000
0.0000
0.0000
0.0000
0.0000
0.0000
0.1202
0.0000
0.3811
0.0000
0.0000
1.5172
0.0000
0.0000
0.7788
0.0000
0.0000
0.0000
0.0000
1.0668
0.0000
0.0000
1.2518
2.5675
0.0246
0.0000
0.9227
1.4155
0.0000
0.2283
0.0000
1.5797
0.0000
2.3108
0.0000
1.2967
0.1914
0.0000
0.2545
0.0000
0.0000
0.0000
0.0000
0.0000
0.0000
0.0000
0.0000
3.1563
0.0000
0.0000
0.5584
0.0000
2.6322
0.0000
0.0000
0.0000
0.0000
0.0000
0.0000
0.1854
0.0000
0.0000
0.0000
0.0000
0.0000
0.0000
1.2534
1.5216
0.0000
0.0000
0.0000
0.0000
0.1245
0.0000
0.5375
0.0000
0.5965
0.0000
1.5583
0.8912
0.0000
0.0000
0.6507
0.0000
0.9175
0.0000
0.0000
0.0000
2.4299
2.2183
0.0000
0.0000
2.7934
0.0000
0.0000
0.0000
0.0000
0.0000
4.8084
0.0000
0.3072
0.0000
0.0000
0.0000
2.6911
0.0000
0.0000
2.4212
0.8387
0.0000
0.0000
2.5685
0.0000
0.0000
0.0000
0.0000
0.0000
0.0000
0.4646
0.0000
0.2529
0.0000
0.6609
0.0000
0.0000
0.0000
0.0000
1.4042
0.4890
0.0000
1.0556
0.0000
0.0000
3.4441
0.0978
1.5127
0.0000
0.0000
0.0000
0.0000
0.0000
0.0000
0.0000
3.8024
0.0000
0.0000
0.1458
0.6813
2.5633
0.0000
0.0000
0.0000
1.0346
0.0781
0.0000
0.0000
0.3734
0.0000
0.5652
0.0000
0.0000
1.3035
0.0000
0.0000
0.0000
0.0000
1.3562
0.5669
0.0000
0.0000
0.0000
0.5334
0.0000
1.1239
0.0000
0.8096
0.0000
0.0000
0.4494
0.0000
1.2512
0.0000
0.0000
0.0000
0.0000
0.0000
0.0000
0.0000
0.0000
0.7422
0.0000
2.8256
0.0000
1.9904
1.4738
0.0000
0.0000
3.1191
0.0000
1.2220
0.5051
1.7434
3.4187
0.0000
0.0000
0.0000
0.6054
0.0000
0.2882
0.0000
1.7660
0.0000
0.0000
0.0000
0.0000
2.0298
0.0000
1.1633
0.0000
0.0000
0.2004
0.0000
0.0000
0.0000
1.5451
0.0000
0.6872
0.0000
1.1439
1.3674
0.0307
0.9467
0.0000
0.0000
0.0000
0.0479
0.0000
1.5485
0.0000
1.0525
1.2281
0.0000
2.0431
0.0000
0.0000
0.0000
0.0000
1.1775
0.7396
0.0000
0.0000
0.8696
0.0000
0.0000
0.0000
3.2054
0.0000
0.0000
0.0000
0.0000
0.0000
0.4045
0.0000
0.0292
1.8011
0.0000
2.6814
0.0000
0.0251
0.0000
0.3997
5.6820
0.0000
2.4682
2.4040
0.0000
0.7373
0.0000
0.0000
0.1953
0.0000
0.0000
0.0000
0.6134
0.4685
0.0000
0.0000
0.6628
3.0442
0.0000
0.0000
1.6434
0.0000
0.0000
0.0000
0.0000
0.0000
0.0000
0.0000
0.0000
0.4168
0.0000
0.0000
0.0000
0.0000
0.0000
0.0000
0.0000
0.0000
0.0000
0.0000
0.7526
0.0000
0.7524
1.9178
0.0000
0.0000
0.4915
1.8118
0.0000
0.0000
0.0000
0.0000
0.0000
0.0000
0.0000
0.0000
0.0000
0.0000
0.0000
0.0000
0.0000
1.8279
0.0000
0.0000
0.0000
0.0000
0.0000
0.0000
0.0000
0.8929
2.1280
0.0000
0.1904
0.0000
0.0000
1.1633
0.0000
0.0000
0.0000
0.0000
0.8582
1.6203
0.0000
2.2178
0.0000
0.0000
0.0000
1.4010
1.7520
0.0000
0.1775
0.0000
0.5045
0.0000
0.0000
4.0906
0.0000
1.0683
1.0007
0.0000
0.0359
0.0000
1.2658
0.0000
0.8843
0.6865
0.0000
2.1297
0.0000
0.0000
0.0000
0.0000
0.0000
0.0000
0.0000
0.2370
0.9645
3.3108
0.0000
1.2717
0.0000
0.0000
0.5204
0.0000
0.0000
0.0000
2.1365
0.0000
0.0000
0.0000
0.1338
0.0000
0.0000
0.0964
1.8489
0.0000
0.0000
0.0000
0.0000
0.5224
0.0000
0.8244
0.0000
1.2692
0.6795
0.0000
0.0000
0.0000
0.2387
0.0000
0.0000
0.0000
0.3605
0.0000
0.0000
0.0000
0.0000
0.0000
0.2961
0.0000
0.0000
0.0000
0.0000
0.4857
0.0000
0.0000
0.0000
1.8261
0.0000
0.5789
0.2661
1.3732
0.7555
0.0000
2.0335
0.0000
0.0000
0.0000
0.0000
0.0000
0.0000
0.3913
2.7274
0.0000
2.0814
0.0000
0.0000
0.0000
0.0000
0.0000
0.9490
0.8544
0.0000
3.0255
0.6457
0.0000
0.0000
0.0000
0.0000
0.0000
0.0000
0.0000
0.0000
0.0000
1.0094
1.2285
0.0000
0.0000
0.5190
0.0000
0.0000
0.0000
0.0000
0.0000
0.0000
0.1483
0.0000
0.0000
0.2177
1.2559
0.0000
2.8678
3.0673
0.0000
0.0000
0.5859
0.0000
0.0000
0.0000
0.0000
2.2910
0.0000
0.0000
0.3692
0.0000
0.0000
0.0000
0.0000
0.0000
0.0000
0.1136
0.0000
0.0097
0.8144
3.3722
0.0000
0.0000
1.3585
0.0000
0.0000
0.0000
0.0000
0.4877
0.0000
0.0000
0.0000
0.7061
0.0000
0.0000
0.0882
0.0000
1.6688
0.0000
1.2391
0.0000
0.0000
0.0000
0.0000
0.0000
1.5423
0.0000
0.0000
0.0000
0.0000
2.4399
1.2141
0.0000
0.0000
0.0000
0.0000
1.1799
0.0000
0.0000
1.1453
3.7196
0.0000
0.0000
0.0000
0.0000
0.0000
0.0000
0.0000
0.0000
0.0000
0.0000
1.3643
0.0000
0.0000
1.1491
0.0000
0.8794
2.7534
1.9153
0.0000
0.8676
0.0000
0.0000
0.0000
0.0000
0.0000
0.6293
0.0000
1.4604
0.0000
0.0000
0.0000
0.0000
0.0021
0.6463
0.0000
0.0000
0.0000
0.0000
0.0000
0.0000
0.2053
0.0000
0.0000
0.0000
0.0000
0.9858
0.0000
0.0000
0.0000
0.0000
0.0242
0.0000
0.0000
0.0000
0.0000
0.0000
0.0000
0.0000
0.0000
0.0000
3.3364
0.0684
0.0000
0.5347
0.0000
0.0000
0.0000
0.0000
0.0000
1.8710
0.2767
0.1821
0.1933
0.0000
1.8406
0.0000
0.7957
0.0000
0.0000
0.3909
0.0000
0.0000
0.0000
0.0000
0.0000
0.0000
0.0000
0.0000
0.0000
0.5324
0.0000
0.0000
0.0000
0.0000
0.7274
2.1289
0.0000
0.0000
0.0000
0.0000
0.0000
0.0000
0.0000
0.0000
0.0000
0.0000
0.8687
0.0000
0.0000
2.3321
0.0000
0.0000
0.1593
0.0000
0.0000
0.0000
0.0000
0.0000
0.0000
0.6541
0.0000
0.0000
4.3025
0.5886
0.0000
0.0000
0.0000
0.0000
0.0000
0.0000
0.0000
0.0000
0.5961
0.0000
0.3677
0.0000
0.4333
0.6551
0.0000
0.0000
0.2137
0.7604
2.5772
0.0000
0.0000
0.0000
4.0154
0.2498
0.9926
0.0000
0.0000
0.0000
0.0000
1.5301
0.0000
0.0000
0.9723
0.0000
0.6575
0.0000
0.1345
0.0000
0.0000
0.0000
2.1567
1.2948
0.0000
0.9692
0.0000
0.2450
0.0000
0.0000
0.0000
2.2863
0.0000
0.6675
0.0000
0.0000
1.7636
0.0000
0.0000
1.6445
1.4325
1.0261
0.0000
0.0000
0.0000
0.4958
0.0000
0.0000
0.0000
0.0000
0.0000
0.0000
0.0000
0.8950
3.6355
0.9124
0.0000
0.0000
0.3155
0.0000
2.3013
0.0000
0.0000
0.0000
1.8571
0.0000
1.8173
0.3385
3.8178
0.0000
0.0000
0.8871
1.4045
0.4065
1.2218
0.0000
1.4472
0.4951
0.0000
0.0000
0.5903
1.6086
0.1293
0.0000
2.2980
0.8702
0.0000
3.9208
0.5510
1.5649
0.0000
0.0000
0.0000
2.3132
0.0000
0.3075
0.0000
0.0000
0.0000
0.0000
0.0000
1.6253
0.0000
0.0000
0.0000
1.3335
0.0000
0.0000
0.0000
0.0000
0.0000
0.0000
0.0000
0.0000
0.0000
1.9820
0.0000
1.8071
0.0000
0.0000
1.5861
0.0338
0.0000
0.0000
0.1740
2.3762
0.0000
0.0000
0.0000
0.0000
0.0000
2.6776
0.0000
0.0000
2.0542
0.0000
0.0000
0.0000
0.1914
0.0000
0.7999
0.0000
1.0985
0.0000
0.0000
0.0902
0.2664
0.0000
0.0000
0.0908
0.0000
0.0000
1.3123
0.0000
1.3425
0.0000
0.0000
0.2420
0.0000
1.6315
0.0000
0.0000
0.0000
0.0000
0.9313
0.0000
0.0000
0.9955
0.0000
0.0000
0.0000
0.5776
0.0000
0.0000
0.0000
0.0000
0.0000
0.0000
0.0000
1.7975
0.9407
1.1109
0.0000
0.0000
0.0000
0.0000
0.0000
0.0000
0.0000
0.0000
0.0000
0.0000
0.0000
0.0000
0.0000
1.8525
0.0000
0.0000
0.5806
0.6696
0.2096
4.6694
0.0000
0.0000
0.0000
0.0000
0.3765
0.3306
0.0000
0.0000
0.2416
0.2269
0.0000
0.3927
0.0000
0.0000
0.0000
0.0000
0.0000
0.0000
0.0000
2.1135
0.0000
0.0000
0.4677
3.8430
0.3644
0.0000
1.7477
3.0397
0.7871
0.0000
0.6255
0.0000
0.0000
0.0000
1.4734
0.0000
0.0000
0.0000
0.0000
0.0000
0.0000
1.9296
0.0000
3.0315
0.0000
0.0000
0.0000
0.0000
0.0000
0.0000
0.0000
0.0000
0.0000
1.9609
0.2653
0.0000
0.0000
1.3153
0.0000
1.1910
0.0000
0.0000
0.0000
3.3700
0.0000
0.7751
0.8408
1.1029
0.0000
0.0000
0.0000
0.0000
0.0000
0.0000
0.2725
0.0000
4.2226
0.0000
0.6398
0.0000
0.0000
0.0000
0.0000
0.0000
0.0000
1.0025
0.0000
0.0000
0.0000
0.4620
0.0000
0.9116
0.0000
0.0000
0.0000
0.0000
0.0000
0.0000
1.8138
0.0000
0.0000
3.1793
0.0000
0.0000
0.0000
3.1908
0.0000
0.6012
0.0000
0.0000
1.8662
0.0000
0.0000
0.0000
0.0000
0.0000
0.5904
0.0000
0.0000
0.0000
0.0000
0.0000
0.0000
0.0000
0.0000
1.5164
0.0000
0.5612
0.0000
0.5101
0.0000
0.0000
1.1337
0.0000
0.0000
0.0000
0.0000
0.0000
0.0000
0.8566
0.0000
0.0000
0.8902
0.0000
1.0328
0.8058
0.0000
0.0000
0.1890
0.0013
0.0000
0.2667
0.0000
0.2134
0.0000
2.5367
0.0000
0.0000
1.1612
0.0000
0.0000
0.0000
0.0000
0.0000
0.0000
0.3255
0.0000
0.0539
1.1507
0.0000
0.0000
0.3427
0.4422
0.0000
0.0000
0.0000
0.0000
0.0000
0.0560
0.0000
0.9026
0.0000
0.0000
0.0000
0.0000
0.0000
0.0112
0.2299
0.8043
0.0000
2.7909
0.0000
0.0000
0.0000
0.0000
0.0000
0.0000
0.0000
0.0000
0.0000
0.0000
0.0000
0.0000
0.0000
0.4752
0.0000
0.0000
1.0463
0.0000
0.0000
1.0727
0.0000
0.0000
0.0000
0.0000
0.3626
0.0721
0.5212
0.0000
0.3165
0.0000
3.1747
0.7334
0.0000
1.9158
0.0000
0.0000
0.0000
0.0000
0.0000
0.6694
1.0070
0.0000
0.0000
0.0000
0.1064
2.0403
0.0000
0.0000
0.1859
0.0000
0.0000
0.0000
0.7389
0.0000
3.0881
0.0000
0.0000
0.6707
0.2453
1.9047
1.1942
3.9695
0.0000
0.3630
0.0000
0.0000
0.1850
0.0000
0.5252
1.2030
0.0000
0.0000
0.0000
0.0000
0.9968
0.0000
0.0000
0.0000
0.0000
2.7542
0.2393
2.4528
0.0000
0.1141
0.0000
0.0000
0.8170
1.3872
0.0000
1.8609
0.0000
0.0000
0.9437
0.0000
0.0000
0.0000
0.0000
1.5997
0.0000
0.0000
0.0000
0.0000
0.0000
0.0000
0.0000
0.0000
0.0000
0.0000
0.1820
1.0144
0.0000
2.8123
0.0000
0.0000
0.0000
0.0000
0.0000
0.0000
0.0000
0.0000
0.0000
0.0000
2.3965
0.0000
2.7833
2.1628
0.0000
0.0000
0.0000
0.8327
0.0000
0.0000
0.0000
0.0000
0.0000
0.0000
0.1148
0.0000
1.7712
0.0000
0.0000
0.0490
0.0000
0.0000
0.0000
0.0000
0.0000
0.4926
3.2975
2.3224
0.0000
0.6771
0.0000
0.5232
0.0000
0.6862
0.0000
0.4720
0.0000
0.0000
0.0000
0.0000
0.0000
0.0000
1.6573
0.4347
0.0000
0.0000
0.0000
0.0000
0.0000
0.7097
0.0000
0.0000
2.4623
1.4140
1.4290
0.0000
0.5260
0.0000
0.0000
2.2018
3.0960
2.1213
0.0000
0.0000
0.0000
0.9625
0.0000
0.0000
0.6280
1.0144
0.0000
0.6990
0.0000
0.0000
0.0000
0.0000
0.0000
1.4050
1.0757
0.8692
0.0000
0.0000
0.0000
0.1843
0.0000
0.0000
0.0000
0.5012
0.0000
0.0000
0.0000
2.3923
0.7989
0.0000
0.0000
0.0000
0.0069
0.0000
0.0000
0.1981
0.7087
1.6368
0.0000
0.7284
0.0000
0.0000
0.0000
0.9996
0.8285
0.3608
0.0000
0.0000
0.0000
0.2917
0.0000
3.4475
0.8180
0.0000
0.0000
0.0000
0.0000
0.0000
0.0000
0.3643
0.0000
0.0000
0.1697
0.0000
0.0000
0.0000
0.0000
0.1412
0.0000
0.5642
3.1362
0.9012
0.0000
0.0000
0.0000
1.5575
0.0000
0.4649
0.0731
1.6122
0.2067
2.3007
0.0000
0.0000
0.7914
0.0000
0.0000
0.0000
0.0000
0.0000
0.0000
1.9620
0.5822
0.0000
0.0000
0.8183
0.3237
0.3483
2.2084
0.0000
0.0000
0.0000
0.0000
0.8772
0.0000
0.0000
0.0000
2.8674
1.3089
0.0000
1.3907
0.6909
0.0000
0.0000
0.0000
0.0000
0.0000
0.0000
0.5092
0.0000
0.0000
0.0000
2.1855
0.0000
0.0000
0.3773
0.0000
0.3292
0.0000
0.0000
0.0000
0.0000
0.6895
1.9976
1.1178
1.5091
1.7129
0.0000
0.0000
0.0000
0.1626
1.6539
1.0740
0.1830
0.0000
0.0000
0.0000
0.0000
0.5123
0.0000
1.2108
0.0000
1.2105
0.0427
0.0000
0.0000
0.0000
0.0000
0.0000
0.0000
0.0000
0.8681
0.0000
0.0000
0.8866
0.0000
0.0000
0.0000
0.0000
0.0000
0.0000
0.0000
0.0000
0.0000
0.0000
0.0000
0.0000
0.1784
0.0000
0.8962
0.0000
0.8781
0.0000
0.2811
0.0000
1.9007
0.0000
0.0000
0.0000
0.3906
0.0000
2.3779
0.9346
3.4355
0.0000
0.0000
0.0000
2.2371
0.3787
0.0000
0.0000
0.0873
0.2792
0.0000
0.0000
0.1437
0.0000
0.0000
0.0000
0.0000
0.0000
1.1725
0.1001
1.2862
0.0000
0.7939
0.0000
0.0000
0.0000
0.0000
0.0000
0.8396
0.8764
0.9022
2.5771
0.0000
0.0000
1.1025
0.5326
0.0000
1.4216
1.5060
0.5240
0.0000
0.0000
0.0000
2.1640
0.5897
0.0000
0.0000
0.0000
1.0619
0.3907
0.0000
0.0000
0.0000
0.0000
0.0000
0.3968
0.0000
2.4435
0.0000
0.0000
1.9814
0.5224
1.8174
0.0000
0.0000
0.0000
0.5895
0.0000
0.0000
0.0000
0.0000
0.0000
0.0000
2.2780
0.0000
0.0000
0.0000
1.6908
1.9425
0.0000
0.0000
0.0000
0.0000
0.0606
1.0807
0.0000
0.3436
1.4702
0.0000
0.0000
3.2742
0.0000
0.6646
0.0000
0.0000
0.4021
0.0000
0.0000
0.6576
0.0000
1.0787
0.0000
0.0000
0.0000
1.9782
0.0000
0.0000
0.0000
0.0000
2.6820
0.0000
2.6079
2.6591
0.3579
0.0000
0.0000
0.0000
0.0000
0.0000
0.0000
0.3859
0.0000
0.0000
0.0000
0.0000
0.0000
0.0000
0.9178
0.0000
0.0000
0.0000
0.0000
0.0000
1.0933
0.0000
1.2146
0.6943
0.0000
0.6159
0.0000
0.0000
0.0000
0.0000
0.5127
0.0000
0.0000
0.0000
0.0000
2.0320
0.0000
1.4831
0.0000
0.0000
0.0000
0.0000
0.0000
0.0000
0.0000
0.0000
0.6217
0.0000
2.1686
0.0000
0.9154
0.0000
0.9949
0.0000
0.0897
0.0000
0.0000
0.1514
0.0000
0.0000
1.4911
1.4757
0.0000
0.0000
0.0000
0.0000
0.0000
2.2142
0.0000
0.0000
0.0000
0.0000
1.6189
0.0000
0.3664
1.1092
0.0000
0.2094
0.0000
1.8176
0.1413
0.0000
0.0000
0.5415
0.0000
1.6014
0.0000
0.0000
0.3901
0.0000
2.0508
1.0280
0.0000
2.0336
1.0135
0.2710
1.3588
0.0000
4.1510
1.0915
0.0000
0.5309
0.0000
0.0000
0.0000
0.0000
0.6337
0.0000
0.1082
0.0000
0.0000
0.1145
0.0000
0.0000
0.0000
0.0000
0.0000
0.0000
0.0000
0.8126
0.0000
0.0000
1.8392
3.7803
0.6583
0.0000
0.0000
0.0000
0.0000
0.0000
0.0000
0.0000
3.7077
0.1315
0.0000
1.5764
3.4490
0.0000
0.0000
0.8921
0.9606
0.7309
0.0000
0.0000
2.6235
0.0000
0.0000
0.0000
0.0000
0.6829
1.7576
0.0000
0.0000
0.0000
0.0000
1.7651
0.0000
2.1586
0.0000
0.0000
0.0000
0.0000
0.4951
0.0000
0.0000
0.0000
0.0574
0.5405
0.0000
0.0000
0.0000
0.0000
0.0000
1.3108
1.5294
0.0000
0.0000
0.2754
0.0000
2.0734
2.4325
0.2343
0.0000
0.0000
0.0000
0.0000
1.2487
0.1922
0.0000
0.0000
0.0000
1.2034
0.0000
0.0000
0.0000
0.0000
0.0000
0.0000
0.0000
1.2547
0.0000
0.0000
0.3796
0.3631
0.0000
1.6476
0.0000
0.0000
0.0000
0.8034
0.1189
1.0402
0.0000
0.0000
0.0000
0.5259
0.0000
0.0000
0.6912
0.0000
0.0000
0.0000
0.2898
0.0000
0.0000
0.0000
0.0000
0.0000
0.0000
0.0000
2.5671
0.0000
1.1186
0.0000
0.0000
0.0000
0.0000
0.0000
1.4747
0.0000
0.0000
0.3201
0.0000
0.0000
0.0000
0.0000
0.0000
0.0000
0.0000
1.1328
0.0000
1.4773
0.0000
0.3651
0.0000
0.0000
1.7667
0.0000
0.0000
0.0000
0.0000
1.4864
0.0000
0.0000
0.0000
0.0000
1.7518
1.4153
0.0000
1.6585
0.8952
1.0287
0.1138
0.0000
0.0000
0.0000
0.1601
0.4974
0.0000
0.0000
0.0000
2.0633
0.0000
2.4394
0.0000
0.8869
0.0000
0.0000
0.0000
0.9301
0.0000
0.6294
0.1107
0.0000
2.1741
0.0000
0.2926
0.0000
0.9434
0.7401
0.0000
0.0000
0.0000
0.0000
0.1129
0.0000
0.0000
0.0000
0.0000
0.0000
0.0000
0.0000
0.0000
0.2914
2.3883
1.6835
2.0759
0.0560
0.4370
1.0931
0.4534
0.0000
0.0000
0.0000
0.0000
2.8106
1.6641
1.1364
0.0000
0.4487
0.0000
0.2944
0.5829
0.0000
0.0000
0.0000
0.0000
0.0000
0.0000
0.0000
0.0000
0.0000
0.0000
0.0000
1.6323
0.0000
0.0000
1.2285
0.0000
0.4803
1.4977
0.0000
1.5402
0.0000
1.2486
0.5896
0.0000
0.0000
1.0099
0.0000
0.0000
0.0000
0.0000
0.0000
0.0000
0.1254
0.0000
0.0000
0.0000
0.0000
0.0000
0.0000
0.0000
0.0000
0.0000
0.0000
0.0000
0.0000
1.2438
0.0000
0.6006
0.0000
2.8606
0.0000
0.0000
0.0000
0.0812
0.0000
0.0000
1.4970
0.0222
0.0000
0.0000
1.8553
1.4612
0.0000
1.5632
0.0000
0.1646
5.2030
0.0000
0.6830
0.0000
0.7791
0.8646
0.7941
0.6988
0.0000
0.9815
0.0000
0.0000
0.0000
0.0000
0.0000
0.0000
0.0000
1.7703
0.0000
1.0468
0.0000
0.0000
0.0000
0.0000
0.0000
0.1674
0.0000
0.0000
0.0000
0.0000
0.0000
0.0000
0.0000
0.0000
0.0000
1.4610
0.0000
0.0000
2.7162
0.0000
0.0000
1.5273
0.2406
2.2296
0.0000
0.0000
1.1850
0.0000
0.0000
0.0000
0.8783
0.0000
0.1828
0.2000
1.6556
0.0000
0.0136
0.0130
0.0000
0.0000
3.2334
1.0681
0.0000
0.0000
0.0000
0.0895
0.0000
0.0000
0.0000
0.0000
0.0000
0.0000
0.0000
0.5577
0.0000
0.0000
0.1613
1.1723
0.0000
0.0000
0.5731
0.2033
0.0000
0.0000
0.0000
1.2025
2.0594
0.8225
0.0000
0.0000
0.0000
3.0908
4.7057
0.0000
0.0000
1.3211
0.0000
0.0000
0.0000
0.0000
0.0000
0.0000
0.0000
0.0000
0.0000
0.0000
0.0000
0.0000
0.0000
0.0000
1.0129
0.0000
0.0000
0.3921
0.0000
0.0000
0.0906
0.0000
0.0000
1.4028
0.0000
0.0000
2.8427
0.0000
0.0000
1.8686
0.1207
0.0000
0.0000
2.7440
0.0000
0.7440
0.0000
2.1605
0.0000
0.0000
0.5152
0.0000
0.0000
0.0000
0.2230
0.0000
1.0463
0.0000
0.0000
2.5926
0.0567
0.1032
0.0000
0.0000
1.1236
0.0000
0.0000
0.0000
0.3008
0.0000
0.0000
0.8472
0.0000
1.3905
0.0000
0.0000
0.9532
1.5145
0.0000
0.0000
0.0000
0.0000
1.7913
0.0000
0.0000
0.4201
0.0000
0.0000
0.0000
0.0000
4.8437
0.0000
1.2656
3.5396
0.0000
0.2100
0.0000
0.0000
1.3599
0.0000
0.2588
0.0000
0.0000
0.0000
0.0000
0.0000
0.0663
0.3739
0.0000
0.0000
0.0000
0.0000
0.2203
0.0000
0.0000
0.8741
0.0000
0.0000
0.0000
0.0000
0.0000
0.0000
1.4921
0.0000
0.6867
0.0000
0.0000
0.0000
0.0000
2.0645
0.8280
0.0000
0.0000
0.6096
0.0000
0.0000
0.0000
0.0000
0.1879
0.0000
0.0000
3.9585
1.2276
0.0000
0.0000
0.0000
4.7526
1.3253
0.0000
0.0000
0.8203
0.0000
0.0000
0.1796
0.0000
1.0674
0.2611
0.0000
0.5029
0.0000
0.0000
0.0000
0.0000
0.0000
0.8553
0.2451
0.0000
0.0000
1.1558
0.0000
1.4414
0.0000
0.0000
0.5208
0.0000
1.2331
0.0000
0.0000
0.0000
0.8731
0.0000
0.9869
0.0000
0.1750
1.7810
0.0000
0.6026
0.7056
0.0000
0.0000
0.0000
0.0000
0.0000
0.0000
0.0000
0.0000
0.0000
0.2860
0.4841
0.0000
0.0000
0.0000
1.0713
0.0000
0.0000
0.0000
0.0000
0.0000
0.0000
0.2115
0.0000
0.0000
0.0000
0.0000
0.0753
0.0000
2.3041
0.8837
0.0000
0.0000
0.0000
0.0000
0.0000
0.0000
0.0000
0.0000
2.5587
0.0000
0.0000
0.0000
0.0000
0.0000
0.0000
0.3737
2.8907
0.0000
0.0000
0.0000
0.0000
0.0000
0.3314
0.0000
0.4692
0.1706
2.3773
0.0000
0.0000
1.0013
0.0000
3.1003
0.0794
0.0000
2.8170
0.0000
0.0000
0.0000
0.7335
0.8711
1.9133
0.0000
4.3824
2.2101
0.0000
0.0000
0.0000
1.6928
0.0000
3.0068
0.0000
0.0000
0.0000
0.0000
0.0000
2.0758
0.0000
0.0000
0.6869
0.0000
0.0000
0.0000
0.0000
0.0268
0.0000
0.0000
0.0761
0.0000
0.0000
0.9499
0.4967
0.7766
0.0739
0.0000
0.0000
0.0000
0.0000
0.0000
0.0000
2.6690
1.5217
2.8646
0.1642
1.6247
2.6144
1.0096
0.0000
0.0000
0.0000
0.0000
0.5297
1.7624
0.0000
0.0000
1.8505
0.0000
0.0000
0.0000
0.0000
0.0000
2.0889
0.1299
1.4579
0.0000
0.0000
0.0000
1.3532
0.0000
1.4077
0.6652
0.0000
0.0000
0.4290
0.0000
1.2691
0.0000
0.1118
0.9760
0.0000
0.1160
0.0000
0.0000
0.7804
2.6922
0.0000
0.0000
0.0000
0.0000
1.0946
0.0120
0.0000
0.0000
0.0000
1.3391
0.3724
0.0000
0.0000
0.0000
0.0000
0.0000
1.7204
0.0000
0.0000
0.0000
0.0000
0.0000
0.0000
0.0000
0.0000
0.0000
0.0000
0.3475
0.0000
0.0000
0.0026
0.0000
0.0000
0.0000
0.0000
0.8936
0.9288
0.0377
2.5156
0.0000
1.1300
0.0000
0.0000
0.0000
0.6190
1.0781
0.0000
0.3312
0.0000
0.0000
2.1587
0.1052
0.0000
0.8786
0.0000
0.0000
0.0000
1.2878
0.0000
0.0000
0.0000
0.0000
0.0000
1.2962
0.0000
0.0000
0.2624
1.2632
0.0000
2.6817
0.0000
0.0000
0.0000
0.3984
0.0000
1.1319
0.0000
1.1224
0.0000
0.5582
0.0000
0.0000
1.6995
0.0000
0.7960
0.0000
0.0000
0.0000
0.1223
1.0491
0.5279
0.0000
0.3022
0.7248
0.0000
0.0000
0.0000
0.0000
0.0000
0.0000
0.0000
0.0000
0.0000
0.0000
0.8614
1.5673
1.3125
0.0000
0.0000
0.0000
0.0000
0.4475
0.4035
0.0000
0.0000
1.3397
1.0486
1.7307
0.0000
0.0000
0.0000
0.0000
1.4156
1.1224
0.0000
0.0000
0.0000
0.3733
0.0000
0.0000
1.7278
1.2860
0.0000
0.0000
0.0000
0.0000
2.5456
0.0000
0.0000
0.0000
0.0000
0.0000
0.0000
0.0000
0.0000
0.0000
0.0000
0.0000
0.3979
0.6722
1.0812
0.0000
0.0000
1.5572
0.0000
0.0000
0.0000
0.0000
0.0000
0.0000
0.0000
4.8594
1.7000
0.0000
0.0000
1.5244
0.0000
0.0000
1.1008
0.9344
1.0771
0.0000
1.0706
3.5051
0.3841
0.0000
0.0000
0.0000
0.0000
0.0000
0.8960
1.6062
0.0000
0.0000
5.0378
0.3383
0.4364
0.0000
0.0000
0.0000
0.0000
0.0000
0.0000
0.0000
0.0000
0.5207
0.0000
0.0000
0.0218
0.4923
0.5762
0.0000
0.0000
0.0000
0.0000
0.0000
0.1009
0.0000
0.3101
0.9568
1.3552
0.0000
0.0000
0.0000
0.0503
0.0000
0.0000
1.1016
0.0000
0.0000
0.0000
0.0000
0.0000
0.0015
0.0000
0.0000
0.0000
0.0000
0.0000
0.0000
0.0000
0.0000
0.0000
0.0000
3.2063
0.0000
1.5391
0.5068
0.0000
2.8059
0.0000
0.0000
0.0000
0.0000
0.8157
0.0000
0.0000
1.3280
0.7070
0.0000
0.0000
2.4889
0.9780
0.5111
0.0000
0.4194
0.0000
1.8068
0.0000
0.0000
0.0000
0.0000
0.0000
0.0000
0.0000
0.0000
0.0000
0.0000
0.2083
0.0000
0.5285
0.0000
0.0000
0.0000
0.0000
0.0000
2.6964
1.8879
0.0000
0.0000
1.4009
0.6953
0.0000
4.5391
0.4097
0.7235
2.7189
1.6989
0.0000
0.0947
0.3580
0.0000
0.2214
0.0000
0.0000
0.0000
0.0715
0.0000
0.0000
0.0000
0.0000
1.4587
0.0238
1.3655
0.0000
2.4937
0.0000
0.0000
1.1230
1.7597
0.8058
0.0000
0.0000
0.0000
0.0000
0.0000
2.8832
0.0000
0.0000
0.0000
0.0000
0.7809
0.1782
0.0000
2.0088
0.0000
0.0000
2.5450
0.0000
0.8960
0.0000
0.0000
0.0000
0.0000
1.6129
0.0000
0.0000
0.0000
0.0000
0.0000
1.9884
0.0000
0.0000
0.7919
0.3130
0.0000
0.0000
0.3734
0.0000
0.0000
2.1541
0.1477
0.0000
0.0000
0.0000
0.0000
2.5527
0.9076
0.0000
0.0000
0.3399
0.0000
0.3777
0.0000
0.0000
0.0000
0.0000
0.0000
0.6167
0.0000
0.0000
0.0000
0.9093
0.0000
0.0000
2.6478
0.0000
0.0000
0.9880
0.0000
0.0000
0.0000
0.0000
1.5710
0.0000
0.0000
0.9421
0.0000
0.0868
0.9243
0.7876
0.0000
0.0000
0.0000
0.0000
0.0000
0.0000
0.0000
1.2459
0.0000
0.0000
0.0000
0.0000
0.1192
0.0000
0.0000
0.5802
0.0000
0.1786
0.0000
0.0000
0.0000
0.0000
1.1957
1.3172
0.0000
0.0000
1.4762
0.0000
0.0000
0.0000
4.3623
0.0000
0.4872
0.2010
3.3993
0.0000
0.0000
0.0000
0.0000
0.0000
0.0000
0.0000
0.0000
0.0000
0.0000
0.0000
0.0000
0.0000
0.0000
0.0000
0.0000
0.0000
0.0000
1.2708
0.0000
0.0000
0.0000
2.7858
0.0000
0.0747
0.0000
0.7604
0.0000
0.7625
0.0000
0.9284
0.0000
0.0000
0.0000
0.0000
0.0000
0.3135
0.0000
0.0000
0.5130
0.0000
0.0000
0.0000
0.0000
0.0000
0.0278
0.0000
0.0000
0.4488
0.0000
0.6777
0.0000
0.0000
0.0000
0.0578
2.0436
0.0000
0.0000
0.0000
0.0000
0.0000
1.2292
0.0000
0.0000
0.0000
0.0000
1.9823
0.1457
0.0000
1.1048
0.0000
0.0000
0.0000
0.0000
0.0000
0.0000
0.0000
0.9760
0.0000
0.0000
0.0000
0.9976
2.3165
0.0000
0.5124
0.0000
0.0000
0.0000
2.2733
0.0000
0.3438
0.2844
0.0000
0.0000
0.0000
0.0000
0.0000
1.7639
0.0000
0.0000
0.0000
0.0000
0.0000
0.0000
0.0000
0.0000
0.2024
0.0000
0.0000
0.0000
0.4699
0.2079
0.0000
0.0000
2.3529
0.0000
0.0000
0.0000
0.0000
0.8920
0.1002
0.0000
0.6713
0.0000
1.4696
0.6251
2.6831
0.0000
0.4925
0.6723
1.3014
0.0000
1.3815
0.9385
0.0000
0.0000
0.0000
0.0000
1.0517
1.4380
0.0000
0.0000
0.3213
0.1413
0.8478
0.0000
0.0000
0.0000
0.0000
0.0000
0.0000
0.0000
0.0000
0.0000
1.7115
0.0000
0.0000
0.0000
0.0000
0.0000
0.7738
2.1692
0.0000
0.4708
0.0000
0.0000
0.0000
0.0000
0.0000
0.0000
0.0000
0.0000
0.0000
1.8334
0.0000
0.0170
0.0000
0.0000
0.6690
0.0000
0.0000
0.0000
0.0000
0.0000
0.0000
0.0000
0.0000
0.0000
0.0000
0.0000
0.2716
0.0000
0.0000
1.2180
0.0000
0.0000
0.0000
0.0000
0.0000
0.2264
0.0000
0.2068
0.0000
0.0000
0.0000
0.0000
0.0000
0.0000
0.0000
0.0000
0.0000
0.6835
0.3099
0.0000
0.5500
0.0319
0.0000
0.9878
0.0000
0.0000
0.0000
0.0000
0.0000
0.2458
0.0000
0.0000
2.4908
1.7809
1.2761
0.0000
0.0000
0.0000
0.1748
0.0000
0.0000
0.0000
1.2175
0.0000
1.6647
0.0000
0.0000
0.0000
0.0973
1.0030
1.9356
0.0000
3.2322
1.7526
0.0000
0.0000
0.9111
0.0000
1.3210
0.0000
0.0000
0.0000
0.7615
0.0000
0.0000
2.3118
0.0000
0.9141
2.6439
0.3934
0.0000
0.9555
0.0000
2.8143
0.0000
0.0000
0.0000
0.0000
0.0000
0.0000
0.5026
3.5602
0.5198
0.0000
0.0000
0.0000
0.0000
1.1591
1.9249
1.0287
1.8330
0.0000
0.0000
0.0000
0.0000
0.0000
4.6470
0.0000
0.0000
0.0000
0.0000
3.4160
0.7829
0.0000
0.0000
0.0000
0.0000
0.0000
2.4074
0.0000
0.0000
3.5501
0.0000
0.0000
0.0000
0.0000
0.4085
1.2683
1.8955
0.0000
0.0000
0.0000
2.2376
2.0428
0.0000
0.0000
0.0000
0.0000
0.0000
0.0000
2.7615
0.1741
1.0663
0.0000
0.8615
0.0000
0.0000
0.0000
0.0000
0.0000
2.0523
0.0000
4.4440
0.0000
0.0000
0.0000
0.0000
0.0000
0.0000
0.3214
2.0820
0.0000
0.0000
0.0000
0.0000
0.0000
0.0000
0.0000
2.2891
5.0834
0.0000
0.6343
0.0000
0.5349
0.0000
0.0000
0.0000
0.0000
0.0000
0.0000
0.4468
0.0492
0.2361
0.0000
0.0000
0.0000
0.0000
0.0000
0.0000
1.7552
2.6084
0.0000
0.0000
0.0000
0.0000
0.0000
0.5458
0.0000
2.8934
0.0000
2.1171
0.0000
0.0000
0.0000
0.0000
0.1856
0.0000
0.0000
0.5012
1.3514
0.0000
0.0000
0.0000
0.0000
2.5000
0.0000
2.4069
0.9067
0.0000
0.0000
0.0000
0.0000
0.0000
0.0000
0.0000
1.8691
0.0000
0.0000
0.0000
0.0000
1.0385
0.0000
0.0000
0.0000
0.0000
0.0000
0.1538
2.9990
0.4699
0.8617
0.0000
0.0000
1.8991
0.7672
0.0000
1.4232
0.0000
0.1161
0.0000
0.8366
0.0000
0.0000
0.0000
0.0000
0.0000
0.0000
0.0000
0.0000
0.0000
0.5462
0.7607
1.2213
0.5860
0.0000
0.0000
3.1463
0.0000
1.3908
0.0000
0.0000
0.8430
1.1710
0.0000
0.0000
0.0000
0.0000
1.3971
0.0000
1.0897
0.0000
3.1699
0.0000
0.0000
0.0000
0.7961
0.0000
0.0000
0.8837
0.0000
0.0000
0.0000
0.9372
0.3656
0.0000
0.0000
0.0000
0.0000
0.0000
2.7488
0.0000
0.0000
0.0000
0.0000
0.0000
0.0000
0.0000
0.9874
3.8007
0.0000
0.6820
2.3680
0.6812
0.0000
0.0000
0.0000
0.0000
0.0000
0.0000
0.0000
0.0000
0.0000
0.0000
0.0000
1.0899
0.0000
0.0000
4.6679
0.0000
0.4660
0.2257
0.5337
0.0000
0.0000
0.0000
3.1675
0.8942
0.1528
0.0000
0.0000
0.0000
0.8276
2.8735
0.0000
0.0000
0.0000
1.1627
0.3963
0.0221
1.3846
0.2084
0.0000
0.0000
0.0000
1.2520
0.0000
0.0000
0.0000
0.8677
0.0000
3.2342
0.0000
0.0000
0.9667
0.0000
0.7836
0.0000
0.0000
0.0000
0.6815
0.0000
0.0000
0.1017
0.4883
2.8737
0.0000
1.6240
0.0000
0.0000
0.0000
0.0000
0.3040
0.0000
0.0000
0.0000
0.2027
0.0000
0.0000
1.4979
0.0000
0.0000
0.0000
0.0000
0.0000
1.8382
0.2445
0.0000
0.5975
0.0000
0.0000
0.0000
0.4303
0.0000
1.2241
0.0000
0.0000
0.0000
0.0000
0.0000
0.0000
0.2139
0.0000
0.0000
0.0906
0.0000
0.0000
0.0000
0.0000
0.0000
0.0000
0.8321
0.0000
0.0000
0.0000
1.0179
0.0000
2.2542
0.0000
0.0000
1.2399
0.0000
0.0000
0.0000
3.1853
0.0000
0.0000
0.0000
0.0000
0.0000
0.0000
0.2075
0.0000
0.0000
0.0000
0.0000
1.9597
0.0000
0.0000
0.0000
2.2074
0.0000
0.0000
0.0000
0.0000
0.0000
2.4398
0.0000
0.0000
0.0000
0.0000
0.0000
2.1261
0.0000
0.0000
3.3449
2.3226
0.0000
0.3941
0.0000
0.6854
0.0000
0.0000
0.9706
0.0000
0.0000
0.9536
2.3881
0.7727
0.0000
1.7560
0.0000
2.2011
0.1379
0.0295
0.9111
0.0000
0.0000
0.0000
0.3110
3.1871
0.0000
0.4844
0.0000
0.0000
0.0000
0.2671
0.0000
0.0000
0.0000
0.4006
0.0000
0.0000
0.0000
0.0000
0.0000
0.3871
0.0781
0.0000
0.0000
0.0000
0.0000
0.0000
0.0000
2.3396
0.0000
0.0000
0.0000
0.0000
0.0000
0.9792
0.0000
0.0950
0.0000
0.0000
0.0000
0.0000
0.0000
0.0000
0.4094
0.7533
0.0000
0.3984
0.0000
0.1861
0.0000
1.6110
0.0000
0.0000
0.0000
0.0000
1.9250
0.0000
0.0000
0.2753
0.0000
0.0000
2.9816
0.0000
0.0000
0.0000
2.9729
0.3501
0.0000
0.0000
0.0000
0.0000
0.0000
0.6330
0.0000
2.4492
0.8041
0.0000
0.0000
3.3796
0.0000
1.8162
0.0000
0.0000
0.0000
0.0000
3.6136
0.0000
0.0222
0.0000
0.0000
1.3294
0.0000
0.0000
0.0000
2.2248
0.0000
0.0000
0.0000
0.0000
0.0000
0.0000
0.0000
0.0000
0.0000
2.0279
0.0000
3.3169
0.0000
0.0000
1.4453
0.0000
0.7163
0.0000
2.0310
0.0000
0.0938
2.9915
0.0000
0.0000
0.3323
0.8042
0.0000
0.0000
0.4411
0.0000
0.0000
0.0000
0.0000
0.3221
0.0000
0.7365
0.0000
0.0000
0.0000
3.1448
1.7464
0.0000
0.0000
0.0000
0.0000
2.4844
0.0000
0.0000
2.3592
2.3066
0.0000
0.0000
1.0043
0.7445
4.2581
0.1235
1.8936
0.0000
1.6539
0.0000
0.0000
0.0000
0.0000
0.0000
0.0000
0.0000
0.1402
0.5514
1.2226
1.7989
0.0000
0.0000
2.2954
0.0000
0.0000
0.0000
0.0000
0.0000
1.6289
0.0000
0.0000
0.1791
0.0000
0.0000
0.0000
1.4773
2.2618
0.2168
0.0000
0.0000
0.0000
1.6897
0.0116
2.2319
0.0000
0.0000
0.2100
0.0000
1.5199
1.3406
1.1576
0.0000
0.0000
0.0000
0.0000
0.0000
0.0000
0.0000
0.0000
0.0000
0.7508
0.0000
0.0137
0.0000
0.2785
0.0000
0.0000
0.0000
1.8818
1.0645
0.0000
0.0000
0.3016
1.2536
0.0000
0.0000
0.0000
0.0000
0.0000
0.0000
0.4063
0.0000
0.0000
0.0000
0.0000
2.1287
2.4023
0.5353
1.8168
0.2619
0.9780
0.0000
0.0000
0.0000
1.3515
0.0000
0.4883
0.0851
0.8681
0.2577
0.0000
0.0000
0.0000
0.0000
0.0000
0.0000
0.2867
1.8147
0.0000
0.0000
0.3718
0.0000
0.0000
4.1004
0.0000
0.0000
0.0000
0.0000
0.3700
0.0000
0.0000
0.3633
1.3518
0.0000
0.4853
1.3855
0.0000
0.7043
2.0191
0.5494
0.0000
1.4061
0.9530
0.0000
0.0000
0.0000
0.0000
0.0000
0.0000
0.0000
0.0000
0.0000
1.7970
0.0000
0.0000
0.0000
0.5511
0.0000
0.0000
0.0000
0.7048
0.3000
0.0000
0.0000
1.8281
0.0000
2.1581
0.4734
0.2381
1.6183
0.0000
0.0000
1.5151
0.0000
0.0000
0.0000
1.4091
0.0000
0.0000
3.5961
0.2432
0.0000
3.1652
0.9336
1.4188
1.0539
0.0000
1.8414
0.0000
0.0000
0.0000
0.0000
0.0000
0.0000
0.0000
0.0000
1.7063
0.4922
0.0000
0.0000
0.0000
0.0000
0.0000
0.8773
0.0000
0.5836
0.0000
0.0000
0.8910
0.0000
