0.9725
0.0000
0.0000
0.0000
1.2060
0.0000
0.0000
0.0000
0.0000
2.4269
1.3344
0.0000
0.0054
0.0000
0.0000
0.0000
0.0000
0.0000
0.0000
0.0000
0.0000
0.3255
1.9773
2.0288
0.0000
1.1262
0.0000
3.6387
0.0000
0.0000
0.5288
0.0000
1.1299
0.0000
1.0587
0.0000
0.0000
0.3959
1.3642
1.4341
0.0000
0.0000
0.0000
0.0000
0.0000
0.0000
0.0000
0.0000
0.0000
0.3064
0.0000
0.0000
0.0000
0.0384
0.0000
0.0000
0.9043
1.8657
0.0000
0.0000
0.0000
0.9830
0.0000
1.8716
0.0000
0.0000
0.0000
0.0000
0.0000
0.0000
0.0000
2.2459
0.0000
0.0000
0.0000
0.8058
0.0000
0.0000
0.0000
0.0000
0.6574
0.0000
0.0000
0.0000
0.0000
0.0621
0.0000
2.7134
0.0000
0.0000
1.0259
0.0000
2.1999
1.6422
0.0000
0.0000
0.0000
0.0000
2.1818
0.0000
0.0000
0.0000
0.3404
0.0000
0.5063
0.0000
0.0000
0.3248
1.0673
2.8201
0.0000
0.0000
0.0000
0.2853
0.0000
0.0000
0.0000
0.0000
0.0000
0.0000
0.7932
0.0000
1.4840
0.0000
0.0988
0.0000
0.9344
0.0127
0.3722
0.0000
0.0000
0.0000
1.3210
0.0000
2.4540
0.0000
1.5340
2.1155
0.0000
2.0108
2.3958
0.0000
1.8658
0.7938
1.3907
0.0000
0.0000
0.7718
0.2134
0.0000
1.0563
0.8411
1.4897
0.3340
0.0000
1.8326
0.0000
0.0847
1.0307
0.0000
0.0000
0.0000
0.6404
0.0000
0.0000
0.9416
0.5610
0.0000
0.0000
2.6338
0.0000
0.0000
0.0000
0.0000
0.3566
0.0000
0.0000
1.3336
0.0000
2.7825
0.9950
2.5560
0.0000
0.1496
0.0000
0.0000
2.9576
0.0077
1.4332
0.7083
0.0000
0.0000
0.0000
0.0000
0.0000
0.0000
0.0000
0.0000
2.5563
2.1650
0.0000
0.0000
0.0000
0.0000
0.0000
0.0000
0.0000
0.1818
0.1693
0.0000
0.0000
0.0000
0.0000
0.0000
0.0000
0.0000
0.0000
0.0000
0.1883
0.0000
0.0861
0.0000
0.0000
0.0000
1.0315
0.0000
0.0000
0.0549
0.0000
0.7921
0.0000
0.0000
0.0000
0.0000
0.3584
0.2496
1.5810
0.0000
0.0000
0.0000
0.0000
0.0000
0.1934
0.0000
0.0000
0.0000
0.0000
0.0000
0.0000
0.0000
0.0000
0.0000
0.0000
0.0000
0.0000
1.0804
0.0000
0.0000
1.4495
0.0000
0.0000
0.2674
0.0000
0.0000
0.0000
0.0000
1.3866
0.5619
0.0000
0.3579
1.8577
0.0000
0.0000
2.0388
0.0000
0.0000
0.7965
0.0320
0.0000
0.0000
2.4239
0.0000
2.3401
0.0000
0.1278
0.5493
0.0000
0.0000
0.0000
0.0000
0.0000
0.0000
0.0000
0.0000
3.7778
0.0000
0.0000
1.0967
0.0000
2.5403
0.0000
0.0000
0.0000
0.0000
0.4257
0.0000
0.4904
0.0000
0.0000
0.0000
0.0000
0.5256
0.0000
2.4745
1.0217
0.0000
0.0000
0.0000
0.4491
2.2665
0.0000
1.3767
0.0000
0.0000
0.0000
0.9468
0.0000
1.5113
0.0000
1.9977
0.0000
0.0000
0.0000
0.0000
0.0000
3.6124
2.1492
0.0000
0.0000
3.4502
0.0000
0.0000
0.0000
0.0000
0.0000
4.2450
0.0000
0.1106
0.0000
0.0000
0.0000
2.8328
0.3929
0.0000
1.1797
0.0000
0.0000
0.0000
1.6862
0.0000
0.0000
0.0000
0.0000
0.0000
0.0000
0.0000
0.0000
0.1928
0.6967
0.0000
0.3796
0.5422
0.0000
0.2715
0.0000
0.0000
0.0000
1.1683
0.0000
0.0000
3.2621
0.0000
0.2071
0.0000
0.0000
0.0000
0.0000
0.0000
0.0000
0.0000
1.8306
0.0000
0.0000
0.0000
0.0000
2.0750
0.0000
0.0000
0.0000
0.0000
0.0000
2.2967
0.0000
0.0000
0.0000
0.3825
0.0000
0.0000
2.6322
0.0000
0.0000
0.0000
0.0000
3.8152
0.0000
2.4418
0.0000
0.3789
0.3087
0.0000
0.0156
0.1956
0.0000
0.0000
0.0000
0.1620
0.0000
1.0707
0.0000
0.9095
0.0000
0.0000
0.0000
0.0000
0.0000
0.0000
0.0000
0.0000
2.1113
0.0000
2.1802
0.9296
0.3169
0.0000
2.5371
1.5567
0.0000
0.0000
2.1353
1.0177
1.6876
0.0000
0.0000
0.7491
0.0000
1.7847
0.0000
0.0000
0.9872
0.0000
0.0995
0.9692
0.7682
0.0000
0.3066
0.0000
0.0000
0.0000
0.0000
0.1006
0.0000
1.1705
0.3810
0.0000
0.0000
1.9920
3.6044
0.0000
0.2180
0.0000
0.0000
0.0000
1.2057
0.7518
1.4089
0.7780
0.0000
1.6080
0.0000
1.5282
0.0000
0.0000
0.0000
0.0000
2.2733
0.0000
0.0000
0.0000
0.9321
0.0000
0.0000
0.0000
2.3696
0.4260
0.0636
0.0000
0.0000
0.0000
0.0000
1.1490
0.0000
1.6156
0.0000
0.0000
0.4536
0.0000
0.0000
0.0000
5.6537
0.0000
2.3244
1.6806
0.0000
2.1441
1.8882
0.0000
0.0000
0.5548
0.0000
0.0000
0.6977
1.2353
1.3563
0.0000
0.0000
2.3111
0.0000
0.0000
0.0000
0.0000
0.0000
0.6583
0.0000
0.0000
0.0000
0.0000
0.0000
0.0000
0.0000
0.0000
0.0000
2.8018
0.0000
0.0000
0.0000
0.1585
0.0000
0.0000
0.0000
0.0000
1.0251
0.8561
0.0000
0.0000
0.3344
1.0296
0.0000
0.0000
0.0000
0.0000
0.3930
0.0000
0.0000
0.0000
0.0000
0.0000
0.4229
1.3960
0.0000
0.7169
0.0000
0.0000
0.0000
0.0000
0.0000
0.0000
0.0000
0.5489
2.4871
0.4810
0.0000
0.0000
0.0000
0.0000
0.0000
0.0000
0.0000
0.0000
1.8816
0.0000
0.0000
2.1870
0.0000
0.0000
0.0000
0.3275
2.2524
0.0000
1.2009
0.0000
0.0000
0.0000
0.0000
3.0314
0.0000
2.0305
0.5883
1.3325
0.7218
0.0000
1.4974
0.0000
0.0000
0.2947
0.0000
1.0399
0.0000
0.9417
0.0000
0.0000
0.0000
0.0000
0.0000
0.0000
0.1875
1.9938
0.0000
1.4004
0.0000
0.0000
0.0000
1.0784
0.0000
0.0000
0.0000
0.0000
0.0000
0.0000
0.5281
0.0000
0.0000
0.0000
2.0354
0.0000
0.0000
0.0000
0.0000
0.0000
0.0000
0.0910
0.0000
1.0304
2.0840
0.0000
0.0000
0.0000
1.0046
0.0000
0.0000
0.0000
0.0000
0.0000
0.0000
0.0000
0.0000
0.0000
0.0000
0.0000
0.0000
0.0000
0.0000
0.7329
0.0000
0.0000
0.0000
0.0000
0.0000
0.5695
0.0000
2.0923
1.1953
0.4670
1.8831
0.0000
0.0000
0.0000
0.0000
0.0000
1.4668
0.0000
1.9832
0.0000
0.5481
0.5814
0.2287
0.3435
0.0000
0.0000
0.0000
1.9982
0.0000
0.8433
0.9153
0.0298
0.0000
0.0000
0.0000
0.6104
0.0000
0.0000
0.0000
0.0000
0.7407
0.4673
0.0000
0.0000
0.0000
0.0000
0.1948
0.0000
0.0000
0.0000
0.0000
0.8397
0.0000
0.0000
0.0000
1.9860
0.0000
3.2490
0.0000
0.2808
0.0000
1.9124
0.0000
0.1778
0.0000
0.5099
0.2594
0.0000
0.0000
0.0558
0.0000
0.0000
0.0704
0.0000
0.0000
0.0000
0.0000
0.3761
1.2406
0.0000
1.5939
0.2032
0.0000
1.8534
0.0000
0.3298
0.0000
0.0000
1.5254
0.0000
0.0000
0.0000
0.0000
0.0000
0.0000
0.0000
0.9887
0.0000
0.2600
0.0000
0.0000
0.0000
0.0000
0.0000
0.8517
0.0000
0.0000
0.0000
0.3812
0.0000
1.5210
0.0000
0.2204
0.0000
0.0000
0.0000
1.5794
0.5818
0.0000
0.0000
1.9658
0.3279
0.0000
0.1569
0.0000
0.0000
0.0000
0.1381
1.0199
0.0000
0.0000
0.9376
0.0000
0.0000
1.4502
0.0000
0.0000
1.3047
0.2554
0.0000
0.5140
0.0000
0.0000
0.0000
0.0519
0.0000
0.0166
0.0000
1.8054
0.0000
0.0000
0.0000
0.0000
0.8270
0.0651
0.0000
0.0000
0.0000
0.0000
0.0000
0.0000
0.0000
0.0000
0.0000
0.0000
0.0000
2.1898
0.0000
0.0000
1.6806
0.0000
0.0000
0.0000
0.0000
0.0000
0.0000
0.0000
0.0000
0.5329
0.0000
0.0000
1.0656
0.5159
0.0000
0.1187
0.8745
0.0000
0.0000
0.0000
0.0000
2.8534
0.0000
0.0000
1.3426
0.0000
3.0504
0.0000
0.7222
0.0000
0.0000
0.0548
0.0000
0.0000
0.0000
0.0082
0.0000
0.0000
0.0461
0.2966
0.0000
1.0053
0.0000
1.1024
0.0000
0.0000
2.5962
0.2343
0.0000
0.0000
0.0000
0.0000
0.0000
0.0000
0.0000
0.0000
0.0000
0.0000
0.0000
0.0000
0.0000
2.1290
0.1523
0.0000
0.4102
0.0000
0.1595
0.0000
0.0000
0.0000
0.0000
1.7691
0.0000
0.0000
1.9214
1.7408
0.0000
0.0000
0.0000
0.0000
0.0000
0.0000
1.2131
0.8455
1.6135
0.0000
0.0000
0.0000
0.0000
1.4432
0.9919
0.0000
0.0000
0.9265
1.1896
0.6225
0.0000
0.0000
3.1876
0.0000
0.1449
0.0000
0.1188
0.0000
0.0000
1.3180
0.0000
0.0000
0.9902
0.0000
0.3025
0.0000
1.1817
0.0000
0.0000
0.0000
0.0000
0.4242
0.0000
1.0712
0.0000
0.0000
0.0000
0.0000
0.0000
1.6932
0.0000
0.0000
0.0000
1.5670
1.2601
0.0000
0.0000
2.2148
2.1060
2.0801
0.0000
0.0000
0.0000
1.5540
0.0000
0.0000
0.0000
0.0000
1.2693
0.0000
0.0000
0.0000
2.8610
0.0000
0.0000
0.0000
1.1663
0.0000
0.9655
0.0000
0.0000
0.0000
2.0275
0.0000
1.9839
0.0000
1.9068
0.0000
0.0000
0.5656
2.5524
0.0000
1.5983
0.0000
2.5654
0.0000
0.0000
0.5813
0.0000
0.9296
0.0000
0.0000
1.0610
0.0000
1.1696
1.5339
0.7190
1.6916
0.0000
1.4689
0.0000
1.0448
0.0000
0.0000
0.7505
0.0000
0.0000
0.0000
0.0000
0.5686
0.0000
0.0000
0.0000
0.0000
0.0000
0.0000
0.0000
0.0000
0.0000
0.0000
0.0000
0.0000
0.0000
2.8579
0.0000
0.6371
0.0000
0.0000
2.1448
0.4020
0.8356
0.0000
0.1613
0.0000
0.0000
0.0000
0.4242
0.0000
0.0000
0.0000
0.0000
0.0000
0.6537
0.0000
0.0000
0.0000
0.0000
0.0000
0.6807
0.0000
0.2701
0.0000
0.0000
0.7465
0.7682
0.0000
0.0000
2.5492
0.0000
0.0000
1.0042
0.0000
0.9411
0.0000
1.2448
0.0000
0.5493
1.3544
0.0000
0.3462
0.0000
0.0000
0.0044
0.1809
0.0000
1.1804
0.0000
0.7046
0.0000
0.0267
0.0000
0.0000
0.2454
0.0000
0.4866
0.0541
0.0000
0.0610
0.0000
0.2649
0.0000
0.0000
0.7425
0.0000
0.0000
0.0000
0.0000
0.0000
0.0000
0.0000
0.0000
0.0000
0.0000
1.2737
0.0000
0.0000
0.0000
0.3949
0.0000
2.6401
0.0000
0.0000
0.8713
0.0000
1.9678
0.8371
0.0000
0.0000
0.0202
1.1854
0.0000
0.0000
1.0535
0.0000
0.0000
0.0000
0.0000
0.0000
0.0000
1.4398
0.0000
0.0000
0.1664
1.5821
0.2145
0.0000
2.0051
3.9887
0.2197
0.0000
0.0000
0.0000
0.0000
0.0000
0.0080
0.6477
0.0000
0.0000
1.1145
0.0000
0.0000
1.8319
0.0000
0.7808
1.5307
0.0000
0.0000
0.1797
0.0000
0.0232
0.1337
0.0000
0.0000
1.6099
3.1853
0.0000
0.0000
0.1044
0.0000
1.3660
0.0000
0.0000
0.0000
3.9925
0.8934
1.9817
0.0000
0.0000
0.0000
0.0000
0.3470
0.0000
0.0000
0.0000
0.0000
0.0000
3.5020
0.0000
0.0000
0.0000
0.0000
0.0000
0.0000
0.0000
0.0000
0.0000
0.2999
0.0000
0.0000
0.3098
0.0000
0.0480
0.0000
0.0000
0.3139
0.0000
0.0000
0.5270
0.0000
0.0000
0.0000
2.6822
0.3565
0.0000
0.0000
1.6028
0.0000
0.0218
0.0000
0.0000
1.4241
0.2036
0.0000
0.0000
0.0000
0.0000
2.1070
0.4405
0.0000
0.0000
0.0000
0.0000
0.0000
0.2083
0.0000
3.1918
0.0000
0.0984
0.0000
1.4225
0.0000
0.0000
1.4746
0.0000
0.0000
0.0000
0.3781
0.0000
0.0000
1.6689
0.0000
0.0000
0.0000
0.0000
2.1658
1.7350
0.0000
0.0000
0.0000
2.2251
0.0000
0.0000
0.0000
0.0000
0.0000
1.6600
0.0000
0.0000
0.2480
0.0000
0.0000
0.0000
0.0000
0.0000
0.0000
0.7028
0.0000
0.0000
2.3170
0.0000
0.0000
0.0000
0.0000
0.0000
1.0807
0.0000
0.0000
1.4854
1.3304
0.0000
0.0000
0.7407
0.0000
0.0000
0.0000
0.0000
0.4165
0.2267
1.2744
0.0000
0.8652
0.0000
0.2645
0.0000
0.0000
0.1272
0.0000
0.0000
0.0000
0.0000
0.0000
0.0000
0.0000
0.0000
0.1682
0.0000
0.2125
0.3137
0.0000
0.0000
0.9149
0.0000
0.5678
0.0000
0.0000
1.1480
0.0000
0.6318
0.0000
0.0000
0.0000
1.1514
1.8828
0.0000
2.2986
0.0000
0.0000
0.0000
0.0000
0.0000
0.0000
0.8200
0.0000
0.0000
0.0000
1.9936
3.2776
0.1888
0.0000
0.0000
0.4313
0.0000
0.9093
0.3970
0.0000
2.8405
0.0000
0.2932
0.8599
0.0000
0.8178
0.0000
4.2611
1.2267
0.0000
0.0000
0.0000
1.5692
0.6354
0.0000
0.9263
0.0000
0.0000
0.0613
0.5093
1.0294
0.1012
0.0000
0.0000
0.0000
1.2667
0.6152
1.0428
0.0000
1.0270
0.0000
0.0000
1.2829
0.9889
0.0000
3.0373
0.0000
0.0000
0.5886
0.7160
0.0000
0.0000
0.0000
1.3675
0.0000
0.0000
0.7617
0.0000
0.0000
0.9252
0.0430
0.0000
0.3730
0.0000
0.7349
1.4955
0.0000
1.3423
0.0000
0.0000
0.0000
0.0000
0.0000
0.7022
0.0000
0.9757
0.0000
0.0000
1.1165
0.0000
1.1175
1.2592
0.0000
0.0000
0.0000
0.6673
0.0000
0.0000
0.0000
0.0000
0.0000
0.0000
0.0000
0.0000
1.5508
0.0000
0.0000
0.0000
0.0000
0.0000
0.0000
0.0000
0.0000
1.0600
4.0101
1.9022
0.0000
1.0802
0.0000
0.0000
0.0000
1.0831
0.0000
1.1801
0.0000
0.0000
0.0000
0.4799
0.0000
0.0000
1.5752
0.0000
0.0000
0.6524
0.0000
0.0000
0.0000
0.9281
0.0000
0.0000
3.7051
2.0940
1.3577
0.0000
0.0000
0.0000
0.0000
1.0120
1.0720
0.4313
0.0000
0.0000
0.0000
1.1612
0.0000
0.0000
0.0000
1.2014
0.0000
1.2622
0.0000
0.0000
0.0000
0.0000
0.0000
0.6175
1.5724
1.2378
0.3802
0.0000
0.0000
0.0000
0.0000
0.0000
0.0000
0.9374
0.0000
0.0000
0.0000
0.4773
0.6009
0.0000
0.0000
0.0000
0.9154
0.0000
0.0000
0.0000
0.5921
0.6048
0.0000
1.4362
0.0000
0.0000
2.0008
0.9087
1.0223
3.1411
0.0000
0.0000
0.0000
0.6814
0.0000
1.5482
0.5186
0.4163
0.1591
0.0000
0.8538
0.0000
0.0000
0.6540
0.2905
0.0000
0.7863
0.0000
0.0000
0.8166
0.0000
0.0681
0.0000
0.1552
1.9354
0.0000
0.0000
0.3061
1.7730
1.1136
0.0000
0.2789
0.2576
2.1265
0.0000
1.9727
0.0000
0.0000
0.0000
0.0000
0.0000
0.0000
0.0000
0.0000
0.0000
1.1806
0.0000
0.0000
1.1531
1.9751
0.4828
0.7274
2.4288
0.7253
0.0000
0.0000
0.0000
0.5526
0.0000
0.0000
0.0000
0.0000
0.0000
0.0000
0.0000
0.7836
0.0000
0.0000
0.0000
0.0000
0.0000
0.0000
0.0000
0.0000
0.0000
0.0000
1.6861
0.0000
0.3777
0.0000
0.9998
0.2269
0.0000
1.7160
0.0000
0.0000
0.6741
0.9816
1.0702
0.9383
1.7469
0.0000
0.0000
0.0000
0.6308
1.2183
0.1749
0.0000
0.0000
0.0000
0.4014
0.0000
0.6277
0.0000
1.2250
0.0000
1.8364
0.9195
0.0000
0.0000
0.0000
0.7264
0.0000
0.0000
0.0000
2.1956
0.0000
0.0000
2.0757
0.0000
0.0000
0.0000
0.0000
0.0000
0.0000
0.0000
0.0000
0.0000
1.6344
0.2153
0.0000
0.6818
0.0000
1.6429
1.5006
0.0000
0.0000
2.3230
0.0000
2.3204
0.0000
0.0000
0.0000
0.0000
0.3923
2.5297
0.9583
0.6258
0.0000
0.0000
0.6105
1.2381
0.0000
1.0457
0.0000
0.4836
0.4443
0.0000
0.0000
0.0000
0.0000
0.4024
0.0000
0.0000
0.2307
1.6727
0.3493
2.3991
0.0000
0.0000
0.0000
0.0000
0.0000
0.0000
0.0000
3.2800
0.0212
1.3471
2.5572
0.0000
0.0000
0.0000
0.0000
0.0000
0.5326
1.9106
2.2972
0.0000
0.9947
0.0000
1.5043
1.7054
0.0000
0.0000
0.2148
1.3765
0.5427
0.0000
0.0000
0.0000
0.0000
0.0000
0.1051
0.0782
2.5383
0.0000
0.0000
1.7227
0.0000
1.5335
0.0000
0.0000
0.2766
0.8068
0.0000
0.0000
0.0000
1.1060
0.0000
0.0000
2.9593
0.0000
1.9471
0.0000
0.6950
0.0000
0.0000
0.0000
0.0000
0.0000
0.8523
2.2899
0.0000
0.0000
3.0529
0.0000
0.0000
3.7759
0.0000
0.0000
0.3699
0.0000
0.2162
0.0000
0.0000
1.0288
0.5990
0.0000
0.0000
1.1458
0.0000
2.1070
0.0000
0.0000
0.0000
0.0000
3.2719
0.0000
3.6029
0.5126
0.8804
0.0000
0.0000
0.2423
0.0000
0.0000
0.0000
1.3678
0.0000
0.1086
0.3031
0.0000
0.0000
0.0000
0.0000
0.4986
0.0000
0.0000
0.0000
0.0000
2.1732
0.3295
0.0000
0.0000
0.0000
1.0348
0.0000
0.0000
0.7032
0.5348
1.3630
0.3617
0.0000
0.0000
0.0000
1.7599
0.0000
2.2526
0.0000
0.0000
0.0000
0.0000
0.0000
0.9402
0.4806
0.0000
0.0000
0.0000
0.6901
0.0000
0.6459
0.0000
0.6532
0.0000
0.0000
0.0000
0.0000
1.0203
0.0000
0.0000
0.0000
3.0381
0.0000
0.0000
0.0000
0.0000
0.0000
0.7282
0.0000
0.0014
0.0000
0.0000
0.0000
0.0000
1.9175
1.1809
0.0000
0.0000
0.0000
0.5397
0.5467
0.0000
0.4395
1.1712
0.0000
1.8888
0.0683
0.0000
0.6148
0.0000
2.1372
0.3847
0.0000
0.0000
0.0000
0.0000
0.0000
0.0000
3.4409
0.0000
0.0000
0.5639
0.0000
0.0000
0.0000
0.0000
0.5065
0.0000
1.1874
0.0000
0.0000
2.5894
0.0000
0.0000
0.0000
0.0000
0.3276
0.0000
0.0000
1.1371
1.3360
0.0000
2.6438
1.6262
2.6638
0.4883
2.0046
0.0000
0.0000
0.2573
0.0000
0.0000
2.7432
0.0000
0.0000
2.2303
1.4076
0.0000
0.0000
0.0000
1.1966
0.5165
0.3046
1.0959
0.9692
0.2184
0.0000
0.0000
0.0000
0.3355
0.8060
0.0000
0.0000
0.0000
0.0000
2.0363
0.0000
1.8040
1.4082
0.0000
0.0000
0.8138
1.5666
0.0000
0.0000
0.0000
2.6642
1.1202
0.0000
0.0000
0.8505
0.0000
0.0000
3.0120
1.4547
0.0000
0.0000
0.0000
0.3056
2.0885
2.1781
0.4283
0.0658
0.0000
0.0000
0.0000
3.1978
0.0000
0.0000
0.0000
0.2535
0.0000
0.0000
0.0000
0.0000
0.1904
0.4481
0.0000
0.0000
0.0298
0.0000
0.0000
0.0000
1.4333
0.6035
0.1629
0.0000
0.0000
0.4433
0.2577
0.1854
2.1702
0.9965
0.0000
0.0000
0.5976
0.0000
1.0684
1.2118
0.0000
0.0000
0.0000
0.2509
0.0000
0.0000
0.0000
0.0000
0.0000
1.0255
0.0000
2.3468
0.0000
0.0000
0.0000
0.1497
0.0000
0.0000
0.0000
0.7162
0.0000
0.0000
0.0000
0.2366
0.0000
0.0000
0.0000
0.0000
0.0000
0.0000
2.3451
0.0000
0.0000
0.0000
0.8681
0.0393
0.5156
1.0539
0.0000
0.0000
0.0000
0.2339
0.0057
0.0000
0.0000
0.0000
0.0000
0.0000
1.0329
0.0000
2.2015
0.0256
0.2002
0.9973
0.0000
0.2818
0.0000
0.0000
0.4138
0.5161
1.7006
0.0000
0.3564
0.2804
1.9444
0.0000
0.0000
0.0000
0.0000
0.0000
0.5735
0.0000
0.8370
1.4416
0.0000
2.0441
0.0000
0.7369
0.0000
0.0000
0.9073
0.0000
0.0000
0.0000
0.0000
0.0000
0.0000
0.0000
0.0000
0.0000
0.0419
0.0000
0.0000
0.0000
1.4434
1.4403
1.1374
1.7842
0.0000
2.0563
0.5614
0.3094
0.4818
0.0000
0.0000
0.0000
0.4797
0.2518
1.7004
0.0000
0.0000
0.0000
1.7254
0.0000
0.0000
0.0000
0.0000
0.0000
0.0000
0.0000
0.1288
0.0000
0.0000
0.0000
0.0000
1.1715
1.1448
0.0000
1.3673
0.0000
0.0000
1.1115
0.0000
0.0000
0.0000
1.1909
0.0000
0.0000
0.0000
2.3294
0.0000
0.0000
0.0000
0.0000
0.0000
0.3237
0.0000
0.0000
0.0000
0.0000
0.0000
0.0000
0.0000
1.1881
0.2566
0.0000
0.0000
1.7783
0.8749
1.0084
0.0000
0.0000
0.4336
2.3167
0.0000
0.0000
0.0000
0.9677
1.1783
0.0000
1.3593
0.0000
0.0000
0.0000
0.4064
0.0000
0.0000
1.0491
0.8728
0.0000
2.9129
0.0000
0.0000
0.0000
1.1838
0.0000
3.2780
1.0916
0.0000
2.0300
0.2847
0.0000
0.6406
0.0000
0.2800
0.0000
0.0000
0.0000
0.0000
0.7697
0.0000
0.0000
0.0000
0.0000
0.0000
0.5876
0.0000
0.8339
0.0000
0.9777
0.0000
0.0000
0.0000
0.0000
0.0000
1.8148
0.0000
0.2434
1.2234
0.0000
0.0000
1.9433
1.7341
1.4547
0.0000
0.0000
0.3182
0.0000
0.0000
0.2824
0.0380
0.0000
0.0000
0.5844
0.0000
0.0000
0.0000
0.0000
0.0000
0.0000
1.9104
0.0000
0.0000
0.0000
0.0000
0.0739
1.1140
0.0000
0.9702
0.0000
0.0000
0.5868
0.4998
0.7738
1.9261
0.1006
0.7070
1.6651
0.6867
0.0000
0.9531
0.1408
0.0000
0.0000
0.0000
0.1090
0.7477
0.5382
0.0000
1.6301
0.0000
1.8533
4.8666
0.0000
0.0000
0.6825
0.0000
0.0000
0.0000
0.0000
0.0000
0.0000
0.0000
0.0000
0.0000
0.0000
0.0000
0.0000
0.0000
0.0000
0.0000
0.7013
0.0000
1.4386
0.0000
0.0000
1.3766
0.8994
0.0000
2.6381
0.0000
0.0000
0.0090
0.0000
0.0000
0.2963
0.7588
0.0000
0.0000
2.0838
0.0000
0.4769
0.0000
1.3148
0.0000
0.0000
1.4431
0.0000
0.0000
0.0000
0.0000
0.0000
1.4522
0.0000
0.0000
3.3209
0.5088
0.6539
0.0000
0.8885
0.0000
0.0000
0.0000
2.8754
0.2819
0.0000
0.0213
0.0000
0.0000
0.6932
0.3904
0.0000
0.1215
0.0000
0.0000
0.0000
0.0000
0.0000
0.0000
0.0000
0.0000
0.0000
0.0000
0.0000
0.0000
0.0000
2.4951
0.0000
0.0000
0.8915
0.0000
0.0000
0.0000
0.0000
0.0519
0.0000
1.6350
0.0000
0.0000
0.3307
0.0000
0.0000
1.8629
0.0000
0.0000
0.0000
0.0000
0.0000
0.2103
1.1479
0.0000
0.4809
0.0000
0.0000
0.0000
0.0000
0.0000
0.7096
3.2274
0.0000
1.5934
0.0000
0.0000
0.0000
0.0475
0.0000
0.0000
0.0000
1.8184
1.6073
0.0000
0.0000
0.0000
0.0000
1.1625
0.0000
0.0000
3.9608
0.0000
0.0000
0.0000
0.0000
3.0498
0.9771
0.0446
0.0000
0.0000
0.0000
0.7716
0.0000
0.0000
0.0000
0.0000
0.0000
0.0000
0.0000
0.0000
0.0000
0.0963
0.0000
2.1546
0.0000
0.0000
0.1731
0.0000
0.0000
0.1277
0.0000
0.0000
2.4243
0.0000
0.8838
1.0090
0.0000
0.0000
1.5012
0.0000
0.3230
0.0000
0.0000
2.0619
0.0000
0.0000
2.7348
0.0000
0.0000
0.0000
0.1965
0.0000
0.0000
0.0000
0.6124
0.2060
0.6282
1.1896
0.0000
0.0000
0.0000
0.1465
0.0000
0.0000
0.1755
0.0000
0.0000
0.0000
0.4434
0.0000
0.0000
0.0000
0.0000
1.6178
0.0000
0.0000
0.0000
0.0000
0.0000
0.2017
2.0069
0.0000
0.1502
0.0000
0.0000
3.4724
0.0000
0.0000
0.8496
0.0000
0.6920
0.0000
1.3784
1.7197
0.0000
0.0000
0.0000
0.0000
0.0000
0.0000
0.0000
0.0000
0.0000
2.1527
0.0000
0.0000
2.4883
0.0000
3.1225
0.2435
0.0000
0.0000
0.2395
0.0000
0.1107
0.9519
2.1196
0.8173
0.0000
2.0138
0.0648
0.0000
0.8026
0.0000
0.7785
0.0000
1.4657
0.8244
0.0000
0.0000
0.0000
0.0000
0.9965
0.0000
0.0000
1.2753
0.0000
0.0000
0.0000
1.1427
0.0000
0.0000
0.0000
1.8626
0.0000
0.0000
0.0000
2.0712
0.5621
0.0000
0.0000
0.0000
1.5622
0.0000
0.0000
0.0000
2.5880
1.4863
6.2478
0.0000
2.8101
3.9622
0.0000
0.0000
0.0000
0.0000
0.0000
0.0000
0.0000
0.0000
0.9434
2.8756
0.0000
0.0000
0.0000
0.4200
0.0000
0.7223
0.0000
2.1574
0.4750
0.0000
0.0000
0.9941
0.7843
2.2048
2.2973
0.0000
0.0000
0.9176
0.0000
1.6026
0.0000
0.0000
2.1715
0.0000
0.9003
0.0000
0.0000
0.0000
3.5370
0.0000
0.4876
0.0000
0.0000
0.0000
0.0000
0.0000
0.0000
0.0000
2.7468
0.1915
0.0000
0.0000
0.0000
0.0000
0.0000
0.0000
0.0000
0.0000
0.0000
0.1224
0.0000
0.0000
0.1481
0.0000
0.0000
0.9064
1.4044
0.0000
0.0000
2.4313
0.0000
0.0000
0.0000
1.3866
0.9775
1.5375
0.7259
0.0000
0.0000
0.9324
0.0000
0.0000
0.8305
0.0000
1.5965
0.0000
1.9015
0.0000
0.0000
4.1951
0.0000
0.0000
1.5903
0.0000
0.0000
1.2215
0.0000
0.0000
0.0000
0.0000
0.0000
2.1660
0.4980
0.0000
0.0000
1.1803
0.6551
0.0000
1.0832
4.5265
0.0000
0.0000
0.9717
0.0000
0.0000
0.0000
2.7387
0.0000
0.0000
0.0000
0.0000
0.7988
0.0000
0.1201
0.0000
0.0000
0.0000
0.0000
1.2815
0.9870
0.0000
0.0000
3.0981
0.0000
0.0000
0.0000
0.0000
0.0000
1.1992
0.0000
0.0000
0.0000
1.8295
0.0000
0.0000
1.3157
0.0000
0.0892
0.0000
0.0000
0.0862
0.0000
1.0372
0.0000
2.4001
2.5660
0.0331
0.0000
0.0000
0.0000
0.0000
1.3725
0.3936
0.0000
0.0000
0.0000
0.0000
0.3693
0.0000
2.3669
3.1702
0.0000
0.0000
0.0000
0.7157
2.9209
0.0000
0.0000
0.0000
0.0000
0.0000
0.0000
0.0000
0.0000
0.1130
0.0000
0.0000
1.3543
1.1291
2.3007
0.0000
0.0000
0.0000
0.0000
0.0000
1.8707
0.0000
0.0000
0.0000
0.0000
3.1084
0.0000
0.0000
0.0000
2.7319
0.0000
0.0000
1.4034
2.4063
1.6988
0.0000
1.7009
1.1618
0.0000
0.0000
0.0000
0.0000
0.0000
0.0000
0.5619
0.8245
0.0000
0.0000
4.7918
0.6199
2.7495
0.0000
0.2693
0.0000
0.0000
0.0000
0.0000
0.1623
0.0000
1.0549
0.0000
0.0000
0.0000
1.0115
0.0757
0.4567
1.1046
0.0000
0.0000
0.0000
1.3530
0.0000
0.0000
0.0000
0.2382
0.4765
0.0000
0.0000
1.5799
0.0000
2.0638
1.1192
0.0508
0.0000
0.0000
0.0000
0.0000
0.0000
0.0000
0.8815
0.0000
0.0000
0.0000
0.2325
0.0000
0.0000
0.0000
0.0000
2.1713
0.0000
1.0814
0.3983
0.0000
0.0000
0.0000
0.0000
0.7518
0.0000
0.0000
0.0000
0.0000
0.3681
0.2702
0.0000
0.0000
1.9358
1.3613
0.0000
0.0000
0.3557
0.0000
1.4346
0.0000
0.0000
0.0000
0.0000
0.0000
2.4101
0.0000
0.0000
0.0000
0.0000
1.0515
0.0000
0.0000
0.0000
0.0000
0.0000
0.0000
0.0000
0.1957
0.9896
1.2922
0.0000
1.8569
1.0738
0.0000
3.6736
0.0000
1.3190
2.6059
0.0297
0.0000
0.8108
0.0000
0.0000
0.7942
0.0000
0.0000
0.0000
0.4529
0.3122
0.0000
0.0000
0.0000
2.0829
0.0000
1.3584
0.0000
3.0759
0.0000
0.0000
0.7850
2.2278
2.9191
0.0000
0.0000
0.0000
0.0000
0.7499
2.1835
0.0000
0.3237
0.0000
0.0000
1.6148
0.0000
0.0000
2.4231
0.0000
0.0000
1.7500
0.0000
2.1486
0.0000
0.0000
0.0000
0.0000
3.7386
0.0000
0.0000
0.0000
0.0000
0.0000
0.7427
0.1715
0.0326
1.6683
0.0000
0.0000
0.0000
0.0000
0.0000
0.0000
1.2592
0.1420
0.0000
0.0000
0.0000
0.0000
2.0528
1.2604
0.0000
0.0000
0.3310
0.0000
2.2473
0.1158
0.0165
0.0000
0.0000
0.8199
1.7060
0.0000
0.0000
0.0000
1.3623
0.2057
0.0000
0.4610
0.0000
0.0000
1.4700
0.6703
0.0000
0.0000
0.0000
0.3539
0.0000
0.0000
0.0202
0.0000
1.1913
2.3277
0.6316
0.9633
0.0000
0.5279
0.0000
0.0000
0.0000
0.1942
0.0000
0.0000
0.0000
0.0000
0.0000
0.9931
0.0000
0.0000
0.0000
0.0000
0.0000
0.0000
0.2604
0.0000
0.9186
0.0000
0.6790
0.0000
0.0000
0.4255
0.6197
1.0192
0.0000
2.8921
0.3652
1.9852
0.0000
0.5340
0.0000
0.0000
0.0000
0.0000
0.0000
0.0000
0.0000
0.7353
0.8200
0.6667
0.0000
0.0000
0.0000
0.7575
0.6064
0.0000
0.0000
0.0000
0.0304
0.0000
0.0000
0.0000
0.6917
0.0000
0.0000
0.0000
1.9905
0.0000
0.3351
0.0000
0.4155
0.0000
0.0000
0.0000
0.0000
0.0000
0.0000
0.0000
0.0000
0.9783
0.0076
0.1563
0.0000
0.0000
0.0000
0.0000
0.2117
0.0000
0.0000
0.0000
0.0000
0.0000
0.6009
0.0000
1.3086
0.3132
0.0000
0.0000
0.0000
0.0000
0.0000
0.0000
0.0000
1.1567
1.8901
0.0000
1.4111
0.5710
0.0000
0.0000
0.0000
0.0000
0.1002
0.0000
0.0000
2.3110
1.3075
0.0000
0.0000
0.0000
0.0000
0.2932
1.2817
0.0000
0.0000
0.0000
0.9746
0.0000
1.2381
0.1294
1.2284
0.0000
0.0000
0.0000
0.0000
0.8898
0.6642
4.7918
0.2876
0.0000
0.9695
0.0000
0.3827
0.1853
0.0000
0.0000
0.7814
0.0000
1.0770
0.0000
0.0000
0.0000
0.0000
0.0000
0.5078
0.0000
0.0000
0.4803
1.7610
0.0000
2.0484
0.0000
0.0000
0.3202
0.9651
0.7183
1.0720
1.1892
0.0000
0.0000
0.0000
0.1671
0.0000
0.0000
0.0000
0.0000
0.0000
0.0000
0.4195
1.2154
0.0000
0.0000
0.0000
0.6849
1.2705
0.0000
0.0000
0.0000
0.2079
0.0000
0.0000
0.0000
0.0000
0.0000
1.9489
0.2679
0.0000
0.0000
0.0000
0.0000
1.2834
0.0000
0.0000
0.0000
0.0000
1.2543
0.2213
0.0000
0.0000
0.0000
0.0000
0.0000
0.0000
1.2976
0.0000
0.6280
0.0000
0.0000
0.0000
0.0000
0.0000
0.0000
0.5220
0.0000
0.0000
0.0000
0.0000
0.0000
0.0000
0.2507
0.0000
1.0195
0.0000
3.4243
0.0000
0.0000
0.0000
0.0000
0.0000
0.0000
0.0000
1.0225
0.4635
0.0000
0.0000
0.0000
0.3935
0.0000
0.0000
1.6462
1.1099
0.0000
0.0000
0.0000
0.3888
0.2226
0.0000
1.3176
0.0000
0.0000
0.0000
0.0000
0.5353
0.4167
0.0000
0.0000
2.0979
1.4022
2.6046
0.0000
0.0000
0.8588
0.0000
0.0000
0.0000
0.0000
1.3929
0.0000
2.2093
0.0000
0.3056
0.1562
1.3801
0.1966
1.7145
0.0000
2.4175
0.0000
0.0000
0.0000
1.3627
0.0000
1.9664
1.2170
0.0000
0.0000
0.0000
0.0000
0.0000
1.1584
0.0000
0.4887
1.7772
0.0000
0.0000
0.0000
0.5849
2.9080
1.9656
0.0000
0.0000
0.0000
0.0000
0.0000
0.5128
3.3260
0.0219
0.0000
0.0000
0.0000
0.0000
0.0000
2.0129
1.9395
2.4496
0.0000
0.0000
0.4633
0.0000
0.9700
3.2097
0.0000
0.0000
0.0000
0.6372
2.7968
2.4466
0.0000
0.0000
0.0000
0.0000
0.0752
4.3391
0.0000
0.0000
3.3664
0.0000
0.0000
0.0000
0.0000
0.4128
1.0448
1.2467
0.0000
0.0000
0.3491
2.1230
1.2554
0.0000
0.2600
0.0000
0.0000
0.0000
0.0000
3.1709
0.1419
1.3245
0.0000
0.0000
1.1215
0.0000
0.4663
0.0000
0.0000
0.0000
0.0000
4.0471
0.0000
0.0000
0.0000
0.0000
0.0000
0.0000
0.0006
0.9361
0.0000
0.0000
1.0831
0.0000
1.7817
0.0000
0.0000
1.4881
4.4051
0.0000
0.0000
0.0000
0.0000
2.0424
0.0000
0.0000
0.7483
0.0000
0.0000
1.7493
0.0000
0.9029
1.3553
0.0000
0.0000
0.5677
0.0000
0.0000
1.6946
1.6789
0.0000
0.0000
0.0000
0.0000
0.0000
0.0000
0.0000
4.9125
0.0000
1.1867
0.0000
0.0000
0.0000
0.0000
1.1792
0.0000
0.0000
0.4605
0.0000
0.0000
0.0000
0.0000
0.0000
2.2461
0.0000
2.2330
2.2089
0.0000
0.0000
0.0000
0.0000
0.0000
0.0000
0.0000
2.8739
0.0000
0.0000
0.6961
0.0000
1.6028
0.0000
0.0000
0.0000
0.0000
0.0000
1.2293
3.6923
2.2055
1.4851
0.5565
0.0000
2.0609
0.0195
0.0000
0.0000
0.0000
0.8613
0.6829
2.4660
0.0000
0.0000
0.0000
0.7312
0.0000
0.0000
0.0000
0.0000
0.0000
0.0000
0.2219
1.2395
0.0000
0.0000
0.0000
3.9117
0.0000
0.0000
0.0000
0.1058
0.7918
2.0695
0.0000
0.0000
0.0000
0.0000
0.2406
0.0000
0.7980
0.7703
2.0442
0.0000
1.0790
0.0000
0.0000
0.1805
0.0000
1.1465
0.0000
0.0000
0.0000
2.0424
0.0000
1.0728
0.0000
0.0000
0.0742
0.7359
3.4944
0.0000
0.0000
0.0000
0.0000
0.0000
0.0000
0.0000
0.3694
2.9850
0.0000
0.0000
1.1778
2.2671
0.0000
0.0000
0.0000
0.5190
1.5757
0.0000
0.0000
0.0000
0.0000
0.0000
0.7491
1.1829
0.0000
0.0000
2.6685
0.0000
2.1894
0.9538
0.0000
0.0000
0.0000
0.0000
3.4381
0.0000
1.1998
0.0000
0.0000
0.0000
1.5183
2.5932
0.0000
0.0000
0.8303
0.3910
0.0000
0.0000
2.4419
0.0000
0.0000
0.0000
1.0627
2.1473
0.0000
0.0000
0.0000
1.7183
0.0000
2.1992
0.5612
0.4535
0.6729
0.0000
0.0000
0.0000
0.0000
0.0000
1.6852
0.0000
0.0000
0.0000
0.0000
1.5528
0.0000
1.6335
0.0000
0.0000
0.0000
0.0000
0.0000
0.0000
0.0000
0.0000
0.6665
0.7579
0.0000
3.1307
0.0000
0.0000
0.0000
0.0000
0.0000
1.0401
0.4234
0.0000
0.0000
0.0000
0.0000
0.0000
1.1969
1.1804
0.9257
0.0000
0.0000
0.0000
0.0000
0.0000
0.8500
1.5507
0.5510
1.5482
0.0000
0.0000
0.0000
0.0000
0.0314
1.7982
0.0496
0.0000
0.0000
1.3495
0.0000
0.7250
0.0000
2.5398
0.0571
0.0000
0.0000
0.0285
0.0000
0.0000
2.7843
0.0000
0.0000
0.0000
0.0000
0.0000
0.0000
1.3700
0.0000
0.0000
0.0000
0.0000
1.4854
0.0000
0.0000
0.0000
0.3439
0.9654
0.0000
0.0000
0.0000
0.0000
1.8902
0.0000
0.0000
0.0000
0.0000
0.0000
3.0324
0.0000
0.0000
2.8169
0.8815
0.0000
0.0000
0.0000
0.5369
0.0000
0.5605
1.3344
0.0000
0.0000
2.7973
3.4026
0.2990
0.0000
1.6457
0.0000
0.0923
0.0000
0.0000
0.8239
0.0000
0.0000
0.0000
0.0000
1.7143
0.0000
0.0000
0.0000
0.0000
0.0000
0.0000
0.0000
0.0000
0.1119
1.1970
0.0000
0.0000
0.0000
0.0000
0.9944
0.8558
0.5045
0.0000
0.0000
0.0000
0.0000
0.0000
0.0000
0.0000
0.0000
0.0000
0.2284
0.0000
0.5190
0.0000
0.0000
0.0000
1.5290
0.0000
0.0000
0.0000
0.0000
0.0000
0.0000
0.0000
0.0000
0.0000
0.0000
0.0000
0.0000
1.9328
0.0000
0.0000
0.0000
0.0000
1.1769
2.1741
0.7624
0.0000
0.0000
0.2613
1.7059
0.0000
0.0000
0.0000
3.2848
1.3199
0.0000
0.0000
0.0000
0.0937
0.0000
0.0213
0.0000
2.6904
0.0000
0.0000
1.6525
4.1841
0.0000
1.4499
0.0000
0.0000
0.0000
0.0000
2.6168
0.1595
0.0000
0.0000
0.0000
1.9160
0.5527
0.0000
1.5558
0.0000
0.0000
0.0000
0.9716
1.4201
0.0000
0.0000
0.0000
0.0000
0.0000
3.2217
0.0000
1.6491
0.0000
0.2562
2.7998
0.0000
0.5251
0.0000
2.4438
0.3427
0.0000
0.0000
0.0000
0.0000
0.7818
0.0000
0.0000
0.0000
1.6045
0.0000
0.0000
0.0000
0.5191
0.0000
0.0000
1.5878
0.0000
0.0000
0.0000
1.8910
0.6181
1.1034
0.0000
0.7497
0.0000
0.0000
0.0000
0.0000
1.3948
2.6060
0.0000
0.0000
1.1732
0.5973
4.5395
0.0000
2.1945
0.0000
1.7231
0.0000
0.0000
0.0000
0.0000
0.0000
0.0000
0.1887
0.0000
2.7836
2.2046
2.9857
0.4042
0.0000
0.9707
0.0000
0.0000
0.0844
0.0000
0.0000
1.3193
0.0000
0.0000
2.4524
0.0000
0.0000
0.0000
1.2131
1.5376
0.0000
0.0000
0.0000
0.0000
0.5151
1.0686
0.8787
0.0373
0.0000
0.0000
1.0009
1.5407
2.2664
0.0000
0.0000
0.1805
0.0000
0.0000
0.6408
1.8543
0.0000
0.0000
0.0000
0.8594
0.3503
0.4107
0.2934
0.0000
0.0000
0.0000
0.0242
0.8616
3.0417
0.0000
0.0000
0.8451
2.6219
0.0000
0.9879
0.0000
0.0000
0.0459
0.0000
0.0000
0.0000
0.0000
0.1111
0.0000
3.1038
0.0000
0.1515
1.0814
0.0000
0.4129
0.7491
1.1775
0.0000
0.3063
0.0000
1.8223
0.7948
0.0000
0.5179
0.7866
0.0000
0.0000
0.0000
0.0000
0.0000
1.1327
1.7169
0.0283
0.0000
0.0000
0.0000
0.0000
3.7740
0.0000
1.2513
0.0000
1.2379
0.4113
0.0000
0.0000
0.0000
2.0657
0.0000
1.8171
0.0000
0.0000
2.3371
2.0913
0.0000
0.0000
1.9986
2.0902
0.0000
0.0000
0.0000
0.0000
0.0000
0.1318
0.0000
0.0000
0.0000
0.0000
0.0000
0.0000
0.5786
0.0000
0.0000
0.8839
0.0000
1.5883
0.0801
0.0000
0.0000
0.7595
0.0000
0.7994
1.5060
1.6597
0.1667
0.0000
0.0000
0.4389
0.0000
0.0000
0.0000
0.0000
0.3066
0.0000
4.3984
1.2638
0.0000
1.7032
0.3066
0.9680
1.8350
0.0000
1.7602
1.0810
0.0000
0.0000
0.0000
0.0000
0.0000
0.0000
0.0741
0.9279
1.1553
0.0000
0.0000
0.4811
0.0000
0.0000
2.9841
0.0000
1.0490
0.0000
0.0000
1.3793
0.0000
