0.8665
0.0000
0.0710
0.0231
0.3959
0.0000
0.0000
0.0000
1.5536
3.5835
0.0350
0.0000
1.6137
0.6474
0.0000
0.0000
0.0000
0.0000
0.0000
0.2401
0.0578
0.0000
1.1025
1.8544
3.4301
0.7592
0.0000
2.5636
0.0000
0.0000
0.0000
0.0000
1.5209
0.0000
2.1596
0.0000
0.0000
0.7568
0.3673
1.9573
0.0000
0.0000
0.0000
0.0000
0.0000
2.2173
0.0000
0.0000
0.0000
0.7521
0.0000
0.0026
0.0000
0.0000
0.0000
0.0000
0.0000
0.0000
0.0000
0.0000
0.0000
2.1608
0.0000
2.7072
0.0000
0.0000
1.0837
0.0000
0.0000
0.0000
0.1437
3.4635
0.7282
0.0000
0.0000
1.9020
0.0000
0.0000
0.0000
0.0000
0.1050
0.0000
0.9641
0.0000
0.0000
0.2521
0.9198
0.8552
0.3381
0.0000
0.0000
0.0000
1.0297
1.5105
0.0000
0.0000
0.0000
0.0000
1.4335
0.0000
0.0000
0.0000
0.0000
0.0000
1.3198
1.0517
2.0418
0.0000
0.8362
1.8651
0.0000
0.1665
0.0623
0.5510
0.0000
0.0000
0.9644
0.0000
0.0000
0.0000
2.3774
0.9210
3.1264
1.7470
0.0000
0.0000
0.8199
0.0250
0.9997
1.1580
0.3080
0.0000
0.0000
0.0000
2.6491
0.0000
0.6204
2.3821
0.0000
1.0678
1.6897
0.0000
0.8316
0.0000
2.3682
0.0000
0.2953
1.2908
1.3612
0.0000
0.1139
1.6403
0.4281
0.8958
0.0000
0.0000
0.0000
0.0000
0.1937
0.0000
2.2372
0.0000
0.0000
0.0000
0.0000
1.8195
0.0000
0.0000
0.0000
2.2304
0.0000
0.0000
0.0000
0.0000
0.0000
0.0000
0.0000
0.9609
0.0000
4.8428
3.2393
1.8366
0.0000
0.0000
0.0000
0.0000
0.0000
0.0000
2.7687
1.0138
0.0000
0.0000
0.5252
0.0000
0.5814
0.0000
0.0000
1.4068
3.7479
1.0501
0.0000
0.3862
0.0000
0.0000
1.0193
1.8643
0.0000
1.0079
0.0000
0.0000
0.0000
0.0000
0.0000
0.7232
0.0000
0.0000
0.0000
0.0000
0.0000
0.0410
0.0000
0.0000
0.0000
0.0000
1.9803
0.0000
0.1954
1.4441
0.0000
0.0000
0.0000
1.1063
0.0000
0.0000
1.0378
0.0000
1.2949
0.0000
2.8277
0.0000
0.0000
0.0000
0.0000
0.0000
0.0000
0.0000
0.0000
0.0000
0.4806
0.0000
0.0000
0.0000
0.0000
0.0307
0.0000
0.0000
0.0000
0.0000
1.6803
0.0000
0.0000
1.4016
0.0000
0.0000
0.1127
0.0000
1.0587
0.0000
0.0000
2.0878
2.3004
0.0935
0.0000
0.4056
0.8666
0.0000
0.0000
0.0000
1.9154
0.0000
2.3086
0.0000
0.0600
1.1880
0.0000
0.0000
0.0000
0.0000
0.0000
0.0000
0.0000
0.0000
0.0000
0.0000
3.0504
0.0000
0.5015
0.0493
0.0000
2.3253
0.0000
0.0000
0.0000
0.0000
0.1853
0.0000
0.0000
0.0000
0.0000
0.0000
0.0000
0.0344
0.0000
0.1448
2.4651
0.0000
0.0000
0.0000
0.0000
0.7872
0.0000
0.2947
0.0000
0.6866
0.0000
1.1960
0.4246
0.0000
0.4497
0.5658
0.0000
0.0000
0.0000
0.0000
0.0000
1.8828
1.8730
0.0000
0.0000
3.0391
0.0000
0.0000
0.0000
0.0000
0.0000
5.0994
0.0000
0.0000
0.0000
0.0000
0.0000
2.3461
0.0000
0.0000
2.6233
2.4293
0.0000
0.0000
2.4735
0.0000
0.0000
0.0000
0.0000
0.0000
0.0000
0.0000
0.2332
0.4945
0.0000
0.8713
0.0000
0.1260
0.0000
0.0000
0.9779
0.0000
0.0000
2.3464
0.0000
0.0000
2.7383
0.0000
2.0790
0.0000
0.0000
0.0000
0.3859
0.0000
0.0000
0.0000
4.7299
0.0000
0.0000
0.2009
1.2871
1.6359
0.0000
0.0000
0.0000
0.9682
0.2324
0.0000
0.0000
0.1463
0.0000
0.7935
0.0000
0.0000
1.2374
0.0000
0.0000
0.0000
0.0000
0.2061
0.5611
0.0000
0.0000
0.0000
1.4390
0.0000
0.8558
0.0000
0.8131
0.0000
0.9631
0.0000
0.0000
1.6810
0.0000
0.0000
0.0000
0.0000
0.0000
0.3605
0.0000
0.0000
0.9526
0.0000
2.5053
0.0000
0.9446
0.9608
0.0000
0.0000
3.5123
0.0000
1.8937
0.0000
1.3141
3.0894
0.0000
0.0000
0.0000
0.1998
0.0000
0.7631
0.0000
0.7727
0.0000
0.0000
0.0000
0.0000
1.9653
0.0000
1.1607
0.0000
0.0000
0.1863
0.0000
0.0000
0.0000
0.6611
0.0000
0.6911
0.0000
1.1170
1.1106
0.0000
0.1764
0.0000
0.0000
0.0000
0.0000
0.6376
0.9720
0.0000
1.8696
0.7127
0.0000
0.8397
0.0000
0.0000
0.0000
0.0000
1.2895
0.2932
0.0000
0.0000
0.6571
0.0000
0.0000
0.0000
3.1285
0.0000
0.0000
0.0000
0.0000
0.0000
0.0884
0.0000
0.6714
2.3525
0.0000
2.6699
0.0000
0.4165
0.0000
0.0323
4.4242
0.0000
1.8637
2.5922
0.0000
1.0351
0.0000
0.0000
0.8256
0.0000
0.0000
0.0000
0.2064
0.4862
0.0000
0.0000
0.0000
3.9118
0.0000
0.0000
1.6556
0.0000
0.0000
0.0000
0.0000
0.0000
0.0854
0.0000
0.0000
1.0593
0.0000
0.0000
0.0000
0.0383
0.0000
0.0000
0.0000
0.0000
0.0702
0.0000
1.4982
0.0000
0.7463
0.4503
0.0000
0.0000
0.0000
2.3567
0.0000
0.0000
0.0000
0.0000
0.0000
0.0000
0.0000
0.0000
0.6615
0.0000
0.0000
0.0000
0.0000
1.4647
0.0000
0.0000
0.0000
0.0000
0.0000
0.0000
0.0000
1.7714
2.6694
0.0000
0.2969
0.0000
0.0000
1.1303
0.0000
0.0000
0.0000
0.0000
1.8311
2.0315
0.0000
1.2775
0.0000
0.5562
0.0709
0.9796
1.8590
0.0000
0.4350
0.0023
0.0669
0.0000
0.0000
4.9979
0.3939
0.8564
0.1691
0.0000
0.0000
0.0000
0.8333
0.0000
0.3252
0.8282
0.0000
1.7469
0.0000
0.0000
0.0000
0.0000
0.0000
0.0000
0.0000
1.0095
0.0753
2.0727
0.0000
1.8770
0.0000
0.0000
0.5398
0.0000
0.0000
0.0000
2.6765
0.0000
0.0000
0.0000
0.0000
0.0000
0.2712
0.0000
1.9754
0.0000
0.0000
0.0000
0.0000
0.2975
0.0000
0.3929
0.0000
0.7824
0.2395
0.0000
0.0000
0.0000
0.0000
0.0000
0.0000
0.0000
0.9901
0.0000
0.0000
0.0000
0.0000
0.0000
0.0000
0.0000
0.0000
0.0000
0.0000
0.0916
0.0000
0.0000
0.0000
2.0805
0.0000
0.7665
0.0000
2.5314
0.7447
0.0000
2.8591
0.0000
0.9024
0.0000
0.0000
0.0000
0.3675
0.6728
2.7768
0.0000
2.2817
0.0000
0.0000
0.0000
0.0000
0.0000
1.4474
0.0000
0.0000
3.6287
0.0000
0.0000
0.0000
0.0000
0.0000
0.0000
0.0000
0.0000
0.0000
0.0000
0.1565
1.4209
0.3394
0.0000
0.6618
0.0000
0.0000
0.3018
0.0000
0.0000
0.7108
0.0000
0.0000
0.0000
0.0000
2.0305
0.9038
3.0146
3.3948
0.0000
0.0000
1.5329
0.0000
0.0000
0.0000
0.0000
1.6784
0.0000
0.0000
0.4921
0.0000
0.0000
0.0000
0.0000
0.0268
0.0000
0.0000
0.0000
0.0000
0.0000
3.6241
0.0000
0.0000
1.1904
0.0000
0.0000
0.0000
0.0000
0.1055
0.0000
0.0000
0.0000
0.0509
0.0000
0.4947
0.0000
0.0000
2.5394
0.0000
1.0865
0.0000
0.0000
0.0000
0.0000
0.1249
1.3105
0.0000
0.0000
0.0000
0.0000
2.3161
1.1617
0.0000
0.0000
0.0000
0.0000
0.8578
0.0000
0.0000
1.5968
3.6895
0.0000
0.0000
0.0000
0.0000
0.0000
0.0000
0.0000
0.0000
0.0000
0.0000
1.3867
0.0000
0.0000
0.1036
0.0000
0.5463
2.5682
3.2319
0.0000
0.7914
0.0000
0.0000
0.0000
0.0000
0.0000
0.7704
0.0000
0.8548
0.0000
0.0000
0.0000
0.0000
0.1951
1.6119
0.8062
0.0000
0.0000
0.0212
0.0000
0.0000
0.0000
0.0000
0.0000
0.0000
0.0000
0.9378
0.0000
0.0000
0.0000
0.0000
0.3032
0.0000
0.0000
0.0000
0.0000
0.0000
0.0000
0.0000
0.0000
0.0000
4.2944
0.1921
0.2860
0.8055
0.0000
0.0000
0.0000
0.0000
0.0000
1.3082
0.1256
0.0000
0.0136
0.0000
2.0184
0.0000
0.0000
0.0000
0.0000
0.4658
0.0000
0.0000
0.0000
0.0000
0.0000
0.0000
0.0000
0.0000
0.0000
0.9638
0.0000
0.0000
0.0000
0.0000
0.6312
1.5899
0.0000
0.0000
0.0000
0.4182
0.0000
0.0000
0.0000
0.0000
0.0000
0.0000
0.6622
0.0000
0.0000
1.5971
0.0000
0.0000
0.0000
0.0000
0.0000
0.0000
0.0000
0.0000
0.0000
1.0991
0.0000
0.0000
3.9987
0.0951
0.0000
0.0000
0.0000
0.0000
0.0000
0.0000
0.0000
0.0000
0.6315
0.0000
0.7345
0.0000
0.0622
0.4158
0.0000
0.1030
0.0000
0.4432
2.6103
0.0000
0.0000
0.0000
3.4113
0.5523
0.5962
0.0000
0.0000
0.0000
0.0000
0.7786
0.0000
0.0000
0.3423
0.0000
0.5405
0.0000
0.2732
0.0000
0.0000
0.0000
2.7691
1.0010
0.0000
1.5186
0.0000
0.0000
0.0000
0.0000
0.0000
2.2744
0.8409
0.9529
0.0000
0.0000
1.4789
0.0000
0.0000
1.1277
1.3194
0.5750
0.0000
0.0000
0.0960
0.1513
0.0000
0.0000
0.0000
0.0000
0.0000
0.0000
0.0000
1.2453
4.6163
2.2071
0.0000
0.0000
0.0000
0.0000
2.5654
0.0000
0.0000
0.0000
1.5837
0.0000
1.7648
0.0000
4.1320
0.0000
0.0000
0.7804
2.2056
0.0000
0.9529
0.0000
1.3367
0.9701
0.0000
0.0000
1.1365
0.6718
0.0833
0.0000
2.5260
0.2380
0.0000
4.4911
0.9752
1.6371
0.0000
0.0000
0.0000
1.1553
0.0000
0.5455
0.0000
0.0000
0.0000
0.0000
0.0000
1.2216
0.0000
0.0000
0.0000
1.5885
0.0000
0.0000
0.0000
0.0000
0.0000
0.0000
0.0000
0.0000
0.0000
0.7173
0.0000
2.4954
0.0000
0.0000
1.3511
0.1565
0.0000
0.0000
0.0000
2.2211
0.0000
0.0000
0.0000
0.0000
0.0000
2.6607
0.0000
0.0000
1.7564
0.0000
0.0000
0.0000
0.8634
0.0000
0.9914
0.0000
1.6238
0.0000
0.0000
0.2420
0.0000
0.0000
0.0000
0.1650
0.0000
0.0000
0.2594
0.0000
1.1471
0.0000
0.0000
0.1381
0.1790
1.9822
0.0000
0.0000
0.0000
0.0000
0.4840
0.0000
0.0000
0.7406
0.0000
0.0000
0.0000
0.4953
0.6822
0.0000
0.2593
0.0000
0.1065
0.0000
0.0000
1.7373
0.5548
0.4757
0.0000
0.0000
0.0000
0.0000
0.0000
0.0000
0.2314
0.0000
0.0000
0.0000
0.0000
0.0000
0.0000
1.0018
0.0000
0.0000
0.4785
0.1823
0.0000
3.6784
0.0000
0.0000
0.0000
0.0000
0.0000
0.7599
0.0000
0.0000
0.0000
0.3362
0.0000
0.1723
0.0000
0.0000
0.0000
0.0000
0.0000
0.0000
0.0000
2.2516
0.0000
0.8251
0.1357
3.9950
0.0000
0.0000
2.6870
2.0440
0.8202
0.0000
0.6325
0.0000
0.0000
0.0000
1.4941
0.3086
0.0000
0.0000
0.0000
0.0000
0.0000
1.6449
0.0000
2.7464
0.0000
0.0000
0.0000
0.0000
0.0000
0.0000
0.0000
0.0000
0.3997
0.9850
0.8484
0.0000
0.0000
1.1282
0.0000
2.2798
0.0000
0.0000
0.0000
1.9166
0.0000
1.0521
0.0108
1.8514
0.0000
0.0000
0.0000
0.3686
0.0000
0.0000
0.0000
0.0000
3.6647
0.0000
0.5545
0.0000
0.0000
0.0000
0.0000
0.0000
0.0000
0.9828
0.0000
0.0000
0.0000
1.8052
0.0000
0.1244
0.0000
0.0000
0.0000
0.0000
0.0000
0.0000
1.6404
0.0000
0.0000
3.5671
0.0000
0.0000
0.0000
3.3519
0.0000
0.9622
0.0000
0.0000
2.5941
0.0000
0.0000
0.0000
0.0000
0.0000
0.0000
0.0558
0.0000
0.0000
0.0000
0.0000
0.0000
0.0000
0.0000
2.2119
0.2926
0.7025
0.0000
0.2608
0.0000
0.0000
0.4815
0.0000
0.0000
0.0000
0.0000
0.0000
0.0522
0.3742
0.0000
0.0000
1.9078
0.0000
0.1997
0.8163
0.0000
0.0000
0.0839
0.0000
0.0000
0.7947
0.0000
0.9089
0.0000
3.3296
0.0000
0.0000
1.9879
0.0000
0.0000
0.0000
0.0000
0.0000
0.0000
0.2316
0.0000
0.1325
1.4759
0.0000
0.0000
0.6245
0.6366
0.0000
0.0000
0.0000
0.0000
0.0000
0.0000
0.0000
0.3070
0.0640
0.0000
0.0000
0.0000
0.0000
0.0200
0.4920
0.3161
0.0000
2.2064
0.0000
0.0000
0.0000
0.0000
0.0000
0.0000
0.5221
0.0000
0.0000
0.0000
0.0000
0.0000
0.0000
0.3579
0.0000
0.0656
0.4522
0.0000
0.0000
1.7582
0.0000
0.0000
0.0000
0.0000
0.2939
0.0000
0.0000
0.0000
0.0770
0.0000
2.0800
1.0808
0.0000
1.9496
0.0000
0.0000
0.0000
0.0000
0.0000
1.5806
0.5654
0.0000
0.0000
0.0000
0.0841
1.7536
0.0000
0.0000
0.0000
0.0000
0.0000
0.0000
0.8962
0.0000
2.8539
0.0000
0.0000
0.5449
0.8144
2.1800
1.7908
4.1183
0.0000
0.3244
0.0000
0.0000
0.3134
0.0000
0.6921
1.2067
0.0000
0.0000
0.0449
0.0000
0.9581
0.0000
0.0000
0.0000
0.0000
2.2026
0.0000
3.4376
0.0000
0.0134
0.0000
0.0000
1.2889
1.0905
0.0000
1.8562
0.0000
0.0000
0.6393
0.0000
0.0000
0.0000
0.0000
1.3832
0.0000
0.0000
0.1433
0.0000
0.0000
0.0000
0.0000
0.0000
0.0000
0.0000
0.0563
0.0000
0.0000
2.6832
0.0000
0.0000
0.0000
0.0000
0.0000
0.1722
0.0000
0.0000
0.0000
0.0000
1.8890
0.0000
2.5575
3.3969
0.0000
0.0000
0.0000
0.5986
0.0000
0.0000
0.0000
0.0000
0.0000
0.0000
0.0000
0.0000
1.7188
0.0000
0.0000
0.2039
0.0000
0.0000
0.0000
0.0000
0.0000
1.2849
2.6337
2.7303
0.0000
0.8082
0.0000
0.1339
0.0000
1.6804
0.0000
0.5804
0.0000
0.0000
0.0000
0.0000
0.0000
0.0000
1.1108
1.1038
0.0000
0.0000
0.0000
0.0000
0.0000
0.5218
0.0000
0.0000
1.9431
0.2134
1.2198
0.0000
0.2769
0.0000
0.0000
1.8965
3.2031
2.2143
0.0000
0.0000
0.0000
1.3627
0.0000
0.0000
1.5183
0.3679
0.0000
0.6352
0.0000
0.0000
0.0000
0.0000
0.0000
1.6162
1.3054
1.1008
0.1662
0.0000
0.0000
0.0000
0.0000
0.0000
0.0000
0.7253
0.0000
0.0000
0.1068
2.6499
0.5845
0.0000
0.0000
0.0000
0.0000
0.0000
0.0000
0.0000
0.6730
2.0233
0.0000
0.0000
0.0000
0.0000
0.0000
1.2816
1.9565
0.6976
0.0000
0.0000
0.0000
0.2304
0.0000
3.5576
0.2869
0.0000
0.0000
0.2150
0.0000
0.0000
0.0000
0.1330
0.0000
0.0000
0.3042
0.0000
0.0000
0.0000
0.0000
0.0000
0.0000
0.1771
3.6725
0.9083
0.0000
0.0000
0.0000
1.4915
0.0000
0.2842
0.1530
1.1107
0.4101
1.7856
0.0000
0.0000
1.0969
0.0000
0.0000
0.0000
0.0000
0.0000
0.0000
1.3782
1.0266
0.0000
0.0000
0.9757
1.0829
0.0000
2.6332
0.0000
0.0000
0.0000
0.0000
0.6360
0.0000
0.0000
0.0000
3.4927
2.3651
0.0000
0.9504
1.1895
0.0000
0.0000
0.0000
0.0000
0.0000
0.0000
1.4021
0.0000
0.0000
0.4780
2.3966
0.0000
0.0000
0.0431
0.0000
0.6032
0.0000
0.0000
0.0000
0.0000
0.7757
1.8856
1.2380
1.4359
2.2766
0.0000
0.0000
0.0000
0.0000
1.3874
0.4491
0.0000
0.0000
0.0000
0.0000
0.5692
0.1051
0.0000
0.0000
0.0000
2.4545
0.0000
0.0000
0.0000
0.0000
0.0000
0.0000
0.0000
0.1141
0.3457
0.0746
0.0000
0.0543
0.0000
0.0000
0.0000
0.0000
0.0000
0.0000
0.0000
0.0000
0.0000
0.0000
0.0000
0.0000
0.0000
0.0000
1.9353
0.0000
1.0426
0.0000
0.0000
0.0000
1.6542
0.0000
0.0000
0.0000
0.1336
0.0000
2.7692
0.8763
3.5051
0.0000
0.0000
0.0000
2.0096
0.2838
0.0000
0.0000
0.3347
0.0000
0.0000
0.0000
0.0000
0.0000
0.0000
0.0000
0.0000
0.0000
0.9870
0.0000
1.4724
0.2196
1.2318
0.0000
0.0000
0.6760
0.0000
0.0000
0.0663
1.1479
1.0380
1.1133
0.0000
0.0000
1.0401
0.8652
0.0000
2.0117
0.9007
0.0000
0.0000
0.0000
0.0000
1.8921
0.0000
0.0000
0.2717
0.0000
1.0693
0.8796
0.0000
0.0000
0.0000
0.0000
0.0000
0.6222
0.7299
1.8814
0.0000
0.0000
3.0275
1.0977
1.8640
0.0000
0.0000
0.0000
0.0000
0.0000
0.0000
0.0000
0.0000
0.0000
0.0000
2.9684
0.0000
0.0000
0.0000
1.8181
1.8429
0.0000
0.0000
0.0000
0.0000
0.0000
1.8511
0.0000
0.0536
0.9247
0.0000
0.0000
4.0401
0.0000
0.7520
0.1205
0.0000
0.4996
0.0000
0.0000
0.3237
0.0000
1.7712
0.0000
0.0000
0.0000
2.0933
0.0000
0.0000
0.0000
0.0000
1.6853
0.0000
1.6926
2.7661
0.4973
0.0000
0.0000
0.0000
0.0000
0.0000
0.0000
0.0000
0.0000
0.0000
0.0000
0.0000
0.0000
0.0000
0.3098
0.0000
0.0000
0.0000
0.0000
0.0000
0.7794
0.0000
1.7353
0.7183
0.0000
1.4117
0.0000
0.0000
0.0000
0.0000
0.0000
0.0000
0.1336
0.0000
0.0000
1.6330
0.0000
0.4884
0.0000
0.0000
0.0000
0.0000
0.0000
0.0000
0.0000
0.0000
0.5529
0.0000
2.2633
0.0000
1.3749
0.0000
0.4851
0.0000
0.0000
0.0000
0.2889
0.0000
0.0000
0.0000
1.9828
1.2040
0.0000
0.0000
0.0000
0.0000
0.0000
2.6083
0.0000
0.0000
0.0000
0.0000
2.4125
0.0000
0.4827
1.5485
0.0000
0.4166
0.0000
2.4135
0.0309
0.0000
0.0000
0.0000
0.0000
0.8566
0.0000
0.0000
0.3643
0.0000
1.8745
0.7430
0.0000
2.9123
0.5001
0.7294
1.1055
0.0000
3.0247
1.1164
0.0000
0.7225
0.0000
0.0000
0.0000
0.0000
0.3102
0.0000
0.0612
0.0000
0.0000
1.1610
0.0000
0.0000
0.0000
0.0000
0.0000
0.0000
0.0000
1.0140
0.0000
0.0000
2.4212
3.0446
0.0000
0.0000
0.0000
0.0000
0.0000
0.0000
0.0000
0.0000
4.2364
0.0629
0.0000
2.3710
3.4328
0.0000
0.0000
1.0786
1.5352
0.9087
0.0000
0.1394
2.0268
0.0000
0.0000
0.0000
0.0000
0.1881
0.7491
0.0000
0.0000
0.0000
0.0000
1.2051
0.0000
1.8744
0.0000
0.0000
0.0000
0.0000
0.1826
0.0000
0.0000
0.0000
0.2239
0.7411
0.1372
0.0000
0.0000
0.0000
0.0000
1.7899
2.1806
0.0000
0.0000
0.0000
0.0000
1.7492
1.9404
0.4710
0.0000
0.0000
0.0000
0.0000
1.3843
0.1228
0.4642
0.0000
0.0000
1.1921
0.0000
0.0000
0.0000
0.0000
0.0000
0.0000
0.0000
0.0626
0.0000
0.0000
1.6735
1.1623
0.0000
1.5267
0.0000
0.0000
0.0000
0.8979
0.1868
1.0057
0.0000
0.0000
0.0000
1.4013
0.0000
0.0000
0.0000
0.8024
0.0000
0.0000
0.0767
0.0000
0.0000
0.0000
0.0000
0.0000
0.0000
0.0000
3.0132
0.0000
1.2363
0.0000
0.0000
0.0000
0.0000
0.0000
0.8293
0.0000
0.0000
0.0000
0.0000
0.0000
0.0000
0.0000
0.0000
0.0000
0.0000
0.5061
0.0000
2.2995
0.0000
0.0000
0.0000
0.0000
2.4486
0.0000
0.0000
0.0000
0.0000
1.9535
0.0000
0.0000
0.0000
0.0000
1.7932
0.3251
0.0000
1.9332
1.0397
1.8251
0.0000
0.0000
0.0000
0.0000
0.1518
0.0151
0.0000
0.0195
0.0000
2.7513
0.0000
4.1860
0.0000
1.8626
0.0000
0.0000
0.0000
0.6870
0.0000
0.3533
0.8324
0.0000
2.8942
0.0000
0.2317
0.0000
0.8600
0.3119
0.0000
0.0000
0.0000
0.0000
0.0000
0.0000
0.0000
0.0000
0.0000
0.0000
0.0000
0.0000
0.0000
1.2239
1.3076
2.3581
2.1798
0.2278
0.0000
0.1606
0.0000
0.0000
0.0000
0.0000
0.0000
2.8141
2.2087
0.8888
0.0000
0.0000
0.0000
0.3752
0.9863
0.0000
0.0000
0.0000
0.0000
0.0000
0.0000
0.0000
0.0000
0.0000
0.0000
0.0000
0.8530
0.0000
0.0000
1.6587
0.5054
0.7765
0.9106
0.0000
3.3659
0.0000
1.3012
0.4938
0.0000
0.0000
1.7522
0.5174
0.0000
0.0000
0.0000
0.0000
0.0000
0.2516
0.0000
0.0000
0.0000
0.0000
0.0000
0.0000
0.0000
0.6162
0.0000
0.0000
0.6557
0.1316
1.8236
0.0000
0.8953
0.0000
2.6840
0.0000
0.0000
0.0000
0.1263
0.0000
0.0000
1.8464
0.0000
0.0000
0.0000
1.2228
0.9592
0.0000
1.9427
0.0000
1.7262
5.2786
0.0000
0.4140
0.0000
0.4351
1.5532
0.4965
0.5347
0.0000
0.2459
0.0000
0.0000
0.0000
0.0000
0.0000
0.0000
0.0000
0.7425
0.0000
1.3051
0.0000
0.0000
0.0000
0.0000
0.0000
0.0000
0.0000
0.0000
0.0000
0.2160
0.0000
0.0000
0.0000
0.0000
0.0000
1.4073
0.0000
0.0000
3.0157
0.0000
0.0000
1.7035
0.1193
3.2999
0.3677
0.0000
0.5725
0.0000
0.0000
0.0000
1.6971
0.0000
0.0000
0.5378
1.1770
0.0000
0.9742
0.0000
0.0000
0.0000
3.4466
0.8366
0.0000
0.0000
0.0000
0.0000
0.0000
0.0000
0.0000
0.0000
0.0797
0.0000
0.0000
1.3028
0.0000
0.0000
0.0000
2.2653
0.0000
0.0000
0.0000
0.6000
0.0000
0.0000
0.0000
1.1513
2.6723
0.0000
0.0000
0.5643
0.0000
1.7739
4.1912
0.0000
0.0000
0.4784
0.0000
0.0000
0.0000
0.0000
0.0000
0.0000
0.0000
0.0000
0.0000
0.0000
0.0000
0.0000
0.0000
0.0000
1.1437
0.0000
0.0000
1.3269
0.0000
0.0000
0.0000
0.0000
0.0000
2.0697
0.0000
0.0000
1.9553
0.0000
0.0000
2.7190
0.0000
0.0000
0.0000
3.2347
0.0000
0.0000
0.0000
1.2938
0.0000
0.0000
1.1744
0.0000
0.0000
0.0000
0.0000
0.0000
0.9325
0.1792
0.0000
2.1905
0.0000
0.9270
0.0000
0.0000
1.4249
0.0000
0.0000
0.0000
0.0000
0.0000
0.0000
0.9100
0.0000
1.2124
0.0000
0.0000
0.4994
1.8382
0.0000
0.0000
0.0181
0.0000
2.1771
0.0000
0.0000
0.1342
0.0000
0.0000
0.0000
0.0000
4.4784
0.0000
1.0720
4.0309
0.0000
0.0000
0.0000
0.0000
0.8867
0.0000
0.0000
0.0000
0.0000
0.0000
0.0000
0.0000
0.4729
0.0000
0.0000
0.0000
0.0000
0.0000
0.2629
0.3836
0.0000
0.0000
0.0000
0.0000
0.0000
0.1027
0.0000
0.0000
1.2807
0.0000
1.1259
0.0000
0.2402
0.0000
0.7938
2.9608
1.4262
0.0000
0.0000
0.3654
0.3944
0.0000
0.0000
0.0000
1.0021
0.0000
0.0000
3.3414
2.7119
0.0000
0.0000
0.0000
5.2710
1.1552
0.0000
0.0000
0.8312
0.0000
0.0000
0.0000
0.0000
2.1774
0.4972
0.4463
0.3662
0.0000
0.0000
0.0000
0.0000
0.0000
0.4086
0.9459
0.0000
0.0000
0.4636
0.0000
1.0655
0.0000
0.0000
0.0000
0.0000
1.9177
0.0000
0.0000
0.0000
0.1532
0.0000
1.9269
0.0000
0.5589
1.2826
0.0000
0.4420
0.2056
0.0000
0.0000
0.0000
0.0000
0.0000
0.0000
0.0000
0.0000
0.0000
0.0000
0.4870
0.0000
0.0000
0.0000
0.8985
0.0000
0.0000
0.0000
0.0000
0.0000
0.0901
0.0000
0.0000
0.0000
0.0000
0.0000
0.0088
0.0626
1.8814
1.0296
0.0000
0.0000
0.0000
0.0000
0.0000
0.0000
0.0000
0.0000
1.1583
0.0000
0.0000
0.0000
0.0000
0.0000
0.0000
0.0000
2.1923
0.0000
0.0000
0.0000
0.0000
0.0000
0.4452
0.0000
0.1637
0.4340
3.3869
0.0000
0.0000
0.1754
0.0000
2.5559
0.0000
0.0000
3.7149
0.0000
0.0000
0.0000
0.0000
1.0175
1.1964
0.0000
3.6001
1.8206
0.0000
0.0000
0.0000
2.4202
0.0000
3.6099
0.0000
0.0000
0.0000
0.0000
0.0000
3.0579
0.0000
0.0000
1.8254
0.0000
0.0000
0.0000
0.0000
0.1311
0.0000
0.0000
0.0000
0.0000
0.0000
1.0167
0.0000
1.4579
0.0000
0.0000
0.0000
0.0000
0.0000
0.0000
0.0000
2.0949
1.3140
1.6889
0.8143
0.0586
1.6402
2.0305
0.0000
0.0000
0.0000
0.0000
0.8329
2.3539
0.0000
0.0000
1.3537
0.0000
0.0000
0.0000
0.0000
0.0000
2.0743
0.0000
1.6206
0.0000
0.0000
0.0000
1.1847
0.0000
0.4052
0.1882
0.0000
0.0000
0.8772
0.0000
1.8857
0.0000
0.0424
0.7281
0.0000
0.0000
0.0000
0.0000
0.2614
2.9670
0.0000
0.0000
0.0000
0.0000
1.0028
0.0000
0.0000
0.0000
0.0000
0.4921
0.0000
0.0000
0.0000
0.0000
0.0000
0.0000
2.3029
0.0000
0.0000
0.0000
0.0000
0.0000
0.0000
0.0000
0.0000
0.0000
0.0000
0.0000
0.0000
0.0000
0.0000
0.0000
0.0000
0.5068
0.0000
0.5087
1.1474
0.0000
3.6902
0.0000
1.8887
0.0000
0.0000
0.7657
0.0000
0.3311
0.0000
0.3969
0.2639
0.0000
2.0640
0.0000
0.0000
1.0576
0.0000
0.0000
0.0000
0.8943
0.0000
0.0000
0.0000
0.0000
0.0000
0.8595
0.0000
0.0000
0.0000
1.2071
0.0000
3.2916
0.0000
0.0000
0.0000
1.3012
0.0000
1.3127
0.0000
1.3662
0.0000
0.2585
0.0000
0.0000
1.5324
0.0000
1.5280
0.0000
0.0000
0.0000
1.0381
1.0524
0.0000
0.0000
0.9235
0.6650
0.0000
0.0000
0.0000
0.0000
0.0000
0.0000
0.0600
0.0000
0.0000
0.0000
0.8886
1.1989
1.3194
0.0000
0.0000
0.0000
0.0000
0.1719
0.4732
0.0000
0.7975
0.3961
1.3442
2.1607
0.0000
0.0000
0.0741
0.0000
0.0319
0.5333
0.0000
0.0000
0.5045
0.8396
0.0000
0.0000
1.9131
1.2421
0.0000
0.0000
0.0000
0.0000
2.5745
0.0000
0.0000
0.0000
0.0000
0.0000
0.0000
0.0000
0.0000
0.0000
0.0000
0.0000
0.4054
1.4276
1.1837
0.0000
0.0000
1.7822
0.0000
0.0000
0.1877
0.0000
0.0000
0.0000
0.0000
5.2421
2.3167
0.0000
0.0000
1.2773
0.0000
0.7160
0.4332
0.2929
1.3982
0.0000
0.6832
3.7163
0.0458
0.0000
0.0002
0.0000
0.0000
0.0000
0.4039
2.0013
0.0000
0.0000
4.4245
0.0000
1.2146
0.0000
0.0000
0.2961
0.0000
0.0000
0.0000
0.0000
0.0000
0.4198
0.0000
0.0000
0.0999
0.3676
0.4711
0.0000
0.0000
0.0000
0.2891
0.1042
0.0000
0.0000
1.1145
1.0375
1.7622
0.0000
1.0470
0.0000
0.0000
0.0000
0.0000
1.2455
0.0000
0.0107
0.0000
0.0000
0.0000
0.8796
0.0000
0.0000
0.1914
0.0000
0.0000
0.0000
0.0000
0.0000
0.0000
0.0000
2.9554
0.0000
1.5446
0.0702
0.0000
4.0359
0.0000
0.0000
0.0000
0.0000
0.1785
0.0000
0.0000
1.7792
0.0000
0.0000
0.0000
1.9269
1.0655
1.7301
0.0000
0.4657
0.0000
1.9045
0.0000
0.0000
0.0000
0.0000
0.0000
0.0000
0.0000
0.0000
0.0000
0.0000
0.0000
0.0000
0.7619
0.3995
0.0000
0.0000
0.0000
0.0000
2.2839
1.2707
0.0000
0.0000
1.9043
0.3461
0.0000
4.6073
0.0000
0.2287
3.2602
1.9309
0.0000
0.6057
1.1347
0.0000
0.0000
0.0000
0.0000
0.0000
0.0000
0.0000
0.0000
0.0000
0.0000
1.6978
0.2088
0.4933
0.0000
2.1002
0.0000
0.0000
1.6357
1.1002
1.0922
0.0000
0.3911
0.0000
0.0000
0.5312
2.8742
0.0000
0.3333
0.0000
0.0000
1.3294
0.0318
0.0000
1.8179
0.0000
0.0000
3.4123
0.0000
0.0000
0.0000
0.0000
0.0000
0.0000
0.0000
0.0000
0.0000
0.5980
0.0000
0.0000
1.6949
0.0000
0.4023
1.3466
0.6679
0.0000
0.0000
0.3539
0.0000
0.0000
1.8522
0.0000
0.0000
0.0000
0.0000
0.0000
3.2968
0.4736
0.0000
0.0000
0.1870
0.0000
0.0518
0.1080
0.9211
0.0000
0.0000
0.0000
0.6099
0.0000
0.0000
0.0000
0.5791
0.0000
0.0000
2.9959
0.0000
0.0000
0.0000
0.0000
0.0000
0.0000
0.0000
1.7544
0.0000
0.0000
0.4948
0.0000
0.2690
1.9436
0.8975
0.0000
0.0000
0.0000
0.2653
0.0000
0.0000
0.0000
1.3271
0.0000
0.0000
0.5641
0.0000
0.3492
0.0000
0.0000
1.1436
0.0000
0.8679
0.0000
0.0465
0.0000
0.0000
0.4423
1.5357
0.0000
0.0000
1.1596
0.0000
0.8361
0.0000
4.3931
0.0398
0.8542
0.6771
2.2831
0.0000
0.0000
0.0000
0.0000
0.0000
0.0000
0.0000
0.0000
0.5993
0.0000
0.0000
0.0000
0.0000
0.0000
0.0000
0.0000
0.0000
0.0000
0.6036
0.0000
0.0000
0.0000
2.3873
0.0000
0.0000
0.0000
0.9707
0.0000
0.6316
0.0000
0.9037
0.7596
0.0000
0.0000
0.0000
0.1744
0.6169
0.0000
0.0000
0.0000
0.0000
0.0000
0.0000
0.0000
0.0000
0.0000
0.0000
0.0000
0.2259
0.4743
0.7114
0.0000
0.0000
0.0000
0.0000
0.9052
0.0000
0.0000
0.0000
0.0000
0.0000
1.2274
0.0000
0.0000
0.0000
0.0000
1.9198
0.2242
0.0000
1.1766
0.0000
0.0000
0.0000
0.0000
0.0000
0.0000
0.5682
1.4149
0.0000
0.0000
0.0000
1.4157
1.1157
0.0000
0.8091
0.2650
0.0000
0.0000
2.7969
0.0000
0.6551
0.0000
0.0000
0.0000
0.0000
0.0000
0.0000
2.0733
0.0000
0.0000
0.0000
0.0000
0.4379
0.0000
0.0000
0.4438
0.0000
0.0000
0.0000
0.0000
0.7598
0.0000
0.0000
0.0000
1.9349
0.0000
0.0000
0.0000
0.0000
1.5400
0.5051
0.0000
0.0000
0.0000
0.9093
0.1262
1.9119
0.0000
0.3354
0.7030
1.7043
0.0000
1.3793
1.1618
0.0000
0.0000
0.0000
0.0000
1.8057
1.5530
0.0000
0.0000
0.0000
0.0000
0.7800
0.0000
0.0000
0.0000
0.0613
0.0000
0.0000
0.0000
0.0000
0.0000
2.4389
0.0000
0.0000
0.0000
0.4397
0.0000
0.5880
2.2446
0.0000
0.0000
0.0000
0.0000
0.0000
0.0000
0.0000
0.0000
0.0000
0.0000
0.0000
3.0228
0.0000
0.3830
0.0000
0.0000
0.0000
0.0000
0.0000
0.0000
0.0000
0.0000
0.0000
0.0000
0.0000
0.8584
0.0000
0.0000
0.4754
0.0000
0.0000
1.7497
0.0000
0.0000
0.0000
0.0000
0.0000
0.3213
0.0000
0.0000
0.0000
0.0000
0.0000
0.0000
0.0000
0.0000
0.0768
0.0000
0.0000
0.2026
1.3807
0.0000
0.6647
0.1175
0.0000
0.4166
0.0000
0.0000
0.0000
0.0000
0.0000
1.0247
0.0000
0.0000
1.9388
1.7911
0.5738
0.0000
0.0000
0.0000
1.0970
0.0000
0.0000
0.0000
1.3304
0.0000
1.7574
0.0000
0.0000
0.0000
0.0000
0.5803
1.4716
0.2892
2.3644
2.3181
0.0000
0.0000
1.4474
0.0000
1.1656
0.0000
0.1908
0.0000
0.1061
0.0000
0.0000
1.8680
0.0000
2.0791
2.4798
1.3867
0.0000
1.2194
0.0000
2.4854
0.0000
0.0000
0.0000
0.0000
0.0000
0.0000
1.1300
3.3940
0.0000
0.0000
0.0000
0.0000
0.0000
1.4849
1.3637
0.6287
0.9493
0.0000
0.0000
0.0000
0.0000
0.2986
5.3378
0.0000
0.0000
0.0000
0.0000
3.8821
0.5879
0.0000
0.0000
0.2052
0.0000
0.0000
1.2937
0.0000
0.0000
2.9450
0.0000
0.0000
0.0000
0.0000
0.0000
1.2426
1.0634
0.0000
0.0000
0.0000
1.2184
2.3943
0.0000
0.0000
0.0000
0.0000
0.0000
0.0000
2.4536
0.0000
0.9469
0.0000
1.4938
0.0000
0.0000
0.0000
0.0000
0.0000
2.1540
0.0000
5.7400
0.0000
0.0000
0.0000
0.0000
0.0000
0.0000
0.4778
1.7016
0.0000
0.0000
0.0000
0.0000
0.0000
0.0000
0.0000
2.1101
4.4126
0.0000
0.0251
0.0000
0.9332
0.0000
0.0000
0.0000
0.0000
0.0000
0.0000
0.3053
0.0000
0.0000
0.6258
0.0000
0.0000
0.0000
0.0000
0.0000
1.0405
1.7764
0.0000
0.0000
0.0000
0.0000
0.0000
0.0000
0.0000
1.7644
0.0000
1.6045
0.0000
0.0000
0.0000
0.0000
0.6119
0.0000
0.3247
0.0000
1.1542
0.0000
0.0000
0.0000
0.0000
2.7531
0.0000
2.8753
0.5945
0.0000
0.0000
0.0000
0.0000
0.0000
0.0000
0.0000
1.2153
0.0000
0.4647
0.0000
0.0000
0.9183
0.0000
0.0000
0.0000
0.0000
0.0000
0.7669
2.7929
0.0000
0.0064
0.0000
0.0000
1.7840
0.4998
0.0000
0.7321
0.0000
1.1031
0.0000
1.2999
0.0000
0.0000
0.0000
0.0000
0.0000
0.0000
0.0612
0.0000
0.2521
1.6613
0.0000
0.7677
0.8667
0.0000
0.0000
3.3278
0.0000
2.4222
0.0000
0.0000
0.0000
1.4105
0.0000
0.0000
0.0000
0.0000
0.9180
0.0000
1.3757
0.0000
3.5191
0.0000
0.0000
0.0000
0.0000
0.0000
0.0000
1.1109
0.0000
0.7626
0.0000
0.9717
0.0000
0.0000
0.0000
0.0000
0.0000
0.0000
2.7641
0.0000
0.0000
0.0000
0.0000
0.0000
0.0000
0.0000
0.8882
3.5664
0.0000
1.4594
1.7471
1.3650
0.0000
0.3786
0.0000
0.9264
0.0000
0.0000
0.0000
0.0000
0.0000
0.0000
0.0000
0.7596
0.0000
0.0000
4.1856
0.0000
0.0000
0.1475
0.0000
0.0000
0.0000
0.0000
3.6186
1.1112
0.2794
0.0000
0.0000
0.1002
0.4190
3.2974
0.0000
0.0000
0.0000
0.7218
0.2191
0.0000
1.6818
0.0000
0.0000
0.0000
0.0000
1.1198
0.0000
0.0000
0.0000
0.9034
0.0000
2.1683
0.0000
0.0000
0.6026
0.0000
0.2686
0.0000
0.0000
0.0000
0.8099
0.0000
0.0000
0.3896
0.0000
1.9198
0.0000
2.2333
0.0000
0.0000
0.0000
0.0000
0.0000
0.1940
0.0000
0.0000
0.0000
0.3994
0.0000
0.6914
0.0000
0.0000
0.0000
0.0000
0.0000
1.9043
0.9145
0.0000
1.7021
0.0000
0.0000
0.0000
0.4061
0.0000
0.6019
0.0000
0.0000
0.0000
0.0000
0.0000
0.0000
0.0000
0.0000
0.0000
0.0000
0.0000
0.0000
0.0000
0.0000
0.0000
0.0000
0.1160
0.0000
0.0000
0.0000
0.1895
0.0000
1.5884
0.0000
0.0000
0.0000
0.1094
0.0000
0.0000
2.3521
0.0000
0.0000
0.0000
0.0000
0.0000
0.0000
0.3824
0.0000
0.0000
0.0000
0.0000
1.9706
0.0000
0.5373
0.0000
3.0043
0.0000
0.0000
0.0000
0.0000
0.0000
3.8321
0.0000
0.0000
0.0584
0.0000
0.0000
2.3612
0.0000
0.0000
3.4107
1.9350
0.0000
0.1852
0.0000
0.5205
0.0000
0.0563
2.1435
0.0000
0.0000
0.9296
3.0414
0.0734
1.4006
2.2077
0.0000
2.2205
0.0000
0.0000
1.8721
0.0000
0.0000
0.0000
0.5741
2.7199
0.0000
0.3242
0.0000
0.0000
0.0000
0.7140
0.4913
0.0000
0.1613
0.4907
0.0000
0.0000
0.0000
0.0000
0.0000
0.0000
0.1075
0.1330
0.0000
0.0000
0.0000
0.0000
0.0000
3.0115
0.0000
0.0000
0.0000
0.0000
0.6821
1.7426
0.0000
0.0000
0.0000
0.0000
0.0279
0.0000
0.0000
0.0000
0.0000
0.7497
0.0000
0.0000
0.0000
0.5783
0.0000
1.2437
0.0000
0.0000
0.0000
0.0000
3.4081
0.1536
0.0000
0.0000
0.0000
0.0000
2.7131
0.0000
0.0000
0.0000
2.4542
0.4128
0.0000
0.0000
0.0000
0.0000
0.0000
0.3508
0.0000
2.8230
1.3757
0.0000
0.0000
3.3889
0.0000
2.2750
0.0000
0.0000
0.0000
0.0000
3.2441
0.0000
0.8561
0.0000
0.0000
0.8164
0.0000
0.0000
0.0000
2.2492
0.0000
0.0000
0.0000
0.6554
0.0000
0.0000
0.0000
0.0000
0.0000
2.1576
0.0000
3.2307
0.0000
0.0000
1.1378
0.0000
2.1491
0.0000
1.3975
0.0000
0.5918
4.1264
0.0000
0.0000
1.6890
0.9212
0.0000
0.0000
0.0000
0.0000
0.0000
0.0000
0.0000
0.0000
0.0000
0.4073
0.0000
0.0000
0.0000
3.3723
3.5326
0.0000
0.0000
0.0000
0.0000
3.9564
0.0000
0.0000
1.9990
2.9284
0.0000
0.0000
0.3276
0.9963
3.5280
0.3091
2.3935
0.0000
2.0310
0.0000
0.0000
0.0000
0.0000
0.0824
0.0000
0.0000
1.2387
0.0000
0.5067
2.3073
0.0000
0.0000
3.0397
0.0000
0.0000
0.0000
0.0000
0.0000
1.9975
0.0000
0.0000
1.7574
0.0000
0.0000
0.0000
1.5480
2.6738
1.4925
0.2396
0.0000
0.0000
1.1572
0.0000
1.9877
0.5823
0.0000
0.6341
0.0000
2.1218
1.1452
1.6758
0.3441
0.0000
0.0000
0.0000
0.0000
0.0000
0.0000
0.0000
0.0000
1.1961
0.0000
0.4455
0.0000
0.8790
0.0000
0.0000
0.2153
2.7595
0.8815
0.0000
0.0000
0.0000
1.7405
0.0000
0.0000
0.0000
0.0000
0.0000
0.0000
0.7568
0.0000
0.0000
0.0000
0.0000
1.6038
2.3510
1.1485
2.2679
0.0071
1.0280
0.0000
0.0000
0.0000
1.4006
0.0000
0.5043
0.4688
0.4936
0.0000
0.0000
0.0000
0.0000
0.0000
0.0000
0.0000
0.6845
0.7283
0.0000
0.0000
0.3106
0.0000
0.0000
3.1717
0.0000
0.0000
0.0000
0.0505
1.3846
0.0000
0.0000
0.1347
1.0114
0.0000
0.5246
1.9778
0.0000
0.1302
1.1177
1.0543
0.0000
0.8410
1.2327
0.0000
0.0000
0.0000
0.0000
0.0000
0.0000
0.0000
0.0000
0.0000
0.8642
0.0000
0.0000
0.0000
0.4064
0.0000
0.0000
0.0000
0.7555
0.0000
0.3169
0.0000
2.2740
0.0000
2.2072
0.8556
0.6305
1.7525
0.3215
0.0000
0.8596
0.0000
0.0000
0.0000
1.8379
0.0000
0.0000
3.0484
0.0000
0.0000
3.1124
0.3143
2.2652
0.8765
0.0000
1.7823
0.0000
0.0000
0.0000
0.0000
0.0000
0.0000
0.0000
0.0000
2.2507
0.2265
0.0000
0.0000
0.0000
0.0000
0.0000
1.6139
0.0000
1.1683
0.0000
0.0000
0.9568
0.0000
