0.5601
0.0000
0.3559
0.0000
0.0000
0.0554
0.0000
0.0000
0.6805
2.6854
0.0000
0.0000
0.0000
0.0000
0.0000
0.0000
0.0000
0.0000
0.0000
0.0000
0.0000
0.0000
1.5492
1.5251
3.6539
1.1836
0.0000
1.9607
0.0000
0.0000
0.0000
0.0000
2.4018
0.0000
2.8649
0.0000
0.0000
0.0000
1.4613
1.0747
0.0000
0.0000
0.0000
0.0000
0.0000
2.1663
0.0000
0.0000
0.0231
1.3008
0.0000
0.0000
0.0000
0.1463
0.0000
0.0000
0.0000
0.0000
0.0000
0.0000
0.0000
3.1058
0.0000
1.7273
0.0000
0.0000
0.3042
0.0000
0.0000
0.0000
0.7241
3.5675
0.0000
0.0000
0.0000
0.8468
0.0000
0.0000
0.6785
0.7450
0.5946
0.0000
0.6866
0.3117
0.0000
0.0000
0.6635
0.6865
0.9285
0.0000
0.0000
0.0000
0.9456
1.6690
0.0000
0.0000
0.0000
0.0000
2.0942
0.0000
0.0000
0.0000
0.0000
0.0000
0.5668
0.0000
1.3666
0.0565
2.2664
3.8114
0.0000
0.0000
1.3466
0.9217
0.0000
0.0000
1.4683
0.0000
0.0000
0.0000
1.8919
1.5170
2.2274
1.1892
0.0000
0.0000
0.4240
0.7865
0.0770
0.8222
0.9793
0.0000
0.0000
0.0000
2.9494
0.0000
0.9627
2.6075
0.0000
2.5471
1.6064
0.0000
0.3176
0.4785
0.6255
0.0000
0.1244
1.2820
2.1512
0.0000
1.2209
1.8850
0.0000
0.0000
0.0000
0.0000
0.0000
0.5671
0.0000
0.0000
3.1333
0.0000
0.0000
0.0000
0.0000
1.5102
0.0000
0.0000
0.0000
0.9765
0.0000
0.0000
0.0000
0.0000
0.0000
0.0000
0.0000
0.4533
0.0000
3.9434
2.6392
2.4101
0.1379
0.0000
0.0000
0.0000
0.0000
0.0000
1.5278
2.0934
0.0000
0.0000
0.0169
0.0000
0.0000
0.0000
0.0000
2.0957
3.0228
2.2942
0.0000
0.3685
0.0000
0.0000
0.0195
0.8288
0.0000
0.6651
0.5004
0.0000
0.0000
0.0000
0.0000
0.9819
0.0000
0.0000
0.0000
0.0000
0.0000
1.1114
0.0000
0.0000
0.0000
0.0000
1.3731
0.0000
0.0000
1.7320
1.1254
0.0000
0.0000
0.0138
0.0000
0.0000
2.3804
0.0000
2.3504
0.0000
4.2957
0.0000
0.0000
0.0000
0.0000
0.0000
0.0000
0.0000
0.0000
0.0000
0.0002
0.0000
0.0000
0.0000
0.0000
0.0013
0.0000
0.0000
0.0000
0.0000
1.8958
0.0000
0.0000
1.3403
0.1080
0.4158
0.0000
0.0000
1.4793
0.0000
0.0000
2.3056
2.4702
0.0000
0.0000
1.3220
0.0000
0.0000
0.3830
0.5835
1.2147
0.0000
0.7019
0.0000
0.0000
0.7061
0.1585
0.0000
0.0000
0.0000
0.0000
0.0000
0.3287
0.0000
0.0000
0.4039
1.6275
0.0000
1.2152
0.0000
0.0000
3.2924
0.0000
0.0000
0.0000
0.0000
1.0425
0.0000
0.3945
0.0000
0.0000
0.0000
0.0000
0.0000
0.0000
0.0000
0.7630
0.0000
0.6951
0.0000
0.0000
1.0925
0.0000
0.3413
0.0000
0.0000
0.0000
1.3361
0.0000
1.0872
0.0000
0.4790
0.0000
0.0000
0.0000
0.0000
0.0000
0.8193
0.7606
0.0000
0.0000
2.9069
0.0000
0.0000
0.0000
0.0000
0.0000
5.2791
0.0000
0.5807
0.0000
0.5931
0.0000
2.0117
0.0000
0.0000
1.8482
3.1408
0.0000
0.0000
2.2853
0.0000
0.0000
0.0000
0.0000
0.0000
0.0000
0.4587
0.0000
1.3665
0.0000
0.0000
0.0000
0.0953
0.0000
0.0000
0.5152
0.0000
0.0000
2.9597
0.0000
0.0000
3.1194
0.0000
1.3509
0.0000
0.0000
0.0000
0.9733
0.0000
0.0000
0.0000
4.2211
0.0000
0.0000
0.5807
0.3616
0.1545
0.1078
0.0000
0.0000
0.0000
0.0000
1.0715
0.0000
0.0000
0.0000
0.0000
0.0000
0.0000
1.8746
0.0000
0.0000
0.0000
0.0000
0.0000
1.6361
0.0000
0.0000
0.0000
1.3935
0.0000
0.8325
0.0000
1.4027
0.0000
0.2377
0.7833
0.6162
1.2675
0.0000
0.0000
0.0000
0.0000
0.0000
0.1429
0.0000
0.0000
0.7622
0.0000
1.8088
0.1278
1.7201
1.7793
0.4883
0.0000
2.6569
0.8422
2.0397
0.0000
1.8550
2.8479
0.6336
0.0000
0.0000
0.8066
0.0000
0.3958
0.0000
1.1498
0.0000
0.0000
0.2268
0.0000
2.2237
0.0000
0.0000
0.0000
0.0000
0.0000
0.0000
0.0000
0.0000
0.4272
0.2802
0.0000
0.0000
1.0299
0.0000
0.1030
0.0000
0.0000
0.0000
0.0000
0.0000
0.7187
0.3033
0.1026
0.7450
0.7566
0.0000
1.7812
0.0000
0.0000
0.0000
0.0000
1.0650
1.1902
0.0000
0.0000
0.3447
0.0000
0.0000
0.0000
2.7221
0.0000
0.0000
0.0174
0.0000
0.0581
0.8595
0.0000
1.2768
3.6566
0.0000
1.5865
0.0000
2.0576
0.0000
0.8164
2.5098
0.0000
1.3592
2.7290
0.0000
0.0000
0.2852
0.0000
1.9515
0.0000
0.0000
0.0000
1.0172
0.0000
0.0000
0.0000
0.0000
3.1860
0.0000
0.0000
0.0000
0.0000
0.0000
0.0000
0.0000
0.0000
0.0000
0.0000
0.0000
0.0000
0.0000
0.0000
0.0000
0.1258
0.0000
0.0000
0.8837
0.0000
0.6817
0.0000
0.9557
0.0000
0.5208
0.0417
0.0000
0.2037
0.7157
1.0474
0.0000
0.0000
0.0000
0.0000
0.0000
0.0000
0.0000
0.0000
0.1141
0.0000
0.6205
0.7672
0.0000
0.0062
0.0000
0.0000
0.0000
0.0000
0.0000
0.0000
0.0000
2.5051
2.0038
0.0000
0.0000
0.0000
0.0000
0.6831
0.0000
0.0000
0.0000
0.0000
2.3000
1.5527
0.0000
0.9988
0.0000
0.0000
0.4148
0.9258
0.9660
0.0000
1.4690
0.0000
0.5667
0.0000
0.0000
4.2210
0.4431
0.9166
1.7614
0.0000
0.4377
0.0000
1.0782
0.0000
0.0000
1.3950
0.0000
0.7730
0.0000
0.0000
0.0000
0.0000
0.0000
0.0000
0.0000
1.0398
0.0441
1.8448
0.0000
1.7229
0.0000
0.0000
0.0546
0.0000
0.0000
0.0000
0.7543
0.0000
0.0000
0.0000
0.4846
0.0000
0.4665
0.0744
2.1182
0.0000
0.0000
0.0000
0.0000
0.9504
0.0000
1.1125
0.0000
0.7782
1.1116
0.0000
0.0000
0.0000
0.0000
0.0000
0.0000
0.0000
0.2647
0.0000
0.0000
0.0000
0.0000
1.0844
1.5877
0.0000
0.0000
0.0000
0.0000
1.0904
0.0000
0.0000
0.0000
1.3177
0.0000
0.0000
0.0000
3.4093
0.5836
0.0000
2.7421
0.0000
0.4702
0.0000
0.0000
0.0000
0.0000
0.0000
1.9887
0.0000
1.3080
0.0000
0.0000
0.0000
0.0000
0.0000
1.9998
0.0000
0.0000
3.4084
0.0000
0.0000
0.0000
0.0000
0.0000
0.0000
0.0000
0.0000
0.0000
0.0000
1.0385
0.4409
0.7080
0.0000
0.3850
0.0000
0.3575
1.6594
0.0000
0.0000
1.6851
0.3893
0.0000
0.0000
0.0000
1.8623
0.8294
2.5466
1.3067
0.0000
0.0000
2.0076
0.0000
0.1255
0.0000
0.0000
0.9946
0.0000
0.0000
0.4483
0.0000
0.0000
0.2618
0.0000
0.2488
0.0000
0.0000
0.0000
0.6241
0.0000
3.2427
0.1275
0.0000
0.9837
0.0000
0.1485
0.0000
0.3436
0.3633
0.0000
0.0000
0.0000
0.0000
0.0000
0.2768
0.0000
1.7100
2.4203
0.0000
0.5567
0.0000
0.1944
0.0000
0.0000
0.0000
1.0591
0.0000
0.0000
0.0000
0.0000
0.7622
1.5915
0.0000
0.0000
0.0000
0.0000
0.5427
0.0000
0.0000
0.3094
2.3542
0.0000
0.0000
0.0000
0.0000
0.0000
0.0000
0.0000
0.0000
0.4439
0.0000
1.3836
0.0000
0.0000
0.1388
0.0000
0.0000
0.5274
4.2035
0.0000
0.0000
0.0000
0.0000
0.0000
0.0000
0.0000
0.0000
0.0000
0.4345
0.3931
0.0000
0.0000
0.0000
0.0000
1.1491
0.7993
0.0000
0.0000
0.0000
0.0000
0.0000
0.0000
0.0000
0.4045
0.0000
0.0000
0.8168
0.0000
0.0000
0.0000
0.0000
0.0000
0.0000
0.0000
0.0000
0.0000
0.0000
0.0000
0.3968
0.0000
0.0000
3.9987
0.3904
0.2899
1.4932
0.0000
0.0000
0.0000
0.8717
0.0000
1.3943
0.0000
0.1952
0.5037
0.0000
1.0317
0.3394
0.0000
0.0000
0.0000
0.0000
0.0000
0.0000
0.0000
0.0000
0.0000
0.0000
0.0000
0.0000
0.0000
1.4497
0.0000
0.0000
0.0000
0.8617
1.2378
0.0000
0.0000
0.0000
0.0000
0.0000
0.0000
0.0000
0.0000
0.0000
0.0000
0.0000
1.0020
0.0000
0.0000
2.1344
0.3041
0.0000
0.7010
0.0000
0.2178
0.0000
0.0000
0.0000
0.2722
1.1658
0.0000
0.0000
1.4168
0.8049
0.0000
0.0000
0.0000
0.0000
1.5531
0.0000
0.6210
0.0000
0.0000
0.0000
1.0701
0.0000
0.3343
0.0000
0.0000
0.0000
0.0000
1.4886
1.0771
0.0000
0.6290
0.0000
4.7284
1.1442
0.7647
0.0000
0.0000
0.0000
0.0000
0.7643
0.5196
0.0000
1.2233
0.0000
0.0000
0.0000
0.3605
0.0471
0.0000
0.0000
2.2521
2.6264
0.0000
0.5584
0.0000
0.2629
0.0000
0.0000
0.0000
0.5612
0.2616
0.0000
0.0000
0.0000
0.0360
0.0000
0.0000
0.3271
1.6965
0.9322
0.0000
0.0000
1.0706
1.0377
0.0000
0.3188
0.0000
0.4375
0.0000
0.0000
0.0000
0.9070
4.2226
2.0173
0.2784
0.0000
0.2696
0.0000
1.0866
0.0000
0.0000
0.0000
3.6612
0.0000
0.0421
0.0000
2.8278
0.0000
0.0000
0.1086
2.1407
0.0000
2.0553
0.0000
1.1123
0.3167
0.0000
0.0000
0.0000
1.4051
0.0000
0.0000
4.1766
0.9344
0.0000
2.2715
0.4172
2.1527
0.0000
0.0000
0.0000
0.1204
0.0000
0.0000
0.0000
0.0000
0.0000
0.0000
0.0000
1.2445
0.0000
0.0000
0.0000
2.1368
0.0000
0.0000
0.0000
0.0000
0.0000
0.0000
0.0000
0.0000
0.0000
2.0423
0.0000
2.1748
0.0000
0.0000
0.0000
0.0000
0.0000
0.0000
0.0000
1.6613
0.0000
0.0000
0.0000
0.0000
0.7349
0.6534
0.0000
0.0000
0.0000
0.0000
0.0000
0.0000
0.9458
0.0000
0.4766
0.0000
0.8074
0.0000
0.0000
0.0000
0.0000
0.0000
0.0000
1.7675
0.0000
0.0000
0.4473
0.0000
0.8318
0.0000
0.0000
0.2993
0.4191
1.6445
0.0000
0.0000
0.9573
0.0000
1.0645
0.0000
0.0000
0.5465
0.4737
1.5075
0.0000
0.5507
0.0000
0.0000
0.9104
0.0000
0.0000
0.0000
0.0000
1.2688
0.0000
0.0000
0.0000
0.0000
0.0000
0.0000
0.0000
0.0000
0.4028
0.0000
0.0000
0.0000
0.0000
0.0000
0.0000
0.0000
0.0000
0.0000
0.1275
0.7205
0.5605
3.5269
0.0000
0.0000
0.0000
0.0000
0.0000
0.7033
0.0000
0.0000
0.0000
0.0000
0.0000
0.2705
0.0000
0.0000
0.8356
0.0000
0.6034
0.0000
0.0000
1.7762
0.0000
0.8384
0.0000
4.5057
0.1642
0.0000
1.1031
1.7949
0.6037
0.0000
0.3341
0.0000
0.0000
0.0000
0.3311
0.0000
0.0000
0.0000
0.0000
0.0000
0.0000
2.0279
0.0000
2.0789
0.0000
0.0000
0.0000
0.5130
0.0000
0.0000
0.0000
0.0000
0.0000
1.4560
2.3109
0.0000
0.0000
0.0000
0.0000
2.0271
0.0000
0.0000
0.0000
0.5024
0.0000
2.1315
0.0000
1.3416
0.0000
0.0000
0.0000
0.5759
0.0000
0.0000
0.0000
0.7191
2.6520
0.0000
0.0000
0.0000
0.0000
0.0000
0.0000
0.0000
0.0000
0.0000
0.0000
0.0000
0.0000
2.5829
0.0000
0.1259
0.0000
0.0000
0.0000
0.0000
0.6212
0.8965
0.6197
0.0000
0.0000
2.2531
0.2267
0.0000
0.0000
3.5586
0.0000
0.0000
0.0000
0.0000
3.9192
0.0000
0.0000
0.0000
0.0000
0.0000
0.7450
0.1935
0.0000
0.0000
0.0000
0.0000
0.0000
0.0000
0.6690
2.8087
0.0000
0.0000
0.0360
0.6173
0.0000
0.6975
0.5620
0.0000
0.8664
1.0013
0.0000
0.0000
0.3663
1.1280
0.0000
0.0000
0.9286
0.0000
0.8340
0.0000
0.0000
0.0000
1.3522
0.0000
0.0000
0.0000
0.0000
0.1823
0.0000
1.9907
0.0000
0.0000
4.0689
0.0000
0.0000
0.0000
0.0000
0.0000
0.0000
0.0000
0.0000
0.2068
0.4679
0.0000
0.0000
0.0000
0.0000
0.4049
0.0000
0.0000
0.0000
0.1729
0.0000
0.0000
0.4970
0.0000
0.0000
0.0000
0.0000
0.0000
1.2449
0.7565
0.8528
0.0000
0.1493
0.0000
0.0000
0.0000
0.0000
0.0000
0.0000
0.0000
0.0000
0.0000
0.0000
0.0000
0.0000
0.0108
0.0000
0.0891
0.0000
0.0000
0.1178
0.0000
0.1001
0.0000
1.9932
0.0000
0.0000
0.9442
1.1714
0.1570
0.0000
0.0000
0.0000
1.5898
1.2260
0.0000
2.0707
0.0000
0.0000
0.0000
0.0000
0.0000
1.9277
0.0000
0.0000
0.0000
0.0000
0.0000
1.0731
0.7833
0.0000
0.0000
0.1087
0.0000
0.5409
0.8520
0.0000
3.5718
0.0000
0.0000
0.8087
1.3667
2.4163
3.6797
3.2307
0.0000
0.0000
0.0000
0.0000
0.0000
0.0000
0.7024
3.0318
0.0000
0.0000
0.8468
0.0000
1.6911
0.0000
0.0000
0.0000
0.0000
1.0246
0.0000
2.1207
0.0000
0.0000
0.0000
0.0000
0.0000
1.3289
0.0000
3.9673
0.0000
0.0000
1.5569
0.2140
0.0000
0.0000
0.4707
0.1202
0.0000
0.0000
0.0000
0.0000
0.0000
0.0000
0.0000
0.0000
0.3686
0.0000
0.0000
0.0000
0.0000
3.1614
0.0000
0.2241
0.0000
0.0000
0.0000
0.7422
0.0000
0.0000
0.0000
0.0000
1.2070
0.0000
2.6807
2.6020
0.0000
0.0000
0.0000
0.7747
0.0000
0.0000
0.0000
0.0000
0.0000
0.4556
0.4072
0.0000
1.6699
0.0000
0.8080
0.0000
0.0000
0.0000
0.0000
0.0000
0.0000
1.1304
3.9013
2.7192
0.0000
0.0000
0.0000
0.0000
0.0000
0.4464
0.0000
0.6157
0.0000
0.0000
0.0000
0.0000
0.0000
0.0000
0.1037
2.2214
0.0000
0.0000
0.0000
0.0000
0.0000
0.0000
0.0000
0.0000
1.8840
0.6744
1.4904
0.0000
1.0974
0.0000
0.0000
0.6004
1.1628
3.4139
0.0000
0.0000
0.0000
2.5076
0.0000
0.0000
2.0901
0.5968
0.0000
0.7281
0.0000
0.0000
0.0000
0.0000
0.0000
0.8278
1.2076
2.0718
0.0000
0.0000
0.0000
0.0000
0.0000
0.0000
0.0000
0.0000
0.0000
0.0000
0.6670
2.8637
0.4306
0.0000
0.0000
0.0000
0.6274
0.0000
0.0000
0.0000
0.0000
2.8145
0.0000
0.0000
0.0000
0.0000
0.0000
1.4028
1.8999
0.7521
0.0000
0.0000
0.0000
0.5318
0.0000
3.9056
0.0000
0.0000
0.0000
0.0000
0.0000
0.0000
0.0000
0.0000
0.0000
0.0000
0.1592
0.3057
0.0000
0.0000
0.3015
0.0000
0.9797
0.5795
3.3024
0.0000
0.0000
0.0000
0.0000
2.1517
0.1826
0.2079
0.0000
1.3872
0.0000
2.2944
0.0000
0.0000
1.1464
0.0000
0.0000
0.0000
0.0000
0.0000
0.0000
2.3029
1.3147
1.1406
0.0168
1.2929
3.1474
0.0000
2.4226
0.0000
0.0000
0.0000
0.0000
0.6314
0.0000
0.0000
0.0000
2.4981
2.5069
0.0000
0.0000
0.2110
0.0000
0.0000
0.0000
0.0000
0.0000
0.0000
0.8925
0.0000
0.0000
0.0319
2.1427
0.0000
0.6277
1.2598
0.6521
0.3070
0.0000
0.0000
0.5993
0.0000
0.0000
2.5377
2.9260
1.0319
1.2996
0.0000
0.0000
0.0000
1.0784
0.5155
1.1134
0.1149
0.0000
0.0000
0.3780
2.0792
1.6411
0.0000
0.4294
0.0000
3.6797
1.5297
0.0000
0.0000
0.0000
0.0000
0.0000
0.0000
0.0000
0.0000
0.0000
0.0000
0.0000
0.0000
0.0000
0.0000
0.0000
0.0000
0.0000
0.0000
0.0000
0.0000
0.1298
0.0000
0.0000
0.4033
0.0000
1.8445
0.0000
0.6716
0.0000
0.0000
0.0000
1.8204
0.0000
0.0000
0.0000
0.0000
0.0000
2.6479
0.6773
2.2549
0.0000
0.2132
0.2377
1.2394
0.0000
0.1213
0.4666
0.1009
2.1115
0.0000
0.0000
0.0000
0.4694
0.0000
0.0000
0.0000
0.0000
1.6114
0.0000
2.3316
1.5013
0.8286
0.0000
0.0000
1.0958
0.0000
0.0000
0.0000
1.5894
2.0341
2.2863
0.0000
0.0000
0.5131
0.0000
0.0000
1.7737
1.9349
0.0000
0.0000
0.0000
0.0000
0.2702
0.0000
0.0000
2.1775
0.0927
1.4518
1.6629
0.0000
0.0000
0.0000
0.0000
0.0000
1.5149
1.8966
2.8810
0.0000
1.1486
2.8226
0.7364
1.3114
0.0000
0.0000
0.0000
0.3836
0.1985
0.0000
0.0000
0.0000
0.0000
0.0000
1.5486
0.0000
1.7889
0.0000
0.0000
1.3792
0.5626
0.0000
0.0000
0.0000
0.4665
1.3172
0.0000
1.1037
1.2526
0.0000
0.9340
4.1058
0.0000
0.2264
0.1584
0.0000
0.4416
0.0000
0.0000
0.0000
0.0000
1.5411
0.0000
0.2059
0.0000
1.4650
0.0000
0.0000
0.0000
0.0000
2.0018
0.0000
2.8890
2.3431
0.8732
0.0000
0.0000
0.0000
0.0000
0.1857
0.0000
0.0760
0.0000
0.0000
0.0000
0.0000
0.0000
0.0000
0.2901
0.0000
0.0000
0.0000
0.0000
0.0000
0.0000
0.0000
1.6956
1.8457
0.0000
1.9072
0.0000
0.0000
0.0000
0.2097
0.0000
0.2085
0.0000
0.0000
0.0000
1.0464
0.0000
0.0000
0.0000
0.0000
0.0000
0.0000
0.0000
0.9195
0.0000
0.0000
0.0000
0.0000
0.8649
0.0000
1.3441
0.0000
0.8913
0.0000
0.7838
0.0000
0.6922
0.0000
0.0000
0.3164
1.0421
0.2257
0.0000
0.1050
0.0000
0.0937
0.0000
1.6900
0.0000
0.0000
0.0000
0.0000
0.2319
0.0000
1.2273
2.1276
0.0000
0.0000
0.0000
1.4158
0.0000
0.0000
0.0000
0.0000
0.0000
0.0000
0.0000
0.0000
0.6375
0.0000
0.8590
0.9827
0.0000
2.2535
1.9899
0.0000
0.0249
0.0000
3.3675
0.0000
0.9409
0.0000
0.0000
0.0000
0.0000
0.0000
0.1989
0.0000
1.1240
0.0000
0.5506
1.6983
0.0000
0.0000
0.0000
0.0000
0.0000
0.0000
0.0000
2.3151
0.0000
0.0000
2.5158
2.6031
0.0000
0.0000
0.0000
0.0000
0.1532
1.6701
0.0000
0.0000
3.9471
0.0000
0.0000
3.0909
2.5491
0.0000
0.0000
2.3615
1.0499
0.6272
0.0000
0.0000
3.0994
0.5070
0.0000
0.0000
0.0000
0.0000
0.0421
0.5800
0.0000
0.0000
0.2558
1.2784
0.0000
2.1448
0.5070
0.0000
0.0000
0.0000
0.0000
0.0000
0.0000
0.0000
1.4235
0.0000
0.0821
0.0000
0.0000
0.0000
0.0000
1.9137
1.1021
0.0000
0.0000
0.6780
0.5975
1.9639
0.3080
0.7527
0.0000
0.0000
0.0000
0.0000
2.0662
0.0000
0.0000
0.0000
0.0000
0.0000
0.0000
0.0000
0.0000
0.0000
0.0000
0.0000
0.0000
0.5794
0.0000
0.0000
2.5976
2.8340
0.0000
0.8488
0.0000
0.0000
0.0000
0.0000
0.0000
2.9887
0.0000
0.0000
0.0000
1.3946
0.0000
0.0000
0.4838
2.2576
0.0000
0.0000
0.0000
0.0000
0.0000
0.0000
0.0000
0.0000
0.0000
0.0000
3.7302
0.0000
0.9349
0.0492
0.0000
0.0000
0.0000
0.0000
1.1112
0.0000
0.0000
0.0000
0.0000
0.0000
0.0000
0.0000
0.0000
0.0000
0.0000
0.0017
0.0000
1.7999
0.0000
0.0000
0.3388
0.0000
3.2595
0.0000
0.0000
0.0000
0.0000
0.0037
0.0000
0.3482
0.0000
0.0000
1.1662
0.6528
0.0000
1.7548
1.2185
1.6745
0.0000
0.0000
0.0000
0.0000
0.1611
0.8910
0.0000
0.0149
0.0000
2.9717
0.0000
3.4222
0.0000
2.3590
0.3564
0.0000
0.2320
1.7582
0.0000
0.1218
1.7705
0.2657
3.0384
0.0000
0.7101
0.0000
0.0000
0.2439
0.0000
0.0000
0.0000
0.0000
0.3406
0.0000
0.0000
0.0000
0.0000
0.0000
0.0000
0.0000
0.0000
1.3925
0.3585
2.8288
0.8071
0.0869
0.0000
0.0000
0.0361
0.0000
0.0000
0.0000
0.0000
1.7826
3.0889
1.4589
0.0000
0.0000
0.2373
0.1923
0.0000
0.0000
0.0000
0.0000
0.0000
0.0000
0.0000
0.0000
0.0000
0.0000
0.0000
0.0000
1.5448
0.0000
0.0000
0.3192
0.0000
0.0000
0.0426
0.0000
2.8016
0.0000
0.2433
1.4760
0.0000
0.0000
0.4802
0.4205
0.0000
0.0000
0.0000
0.0000
0.0000
0.0000
0.1110
0.0000
0.0000
0.0000
0.0000
0.0000
0.0183
0.0000
0.8397
0.0000
2.1339
0.4830
1.3107
0.0000
0.5582
0.0000
0.1637
0.0000
0.0000
0.0000
0.0000
0.0000
0.0000
1.6718
0.0000
0.0000
0.0000
0.3524
1.4755
0.0000
0.6875
0.0000
0.6336
3.6919
0.0000
0.0369
0.0000
0.0817
1.0420
1.6019
0.7799
0.0000
1.2002
0.0000
0.0000
0.0000
0.0000
0.0000
0.0000
0.0000
0.0686
0.0000
1.6088
0.0000
0.0000
0.0000
0.0000
0.0000
0.0254
0.0000
0.0000
0.0000
0.0000
0.0000
0.0000
0.0000
0.0000
0.0000
0.9544
0.0000
0.0000
2.0514
0.0000
0.0000
0.9839
1.0315
2.4088
2.2093
0.0000
0.8678
0.0000
0.0000
0.0000
1.7078
0.0000
0.0000
1.0418
0.0000
0.0000
0.7231
0.3184
0.0000
0.0000
3.7754
0.3650
0.0000
0.0000
0.0000
0.0000
0.1496
0.0000
0.0000
0.1620
0.4845
0.0000
0.2715
0.8670
0.0000
0.0000
0.0000
3.1397
0.0000
0.0000
0.4400
0.7066
0.0000
0.0000
0.0000
2.3106
0.7443
0.0000
0.0000
0.2172
0.0000
0.0000
4.6348
0.0000
0.0000
0.7746
0.0000
0.0000
0.0000
0.0000
0.0000
0.0000
0.0000
0.0000
0.0000
0.0000
0.0000
0.0000
0.0000
0.0000
0.0000
0.0000
0.0000
1.7209
0.0000
0.0000
0.9021
0.0000
0.0000
2.0323
0.0000
0.0000
1.2114
0.0713
0.7415
2.6492
0.0000
0.0000
0.0000
2.3245
0.0000
0.8731
0.0000
1.4074
0.0000
0.0000
1.1041
0.0000
0.0000
0.0000
0.0000
0.0000
0.5993
1.4323
0.4999
1.6865
0.0000
0.2509
0.0000
0.0000
0.5799
0.0000
0.0000
0.0193
0.0000
0.0000
0.2051
0.7456
0.2098
1.1518
0.0000
0.0000
0.0000
1.9412
0.0000
0.0000
0.6004
0.0000
1.9009
0.0000
0.0000
0.1017
0.0000
0.0000
0.0000
0.0000
2.7778
0.0777
0.0000
3.2889
0.0000
0.0000
0.0000
0.0000
1.1860
0.0000
0.0000
0.0000
0.0000
0.0000
0.0000
0.0000
1.1951
0.3273
0.0000
0.0675
0.0000
0.0000
0.5983
1.6096
0.2188
0.4042
0.0000
0.0000
0.0000
0.0000
0.0000
0.0000
1.5500
0.0000
2.3733
0.0000
0.4323
0.0000
3.1604
2.3314
1.3950
0.0000
1.2276
0.5560
0.9830
0.3695
0.0000
0.0000
1.8338
0.0000
0.0000
3.7214
3.7112
0.0000
0.0000
0.0000
3.2975
0.0000
0.6321
0.0000
1.3900
0.0000
0.0000
0.0000
0.0000
0.0000
0.7707
0.4015
0.0000
0.0000
0.1364
0.2652
0.0000
0.0000
0.0000
1.2860
0.0000
0.0000
0.0000
0.0000
1.3965
0.0000
0.0000
0.0000
0.0000
2.3951
0.0000
0.0000
0.0000
0.9638
0.0000
2.2313
0.0000
0.4546
1.0440
0.0000
0.0094
0.4268
0.0000
0.0000
0.4025
0.0000
0.0000
0.0000
0.0000
0.0000
0.0000
0.0000
0.1450
0.0000
0.0000
0.0000
0.0000
0.0000
0.0000
0.0619
0.0000
0.0000
0.0000
0.0000
0.0000
0.0000
0.0000
0.0000
0.8390
0.0000
0.0000
0.4679
0.0000
0.0000
0.0000
0.0000
0.0000
0.0000
0.0000
0.0000
1.5221
0.0000
0.0000
1.7228
0.0000
0.0000
0.0000
0.0657
0.9294
0.0000
0.0000
0.0000
0.0000
0.0000
0.0000
0.0000
0.2180
1.5244
4.0505
0.0000
0.0000
1.3996
0.0000
1.3349
0.0000
0.0000
3.9027
0.0000
0.0000
0.7969
0.0000
2.0157
0.9453
0.0000
3.2919
1.0145
0.0000
0.0000
0.0000
1.6491
0.0000
3.6103
0.0000
0.0000
0.0000
0.0000
0.0000
1.0474
0.0000
0.0000
2.3094
0.0000
0.0000
0.0000
0.4098
0.4764
0.0000
0.0000
1.4080
0.0000
0.0000
0.1017
0.0000
1.8481
0.9263
0.0000
0.0000
0.0000
0.0000
0.2271
1.6120
1.8161
0.0000
2.8652
0.0000
0.0000
2.5028
0.9595
0.0000
0.0000
0.0000
0.0000
0.5380
2.8181
0.0000
0.0000
2.0967
0.0000
0.0000
0.0000
0.0000
0.0009
0.3634
0.1745
2.9159
0.0000
0.0000
0.0487
1.7047
0.0000
0.5255
0.8579
0.0000
0.0000
0.2157
0.0000
1.3453
0.0000
0.0000
0.4138
0.0000
0.9986
0.0000
0.0000
0.0000
2.2546
0.0000
0.0000
0.0000
0.0000
0.0000
0.4307
0.0000
0.0000
0.0000
0.7387
0.7446
0.0000
0.0000
0.0000
0.0000
0.0000
1.6076
0.0000
0.0000
0.0000
0.2768
0.0000
0.0000
0.0000
0.0000
0.3734
0.0000
0.0000
0.0000
0.0000
0.0000
0.0000
0.0000
0.0000
0.8109
0.0000
1.4445
0.3526
1.9682
0.0000
0.5224
0.0000
0.0000
0.8694
0.0000
0.7657
0.9795
1.3268
0.0000
0.0000
2.6044
0.0000
0.0000
0.4991
0.0000
0.0000
0.0000
0.1374
0.0000
0.0000
0.0000
0.1871
0.0000
1.7208
0.2214
0.0000
0.0000
2.7844
0.0000
3.5124
0.0000
0.0000
0.0000
0.1885
0.0000
0.7528
0.0000
2.4928
0.0000
0.7325
0.0000
0.0000
1.2886
0.0000
1.2303
0.0000
0.0000
0.0303
0.7336
1.0537
0.0000
0.4352
0.1247
0.1321
0.0000
0.0000
0.0000
0.0000
0.0000
0.0000
0.0000
0.0000
0.0000
0.1099
1.6674
0.0000
0.3744
0.0000
0.0000
0.0000
0.0000
0.2957
0.8730
0.0000
0.8789
1.5414
0.6498
1.3765
0.0000
0.0000
1.7616
0.0000
0.0674
0.2386
0.0000
0.0000
0.0000
0.0000
0.0000
0.0000
0.9370
1.3356
0.0000
0.0000
0.0000
0.1784
2.9501
0.0000
0.0000
0.0000
0.0000
0.0000
0.4865
0.0000
0.0000
0.0000
0.0000
0.0000
0.2805
1.5819
0.7578
0.0000
0.0000
1.7296
0.0000
0.0000
1.0460
0.0000
0.0000
0.0000
0.0000
2.4656
2.2500
0.0000
0.0000
0.9450
0.0000
1.6041
0.6665
0.6514
1.3438
0.0000
2.6103
2.2716
0.0000
0.0000
0.0922
0.0000
0.0000
0.1866
0.0000
1.1417
0.0000
0.1278
4.2333
0.0000
1.7075
0.0000
0.1884
0.0000
0.0000
0.5438
0.0000
0.0000
0.0000
0.0000
0.0000
0.0000
0.0000
0.6382
1.4062
0.0000
0.0000
0.0000
0.7969
1.1507
0.0000
0.0000
0.1323
0.9614
1.5401
0.0000
1.5721
0.0000
0.9853
0.0000
0.3613
1.9128
0.0000
0.4055
0.0000
0.0000
0.0000
0.0000
0.0000
1.4561
0.0000
0.0000
0.0000
0.0000
0.0000
0.0000
0.2683
0.0000
0.6436
0.0000
2.3747
0.6404
0.0000
4.3352
0.0000
0.0000
0.0000
0.0000
0.0000
0.0000
0.5536
3.9678
0.0000
0.0000
0.0000
2.1179
0.0000
1.6534
0.0000
0.0000
0.0000
3.4117
0.0000
0.0000
0.4512
0.0000
0.0000
0.2076
0.0000
0.0000
0.0000
0.0000
0.1863
0.0000
0.7339
0.0000
0.0000
0.0000
0.0000
0.0000
1.3467
0.0000
0.1576
0.0000
2.0910
1.0527
0.0000
3.5440
0.7479
0.0000
2.0918
1.9669
0.0000
0.8874
1.4498
0.0000
0.0000
0.0000
0.0000
0.0000
0.0000
0.0662
0.0000
0.0000
0.0000
2.5103
0.0000
1.3203
0.0000
2.6286
0.4027
0.0000
3.6458
1.0088
1.7890
0.0000
0.5243
0.0000
0.0000
0.8232
2.6950
0.0000
1.6841
0.0000
0.0000
1.8172
0.0000
0.0000
1.6981
0.0000
0.0000
2.9828
0.0000
0.0000
0.0000
0.0000
0.0000
0.0000
1.3851
0.0000
0.0000
0.0000
0.0000
0.0000
1.5765
0.0000
0.0000
0.1518
0.0141
0.0000
0.0000
0.0000
0.0000
0.0000
0.9186
1.1314
0.0000
0.0000
0.0000
0.0000
1.8272
0.6324
0.0000
0.0000
0.1275
0.0000
0.6421
0.0000
1.2199
0.0000
0.0000
0.0000
0.0000
0.0000
0.0000
0.0000
0.7222
0.0000
0.0000
2.5672
0.0000
0.1221
0.0000
1.3869
0.0000
0.3951
0.0000
1.5086
0.0000
0.0000
0.0000
0.0000
0.0000
1.5339
1.2102
0.0000
0.0000
0.5707
0.6118
0.0000
0.0000
0.7294
1.0033
0.2632
0.0000
0.0000
0.0000
1.6128
0.0000
0.0000
0.0000
0.0000
1.4658
0.0000
0.5305
0.0000
0.0000
1.4343
0.3630
0.0000
0.0000
1.0762
0.4813
0.9168
0.0000
5.8177
0.0000
0.6883
1.6617
2.2002
0.0000
0.0000
0.0000
0.0000
0.0000
0.0000
0.0000
0.0000
1.9051
0.0000
0.0000
0.0000
0.0000
0.0000
0.0000
0.1575
0.1670
0.0000
0.6652
0.0000
0.0000
0.0370
2.6307
0.0000
0.0884
0.0000
0.6851
0.0000
0.6147
0.0000
0.0000
1.1348
0.0000
0.0000
0.0000
0.5603
0.0000
0.0000
0.0000
0.0000
0.0000
0.0000
0.0000
0.0000
0.0000
0.0000
0.0000
0.0000
0.1045
0.0000
0.6716
0.0000
0.0000
0.0000
0.0167
1.0417
0.0000
0.0000
0.0000
0.0000
0.0000
1.5039
0.0000
0.2415
0.0151
0.0000
1.8892
0.0000
0.0000
2.5396
0.0000
0.0000
0.0000
0.0000
0.0000
1.4480
0.3981
1.1866
0.0000
0.0000
0.0000
1.7257
2.1830
0.0000
1.3299
0.0000
0.0000
0.0000
3.6968
0.7259
1.4447
0.0000
0.0000
0.0000
0.0000
0.6328
0.0000
2.3445
0.0000
0.0000
0.0000
0.0000
0.4257
0.0000
0.0000
1.0321
0.3448
0.0000
0.0000
0.0000
0.0000
0.0000
0.0000
0.0000
0.7687
0.5094
0.0000
0.6847
0.0000
0.0000
0.7009
0.0000
0.0000
0.0000
1.0000
0.0000
2.7572
0.0000
2.0993
0.8150
0.5909
0.0000
0.1815
1.7969
0.0000
0.0000
0.0000
0.5009
2.2336
1.5371
0.0000
0.0000
0.0000
0.9827
0.8382
0.0000
0.0000
0.1513
1.3047
0.0000
0.0000
0.0000
0.0000
0.0000
2.3219
0.0000
0.0000
0.0000
0.4246
0.0000
0.4816
2.4604
0.0000
0.0000
0.3541
0.0000
0.0000
0.0000
0.0000
0.0000
0.0000
0.0000
0.0000
3.5312
0.0000
0.4476
0.0000
0.0000
0.0000
0.0000
0.0000
0.0000
0.0000
0.0000
0.0000
0.0000
0.2008
1.3477
0.0000
0.5576
0.7006
0.2969
0.0000
2.5486
0.0000
0.0000
0.0000
0.0000
0.0000
0.0000
0.0000
0.0000
0.0000
0.0000
0.3030
0.9814
0.3256
0.0000
0.6401
0.0000
0.0000
0.1778
0.9122
0.0000
0.9149
0.6305
0.0000
2.1918
0.0000
0.0000
0.0000
0.0000
0.0000
2.8234
0.0000
0.0000
1.3904
1.3075
1.1447
0.0000
0.0000
0.0000
0.6821
0.0000
0.0000
0.0000
1.3642
0.0000
1.4795
0.0000
0.0000
0.0000
0.0000
0.0000
0.6929
0.0965
1.2693
2.1032
0.0000
0.0000
1.6157
0.0000
0.0000
0.0000
0.0000
0.6870
0.0000
0.0000
0.0000
1.5930
0.0000
1.9333
3.2785
1.8112
0.0000
0.4765
0.0000
0.9024
2.1318
0.0000
0.0000
0.0000
0.0000
0.0000
0.8011
2.6129
0.0513
0.0000
0.0000
0.0000
0.0000
1.5769
0.7502
1.1835
0.0000
0.0000
0.0000
0.0000
0.0000
0.5573
4.7097
0.0000
0.0000
0.0000
0.0000
3.0951
1.8116
0.0000
0.0000
0.6436
0.0000
0.0000
1.3124
0.0000
0.0000
2.5405
0.0000
0.0000
0.0000
0.0000
0.0000
0.3980
0.0000
0.0000
0.0000
0.0000
1.5619
2.3029
0.0000
0.4608
0.0000
0.0000
0.0000
0.0000
2.7344
0.8366
0.7328
0.0000
1.5605
0.6638
0.0000
0.0000
0.0000
0.0000
2.4569
0.0000
5.5259
0.0000
0.0000
0.0000
0.0000
0.0000
0.0000
0.0000
1.6208
0.1589
0.0000
0.5827
0.0000
0.0000
0.0000
0.1194
0.3438
5.3717
0.0000
0.0000
0.0000
0.1785
1.2634
0.1250
0.0000
0.0000
0.0000
0.0000
0.1988
0.0000
0.0302
2.3003
0.0000
0.0000
0.0000
0.0000
0.5961
1.2560
0.3129
0.0000
0.3084
0.0000
0.0000
0.0000
0.0000
0.0000
2.3215
0.0000
0.5857
0.0000
0.0000
0.0000
0.0000
0.0000
0.0000
0.4234
0.5803
0.5881
0.0000
0.0000
0.0000
0.0000
4.2430
0.0000
0.6043
1.0612
0.5408
0.0000
0.0000
0.0000
0.0000
0.0000
0.0000
1.2805
0.0000
1.1904
0.0000
0.0000
0.9433
0.0000
0.0000
0.2669
0.0000
0.0000
2.0553
3.5372
0.0000
0.0000
0.1367
0.0000
1.5914
0.0000
0.0000
0.0000
0.0000
0.0000
0.0000
0.3153
0.0000
0.0000
0.6115
0.7817
0.0000
0.0000
0.1880
0.0000
0.8624
2.0394
0.3581
1.1604
0.1600
0.0000
0.0000
4.0217
0.0000
1.8967
0.0000
0.0000
0.0000
1.4887
0.0000
0.0000
0.0000
0.1641
0.0000
0.0000
1.7149
0.1497
3.1173
0.0000
0.5115
0.0000
0.0000
0.0000
0.0000
2.6853
0.0000
0.0000
0.0000
0.3648
0.0000
0.0000
0.0000
0.0000
0.0000
0.0000
2.6063
0.0000
0.0000
0.0000
0.0000
0.0000
0.0975
0.0000
0.0000
1.7717
0.0000
1.5189
1.2151
1.8585
0.9067
0.0000
0.0081
0.6738
0.9817
0.0000
0.0000
0.0000
0.0000
0.0000
0.1999
0.1853
0.0000
0.0000
2.5087
0.0000
0.0000
0.7897
0.0000
0.2013
0.0000
0.0000
3.8354
0.9989
0.0000
0.0000
0.0000
0.0817
1.2620
3.4502
0.0000
0.0000
0.0000
0.0000
0.3994
0.0000
2.0853
0.0000
0.0000
0.0000
0.0000
2.7569
0.0000
0.0000
0.0000
2.6355
0.0000
1.4965
0.0000
0.0000
0.0000
0.6363
0.0000
0.0000
0.0000
0.0000
0.7719
0.0000
0.0000
0.0000
0.1662
0.9297
0.0000
2.8107
0.0000
0.0000
0.0000
0.0000
0.0000
0.0527
0.0000
0.0000
0.0695
0.8725
0.0000
1.9003
0.0000
0.0000
0.0000
0.0000
0.0000
2.2869
1.1385
0.0000
0.0000
0.0000
0.0000
0.0000
0.3997
0.0000
2.1872
0.0000
0.0000
0.0000
0.0000
0.0000
0.0000
0.8559
0.0000
0.0000
0.0000
0.0000
0.0000
0.0000
0.0000
0.0000
0.0000
0.5323
0.0000
0.8002
0.0000
0.4679
0.0000
1.8422
0.0000
0.0000
0.0000
0.0000
0.0000
0.0000
2.3161
0.0000
0.0000
0.0000
0.0000
0.0000
0.0000
1.7421
0.0000
0.0000
0.0000
0.0000
2.1852
0.0000
0.0000
0.0000
2.5992
0.0000
0.0000
0.0000
0.0000
0.0087
1.9001
0.0000
0.0000
0.6150
0.0000
0.0000
4.0732
0.0000
0.0000
2.8980
0.1147
0.6474
0.0000
0.0000
0.9845
0.0000
1.1651
1.8878
0.0000
0.0000
1.1090
3.6867
0.0000
0.6246
3.1277
0.0000
1.6943
0.0000
0.0000
2.8016
0.0000
0.0000
0.0000
0.0000
3.7481
0.0000
0.5079
0.3530
0.0000
0.0000
0.0000
0.5676
0.0000
0.0000
0.7233
0.0000
0.0000
0.0000
0.0564
0.0000
0.2767
0.0000
0.0000
0.0000
0.0718
0.0000
0.0000
0.0000
2.6541
0.0000
0.0000
0.0000
0.0000
1.6432
2.3308
0.0000
0.0000
0.0000
0.0000
0.1264
0.0000
0.0000
0.0000
0.5153
0.0000
0.0000
0.0000
0.0000
0.1543
0.0000
0.3998
0.1876
0.0000
0.0000
0.0000
3.1923
0.1633
0.0000
0.5005
0.0000
0.0000
3.3307
0.0000
0.0000
0.0000
2.9040
0.2231
0.3877
0.0000
0.0000
0.0000
0.0000
0.4607
0.0000
2.6524
0.4970
0.1659
1.1123
3.8459
0.0000
2.1393
0.0000
0.0000
0.0000
0.0000
3.0952
0.0000
0.0000
0.0000
0.0000
0.3940
0.0000
0.0000
0.0000
1.4159
0.0000
0.0000
0.0000
1.1073
0.0000
0.0000
0.0000
0.2502
0.0000
4.0732
0.0000
2.4925
0.0000
0.0000
0.9005
0.0000
2.5630
0.0000
0.2079
0.0000
1.7686
3.2774
0.0000
0.0159
1.4511
0.2885
0.0000
0.0000
0.8806
0.0000
0.0000
0.0000
0.0000
0.0000
0.0000
2.6642
0.0000
0.0000
0.0000
1.8771
2.5452
0.0000
0.0000
0.0000
0.0000
4.6971
0.0000
0.0000
0.9300
3.1980
0.0000
0.0000
0.4279
0.7269
3.2698
0.0000
1.8188
0.0000
0.2022
0.0000
0.0000
0.0000
0.0000
0.0000
0.0000
0.0000
1.7131
1.8891
1.2317
3.1305
0.7028
0.0000
2.5785
0.0000
0.0000
0.0000
0.0000
0.0000
2.8614
0.0000
0.0000
1.8724
0.0000
0.0000
0.0000
2.0631
0.6151
2.6923
0.0000
0.0000
0.0000
0.7344
0.0000
0.5821
0.2006
0.0000
0.7335
1.1231
2.9447
1.2478
0.1141
0.0000
0.0768
0.0000
0.0000
0.0000
0.0000
0.0000
0.0000
0.0000
1.1952
0.3308
0.8300
0.0000
1.1597
0.0000
0.0000
0.0000
3.0659
1.7989
0.0000
0.0000
0.0865
2.8276
0.0000
0.3924
0.0000
0.3874
0.0000
0.0000
0.8852
0.0000
0.0000
0.0000
0.0000
2.1895
0.8199
0.8628
1.7918
0.0000
0.6058
0.0615
0.0000
0.0000
0.4652
0.0000
0.0000
1.7844
0.0891
0.0000
0.0000
0.0000
0.0000
0.0000
0.0000
0.0000
0.3772
1.2494
0.0000
0.4360
0.0000
0.0000
0.0000
3.2151
0.4717
0.0000
0.0000
1.0094
0.0000
0.0000
0.0000
0.0000
1.2783
0.0000
0.3742
1.9611
0.0000
1.0535
0.7576
0.0000
0.0000
0.4279
1.8438
1.2434
0.0000
0.0000
0.0000
0.0000
0.0000
0.0000
0.0000
0.0000
0.6855
0.0000
0.0000
0.0000
0.0000
0.0000
0.0000
0.0000
1.1602
0.0000
2.1352
0.0000
1.5056
0.0000
2.7241
1.0420
0.3459
3.0756
0.0000
0.0000
1.8248
0.0000
0.0000
0.0000
1.5479
0.0000
0.0000
4.5334
0.0000
0.0000
4.5491
1.0005
3.3374
1.0848
0.0000
1.5825
0.0000
0.4043
0.0000
0.0000
0.5223
0.0000
0.1047
0.0000
2.4736
2.0773
0.0000
0.0000
1.1534
0.0000
0.0000
2.7517
0.0000
0.9553
0.0000
0.0000
0.0000
0.0000
