1.0143
0.0000
0.0912
0.0000
1.0496
0.0000
0.0000
0.0000
0.0000
2.2458
1.1280
0.0000
0.0000
0.0000
0.0000
0.0000
0.0000
0.0000
0.0000
0.0000
0.0000
0.4075
1.9524
2.1387
0.1265
0.9186
0.0000
3.3321
0.0000
0.0000
0.7310
0.0000
1.2881
0.0000
1.2212
0.0000
0.0000
0.3753
1.2027
1.3131
0.0000
0.1457
0.0000
0.0000
0.0000
0.0000
0.0000
0.0000
0.0000
0.6381
0.0000
0.0000
0.0000
0.0000
0.0000
0.0000
1.1828
1.7545
0.0000
0.0000
0.0000
0.7810
0.0000
1.7597
0.0000
0.0000
0.0000
0.0000
0.0000
0.0000
0.0000
2.4803
0.0000
0.0000
0.0000
0.5514
0.0000
0.0000
0.0000
0.0000
0.5804
0.0000
0.0000
0.0000
0.0000
0.1813
0.0000
2.8497
0.0000
0.0000
1.0605
0.0000
1.9355
1.7372
0.0000
0.0000
0.0000
0.0000
2.4221
0.0000
0.0000
0.0000
0.3621
0.0000
0.7586
0.0000
0.0000
0.4242
1.0000
2.6884
0.0000
0.0000
0.0000
0.2326
0.0000
0.0000
0.0000
0.0000
0.0000
0.0000
0.8122
0.0000
1.4835
0.0000
0.0664
0.0000
0.7927
0.2036
0.4156
0.0000
0.0000
0.0000
1.1015
0.0000
2.1780
0.0000
1.4869
2.2492
0.0000
2.0076
2.3444
0.0000
1.6591
0.7149
1.2707
0.0000
0.0000
0.3804
0.1721
0.0000
0.9094
0.6679
1.5663
0.5241
0.0000
1.8258
0.0000
0.0000
0.9285
0.0000
0.0000
0.0000
0.5638
0.0000
0.0000
0.8152
0.5561
0.0000
0.0000
2.6265
0.0000
0.0000
0.0000
0.0000
0.0000
0.0000
0.0000
1.4084
0.0000
2.8763
0.5818
2.7773
0.0000
0.1332
0.0000
0.0000
2.8549
0.0000
1.5123
0.6987
0.0000
0.0000
0.0000
0.0000
0.0000
0.0000
0.0000
0.0000
2.7181
2.0761
0.0000
0.0000
0.0000
0.0000
0.0000
0.0000
0.0000
0.0000
0.2314
0.0000
0.0000
0.0000
0.0000
0.0000
0.0000
0.0000
0.0000
0.0000
0.0533
0.0000
0.0540
0.0000
0.0000
0.0000
1.0942
0.0000
0.0000
0.3399
0.0000
0.7912
0.0000
0.0000
0.0000
0.0000
0.4725
0.2086
1.5928
0.0000
0.0000
0.0000
0.0000
0.0000
0.0000
0.0000
0.0000
0.0000
0.0000
0.0000
0.1471
0.0000
0.0000
0.0000
0.0000
0.0000
0.0000
0.9510
0.0000
0.0000
1.6142
0.0000
0.0000
0.1389
0.0000
0.0000
0.0000
0.0000
1.6704
0.3786
0.0000
0.3334
1.8996
0.0000
0.0000
1.8444
0.0000
0.0000
0.6651
0.1392
0.0000
0.0000
2.4016
0.0000
2.2777
0.0000
0.0000
0.7940
0.0000
0.0000
0.0000
0.0000
0.0000
0.0000
0.0000
0.0000
3.8831
0.0000
0.0000
1.3079
0.0000
2.4679
0.0000
0.0000
0.0000
0.0000
0.2486
0.0000
0.4644
0.0000
0.0000
0.0000
0.0000
0.2101
0.0000
2.5228
0.9190
0.0000
0.0000
0.0000
0.6037
2.3628
0.0000
1.2317
0.0000
0.0000
0.0000
1.0045
0.0000
1.4893
0.0000
1.9805
0.0000
0.0000
0.0000
0.0000
0.0000
3.6006
1.9195
0.0000
0.0000
3.3818
0.0000
0.0000
0.0000
0.0000
0.0000
4.1421
0.0000
0.0000
0.0000
0.0000
0.0000
3.1351
0.3327
0.0000
0.8815
0.0000
0.0000
0.0000
1.7660
0.0000
0.0000
0.0000
0.0000
0.0000
0.0000
0.0000
0.0000
0.5809
0.7271
0.0000
0.4831
0.4755
0.0000
0.1502
0.0000
0.0000
0.0000
1.1094
0.0000
0.0000
3.3813
0.0000
0.2087
0.0000
0.0000
0.0000
0.0000
0.0000
0.0000
0.0000
1.7700
0.0000
0.0000
0.0000
0.1085
1.9737
0.0000
0.0000
0.0000
0.0000
0.0000
2.1165
0.0000
0.0000
0.0000
0.3551
0.0000
0.0000
2.3900
0.0000
0.0000
0.0000
0.0000
3.5024
0.0000
2.5375
0.0000
0.3537
0.4781
0.0000
0.0000
0.2171
0.0000
0.0000
0.0000
0.1271
0.0000
1.2583
0.0000
0.5912
0.0000
0.0000
0.0000
0.0000
0.0000
0.0000
0.0000
0.0000
2.4293
0.0000
2.1011
0.8490
0.3896
0.0000
2.4771
1.5711
0.0000
0.0000
2.1554
1.4562
1.7145
0.0000
0.0000
0.8527
0.0000
1.5519
0.0000
0.0000
1.2981
0.0000
0.1816
0.8421
0.7237
0.0000
0.2023
0.0000
0.0000
0.0000
0.0000
0.0932
0.0000
1.4109
0.0995
0.0000
0.0000
2.1888
3.3614
0.0000
0.0000
0.0000
0.0000
0.0000
1.3831
0.9624
1.5013
0.9289
0.0000
1.7496
0.0000
1.3954
0.0000
0.0000
0.0000
0.0000
2.5989
0.0000
0.0000
0.0000
0.7781
0.0000
0.0000
0.0000
2.5655
0.2027
0.0000
0.0000
0.0000
0.0000
0.0000
1.2470
0.0000
1.7538
0.0000
0.0000
0.5484
0.0000
0.0000
0.0000
6.1190
0.0000
2.4162
1.7046
0.0000
2.1398
1.9115
0.0000
0.0000
0.4090
0.1306
0.0000
0.4925
1.2385
1.0827
0.0000
0.0000
2.8177
0.0000
0.0000
0.0000
0.0000
0.0000
0.5826
0.0000
0.0000
0.0000
0.0000
0.0000
0.0000
0.0000
0.0000
0.0000
2.7577
0.0000
0.0000
0.0000
0.3197
0.0000
0.0000
0.0000
0.0000
0.9367
0.9860
0.0000
0.0000
0.4147
1.3732
0.0000
0.0000
0.0000
0.0000
0.1395
0.0000
0.0000
0.0000
0.0000
0.0000
0.8215
1.4916
0.0000
0.8523
0.0000
0.0000
0.0000
0.0000
0.0000
0.0000
0.0000
0.4885
2.8639
0.6753
0.0000
0.0000
0.0000
0.0000
0.0000
0.0000
0.0000
0.0000
1.5706
0.0000
0.0000
2.4204
0.0000
0.0000
0.0000
0.3152
2.2402
0.0000
1.1308
0.0000
0.0000
0.0000
0.0000
3.2811
0.0000
2.0095
0.6277
1.4067
0.8016
0.0000
1.2320
0.0000
0.0000
0.0418
0.0000
0.7420
0.0000
0.7158
0.0000
0.0000
0.0000
0.0000
0.0000
0.0000
0.5156
2.2858
0.0000
1.5585
0.0000
0.0000
0.0000
0.9889
0.0000
0.0000
0.0000
0.0000
0.0000
0.0000
0.2798
0.0000
0.0000
0.0000
2.4516
0.0000
0.0000
0.0000
0.0000
0.0000
0.0000
0.1323
0.0000
1.5621
2.0588
0.0000
0.0000
0.0000
0.9942
0.0000
0.0000
0.0000
0.0000
0.0000
0.0000
0.0000
0.0000
0.0000
0.0000
0.0000
0.0000
0.0000
0.0000
0.8131
0.0000
0.0000
0.0000
0.0000
0.0000
0.5094
0.0000
2.1986
0.9170
0.3943
1.9883
0.0000
0.0000
0.0000
0.0000
0.0000
1.5641
0.0000
2.0144
0.0000
0.6294
0.4431
0.2847
0.0000
0.0000
0.0000
0.0000
1.8135
0.0000
0.9092
0.9513
0.1571
0.0000
0.0000
0.0000
0.7308
0.0000
0.0000
0.0000
0.0000
0.8258
0.5248
0.0000
0.0000
0.0000
0.0000
0.0802
0.0000
0.0000
0.0000
0.0000
0.7827
0.0000
0.0000
0.0000
2.1262
0.0000
3.2737
0.0000
0.2164
0.0000
1.9393
0.0000
0.1221
0.0088
0.5753
0.3741
0.0000
0.0000
0.1248
0.0000
0.0000
0.0240
0.0000
0.0000
0.0000
0.0000
0.6830
1.2836
0.0000
1.4325
0.0931
0.0000
1.8032
0.0000
0.4318
0.0000
0.0000
1.3142
0.0000
0.0000
0.0000
0.0000
0.0000
0.0000
0.0000
0.8251
0.0000
0.0000
0.0000
0.0000
0.0000
0.0000
0.0000
1.0230
0.0000
0.0000
0.0000
0.4977
0.0000
1.7435
0.0000
0.0694
0.0000
0.0000
0.0000
1.5417
0.1733
0.0000
0.0000
1.9788
0.1473
0.0000
0.1773
0.0000
0.0000
0.0000
0.0000
0.9261
0.0000
0.0000
1.0096
0.0000
0.0000
1.3346
0.0000
0.0000
1.3895
0.5862
0.0000
0.3019
0.0000
0.0000
0.0000
0.0302
0.0000
0.1906
0.0000
1.9125
0.0000
0.0000
0.0000
0.0000
0.5349
0.0000
0.0000
0.0000
0.0000
0.0000
0.0000
0.0000
0.0000
0.0000
0.0000
0.0000
0.0000
2.4727
0.0000
0.0000
1.2058
0.0000
0.0000
0.0000
0.0000
0.0000
0.0000
0.0000
0.0121
0.5227
0.0000
0.0000
1.1416
0.7349
0.0000
0.2336
1.0572
0.0000
0.0000
0.0000
0.0000
2.9273
0.0000
0.0000
1.2914
0.0000
3.0499
0.0000
0.9977
0.0000
0.0000
0.0000
0.0000
0.0000
0.0000
0.0000
0.0000
0.0000
0.0000
0.0822
0.0000
1.0692
0.0000
1.1024
0.0000
0.0000
2.7519
0.1164
0.0000
0.0000
0.0000
0.0000
0.0000
0.0000
0.0000
0.0000
0.0000
0.0000
0.0000
0.0000
0.0000
2.4390
0.0319
0.0000
0.0917
0.0000
0.1985
0.0000
0.0000
0.0000
0.0000
1.8053
0.0000
0.0000
1.9245
1.5679
0.0000
0.0000
0.0000
0.0000
0.0000
0.0000
1.1721
0.7274
1.2799
0.0000
0.0595
0.0000
0.0000
1.5693
0.9885
0.0000
0.0000
0.9288
1.1264
0.5540
0.0000
0.0000
3.4249
0.0000
0.3477
0.0000
0.0002
0.0000
0.0000
1.1893
0.0000
0.0000
1.0420
0.0000
0.4522
0.0000
1.2544
0.0989
0.0000
0.0000
0.0000
0.2119
0.0000
0.7576
0.1606
0.0000
0.0000
0.0000
0.0000
1.6471
0.0000
0.0000
0.0000
1.0405
1.1437
0.0000
0.0000
2.2459
2.2910
2.2027
0.0000
0.0000
0.0000
1.2108
0.0000
0.0000
0.0000
0.0000
1.3847
0.0000
0.0000
0.0000
2.7201
0.0000
0.0000
0.0000
1.0747
0.0000
1.0829
0.0000
0.0000
0.0000
2.1691
0.0000
2.1221
0.0000
1.9741
0.0000
0.0000
0.7452
2.3808
0.0000
1.4098
0.0000
3.1009
0.0000
0.0000
0.8335
0.0000
0.8925
0.0000
0.0000
1.3877
0.0000
0.6925
2.0135
0.7264
1.5868
0.0000
1.8103
0.0000
1.3152
0.0000
0.0000
0.5065
0.0000
0.0000
0.0000
0.0000
0.5465
0.0000
0.0000
0.0000
0.0000
0.0000
0.0000
0.0000
0.0000
0.0000
0.0000
0.0000
0.0000
0.0000
2.8257
0.0000
0.5825
0.0000
0.0000
1.6760
0.3006
0.4499
0.0000
0.1161
0.0000
0.0000
0.0000
0.3392
0.0000
0.0000
0.0000
0.0000
0.0000
0.4990
0.0000
0.0000
0.0000
0.0000
0.0000
0.9041
0.0000
0.4757
0.0000
0.0000
0.8967
0.5043
0.0000
0.0000
2.3915
0.0000
0.0000
1.1009
0.0000
1.0896
0.0000
1.2693
0.0000
0.6579
1.2157
0.0000
0.2258
0.0000
0.0000
0.1891
0.0000
0.0000
0.9527
0.0000
0.4641
0.0000
0.0000
0.0000
0.0000
0.3483
0.0733
0.2269
0.0000
0.0000
0.1229
0.0000
0.1914
0.0000
0.0000
0.5599
0.0000
0.0000
0.0000
0.0000
0.0000
0.0000
0.0000
0.0000
0.0000
0.0000
1.4342
0.0000
0.0000
0.0000
0.4614
0.0000
2.7777
0.0000
0.0000
0.7479
0.0000
1.8673
0.9874
0.0000
0.0000
0.0000
1.1629
0.0000
0.0000
1.1819
0.0000
0.0000
0.0000
0.0000
0.0000
0.0000
1.3806
0.0000
0.0000
0.0090
1.7551
0.4393
0.0000
1.4260
4.2195
0.0000
0.0000
0.0000
0.0000
0.0000
0.0000
0.0000
0.3490
0.0000
0.0000
1.3575
0.0000
0.0000
1.6954
0.0000
0.6712
1.8196
0.0000
0.0000
0.1792
0.0000
0.0000
0.1672
0.0000
0.0000
1.4397
3.0279
0.0000
0.0000
0.1858
0.0000
1.4662
0.0000
0.0000
0.0000
3.6856
0.6263
1.9995
0.0000
0.0000
0.0000
0.0000
0.4060
0.0000
0.0000
0.0000
0.0000
0.0000
3.4230
0.0000
0.0000
0.0000
0.0000
0.0000
0.0000
0.0000
0.0000
0.0000
0.5815
0.0000
0.0000
0.0416
0.0000
0.0537
0.0000
0.0000
0.2828
0.0000
0.0000
0.8031
0.0000
0.0000
0.0000
2.4913
0.2981
0.0000
0.0000
1.6799
0.0000
0.0000
0.0000
0.0000
1.7655
0.3723
0.0000
0.0000
0.0000
0.0000
1.7461
0.6088
0.0000
0.0000
0.0000
0.0000
0.0000
0.2023
0.0497
3.1571
0.0000
0.0000
0.0000
1.2366
0.0000
0.0000
1.4056
0.0000
0.0000
0.0000
0.1275
0.0000
0.0000
1.4693
0.0000
0.0000
0.0000
0.0000
2.1894
1.3023
0.0000
0.0000
0.0000
2.4034
0.0000
0.0000
0.0000
0.0000
0.0000
1.5806
0.0000
0.0000
0.1773
0.0000
0.0000
0.0000
0.0000
0.0000
0.0000
0.7375
0.0000
0.0000
2.3942
0.0000
0.0000
0.0000
0.0000
0.0000
0.8099
0.0000
0.0000
1.4763
1.1267
0.0000
0.0000
0.6096
0.0000
0.0000
0.0000
0.0000
0.5020
0.6152
1.7106
0.0000
1.1198
0.0000
0.3471
0.0000
0.0000
0.1430
0.0000
0.0000
0.0000
0.0000
0.0000
0.0000
0.0000
0.0000
0.0000
0.0000
0.0693
0.2031
0.0000
0.0000
0.7601
0.0000
0.5846
0.0000
0.0000
1.0537
0.0000
0.2268
0.0000
0.0000
0.0000
1.3833
1.8842
0.0000
2.4678
0.0000
0.0000
0.0000
0.0000
0.0000
0.0000
0.9286
0.0000
0.0000
0.0000
2.0797
3.3594
0.0000
0.0000
0.0000
0.6015
0.0000
0.9674
0.2371
0.0000
3.0858
0.0000
0.2198
0.9441
0.0000
0.7188
0.0000
4.3112
1.0694
0.0000
0.0000
0.0000
1.4818
0.3444
0.0000
0.9474
0.0000
0.0000
0.2575
0.4742
1.1649
0.3661
0.0000
0.0000
0.0000
1.2756
0.3966
1.0633
0.0000
1.0030
0.0000
0.0000
1.1233
0.9579
0.0000
3.1484
0.0000
0.0000
0.4745
0.6618
0.0000
0.0000
0.0000
1.5092
0.0000
0.0000
0.7991
0.0000
0.0000
1.0472
0.0000
0.0000
0.1835
0.0000
0.7120
1.5426
0.0000
1.5896
0.0000
0.0000
0.0000
0.0000
0.0000
0.4739
0.0000
1.0307
0.0000
0.0000
0.7559
0.0000
1.1926
1.3505
0.0000
0.0000
0.0000
0.5796
0.0000
0.0000
0.0000
0.0000
0.0000
0.0000
0.0000
0.0000
1.9297
0.0000
0.0000
0.0000
0.0000
0.0000
0.0000
0.0000
0.0000
0.9076
3.9968
2.2295
0.0000
1.2998
0.0000
0.0000
0.0000
1.3814
0.0000
1.3783
0.0000
0.0000
0.0000
0.3831
0.0000
0.0000
1.6036
0.0000
0.0000
0.7335
0.0000
0.0000
0.0000
0.7578
0.0000
0.0000
4.1141
2.3085
1.4375
0.0000
0.0000
0.0000
0.0000
0.8168
1.2151
0.4635
0.0000
0.0000
0.0000
1.0561
0.0000
0.0000
0.0000
1.5220
0.0000
1.2013
0.0000
0.0000
0.0000
0.0000
0.0000
0.5470
1.4531
1.1504
0.3141
0.0000
0.0000
0.0000
0.0000
0.0000
0.0000
0.8461
0.0000
0.0000
0.0000
0.3771
0.6864
0.0000
0.0000
0.0000
0.9850
0.0000
0.0000
0.0000
0.7432
0.7840
0.0000
1.3873
0.0000
0.0000
2.1067
1.0765
0.8272
2.9457
0.0000
0.0000
0.0000
0.7423
0.0000
1.5310
0.2467
0.2732
0.0582
0.0000
0.9999
0.0000
0.0000
0.0510
0.0000
0.0000
0.5135
0.0000
0.0000
0.9471
0.0000
0.0000
0.0543
0.0021
1.5425
0.0000
0.0000
0.2585
1.7403
1.3714
0.0000
0.4193
0.0000
2.3479
0.0000
1.7723
0.0000
0.0000
0.0000
0.0000
0.0000
0.0000
0.0000
0.0000
0.0000
1.1124
0.0000
0.0000
1.2893
1.9741
0.4584
0.5987
2.2226
0.4990
0.0000
0.0000
0.0000
0.4214
0.0000
0.0000
0.0000
0.0000
0.0000
0.0000
0.0000
0.8650
0.0000
0.0000
0.0000
0.0000
0.0000
0.0000
0.0000
0.0000
0.0000
0.0000
1.6963
0.0000
0.3161
0.0000
0.9747
0.1709
0.0000
1.5645
0.0000
0.0000
0.4661
1.1446
0.8289
0.7959
1.5087
0.0000
0.0000
0.0000
0.5872
1.3608
0.0000
0.0000
0.0000
0.0000
0.4966
0.0000
0.6075
0.0000
1.2645
0.0000
2.0400
0.9402
0.0000
0.0000
0.0000
0.7109
0.0000
0.0000
0.0000
1.7360
0.0000
0.0000
2.1893
0.0000
0.0000
0.0000
0.0000
0.0000
0.0000
0.0000
0.0000
0.0000
1.6934
0.0000
0.0000
0.8174
0.0000
1.8835
1.6251
0.0000
0.0000
2.3443
0.0000
2.4118
0.0000
0.0000
0.0000
0.0000
0.2328
2.6805
1.0310
0.8770
0.0000
0.0000
0.8312
1.3910
0.0000
0.9630
0.0000
0.2496
0.3356
0.0000
0.0000
0.0000
0.0000
0.1465
0.0000
0.0000
0.0000
1.5536
0.0868
2.6357
0.0000
0.0000
0.0000
0.0000
0.0000
0.0000
0.0000
2.9656
0.2008
1.0861
2.3054
0.0000
0.0000
0.0000
0.0000
0.0000
0.5823
1.5721
2.1036
0.0000
0.9529
0.0000
1.6027
1.5142
0.0000
0.2269
0.0000
1.2769
0.4319
0.0000
0.0000
0.0000
0.0000
0.0000
0.4112
0.3254
2.7389
0.0000
0.0000
1.2735
0.0000
1.5710
0.0000
0.0000
0.5029
1.0500
0.0543
0.0000
0.0000
1.1145
0.0000
0.0000
3.1286
0.0000
1.8497
0.0000
0.7853
0.0000
0.0000
0.0000
0.0000
0.0000
0.7585
2.3127
0.0000
0.0000
2.7274
0.0000
0.0000
3.6748
0.0000
0.0000
0.1401
0.0000
0.1390
0.0000
0.0000
1.1507
0.5827
0.0000
0.0000
1.2277
0.0000
2.1667
0.0000
0.0000
0.0000
0.0000
3.1346
0.0000
3.5688
0.3086
0.8975
0.0000
0.0000
0.3058
0.0000
0.0000
0.0000
1.1276
0.0329
0.4538
0.4532
0.0000
0.0000
0.0000
0.0000
0.7305
0.0000
0.0000
0.0000
0.0000
2.0893
0.3698
0.0000
0.0000
0.0000
1.1581
0.0000
0.0000
0.4684
0.4909
1.2817
0.2523
0.0000
0.0000
0.0000
2.1115
0.0000
2.1633
0.0000
0.0000
0.0000
0.0000
0.0000
0.6366
0.4041
0.0000
0.0000
0.0000
0.8891
0.0000
0.5777
0.0000
0.2401
0.0000
0.0000
0.0000
0.0000
1.0672
0.0000
0.0000
0.0000
3.1560
0.0000
0.0000
0.0000
0.0000
0.0000
0.5575
0.0000
0.1466
0.0000
0.0000
0.0000
0.0000
2.0270
1.2184
0.0000
0.0000
0.0000
0.6398
0.4592
0.0000
0.3317
1.3254
0.0000
1.8282
0.0000
0.0000
0.7590
0.0000
2.3200
0.1889
0.0000
0.0493
0.0000
0.0000
0.0000
0.0000
3.4264
0.0000
0.0000
0.3210
0.0000
0.0000
0.0000
0.0000
0.7173
0.0000
1.4982
0.0000
0.0000
2.5057
0.0000
0.0000
0.0000
0.0000
0.2060
0.0000
0.0000
1.1284
1.6157
0.0000
2.6817
1.6312
2.8087
0.6545
1.8792
0.0000
0.0000
0.1042
0.0000
0.0000
2.8698
0.0000
0.0000
1.7679
1.3885
0.0000
0.0000
0.0000
1.1992
0.6862
0.2360
1.1486
1.0872
0.0509
0.0000
0.0000
0.0000
0.2266
0.7026
0.0000
0.0000
0.0000
0.0000
1.8926
0.0000
1.6839
1.0517
0.0000
0.0000
1.0625
1.5064
0.0000
0.0000
0.0000
2.7229
1.1237
0.0000
0.0000
0.6027
0.0000
0.0000
2.9478
1.5448
0.0000
0.0000
0.0000
0.4160
2.7269
2.2143
0.2199
0.0000
0.0000
0.0000
0.0000
3.0584
0.0000
0.0000
0.0000
0.2554
0.0000
0.0000
0.0000
0.0000
0.1734
0.3489
0.0000
0.0000
0.3949
0.0000
0.0000
0.0000
1.4502
0.5330
0.6022
0.0000
0.0000
0.1932
0.1163
0.0000
1.7952
0.8573
0.0000
0.0000
0.5032
0.0000
1.0279
0.9397
0.0000
0.0000
0.0000
0.5378
0.0000
0.0000
0.0000
0.0000
0.0000
0.8996
0.0000
2.6989
0.0000
0.0000
0.0000
0.3476
0.0000
0.0000
0.0000
0.7153
0.0000
0.0000
0.0000
0.5774
0.0000
0.0000
0.0000
0.0000
0.0000
0.0000
2.2139
0.0000
0.0000
0.0000
0.7147
0.0000
0.6425
1.2886
0.0000
0.0000
0.0000
0.1632
0.0000
0.0000
0.0000
0.0000
0.0000
0.1173
0.9179
0.0000
2.1268
0.0000
0.1972
0.7585
0.0000
0.1493
0.0000
0.0000
0.5859
0.3881
1.5490
0.0000
0.4008
0.2843
2.2526
0.0000
0.0000
0.0000
0.0000
0.0000
0.0370
0.0000
1.1413
1.0597
0.0000
2.5214
0.0000
0.7079
0.0000
0.0000
1.0170
0.0000
0.0000
0.0000
0.0000
0.0000
0.0000
0.0000
0.0000
0.0000
0.0000
0.0000
0.0000
0.0683
1.5476
1.6497
1.1375
1.8786
0.0000
2.1840
0.4533
0.2043
0.4067
0.0000
0.0000
0.0000
0.5015
0.4053
1.7423
0.0000
0.0000
0.0000
1.7905
0.0000
0.0000
0.0000
0.0000
0.0000
0.0000
0.0000
0.0512
0.0000
0.0000
0.0000
0.0000
1.0472
0.8176
0.0000
1.4530
0.0000
0.0000
1.1170
0.0000
0.0000
0.0000
1.2320
0.0000
0.0000
0.0000
2.1878
0.0000
0.0000
0.0000
0.0000
0.0000
0.4850
0.0000
0.0000
0.0000
0.0000
0.0000
0.0000
0.0000
1.2193
0.2356
0.1162
0.0000
1.9041
1.0155
1.0188
0.0000
0.0000
0.5307
2.6813
0.0000
0.0000
0.0000
0.9654
0.9029
0.0000
1.0142
0.0000
0.0000
0.0000
0.7576
0.3552
0.0000
1.1227
0.9207
0.0000
2.9257
0.0000
0.0000
0.0000
1.3300
0.0000
2.8276
1.0150
0.0000
2.0014
0.1689
0.0000
0.6395
0.0000
0.4296
0.0000
0.0000
0.0000
0.0000
0.7584
0.0000
0.0000
0.0000
0.0000
0.0000
0.1566
0.0000
0.7697
0.0000
0.9700
0.0000
0.0000
0.0000
0.0000
0.0000
1.9849
0.0000
0.4688
1.3776
0.0000
0.0000
1.9178
1.6244
1.3273
0.0000
0.0000
0.4620
0.0000
0.0000
0.0000
0.0000
0.0000
0.0000
0.5171
0.0000
0.0000
0.0000
0.0812
0.0000
0.0000
2.0169
0.0000
0.0000
0.0000
0.0000
0.1511
0.8422
0.0000
0.6138
0.0000
0.0000
0.4353
0.1716
0.7596
1.8108
0.0000
0.6516
1.4016
0.5282
0.0000
0.8789
0.2435
0.0000
0.0000
0.0000
0.1294
0.8747
0.3771
0.0000
1.3944
0.0000
1.7890
4.8867
0.0000
0.0000
0.5236
0.0000
0.0000
0.0000
0.0000
0.0000
0.0000
0.0000
0.0000
0.0000
0.0000
0.0000
0.0000
0.0000
0.0000
0.0000
0.7484
0.0000
1.4255
0.0000
0.0000
1.5255
0.8106
0.0000
2.3097
0.0000
0.0000
0.0000
0.0000
0.0000
0.4407
0.4842
0.0000
0.0000
2.0633
0.0000
0.5584
0.0000
1.2871
0.0000
0.0000
1.3299
0.0000
0.0000
0.0000
0.0000
0.0000
1.4196
0.0000
0.0000
3.4719
0.6906
0.6548
0.0000
0.6716
0.0628
0.0000
0.0000
2.8079
0.1763
0.0000
0.0466
0.0000
0.0000
0.6459
0.6992
0.0000
0.1610
0.0000
0.0000
0.0000
0.0000
0.0000
0.0000
0.0000
0.0000
0.0000
0.0000
0.0000
0.0000
0.0000
2.4748
0.0000
0.0000
1.0995
0.0000
0.0000
0.0000
0.0000
0.0000
0.0000
1.8016
0.0000
0.0000
0.3036
0.0000
0.0000
1.7129
0.0000
0.0000
0.0000
0.0000
0.0000
0.0000
1.3928
0.0000
0.4050
0.0000
0.0000
0.0000
0.0000
0.0000
0.6020
2.9627
0.0000
1.3678
0.0000
0.0000
0.0000
0.3941
0.0000
0.0000
0.0000
1.6266
1.5899
0.0000
0.0000
0.0000
0.0000
0.9220
0.0000
0.0000
4.1470
0.0000
0.0000
0.0000
0.0000
3.5890
0.8080
0.0000
0.0000
0.0000
0.0000
0.3107
0.0000
0.0000
0.0000
0.0000
0.0000
0.0000
0.0000
0.0000
0.0000
0.0000
0.0000
1.9505
0.0000
0.0000
0.2883
0.0000
0.0000
0.4682
0.0000
0.0000
2.1932
0.0000
0.7918
1.2602
0.0000
0.0000
1.4045
0.0000
0.3589
0.0000
0.0000
2.1005
0.0000
0.0000
2.9474
0.0000
0.0000
0.0000
0.3853
0.0000
0.0000
0.0000
0.2214
0.0000
0.3747
0.8964
0.0000
0.0000
0.0000
0.2641
0.0000
0.0000
0.1581
0.0000
0.0000
0.0018
0.2844
0.0000
0.0000
0.0000
0.0000
1.3698
0.0000
0.0000
0.0000
0.0000
0.0000
0.1102
1.8863
0.0000
0.5158
0.0000
0.0000
3.6751
0.0000
0.0000
0.9993
0.0000
0.7902
0.0000
1.6751
1.6647
0.0000
0.0000
0.0000
0.0000
0.0000
0.0000
0.0000
0.0000
0.0000
2.0862
0.0000
0.0000
2.4542
0.0000
2.9377
0.1904
0.0000
0.0000
0.1154
0.0000
0.3179
0.9720
1.9332
0.5672
0.0000
2.1771
0.0000
0.0000
0.9179
0.0000
0.6656
0.0000
1.3674
0.6317
0.0000
0.0000
0.0000
0.0000
1.2160
0.0000
0.0000
1.5518
0.0000
0.0000
0.0000
1.1900
0.0000
0.0000
0.0000
2.0613
0.0000
0.0000
0.0000
2.0846
0.5618
0.0000
0.0000
0.0000
1.7563
0.0000
0.0000
0.0000
2.6775
1.3456
6.6272
0.0000
2.7662
3.9669
0.0000
0.0000
0.0000
0.0000
0.0000
0.0000
0.0000
0.0000
0.8086
2.6410
0.0000
0.0000
0.0000
0.2397
0.0000
0.7839
0.0000
2.5371
0.4187
0.0000
0.0000
0.9501
0.7399
2.1099
2.3093
0.0000
0.0000
1.1795
0.0000
1.3891
0.0000
0.0000
2.3424
0.0000
1.0702
0.0000
0.0000
0.0000
3.5825
0.0000
0.3487
0.0000
0.0000
0.0000
0.0000
0.0000
0.0000
0.0000
2.4844
0.5400
0.0000
0.0000
0.0000
0.0000
0.0000
0.0908
0.0000
0.0000
0.0000
0.1243
0.0000
0.0000
0.0776
0.0000
0.0000
1.0905
1.5984
0.0000
0.0000
2.2578
0.0000
0.0000
0.0000
1.3178
1.1733
1.6215
0.5107
0.0000
0.0000
0.7905
0.0000
0.0000
0.7432
0.1498
1.3729
0.0000
2.0507
0.0000
0.0000
4.1675
0.0000
0.0000
1.6777
0.0000
0.0000
1.1156
0.0000
0.0000
0.0000
0.0000
0.0000
1.9610
0.6586
0.0000
0.0000
0.9852
0.7097
0.0000
1.0732
4.4959
0.0000
0.0000
0.5351
0.0000
0.0000
0.0000
2.8265
0.0000
0.0000
0.0000
0.0000
0.6158
0.0000
0.0574
0.0000
0.0000
0.0000
0.0000
1.1535
0.7904
0.0000
0.0000
3.1627
0.0000
0.0000
0.0000
0.0000
0.0000
1.2321
0.0000
0.0000
0.0000
1.6578
0.0000
0.0000
1.3064
0.0000
0.1598
0.0000
0.0000
0.0000
0.1813
1.1032
0.0000
2.5060
2.5846
0.0000
0.0000
0.0000
0.0000
0.0000
1.3245
0.3248
0.0000
0.0000
0.0000
0.0000
0.1729
0.0000
2.4307
3.4778
0.0000
0.0000
0.0000
0.9345
3.1937
0.0000
0.0000
0.0000
0.0000
0.0000
0.0000
0.0000
0.0000
0.0000
0.0000
0.0000
1.3888
1.4849
2.7418
0.0000
0.0000
0.0000
0.0000
0.0000
2.0744
0.0000
0.0000
0.0000
0.0000
2.4625
0.0000
0.0000
0.0000
2.5165
0.0000
0.0000
1.0141
2.2656
1.5555
0.0000
1.6611
1.3028
0.0000
0.0000
0.0000
0.0000
0.0000
0.0000
0.9627
1.1582
0.0000
0.0000
5.2843
0.4260
2.5285
0.0000
0.1509
0.0000
0.0000
0.0000
0.0000
0.0000
0.0000
0.6100
0.0000
0.0000
0.0000
1.0334
0.0000
0.2970
0.7926
0.0000
0.0000
0.0000
1.2337
0.0000
0.0000
0.0000
0.1624
0.5693
0.0000
0.0000
1.3736
0.0000
1.9307
0.9637
0.0000
0.0000
0.0000
0.0000
0.0000
0.0000
0.0000
0.7981
0.0000
0.0000
0.0000
0.0000
0.0000
0.0000
0.0000
0.0000
2.5411
0.0000
1.1630
0.5947
0.0000
0.0000
0.0000
0.0000
0.7074
0.0000
0.0000
0.0000
0.0000
0.6818
0.4744
0.0000
0.0000
2.0126
1.1272
0.0000
0.0000
0.0628
0.0000
1.3478
0.0000
0.0000
0.0000
0.0000
0.0000
2.2283
0.0000
0.0000
0.0000
0.0000
1.0396
0.0000
0.2752
0.0000
0.0000
0.0000
0.0000
0.0000
0.0000
0.9339
0.8390
0.0000
2.0851
0.7670
0.0000
3.5169
0.0000
1.3041
2.7098
0.1632
0.0000
0.7817
0.0000
0.0000
0.6100
0.0000
0.0000
0.0000
0.2727
0.2701
0.0000
0.0000
0.0000
1.7574
0.0000
1.4068
0.0000
2.7110
0.0000
0.0000
1.0329
1.8660
2.8546
0.0000
0.0000
0.0000
0.0000
0.8355
1.8562
0.0000
0.3309
0.0000
0.0000
1.7030
0.0000
0.0000
2.5830
0.0000
0.0000
1.6539
0.0000
2.1269
0.0000
0.0000
0.0000
0.0000
3.7945
0.0000
0.0000
0.0588
0.0000
0.0000
0.8794
0.0767
0.2519
1.6478
0.0000
0.0000
0.0000
0.0000
0.0000
0.0000
1.3226
0.4492
0.0000
0.0000
0.0000
0.0000
1.9895
1.3121
0.0000
0.0000
0.1541
0.0000
2.3353
0.3538
0.0000
0.0000
0.0000
0.6740
1.7895
0.0000
0.0000
0.0000
1.2112
0.2909
0.0000
0.8409
0.0000
0.0000
1.6775
0.5493
0.0000
0.0000
0.0000
0.2972
0.0000
0.0000
0.0000
0.0000
1.5108
2.2330
0.7475
1.0969
0.0000
0.0539
0.0000
0.0000
0.0000
0.4684
0.1003
0.0000
0.0000
0.0000
0.0000
1.0119
0.0000
0.0000
0.0000
0.0000
0.0000
0.0000
0.3785
0.0000
0.9520
0.0000
0.7269
0.0000
0.0000
0.6799
0.4736
1.2061
0.0000
3.0867
0.4094
2.2048
0.0000
0.7153
0.0000
0.0000
0.0000
0.0000
0.0000
0.0000
0.0000
0.5668
0.7864
0.6145
0.0000
0.0000
0.0000
0.6387
0.3501
0.0000
0.0000
0.0000
0.3384
0.0000
0.0000
0.0000
0.6591
0.0000
0.0000
0.0000
1.7067
0.0000
0.4013
0.0000
0.2739
0.0000
0.0000
0.0000
0.0000
0.0000
0.0000
0.0000
0.0000
0.8862
0.0000
0.0306
0.0000
0.0000
0.0000
0.2346
0.1810
0.0000
0.0000
0.0000
0.0000
0.0000
0.8037
0.0000
1.1842
0.1364
0.0000
0.0448
0.0000
0.0000
0.0000
0.0000
0.0000
1.1043
1.5796
0.0000
1.5432
0.5931
0.0000
0.0000
0.0000
0.0000
0.1089
0.0000
0.0000
2.1623
1.5242
0.0000
0.0000
0.0000
0.0000
0.1679
1.5907
0.0000
0.0000
0.0000
0.8465
0.0000
1.3475
0.2485
0.9723
0.0000
0.0000
0.0000
0.0000
0.6445
0.2774
5.0348
0.2268
0.0000
1.1016
0.0000
0.4245
0.2068
0.0000
0.0000
0.6036
0.0000
1.1163
0.0000
0.0000
0.0000
0.0000
0.0000
0.4744
0.0000
0.0000
0.7198
1.7811
0.0000
2.1885
0.0000
0.0000
0.0674
0.8182
0.7695
1.1162
1.3597
0.0000
0.0000
0.0000
0.1110
0.0000
0.0000
0.0000
0.0000
0.0000
0.0000
0.2718
1.3664
0.0000
0.0000
0.0000
0.3760
1.1416
0.0000
0.0000
0.0000
0.1643
0.0000
0.0000
0.0000
0.0000
0.0000
1.7346
0.4644
0.0000
0.0000
0.0000
0.0000
1.3299
0.0000
0.0000
0.0000
0.0000
1.3568
0.0000
0.0000
0.0000
0.0000
0.0000
0.0000
0.0000
1.2514
0.0000
0.5439
0.0000
0.0000
0.0000
0.0000
0.0000
0.0000
0.2195
0.0000
0.0161
0.0000
0.0000
0.0000
0.0000
0.4745
0.0000
1.0906
0.0000
3.7372
0.0000
0.0000
0.0000
0.0000
0.0000
0.0000
0.0000
1.0156
0.3741
0.0000
0.0000
0.0000
0.1962
0.0000
0.0000
1.4575
1.0578
0.1686
0.0000
0.0000
0.6029
0.0904
0.0000
1.0396
0.0000
0.0000
0.0000
0.0000
0.6191
0.1843
0.0000
0.0000
2.1454
1.5978
2.5606
0.0000
0.0000
0.9325
0.0000
0.0000
0.0000
0.0000
1.3911
0.0000
2.0721
0.0000
0.3554
0.2348
1.2954
0.0000
1.8385
0.0000
2.3399
0.0000
0.0000
0.0000
1.4361
0.0000
1.9249
0.9210
0.0000
0.0000
0.0000
0.0000
0.0000
1.1270
0.0000
0.8343
1.8068
0.0000
0.0000
0.0000
0.8185
3.2024
1.9203
0.0000
0.0000
0.0000
0.0000
0.0000
0.2913
3.4574
0.0000
0.0000
0.0000
0.0000
0.0000
0.0000
2.1546
1.6331
2.2294
0.0000
0.0000
0.3890
0.0000
0.9163
3.0528
0.0000
0.0000
0.0000
0.8918
2.6148
2.1527
0.0000
0.0000
0.0000
0.0000
0.1774
4.4272
0.0000
0.0000
3.6067
0.0000
0.0000
0.0000
0.0000
0.4994
1.3220
1.5941
0.0000
0.0000
0.3120
2.1089
1.4240
0.0000
0.6236
0.0000
0.0000
0.0000
0.0000
3.5024
0.4002
1.5239
0.0000
0.0000
1.0103
0.0171
0.2342
0.0000
0.0000
0.0000
0.0000
3.9043
0.0000
0.0000
0.0000
0.0000
0.0000
0.0000
0.0000
0.7422
0.0000
0.0000
0.8934
0.0000
1.6669
0.0000
0.0000
1.8827
4.5852
0.0000
0.0000
0.0000
0.0000
2.1995
0.0000
0.0000
0.6947
0.0000
0.0000
1.5093
0.0000
0.8476
1.3643
0.0000
0.0000
0.5683
0.0000
0.0000
1.5619
1.7954
0.0000
0.0000
0.0000
0.0000
0.0000
0.0000
0.0000
4.6294
0.0000
1.4826
0.0000
0.0000
0.0000
0.0000
1.1659
0.0000
0.0000
0.3686
0.0000
0.0000
0.0000
0.0000
0.0000
2.5978
0.0000
2.2470
2.7005
0.0000
0.0000
0.0000
0.0000
0.0000
0.0000
0.0000
3.1544
0.0000
0.0000
0.5941
0.0000
1.7206
0.0000
0.0000
0.0000
0.0000
0.0000
1.0910
3.8676
2.4518
1.6312
0.8619
0.0000
1.8960
0.1662
0.0000
0.0000
0.0000
0.9337
0.6333
2.4234
0.0000
0.0000
0.0547
0.5202
0.0000
0.0000
0.0000
0.0000
0.0000
0.0000
0.2447
1.2344
0.0000
0.0000
0.0000
4.1415
0.0000
0.0000
0.0000
0.1935
0.6539
2.0891
0.0000
0.1589
0.0000
0.0000
0.0000
0.0000
0.8396
0.7231
2.0407
0.0000
1.1001
0.0000
0.2058
0.1257
0.0000
1.1107
0.0000
0.0000
0.0000
1.9590
0.0000
1.3710
0.0000
0.0000
0.0000
0.7564
3.5790
0.0000
0.0000
0.0000
0.0000
0.0000
0.0000
0.0000
0.2502
2.7037
0.0000
0.0000
1.1753
2.2140
0.0000
0.0000
0.0000
0.3685
1.6444
0.0000
0.0000
0.0000
0.0000
0.0000
0.7009
1.1216
0.0000
0.0000
2.8314
0.0000
2.2000
0.6286
0.0000
0.0000
0.0000
0.0000
3.2924
0.0000
0.7121
0.0000
0.0000
0.0000
1.2945
2.7729
0.0000
0.0000
0.9402
0.6574
0.0000
0.0000
2.6016
0.0000
0.0000
0.0000
1.1094
2.2516
0.0000
0.0000
0.0000
1.5457
0.0000
2.1661
0.4729
0.4123
0.7928
0.0000
0.0000
0.0000
0.0000
0.0000
1.3074
0.0000
0.0000
0.0000
0.0000
1.4924
0.0000
1.9031
0.0000
0.0000
0.0000
0.0000
0.0000
0.0000
0.0000
0.0000
0.4422
0.6501
0.0000
3.3048
0.0000
0.0000
0.0000
0.0000
0.0000
1.2616
0.3490
0.0000
0.0000
0.0000
0.0000
0.0000
1.0152
1.2456
0.8650
0.0000
0.0000
0.0000
0.0000
0.0000
0.4940
1.4520
0.4292
1.8614
0.0000
0.0000
0.0000
0.0000
0.0896
1.9175
0.0000
0.0000
0.0000
1.1163
0.0000
0.6767
0.0000
2.5665
0.0000
0.0000
0.0000
0.0000
0.0000
0.0000
2.9403
0.0000
0.0000
0.0000
0.0000
0.0000
0.0000
1.2472
0.0000
0.0000
0.2540
0.0000
1.4276
0.0000
0.0000
0.0000
0.5345
0.7307
0.0000
0.0000
0.0000
0.0000
1.9593
0.0000
0.0000
0.0000
0.0000
0.0000
3.3791
0.0000
0.0000
2.2725
1.0435
0.0000
0.0000
0.0000
0.4954
0.0000
0.6687
1.4902
0.0000
0.0000
2.9403
3.4659
0.0525
0.0000
1.5629
0.0000
0.1997
0.0000
0.0000
1.0522
0.0000
0.0000
0.0000
0.0000
1.7905
0.0000
0.0000
0.0000
0.0000
0.0000
0.0000
0.0000
0.0000
0.2002
0.8941
0.0000
0.0000
0.0000
0.0000
0.9686
0.6694
0.6948
0.0000
0.0000
0.0000
0.0000
0.0000
0.0000
0.0000
0.0000
0.0000
0.1755
0.0000
0.5347
0.0000
0.0000
0.0000
1.2929
0.0000
0.0000
0.0000
0.0000
0.0000
0.0000
0.0000
0.0000
0.0000
0.0000
0.0000
0.0000
1.9359
0.0000
0.0000
0.0000
0.0000
1.3003
1.9625
0.8380
0.0000
0.0000
0.1336
2.0030
0.0000
0.0000
0.0000
3.3039
1.2957
0.0000
0.0000
0.0000
0.0000
0.0000
0.4161
0.0000
2.6461
0.0000
0.0000
1.4735
4.3139
0.0000
1.4172
0.0000
0.0000
0.0000
0.0000
2.8435
0.1774
0.0000
0.0000
0.0000
1.9780
0.7425
0.0000
1.5582
0.0000
0.0000
0.0000
0.9087
1.6057
0.0000
0.0000
0.0000
0.0000
0.0000
3.6872
0.0000
1.6674
0.0000
0.0000
3.2086
0.0000
0.5320
0.0000
2.3196
0.3285
0.0000
0.0000
0.0000
0.0000
0.5128
0.0000
0.0000
0.0000
1.5462
0.0000
0.0000
0.0000
0.4183
0.0000
0.0000
1.5656
0.0000
0.0000
0.0000
1.8614
0.5562
1.0924
0.0000
0.6596
0.0547
0.0000
0.0000
0.0000
1.2448
2.8866
0.0000
0.0000
0.8397
0.8049
4.7307
0.0000
2.2023
0.0000
1.7300
0.0000
0.0000
0.0000
0.0000
0.0000
0.0000
0.2027
0.0000
2.5239
2.1210
2.8928
0.3077
0.0000
0.9648
0.0000
0.0000
0.0000
0.0000
0.0000
1.1990
0.0000
0.0000
2.2817
0.0000
0.0000
0.0000
1.3083
1.9422
0.0000
0.0000
0.0000
0.0000
0.8111
1.1251
0.8877
0.0000
0.0000
0.0000
0.8247
1.4181
2.4458
0.0000
0.0000
0.1209
0.0000
0.0000
0.5372
1.7499
0.0000
0.0000
0.0000
0.7597
0.3121
0.1801
0.0986
0.0000
0.0000
0.0000
0.1780
0.8732
3.0720
0.0000
0.0000
0.4498
2.6138
0.0000
1.1661
0.0000
0.0000
0.0000
0.0000
0.0000
0.0000
0.0000
0.2372
0.0000
3.2741
0.0000
0.3416
1.2023
0.0000
0.2923
0.5172
1.1681
0.0000
0.2909
0.0000
1.6604
0.8314
0.0000
0.6976
0.9070
0.0000
0.0000
0.0000
0.0000
0.0000
1.0743
1.5696
0.0000
0.0000
0.0000
0.0000
0.0000
3.9018
0.0000
1.0989
0.0000
1.5462
0.2058
0.0000
0.0000
0.0000
1.9306
0.0000
1.8420
0.0735
0.0000
2.0837
1.9292
0.0000
0.0000
1.6857
2.1969
0.0000
0.0000
0.0000
0.0000
0.0000
0.0302
0.0000
0.0000
0.0000
0.0000
0.0000
0.0000
0.7017
0.0000
0.0000
0.5614
0.0000
1.5270
0.1452
0.0000
0.0000
0.8897
0.0000
0.5137
1.4545
1.5168
0.0000
0.0000
0.0000
0.7737
0.0000
0.0000
0.0000
0.0000
0.0276
0.0000
4.5377
1.3704
0.0000
1.6100
0.3368
0.8764
2.0447
0.0000
1.6140
0.8320
0.0000
0.0000
0.0000
0.0000
0.0000
0.0000
0.2060
1.2859
1.4502
0.0000
0.0000
0.5145
0.0000
0.0000
3.2547
0.0000
1.1011
0.0000
0.0000
1.4243
0.0000
