0.4552
0.0000
0.0000
0.0130
0.0000
0.5171
0.2670
0.0000
0.9107
2.3992
0.0000
0.0000
0.4845
0.4759
0.0000
0.6763
0.0000
0.0000
0.0000
0.0236
0.0000
0.0000
1.8773
1.6933
2.4652
0.8487
0.0000
1.4861
0.0000
0.0000
0.0000
0.0000
2.0997
0.0000
2.4981
0.0000
0.0000
0.0000
2.1136
1.0464
0.0000
0.0000
0.0000
0.0000
0.0000
2.3155
0.0000
0.0000
0.9262
0.0000
0.0000
0.0000
0.0000
0.0000
0.0000
0.0000
0.0000
0.0000
0.0000
0.0000
0.0000
3.0199
0.0000
2.0503
0.0000
0.0000
0.0000
0.0000
0.4935
0.0000
0.1645
2.6054
0.0000
0.0000
0.0000
0.6174
0.0000
0.0000
0.4925
0.1869
0.0000
0.0000
1.1790
0.0784
0.0000
0.6248
0.4417
0.8623
1.7272
0.0000
0.0000
0.0000
1.0804
0.9334
0.0000
0.0000
0.0000
0.0000
2.1049
0.0000
0.0000
0.0000
0.0000
0.0000
0.1839
1.2610
1.5136
0.0000
1.5361
3.5529
0.0000
0.0000
0.2053
1.1828
0.0000
0.0000
0.8866
0.0000
0.0000
0.0000
2.4719
1.4172
2.1106
1.6989
0.0000
0.0000
0.7992
1.2925
0.0000
0.6725
0.9861
0.0000
0.0000
0.0000
2.9658
0.0000
0.8019
2.5265
0.0000
2.8208
1.6517
0.0000
0.0167
1.3146
1.5850
0.0000
0.7405
2.4552
2.1130
0.2110
0.6341
2.1272
0.0000
0.0000
0.0000
0.0000
0.0000
0.2843
0.7568
0.0000
2.3928
0.0000
0.0000
0.0000
0.0000
2.2779
0.0000
0.0000
0.0000
1.4309
0.0000
0.0000
0.0000
0.0000
0.0000
0.0000
0.0000
0.2589
0.0000
4.6810
3.1158
2.7305
0.0000
0.0000
0.0000
0.0000
0.5440
0.0000
2.1708
1.5503
0.0000
0.0000
0.6103
0.0000
0.7193
0.0000
0.0000
2.2508
3.5329
2.2405
0.0000
0.2017
0.0000
0.0000
0.7151
0.7822
0.0000
0.3040
0.0194
0.0000
0.0000
0.0000
0.0000
1.4124
0.0000
0.0000
0.0000
0.0000
0.0000
0.5306
0.0000
0.0000
0.0526
0.0000
2.1845
0.0000
0.0000
1.4803
0.0000
0.0000
0.0000
0.4080
0.0000
0.0000
3.2270
0.0000
1.6643
0.0000
4.0060
0.0000
0.0000
0.0000
0.0000
0.0000
0.0000
0.4511
0.0000
0.0000
0.8348
0.0000
0.0000
0.0000
0.0000
0.3579
0.0000
0.0000
0.0000
0.0000
1.2490
0.0000
0.0000
0.8575
0.0000
0.0000
0.0000
0.0000
1.3327
0.0000
0.0000
2.0778
2.6582
0.0000
0.0000
1.4751
0.4223
0.0000
0.3079
0.4280
1.8691
0.0000
1.1947
0.0000
0.0428
0.7659
0.6799
0.0000
0.0000
0.0000
0.0000
0.0000
0.0000
0.0000
0.0000
0.9014
2.4208
0.0000
0.7020
0.0000
0.0000
2.9712
0.0000
0.0000
0.0000
0.0000
0.0717
0.0000
0.2807
0.0000
0.0000
0.0000
0.0000
0.2518
0.0000
0.0000
1.0616
0.0000
0.6967
0.0000
0.0000
1.3103
0.0000
0.9211
0.0000
0.0870
0.0000
1.3323
0.8847
0.1741
0.0000
0.9380
0.0000
0.0000
0.0000
0.0000
0.0000
0.6801
0.5704
0.0000
0.0000
3.0388
0.0000
0.0000
0.0000
0.0000
0.0000
4.9555
0.0000
0.0000
0.0000
0.4589
0.0000
2.3919
0.0000
0.0000
1.5501
3.1719
0.0000
0.0000
3.2022
0.0000
0.0000
0.0000
0.0000
0.0000
0.0000
0.3711
0.0000
0.8272
0.0000
0.0000
0.0000
0.2656
0.0000
0.0000
0.8108
0.0000
0.0000
1.7921
0.0000
0.0000
2.8578
0.0000
1.1035
0.0000
0.0000
0.0000
0.9611
0.0000
0.0000
0.1602
5.4042
0.0000
0.0000
0.5613
0.6855
0.5330
0.0000
0.0000
0.0000
0.0000
0.8286
0.2670
0.0000
0.2301
0.0000
0.0000
0.0000
0.0000
2.1676
0.0000
0.0000
0.0000
0.0000
1.0384
0.8260
0.0000
0.0000
0.0000
1.2065
0.0000
0.7967
0.0000
0.9229
0.0000
0.0000
0.2372
0.4210
0.7510
0.0000
0.0000
0.0000
0.0000
0.0000
0.8631
0.0000
0.0000
1.1669
0.0000
2.0492
0.0000
1.9237
3.0767
0.0000
0.0000
3.3210
0.1833
1.5413
0.0000
1.4258
2.4638
0.0000
0.0000
0.0000
0.3919
0.0000
0.1153
0.0000
1.1727
0.0000
0.0000
0.8603
0.3078
2.2839
0.0000
0.3605
0.0000
0.0000
0.0000
0.0000
0.0000
0.0000
0.3306
0.0000
0.0000
0.0000
1.5482
0.0000
0.0000
0.0000
0.0000
0.0000
0.0000
0.2912
0.0000
0.0000
0.0000
1.0366
0.6662
0.0000
2.0726
0.0000
0.0000
0.0000
0.0000
0.1305
1.5628
0.0000
0.0000
0.4911
0.0000
0.0000
0.0000
2.7986
0.0000
0.0000
0.0000
0.0000
0.0000
1.0311
0.0000
1.7672
2.9318
0.0000
1.3217
0.0000
1.2659
0.0000
1.7716
2.1855
0.0000
1.5525
3.1296
0.0000
0.0000
0.1579
0.0000
1.5266
0.0000
0.0000
0.0000
0.8363
0.0000
0.0000
0.0000
0.0000
2.6338
0.0000
0.0000
0.4093
0.0000
0.0000
0.0000
0.0000
0.0000
0.0000
0.0000
0.0000
0.4689
0.0000
0.0000
0.0000
0.0976
0.0000
0.0000
0.1837
0.0000
0.4582
0.0000
0.4869
0.0000
0.8442
0.0000
0.0000
0.0000
0.7178
0.7891
0.0000
0.0000
0.0680
0.0000
0.0000
0.0000
0.0000
0.0000
0.7585
0.0000
0.5861
0.0000
0.0000
0.3479
0.0000
0.0000
0.0000
0.0000
0.0000
0.0000
0.0000
1.9909
1.8200
0.0000
0.2802
0.0000
0.0000
1.5064
0.0000
0.0000
0.0000
0.0000
2.1106
1.6106
0.0000
1.5904
0.0000
0.0000
0.5637
0.3076
1.4922
0.0000
0.7694
0.0000
0.8064
0.0000
0.0000
3.8907
0.0000
0.8149
1.1011
0.0000
0.1865
0.0000
1.4778
0.0000
0.0000
1.2649
0.0000
1.3146
0.0000
0.0000
0.0000
0.0000
0.0000
0.0000
0.0000
1.1222
0.5676
1.7981
0.0000
1.6918
0.0000
0.0000
0.0236
0.0388
0.0000
0.0000
0.9110
0.0000
0.0000
0.0000
0.1520
0.0000
0.0000
0.0000
1.6954
0.0000
0.0000
0.0000
0.0000
0.4881
0.0000
0.3866
0.0000
0.8864
1.2154
0.0000
0.0000
0.0000
0.0617
0.0000
0.0000
0.0000
0.6868
0.0000
0.0000
0.0000
0.0000
0.5953
2.1985
0.0000
0.0000
0.0000
0.0000
1.6797
0.0000
0.0000
0.0000
2.8538
0.0000
0.0000
0.0000
3.0588
1.2694
0.0000
3.0337
0.0000
0.9588
0.0000
0.0000
0.0000
0.0000
0.0000
2.2898
0.0000
1.4948
0.0000
0.0000
0.0000
0.0000
0.0000
1.8053
0.3517
0.0000
3.7033
0.0000
0.0000
0.0000
0.0000
0.0000
0.0000
0.0000
0.0000
0.0000
0.0000
1.3746
0.4646
0.9861
0.0000
1.1632
0.0000
0.0000
1.4864
0.0000
0.0000
0.9221
1.0900
0.0000
0.0000
0.0000
0.8208
0.8617
3.1059
1.3727
0.0000
0.0000
1.7900
0.0000
0.0000
0.0000
0.0000
1.0949
0.0000
0.0000
0.3006
0.0000
0.0000
0.7763
0.0000
0.3621
0.0000
0.0000
0.0000
0.0000
0.0000
4.5019
0.0000
0.0000
1.2551
0.0000
0.1286
0.0000
0.0370
0.7158
0.0000
0.0000
0.0000
0.0408
0.0000
1.2192
0.0000
1.4091
1.6274
0.0000
0.4836
0.0000
0.0000
0.0000
0.0000
0.2731
1.5488
0.0000
0.0000
0.0000
0.0000
0.8253
1.8660
0.0000
0.0000
0.0000
0.0000
0.8682
0.0000
0.0000
1.1103
3.3835
0.0000
0.0000
0.0000
0.0000
0.0000
0.0000
0.0000
0.0000
1.0329
0.0000
1.7671
0.0000
0.0000
0.4009
0.0000
0.0000
1.4550
3.5381
0.0000
0.0000
0.0000
0.0000
0.0000
0.0000
0.0000
0.0000
0.0006
0.8892
0.8897
0.0000
0.0000
0.0000
0.0000
1.0609
0.2593
0.0000
0.0000
0.0000
0.0000
0.0000
0.0000
0.0000
0.3450
0.0000
0.0000
0.0000
0.0000
0.0000
0.0000
0.0000
0.0000
0.0000
0.0000
0.0000
0.0000
0.0000
0.0000
0.6350
0.0000
0.0000
3.9221
0.5857
0.0000
1.3419
0.0000
0.0000
0.0000
0.5779
0.0000
1.2129
0.5298
0.0000
0.7499
0.0000
1.2436
0.0000
0.0000
0.0000
0.0000
0.0000
0.0000
0.0000
0.0000
0.0000
0.0000
0.0000
0.0000
0.0000
0.0000
1.7375
0.0000
0.0000
0.0000
0.0000
1.2005
0.3090
0.0000
0.0000
0.0000
0.0000
0.0000
0.0000
0.0000
0.0000
0.0000
0.1557
0.9113
0.0000
0.0000
2.1617
0.3771
0.0000
0.7142
0.0000
0.0000
0.0000
0.0000
0.0000
0.0000
1.7600
0.0000
0.0000
1.6537
0.7203
0.0000
0.0000
0.0000
0.0000
1.5246
0.0000
0.4448
0.7118
0.0000
0.0000
0.0000
0.0000
0.5009
0.0000
0.0000
0.0000
0.0000
0.5766
1.4503
0.0000
0.0000
0.0000
4.4733
0.8067
0.0834
0.0000
0.0000
0.0000
0.0000
1.0972
0.0000
0.0000
0.9822
0.0000
0.0000
0.0000
1.0556
0.1982
0.0000
0.0000
2.0048
1.9565
0.0000
0.0000
0.0000
0.2964
0.0423
0.0000
0.0000
0.9090
0.7742
0.0000
0.0000
0.0000
0.7570
0.0000
0.0000
1.4517
0.8634
0.2753
0.0000
0.0000
0.6258
0.4543
0.0000
0.0000
0.0000
0.2568
0.0000
0.0000
0.0000
1.1801
4.3605
2.3280
0.0000
0.0000
0.9813
0.0000
1.5526
0.0000
0.0000
0.0000
3.5404
0.0000
0.0000
0.0000
3.0183
0.0000
0.0000
0.0423
2.5942
0.0000
1.8776
0.0000
1.7266
0.8809
0.0000
0.0000
0.8047
0.3224
0.0000
0.0000
2.6887
1.3491
0.0000
2.6149
0.1036
2.6173
0.0000
0.0000
0.0000
0.0000
0.0000
0.0000
0.0000
0.0000
0.0000
0.0000
0.0000
1.3808
0.0000
0.0000
0.0000
2.2642
0.0000
0.0000
0.0000
0.0000
0.0000
0.0000
0.0000
0.0000
0.0000
2.9617
0.0000
2.7072
0.0000
0.0000
0.2226
0.0000
0.0000
0.0000
0.0719
2.0418
0.0000
0.0000
0.0000
0.0000
0.3522
1.3106
0.0000
0.0000
0.1107
0.0000
0.0000
0.0000
1.1905
0.0000
1.0322
0.0000
1.2353
0.0000
0.0000
0.0000
0.1984
0.0000
0.0000
1.7205
0.0000
0.0000
0.7351
0.0000
1.4098
0.0000
0.0000
0.0000
0.0000
1.3424
0.0000
0.0000
0.0000
0.0000
0.6038
0.0000
0.0000
2.0637
0.0000
1.7588
0.0000
1.0089
0.0000
0.0000
0.9699
0.0000
0.0000
0.0000
0.0000
1.8129
0.6222
0.0000
0.0000
0.0000
0.0000
0.0000
0.0000
0.0000
0.8840
0.0000
0.0000
0.0000
0.0000
0.0000
0.0000
0.0000
0.0000
0.0000
0.0558
0.7177
0.4541
3.3284
0.0000
0.0000
0.0000
0.0000
0.2482
0.7863
0.0000
0.0000
0.0000
0.2564
0.0000
0.0327
0.0000
0.0000
0.2838
0.0000
0.0000
0.0000
0.0000
2.2200
0.0000
0.4118
0.0000
3.8607
0.8367
0.0000
1.8956
2.1336
0.0000
0.0000
0.2850
0.0000
0.0000
0.0000
0.8346
0.0992
0.0000
0.0000
0.0000
0.0000
0.0000
1.4666
0.0000
2.6664
0.0000
0.0000
0.0000
0.0000
0.0000
0.0000
0.0000
0.0000
0.0000
2.3199
1.8740
0.0000
0.0000
0.0622
0.0000
1.8051
0.0000
0.0000
0.0000
0.3796
0.0000
1.9494
0.0000
1.4218
0.0000
0.0000
0.0000
0.0482
0.0000
0.0000
0.0000
0.3329
3.7070
0.0000
0.3998
0.0000
0.0000
0.0000
0.0000
0.0000
0.0000
0.0000
0.0000
0.0000
0.0000
2.1201
0.0000
0.1658
0.0000
0.0000
0.0000
0.0000
0.2404
0.0000
0.3115
0.0000
0.0000
2.8293
0.7703
0.0000
0.0000
3.5453
0.0000
0.0000
0.0000
0.0000
3.3509
0.0000
0.0000
0.0000
0.0000
0.0000
0.1873
0.0000
0.0000
0.0000
0.0000
0.0000
0.0000
0.0000
1.0558
3.6027
0.0000
0.5308
0.6117
0.4266
0.0000
0.7125
0.4537
0.0000
1.1456
0.0000
0.0000
0.0000
0.0000
1.3927
0.0000
0.0000
0.8281
0.0000
0.1536
0.0000
0.0000
0.0000
0.9299
0.0000
0.0000
0.1058
0.0000
0.5244
0.0000
2.4790
0.0000
0.0000
3.6866
0.0000
0.0000
0.0000
0.0000
0.0000
0.0000
0.0000
0.0000
0.1742
0.7690
0.0000
0.0000
0.9807
0.8038
0.0000
0.0000
0.0000
0.0000
0.3153
0.0000
0.0000
0.0000
0.4964
0.0000
0.0000
0.0000
0.0000
1.7200
0.0109
0.2566
0.0000
0.3749
0.0000
0.0000
0.0000
0.0000
0.0000
0.0000
0.0000
0.0000
0.0000
0.0000
0.0131
0.0000
0.0000
0.0000
0.0000
0.0000
0.1825
0.0000
0.0000
0.0000
0.0000
1.2556
0.0000
0.0000
1.4742
0.9739
1.0496
0.0000
0.0000
0.0000
2.3597
1.0223
0.0000
2.4717
0.0000
0.0000
0.0000
0.0000
0.0000
1.2484
0.0000
0.0000
0.0000
0.0000
0.0000
0.9670
0.4101
0.0000
0.4277
0.0000
0.0000
0.0692
1.8482
0.0000
2.1887
0.0000
0.0000
0.0000
0.9479
1.8954
3.4969
3.4034
0.0000
0.8768
0.0000
0.0000
0.0000
0.0000
0.6475
2.7665
0.0000
0.0000
0.0000
0.0000
0.5838
0.0000
0.0000
0.1319
0.0000
0.6180
0.6091
2.7709
0.0000
0.6495
0.0000
0.0000
1.2603
1.5732
0.0000
3.4122
0.0000
0.0000
1.3717
0.0000
0.0000
0.0325
0.1998
0.5696
0.0000
0.0000
0.0000
0.0000
0.0000
0.0000
0.0000
0.0000
0.0000
0.0000
0.0588
0.0000
0.0000
3.4899
0.0000
0.5344
0.0000
0.0000
0.0000
0.8186
0.0000
0.0000
0.0000
0.0000
1.4839
0.0000
3.2349
2.6761
0.0000
0.0000
0.0000
1.1582
0.0000
0.0000
0.0000
0.0000
0.0000
0.5592
0.0986
0.0000
1.5813
0.0000
1.0873
0.0000
0.0000
0.0000
0.0000
0.0000
0.0000
0.4681
4.4949
1.8985
0.0000
0.0000
0.0000
0.0000
0.0000
0.7001
0.0000
0.7318
0.0000
0.0000
0.0000
0.0000
0.0000
0.0000
0.9631
0.6989
0.0000
0.0000
0.0000
0.0000
0.0000
0.0195
0.0000
0.0000
2.0676
0.0130
0.8621
0.0000
0.7110
0.1289
0.0000
0.8430
1.7585
3.1723
0.0000
0.0000
0.0000
1.8966
0.0000
0.0000
3.2699
1.3607
0.0000
1.6064
0.0000
0.0000
0.0000
0.0000
0.0000
0.1180
1.2298
2.3973
0.0000
0.0000
0.0000
0.0000
0.0000
0.0000
0.0000
0.1559
0.0000
0.0000
0.7080
3.4828
0.2664
0.0000
0.0000
0.0000
0.6853
0.0000
0.0000
0.0000
0.0000
2.5291
0.0000
0.0000
0.0000
0.0000
0.0000
1.1492
1.9971
0.8571
0.0000
0.0000
0.0000
0.4795
0.0000
4.4443
0.0000
0.0000
0.0000
0.0000
0.0000
0.0000
0.0000
0.0000
0.0000
0.0000
0.5913
0.1854
0.0000
0.0000
0.0000
0.0000
0.2137
0.8350
3.6031
0.0000
0.0000
0.0000
0.0000
2.1917
0.0000
0.1862
0.0000
1.5894
0.0000
2.6978
0.0000
0.0000
1.1790
0.0000
0.0000
0.0000
0.0000
0.0000
0.0000
1.8898
0.6570
0.7931
0.0000
1.1853
2.7137
0.0000
2.8694
0.0000
0.0000
0.0000
0.0000
0.1311
0.0000
0.0000
0.0000
2.3971
1.9591
0.0000
0.0000
0.1276
0.0000
0.0000
0.0000
0.0000
0.0000
0.0000
0.6860
0.0000
0.0000
1.2025
1.8482
0.0000
0.0000
1.6466
0.1535
0.6196
0.0000
0.0000
0.3009
0.0000
0.2463
1.7091
2.8368
0.8653
1.2096
0.0000
0.0000
0.0000
0.8580
1.0732
1.2643
0.0000
0.0000
0.0000
0.0000
1.3597
0.9764
0.0000
0.0000
0.0000
3.2982
1.3128
0.0000
0.0000
0.0000
0.0000
0.0000
0.0000
0.0000
0.0000
0.0000
0.0000
0.0000
0.0000
0.0000
0.0000
0.0000
0.0000
0.0000
0.0000
0.0000
0.0000
0.0000
0.0000
0.0000
0.2139
0.0000
1.7916
0.0000
0.4659
0.0000
0.0000
0.0000
1.8014
0.0000
0.0000
0.0000
0.0000
0.0000
3.7343
0.5873
2.3338
0.0000
0.0473
0.0000
0.8232
0.0000
0.0000
0.0000
0.0000
0.7908
0.0000
0.0000
0.0000
0.7009
0.0000
0.0000
0.0000
0.0000
1.3676
0.0000
2.5860
0.8387
0.0000
0.0000
0.0000
0.8055
0.0000
0.0000
0.2586
1.2075
1.6601
2.1496
0.0000
0.0000
0.0010
0.6685
0.0000
2.1524
2.0901
0.0000
0.0000
0.0000
0.1140
1.2576
0.0000
0.0000
1.4283
0.2954
1.1321
2.1354
0.0000
0.0000
0.0000
0.0000
0.0000
0.5789
0.9145
1.8365
0.0000
0.6073
3.2892
0.5646
2.5695
0.0000
0.0000
0.0000
0.0000
0.0000
0.0000
0.0000
0.0000
0.0000
0.0000
1.4398
0.0000
1.8970
0.0000
0.0000
2.3141
1.0771
0.0000
0.0000
0.0000
0.5813
1.3724
0.0000
0.7902
0.9027
0.0000
0.7224
3.8174
0.0000
0.5782
0.3258
0.0000
0.6515
0.0000
0.0000
0.0000
0.0000
1.6757
0.0000
0.0000
0.0000
1.5275
0.0000
0.0000
0.0000
0.0000
2.4822
0.0000
2.3504
2.7529
1.1806
0.0000
0.0000
0.0000
0.0000
0.0000
0.0000
0.3147
0.0000
0.0464
0.0000
0.0000
0.0000
0.0000
0.0000
0.0000
0.0000
0.0000
0.0000
0.0000
0.0000
0.0000
1.0379
1.4814
0.0000
2.8174
0.0000
0.0000
0.0000
0.0000
0.0000
0.2907
0.0000
0.0000
0.0000
1.6402
0.0000
0.5455
0.0000
0.0000
0.0000
0.0000
0.0000
1.3056
0.0000
0.0000
0.0000
0.0000
1.0159
0.0000
1.7512
0.0000
0.9645
0.0000
1.3203
0.0000
0.9727
0.0000
0.0000
0.0683
1.1947
0.2662
0.0000
0.0000
0.0000
0.0000
0.0000
2.3476
0.0000
0.0000
0.0000
0.0000
0.0334
0.0000
1.6581
1.3140
0.0000
0.0000
0.0000
0.7692
0.0000
0.1243
0.0000
0.0000
0.0000
0.0000
0.0000
0.0000
0.0998
0.0000
0.5219
1.5436
0.0000
3.0705
1.6115
0.0000
0.7049
0.0000
3.7941
0.0000
0.6362
0.0000
0.0000
0.0000
0.0000
0.0000
0.0994
0.0000
0.4864
0.0000
0.5191
1.0217
0.0000
0.0000
0.0000
0.4017
0.0000
0.0000
0.0000
0.8714
0.0000
0.0000
2.3411
3.1357
0.0000
0.0000
0.0000
0.0498
0.3104
1.0377
0.0000
0.0000
3.6426
0.0000
0.0000
3.5989
2.4762
0.0000
0.0000
2.4681
1.2258
0.3081
0.0000
0.5497
2.5463
0.0000
0.0000
0.0000
0.0000
0.0000
0.3033
0.0000
0.0000
0.0000
0.0000
2.1318
0.0000
2.2382
0.0877
0.0000
0.0000
0.0000
0.0000
0.0000
0.0000
0.0000
1.8289
0.5699
0.4683
0.0000
0.0000
0.0000
0.0000
1.3193
2.0326
0.0000
0.0000
0.0000
1.2681
2.0486
0.4596
1.0560
0.0000
0.0000
0.0000
0.0000
2.2892
0.3320
0.1055
0.0000
0.0337
0.5611
0.0000
0.0000
0.0000
0.0000
0.0000
0.0000
0.0000
1.2543
0.0000
0.0000
1.7779
2.4347
0.0000
1.5447
0.0000
0.0000
0.0000
0.0000
0.0443
2.5506
0.0000
0.0000
0.0000
2.0940
0.0000
0.0000
0.0000
1.7379
0.0000
0.0000
0.0000
0.0000
0.0000
0.0000
0.0000
0.0000
0.0000
0.0000
3.8200
0.0000
1.2191
0.0000
0.0000
0.0000
0.0000
0.0000
0.9987
0.0000
0.0000
0.0000
0.0000
0.0000
0.0000
0.0000
0.0000
0.5003
0.0000
0.6297
0.0000
1.9813
0.0000
0.0000
0.1737
0.0000
2.5336
0.0000
0.0000
0.0000
0.0000
0.7089
0.0000
0.0000
0.0000
0.0000
1.1450
1.4303
0.0000
1.0897
0.6288
1.8934
0.0000
0.0000
0.0000
0.0000
0.0000
0.6143
0.0000
0.0626
0.0000
2.3288
0.0000
3.6469
0.0000
1.6192
0.0000
0.0000
0.0562
2.2616
0.0000
0.0558
2.1407
0.0000
2.1800
0.0000
1.0053
0.0000
0.0000
0.5346
0.0000
0.0000
0.0000
0.0000
0.2364
0.0000
0.0000
0.0000
0.0000
0.0000
0.0000
0.0000
0.0000
1.0819
0.9603
2.4658
1.0284
0.0508
0.0000
0.5348
0.3957
0.0000
0.0000
0.0000
0.0000
2.7928
3.4793
1.1076
0.0000
0.0000
0.2132
0.4086
0.2758
0.0000
0.0000
0.0000
0.0000
0.0000
0.0000
0.0000
0.0000
0.0000
0.0000
0.0000
1.9383
0.0000
0.0000
0.5595
0.0000
0.0000
0.0000
0.0000
2.8065
0.0000
0.1883
0.9016
0.0000
0.0000
0.8507
0.2207
0.0000
0.0000
0.0000
0.0000
0.0000
0.0000
0.3868
0.0000
0.0000
0.1503
0.0000
0.0000
1.0039
0.0000
0.1187
0.0000
1.4287
0.0000
0.3114
0.0000
1.8103
0.0000
0.1371
0.0000
0.0000
0.0000
0.0000
0.0000
0.0000
1.4180
0.0000
0.0000
0.0000
1.1877
0.7706
0.0000
0.5671
0.0000
0.2321
3.9198
0.0000
0.0000
0.0000
0.0000
0.8156
1.0387
0.5573
0.0000
1.0547
0.0000
0.0000
0.0000
0.0000
0.0000
0.0000
0.0000
0.9304
0.0000
1.5378
0.0000
0.0000
0.0000
0.0000
0.0000
0.7221
0.0000
0.0000
0.0000
0.0000
0.0000
0.0000
0.0000
0.0000
0.0000
1.2301
0.0000
0.0000
1.8825
0.0000
0.0000
1.1321
0.9352
2.6524
1.4119
0.0000
0.0078
0.0000
0.0000
0.0000
1.3038
0.0000
0.0000
1.1055
0.0969
0.0000
0.3939
0.4694
0.0000
0.0000
3.6905
0.0775
0.0000
0.0000
0.0000
0.0000
0.0000
0.0000
0.0000
0.0000
0.4934
0.0000
0.0802
1.3964
0.0000
0.0000
0.0000
2.4241
0.0000
0.0000
0.0000
0.0000
0.0000
0.0000
0.0000
1.1558
0.5617
0.6526
0.0000
0.1784
0.0000
0.9123
4.7109
0.0000
0.0000
1.0615
0.0000
0.0795
0.0000
0.0000
0.0000
0.0000
0.0000
0.0000
0.0000
0.0000
0.0000
0.0000
0.0000
0.0000
0.2696
0.0000
0.0000
1.3589
0.0000
0.0000
0.5087
0.0000
0.0000
1.4614
0.0000
0.0000
0.8731
0.0000
0.6516
2.4088
0.0000
0.0000
0.0000
1.8874
0.0000
1.2187
0.0000
2.0324
0.0000
0.0000
1.2975
0.0000
0.0000
0.0000
0.0000
0.0000
0.5672
2.2062
0.0000
2.0660
0.0000
0.1122
0.0000
0.0000
0.3464
0.0000
0.0000
0.0000
0.0000
0.0000
0.0000
0.9945
0.6712
1.2695
0.0000
0.0000
0.0000
1.2717
0.0000
0.0000
0.3287
0.0000
1.1373
0.0000
0.0000
0.2353
0.0000
0.0000
0.0000
0.0000
4.0902
0.0000
0.0000
2.9876
0.0000
0.0000
0.0000
0.0000
1.0614
0.0000
0.0000
0.0000
0.0000
0.0000
0.0000
0.0000
1.0087
0.6467
0.0000
0.0000
0.0000
0.0000
1.0404
0.3096
0.0075
0.0000
0.0000
0.0000
0.0000
0.0000
0.0000
0.0000
2.4095
0.0000
1.6968
0.0000
0.4261
0.0000
2.5089
2.7033
1.4825
0.0000
0.5596
0.6414
1.1683
0.0000
0.0000
0.0000
1.9144
0.0000
0.0000
3.0285
3.3613
0.0000
0.0000
0.0967
3.2076
0.0000
0.6041
0.0000
0.6524
0.0000
0.0000
0.0000
0.0000
0.1048
0.7751
0.5220
0.0000
0.0000
0.0000
0.0000
0.0000
0.0000
0.0000
1.8143
0.0000
0.0000
0.0000
0.0000
0.1495
0.0000
0.0000
0.0892
0.0000
2.7857
0.0000
0.0000
0.0000
1.3645
0.0000
1.7498
0.0000
0.0571
1.1590
0.0000
0.0119
1.1423
0.0000
0.0000
0.3460
0.0000
0.0000
0.0000
0.0000
0.0000
0.0000
0.0000
0.0000
0.0000
0.0000
0.0000
0.1661
0.0000
0.0000
0.0000
0.0000
0.2281
0.0000
0.0000
0.0000
0.0000
0.0000
0.0000
0.0536
0.0000
0.0000
0.6434
0.0000
0.0000
0.0000
0.0000
0.0000
0.0000
0.0000
0.0000
1.4625
0.0000
0.1590
1.0757
0.0000
0.0000
0.0000
0.0000
0.9474
0.0000
0.0000
0.0000
0.0000
0.0000
0.0000
0.0000
0.1242
0.6659
3.8107
0.0000
0.0000
1.2747
0.0000
1.8937
0.0000
0.0000
2.8576
0.0000
0.0000
0.7680
0.0000
1.3635
1.2271
0.0000
4.4580
0.6301
0.0000
0.0000
0.0000
2.0232
0.0000
4.4776
0.0000
0.0000
0.0000
0.0000
0.0000
2.0373
0.0000
0.0000
1.7103
0.0000
0.0000
0.0000
0.7892
0.6430
0.0000
0.0000
0.6596
0.0000
0.0000
0.0000
0.0000
1.4124
1.1873
0.0000
0.0000
0.0000
0.0000
0.0000
0.4701
1.7866
0.2333
2.6562
0.0000
0.0000
3.1779
1.4854
0.0000
0.0000
0.0000
0.0000
1.0024
2.4859
0.0000
0.0000
1.5752
0.0000
0.0000
0.0000
0.2620
0.0000
0.4983
0.0000
2.3710
0.0000
0.0000
0.0000
1.8091
0.0000
1.5221
0.0000
0.0000
0.0000
1.2689
0.0000
1.8695
0.0000
0.0000
1.7721
0.0000
0.1900
0.0000
0.0000
0.7648
2.9179
0.0000
0.0000
0.0000
0.0000
0.0000
0.0000
0.0000
0.0000
0.0000
0.3893
1.0259
0.0000
0.0000
0.0000
0.0000
0.0000
1.2114
0.0000
0.0000
0.0000
0.3963
0.0000
0.0000
0.0000
0.0000
0.4295
0.0000
0.0000
0.1717
0.0000
0.2126
0.0000
0.0000
0.0000
0.6927
0.0994
0.9599
0.9932
2.1124
0.0000
0.7473
0.0000
0.0000
0.5118
0.0000
0.7907
0.7010
1.9070
0.0000
0.0000
2.3710
0.0000
0.0000
0.6019
0.0000
0.0000
0.0000
0.0000
0.0000
0.0000
0.0000
0.2149
0.0343
1.5075
0.0000
0.0000
0.0000
1.5039
0.0000
3.1858
0.0000
0.0000
0.0000
0.5362
0.0000
1.4936
0.0000
1.5093
0.0000
1.6328
0.0000
0.0000
0.0696
0.0000
0.7173
0.0000
0.0000
0.0125
1.3719
2.0265
0.2770
0.1392
1.1427
0.5947
0.0000
0.0000
0.0000
0.0000
0.0000
0.0000
0.0000
0.0000
0.0000
0.0618
0.9325
0.0000
0.0000
0.0000
0.0000
0.0000
0.0000
0.2509
0.6204
0.0000
0.1296
1.5098
0.7233
1.8388
0.0000
0.0000
1.2338
0.0000
0.6625
0.0000
0.0000
0.0000
0.0000
0.3246
0.0000
0.0000
1.3006
1.1096
0.0000
0.0000
0.0000
0.0000
2.1798
0.0000
0.0000
0.0000
0.0000
0.0000
0.3996
0.0000
0.0000
0.0000
0.0000
0.0000
0.0000
1.1889
0.6156
0.0000
0.0000
1.9171
0.0000
0.0000
0.6051
0.0000
0.0000
0.0000
0.0000
3.5247
2.8965
0.0000
0.0000
1.5414
0.0000
1.1645
0.5759
0.3622
2.0756
0.0000
2.4061
3.0427
0.0000
0.0000
0.0194
0.0000
0.0000
0.0000
0.0000
1.9755
0.0000
0.0000
4.1963
0.0000
0.9597
0.0000
0.0000
0.0000
0.0000
0.0000
0.0000
0.0000
0.0000
0.2141
0.0000
0.0000
0.0000
0.7768
0.4523
0.0000
0.0000
0.0000
0.7174
0.2327
0.0000
0.0000
0.0000
1.2075
1.8323
0.0000
0.4749
0.0000
0.8255
0.0000
0.5393
1.5810
0.0000
0.6824
0.2500
0.0000
0.0000
0.0000
0.0000
0.9656
0.0000
0.0000
0.0000
0.0000
0.0000
0.0000
0.0000
0.0000
0.6843
0.2373
2.1103
0.0187
0.0000
3.1849
0.0000
0.1296
0.0000
0.0000
0.0000
0.0000
0.1230
3.7341
0.0000
0.0000
0.0000
2.0354
0.1960
1.3574
0.0000
0.0000
0.0000
3.0869
0.0000
0.0000
0.0000
0.0000
0.0000
0.0000
0.0000
0.0000
0.0000
0.0000
0.0000
0.0000
0.0160
0.0000
0.0000
0.2087
0.0000
0.0000
1.9903
0.0000
0.0000
0.0000
2.0864
1.7005
0.0000
4.0137
0.3740
0.0376
2.1207
2.7223
0.0000
0.0000
0.6541
0.0000
0.0000
0.0000
0.0000
0.0000
0.0000
0.0000
0.0000
0.0000
0.0000
2.8732
0.0000
0.7361
0.0000
3.1288
0.0000
0.0000
2.7224
0.7166
1.7834
0.0000
0.2603
0.0000
0.0000
0.7305
2.8314
0.0000
1.8537
0.0000
0.0000
2.1143
0.0000
0.0000
1.5530
0.0000
0.0000
3.1593
0.0000
0.0000
0.0000
0.0000
0.0000
0.0000
0.5556
0.0000
0.0000
0.0000
0.0000
0.7593
2.2880
0.0000
0.0000
0.5262
0.2681
0.0000
0.0000
0.0000
0.0000
0.0000
0.9579
0.3275
0.2834
0.0000
0.0000
0.0000
2.2383
0.7432
0.0000
0.0000
0.0000
0.0000
0.0730
0.0000
1.6049
0.0000
0.0000
0.0000
0.5413
0.0000
0.0000
0.0000
0.9772
0.0000
0.0000
3.6530
0.0000
0.0000
0.0000
1.3193
0.0000
0.0000
0.0000
1.2013
0.0000
0.0000
0.3079
0.0000
0.1850
1.6347
1.0465
0.0000
0.0000
1.1475
0.2986
0.0000
0.0000
0.2989
1.2350
0.4836
0.0000
0.2092
0.0000
1.1982
0.0000
0.0000
0.4710
0.0000
1.0536
0.0000
0.8858
0.0000
0.0000
0.4558
0.0000
0.0000
0.0000
0.6414
0.3867
1.0590
0.0000
5.5977
0.0000
0.6122
1.1411
1.7641
0.0000
0.0000
0.0000
0.0000
0.0000
0.0000
0.0000
0.0000
1.4804
0.0000
0.0000
0.0000
0.0000
0.0000
0.0000
0.2397
0.0000
0.0000
0.1883
0.0000
0.0000
0.0000
2.9143
0.0000
0.0000
0.0000
0.8911
0.3343
1.0420
0.0000
0.7449
0.4372
0.0000
0.0000
0.0000
0.0000
0.0000
0.0000
0.0000
0.0000
0.3987
0.0000
0.0000
0.0000
0.3716
0.0000
0.0000
0.0000
0.0000
0.0000
0.6037
0.0000
0.0000
0.0000
0.8332
1.1311
0.0000
0.0000
0.0000
0.0000
0.0000
1.7337
0.0000
0.2017
0.3089
0.0000
3.1427
0.0000
0.0000
1.8874
0.0000
0.0000
0.0000
0.0000
0.0000
0.9277
0.6121
1.2409
0.0000
0.0000
0.0000
1.4868
1.8054
0.0000
1.2111
0.0000
0.0000
0.0000
3.8934
1.1460
1.3244
0.0000
0.0000
0.0000
0.0000
0.0587
0.0000
1.8510
0.0000
0.0000
0.0000
0.0000
0.4763
0.0000
0.0000
0.8891
0.1894
0.0000
0.0000
0.0000
0.0000
0.0000
0.0000
0.0000
1.1370
1.2938
0.0000
0.0000
0.0000
0.1136
1.1803
0.0000
0.0000
0.0000
1.6882
0.0000
1.6220
0.0000
1.2721
0.0000
0.8343
0.0000
0.9897
0.7826
0.0000
0.0000
0.0000
0.0000
1.8347
1.2781
0.0000
0.0000
0.0000
1.2077
1.8494
0.0000
0.0000
0.0000
0.0000
0.0000
0.0000
0.0000
0.0000
0.0000
2.6427
0.0000
0.0000
0.0000
0.4346
0.0000
1.5651
1.8089
0.0000
0.6889
0.0000
0.0000
0.0685
0.0000
1.1387
0.0000
0.0000
0.0000
0.0000
3.0455
0.0000
0.4702
0.0000
0.0000
0.0078
0.0000
0.4884
0.0000
0.0000
0.0958
0.0000
0.0000
0.1630
1.4024
0.0000
0.0000
1.4689
0.7243
0.0000
2.4102
0.0000
0.0000
0.0000
0.0000
0.0000
0.0000
0.0000
0.0000
0.0000
0.0000
0.3613
0.2280
0.1291
0.0000
0.2183
0.0000
0.0000
1.1873
1.0909
0.0000
0.0000
0.4499
0.0000
1.6808
0.0000
0.0000
0.0000
0.0000
0.0000
2.8820
0.0000
0.0000
1.9721
1.2635
1.6002
0.0000
0.0000
0.0000
0.0000
0.0000
0.0000
0.0000
1.7799
0.0000
2.1779
0.0000
0.0000
0.0000
0.0000
0.1207
0.4153
0.0000
2.2958
2.5698
0.0000
0.0000
1.1133
0.0000
0.0608
0.0000
0.0000
0.3968
0.0000
0.0000
0.0000
1.6627
0.0000
0.8285
2.9282
1.2107
0.0000
0.7707
0.0000
1.7254
1.4752
0.0000
0.0000
0.0000
0.0000
0.0000
1.0066
2.5981
0.3586
0.0000
0.0000
0.0000
0.0000
1.3407
0.7304
1.5194
0.0000
0.0000
0.0000
0.0000
0.0000
0.4030
5.1677
0.0000
0.0000
0.0000
0.0000
3.9136
0.7691
0.0000
0.0000
0.0000
0.0000
0.0000
0.1609
0.0000
0.0000
2.8491
0.0000
0.0000
0.0000
0.0000
0.0000
0.9267
0.2111
0.0000
0.0000
0.0000
1.2212
2.0401
0.0000
0.2456
0.0000
0.0000
0.0000
0.0000
2.9473
0.6708
1.1041
0.0000
0.9620
0.3402
0.0000
0.0999
0.0000
0.0000
2.1673
0.0000
5.7722
0.0000
0.0000
0.0000
0.0000
0.0000
0.0000
0.0000
1.9095
0.5816
0.0000
0.1565
0.0000
0.0000
0.0000
1.0651
0.4997
5.6233
0.0000
0.1275
0.0000
0.4386
1.1141
0.0303
0.0000
0.0000
0.0000
0.0000
0.5405
0.0726
0.0000
1.0574
0.0000
0.0000
0.0000
0.0000
0.0000
0.9610
0.4215
0.0000
0.3549
0.0000
0.0000
0.0000
0.0000
0.0000
3.3829
0.0000
0.8117
0.0000
0.0000
0.1110
0.0000
0.0000
0.0000
0.2201
0.8311
0.8806
0.0000
0.0000
0.0000
0.0000
3.7993
0.0000
1.2436
1.5898
0.0221
0.0000
0.0000
0.0000
0.0000
0.0000
0.0000
1.0417
0.0000
0.1471
0.0000
0.0000
0.3800
0.0000
0.0000
0.0000
0.0000
0.0000
1.6575
3.0969
0.0769
0.0681
0.0000
0.0000
0.6441
0.0000
0.0000
0.4951
0.0000
0.0000
0.0000
0.2416
0.0000
0.0000
0.2190
0.7533
0.0000
0.0000
0.2171
0.0000
0.1577
1.8838
0.0900
0.0000
0.4584
0.0000
0.0000
4.0250
0.0000
0.8157
0.0000
0.0000
0.0000
1.5537
0.0000
0.0000
0.0000
0.0515
0.0000
0.0000
1.1017
0.0284
4.0595
0.0000
0.6282
0.0000
0.0000
0.0000
0.0000
2.7237
0.0000
0.0000
0.0000
0.0938
0.1710
0.3172
0.0000
0.0000
0.0000
0.0000
1.7381
0.0000
0.0000
0.0000
0.0000
0.0000
0.0000
0.0000
0.3094
2.6578
0.0000
1.8364
1.6867
1.7158
0.7884
0.0000
0.3381
0.3164
0.3848
0.0000
0.0000
0.0000
0.0000
0.0000
0.3082
0.4719
0.0000
0.0000
3.6964
0.3055
0.0000
0.0372
0.0000
0.0000
0.0000
0.4502
5.2794
1.1495
0.2678
0.0000
0.0000
0.0000
1.7178
3.0748
0.0102
0.0000
0.0000
1.0862
0.9198
0.0000
2.1621
0.0000
0.0000
0.0000
0.0000
2.8541
0.0000
0.0000
0.0000
1.8803
0.0000
1.4009
0.0000
0.1304
0.3860
0.0000
0.1113
0.0000
0.0000
0.0000
0.8250
0.0000
0.0000
0.0000
0.0000
1.2030
0.0000
3.1943
0.0000
0.0000
0.0000
0.0000
0.0000
0.0000
0.0000
0.0000
0.5740
1.3864
0.0000
1.8420
0.0000
0.0000
0.0000
0.0000
0.0000
2.7704
1.5863
0.0000
0.0000
0.0000
0.0000
0.0000
0.6939
0.0000
1.9739
0.0000
0.0000
0.0000
0.0000
0.0000
0.3584
0.6480
0.0000
0.0000
0.0000
0.0000
0.0000
0.0000
0.0000
0.0000
0.0000
0.6984
0.0000
1.0326
0.0000
0.3131
0.0000
2.8947
0.0000
0.0000
0.0000
0.0000
0.0000
0.0000
2.4692
0.0000
0.0000
0.0000
0.0000
0.0000
0.0114
2.0096
0.0000
0.0000
0.0000
0.0000
1.6415
0.0000
0.7208
0.0000
2.3661
0.0000
0.0000
0.0000
0.0000
0.0000
2.5224
0.0000
0.0000
0.5195
0.0000
0.0000
2.4293
0.0000
0.0000
3.4122
0.7356
0.0000
0.0000
0.0000
0.6605
0.0000
0.0000
1.9084
0.0000
0.0000
1.5712
3.6200
0.0000
0.7480
2.8691
0.0000
1.1161
0.0000
0.0000
2.1826
0.0000
0.0000
0.0000
0.0000
3.2361
0.0000
0.3706
0.5130
0.0000
0.0000
0.0000
0.9963
0.0000
0.0000
0.8052
0.0000
0.0000
0.0000
0.0000
0.0000
0.9658
0.0000
0.0000
0.0000
0.0000
0.0000
0.0000
0.0000
2.0070
0.0000
0.0000
0.0000
0.0000
1.5505
2.4115
0.0000
0.0000
0.0000
0.0000
0.0000
0.0000
0.0000
0.0000
0.0000
0.0000
0.3134
0.0000
0.0000
0.0000
0.0000
0.8454
0.0000
0.0000
0.0000
0.0000
2.5419
0.5621
0.0000
0.2493
0.0000
0.0000
2.5693
0.0000
0.0000
0.0000
2.7546
0.5023
0.1014
0.0000
0.0000
0.0000
0.0000
0.8774
0.0000
2.5438
0.8349
0.0000
0.6777
3.0268
0.0000
2.5517
0.0000
0.0000
0.0000
0.0000
3.0433
0.0000
0.0000
0.0000
0.0000
0.5047
0.0000
0.0000
0.2927
1.3482
0.0000
0.0000
0.4539
1.1523
0.0000
0.0000
0.0000
0.0000
0.0000
3.7313
0.0000
2.6298
0.0000
0.0000
0.1617
0.0000
2.2425
0.0000
0.2369
0.0000
1.5107
2.9041
0.0000
0.0942
1.4570
0.6539
0.0000
0.0000
1.1715
0.0000
0.0000
0.0000
0.0940
0.0000
0.0000
1.8776
0.0000
0.0000
0.0000
1.9378
2.3177
0.0000
0.0000
0.0000
0.0000
4.4013
0.0000
0.0000
1.1632
3.3322
0.0000
0.0000
0.5859
0.9360
3.2327
0.0000
1.8547
0.0000
0.0000
0.0000
0.0000
0.0000
0.0000
0.0000
0.0000
0.0000
0.5815
0.6961
1.9963
3.3637
0.1653
0.0000
2.2663
0.0000
0.0000
0.0000
0.0000
0.0000
2.4223
0.0000
0.0000
2.2951
0.0000
0.0000
0.0000
1.7128
2.1643
1.7146
0.0000
0.0000
0.0000
0.7343
0.0000
0.8760
0.7174
0.0000
0.0000
1.4385
2.4251
1.6727
0.7748
0.0042
0.0000
0.0000
0.0000
0.0000
0.0000
0.0000
0.0000
0.0000
1.6858
0.6970
1.3067
0.0000
0.3945
0.0000
0.0000
0.0000
3.3397
1.7662
0.0000
0.0000
0.0871
2.2167
0.0000
0.8195
0.0000
0.0288
0.0000
0.0000
0.8398
0.0000
0.0000
0.0000
0.0000
2.3831
1.4147
0.0000
1.8588
0.0000
0.2511
0.0000
0.0000
0.0000
0.6115
0.0000
0.8560
0.4950
0.3785
0.0000
0.0000
0.0000
0.0000
0.0000
0.0000
0.0000
0.5653
0.9109
0.0000
0.1046
0.0000
0.0000
0.0000
2.6840
0.0000
0.0000
0.0000
0.9468
0.0000
0.0000
0.0000
0.0000
1.2676
0.0000
0.8451
2.0740
0.0000
1.7191
1.4370
0.0000
0.0000
0.5837
1.4978
0.8366
0.0000
0.0000
0.0000
0.0000
0.0000
0.0000
0.4499
0.0000
0.2390
0.0000
0.0000
0.0000
0.0320
0.0000
0.0000
0.0000
0.3644
0.0000
1.5744
0.0000
1.8448
0.0000
2.9448
0.8224
0.0000
3.3854
0.0000
0.0000
0.4890
0.0000
0.0000
0.0000
2.4901
0.2261
0.0000
4.5227
1.0306
0.0000
4.6455
0.8446
3.1045
0.2366
0.0000
1.8871
0.0000
0.0347
0.0000
0.0000
0.1492
0.0000
0.1918
0.0000
2.1689
2.0865
0.0000
0.0000
0.0000
0.0000
0.0000
2.0112
0.0000
0.5697
0.0000
0.0000
0.0000
0.0000
