0.0000
0.0000
1.8087
0.1998
0.3602
0.0000
0.0000
0.0000
0.0000
1.7773
0.5148
0.0000
0.0430
0.0000
0.0000
0.0000
0.0000
0.0000
0.0000
0.0000
0.4656
0.0000
0.9492
2.2463
1.7639
2.2775
0.0000
2.0853
0.0000
0.0000
0.1045
0.0000
1.0121
0.0000
1.5139
0.0000
0.0000
0.0000
2.4297
0.9100
0.0000
0.0000
0.0000
0.0000
0.0000
0.0000
0.0000
0.0000
0.0685
1.2315
0.0000
0.0000
0.0000
0.1600
0.0000
0.0000
0.4002
0.4795
0.0000
0.0000
0.0000
1.0410
0.0000
2.5084
0.0000
0.0000
0.7689
0.0000
0.0000
0.0000
0.2590
3.3213
1.6469
0.0000
0.0000
1.7752
0.0000
0.0000
0.0000
0.4678
0.6771
0.0000
0.0000
0.0000
0.0000
0.0000
0.1946
2.8379
0.0000
0.0000
0.2706
0.0000
1.6210
1.6519
0.0000
0.0000
0.0000
0.0000
0.9367
0.0000
0.0000
0.0000
0.0000
0.0000
1.9153
0.1929
1.6138
0.0000
1.0477
3.3410
0.4999
0.1236
1.2446
1.2770
0.0000
0.2149
0.8404
0.0000
0.0000
0.0000
1.6074
0.6218
0.8393
0.9019
0.0000
0.0000
0.0000
0.0000
0.0000
0.9732
0.0000
0.0000
1.3528
0.0000
2.7267
0.0000
2.4993
1.9961
0.0000
1.8116
2.3395
0.0000
2.4345
0.0000
1.4797
0.0000
0.0000
0.2286
0.0000
0.8958
1.5815
0.9955
1.2686
0.0000
0.0000
1.1119
0.0000
0.5269
0.5208
0.0000
0.1924
0.0000
1.8040
0.0000
0.0000
0.3349
0.0000
0.0000
0.0000
2.1631
0.0000
0.0000
0.0000
0.0000
0.0000
0.0000
0.0000
1.7573
0.0000
3.7013
1.0249
2.0496
0.0000
0.4529
0.0000
0.0000
1.1441
0.1193
2.8797
1.5885
0.0000
0.0000
0.2841
0.0000
0.2283
0.0000
0.0000
1.1282
3.0738
0.4100
0.0000
1.3944
0.0000
0.0000
0.0000
0.0000
0.0000
0.5946
0.3451
0.0000
0.0000
0.0000
0.0000
0.4127
0.0000
0.0000
0.0000
0.0000
0.0000
0.3462
0.2210
0.0000
0.2070
0.0000
1.2621
0.0000
0.0000
1.6259
0.0177
0.7282
0.0254
0.9382
0.0000
0.0000
0.5596
0.5429
2.2315
0.0000
0.0000
0.0000
0.0000
0.0000
0.6658
0.0000
0.0000
0.0000
0.0000
0.0000
0.0644
0.0000
0.0000
0.0000
0.6169
0.0000
0.0000
0.8122
0.0000
0.0000
1.5847
0.0000
0.0000
0.1514
0.0000
0.3983
0.0000
0.0000
1.4455
1.1444
0.0000
0.7216
2.1159
0.0000
0.0000
1.1485
0.0000
0.0000
0.1298
1.2447
0.0000
0.0000
1.1691
0.0000
1.1913
0.0000
0.0871
1.5332
0.0000
0.0000
0.0000
0.0000
0.0000
0.0000
0.0000
0.0000
3.3772
0.0000
0.0000
1.6932
0.0000
2.9403
0.0000
0.0000
0.0000
0.0000
0.5310
0.0000
0.0000
0.0000
0.0000
0.0000
0.0000
0.0203
0.0517
1.5434
0.8988
0.0000
0.0000
0.0000
0.7314
2.1612
0.0000
0.8292
0.4167
0.0000
0.0000
1.8395
0.8283
2.0506
0.0000
1.8846
0.0000
0.0000
0.0000
0.0000
0.0000
1.7393
1.3679
0.0000
0.0000
1.9073
0.0000
0.0000
0.0000
0.0000
0.0000
3.2121
0.0000
0.0000
0.0000
0.0000
0.0000
2.3633
0.7022
0.0000
0.9968
0.0000
0.2440
0.0000
0.4386
0.0000
0.0000
0.0000
0.0000
0.0000
0.0000
0.3510
0.0000
0.0000
0.2839
0.4406
0.0000
0.2514
0.0000
0.0000
0.4987
0.0000
0.0000
0.9905
0.0000
0.0000
4.1265
0.0000
1.3522
0.0000
0.0000
0.0000
0.1401
0.0000
0.0000
0.0000
0.9340
0.0000
0.0000
0.0000
0.3372
1.5778
0.0000
0.2735
0.0000
0.0607
0.0000
2.8718
0.0000
0.0000
0.0000
0.0000
0.0000
0.0000
2.5815
0.0000
0.0000
0.0000
0.0000
1.9283
0.2515
1.6810
0.0000
0.0000
0.7954
0.0000
0.5536
0.7660
0.2050
0.0000
0.0000
0.6566
0.0000
1.3776
0.0000
1.6598
0.0000
0.0000
0.0000
1.0973
0.0000
0.0000
0.0000
0.0000
1.5801
0.0000
2.3789
1.3487
0.2932
0.0000
1.6893
1.0173
0.2953
0.0000
1.5449
1.8155
1.8028
0.0000
0.0000
0.3242
0.0000
1.5807
0.0000
0.4884
0.6195
0.0000
0.2473
0.0000
1.4729
0.0000
0.8962
0.0000
0.0000
0.0000
0.0000
0.0000
0.0000
0.9206
0.0000
0.0000
0.0000
0.1240
2.3213
0.0000
0.0000
0.0000
0.0000
0.0000
0.3754
1.9144
0.1569
0.1056
0.0000
1.2225
0.0000
0.9546
0.2610
0.0000
0.0000
0.0000
1.4949
0.0000
0.0000
0.0000
1.1660
0.0000
0.0000
1.0196
3.1526
0.1691
0.0000
0.3099
0.0000
0.0000
0.1921
1.1542
0.0000
2.5630
0.0000
0.6389
0.7182
0.9701
0.0000
0.0000
3.5236
0.0000
2.3341
1.1866
0.0000
2.2054
2.1572
0.1758
0.8134
0.0000
0.0000
0.0000
0.1558
0.3915
0.2080
0.0000
0.0000
1.8790
0.0000
0.3213
0.2926
0.0000
0.0000
0.8136
0.0000
0.0000
0.0000
0.0000
0.0000
0.0000
0.0000
0.0000
0.0000
1.9620
0.0000
0.0000
0.0141
0.0000
0.0000
0.0000
0.0461
0.0000
0.2141
0.6260
0.0231
0.0000
0.7672
1.5179
0.0000
0.0000
0.1579
0.0000
0.2340
0.0000
0.0000
0.0000
0.0126
0.0000
1.3810
1.6246
0.0000
0.0000
0.0000
0.0000
0.0000
0.0000
0.0000
0.0000
0.0000
0.7591
2.3082
0.4226
0.0000
0.0000
0.0000
0.0000
0.0000
0.0000
0.0000
0.0000
0.7650
0.0000
0.0000
2.3967
0.0000
0.1230
0.0000
0.6119
1.7713
0.0000
1.0419
0.0108
0.4598
0.0000
0.0000
4.6575
0.0000
2.4573
1.3564
0.4075
0.8089
0.0000
1.0092
0.0000
0.0000
0.7217
0.0000
0.7115
0.0000
0.9537
0.0000
0.0000
0.0000
0.0000
0.0000
0.9224
0.7394
1.3915
0.0000
1.9171
0.0000
0.0000
0.3802
1.2299
0.0000
0.0000
0.0000
0.0000
0.0000
0.0000
0.8616
0.0000
0.0000
0.0000
2.5267
0.0000
0.0000
0.0000
0.0000
0.0000
0.0000
1.8737
0.0000
0.4155
0.6637
0.0000
0.0000
0.0000
0.2804
0.0000
0.0000
0.0000
0.7363
0.0000
0.0000
0.0000
0.0000
0.4515
0.5902
0.0000
0.0000
0.0000
0.0000
0.9879
0.0000
0.0000
0.0000
0.0000
0.0000
1.2557
0.0000
2.1203
0.5809
0.0000
2.3312
0.0000
0.0000
0.0000
0.0000
0.0000
0.2883
0.0000
1.8553
0.1741
0.1919
0.6660
0.0000
0.4680
0.0000
0.0000
0.0000
1.9315
0.0000
0.8294
0.7568
0.0000
0.0000
0.0000
0.0000
0.0000
0.0000
0.0000
0.0000
0.0000
0.0361
0.5918
0.0000
0.0000
0.0000
0.0000
0.7055
0.0000
0.0000
0.0000
0.0557
0.1290
0.0000
0.0000
0.0000
1.8305
0.0000
2.5803
0.7546
0.0000
0.0000
2.1728
0.0000
0.0348
0.0957
0.0000
1.0872
0.0000
0.0000
0.5294
0.0000
0.0000
0.3864
0.0000
0.0000
0.0000
0.0615
0.0000
0.0824
0.0000
0.7070
0.0000
0.0000
1.1227
0.0000
0.1715
0.0000
0.0000
0.7219
0.0000
0.0000
0.0000
0.3488
0.0000
0.0000
0.0000
0.4569
0.0000
0.0000
0.0000
0.0000
0.0000
0.0000
0.0101
0.1004
0.0000
0.0000
0.0000
0.0067
0.0000
2.2920
0.0000
0.0000
0.0803
0.0000
0.0000
0.5631
0.0000
0.0000
0.4706
1.6496
0.0000
0.0714
0.0000
0.0000
0.0000
0.0000
0.0000
0.9778
0.0000
0.0000
0.6820
0.0000
0.0000
0.4437
0.0000
0.0000
1.1236
1.8338
0.0000
0.2215
0.0000
0.0000
0.0000
0.0000
0.0000
1.4875
0.0000
1.9486
0.4897
0.0000
0.0000
0.0000
0.1125
2.0406
0.0000
0.0000
0.0000
0.0000
0.0000
0.0000
0.4085
0.0000
0.0000
0.0000
0.0000
0.6522
0.0000
0.0000
0.4775
0.1003
0.0000
0.3615
0.0000
0.0000
0.0000
0.0000
0.2056
0.5406
0.0000
0.0000
0.0000
0.3317
0.0000
0.9015
1.5671
0.0000
0.0000
0.6683
0.0000
0.9732
0.0000
0.0166
0.2242
0.0000
2.6554
0.0000
0.0000
0.0000
0.0000
0.0000
0.0000
0.0000
0.0000
0.0000
0.0000
0.0000
0.1981
0.0000
0.0000
0.9444
0.0000
0.1670
0.0000
0.0000
1.9430
0.0000
0.0448
0.0000
0.0034
0.0000
0.0000
0.0000
0.0000
0.0000
0.0000
0.0000
0.4613
0.0000
0.0000
2.3409
0.0000
0.0000
1.0677
0.0000
0.5129
0.0000
0.0000
0.0000
0.0000
0.6040
0.0000
0.0000
0.4635
0.6394
0.0000
0.0000
0.0000
0.0000
0.0000
0.0000
0.5817
0.2992
1.2708
0.0000
0.1877
0.0000
0.7082
0.0000
0.0000
0.0000
0.0000
1.5507
1.5035
0.4548
0.0000
0.0834
3.1162
0.0000
0.3805
0.0000
0.0000
0.0000
0.0000
2.2576
0.0000
0.0000
1.8730
0.0000
0.0000
0.0000
1.8639
0.0000
0.0000
0.0000
1.2598
0.8413
0.0000
0.0000
0.0000
0.0000
0.0000
0.0000
0.0000
1.0132
0.0000
0.5990
0.0000
0.0000
0.0000
0.0000
0.0000
0.7461
0.9271
2.0184
0.0000
0.0000
0.0000
0.9635
0.0000
0.0000
0.0000
0.0000
0.0000
0.0000
0.0000
0.0000
3.5251
0.0000
0.0000
0.0000
0.0000
0.0000
2.6787
0.1219
0.0000
0.0000
2.7344
0.0000
0.7909
0.0000
2.5490
0.0000
0.0000
0.4150
2.4697
0.0000
0.9259
0.0000
1.4311
0.0000
0.0000
0.4493
0.2674
0.5416
0.0000
0.0000
0.6849
0.0000
0.1797
1.2136
0.6378
0.7566
0.0000
2.2064
0.0000
0.4064
0.0000
0.2792
0.4966
0.0000
0.0000
0.0000
0.0000
0.0000
0.0000
0.0000
0.0000
0.0000
0.0000
0.0000
0.0000
0.0000
0.0000
0.0000
0.0000
0.0000
0.0000
3.0608
0.0000
1.7587
0.0000
0.0000
2.4474
0.4618
0.2099
0.0000
0.6547
0.0000
0.0000
0.0000
0.0000
0.0000
0.0000
0.0000
0.0000
0.0000
0.1444
0.0000
0.0000
0.0000
0.0805
0.0000
0.0000
0.0000
0.1011
0.0000
0.0000
0.2978
0.3488
0.0000
0.0000
2.2181
0.0000
0.0000
0.0000
0.0000
0.2883
0.0000
1.5178
0.2720
0.0000
1.3227
0.0000
0.0000
0.0000
0.0000
0.0000
0.0000
0.0000
0.5439
0.0000
1.3705
0.0000
0.0000
0.0000
0.0000
0.0000
0.0000
0.8457
0.0000
0.0000
0.5545
0.0000
0.8373
0.0000
0.0000
0.0000
0.0000
0.4113
0.0000
0.0000
0.0000
0.0000
0.0000
0.0000
0.0000
0.0000
2.2648
0.0000
0.0000
0.6421
0.0000
0.1769
2.8743
0.0000
0.0000
0.6380
0.0000
1.2938
0.8334
0.0000
0.0000
0.1999
0.2356
0.0000
0.0000
0.1031
0.0000
1.1871
0.0000
0.0000
0.0000
0.1233
1.1781
0.0000
0.2503
0.0000
2.8434
0.0000
0.0000
1.6832
3.1743
0.0000
0.0000
0.0000
0.0000
0.0000
0.0000
0.0000
0.2009
0.0000
0.0000
0.4704
0.0000
0.0000
2.6334
0.0000
0.1718
0.0000
0.0000
0.0000
1.3017
0.0000
0.0000
0.0000
0.0000
0.0000
0.6673
3.6502
0.0000
0.0000
0.0000
0.0000
2.6586
0.0000
0.0000
0.6506
3.4749
0.9972
0.2415
0.0000
0.9531
0.0000
0.0000
0.0000
0.0000
0.0000
0.0000
0.0000
0.0000
3.0849
0.0000
1.0339
0.0000
0.0000
0.0000
0.0000
0.0000
0.0000
0.0000
0.0000
0.0000
0.0000
0.0000
0.0000
0.0000
0.0000
0.0000
0.0000
0.0000
0.0000
0.6246
0.0000
0.0000
0.0000
2.8318
0.0000
0.0000
0.0000
3.3175
0.0000
0.0000
0.0000
0.0000
1.9114
0.4641
0.0000
0.0000
0.0000
0.0000
0.5307
0.0000
0.0000
0.0000
0.0000
0.0000
0.0000
0.0000
0.0000
2.8717
0.0000
0.7275
0.0000
0.7502
0.0000
0.4771
1.2723
0.0000
0.0000
0.0000
0.0000
0.0000
0.0000
1.0028
0.0000
0.0000
0.0000
0.0000
1.1544
1.2124
0.0000
0.0000
0.0000
1.7320
0.0000
0.0000
0.0000
0.4831
0.0000
1.1676
0.2851
0.0000
1.1074
0.0000
0.0000
0.0000
0.0345
0.0000
0.0000
0.3163
0.1344
0.0000
1.0270
0.0000
0.0000
0.0000
0.0000
0.0000
1.1600
0.0000
0.0000
0.1839
0.4968
0.0000
0.8636
1.0038
0.0000
0.0000
0.0000
0.0000
0.0304
1.2908
0.8465
0.0000
0.4378
0.0000
0.0000
0.0000
0.0000
0.3590
0.0000
0.0000
0.0000
0.0000
0.0000
0.0000
0.0000
0.0000
0.0000
0.0000
0.0810
0.5064
0.3414
0.0000
0.9793
0.0000
1.0657
0.0000
0.0000
1.4816
1.1892
0.1115
0.0000
0.0000
0.0000
1.7513
1.1034
0.0000
3.2303
0.0000
0.0000
0.0000
0.0000
0.0000
0.0565
0.4819
0.0000
0.0000
0.0000
1.2382
2.9073
0.5642
0.0000
0.0000
0.3645
0.0000
0.8569
0.0000
0.0000
3.3793
0.0000
0.0000
0.8925
0.5695
0.1510
0.1991
4.6842
0.9396
0.2737
0.0000
0.0000
0.3683
1.4401
0.2746
0.0038
0.0000
0.7145
0.0000
0.0000
1.9690
0.0000
0.0000
0.0000
0.0000
0.9141
0.0000
1.8551
0.0000
0.0000
0.0000
0.0000
1.6350
1.6794
0.0000
3.7023
0.0000
0.0000
0.0000
1.3624
0.0000
0.0000
0.0000
1.5298
0.0000
0.0000
1.1692
0.0000
0.0000
0.4609
0.0000
0.0000
1.3374
0.0000
0.1595
1.4855
0.0000
0.9826
0.0000
0.0000
0.0000
0.0000
0.0000
0.3951
0.0000
2.3239
0.0000
0.0000
0.7549
0.0000
0.8494
2.1745
0.0000
0.0000
0.0000
0.0000
0.0000
0.0000
0.0000
0.0000
0.0000
0.0000
0.0000
0.0000
1.1530
0.0000
1.2760
0.0000
0.0000
0.0000
0.0000
0.0000
0.0000
0.0000
3.2694
1.5375
0.0000
0.0000
0.0000
0.0000
0.0000
0.0000
0.4624
1.4744
0.0000
0.0000
0.9378
0.0000
0.0000
0.0000
0.2970
0.3166
0.0000
0.6906
0.0000
0.0000
0.0000
0.6651
0.0000
0.0000
2.1917
1.1077
1.7644
0.7806
0.3306
0.0000
0.0000
1.9798
0.1385
0.3225
0.0116
0.0000
0.0000
2.5034
0.0000
0.0000
0.0000
0.5565
0.0000
2.4246
0.0000
0.0000
0.0000
0.0000
0.0000
1.2071
1.8821
0.1102
0.3357
0.0000
0.0000
0.0000
0.0000
0.0000
0.0000
1.2066
0.0000
0.0000
0.0000
2.1783
0.3268
0.0000
0.0000
0.0000
0.5674
0.0000
0.0000
0.0000
1.1068
1.6040
0.0000
0.8387
0.0000
0.0000
0.0033
0.4717
1.0861
2.7340
0.0000
0.0000
0.0000
0.8562
0.0000
2.4542
0.9623
0.3451
0.6551
0.0000
0.0000
0.0000
0.0000
0.0000
0.4920
0.0000
0.0000
0.0000
0.0000
1.2700
0.0000
0.1146
0.4088
1.0125
1.3715
0.4048
0.0000
0.6043
0.1870
1.8344
0.0000
0.0000
0.2719
1.5841
0.0000
2.1502
0.0000
0.0000
0.0000
0.0000
0.0000
0.0000
0.4690
0.0000
0.0000
1.0736
0.3079
0.0000
1.3988
0.6047
1.5637
0.0986
1.5843
0.0000
0.0000
0.0000
0.5512
0.0000
0.0000
0.0420
0.0000
0.4084
0.9349
0.0000
0.9187
1.2651
0.0000
0.0000
0.5899
1.2329
0.0000
0.0000
1.1418
0.0000
0.0000
0.0000
0.9556
0.0000
0.6359
0.2574
0.5482
0.1259
0.0000
0.8449
0.0882
0.0000
0.7655
0.1213
0.6436
0.0326
1.3686
0.0000
0.0000
0.0000
1.4405
1.8678
0.4580
0.0000
0.0000
0.0000
0.0231
0.1969
0.5574
0.0000
1.3142
0.0000
1.3770
1.5108
0.0000
0.0000
0.0000
0.0000
0.0000
0.0000
0.4003
0.6887
0.0000
0.0000
1.1205
0.0000
0.0000
0.0000
0.0000
0.0000
0.0000
0.0000
0.5210
0.0000
2.0805
0.0000
0.0000
0.0000
0.0000
0.9764
1.0690
0.0000
0.0000
1.1356
0.0000
1.4585
0.0000
0.0000
0.0000
0.0000
0.0000
1.2196
0.6931
0.9566
0.1522
0.8018
0.0000
0.4314
0.0000
0.9280
0.0790
0.3758
1.7508
0.0000
0.0000
0.0000
0.0000
0.0000
0.0000
0.0000
0.3631
1.8543
0.6964
2.3238
0.0000
1.0342
0.0851
0.0000
0.0000
0.0000
0.0000
2.4905
1.3154
0.9898
2.0125
0.0000
0.2109
0.0000
0.9786
0.0000
0.0000
0.5551
1.3743
0.0000
0.0000
0.0000
1.0261
0.1021
0.0000
0.0000
0.7039
2.1534
2.1653
0.0000
0.0000
0.0000
0.0000
0.0000
0.8442
0.8962
3.0963
0.0000
0.0000
1.4075
0.7616
1.4787
0.0000
0.0000
0.0000
0.3622
0.4895
0.0000
0.2776
0.1927
0.0600
0.0000
2.3634
0.0000
0.0000
0.0000
1.8197
0.0000
0.0000
0.0000
0.0000
0.0000
0.2170
2.1163
0.0000
1.0438
2.0993
0.0000
0.0000
3.1203
0.0000
0.0000
1.0361
0.0000
0.1789
0.0000
0.0000
1.9086
0.9037
0.0000
0.0000
0.4968
0.0000
1.7015
0.0000
0.0000
0.0000
0.0000
1.9354
0.0000
3.5001
0.0000
0.2656
0.4606
0.0000
0.0000
0.0000
0.0000
0.0000
1.0636
0.1251
0.0000
0.0000
0.0000
0.0000
0.0000
0.0000
1.0391
0.6119
0.0000
0.0000
0.0000
1.5896
0.0000
0.0000
0.7473
0.0000
1.0461
0.0000
0.0000
0.0000
0.4748
0.7627
0.0000
0.0000
0.0000
0.0000
0.6117
0.0000
2.3913
0.0000
0.0000
0.0000
0.7050
0.0000
0.9715
0.2210
0.0000
0.3278
0.0000
1.4702
0.0000
1.2694
0.0000
0.0000
0.0000
0.0000
0.0000
0.0000
0.3890
0.0000
0.0000
0.0000
1.8729
0.0000
0.0000
0.0000
0.0000
0.0000
1.1175
0.0000
0.0000
0.0000
0.0000
0.0000
0.0000
1.6534
1.6342
0.0000
0.0623
0.0000
2.2364
0.0456
0.2237
0.3232
0.3705
0.0000
1.1420
0.0000
0.0000
1.1257
0.1243
2.1413
0.6334
0.0000
1.0057
0.0000
0.0000
1.1552
0.0000
3.3184
0.0000
0.0000
1.5616
0.0000
0.0000
0.0000
0.0000
0.1208
0.0000
0.8520
0.0000
0.0000
1.6620
0.0000
0.0000
0.0000
0.0000
0.0000
0.0000
0.0000
1.3206
2.4783
0.0000
2.8960
1.7222
1.7958
0.0000
0.9322
0.0000
0.0000
0.0508
0.0000
0.0000
2.5521
0.0000
0.0000
2.6293
1.7872
0.0000
0.0000
0.1415
1.5150
0.1437
0.0000
0.2421
2.1071
0.0000
0.0000
0.0000
0.0000
0.0000
0.2180
0.0000
0.0000
0.0000
0.0000
0.8348
0.0000
0.5548
0.0000
0.0000
0.0000
0.4804
0.1048
0.0000
0.0000
0.0000
1.4183
0.8554
0.0000
0.1424
0.0000
0.0000
0.0000
3.0219
1.0293
0.0000
0.0000
0.0000
0.6730
2.2881
1.9120
0.0339
0.0000
0.0000
0.0000
0.0000
2.1613
0.0857
0.0000
0.0000
0.9144
1.5012
0.0000
0.0000
0.0000
0.0000
0.0000
0.0000
0.0000
0.0000
0.0000
0.0000
0.0000
1.4821
0.7695
0.1480
0.0000
0.0000
0.0000
0.6192
1.0801
1.3412
1.3368
0.0000
0.0000
0.8511
0.0000
0.6084
1.0207
0.4945
0.0000
0.0000
0.4561
0.0000
0.0000
0.0000
0.0000
0.0000
0.1633
0.8658
3.1225
0.0000
0.1226
0.0000
0.0000
0.0000
0.0000
0.0000
0.0000
0.0000
0.0000
0.0000
0.0000
0.1484
0.0000
0.0000
0.0000
0.0000
0.0000
0.9032
0.0310
0.4759
0.0000
0.3670
0.0000
0.0000
1.5824
0.0000
0.0000
0.0000
0.0000
0.4180
0.0000
0.0000
0.0000
0.0000
0.0000
0.0000
0.0000
0.8253
0.0000
0.0000
0.5109
0.0000
0.0000
0.0000
0.0000
0.1718
1.2536
1.2073
0.0000
1.9043
0.0000
2.6748
0.0000
0.1508
0.3702
0.0000
0.0000
0.3488
0.0000
0.0000
2.1804
0.0000
3.1581
0.0000
2.2835
0.0000
0.3454
1.5850
0.0000
0.0000
0.0000
0.0000
0.0000
0.1647
0.0000
0.0000
0.0000
0.0000
0.0000
0.0000
0.0000
0.6716
0.7245
1.2558
2.9396
0.0000
1.2162
0.0725
0.7969
0.0000
0.0000
0.0000
0.0000
1.1293
0.6946
1.5244
0.0000
0.0000
0.0000
2.0348
0.0000
0.0000
0.0000
0.0000
0.0000
0.0000
0.0000
0.0000
0.0000
0.0000
0.0000
0.0000
1.0804
0.3963
0.0000
0.4840
0.0000
0.0000
0.0000
0.0000
0.8679
0.0000
0.1351
0.0000
0.0000
0.4498
2.4614
1.9863
0.0000
0.0000
0.0000
0.0000
0.1123
0.0000
0.0000
0.0000
0.0000
0.0000
0.0000
0.0000
0.3402
0.7145
0.0434
0.0000
0.8383
0.9205
0.0000
0.0000
0.2404
0.0000
1.5666
0.0000
0.0000
0.0000
0.0000
1.5851
0.0000
1.0295
0.0000
0.0000
0.0000
0.2419
0.0000
0.0000
2.7040
1.2046
0.0000
3.2789
0.0000
0.0000
0.0000
0.7103
0.0000
1.3619
1.6288
0.0000
0.1999
0.0000
0.0000
0.0000
0.0000
0.2703
0.0000
0.0000
0.0000
0.0000
0.6644
0.0000
0.0000
0.0000
0.0000
0.0000
0.0000
0.0000
0.6565
0.0000
0.9434
0.0000
0.0000
0.0000
0.0000
0.0000
1.4092
0.0000
0.4616
0.3917
0.0000
0.0000
2.1126
1.5165
1.9406
0.0000
0.0000
0.0000
0.0000
0.0000
0.0000
0.0000
0.0000
0.0000
0.3048
0.3696
0.0000
0.0000
1.8413
0.0000
0.0000
2.4364
0.0000
0.0000
0.0000
0.0000
0.2343
1.2763
0.0000
0.0000
0.0000
0.0000
0.0000
0.0000
0.1210
0.7534
0.0000
0.4576
1.6375
0.0000
0.0000
2.1274
0.7602
0.0000
0.0000
0.0000
1.4528
0.2903
0.0877
0.0000
1.9586
0.0000
2.2418
4.2415
0.0000
0.0000
1.5219
0.0000
0.0000
0.0000
0.0000
0.0000
0.0000
0.0000
0.0000
0.0000
0.0000
0.0000
0.0000
0.0000
0.0000
0.9111
0.8245
0.0000
1.9667
0.0000
0.0000
0.9817
0.0000
0.0000
3.4517
0.0000
0.0000
0.5016
0.0000
0.0000
1.8467
0.5259
0.0000
0.0000
2.8702
0.0000
0.0000
0.0000
1.0548
0.0000
0.0000
1.8241
0.0000
0.0000
0.0000
0.0000
0.0000
2.1819
0.0000
0.3940
1.6923
0.0500
0.5884
0.0000
0.2731
0.6822
0.0000
0.0000
1.7707
1.1200
0.1401
0.0000
0.0000
0.0000
0.8528
0.1252
0.0000
0.6601
1.1042
0.0000
0.0000
0.3159
0.0000
0.0000
0.0000
0.0000
0.0000
0.0000
0.2786
0.0000
0.0000
2.8441
0.0000
0.0000
2.5578
0.0000
0.0000
0.0000
0.0000
0.0000
0.0000
1.5827
0.0000
0.0000
0.0000
0.0000
0.0000
0.8444
0.0000
0.0000
0.0000
0.0000
0.0000
1.2243
1.1016
0.0000
2.0402
0.0000
0.0000
0.0000
0.0000
0.0593
0.9761
3.0767
0.0000
1.8412
0.0000
0.0000
0.0000
0.8571
0.8593
0.1342
0.1243
0.8309
1.4911
0.0000
0.0000
0.0000
0.0000
1.4204
0.0000
0.0000
2.4805
0.4411
0.0000
0.0000
0.0000
3.3018
1.7716
0.8724
0.0000
1.5805
0.0000
0.2824
0.0000
0.0000
0.0000
0.0000
0.0000
0.0000
0.0000
0.0000
0.0000
0.0000
0.0000
1.0772
0.2657
0.0000
0.0000
0.0000
0.0000
0.4298
0.0000
0.0000
2.2518
0.0000
0.6765
0.9593
0.0000
0.0000
0.8984
0.0000
1.3004
0.0000
0.0000
3.1329
0.4665
0.0000
1.6167
0.0000
0.0000
0.0000
0.0000
0.0000
0.0000
0.0000
0.3351
0.0000
1.0508
1.0444
0.0000
0.0000
0.0000
0.6093
0.2296
0.0000
0.0000
0.0000
0.0000
0.7191
0.0000
0.0000
0.0000
0.0000
0.0000
1.2784
0.0000
0.0000
0.0000
0.0000
0.0000
0.2467
0.1705
0.0000
0.0000
0.0000
0.0000
2.0366
0.0000
0.0000
1.9647
0.0000
0.0000
0.0000
0.0966
1.5543
0.0000
0.0000
0.0000
0.0000
0.0000
0.0000
0.1935
0.7399
0.4502
1.9706
0.0000
0.0000
2.1683
0.0000
1.2374
0.3735
0.0000
0.0741
0.0000
0.0000
0.0000
0.4634
1.5998
0.0000
0.0000
1.3345
0.3854
0.0000
0.9734
0.0000
1.9417
0.0000
2.6160
0.0000
0.0000
0.0000
0.0000
0.0000
1.4355
0.0000
0.0000
0.9301
0.0000
0.0000
0.0851
1.1705
0.0000
0.0000
0.0000
1.3641
0.0000
0.0000
0.0000
0.8811
1.4933
0.1601
0.0000
0.0000
1.7842
0.0000
0.0000
0.0000
2.1183
1.6184
4.8182
0.0000
2.7307
3.9825
0.0000
0.0000
0.0000
0.0000
0.0000
0.0000
0.0000
0.0000
0.6965
3.0208
0.0000
0.0000
0.0000
0.2669
0.2278
1.7629
0.0000
1.1734
0.1100
0.0000
0.0000
1.3027
0.2250
0.3724
1.8141
0.0000
0.0000
0.1012
0.0000
2.7149
0.0000
0.0000
2.3728
0.0000
1.1097
0.0000
0.0000
0.0000
3.8512
0.0000
0.1788
0.0000
0.0000
0.0564
0.0000
0.0000
0.0000
0.0000
2.6854
0.1071
0.1540
0.0000
0.0000
0.0000
0.0000
1.3891
0.0000
0.0000
0.0000
0.0000
0.0000
0.0000
0.0000
0.0000
0.0000
0.1864
0.5269
0.5483
0.0000
1.3986
0.0000
0.0000
0.0000
1.3561
1.6760
1.4029
0.0000
0.0000
0.0000
0.3008
0.0000
0.0000
0.9374
0.0000
0.4581
0.0000
1.6836
0.0000
0.0000
3.2194
0.1106
0.0000
0.1926
0.0000
0.0000
0.2529
0.1810
0.0000
0.0000
0.0000
0.0000
0.7099
1.5068
0.0000
0.0000
0.0000
1.5585
0.0000
1.5671
3.0712
0.0000
0.0000
0.8696
0.0000
0.0000
0.0000
2.9221
0.0000
0.0000
0.0000
0.0000
0.3019
0.0000
1.1822
0.0000
0.0000
0.0000
0.0000
2.5990
1.0282
0.0000
0.0197
2.0420
0.0000
0.0000
0.0000
0.5476
0.0000
0.1632
0.0000
0.0000
0.0000
0.3905
0.4040
0.0000
0.6440
0.0000
0.3626
0.0000
0.0000
0.2280
0.4449
0.0000
0.0000
1.8594
1.5092
0.5824
0.0000
0.0000
0.0000
0.0000
0.9364
1.3010
0.0000
0.0000
0.0000
0.9270
1.8123
0.0000
0.4897
3.3883
0.0000
0.0000
0.0000
0.3193
2.5811
0.0000
0.0000
0.0000
0.0000
0.0000
0.0000
0.0000
0.7261
0.1894
0.0000
0.0000
0.2762
1.7110
1.9578
0.0000
0.0000
0.9639
0.0000
0.0000
1.7913
0.0000
0.0000
0.0000
0.0000
3.3783
1.3191
0.0000
0.0000
2.2272
0.0000
0.0000
1.0369
1.7274
0.9660
0.0000
1.2705
0.4422
0.0000
0.0000
0.0000
0.0000
0.0000
0.0000
0.8687
0.0000
0.0000
1.5614
5.9205
0.5550
2.3410
0.0000
0.3657
0.0000
0.0000
0.0000
0.0000
0.0000
0.0000
0.0000
0.0000
0.0000
0.4449
0.0684
0.6128
0.0000
0.0000
0.0000
0.0000
0.0000
1.8272
0.0000
0.0000
0.0000
1.0440
0.5476
1.2959
0.0000
1.3144
0.0000
0.6175
2.4901
0.0000
0.1966
0.0000
0.0000
0.0000
0.0000
0.0000
1.4581
0.0000
0.0000
0.0000
0.4835
0.0000
0.0000
0.3887
0.0000
1.9537
0.0000
0.4780
0.9206
0.0000
1.4007
0.0000
0.0000
0.4204
0.0000
0.0000
0.0000
0.0000
0.3914
0.2091
0.0000
0.0000
2.5899
0.4246
0.0000
0.0000
0.5688
0.0000
2.6483
0.0000
0.0000
0.0000
0.0000
0.0000
3.0503
0.0000
0.0000
0.0000
0.0000
2.5236
0.0000
0.0035
0.0000
0.0000
0.0000
0.0000
0.0000
0.0000
0.2853
1.6444
0.0000
1.5222
1.4859
0.0000
3.0750
0.2543
0.1454
2.7019
0.9479
0.0000
0.0000
0.0000
0.0000
0.1004
0.0000
0.0000
0.0000
0.0000
0.4966
0.0000
0.1949
0.0000
1.2424
0.0000
1.9513
0.0000
3.1381
0.0000
0.0000
0.5450
0.0079
2.1531
0.0000
0.0000
0.0000
0.0000
0.7969
0.2142
0.0000
1.2413
0.0000
0.0000
1.6925
0.0000
0.0000
2.6570
0.0000
0.0000
2.4338
0.0000
0.2596
0.0000
0.1531
0.0000
0.0000
2.3071
0.0000
0.0000
0.0000
0.0000
0.0000
0.9921
0.0000
0.5538
0.1194
0.0000
0.0000
0.0000
0.4247
0.0000
0.0000
1.7460
0.6303
0.0000
0.0000
0.0000
0.0000
2.0770
0.3063
0.0000
0.3053
0.0000
0.0000
2.4867
0.0000
1.0007
0.0000
0.0000
0.6927
1.4947
0.0000
0.0000
0.0000
1.3125
0.1795
0.0000
0.5974
0.0000
0.0000
1.6879
1.7910
0.0000
0.0000
0.0000
0.0000
0.0000
0.0000
0.5855
0.0000
0.0527
0.5396
0.3635
0.0000
0.0000
0.0000
0.0000
0.0378
0.0000
0.0327
1.2743
0.6186
0.0000
0.0000
0.0000
0.5141
0.0000
0.0000
0.1067
0.0000
0.0000
0.0000
0.6626
0.0000
0.1056
0.0000
0.8833
0.0000
0.0000
0.7776
0.8999
2.4236
0.0000
3.9903
0.2120
1.3840
0.4036
2.2070
0.0000
0.0000
0.0000
0.0000
0.0000
0.0000
0.0000
0.3703
0.0000
0.0000
0.0000
0.0000
0.0000
0.6363
0.0795
0.3392
0.0000
0.0000
0.9426
0.0000
0.0000
0.0000
1.1318
0.0000
0.0000
0.0000
2.0960
0.0000
0.0219
0.0000
0.0259
0.0000
0.0000
0.0000
0.0000
0.0000
0.0000
0.0000
0.0000
0.6890
0.6795
0.0000
0.0000
0.0000
0.0000
0.5626
0.0000
0.0000
0.4372
0.0000
0.3955
0.0000
0.3006
0.0000
1.5727
1.3853
0.0000
0.0000
0.0000
0.0000
0.0000
0.0481
0.0000
1.7787
0.8905
0.0000
1.7170
0.0000
0.0000
0.0000
0.0000
0.0000
0.1377
0.0000
0.0000
1.3585
1.7139
0.0000
0.0000
0.0000
0.0000
0.5871
1.6376
0.0000
0.0000
0.2850
0.7889
0.0000
0.5619
0.1072
2.0084
0.0000
0.0000
0.0000
0.0000
0.8079
0.2733
4.1194
0.0352
0.0000
2.0368
0.0000
0.1884
0.0000
0.0000
0.0000
0.5442
0.0000
0.0000
0.0000
0.0000
0.0350
0.0000
0.0000
0.0000
0.0000
0.1121
1.0443
1.2803
0.0000
0.3901
0.0000
0.0000
0.0000
0.7151
0.0000
0.0000
1.0193
0.0000
0.0892
0.0000
0.0000
0.0000
0.5441
0.0000
0.0000
0.0000
0.0000
1.8935
1.7808
0.0000
0.0000
0.0000
0.3163
1.0513
0.2304
0.0000
0.0000
0.4655
0.0000
0.0000
0.0000
0.0000
0.0000
2.3068
0.0000
0.0000
0.0000
0.0000
0.0000
1.9813
0.0000
0.0000
0.0000
0.0000
0.0000
0.6555
0.0000
0.0000
0.0000
0.0000
0.0000
0.0000
2.1171
0.0000
0.0000
0.0000
0.0000
0.0000
0.0000
0.0000
0.0000
0.6217
0.0000
0.0000
0.0000
0.0000
0.0000
0.0000
0.0000
0.2801
2.0884
0.0000
2.5928
0.0000
0.0000
0.0000
0.0000
0.0000
0.0000
0.0000
0.3575
0.0000
0.0000
0.0000
0.0000
0.0000
0.0000
0.0000
1.1422
0.7980
0.0595
0.0000
0.0000
0.0000
0.6320
0.0000
1.1061
0.0000
0.0000
0.0000
0.0000
1.0048
0.7815
0.0000
0.0000
1.8136
1.5707
1.6711
0.0000
0.0000
1.1731
0.0000
0.0135
0.0000
0.0000
0.9483
0.3797
1.1299
0.0000
0.0000
0.7581
1.7144
0.0000
0.5981
0.0000
1.9482
0.7636
0.0000
0.0000
1.7524
0.0000
0.6367
0.7918
0.0000
0.0000
0.0000
0.0000
0.0000
0.9944
0.0000
0.6095
1.7352
0.8682
0.0000
0.0000
0.0750
1.7770
1.2030
0.0000
0.0000
0.0000
0.0000
0.0000
0.6930
3.2958
0.4610
0.0000
0.0000
0.4550
0.0000
0.1972
1.3478
0.0000
1.5160
0.2594
0.0000
0.0000
0.6839
1.8002
3.4070
0.0000
0.0000
0.0000
0.3787
1.6373
2.2519
0.0000
0.0000
0.0000
0.0000
0.6831
2.9919
0.0000
0.0000
2.3459
0.0000
0.0000
0.0000
0.0000
0.3018
1.7171
0.5385
0.0000
0.0000
0.0000
1.5243
1.4701
0.0000
1.2270
0.0000
0.0000
0.0000
0.0000
2.1060
0.1035
0.6004
0.0000
0.0000
1.3808
0.0173
0.0000
0.0000
0.0000
0.0000
0.0000
3.8190
0.0000
0.0000
0.0000
0.0000
0.0000
0.0000
0.0000
0.6819
0.0000
0.0000
0.3469
0.0000
0.8306
0.0000
0.0000
2.1116
4.6816
0.0000
0.0000
0.0000
0.0000
2.2388
0.0000
0.0000
0.0035
0.0000
0.3455
0.4662
0.0000
0.4638
0.3617
0.0000
0.0000
0.4982
0.0000
0.0000
1.0171
1.9281
0.0000
0.0000
0.0000
0.0000
0.0000
0.1017
0.0000
2.6588
0.0000
0.0000
0.0000
0.0000
0.0000
0.0000
1.0662
0.8804
0.0000
0.4174
0.0000
0.2070
0.0000
0.0000
0.0000
3.3657
0.0000
3.0005
2.3289
0.0000
0.0000
0.0000
0.0000
0.0000
0.0000
0.0000
1.3661
0.0000
0.0000
0.2733
0.0000
1.2005
0.0000
0.0000
0.3083
0.0000
0.0000
2.2150
3.7738
0.4180
0.3979
0.8863
0.0000
2.4248
0.4970
0.0000
0.0000
0.0000
1.3518
0.0000
1.7447
0.3059
0.0000
0.0000
0.2405
0.0000
0.0000
0.0000
0.0000
0.0000
0.0000
0.2991
0.2721
0.0000
0.0000
0.0000
3.7286
0.0000
0.0000
0.0000
0.0000
0.7958
2.8160
0.0000
0.0000
0.0000
0.0000
0.0000
0.0000
1.7853
0.5713
3.7257
0.0000
0.6155
0.0000
0.0000
1.2268
0.0000
2.6015
0.0000
0.0000
0.0000
2.5047
1.8054
0.5650
0.0000
0.0000
0.2429
0.8571
3.7168
0.0000
0.0000
0.0000
0.0000
0.0000
0.0000
0.0000
1.1068
1.7219
0.0000
1.0873
1.7922
2.0222
0.1830
0.0209
0.0000
0.1783
1.7083
0.0000
0.0000
0.0000
0.0000
0.0000
1.5415
1.4497
0.0000
0.0000
2.7744
0.0000
0.7566
0.7174
0.0000
0.0000
0.0000
0.0000
3.3707
0.6235
0.4650
0.0000
0.0000
0.0000
0.6011
2.7353
0.0000
0.0000
0.2227
0.0593
1.4226
0.0000
2.3577
0.0251
0.0000
0.0000
1.1349
1.0600
0.0000
0.0000
0.0000
1.1074
0.0000
2.2889
0.0000
0.0356
0.0000
0.0000
0.0000
0.0000
0.0000
0.0000
1.7098
0.0000
0.0000
0.0000
0.3022
0.4278
0.0000
1.3591
0.0000
0.0000
0.0000
0.0000
0.0000
0.5670
0.0000
0.0000
0.0000
0.7814
0.0000
2.3867
0.0356
0.0000
0.0000
0.5042
0.0000
1.8857
0.0000
0.0000
0.3176
0.0000
0.0000
0.0000
0.9619
0.0000
0.2221
0.0000
0.0000
0.0000
0.0000
0.1379
0.1606
0.1522
0.4713
2.1937
0.0000
0.0000
0.0000
0.0000
0.0000
0.0000
0.2648
0.2076
0.0000
1.2266
0.0000
0.3330
0.0000
2.9245
0.6280
0.0000
0.0000
0.0000
0.0000
0.0000
3.5999
0.0000
0.0000
0.0000
0.0000
0.0000
0.0000
0.6110
0.0000
0.0000
0.4253
0.0000
1.8369
0.0000
0.0542
0.0000
0.7535
0.6097
0.0000
0.0000
0.0000
0.1870
2.1540
0.0000
0.0000
0.2894
0.0000
0.0000
2.9746
0.0000
0.0000
2.0173
0.2912
0.0000
0.4722
0.0000
1.4634
0.0000
1.2169
2.3269
0.0000
0.0000
3.0821
3.4420
0.5742
0.0000
2.7713
0.0000
0.7786
0.0000
0.5965
0.9285
0.0000
0.0000
0.0000
0.0358
0.9022
0.0000
0.2866
0.3288
0.0000
0.0000
0.0000
0.7223
0.0000
0.0000
0.5761
0.0000
0.0000
0.0000
0.0000
0.2962
0.7267
0.0000
0.0000
0.0000
0.0000
0.0000
0.0000
0.0000
0.0337
0.0000
0.0000
0.0000
0.0000
0.6921
0.0000
0.0000
0.0000
0.4363
0.0000
0.2949
0.0000
0.0000
0.0000
0.0000
1.1219
0.0000
0.0000
0.0000
0.1204
0.0000
1.6932
0.0000
0.0000
0.0000
0.0000
1.5485
1.3862
0.6576
0.0000
0.0000
0.8530
1.7541
0.0000
0.0000
0.0000
2.6521
0.6517
0.0000
0.0000
0.0000
0.0000
0.0000
0.0000
0.0000
2.8800
0.0000
0.0000
1.4743
4.0942
0.1295
1.5097
0.0000
0.0000
0.0000
0.0000
3.1074
0.0000
0.0000
0.0000
0.0000
1.8469
0.5860
0.0000
0.0000
0.4724
0.0000
0.0000
0.4829
1.2171
0.0000
0.0000
0.0000
0.0000
0.0000
3.3724
0.0000
0.8426
0.0000
0.6989
2.3055
0.0000
0.7490
0.0000
3.3112
0.0000
0.1348
1.8241
0.0000
0.0000
0.0000
0.7099
0.0000
0.0000
2.2853
0.0000
0.0000
0.0000
0.2635
0.0000
0.0000
1.6569
0.0000
0.0000
0.0000
1.9336
2.2901
0.0000
0.0000
0.0000
0.1674
0.0000
0.0000
0.0000
1.2760
3.4960
0.0000
0.0000
0.4606
0.4910
4.7889
0.5082
1.9097
0.0000
1.6329
0.0000
0.0000
0.0000
0.0000
0.0000
0.0000
0.1049
0.0000
2.5221
1.6988
3.1006
0.3147
0.8856
0.4303
0.0000
0.0000
0.0000
0.0000
0.0000
2.4211
0.0000
0.0000
2.4338
0.0000
0.0000
0.0575
0.2308
0.2652
0.6947
0.0018
0.0000
0.0000
0.4693
0.0000
1.5678
0.2843
0.0000
0.3987
0.0000
1.4100
1.5205
0.0000
0.0000
0.3870
0.0000
0.0000
1.0465
1.3572
0.0000
0.0000
0.0000
0.3469
1.1915
0.1452
0.0000
0.0000
0.0000
0.0000
0.0000
1.6280
2.3148
0.0000
0.0000
0.0000
3.1739
0.0000
0.8988
0.0000
0.0000
0.0000
0.0000
0.0000
0.0000
0.0000
0.8388
0.0000
2.2805
0.0000
0.2984
1.1330
1.2625
1.2900
0.2187
0.8067
0.0000
0.0000
0.0000
0.6941
0.8286
0.3350
1.0782
0.0000
0.0000
0.0000
0.0000
0.0000
0.0000
0.4571
1.8778
0.0000
0.0000
0.0000
0.0000
0.0000
3.6856
0.5960
0.2699
0.0000
0.1881
0.0000
0.0000
0.0000
0.0000
0.4580
0.0000
0.3452
0.4520
0.0000
1.3529
1.6018
0.0000
0.0000
0.0047
1.2361
0.0000
0.0751
0.0000
0.0000
0.5946
0.8409
0.0000
0.0000
0.0000
0.7530
0.0000
0.0000
1.2676
0.3833
0.2556
0.0000
0.0000
0.6040
0.0000
0.0000
0.0000
2.4116
0.1143
0.0000
0.2605
1.2107
0.1255
0.0000
0.0000
1.0836
0.0000
0.0000
0.0000
0.1047
0.0000
0.0000
4.3006
0.3420
0.0000
1.7774
1.2635
0.6272
1.6708
0.0000
1.6903
0.5302
0.0000
0.0000
0.0000
0.0000
0.0000
0.0000
0.0000
1.7170
1.3919
0.0000
0.0000
0.1231
0.0000
0.0000
2.0438
0.0000
0.9630
0.0000
0.0000
1.1067
0.0000
