0.0000
0.0000
1.0660
0.0000
0.0000
0.0000
0.0000
0.0000
0.0000
0.7460
0.0000
0.0000
0.9474
0.0000
0.0000
0.0000
0.0000
0.0000
0.0000
0.0000
0.0000
0.0000
2.6048
1.6950
2.2966
2.4551
0.0000
2.0430
0.0000
0.0000
0.0000
0.0000
1.3913
0.0000
2.9548
0.0000
0.0000
0.0000
2.2322
1.0295
0.0000
0.0000
0.0000
0.0000
0.0000
0.0000
0.0000
0.0000
1.0088
1.5478
0.0000
0.0000
0.0000
0.0000
0.0000
0.0000
0.0000
0.0000
0.0000
0.0000
0.0000
2.2714
0.0000
0.8387
0.0000
0.0000
0.0000
0.0000
0.0000
0.0000
0.6849
3.6773
0.0000
0.0000
0.0000
1.1071
0.0000
0.0000
0.0000
0.3944
1.2888
0.0000
0.0000
0.0972
0.0000
0.3627
0.4594
2.1453
0.0000
0.0000
1.0282
0.0000
1.0029
1.5313
0.0000
0.0000
0.0000
0.0000
2.5375
0.0000
0.0000
0.0000
0.0000
0.0000
1.9096
0.0000
0.7268
0.0000
0.0000
3.3555
0.0000
0.1634
1.9006
0.0000
0.0000
0.0000
1.7623
0.0000
0.0000
0.0000
2.7229
0.5076
1.3704
0.0278
0.0000
0.0000
0.0000
0.4647
0.0000
0.0000
0.0000
0.0000
0.0000
0.0000
2.8027
0.0000
0.7723
1.8639
0.0000
2.7933
2.5477
0.0000
1.3928
0.7885
1.7599
0.0000
0.0000
0.5896
1.8608
0.0000
1.4047
0.9950
0.3692
0.0000
0.0000
0.6216
0.0000
0.1568
0.0000
0.0000
1.6553
0.0000
0.9203
0.0000
0.0000
1.6236
0.0000
0.0000
0.0000
1.4630
0.0000
0.0000
0.0000
0.0000
0.0000
0.0000
0.0000
0.9238
0.0000
4.6444
1.3456
2.2134
0.5823
0.0000
0.0000
0.0000
1.3090
0.0000
2.3267
1.7147
0.0000
0.0000
0.5503
0.0000
0.5329
0.0000
0.0000
0.9710
3.9613
1.1685
0.0000
0.7129
0.0000
0.0000
0.0000
0.0000
0.0000
1.1401
0.0933
0.0000
0.0000
0.0000
0.0000
1.4983
0.0000
0.0000
0.0000
0.0000
0.0000
0.5772
0.9385
0.0000
0.0000
0.0000
0.9447
0.0000
0.0000
1.5040
0.9580
0.0000
0.0000
1.2721
0.0000
0.0000
1.4059
0.0000
1.9316
0.0000
2.0451
0.0000
0.0000
0.0000
0.6700
0.0000
0.0000
0.0000
0.0000
0.0000
1.5728
0.0000
0.0000
0.0000
0.0000
0.0000
0.0000
0.6269
0.0000
0.0000
1.4282
0.0000
0.0000
0.8550
0.0000
0.0000
0.0000
0.0000
1.8253
0.4234
0.0000
0.7622
1.7216
0.3313
0.0000
1.7400
0.0000
0.0000
0.4438
2.0645
0.0253
0.0000
0.8061
0.0000
0.7155
0.0000
0.0000
1.2955
0.0000
0.0000
0.0000
0.0000
0.0000
0.0000
0.0000
0.0000
2.6415
0.0000
0.2761
1.7514
0.0000
2.2110
0.0000
0.0000
0.0000
0.0000
0.8343
0.0000
0.2802
0.0000
0.0000
0.0000
0.0000
0.0000
0.0000
0.7612
2.0843
0.0000
0.0000
0.0000
0.6855
2.2679
0.0000
1.3945
0.3233
0.0000
0.0000
1.3869
0.9370
1.8103
0.0000
1.1392
0.0000
0.0000
0.0000
0.0000
0.0000
1.4945
0.8984
0.0000
0.0000
2.3332
0.0000
0.0000
0.0000
0.0000
0.0000
4.3147
0.0000
0.0000
0.0000
0.0443
0.0000
2.1627
0.0000
0.0000
1.9368
0.8927
0.8104
0.0000
0.2369
0.0000
0.0000
0.0000
0.0000
0.0000
0.0000
0.9838
0.0000
1.0606
0.0000
0.0000
0.0000
1.5978
0.0000
0.0000
0.9393
0.0000
0.0000
1.7319
0.0000
0.0000
4.0230
0.0000
1.2465
0.0000
0.0000
0.0000
2.2725
0.0000
0.0000
0.0000
2.5044
0.0000
0.0000
0.0000
0.0000
1.5899
0.0000
0.0000
0.0000
0.0000
0.0000
1.8710
0.0000
0.0000
0.0000
0.1734
0.0000
0.0000
2.9502
0.0000
0.0000
0.0000
0.0000
1.9483
1.1769
1.2631
0.1162
0.0000
0.9273
0.0000
0.0000
0.0000
0.5369
0.0000
0.0000
0.0000
0.0000
1.0097
0.0000
0.7490
0.0000
0.0000
0.0000
0.0000
0.0000
0.0000
0.0000
0.0000
1.4556
0.0000
2.7454
1.9671
1.2615
0.0000
2.3353
0.7172
0.9350
0.0000
2.8364
1.5830
1.3596
0.0000
0.0000
0.6237
0.0000
0.1114
0.0000
0.8439
0.1748
0.0000
0.2910
0.0341
1.3251
0.0000
0.0000
0.0000
0.0000
0.0000
0.0000
0.0000
0.0000
1.8017
0.2102
0.0000
0.0000
1.1355
0.9045
0.0000
0.0000
0.0000
0.0000
0.0000
0.0326
1.5217
0.4901
0.3691
0.0000
1.2171
0.0000
0.9513
0.0000
0.0000
0.0000
0.0000
1.8216
0.0000
0.0000
0.0000
0.5683
0.0000
0.0000
0.0000
2.0066
0.4587
0.0192
0.3378
0.3479
0.0000
0.6277
0.5150
0.0000
4.1807
0.0000
0.3659
0.0000
0.0000
0.0000
1.0180
4.6822
0.0000
1.9598
1.2219
0.0000
1.1395
0.3087
0.0000
0.2417
0.0000
0.0000
0.0000
0.5836
0.0000
0.7035
0.0000
0.0000
3.8987
0.0000
0.0000
0.4697
0.0000
0.0000
0.0000
0.0000
0.0000
0.0000
0.0000
0.0000
0.0000
0.0000
0.0000
0.0000
0.8337
0.0000
0.0000
0.0000
0.0000
0.0000
0.0000
0.0000
0.0000
0.0000
0.5836
0.0000
0.0000
0.4270
1.1860
0.0000
0.0000
0.0000
0.0000
0.0000
0.0000
0.0000
0.0000
0.0000
0.0000
0.7093
1.4346
0.0000
0.0000
0.1231
0.0000
0.0000
0.0000
0.0000
0.0000
0.0000
0.8209
2.1687
0.0000
1.2406
0.0000
0.0000
0.0000
0.0000
0.0000
0.0000
0.0000
1.8865
0.8037
0.0000
2.2564
0.0000
0.0000
0.0000
0.0000
2.2727
0.0000
1.8120
0.0000
0.0000
0.0000
0.0000
4.1255
0.0000
2.4274
1.4455
0.2331
0.9815
0.0000
1.2086
0.0000
0.7712
0.6414
0.0000
1.1320
0.0000
0.0000
0.0000
0.0000
0.0000
0.0000
0.0000
0.8376
2.0272
1.1220
0.0000
1.5913
0.0000
0.0000
0.0148
0.0000
0.0000
0.0000
0.0000
0.0000
0.0000
0.0000
0.3247
0.0000
0.0000
0.2258
2.1534
0.0000
0.0000
0.0000
0.0000
0.0000
0.0000
1.2916
0.0000
0.9380
0.9180
0.0000
0.0000
0.0000
0.5325
0.0000
0.0000
0.0000
0.5942
0.0000
0.0000
0.0000
0.0000
0.6204
0.0000
0.0000
0.0000
0.0000
0.0000
1.3975
0.0000
0.0000
0.0000
0.0000
0.0000
1.0344
0.0000
2.5509
0.8368
0.0000
4.4254
0.0000
0.0000
0.0000
0.0000
0.0000
0.0000
0.0000
1.1452
0.0000
0.3579
0.2650
0.0000
0.0000
0.0000
0.0000
0.0000
0.4268
0.0000
3.9073
0.0000
0.0000
0.0000
0.0000
0.0000
0.0000
0.0000
0.0000
0.0000
0.0000
0.9624
0.6324
0.0000
0.0000
0.5393
0.0000
1.0748
0.8778
0.0000
0.0000
0.6030
1.1195
0.0000
0.0000
0.0000
0.0000
0.0000
2.4130
0.4338
0.0000
0.0000
2.4298
0.0000
0.0000
0.4846
0.0704
0.9856
0.0000
0.0000
0.1783
0.0000
0.0000
0.5776
0.0000
0.0000
0.0000
0.0000
0.0000
0.4570
0.0000
1.5976
0.2151
0.0000
0.7603
0.0000
0.1218
0.0000
0.0000
0.0000
0.0000
0.0000
0.0000
0.0000
0.0000
0.0000
0.0000
1.0908
0.5956
0.0000
0.0000
0.0000
0.0000
0.0000
0.0000
0.0000
0.0000
0.0000
0.0000
0.0000
0.0000
1.1234
1.5030
0.0000
0.0000
0.0000
0.0000
0.8992
0.0000
0.0000
0.0000
1.9285
0.0000
0.6051
0.0000
0.0000
0.0000
0.0000
0.0000
0.5270
0.0000
0.0000
2.5481
0.0000
0.0000
0.5657
0.0000
0.0000
0.5112
2.3374
0.0000
1.0127
0.0000
0.0000
0.0000
0.0000
0.0000
0.0000
0.0000
1.3878
0.0000
0.0000
0.0000
0.0000
0.0000
0.6381
0.4881
0.0000
0.0000
0.0000
0.0000
0.0000
0.0000
0.0000
0.0000
0.0000
0.0000
1.0114
0.0000
0.0000
0.0000
0.0000
0.0000
0.0000
0.0000
0.0000
0.0000
0.0000
0.3376
0.9889
0.0000
0.0000
1.9695
0.0000
0.0000
1.3988
0.0000
0.0000
0.0000
0.6397
0.0000
1.5400
0.0000
0.0000
0.4109
0.0000
2.3385
0.0368
0.0000
0.0000
0.0000
0.0000
0.0000
0.0000
0.0000
0.0000
0.0000
0.0000
0.0000
0.0000
0.0000
1.6847
0.0000
0.4804
0.0000
0.0000
2.0022
0.0000
0.0000
0.0000
0.0000
0.0000
0.0000
0.0000
0.0000
0.0000
0.0000
0.0000
0.9520
0.0000
0.0000
3.4889
0.0000
0.0000
0.7080
0.0000
0.0187
0.0000
0.0000
0.0000
0.0000
1.2959
0.0000
0.0000
0.9105
1.4209
0.7138
0.0000
0.0000
0.0000
0.0000
0.0000
0.5962
1.2690
1.1580
0.0000
0.0000
0.0000
0.6537
0.0000
0.0000
0.0000
0.0298
1.3967
1.7290
0.0000
0.0000
0.0000
4.6874
0.5374
1.0495
0.0000
0.0000
0.0000
0.0000
2.5776
0.0000
0.0000
1.8619
0.0000
0.0000
0.0000
1.4946
0.0000
0.0000
0.0000
2.4254
1.2303
0.0000
1.1773
0.0000
0.0000
0.0000
0.0000
0.0000
0.4518
0.0000
0.0000
0.1676
0.0000
0.3957
0.0000
0.0000
0.4631
1.6515
1.5320
0.0000
0.0000
0.0000
1.2505
0.0000
0.0000
0.0000
0.0000
0.0000
0.0000
0.0000
0.0000
3.5867
1.1700
0.0000
0.0000
0.0000
0.0000
1.9652
0.0000
0.0000
0.0000
2.8966
0.0000
1.2197
0.0000
4.1017
0.0000
0.0000
1.1514
2.1704
0.0000
0.2332
0.0000
2.3618
0.0000
0.0000
0.0000
0.5329
1.3416
0.0000
0.0000
1.7294
0.5645
0.4650
1.5633
0.4435
0.7909
0.0000
1.0936
0.0000
0.0223
0.0000
0.0000
1.0659
0.0000
0.0000
0.0000
0.0000
1.5140
0.0000
0.0000
0.0000
0.5211
0.0000
0.0000
0.0000
0.0000
0.0000
0.0000
0.0000
0.0000
0.0000
3.0574
0.0000
2.6047
0.0000
0.0000
0.7665
0.0000
0.0000
0.0000
0.0000
0.2770
0.0000
0.0000
0.7630
0.0000
0.0000
0.2409
0.0000
0.0000
0.0000
0.0000
0.0000
0.0000
0.4118
0.0000
0.0000
0.0000
1.0423
0.0000
0.0000
0.0000
1.1674
0.0000
0.0000
2.6323
0.0000
0.0000
0.8103
0.0000
0.2474
0.0000
0.0000
0.5737
0.0000
0.7663
0.0000
0.0000
0.0000
0.0000
1.2961
0.0000
0.0000
0.2970
0.0000
1.0362
0.0000
0.0000
0.0000
0.0000
0.6156
0.0000
0.0000
0.0000
0.0000
0.4365
0.1751
0.6779
0.0000
0.0000
0.0000
0.0000
0.0000
0.0000
0.0000
0.0000
0.0000
0.0000
0.0000
0.0000
0.0000
1.3278
0.0000
0.0000
0.4040
0.0000
0.0000
3.2761
0.0000
0.0000
0.0000
0.0000
1.0778
0.7752
0.0000
0.0000
0.0000
0.1619
0.0000
0.0000
0.0000
0.0000
0.7569
0.0000
0.0000
0.0000
0.0000
1.2529
0.0000
0.0000
0.0000
3.1099
0.0000
0.0000
0.3759
3.4117
0.3545
0.0000
0.2433
0.0000
0.0000
0.0000
0.0000
0.0000
0.0000
0.0000
0.0000
0.0000
0.0000
1.8002
0.0000
0.3630
0.0000
0.0000
0.0000
1.0345
0.0000
0.0000
0.3263
0.0000
0.0000
1.7891
4.2334
0.0000
0.0000
0.0000
0.0000
1.8335
0.0000
0.0000
0.1082
1.4831
0.8177
1.2206
0.0000
2.5252
0.0000
0.0000
0.0000
0.7393
0.0000
0.0000
0.0000
0.0983
4.4695
0.0000
0.0000
0.0000
0.0000
0.0000
0.0000
0.0000
0.0000
0.0000
0.0000
0.0000
0.0000
0.0000
0.0000
0.0000
0.0000
0.0000
0.0000
0.0000
0.0962
1.4887
1.0932
0.0000
0.0000
3.4780
0.0000
0.0000
0.0000
3.7757
0.0000
0.0000
0.0000
0.0000
2.9163
0.8083
0.0000
0.0000
0.0000
0.0000
0.1100
0.0000
0.0000
0.0000
0.0000
0.0000
0.1680
0.0000
0.5900
4.0438
0.0000
0.0226
0.0183
0.0530
0.0000
1.6653
1.2046
0.0000
0.0000
0.0000
0.0000
0.0000
0.0000
1.5343
0.0000
0.0000
0.1371
0.0000
1.4828
0.0398
0.0000
0.0000
0.2486
0.6518
0.0000
0.0000
0.0000
0.0000
0.0000
1.2986
0.0000
0.0000
3.1521
0.0000
0.0000
0.0000
0.0998
0.0000
0.0000
0.0000
0.0000
0.0000
0.0000
0.0000
0.0000
0.0000
0.0000
0.0000
0.0000
0.0000
0.0000
0.5938
0.0573
0.0000
0.7992
0.1436
0.0000
0.0000
0.0000
0.0000
1.0871
1.0278
1.6484
0.0000
0.0697
0.0000
0.0000
0.0000
0.0000
0.0000
0.0000
0.0000
0.0000
0.0000
0.0000
0.0000
0.0000
0.0000
0.0000
0.0000
0.0000
0.0000
0.0000
0.0000
0.0000
0.0000
0.3170
0.0000
0.0000
2.3819
0.8159
0.0000
0.0000
0.0000
0.0000
1.2956
2.0109
0.0000
2.7262
0.0000
0.0000
0.0000
0.0000
0.0000
0.3573
0.2421
0.0000
0.0000
0.0000
1.0074
1.8481
0.7102
0.0000
0.1412
0.4550
0.0000
0.5280
1.0802
0.0000
2.4992
0.0000
0.0000
1.1536
1.3761
1.1337
1.8903
4.4635
0.1796
0.0000
0.0000
0.0000
0.0000
0.4227
0.2151
1.0484
0.0000
0.0000
0.2068
0.0000
1.5673
0.0000
0.0000
0.0000
0.0000
1.8045
0.2242
0.7072
0.0000
0.0000
0.0000
0.0000
1.2378
1.0604
0.0000
3.8664
0.0000
0.0000
1.7169
1.5274
0.0000
0.0000
0.0672
0.0000
0.0000
0.0000
1.2793
0.0000
0.0000
0.0000
0.0000
0.0000
0.3063
0.0000
0.0000
1.0697
0.0000
2.4852
0.0000
0.3184
0.0000
0.0000
0.0000
0.2362
0.0000
0.3913
0.0000
0.0000
0.1562
0.0000
2.2287
2.0398
0.0000
0.0000
0.0000
0.2483
0.0000
0.0000
0.0000
0.0000
0.0000
0.0000
0.0000
0.0000
2.2659
0.0000
1.6981
0.0000
0.0000
0.0000
0.0000
0.0000
0.0000
0.0788
3.1312
2.4580
0.0000
0.0787
0.0000
0.0000
0.0000
0.3104
0.0000
1.3629
0.0000
0.0000
0.0000
0.0000
0.0000
0.0000
0.5258
1.1895
0.0000
0.5949
0.0000
0.0000
0.0000
0.0000
0.0000
0.0000
3.1918
0.9736
2.1609
0.3582
0.3042
0.0000
0.0000
2.2212
0.4569
1.3727
0.0000
0.0000
0.0000
2.0606
0.0000
0.0000
0.7230
0.7924
0.0000
1.1294
0.0000
0.0000
0.0000
0.0000
0.0000
0.4497
0.4986
0.9678
0.0000
0.0000
0.0000
0.0000
0.0000
0.0000
0.0000
1.5240
0.0000
0.0000
0.0000
1.7832
0.0000
0.0909
0.0000
0.0000
0.8524
0.0000
0.0000
0.0000
0.7059
2.6978
0.0000
1.6439
0.0000
0.0000
0.0000
1.2924
2.2486
1.5116
0.0000
0.0000
0.0000
0.5129
0.0000
3.8118
0.3594
0.0000
0.0000
0.0000
0.0000
0.0000
0.0000
0.0000
0.0000
0.0000
0.2367
0.0000
0.0000
0.1281
0.7015
0.0403
0.4395
1.1373
2.7015
0.1121
0.0000
0.0000
0.0000
2.9705
0.2025
0.0000
0.0140
2.2994
0.0000
1.9460
0.0000
0.0000
0.0483
0.0000
0.0000
0.0000
0.0000
0.0000
0.0000
0.8417
0.2365
0.9980
0.7514
1.7335
1.8012
0.0000
3.8112
0.0000
0.0000
0.0000
0.1330
0.6607
0.0000
0.0000
0.0000
0.2471
1.2072
0.0000
0.8948
0.1256
0.0000
0.0000
0.0000
0.0000
0.0000
0.0000
0.7088
0.0000
0.0000
0.0000
1.1790
0.0000
0.0000
0.9816
1.1351
0.0000
0.0000
0.0000
0.8275
0.0000
0.0000
1.5328
0.7688
0.0000
1.0970
0.0000
0.0000
0.0000
1.7469
1.5549
1.3203
0.3504
0.0000
0.0000
0.0000
0.3096
1.5417
0.0000
0.9474
0.0000
2.5717
1.6681
0.0000
0.0000
0.0000
1.0733
0.0000
0.0000
0.0456
0.0000
0.0000
0.0000
0.8568
0.0000
0.0000
0.0000
0.0000
0.0000
0.0000
0.0000
0.0000
0.0000
1.2104
0.0000
0.0000
0.3704
0.0000
0.5752
0.0615
0.1690
0.0000
0.4531
0.0000
2.0494
0.0000
0.0000
0.0000
0.0000
0.0000
1.8361
1.0605
1.7508
0.0000
0.7645
0.0000
0.7834
0.0000
0.7240
0.5543
0.2968
1.5051
0.0000
0.0000
0.0000
0.0000
0.2120
0.0000
0.0000
0.0000
2.0977
0.0000
3.9381
0.0000
0.5237
0.0000
0.0000
0.0000
0.0000
0.0000
0.9939
1.8981
0.9555
2.8002
0.0000
0.4787
0.0000
1.5291
0.0000
0.9094
1.3144
1.3091
0.0000
0.0000
0.0000
0.4134
0.0000
0.0000
1.0697
0.0000
1.1994
1.7409
0.0000
0.0000
0.0000
0.0000
0.0000
1.2825
0.3090
3.0462
0.0000
0.0312
3.1006
0.0380
1.9151
0.0000
0.0000
0.0000
0.0000
0.1601
0.0000
0.8347
0.4373
0.0000
0.0000
1.0320
0.0000
1.1369
0.0000
0.0000
0.0000
0.9090
0.0000
0.0000
0.0000
1.1830
2.0441
0.0000
1.6414
2.4544
0.0000
0.6772
2.9836
0.0000
0.0000
0.2612
0.0000
0.0000
0.0000
0.0000
0.0000
0.9471
0.6176
0.0000
0.0000
0.0000
1.0157
0.0000
0.0000
0.0000
0.0000
1.6437
0.0000
4.0548
0.0000
0.0000
0.0000
0.0000
0.0000
0.0000
0.0000
0.0000
0.3270
0.0000
0.0000
0.0000
0.0000
0.0000
0.0000
0.0000
0.0000
0.0703
0.0000
0.0000
0.0000
0.0000
0.0000
0.0000
0.0000
0.0000
1.1568
0.0000
0.0000
0.0000
0.2726
1.4599
0.0000
0.0000
0.0000
0.0000
1.0162
0.0000
1.5491
0.0000
0.0000
0.0000
0.8404
0.0000
0.1871
0.0000
0.0000
0.0365
0.0000
1.2027
0.0000
1.1222
0.0000
0.4990
0.0000
0.0000
0.0000
0.2645
0.0000
0.0000
0.0000
0.0000
1.1774
0.0000
1.4438
0.0000
0.0000
0.0000
1.1601
0.0000
0.0000
0.0000
0.0000
0.0000
0.0000
1.8600
3.1553
0.0000
0.0000
0.0000
2.1053
0.0000
1.3718
0.0000
0.0000
0.0000
0.8046
0.0000
0.0000
1.1300
0.0000
0.8053
1.6151
0.0000
2.8913
0.0000
0.0000
0.2846
0.0000
4.5685
0.0000
0.1437
0.0000
0.0000
0.0000
0.0000
0.0000
0.0000
0.0000
1.8627
0.0000
0.0000
0.7815
0.0000
0.0000
0.0000
0.0000
0.0000
0.0000
0.0000
1.5957
1.2478
0.0000
2.1283
1.7543
1.4773
0.0000
1.3012
0.0000
0.0000
0.5539
0.0000
0.0000
3.2855
0.0000
0.0000
3.1156
2.3485
0.0000
0.0000
0.3967
0.5352
0.1650
0.0000
0.1613
3.0803
0.0000
0.0000
0.0000
0.0000
0.0000
0.0000
0.0000
0.0000
0.0000
0.1642
1.5611
0.0000
0.9068
0.0000
0.0000
0.0000
0.0000
0.0000
0.0000
0.0000
0.0000
2.2742
0.3701
0.0000
0.0000
0.0000
0.0000
0.0000
1.4081
0.5262
0.0000
0.0000
0.2918
0.8873
3.5582
0.5812
0.4406
0.0000
0.0000
0.0000
0.0000
2.2670
0.0000
0.0000
0.0000
0.0000
0.1592
0.0000
0.0000
0.0000
0.0000
0.0000
0.0000
0.0000
1.2286
0.0000
0.0000
0.2555
1.2082
0.0000
0.8367
0.0000
0.0000
0.0000
0.0000
0.0000
2.1911
0.0000
0.0000
0.4634
1.7617
0.0000
0.0000
0.0198
1.3741
0.0000
0.0000
0.3325
0.0000
0.0000
0.0000
0.0000
0.0000
0.0000
0.0000
4.3884
0.0000
0.1652
0.0000
0.0000
0.0000
0.0000
0.0000
0.8469
0.0000
0.0000
0.0000
0.0000
0.0000
0.0000
0.0000
0.0000
0.0000
0.0000
0.4923
0.0000
0.9302
0.0000
0.0000
0.0000
0.0000
1.4637
0.0000
0.0000
0.0000
0.0000
0.1211
0.0000
0.0000
0.0000
0.0000
0.0000
0.3339
0.0000
1.4516
0.0000
0.0000
0.0000
0.0000
0.0000
0.0000
0.0000
0.9599
1.0219
1.2239
0.0000
1.9945
0.0000
2.7853
0.0000
1.1833
0.6077
0.0000
0.0000
0.9652
0.0000
2.2300
2.0231
0.0000
2.0672
0.0000
0.0000
0.0000
0.0004
1.5659
0.0000
0.0000
0.0000
0.0000
0.0000
0.0000
0.0000
0.0000
0.0000
0.0000
0.0000
0.0000
0.2237
1.4948
0.1190
2.2004
2.9762
0.0000
0.9559
0.0328
1.0934
0.0000
0.0000
0.0000
0.0000
1.2945
2.2277
1.2112
0.0000
0.0000
0.0000
1.6709
0.0000
0.0000
0.0000
0.0000
0.0000
0.0000
0.0000
0.0000
0.0000
0.0000
0.0000
0.0000
2.0770
0.8679
0.0000
0.0000
0.0000
0.0000
0.2123
0.0000
1.9619
0.0000
0.0961
0.0000
0.0000
0.0000
1.1547
1.2391
0.0000
0.0000
0.0000
0.0000
0.0000
0.0000
0.0000
0.0000
0.0000
0.5042
0.0000
0.0000
0.0000
0.2569
1.1645
0.0000
1.3639
0.1677
0.0000
0.0000
0.3641
0.0000
1.6993
0.0000
0.0000
0.0000
0.0000
0.4477
0.0000
1.8388
0.0000
0.0000
0.0000
1.1232
1.8383
0.0000
1.8766
0.0000
0.0000
3.4835
0.0000
0.0000
0.0000
0.0000
0.0000
0.7721
1.9644
0.0000
1.0407
0.0000
0.0000
0.0000
0.0000
0.0000
0.0000
0.0000
0.0104
0.0000
0.9327
0.0000
0.0000
0.0000
0.0000
0.0000
0.0000
0.0000
0.7932
0.0000
0.0000
0.0000
0.0000
0.0000
0.0000
0.0000
1.2248
0.0000
0.3249
1.3688
0.0000
0.0000
1.2423
0.0000
2.9413
0.0000
0.0000
0.0000
0.0000
0.0000
0.0000
0.0000
0.0000
0.0000
0.8264
0.5740
0.0000
0.0218
1.2059
0.0000
0.0000
3.1827
0.0000
0.0000
0.0000
0.0000
0.0000
1.4478
0.0000
0.0000
0.0000
0.0000
0.0000
0.0000
0.5785
0.0000
0.0000
0.0000
2.6350
0.0000
0.0000
2.2032
1.3519
0.0000
0.0000
0.0000
2.3378
0.0138
0.0000
0.0000
0.0000
0.0000
1.5600
3.8163
0.0000
0.0376
1.1776
0.0000
0.0000
0.0000
0.0000
0.0000
0.0000
0.0000
0.0000
0.0000
0.0000
0.0000
0.0000
0.0000
0.0000
0.3113
0.0000
0.0000
1.1506
0.0000
0.0000
0.6986
0.0000
0.0000
2.1031
0.0000
0.0000
0.6535
0.0000
0.0000
2.4693
0.0000
0.0000
0.0000
2.3870
0.0000
0.0000
0.0000
1.7612
0.0000
0.0000
1.0805
0.0000
0.0000
0.0000
0.0000
0.0000
1.5290
0.0000
0.2915
2.3431
0.0000
0.0000
0.0000
0.2295
1.5730
0.0000
0.0000
0.3990
0.0000
0.0000
0.0000
0.4320
0.3383
1.0732
0.0000
0.0000
0.4793
0.3942
0.0000
0.0000
0.4268
0.0000
1.5477
0.0000
0.0000
0.0000
0.0000
0.1241
0.0000
0.0000
3.3781
0.0000
0.0000
2.8156
0.0000
0.0000
0.0000
0.0000
0.1620
0.0000
0.1623
0.0000
0.0000
0.0000
0.2748
0.0000
0.9240
0.0000
0.0000
0.0000
0.0000
0.0000
0.9795
0.6006
0.0000
1.8362
0.0000
0.0000
0.0000
0.0000
0.1044
0.0000
2.7309
0.0000
1.9104
0.0000
1.3066
0.0000
1.9019
2.2109
0.0000
0.0000
1.1099
1.7323
0.0000
0.0000
0.0000
0.0000
1.1449
0.0000
0.0000
2.9291
2.5870
0.0000
0.0000
0.0000
3.6827
0.3399
1.3777
0.0000
1.4865
0.0000
0.5125
0.0000
0.0000
0.2219
0.0000
0.0000
0.0000
0.0000
0.0000
0.0237
0.0000
0.0000
0.1113
1.3552
0.0000
0.1715
0.0000
0.0000
1.6197
0.0000
0.0000
0.3544
0.0000
1.0742
0.0000
0.2646
0.0000
0.4281
0.0000
2.1440
0.0000
0.0000
0.9645
0.0000
0.3450
1.4695
0.0000
0.0000
0.0000
0.0000
0.0000
0.0000
0.0000
1.0856
0.0000
0.0000
1.3525
0.0000
0.0000
0.0000
0.5925
0.3649
0.0000
0.0000
0.0000
0.1686
0.6380
0.0000
0.0000
0.0000
0.0000
0.0000
1.5402
0.0000
0.1510
0.0000
0.0000
0.0000
0.0000
0.0000
0.0000
0.0000
0.0000
0.0000
2.8730
0.0000
0.0000
0.9174
0.0000
0.0000
0.0000
0.6306
0.9347
0.0000
0.0000
0.0000
0.0000
0.0000
0.0000
0.0000
0.1105
0.6026
2.8201
0.0000
0.0000
1.8862
0.0000
1.3849
0.0000
0.0000
0.6174
0.0000
0.0000
0.0682
0.7949
0.9166
0.3489
0.0000
3.2307
0.7051
0.0000
0.0000
0.0000
2.7545
0.0000
3.3471
0.0000
0.1824
0.0000
0.0000
0.0000
1.0288
0.0000
0.0000
0.8487
0.0000
0.0000
0.0000
0.3719
0.4787
0.0000
0.0000
2.2288
0.0000
0.0000
0.0000
0.1641
1.5044
0.4323
0.0000
0.0000
0.0000
0.0000
0.0000
0.0911
1.9037
1.0255
4.9092
0.0000
1.7525
3.0591
0.4853
0.0000
0.0000
0.0000
0.0000
0.2431
1.2794
0.0000
0.1502
3.3533
0.0000
0.0000
0.0000
0.0000
0.0000
1.1657
0.0000
1.9929
1.4926
0.0000
0.0000
1.5088
0.0000
0.2497
0.6646
0.0000
0.0000
0.4482
0.0000
2.4789
0.0000
0.0000
2.4426
0.0000
1.3966
0.1239
0.0000
0.0000
3.8219
0.0000
0.0000
0.0000
0.0000
0.0000
0.0000
0.0000
0.0000
0.0000
2.5959
1.6531
0.2297
0.0000
0.0000
0.0000
0.0000
1.6136
0.0000
0.0000
0.0000
0.0000
0.0000
0.0000
0.0000
0.0000
0.0000
0.0000
1.1882
0.0310
0.0000
1.1673
0.0000
0.0000
0.0000
1.8039
1.8849
2.1983
0.0000
0.0000
0.0000
0.0000
0.0000
0.0000
0.0000
0.0000
0.0000
0.0000
1.5719
0.0000
0.0000
3.2915
0.0000
0.0000
0.1002
0.0000
0.0000
0.0000
0.5465
0.0000
0.0000
0.0000
0.0000
0.5910
1.4930
0.0000
0.0000
0.1058
2.4236
0.0000
2.2446
2.0041
0.0000
0.0000
0.0172
0.0000
0.0000
0.0000
2.2369
0.0000
0.0000
0.0000
0.0000
0.7542
0.0000
2.0966
0.0000
0.0000
0.0000
0.0000
0.6431
0.3700
0.0000
0.0000
1.0705
0.0000
0.0000
0.0000
0.0000
0.0000
0.0000
0.0000
0.0000
0.0000
0.2174
0.8241
0.0000
0.0000
0.0000
0.0000
0.0000
0.0000
0.5631
1.4867
0.0000
0.0000
1.2355
1.1447
1.4601
0.0000
0.0000
0.0000
0.0000
0.0000
0.9316
0.0000
0.0000
0.0000
0.0000
0.3324
0.0000
1.1431
3.2620
0.0000
0.0000
0.0196
0.0000
3.0199
0.0000
0.0000
0.0000
0.0000
0.0000
0.0000
0.0000
0.0000
0.1326
0.0000
0.0000
0.4376
1.3093
2.3878
0.0000
0.0000
1.3632
0.0000
0.0000
1.8860
0.0000
0.0000
0.0000
0.0000
2.8255
0.7553
0.0000
0.0000
1.4454
0.0000
0.0000
0.3188
1.4146
0.6337
0.0000
1.7177
2.7512
0.0000
0.0000
0.0000
0.0000
0.0000
0.0000
0.0000
0.5707
0.0000
0.9737
5.9596
0.3116
1.3066
0.0000
1.1873
0.0000
0.0000
0.0000
0.0000
0.0000
0.0000
0.0000
0.0000
0.0000
0.7214
0.0000
0.6209
0.0000
0.0000
0.0000
0.0000
0.1734
0.2635
0.0000
0.8529
0.0000
0.6905
0.9536
1.6165
0.0000
1.9118
0.0000
1.4968
2.8334
0.0000
0.0000
0.0000
0.0000
0.0000
0.0000
0.0000
1.8436
0.0000
0.0000
0.0000
0.0000
0.0000
0.0000
0.3661
0.0000
1.6502
0.0000
0.2548
0.0000
0.0000
2.8605
0.0000
0.0000
0.0000
0.0000
0.0000
0.0000
0.0000
1.9197
0.0000
0.0000
0.0000
3.0000
0.0000
0.0000
0.0000
0.3170
0.0000
3.6525
0.0000
0.0000
0.0000
0.0000
0.0000
1.2716
0.0000
0.0000
0.0000
0.0000
1.4102
0.0000
0.1353
0.0000
0.0000
0.0000
0.0000
0.0000
0.2559
0.0000
0.4899
0.0000
1.4178
0.4554
0.0000
2.9895
0.0000
0.0000
0.9331
2.2220
0.0000
0.0000
0.2741
0.0000
0.1112
0.0000
0.0000
0.0000
0.0000
0.0000
0.0000
0.0000
0.0000
0.9396
0.0000
4.2229
0.0000
3.9255
0.0000
0.0000
1.9354
0.6751
2.3510
0.0000
0.0000
0.0000
0.0000
0.4628
1.5546
0.0000
2.2853
0.0000
0.0000
2.0394
0.0000
0.0000
2.3143
0.0000
0.0000
2.9391
0.0000
0.4217
0.0000
0.9554
0.0000
0.0000
2.7734
0.0000
0.0000
0.0000
0.0000
0.0000
2.0820
0.0000
1.1546
0.3036
0.0000
0.0000
0.0000
0.0000
0.0000
0.0000
2.0932
0.1842
0.0000
0.0000
0.0000
0.0000
1.7211
0.0000
0.0000
0.0000
0.0000
0.0000
1.1601
0.4478
1.4014
0.0000
0.0000
0.0000
0.2785
0.0000
0.0000
0.0945
2.6569
0.0000
0.0000
1.5344
0.0000
0.0000
0.0000
1.1820
0.0000
0.0000
0.0000
1.0178
0.0000
0.0000
0.6974
0.0000
0.0000
0.2524
1.6813
0.5304
0.0000
0.0000
0.0000
0.0576
0.0000
1.4020
1.5108
0.4056
0.0000
0.0000
0.0000
0.9268
0.0000
0.0000
0.0000
0.0000
0.0000
0.0000
0.0000
0.0000
0.0000
0.2942
0.0000
0.0000
0.0000
1.0805
0.0000
2.1209
0.0000
5.3133
0.8362
0.8990
0.7249
2.1265
0.0000
0.0000
0.0000
0.0000
0.0000
0.0000
0.4844
0.0000
0.5764
0.0000
0.0000
0.0000
0.0000
0.0000
0.0000
0.0000
0.0000
0.0000
0.1580
0.0000
0.0000
0.0000
2.4088
0.0000
0.0000
0.0000
1.7717
0.0000
0.0000
0.0000
0.0000
0.0000
0.0000
0.0000
0.0000
0.0000
0.0000
0.0000
0.0000
0.3092
1.2935
0.0000
0.0000
0.0000
0.0000
0.6628
0.0000
0.0000
0.0699
0.5113
1.2501
0.0000
0.0000
0.0000
0.4531
2.2269
0.0000
0.0000
0.0000
0.0000
0.0000
0.0108
0.0000
1.3168
0.0000
0.0000
2.3573
0.0000
0.0000
0.0000
0.0000
0.0000
0.0000
0.0000
0.0000
2.9297
1.5823
0.0000
0.0000
0.0000
0.0000
1.8152
3.3141
0.0000
1.5333
0.0000
0.0000
0.0000
2.7040
0.0000
1.3166
0.0000
0.0000
0.0000
0.0000
0.1787
0.0000
3.8590
0.0000
0.0000
0.3438
0.0000
0.0000
0.0000
0.0000
0.0432
0.1486
0.0000
0.1155
0.0000
0.0000
0.4035
0.0000
0.0000
0.0000
0.0000
0.0000
0.4482
0.0000
0.0000
0.5509
0.0000
0.0000
0.0000
2.0265
0.0000
0.8603
1.2328
0.1026
0.0000
0.0213
0.0000
0.0761
1.2886
0.0000
0.0000
0.0000
0.0000
2.0846
0.3290
0.0000
0.0000
0.0000
0.0581
1.3346
0.1216
0.0000
0.0000
0.0000
0.0000
0.0000
0.0000
0.0000
0.0000
2.7966
0.0000
0.0000
0.0000
0.0000
0.0000
1.3929
1.3049
0.0000
0.0000
0.4852
0.9191
0.3465
0.0000
0.2770
0.0000
0.0000
0.0000
0.0000
2.7762
0.0000
0.8755
0.0000
0.0000
0.0000
0.0000
0.0000
0.0000
0.0000
0.0000
0.0000
0.0000
0.0000
0.0000
0.0000
0.5193
0.2848
1.6045
0.0000
3.2038
0.0000
0.0000
0.0000
0.0000
0.0000
0.0000
0.0000
0.1896
0.0000
0.0000
0.0000
0.3978
0.4852
0.0000
0.0000
0.4668
0.1159
0.2617
0.4413
0.0000
0.7406
0.7242
1.0183
2.5773
0.0000
0.0000
0.0000
0.0000
1.1025
1.4267
0.0000
0.0000
1.5508
2.6883
1.4705
0.0000
0.0000
0.3360
0.1425
0.0000
0.0000
0.0000
0.8038
0.4550
0.9951
0.0000
0.0000
0.0000
1.4204
0.0000
0.4337
0.0000
1.2925
1.1318
0.0000
0.0000
1.8472
0.0000
0.4257
0.0000
0.0000
0.0000
0.0000
0.0000
0.0000
1.6160
0.0000
2.7956
1.6393
0.7696
0.0000
0.0000
0.2121
0.9192
2.0520
0.0000
0.0000
0.0000
0.0000
0.0000
0.0000
2.9070
1.6067
0.0000
0.0000
0.0000
0.0000
0.6262
0.3370
0.0000
1.1696
0.0000
0.0000
0.0000
0.5822
1.4718
3.7960
0.0000
0.0000
0.0000
0.0000
3.0583
2.4558
0.0000
0.0000
0.0000
0.0000
0.0000
2.8676
0.0000
0.0000
3.0193
0.0000
0.0000
0.0000
0.0000
1.4841
1.2258
0.0000
0.0000
0.0000
0.0000
0.3931
1.8740
0.0000
0.7747
0.0000
0.5850
0.0000
0.0000
3.1281
0.2162
1.4782
0.0242
0.3831
1.6573
0.0000
0.0000
0.0000
0.0000
0.5921
0.0000
3.9309
0.0000
0.0000
0.0000
0.0000
0.0000
0.0000
0.0000
0.9232
0.6194
0.0000
0.0000
0.0000
0.0000
0.0000
0.0000
0.7736
5.3502
0.0000
0.0000
0.0000
0.0000
1.4684
0.0000
0.0000
0.0000
0.0000
0.0659
0.0000
0.1577
0.0481
1.2579
0.0000
0.0000
0.0000
0.0000
0.0000
0.2014
1.3649
0.0000
0.8140
0.0000
0.0000
0.0000
0.0000
0.0000
2.3274
0.0000
0.0000
0.0000
0.0000
0.0000
0.0000
0.0000
0.8958
0.0000
0.9451
0.7981
0.0000
0.0000
0.0000
0.0000
4.2929
0.0000
2.7954
2.6586
1.0240
0.0000
0.0000
0.0000
0.0000
0.0000
0.0000
2.2813
0.0000
0.0000
0.7334
0.0000
1.0964
0.0000
0.0000
0.0634
0.0000
0.0000
3.1981
3.5916
0.2103
0.5290
1.6999
0.0000
1.5090
0.0000
0.0000
0.0000
0.0000
0.3800
0.0000
0.5938
0.0000
0.0000
0.9831
0.2534
0.0000
0.0000
0.0000
0.0000
0.0000
0.3135
1.1924
0.5731
0.0000
0.0000
0.0000
3.8448
0.0000
0.0000
0.0000
0.0000
0.0658
2.7416
0.0000
0.0000
0.0000
0.0000
0.4440
0.0000
2.9168
1.3366
3.6299
0.0000
0.0947
0.0000
0.0000
1.5677
0.0000
2.3677
0.0000
0.0000
0.0000
0.8724
0.9041
0.4684
0.0000
0.0000
0.0000
0.0000
3.6803
0.0000
0.0000
0.0000
0.0000
0.0000
0.0000
0.0000
0.0000
1.3468
0.0000
1.4243
1.5951
2.6615
0.7424
0.0000
0.0000
0.6927
0.8938
0.0000
0.0000
0.0000
0.0000
0.0000
1.4208
1.3776
0.0000
0.0000
1.6465
0.8551
0.2804
0.0137
0.0000
0.0000
0.0000
0.0000
3.6364
0.0000
0.3493
0.0000
0.0000
0.0000
0.1230
3.0500
0.0000
0.0000
0.3464
2.2761
1.1028
0.7293
1.8367
0.0000
0.0000
0.0000
0.3153
2.5796
0.0000
0.0000
0.0000
1.3238
0.0000
0.8586
0.0000
0.0000
0.0000
0.0000
0.5521
0.0000
0.0000
0.0000
0.8236
0.0000
0.0000
0.0000
0.9998
1.3291
0.0000
2.2493
0.0000
0.0000
0.0000
0.0000
0.0000
1.0914
0.0000
0.0000
0.0000
0.6080
0.0000
1.0553
0.0000
0.0000
0.0000
0.0000
0.0000
2.4838
0.0000
0.0000
0.0000
0.0000
0.0000
0.0000
0.9553
0.0000
0.9671
0.0000
0.0000
0.0000
0.0000
0.0000
0.0000
0.8744
0.0000
0.6591
0.0000
0.0000
0.0000
0.0000
0.0000
0.0000
0.2520
0.0000
0.0000
1.8491
0.2235
0.6906
0.0000
2.7262
0.0000
0.0000
0.0000
0.0000
0.0000
0.0000
3.0978
0.0000
0.0000
0.0000
0.0000
0.0000
0.1289
0.2559
0.0000
0.0000
0.0000
0.0000
2.6917
0.0000
0.0000
0.0000
1.2204
0.0000
0.0000
0.0000
0.0000
0.0000
1.8438
0.0000
0.0000
0.8108
0.0000
0.0000
3.7603
0.0000
0.0000
2.0120
0.1661
0.0000
0.0000
0.0000
1.0047
0.0000
0.3825
1.0981
0.0000
0.0000
2.7722
3.8850
0.0000
0.0000
2.6372
0.0000
1.4235
0.0000
0.0000
2.4854
0.0000
0.0000
0.0000
0.0000
2.9684
0.0000
0.0000
0.0000
0.0000
0.0000
0.0000
1.2548
0.0000
0.0000
0.7184
0.0000
0.0000
0.0000
0.0000
1.6146
1.1477
0.0000
0.0000
0.0000
0.0000
0.0000
0.0000
0.0000
0.8703
0.0000
0.0000
0.2066
0.0000
1.0746
0.0000
0.0000
0.0000
0.0000
0.0000
1.5835
0.0000
0.0000
0.0000
0.0000
0.0000
0.0000
0.0000
0.0000
0.0000
0.0000
0.6495
0.0000
0.0000
0.0000
0.0000
1.6505
0.4777
0.0000
0.1367
0.0000
1.2024
2.5645
0.0000
0.0828
0.0000
1.8832
1.4898
0.0000
0.0000
0.0000
0.0000
0.0000
0.0000
0.0000
2.4195
0.0000
0.0000
0.7851
4.2035
0.0000
0.5506
0.0000
0.0000
0.0000
0.0000
2.3571
0.0000
0.0000
0.0000
0.0000
1.5232
0.7697
0.0000
0.0000
0.9014
0.0000
0.0000
1.2598
1.1098
0.0000
0.0000
0.0000
0.0000
0.0000
4.4175
0.0000
1.3017
0.0000
0.0000
2.2518
0.0000
0.6597
0.0000
2.6417
0.0000
0.0000
2.0785
0.0000
0.0000
0.5579
0.4451
0.0000
0.0000
1.8707
0.0000
0.0000
0.0000
1.3352
0.0000
0.0000
3.1837
0.0000
0.0000
0.0000
0.5869
1.7561
0.0000
0.0000
0.0000
0.0000
1.8242
0.0000
0.0000
0.0000
4.0896
0.0000
0.0000
0.9315
0.9544
4.7026
0.0000
3.2379
0.0000
1.0868
0.0000
0.0000
0.0000
0.0000
0.0000
0.0000
0.0000
0.4190
2.6176
1.6386
4.7100
1.3555
0.0000
1.7471
0.0000
0.0000
0.0000
0.0000
0.0000
2.8664
0.0000
0.0000
2.5765
0.0000
0.0000
0.1511
1.1723
1.4228
1.0654
0.0000
0.0000
0.0000
1.1393
0.0000
1.1568
0.0000
0.0000
0.0000
1.2539
1.2870
1.4988
0.5149
0.0000
0.5924
0.0000
0.0000
0.0000
1.5028
0.0000
0.0000
0.0000
0.3033
0.1796
0.3888
0.0000
0.6639
0.0000
0.0000
0.0000
2.0789
2.8384
0.0000
0.0000
0.0594
3.6094
0.0000
0.0000
0.0000
0.0000
0.0000
0.0000
0.4069
0.0000
0.0000
0.4449
0.0000
3.0181
0.0000
0.0000
0.0000
0.2683
0.3233
1.0588
0.4583
0.1560
1.0514
0.0000
0.1291
1.4959
0.3959
0.4790
0.0000
0.0000
0.0000
0.0000
0.0000
0.0000
0.3046
1.6956
0.0000
0.5925
0.0000
0.0000
0.0000
4.7979
0.8629
0.0000
0.0000
1.4784
0.0000
0.0000
0.0000
0.0000
1.3406
0.0000
0.0000
1.2295
0.0000
1.7506
1.0286
0.0000
0.0000
0.0000
1.5053
0.0000
0.0000
0.0000
0.0000
0.1045
0.0000
0.0000
0.1640
0.0000
0.3003
0.0000
0.0000
0.1564
0.0000
0.0000
0.0000
0.0000
0.1131
0.8242
0.0000
0.0000
1.4341
0.0000
1.3222
0.0000
0.6053
1.6354
0.0000
0.0000
2.7326
0.0000
0.0000
0.0000
2.1077
0.0000
0.0000
4.6201
1.9219
0.0000
3.5164
0.8039
1.7296
0.9785
0.0000
1.3228
0.3298
0.0000
0.0000
0.0000
0.0000
0.0000
0.0000
0.2464
1.8580
1.1861
0.0000
0.0000
0.0000
0.0000
0.0000
2.9959
0.0000
1.4444
0.0000
0.0000
1.1826
0.0000
