0.0000
0.0000
0.0000
0.0000
0.8462
0.0473
0.0000
0.0000
0.0000
1.7569
0.0522
0.0000
0.4457
0.0000
0.0000
0.0000
0.0000
0.0000
0.0000
0.0000
0.0000
0.0000
2.3563
2.2114
1.1916
1.9016
0.0000
2.6596
0.0000
0.0000
0.0000
0.0000
0.7526
0.0000
2.2332
0.0000
0.0000
0.0000
1.5193
1.9346
0.0000
0.3748
0.0000
0.0000
0.0000
0.0000
0.0000
0.0000
0.3924
0.3367
0.0000
0.0000
0.0000
0.0000
0.0000
0.0000
0.5945
0.4748
0.0000
0.0000
0.0000
1.1992
0.0000
1.8366
0.0000
0.0000
0.0000
0.0000
0.1296
0.0000
0.3696
2.6474
0.6246
0.0000
0.0000
1.6412
0.0000
0.0000
0.0000
0.0000
0.3715
0.0000
0.0000
0.0000
0.0000
0.0000
0.6568
2.4510
0.0952
0.0000
1.1826
0.0000
1.7581
0.9509
0.0000
0.0000
0.0000
0.0000
1.6586
0.0000
0.0000
0.0000
0.8279
0.0000
1.0176
0.5807
0.0000
0.2532
0.0000
3.5925
0.3738
0.0150
2.0255
0.0000
0.0000
0.4140
0.8736
0.0000
0.0000
0.0000
2.8273
0.0585
1.6325
0.5836
0.0000
0.0000
0.0000
0.4868
0.0000
0.1564
0.0000
0.0000
0.6931
0.0000
2.6871
0.0000
1.7243
1.7520
0.0000
2.3540
2.7020
0.0000
1.0928
1.3521
1.7510
0.0000
0.2929
0.6806
0.7798
0.0000
0.6729
0.9259
0.7078
0.0000
0.0000
0.7356
0.0000
0.6809
0.6721
0.0000
0.1406
0.0000
0.5509
0.0000
0.0000
1.5480
0.0000
0.0000
0.0000
2.0562
0.0000
0.0000
0.0000
0.0000
0.0000
0.0000
0.0000
0.9844
0.0000
4.1064
1.4341
2.4332
0.0000
0.0000
0.0000
0.0000
1.2758
0.8133
2.6714
1.6656
0.0000
0.0000
0.2853
0.0000
1.4223
0.0000
0.0000
0.0000
3.0839
1.6683
0.0000
0.8583
0.0000
0.0000
0.0000
0.0000
0.0000
0.6809
0.0000
0.0000
0.0000
0.0000
0.0000
0.5104
0.0000
0.0000
0.0000
0.0000
0.0000
0.0675
0.0000
0.0000
0.0000
0.0000
1.3099
0.0000
0.0000
1.5164
0.0000
0.5250
0.0000
0.6223
0.0000
0.0000
0.2830
0.0000
2.2092
0.0000
0.4690
0.0000
0.0000
0.0000
0.9564
0.0000
0.0000
0.3509
0.0000
0.0000
0.1379
0.0000
0.0000
0.0000
0.0000
0.0000
0.0000
1.2899
0.0000
0.0000
1.2845
0.0000
0.0000
0.0000
0.0000
0.0000
0.0000
0.0000
0.7474
0.3854
0.0000
1.2716
1.1250
0.0000
0.0000
1.9407
0.0000
0.0000
0.1687
0.8448
0.0000
0.0000
1.3069
0.0000
1.2136
0.0000
0.0000
0.7802
0.0000
0.0000
0.0000
0.0000
0.0000
0.0000
0.0000
0.0000
2.7474
0.1844
0.0000
1.5680
0.0000
2.5817
0.0000
0.0000
0.0000
0.0000
0.4630
0.0000
0.1616
0.0000
0.0000
0.0000
0.0000
0.8664
0.0000
2.7672
1.7244
0.0000
0.0000
0.0000
0.5226
2.1863
0.0000
1.9257
0.6040
0.3374
0.0000
1.5002
0.0000
1.5029
0.0000
1.2378
0.0000
0.0000
0.0000
0.0000
0.0000
1.5526
1.5920
0.0000
0.0000
3.3036
0.0000
0.0000
0.0000
0.0000
0.0000
3.2116
0.0000
0.0000
0.0000
0.0000
0.0000
3.3370
0.0998
0.0000
1.0578
0.1206
0.1246
0.0000
1.0466
0.0000
0.0000
0.0000
0.0000
0.0000
0.0000
0.0000
0.0000
0.0000
0.9014
0.0000
0.0000
0.5613
0.0000
0.0000
0.4702
0.0000
0.0000
1.0981
0.0000
0.0000
3.5479
0.0000
0.9458
0.0000
0.0000
0.0000
0.7403
0.0000
0.0000
0.0000
1.5117
0.0000
0.0000
0.0000
0.0000
1.9825
0.0000
0.0000
0.0000
0.6557
0.0000
1.8614
0.0000
0.0000
0.0000
0.0000
0.0000
0.0000
2.7996
0.0000
0.0000
0.0000
0.0000
2.8408
0.0000
1.3195
0.0000
0.1250
0.1933
0.0000
0.6720
0.2015
0.1717
0.0000
0.0000
0.0000
0.0000
1.6018
0.0000
1.0179
0.0000
0.0000
0.0000
0.0474
0.0000
0.0000
0.5061
0.0000
1.4079
0.0000
1.8409
1.8086
0.5055
0.0000
2.5647
1.4956
0.0000
0.0000
2.1005
2.1897
0.7581
0.0000
0.0000
0.6869
0.0000
0.7360
0.0000
0.6698
0.7518
0.0000
0.1329
0.0000
1.5756
0.0000
0.0855
0.0000
0.0000
0.0000
0.0000
0.0000
0.0000
1.2035
0.0000
0.0000
0.0000
1.5940
1.6568
0.0000
0.0029
0.0000
0.0000
0.0000
0.9510
1.5003
0.0000
0.6834
0.0000
1.2441
0.0000
0.9621
0.0000
0.0000
0.0000
0.0000
1.2492
0.4175
0.0000
0.0000
1.6205
0.0000
0.0000
0.0000
2.2003
0.0000
0.2357
0.0555
0.0721
0.0000
0.9028
0.7157
0.0000
2.2423
0.0000
0.0713
0.0000
0.0000
0.0000
0.5133
5.1714
0.0000
2.3306
1.5534
0.0000
1.8986
1.3137
0.0000
0.8842
0.1967
0.0000
0.0000
0.9175
0.4239
1.0686
0.0000
0.0000
2.3360
0.0000
0.0000
0.5862
0.0000
0.0000
0.4641
0.0000
0.0000
0.0000
0.0000
0.0000
0.0000
0.0000
0.0000
0.0000
0.9838
0.0000
0.0000
0.5027
0.0000
0.0000
0.0000
0.0000
0.0000
0.0000
0.2849
0.0000
0.0000
0.2251
1.6929
0.0000
0.0000
0.0039
0.0000
0.0000
0.0000
0.0000
0.0000
0.0000
0.0000
0.0973
1.6262
0.0000
0.0056
0.0000
0.0000
0.0000
0.0000
0.0000
0.0000
0.0000
0.0000
2.0459
0.0000
0.1016
0.0000
0.0000
0.0000
0.0000
0.0000
0.0000
0.0000
2.4102
0.0000
0.0000
3.0938
0.0000
0.0000
0.0000
0.0221
2.7606
0.0000
1.2723
0.0403
0.0000
0.0000
0.0000
4.0020
0.0000
2.2438
1.2930
0.2609
0.6922
0.0000
1.5786
0.0000
0.4232
0.3254
0.0000
0.6222
0.0000
0.8189
0.0000
0.0000
0.0000
0.0000
0.0000
0.7840
1.4205
2.0849
0.0000
2.0442
0.0000
0.0000
0.3014
0.2688
0.0000
0.0000
0.0000
0.0000
0.0000
0.0000
1.6993
0.0000
0.0000
0.0000
2.0016
0.0000
0.0000
0.0000
0.0000
0.0000
0.0000
0.2774
0.0000
1.3364
1.4260
0.0000
0.0000
0.0000
0.4064
0.0000
0.1779
0.0000
0.0000
0.0000
0.0000
0.0000
0.0000
0.4920
0.5540
0.0000
0.0000
0.0000
0.0000
1.1443
0.0000
0.0000
0.0000
0.0000
0.0000
0.0016
0.0000
1.7784
0.2750
0.0000
2.7253
0.0000
0.0000
0.0000
0.0000
0.0000
0.4787
0.0000
1.3784
0.0000
0.2639
1.0443
0.0000
0.1511
0.0000
0.0000
0.0000
1.7630
0.0000
1.7360
0.0000
0.0000
0.0000
0.0000
0.0000
0.1228
0.0000
0.0000
0.0000
0.0000
0.7634
0.4332
0.0000
0.0000
0.8495
0.0000
1.1165
0.4817
0.0000
0.0000
0.0000
0.4052
0.0000
0.0000
0.0000
0.9507
0.0000
3.2434
0.2410
0.5282
0.0000
1.7339
0.0000
0.0000
0.3034
1.1894
1.1658
0.0000
0.0000
0.0734
0.0000
0.0000
0.0000
0.0000
0.0000
0.0000
0.0000
0.0000
1.0526
0.0000
1.4935
0.0000
0.0000
2.0934
0.0000
0.0000
0.0000
0.0000
0.1010
0.0000
0.0000
0.0000
0.0000
0.0000
0.0000
0.0000
0.3882
0.0000
0.0000
0.0000
0.0000
0.0000
0.0000
0.0000
0.0000
0.2565
0.0000
0.0000
1.1617
0.0000
1.3788
0.6106
0.0000
0.0000
0.0000
0.0000
0.7273
0.1108
0.0000
0.1308
1.3645
0.0000
0.0000
0.0000
0.0000
0.0000
0.0000
0.0000
0.0000
0.0000
0.0000
1.4772
0.0000
0.0543
1.0004
0.0000
0.0000
0.8588
0.5160
0.0000
1.2568
0.0000
0.3727
0.0000
0.0000
0.0000
0.6826
0.0000
1.8914
0.6620
0.0000
0.0000
0.0000
0.0000
1.2208
0.0000
0.0000
0.0000
0.0000
0.0000
0.0000
0.0000
0.0000
0.0000
0.0000
0.0000
1.0924
0.0000
0.0000
0.9965
0.0000
0.0000
0.0000
0.0000
0.0000
0.0000
0.0000
0.4149
0.3393
0.0000
0.0000
1.7798
0.3782
0.0000
1.0171
0.6486
0.0000
0.0000
0.3852
0.0000
1.8885
0.0000
0.0000
0.6149
0.0000
2.0509
0.0000
0.3268
0.0000
0.0000
0.0000
0.0000
0.0000
0.0000
0.0000
0.0000
0.0000
0.0000
0.3613
0.0000
1.1450
0.0000
1.1660
0.0000
0.0000
1.9189
0.0000
0.0000
0.0000
0.0000
0.0000
0.0000
0.0000
0.0000
0.0000
0.0000
0.0000
0.7221
0.0000
0.0000
3.1496
0.0000
0.0000
0.5919
0.0000
0.5484
0.0000
0.0000
0.0000
0.0000
0.2796
0.0000
0.0000
1.3868
1.7636
0.0000
0.0000
0.0000
0.0000
0.0000
0.3086
0.8577
0.5996
2.1281
0.0000
0.0000
0.0000
0.1289
0.2974
0.0000
0.0000
0.1825
1.6262
1.6857
0.0000
0.0000
0.0000
3.9127
0.0000
0.8185
0.0000
0.0000
0.0000
0.0000
2.3535
0.0000
0.0000
2.0194
0.0000
0.0000
0.0035
2.1051
0.0000
0.0000
0.0000
0.2979
0.5880
0.0000
0.3239
0.0000
0.0000
0.0000
0.0000
0.0000
1.5719
0.0000
0.0000
0.0000
0.0000
0.8579
0.0000
0.0943
1.8538
1.5517
1.7323
0.0000
0.0000
0.0000
0.8653
0.0000
0.0000
0.0000
0.0000
0.0000
0.0000
0.0000
0.0000
3.5609
0.0000
0.0000
0.0000
0.3599
0.0000
2.0021
0.0000
0.0000
0.0000
2.8491
0.0000
1.4957
0.0000
3.4066
0.0000
0.0000
0.6237
2.6306
0.0000
0.3592
0.0000
2.1806
0.0000
0.0000
0.2210
0.9473
1.6127
0.0000
0.0000
0.4365
0.0000
0.3244
1.6338
0.3141
1.2229
0.0000
1.7694
0.0000
0.9282
0.0000
0.2611
1.5584
0.0000
0.0000
0.0000
0.0000
0.8896
0.0000
0.0000
0.0000
0.0000
0.0000
0.0000
0.0000
0.0000
0.0000
0.0000
0.0000
0.0000
0.0000
3.3076
0.0000
2.4886
0.0000
0.0000
1.3855
0.7785
0.0000
0.0000
0.3452
0.0000
0.0000
0.0000
0.5685
0.0000
0.0000
0.0000
0.0000
0.0000
0.2710
0.0000
0.0000
0.0000
0.0000
0.0000
0.0000
0.0000
0.5966
0.0000
0.0000
0.0738
0.5779
0.0000
0.0000
2.2874
0.0000
0.0000
0.7070
0.0000
0.6728
0.0000
0.4144
0.0000
0.0000
0.4550
0.0000
0.0000
0.0000
0.0000
1.1097
0.0000
0.0000
0.9849
0.0000
0.6139
0.0000
0.0000
0.0000
0.0000
0.0000
0.0000
0.0156
0.0000
0.0000
0.0424
0.0000
0.8910
0.0000
0.0000
0.0000
0.0000
0.0000
0.0000
0.0000
0.0000
0.0000
0.0000
0.0000
0.0000
0.2091
1.4455
0.0000
0.0000
0.3160
0.0931
0.4495
3.0312
0.0000
0.0000
1.1163
0.0000
1.7898
1.3908
0.0000
0.0000
0.2788
0.5669
0.0000
0.0000
0.1103
0.0000
0.0495
0.0000
0.1471
0.0000
0.0000
1.9629
0.0000
0.0149
0.0491
2.5985
0.1462
0.0000
1.3524
3.0149
0.0000
0.0000
0.2846
0.0000
0.0000
0.0000
0.3829
0.3471
0.0000
0.0000
0.0000
0.0000
0.0000
1.8961
0.0000
0.3337
0.0000
0.0000
0.0000
0.5062
0.0000
0.0000
0.1872
0.0000
0.0000
1.8179
2.4051
0.0000
0.0000
0.0159
0.0000
1.9710
0.0000
0.0000
0.0000
3.2360
1.2390
1.4119
0.0000
0.2460
0.0000
0.0000
0.0000
0.0000
0.0000
0.0000
0.0000
0.0000
4.3139
0.0000
0.6376
0.0000
0.0000
0.0000
0.0000
0.0000
0.0000
0.0000
0.0000
0.0000
0.0000
0.7018
0.0000
0.0344
0.0000
0.0000
0.0000
0.0000
0.0000
0.7273
0.0000
0.0000
0.0000
2.1138
0.0000
0.0000
0.0000
3.2288
0.0000
0.0000
0.0000
0.0000
1.6007
0.5790
0.0000
0.0000
0.0000
0.0000
1.4354
0.0000
0.0000
0.0000
0.0000
0.0000
0.0000
0.0000
0.3420
4.1577
0.0000
0.9693
0.3933
1.2699
0.0000
0.0000
1.3989
0.0000
0.0000
0.0000
0.0000
0.0000
0.0000
1.3961
0.0000
0.0000
0.0000
0.0000
1.3446
1.8033
0.0000
0.0000
0.1773
0.2739
0.4695
0.0000
0.0000
0.0000
0.0000
1.7285
0.0000
0.0000
1.9109
0.0000
0.0000
0.0000
0.0000
0.0000
0.0000
0.0000
0.5722
0.0000
0.9208
0.0000
0.0000
0.0000
0.0000
0.0000
0.7796
0.0000
0.0000
0.6005
0.5552
0.0000
0.4856
0.1047
0.0000
0.0000
0.0000
0.0000
0.6467
1.3719
1.1648
0.0509
0.8497
0.0000
0.0000
0.0000
0.0000
0.0000
0.0000
0.0000
0.0000
0.0000
0.0000
0.0000
0.0000
0.0000
0.0000
0.0000
0.0000
0.0000
0.0000
0.0000
0.0000
0.0000
0.6061
0.0000
0.0000
1.0817
0.0000
0.0000
0.0000
0.0000
0.0000
1.1328
1.6471
0.0000
3.1797
0.0000
0.0000
0.0000
0.0000
0.0000
0.0000
0.0000
0.0000
0.0000
0.0000
1.5053
2.4147
0.0736
0.0000
0.0000
0.2440
0.0000
0.1680
0.4640
0.0000
1.8850
0.0000
0.3625
0.0000
0.7902
1.5245
0.8698
4.4067
0.4939
0.0000
0.0000
0.0000
0.3351
0.5140
0.0000
0.2301
0.0000
0.0000
0.0000
0.0276
1.1513
0.0000
0.0000
0.0000
0.0000
1.5433
1.5878
1.2859
0.0000
0.6012
0.0000
0.0000
1.3764
1.0234
0.0000
2.9233
0.0000
0.0000
0.9419
1.2787
0.0000
0.6490
0.1752
1.5757
0.0000
0.0000
1.0825
0.0000
0.0000
0.3374
0.0000
0.0000
0.4913
0.0000
0.5140
1.4599
0.0000
2.2320
0.0000
0.0000
0.0000
0.0000
0.0000
0.3002
0.0000
0.4509
0.0000
0.0000
0.3704
0.0000
1.3366
1.9844
0.0000
0.0000
0.0000
0.0000
0.0000
0.0000
0.0000
0.0000
0.0000
0.2005
0.3077
0.0000
1.3884
0.0000
0.8453
0.0000
0.0000
0.0000
0.4117
0.0000
0.0000
0.6229
3.6564
1.8808
0.0000
1.0236
0.0000
0.0000
0.0000
0.0738
0.0000
0.8095
0.0000
0.0000
0.0000
0.0077
0.0000
0.0000
0.5729
0.2613
0.0000
0.9615
0.0000
0.0000
0.0000
0.0326
0.0000
0.0000
2.6817
1.0209
1.2810
0.8105
0.2408
0.0000
0.0000
1.9341
0.3051
0.8853
0.0000
0.0000
0.0000
1.2344
0.0000
0.0000
0.1793
0.0000
0.0000
1.4818
0.0000
0.0000
0.0000
0.0000
0.0000
1.2781
0.7603
1.1989
0.0000
0.0000
0.0000
0.0000
0.0000
0.0000
0.0000
0.7783
0.0000
0.0000
0.0000
1.6691
0.0000
0.0000
0.0000
0.0000
0.6129
0.0000
0.0000
0.0000
0.8040
1.3288
0.0000
1.9904
0.0000
0.0000
0.0316
0.0000
1.3248
2.5208
0.0000
0.0000
0.0000
0.9293
0.0000
3.5808
1.0069
0.0000
0.0000
0.0000
0.0000
0.0000
0.0000
0.0000
0.1207
0.0000
0.0000
0.0000
0.0000
1.0914
0.7112
0.7284
0.0000
0.9781
2.2014
0.1469
0.0000
0.0000
0.0907
1.1945
0.0000
0.0000
0.6981
1.4549
0.0000
1.5976
0.0000
0.0000
0.0000
0.0000
0.0000
0.0000
0.0000
0.0000
0.0000
2.1188
0.0000
0.0585
1.2854
2.5535
0.6063
0.0000
2.5858
0.0000
0.0000
0.0000
0.3806
0.1927
0.0000
0.0000
0.0000
0.0000
0.1995
0.0000
1.2570
0.0000
0.0000
0.0000
0.3786
0.0000
0.0000
0.0000
0.0000
0.0000
0.0000
0.0000
0.2009
0.0000
0.0000
0.4356
0.4869
0.7183
0.0000
0.4352
0.1592
0.0000
0.7368
0.0000
1.0822
0.9332
1.1012
0.0000
0.0000
0.0000
0.8077
1.9024
1.0446
0.0000
0.0000
0.0000
0.0000
0.0000
1.4751
0.0000
1.0688
0.0000
1.7800
0.9189
0.0000
0.0000
0.0000
1.0488
0.0000
0.0000
0.0000
0.0000
0.0000
0.0000
1.4875
0.0000
0.0000
0.0000
0.0000
0.0000
0.0000
0.0000
0.0000
0.0000
2.0146
0.0000
0.0000
0.5880
0.0000
1.0237
0.0000
0.5247
0.0000
1.4861
0.0000
1.5408
0.0000
0.0000
0.0000
0.0000
0.0000
1.8377
0.7410
0.9373
0.0887
1.6583
0.0479
0.3989
0.0000
0.1450
0.4470
0.6142
1.5387
0.0000
0.0000
0.0000
0.0000
0.0000
0.0000
0.0000
0.6077
2.8656
0.7244
2.7171
0.0000
0.0000
0.0000
0.0000
0.0000
0.0000
0.0000
2.0023
0.4102
1.4223
1.9391
0.0000
0.0000
0.0000
1.4609
0.0000
0.0706
1.4925
1.3748
0.0000
0.0000
0.0000
1.9482
1.8240
0.0000
0.0000
0.9472
1.4430
1.8163
0.0000
0.0000
0.0000
0.0000
0.0000
0.2256
0.5278
2.8843
0.0000
0.0000
2.0147
0.0000
2.2799
0.0000
0.0000
0.0000
0.7424
0.1621
0.0000
0.8977
0.1354
0.1732
0.0000
2.3947
0.0000
0.6922
0.0000
0.4721
0.0000
1.2750
0.0000
0.0000
0.0000
0.8693
1.7253
0.0000
1.2331
2.3325
0.0000
0.0000
3.0995
0.0000
0.0000
1.2918
0.0000
0.3586
0.0000
0.0000
1.2376
0.5250
0.0000
0.0000
0.0000
0.0000
1.9447
0.0000
0.0000
0.0000
0.0000
1.9130
0.0000
3.4461
0.5621
0.4126
0.0000
0.0000
0.0000
0.0000
0.0000
0.0000
1.1297
0.0000
0.1051
0.0000
0.0000
0.0000
0.0000
0.0000
0.0000
0.0000
0.0000
0.0000
0.0000
0.9565
0.0000
0.0355
0.0000
0.0000
1.4480
0.0000
0.0000
0.0000
0.5708
1.5679
0.0637
0.0000
0.0000
0.0000
0.5080
0.0000
1.9867
0.0000
0.0000
0.0000
0.2117
0.0000
1.0100
0.0000
0.0000
0.0000
0.0000
1.0187
0.0000
1.7156
0.0000
0.5445
0.0000
0.0000
0.0000
0.0000
0.2595
0.0000
0.0000
0.0000
1.9158
0.0000
0.3284
0.0000
0.0000
0.0000
0.8176
0.0000
0.0000
0.0000
0.0000
0.0000
0.0000
2.8909
1.2016
0.0000
0.0000
0.0000
1.1307
0.0000
0.9264
0.0000
0.3708
0.0000
1.3900
0.0000
0.0000
0.1819
0.7168
0.9462
1.5910
0.0000
1.1012
0.0000
0.0000
0.6682
0.0000
4.4221
0.0000
0.0879
0.6044
0.0000
0.0000
0.0000
0.0000
0.0000
0.0000
1.4248
0.0000
0.0000
1.3996
0.0000
0.0000
0.0000
0.0000
0.0000
0.0000
0.0000
1.2706
0.7328
0.0000
1.7001
2.2388
1.7777
0.0000
1.3630
0.0000
0.0000
0.0000
0.0000
0.0000
2.8377
0.0000
0.0000
2.5506
1.4774
0.0000
0.0000
0.0000
1.5711
0.0000
0.0000
0.3185
1.7001
0.0000
0.0000
0.0000
0.0000
0.0000
0.5058
0.0069
0.0000
0.0000
0.0000
1.8071
0.0000
0.8028
0.0352
0.0000
0.0000
0.5678
0.1645
0.0000
0.0000
0.0000
2.2519
0.9899
0.0000
0.0000
0.2052
0.0000
0.0000
2.5858
1.1515
0.0000
0.0000
0.1078
0.0000
2.1182
2.8429
0.7650
0.0000
0.0000
0.0000
0.0000
2.8387
0.1551
0.0000
0.0000
0.1778
0.7259
0.0000
0.0000
0.0000
0.0000
0.0000
0.0000
0.0000
0.0000
0.0000
0.0000
0.0000
1.4391
0.0000
0.7701
0.0000
0.0000
0.1787
0.0945
0.0337
2.5505
0.3799
0.0000
0.0000
1.2471
0.0000
1.0114
0.9206
0.4229
0.0000
0.0000
0.0000
0.0000
0.0000
0.0000
0.0000
0.0000
0.3337
0.0000
3.1937
0.0000
0.0000
0.0000
0.0000
0.0000
0.0000
0.0000
0.5149
0.0000
0.0000
0.0000
0.0000
0.0000
0.0000
0.0000
0.0000
0.0000
0.0000
1.1955
0.0000
0.9448
0.0000
0.0915
0.0000
0.0000
1.2529
0.0000
0.0000
0.0000
0.0000
0.7553
0.0000
0.0000
0.0000
0.0000
0.0000
0.2036
0.0000
1.4662
0.0000
0.0000
0.0065
0.0000
0.0234
0.0000
0.0000
0.9613
0.0481
1.5267
0.0000
1.1858
0.0910
2.1754
0.0000
0.4796
0.0000
0.0000
0.0000
1.4840
0.0000
0.5678
2.0202
0.0000
1.0131
0.0000
1.3410
0.0000
0.2833
2.0242
0.0000
0.0000
0.0000
0.0000
0.0000
0.0000
0.0000
0.0000
0.0000
0.0000
0.0000
0.0000
0.0000
0.3836
0.7488
1.2733
2.7412
0.0000
1.4958
0.0000
0.8901
0.0000
0.0000
0.0000
0.1496
1.5975
1.2240
1.7514
0.0000
0.0000
0.0000
2.2588
0.0000
0.0000
0.0000
0.0000
0.0000
0.0000
0.0000
0.5085
0.0000
0.0000
0.0000
0.0000
1.4293
1.7264
0.0000
0.4022
0.0000
0.0000
0.5414
0.0000
0.0039
0.0000
0.9013
0.0000
0.0000
0.0000
1.6992
0.5364
0.0000
0.0000
0.0000
0.0000
0.0000
0.0000
0.1159
0.0000
0.0000
0.0000
0.0000
0.0000
0.7905
1.1588
0.0000
0.0000
0.4017
0.6285
0.1594
0.0000
0.0000
0.2865
3.1178
0.0000
0.0000
0.0000
0.0456
0.0000
0.0000
2.0738
0.0000
0.0000
0.0000
0.8123
0.8591
0.0000
1.7053
0.0000
0.0000
3.1461
0.0000
0.0000
0.0000
1.4646
0.0000
0.9977
2.0696
0.0000
0.4772
0.0000
0.0000
0.0000
0.0000
0.0000
0.0000
0.0000
0.9181
0.0000
1.1277
0.0000
0.0000
0.4923
0.0000
0.0000
0.3543
0.0000
0.3037
0.0000
0.5983
0.0000
0.0000
0.0000
0.0000
0.0000
2.0283
0.0000
0.2312
1.5083
0.0000
0.0000
1.2349
1.1787
1.8605
0.0000
0.0000
0.0000
0.0000
0.0000
0.0000
0.0000
0.0000
0.0000
1.1575
0.7750
0.0000
0.0000
1.2179
0.0000
0.0000
2.7469
0.0000
0.0000
0.0000
0.0000
0.2267
0.6393
0.0000
0.2191
0.0000
0.0000
0.0000
0.0000
0.8285
0.5380
0.0883
0.0000
1.0181
0.1096
0.0000
0.9454
0.0000
0.0000
0.0000
0.0000
1.3100
0.8617
0.1977
0.0000
1.3316
0.0000
2.8047
4.3800
0.0000
0.3293
1.2313
0.0000
0.5282
0.0000
0.0000
0.0000
0.0000
0.0000
0.0000
0.0000
0.0000
0.0000
0.0000
0.0000
0.0000
0.0000
0.0000
0.0000
1.7977
0.0000
0.0000
2.2852
0.0375
0.0000
2.1087
0.0000
0.0000
1.6352
0.0000
0.0000
1.2796
0.0000
0.0000
0.0000
2.6012
0.0000
0.0000
0.0000
1.4604
0.0000
0.0000
2.0188
0.0000
0.0000
0.0000
0.0000
0.0000
1.8532
0.0000
0.0000
2.2912
0.0000
0.0000
0.0000
1.7531
0.5610
0.0000
0.0000
2.0680
0.7486
0.1808
0.0000
0.0000
0.3784
1.2799
0.5062
0.0000
0.7460
0.1919
0.0000
0.0000
0.0000
0.0000
0.6408
0.0000
0.0000
0.0000
0.0000
0.0000
0.0000
0.0000
3.3808
0.0000
0.0000
1.4379
0.0000
0.0000
0.0000
0.0000
0.7968
0.0000
0.7005
0.0000
0.2402
0.0000
0.0000
0.0000
1.0142
0.0000
0.0000
0.0000
0.0000
0.0000
0.6329
0.8564
0.0000
1.8582
0.0000
0.0000
0.0000
0.0000
0.0000
0.0000
3.3560
0.0000
1.5909
0.0000
0.3596
0.0000
0.3113
0.3272
0.0000
0.0000
0.4279
1.4780
0.0000
0.0000
0.0000
0.0000
1.0288
0.0000
0.0000
3.7555
0.0000
0.0000
0.0000
0.0000
3.1665
1.6598
1.0618
0.0000
0.0265
0.0000
0.6105
0.0000
0.0000
0.2285
0.0000
0.0000
0.0000
0.0000
0.0000
0.0000
0.0000
0.0000
1.2935
0.3222
0.0000
0.1046
0.0000
0.0000
0.8615
0.0000
0.0000
1.3557
0.0000
0.0042
0.2063
0.0000
0.0000
1.6017
0.0000
0.4099
0.0000
0.0000
1.5458
0.0000
0.1324
1.9111
0.0000
0.0000
0.0000
0.0000
0.0000
0.0000
0.0000
0.5724
0.0000
0.9183
0.8490
0.0000
0.0000
0.0000
0.0000
0.0000
0.0000
0.0000
0.0000
0.0000
0.3485
0.0000
0.0000
0.0000
0.0000
0.0000
1.8911
0.0000
0.0000
0.0000
0.0000
0.0000
0.0000
0.4063
0.0000
0.0000
0.0000
0.0000
3.0689
0.0000
0.0000
0.2453
0.0000
0.0000
0.0000
0.0871
1.3850
0.0000
0.0000
0.0000
0.0000
0.0000
0.0000
0.0000
0.9557
0.0000
1.1635
0.0000
0.0000
1.9294
0.0000
2.3599
0.0000
0.0000
0.0000
0.0000
0.2535
0.0000
1.1554
1.6513
0.8566
0.0000
2.1451
0.3217
0.0000
0.4216
0.0000
3.3487
0.0000
2.6506
0.0000
0.0000
0.0000
0.1243
0.0000
1.1231
0.0000
0.0000
0.0000
0.0000
0.0000
0.3384
1.1200
0.0000
0.0000
0.0000
1.3026
0.0000
0.0000
0.0000
1.0009
0.8444
0.1752
0.0000
0.0000
0.7353
0.0000
0.0000
0.0000
2.9272
2.0387
5.6731
0.0000
2.3070
3.6170
0.0000
0.0000
0.0000
0.0000
0.0000
0.0000
0.0000
0.0000
0.3619
2.7766
0.0000
0.0000
0.0000
0.3721
0.0457
1.1816
0.0000
1.5341
0.3158
0.0000
0.0000
1.1382
0.3460
1.0514
1.5969
0.0000
0.0000
0.5096
0.0000
3.3893
0.0000
0.0000
2.2547
0.0000
0.1989
0.0000
0.0000
0.0000
3.9019
0.0000
0.1992
0.0000
0.0000
0.0000
0.2049
0.0000
0.0000
0.0000
2.8258
0.4763
0.6715
0.0000
0.0000
0.0000
0.0000
1.0223
0.0000
0.0000
0.0000
0.0000
0.0000
0.0000
0.0000
0.0000
0.0000
0.0240
0.4018
0.0000
0.0000
1.2757
0.0000
0.0000
0.0000
1.5844
2.0788
2.3272
0.0000
0.0000
0.0000
0.7053
0.0000
0.0000
0.0000
0.0000
1.0218
0.0000
1.4965
0.0000
0.0000
3.5799
0.0000
0.0000
1.0503
0.0000
0.0000
0.1408
0.2546
0.0000
0.0000
0.0000
0.0000
1.4569
1.8619
0.0000
0.0000
1.0217
2.1278
0.0000
1.0915
3.4667
0.0000
0.0000
1.1528
0.0000
0.0000
0.0000
2.5557
0.0000
0.2278
0.0000
0.0000
0.8790
0.0000
1.5840
0.0000
0.0000
0.0000
0.0000
2.1049
0.9552
0.0000
0.0000
1.4974
0.0000
0.0000
0.0000
0.0075
0.0000
0.0000
0.0000
0.0000
0.0000
0.0000
0.1424
0.0000
0.5330
0.0000
0.0000
0.0000
0.0000
0.9703
1.5591
0.0000
0.0000
1.2697
0.9095
0.0000
0.0000
0.0000
0.0000
0.0000
0.8997
0.4046
0.0000
0.0000
0.0000
0.0355
1.0255
0.0000
1.4750
2.8447
0.0000
0.0000
0.0000
0.1538
2.2509
0.0000
0.0000
0.0000
0.0000
0.0000
0.0000
0.0000
0.2743
0.0000
0.0000
0.0000
1.2147
0.7193
2.2086
0.0000
0.0000
0.5237
0.0000
0.0000
1.1857
0.0000
0.0000
0.0000
0.0000
4.5715
1.4173
0.0000
0.0000
1.6038
0.0000
0.0000
0.8899
1.9582
0.5956
0.0000
2.0563
1.6977
0.0000
0.0000
0.0000
0.0000
0.0000
0.0000
0.0000
0.6929
0.0000
0.7541
5.3618
0.8828
0.9936
0.0000
0.0000
0.0000
0.0000
0.0000
0.0000
0.2255
0.0000
0.1903
0.0000
0.0000
0.1203
0.0000
0.7194
0.0000
0.0000
0.0000
0.0000
0.0000
1.2426
0.0000
0.0000
0.0000
0.4162
0.8087
0.2662
0.0000
0.9636
0.0000
1.3218
3.0286
0.0000
0.0000
0.0000
0.0000
0.0000
0.0000
0.0000
1.1715
0.0000
0.0000
0.0000
0.0000
0.0000
0.0000
0.0000
0.0000
2.4977
0.0000
0.5278
1.2214
0.0000
0.9669
0.0000
0.0000
0.0000
0.0000
0.0000
0.0000
0.5814
1.2097
0.0000
0.0000
0.0000
2.2610
0.8897
0.0000
0.0000
0.0867
0.0000
2.3936
0.0000
0.0000
0.0000
0.0000
0.0000
1.5685
0.0000
0.0000
0.0000
0.0000
1.1738
0.0000
0.0000
0.0000
0.0000
0.0000
0.0000
0.0000
0.7868
0.4448
1.6411
0.0000
1.1137
1.0526
0.0000
3.8399
0.0000
0.1357
3.0891
1.0324
0.0000
0.0000
0.0000
0.0000
0.0399
0.0000
0.0000
0.0000
0.0000
0.0000
0.0000
0.0000
0.0000
1.6314
0.0000
2.8895
0.0000
3.3836
0.0000
0.0000
1.3604
1.9277
2.7502
0.0000
0.0000
0.0000
0.0000
0.4226
1.2300
0.0000
1.4767
0.0000
0.0000
1.7971
0.5302
0.0000
3.0610
0.0000
0.0000
3.3900
0.0000
0.7809
0.0000
0.0000
0.0000
0.0000
3.5173
0.0000
0.0000
0.0000
0.0000
0.2282
1.3675
0.0322
0.3211
0.4943
0.0000
0.0000
0.0000
0.4752
0.0000
0.0000
1.7915
0.0000
0.0000
0.0000
0.0000
0.0000
1.7126
0.1715
0.0000
0.0000
0.0685
0.0000
2.3076
0.0000
0.5967
0.0000
0.0000
0.0000
1.1361
0.0000
0.0000
0.0706
2.3257
0.0222
0.0000
1.0602
0.0000
0.0000
1.4631
0.9042
0.0000
0.0000
0.0000
0.1832
0.0000
0.0000
1.0496
0.0000
0.2062
1.3659
1.0146
0.8503
0.0000
0.7597
0.0000
0.1190
0.0000
2.0653
0.6930
0.1713
0.0000
0.0000
0.0000
0.6890
0.0000
0.0000
0.1554
0.0000
0.0000
0.0000
0.0000
0.0000
0.6398
0.1367
0.4833
0.0000
0.0000
0.5720
0.6091
1.5869
0.0000
4.5116
0.0000
0.9831
0.8549
1.8213
0.0000
0.0000
0.0000
0.0000
0.0000
0.0000
0.1465
0.0000
0.0000
0.0000
0.0000
0.0000
0.0000
0.0173
0.1614
0.0000
0.0000
0.0000
0.5346
0.0000
0.0000
0.0000
2.0675
0.0000
0.0000
0.0000
2.9547
0.0000
0.6907
0.0000
0.0500
0.0000
0.0000
0.0000
0.0000
0.0000
0.0000
0.0000
0.0000
0.8699
0.7075
0.0000
0.0000
0.0000
0.0000
1.1339
0.0000
0.0000
0.0000
0.0000
0.5732
0.0000
0.0000
0.0000
0.9629
1.7667
0.0000
0.0000
0.0000
0.0000
0.0000
0.0000
0.0000
1.1581
0.8839
0.0000
1.7070
0.0000
0.0000
0.0000
0.0000
0.0000
0.0000
0.0000
0.0000
1.7244
1.4300
0.0000
0.0000
0.0000
0.0000
0.1797
2.6572
0.0000
0.9482
0.2398
0.2580
0.0000
1.2543
0.0000
1.4283
0.0000
0.0000
0.0000
0.0000
1.1245
0.3344
3.6004
0.4889
0.0000
0.0000
0.0000
0.2580
0.0000
0.0000
0.0000
0.9301
0.0000
0.0000
0.0000
0.0000
0.6859
0.0000
0.0000
0.0000
0.0000
0.0000
0.3144
0.7467
0.0000
0.7679
0.0000
0.0000
0.0000
0.9423
0.0588
0.0353
0.6926
0.0000
0.1180
0.0000
0.0000
0.8557
0.1721
0.0000
0.0000
0.0000
0.0000
1.5079
1.2105
0.0000
0.0000
0.0000
0.7616
1.4403
0.0000
0.0000
0.0000
0.0000
0.0000
0.0000
0.0000
0.0000
0.0000
2.7886
0.0000
0.0000
0.0000
0.0000
0.0000
1.7053
0.0000
0.0000
1.0127
0.0000
0.0000
0.5273
0.0000
0.1776
0.0000
0.0000
0.0000
0.0000
1.5954
0.0000
0.4085
0.0000
0.0000
0.0000
0.0000
0.0000
0.0000
0.0000
0.0000
0.0000
0.0000
0.0000
0.0000
0.0000
0.0000
0.4666
1.1585
0.0000
3.4294
0.0000
0.0000
0.0000
0.0000
0.0000
0.0000
0.0000
1.1420
0.0000
0.0000
0.0000
0.0000
0.3796
0.0000
0.0000
0.8972
0.0000
0.6837
0.0000
0.0000
0.0000
0.4917
0.5997
2.0341
0.0000
0.0000
0.0000
0.0000
1.0817
1.1503
0.0000
0.0000
1.6476
1.5998
1.6465
0.0000
0.0000
0.4552
0.0000
0.7507
0.0000
0.0000
0.5234
0.0000
0.8083
0.0000
0.0000
0.3652
1.0617
0.3178
0.8219
0.0000
1.7025
1.4839
0.0000
0.0000
0.8743
0.3279
1.1969
0.6582
0.0000
0.0000
0.0000
0.0000
0.0000
1.8381
0.0000
0.4743
1.0942
0.0000
0.0000
0.0000
0.0000
2.2903
1.4929
0.0000
0.0000
0.0000
0.0000
0.0000
0.0000
4.1450
0.6717
0.0000
0.0000
0.0000
0.0000
0.0000
1.0577
0.6764
1.1580
0.0000
0.0000
0.0000
0.2213
1.3165
3.6134
0.0000
0.0000
0.0000
0.4652
2.4057
3.1066
0.0000
0.0000
0.0000
0.0000
0.0000
2.4931
0.0000
0.0000
3.1490
0.0000
0.0000
0.0000
0.0000
1.1167
0.9817
0.2806
0.0000
0.0000
0.0000
1.4263
1.8940
0.0000
0.8495
0.0000
0.0000
0.0000
0.0000
3.3223
0.0000
1.7870
0.0000
0.0000
2.4504
0.0000
0.0000
0.0000
0.0000
0.0000
0.0000
4.5867
0.0000
0.0000
0.0000
0.0000
0.0000
0.0000
0.0000
0.3800
0.0557
0.0000
0.0000
0.0000
0.6671
0.0000
0.0000
2.4225
4.6685
0.0000
0.0000
0.0000
0.0000
1.1897
0.0000
0.0000
0.0000
0.0000
0.0000
2.0005
0.0000
0.0653
0.0846
0.0000
0.0000
0.0000
0.0000
0.0000
0.0000
0.8526
0.0000
0.4452
0.0000
0.0000
0.0000
0.0000
0.0000
3.6188
0.0000
0.5047
0.0000
0.0000
0.0000
0.0000
0.0000
0.7256
0.0000
0.6882
0.0000
0.0000
0.0000
0.0000
0.0000
2.9320
0.0000
2.3686
2.2540
0.0000
0.0000
0.0000
0.0000
0.0000
0.0000
0.0000
2.3189
0.0000
0.0000
0.9748
0.0000
0.9471
0.0000
0.0000
0.0000
0.0000
0.0000
2.1752
3.4209
1.0186
0.8103
0.4260
0.0000
2.7797
0.6689
0.0000
0.0000
0.0000
0.9725
0.0000
1.4850
0.0000
0.0000
0.7212
0.2142
0.0000
0.0000
0.0000
0.0000
0.0000
0.0000
0.7197
0.6355
0.0000
0.0000
0.0000
3.6178
0.0000
0.0000
0.0000
0.0000
0.9817
2.2367
0.0000
0.6227
0.0000
0.0000
0.3032
0.0000
1.4376
0.6066
3.0472
0.0000
0.5390
0.0000
0.0000
0.3363
0.0000
2.1224
0.0000
0.0000
0.0000
1.6415
0.3234
0.7272
0.0000
0.0000
0.0000
0.0000
3.5928
0.0000
0.0000
0.0000
0.0000
0.0000
0.0000
0.0000
0.3799
2.0604
0.0000
0.1833
1.6972
2.3302
0.0190
0.0000
0.2107
0.0000
1.4313
0.0000
0.0000
0.0000
0.0000
0.0000
1.7473
1.8824
0.0000
0.0000
2.8887
0.8585
1.4113
0.8949
0.0000
0.0000
0.2974
0.0000
3.1168
0.6921
1.3160
0.0000
0.0000
0.0000
0.3748
2.7791
0.0000
0.0000
0.5104
0.3960
0.9084
0.0000
1.5445
0.3814
0.0000
0.0000
0.9964
2.3082
0.0000
0.0000
0.0000
0.2520
0.0000
1.3750
0.0000
0.0000
0.0000
0.0000
0.0000
0.0000
0.0000
0.0000
1.5190
0.0000
0.0000
0.0000
0.9263
1.4747
0.0000
2.3073
0.0000
0.0000
0.0000
0.0000
0.0000
0.2516
0.0000
0.0000
0.3717
0.9224
0.0000
2.3494
0.0000
0.0000
0.0000
0.0000
0.0000
2.4085
0.0000
0.0000
0.0000
0.0000
0.0000
0.0000
1.2414
0.0000
0.5374
0.0000
0.0000
0.0000
0.0355
0.0000
0.3418
0.2525
0.0000
1.6394
0.0000
0.0000
0.0000
0.0000
0.0000
0.1285
0.3418
0.0000
0.0000
1.9763
0.0000
0.2248
0.0000
2.8204
0.3715
0.4106
0.2885
0.0000
0.0000
0.0000
3.4279
0.0153
0.0000
0.0000
0.0000
0.0000
0.0000
0.6874
0.0000
0.0000
0.0000
0.0000
1.7851
0.0000
0.0000
0.0000
0.6723
0.0000
0.0000
0.0000
0.0000
0.0000
2.1760
0.0000
0.0000
0.0000
0.0000
0.0000
3.3968
0.0000
0.0000
2.7445
0.6265
0.0000
0.5837
0.0000
1.5337
0.0000
0.1219
1.4591
0.0000
0.0000
2.2774
2.5355
0.6519
0.0000
2.7911
0.0000
0.5556
0.3322
0.0000
0.9825
0.0000
0.0000
0.0000
0.0000
2.7406
0.0000
0.0000
0.0000
0.0000
0.0000
0.0000
0.5564
0.0000
0.4934
1.4690
0.0000
0.0000
0.0000
0.0000
0.4431
1.8609
0.0000
0.0000
0.0000
0.0000
0.0000
0.0000
0.0000
0.2701
0.0000
0.0000
0.0000
0.0000
1.3752
0.0000
0.0000
0.0000
0.6669
0.0000
0.2491
0.0000
0.0000
0.0000
0.0000
0.0000
0.0000
0.0000
0.0000
0.0000
0.0000
1.1852
0.0000
0.0000
0.0000
0.0000
1.2940
1.2833
0.6819
0.0000
0.0000
0.3671
2.3063
0.0000
0.0000
0.0000
2.1018
0.8677
0.0000
0.0000
0.0000
0.0000
0.0000
0.0000
0.0000
2.9857
0.0000
0.0000
2.0221
3.9033
0.0000
1.0971
0.0000
0.0000
0.0000
0.0000
2.1969
0.0000
0.0000
0.0000
0.0000
1.7910
0.2639
0.0000
0.2775
0.2032
0.0000
0.0000
0.9174
0.5177
0.0000
0.0000
0.0000
0.0000
0.0000
2.4950
0.0000
1.5860
0.0000
0.4939
1.9244
0.0000
0.3781
0.0000
3.0383
0.3485
0.0000
1.0131
0.0000
0.0000
0.6602
0.1306
0.0000
0.0000
1.0999
0.0000
0.0000
0.0000
0.8713
0.0000
0.0000
2.2063
0.0000
0.0000
0.0000
1.9092
2.1065
0.0000
0.0000
0.0000
0.4383
0.4724
0.0000
0.0000
0.7422
3.2555
0.0000
0.0000
1.0131
0.2277
4.5492
0.2218
1.9974
0.0000
0.8248
0.0000
0.0000
0.0000
0.0000
0.0000
0.0000
0.0000
0.0000
3.0852
1.9762
3.1091
0.9871
0.0000
0.1035
0.0000
0.0000
0.0000
0.0000
0.0000
1.5039
0.0000
0.0000
2.7848
0.0000
0.0000
0.0000
1.3858
0.8879
0.7357
0.3290
0.0000
0.0000
0.6305
0.1364
1.1640
0.1500
0.0000
0.0000
0.9067
0.9256
1.7320
0.2456
0.0000
1.0199
0.0000
0.0000
0.7810
1.3092
0.0000
0.0000
0.0000
0.5655
0.0000
0.6292
0.0041
0.2467
0.0000
0.0000
0.0367
1.0321
2.8384
0.0000
0.0000
0.5132
3.7517
0.0000
0.6362
0.0000
0.0000
0.1482
0.0000
0.5067
0.0000
0.0000
0.3251
0.0000
4.2007
0.0000
0.0000
0.5373
0.8583
0.0000
0.3242
0.3510
0.0675
0.4604
0.0000
0.6121
1.1467
0.0000
0.8616
0.0000
0.0000
0.0000
0.0000
0.0000
0.0000
0.0000
1.9187
0.0000
0.0000
0.0000
0.0000
0.0000
4.2746
0.0899
0.4787
0.0000
0.3794
0.0000
0.0000
0.0000
0.0000
1.7659
0.0000
0.5694
0.8636
0.0000
2.3942
1.1579
0.0000
0.0000
0.6346
1.2465
0.0000
0.0000
0.0000
0.0000
0.0000
0.0000
0.0000
0.0000
0.0000
0.4634
0.0000
0.0000
0.1266
0.0000
0.0000
0.0000
0.0000
0.7806
0.8941
0.0000
0.0000
1.4562
0.3605
0.8004
0.3307
1.1251
1.3588
0.0000
0.0000
1.4736
0.0000
0.0000
0.0000
0.5990
0.0000
0.0000
4.8434
0.6796
0.0000
3.0237
1.0015
0.7973
1.9836
0.0000
2.2912
0.4902
0.0000
0.0000
0.0000
0.0000
0.0000
0.0000
0.8707
1.2638
0.8886
0.0000
0.0000
0.0000
0.0000
0.0000
1.6810
0.0000
0.9371
0.0000
0.0000
0.4666
0.0000
