0.1910
0.0000
1.1103
0.0079
0.3992
0.0000
0.0000
0.0000
0.0000
1.4803
0.5162
0.0000
0.6728
0.0000
0.0000
0.0000
0.0000
0.0000
0.0000
0.0000
0.3703
0.0000
0.9058
2.0002
1.6435
2.0265
0.0000
2.3626
0.0000
0.0000
0.0000
0.0000
1.4963
0.0000
1.7373
0.0000
0.0000
0.1361
2.4305
0.9280
0.0000
0.0000
0.0000
0.0000
0.0000
0.0000
0.0000
0.0000
0.1514
0.7724
0.0000
0.0000
0.0000
0.0475
0.0000
0.0000
0.0170
0.6722
0.0000
0.0000
0.0000
0.8456
0.0000
2.4920
0.0000
0.0000
0.7273
0.0000
0.0000
0.0000
0.2882
3.9059
1.4772
0.0000
0.0000
1.9002
0.0000
0.0000
0.0000
0.1864
0.6137
0.0000
0.0000
0.0000
0.0000
0.0000
0.4045
2.6801
0.0000
0.0000
0.4043
0.0000
1.6848
1.4348
0.0000
0.0000
0.0000
0.0000
1.2767
0.0000
0.0000
0.0000
0.0000
0.0000
1.6446
0.6067
1.5621
0.0000
0.4155
3.4400
0.6577
0.1103
1.1913
1.1358
0.0000
0.0000
0.4178
0.0000
0.0000
0.0000
2.1978
0.4166
0.9715
0.7221
0.1260
0.0000
0.0000
0.0596
0.0000
1.2875
0.0000
0.0000
0.7951
0.0000
2.4152
0.0000
2.6684
2.1472
0.0000
2.2394
2.5362
0.0000
2.5641
0.3657
1.7987
0.0000
0.0000
0.3979
0.0077
0.5325
1.4817
1.3956
1.2375
0.0000
0.0000
0.5907
0.0000
0.4424
0.5508
0.0000
0.4605
0.0000
2.0004
0.0000
0.0000
0.2849
0.0000
0.0000
0.0000
2.3945
0.0000
0.0000
0.0000
0.0000
0.0000
0.0000
0.0000
1.3164
0.0000
4.0872
0.8065
2.2678
0.0000
0.0000
0.0000
0.0000
1.2795
0.3059
3.2594
1.3368
0.0000
0.0000
0.0000
0.0000
0.0000
0.0000
0.0000
1.0928
3.3006
0.9992
0.0000
1.1918
0.0000
0.0000
0.0000
0.0000
0.0000
0.6571
0.0000
0.0000
0.0000
0.0000
0.0000
0.0000
0.0000
0.0000
0.0000
0.0000
0.0000
0.0000
0.0000
0.0000
0.0000
0.0000
1.1834
0.0000
0.0000
1.5313
0.0000
0.5207
0.0000
0.7735
0.0000
0.0000
0.8639
0.5536
2.6407
0.0000
0.0000
0.0000
0.0000
0.0000
0.3825
0.0000
0.0000
0.0707
0.0000
0.0000
0.0000
0.0000
0.0000
0.0000
0.3178
0.0000
0.0000
0.9684
0.0000
0.0000
1.6094
0.0000
0.0000
0.0000
0.0000
0.1469
0.0000
0.0000
1.5744
0.9582
0.0000
0.9645
2.7386
0.0000
0.0710
1.3617
0.0000
0.0000
0.5815
1.1081
0.0000
0.0000
1.2555
0.0000
1.3538
0.0000
0.0000
1.4623
0.0000
0.0000
0.0000
0.0000
0.0000
0.0000
0.0000
0.0000
3.3506
0.0000
0.0000
1.9581
0.0000
2.9589
0.0000
0.0000
0.0000
0.0000
0.5685
0.0000
0.0000
0.0000
0.0000
0.0000
0.0000
0.3231
0.0000
1.7023
0.9992
0.0000
0.0000
0.0000
0.4288
2.1222
0.0000
0.9336
0.0667
0.0000
0.0000
1.9326
0.6760
1.7605
0.0000
1.9754
0.0000
0.0000
0.0000
0.0000
0.0000
1.8199
1.3269
0.0000
0.0000
1.8120
0.0000
0.0000
0.0000
0.0000
0.0000
3.3220
0.0000
0.0000
0.0000
0.0000
0.0000
2.8124
0.7823
0.0000
1.2031
0.0000
0.3011
0.0000
0.4353
0.0000
0.0000
0.0000
0.0000
0.0000
0.0000
0.0000
0.0000
0.0000
0.1955
0.1253
0.0000
0.0000
0.0000
0.0000
0.5218
0.0000
0.0000
1.0538
0.0000
0.0000
4.1820
0.0000
1.1120
0.0000
0.0000
0.0000
0.1430
0.0000
0.0000
0.0000
1.1994
0.0000
0.0000
0.0000
0.2264
1.8020
0.0000
0.0000
0.0000
0.1172
0.0000
2.5825
0.0000
0.0000
0.0000
0.0000
0.0000
0.0000
2.7339
0.0000
0.0000
0.0000
0.0000
2.1793
0.0000
1.5097
0.0000
0.0000
1.2356
0.0000
0.2772
0.4479
0.5401
0.0000
0.0000
0.5351
0.0000
1.4146
0.0000
1.3318
0.0000
0.0000
0.0000
0.3281
0.0000
0.0000
0.4012
0.0000
1.6917
0.0000
2.8433
0.9742
0.5373
0.0000
2.0173
0.9747
0.3816
0.0000
1.5171
2.1666
1.5137
0.0000
0.0000
0.2564
0.0000
1.3801
0.0000
0.2639
0.5322
0.0000
0.4633
0.0000
1.2369
0.0000
1.1149
0.0000
0.0000
0.0000
0.0000
0.0000
0.0000
1.0525
0.0000
0.0000
0.0000
0.6939
2.6095
0.0000
0.0000
0.0000
0.0000
0.0000
0.5776
2.2672
0.6097
0.0000
0.0000
1.4340
0.0000
0.7417
0.0000
0.0000
0.0000
0.0000
1.5638
0.0000
0.0000
0.0000
1.1885
0.0000
0.0000
0.7413
3.1842
0.0000
0.0000
0.0000
0.0000
0.0000
0.0000
1.6406
0.1682
2.1830
0.0000
0.4686
0.6765
0.7380
0.0000
0.0000
4.5910
0.0000
2.6827
1.2933
0.0000
1.7780
1.7482
0.0000
0.7567
0.0000
0.0000
0.0000
0.6135
0.2884
0.2353
0.0000
0.0000
2.1469
0.0000
0.4487
0.0501
0.0000
0.0000
0.9466
0.0000
0.0000
0.0000
0.0000
0.0000
0.0000
0.0000
0.0000
0.0000
1.6341
0.0000
0.0000
0.0000
0.0000
0.0000
0.0000
0.0000
0.0000
0.0000
0.6601
0.0000
0.0000
0.8449
1.3023
0.0000
0.0000
0.0061
0.0000
0.0000
0.0000
0.0000
0.0000
0.0000
0.0000
1.2159
1.5916
0.0000
0.0979
0.0000
0.0000
0.0000
0.0000
0.0000
0.0000
0.0000
0.5918
2.4994
0.0000
0.0000
0.0000
0.0000
0.0000
0.0000
0.0000
0.0000
0.0000
1.1646
0.0000
0.0000
2.2721
0.0000
0.0146
0.0000
0.3031
1.8813
0.0000
0.6299
0.1348
0.2918
0.0000
0.0000
5.0206
0.0000
2.5276
1.5166
0.2191
0.7894
0.0000
1.1752
0.0000
0.0494
0.0516
0.0000
0.6741
0.0000
0.8653
0.0000
0.0000
0.0000
0.0000
0.0000
0.4397
1.1689
1.3851
0.0000
2.1737
0.0000
0.0000
0.3612
1.2682
0.0000
0.0000
0.0000
0.0000
0.0000
0.0000
1.1706
0.0000
0.0000
0.0000
2.5670
0.0000
0.0000
0.0000
0.0000
0.0000
0.0000
1.6032
0.0000
0.7489
1.0129
0.0000
0.0000
0.0000
0.0236
0.0000
0.0000
0.0000
0.8414
0.0000
0.0000
0.0000
0.0000
0.4817
0.4248
0.0000
0.0000
0.0000
0.0000
1.0175
0.0000
0.0000
0.0000
0.0000
0.0000
1.6593
0.0000
1.6695
0.4479
0.0000
2.5024
0.0000
0.0000
0.0000
0.0000
0.0000
0.3198
0.0000
1.7430
0.1945
0.0000
0.5550
0.0000
0.2394
0.0000
0.0000
0.0000
1.4844
0.0000
1.5013
0.5429
0.0000
0.0000
0.0000
0.0000
0.0000
0.0000
0.0000
0.0000
0.0000
0.1305
0.8964
0.0000
0.0000
0.0000
0.0000
0.2770
0.0000
0.0000
0.0000
0.0000
0.0000
0.0000
0.0000
0.0000
1.6843
0.0000
2.9039
0.5669
0.0000
0.0000
1.8631
0.0000
0.0000
0.1761
0.0000
1.4090
0.0000
0.0000
0.3782
0.0000
0.0000
0.1200
0.0000
0.0000
0.0000
0.0895
0.0000
0.0000
0.0000
0.4623
0.0000
0.0000
1.8234
0.0000
0.2087
0.0000
0.0000
1.0875
0.0000
0.0000
0.0000
0.0046
0.0000
0.0000
0.0000
0.6460
0.0000
0.0000
0.0000
0.0000
0.0000
0.0000
0.0000
0.4599
0.0000
0.0000
0.0000
0.0000
0.0000
2.6929
0.0000
0.0000
0.0000
0.0000
0.0000
0.2161
0.0000
0.0000
0.2574
1.9516
0.0000
0.0000
0.0000
0.0000
0.0000
0.0000
0.0000
1.2518
0.0000
0.0000
0.6749
0.0000
0.0000
0.4018
0.0000
0.0000
1.3894
2.0201
0.0000
0.3855
0.0000
0.0000
0.0000
0.0000
0.0000
1.3272
0.0000
1.8608
0.5493
0.0000
0.0000
0.0000
0.0000
1.2201
0.0000
0.0000
0.0000
0.0000
0.0000
0.0000
0.4145
0.0000
0.0000
0.0000
0.0000
0.8169
0.0000
0.0000
0.3779
0.0000
0.0000
0.0000
0.0000
0.0000
0.0000
0.0000
0.0723
0.5710
0.0000
0.0000
0.1756
0.3659
0.0000
0.7757
1.4634
0.0000
0.0000
0.4162
0.0000
1.3777
0.0000
0.1062
0.4695
0.0000
3.0474
0.0000
0.0891
0.0000
0.0000
0.0000
0.0000
0.0000
0.0000
0.0000
0.0000
0.0000
0.0000
0.3698
0.0000
0.9734
0.0000
0.1358
0.0000
0.0000
1.8935
0.1267
0.1950
0.0000
0.0000
0.0000
0.0000
0.0000
0.0000
0.0000
0.0000
0.0000
0.6689
0.0000
0.0000
2.4212
0.0000
0.0000
0.9807
0.0000
0.0850
0.0000
0.0000
0.0000
0.0000
0.3811
0.0000
0.0000
0.5471
0.1409
0.0263
0.0000
0.0000
0.0000
0.0000
0.0560
0.9424
0.0000
0.9667
0.0000
0.1238
0.0000
0.2344
0.0308
0.0000
0.0000
0.0000
1.5019
1.5527
0.0613
0.0000
0.0401
3.6107
0.0000
0.4220
0.0000
0.0000
0.0000
0.0000
2.0781
0.0000
0.0000
1.7886
0.0000
0.0000
0.0000
1.7692
0.0000
0.0000
0.0000
1.4374
0.9326
0.0000
0.0000
0.0000
0.0000
0.0000
0.0000
0.0000
1.0078
0.0000
0.0833
0.0000
0.0000
0.0000
0.0000
0.0000
1.3431
1.0393
2.0105
0.0000
0.0000
0.0000
0.3530
0.0000
0.0000
0.0000
0.0000
0.0000
0.0000
0.0000
0.0000
3.8745
0.0000
0.0000
0.0000
0.0000
0.0000
2.9468
0.0000
0.0000
0.0000
3.1337
0.0000
1.0921
0.0000
2.9849
0.0000
0.0000
0.3689
2.5379
0.0000
1.0347
0.0000
1.7229
0.0000
0.0000
0.3783
0.3077
0.9057
0.0000
0.0000
0.6353
0.0000
0.0000
1.1508
0.5038
0.7599
0.1772
2.3092
0.0000
0.8968
0.0000
0.0000
0.6942
0.0000
0.0000
0.0000
0.0000
0.3766
0.0000
0.0000
0.0000
0.0000
0.0000
0.0000
0.0000
0.0000
0.0000
0.0000
0.0000
0.0000
0.0000
2.8825
0.0000
1.7301
0.0000
0.0000
2.1498
0.3756
0.4042
0.0000
0.2766
0.0000
0.0000
0.0000
0.0000
0.0000
0.0000
0.0000
0.0000
0.0000
0.4977
0.0000
0.0000
0.0000
0.0000
0.0000
0.0000
0.0000
0.1395
0.0000
0.0000
0.4416
0.3661
0.0000
0.0000
1.7180
0.0000
0.0000
0.1880
0.0000
0.3109
0.0000
1.4693
0.2321
0.0000
1.1101
0.0000
0.0256
0.0000
0.0000
0.3541
0.0000
0.0000
0.6880
0.0000
1.0375
0.0000
0.0000
0.0000
0.0000
0.0000
0.0000
0.7062
0.0000
0.0000
0.5736
0.0000
0.4289
0.0000
0.0000
0.0000
0.0000
0.0636
0.0000
0.0000
0.0000
0.0000
0.0000
0.0000
0.0000
0.0000
2.0733
0.0000
0.0000
0.2338
0.0000
0.2797
3.1003
0.0000
0.0000
0.4332
0.0000
1.2276
0.9569
0.0000
0.0000
0.2321
0.4871
0.0000
0.0000
0.0000
0.0000
0.5812
0.0000
0.0000
0.0000
0.0000
0.9977
0.0000
0.0000
0.0000
3.3257
0.0000
0.0000
1.4522
3.6188
0.0000
0.0000
0.0000
0.0000
0.0000
0.0000
0.0000
0.0000
0.0000
0.0000
0.2557
0.0000
0.0000
2.9257
0.0000
0.3439
0.5023
0.0000
0.0000
1.1927
0.0000
0.0000
0.0914
0.0000
0.0000
1.2300
2.8946
0.0000
0.0000
0.0000
0.0000
2.0381
0.0000
0.0000
0.3765
3.8835
0.6578
0.6135
0.0000
0.7045
0.0000
0.0000
0.0000
0.0000
0.0000
0.0000
0.0000
0.0000
3.1005
0.0000
0.6774
0.0000
0.0000
0.0000
0.0000
0.0000
0.0000
0.0000
0.0000
0.0000
0.0000
0.0000
0.0000
0.1556
0.0000
0.0000
0.0000
0.0000
0.0000
0.6992
0.0000
0.0000
0.0000
2.6486
0.0000
0.0000
0.0000
3.0670
0.0000
0.0000
0.0000
0.0000
1.9183
0.0000
0.0000
0.0000
0.0000
0.0000
0.5736
0.0000
0.0000
0.0000
0.0000
0.0000
0.0000
0.0000
0.2024
2.7177
0.0000
0.9475
0.0000
1.0713
0.0000
0.1854
1.3632
0.0000
0.0000
0.0000
0.0000
0.0000
0.0000
1.0864
0.0000
0.0000
0.0000
0.0000
1.2049
1.0627
0.0000
0.0000
0.0000
1.9296
0.0000
0.0000
0.0000
0.2190
0.0000
1.0004
0.0000
0.0000
0.8942
0.0000
0.0000
0.0000
0.0000
0.0000
0.0000
0.4144
0.1505
0.0000
1.2104
0.0000
0.0000
0.0000
0.0000
0.0000
1.3110
0.0000
0.0000
0.6073
0.5535
0.0000
0.5584
0.8880
0.0000
0.0000
0.0000
0.0000
0.2579
1.4337
1.3521
0.0000
1.0956
0.0000
0.1100
0.0000
0.0000
0.0951
0.0000
0.0000
0.0000
0.0000
0.0000
0.0000
0.0000
0.0000
0.0000
0.0000
0.0448
0.3987
0.0000
0.0000
0.5825
0.0000
0.6885
0.0000
0.0000
1.5220
0.9050
0.1776
0.0000
0.0000
0.0000
1.7532
2.0504
0.0000
3.0351
0.0000
0.0000
0.0000
0.0000
0.0000
0.0000
0.6138
0.0000
0.0000
0.0000
0.8884
3.2629
0.6940
0.0000
0.0000
0.3112
0.0000
0.3711
0.0525
0.0000
3.4004
0.0000
0.0000
0.6632
0.4028
0.5950
0.2981
5.0656
0.7092
0.3951
0.0000
0.0000
0.1639
1.1592
0.0997
0.3504
0.0000
0.3729
0.0000
0.0000
1.8551
0.0000
0.0000
0.0000
0.0000
1.2938
0.0000
1.6542
0.0000
0.0000
0.0000
0.0000
1.7716
1.5484
0.0000
4.0213
0.0000
0.0000
0.0000
1.2105
0.0000
0.0000
0.0000
1.4681
0.0000
0.0000
1.1334
0.0000
0.0000
0.4562
0.0000
0.0000
1.1019
0.0000
0.1972
1.6762
0.0000
1.7159
0.0000
0.0000
0.0000
0.0000
0.0000
0.7950
0.0000
1.9468
0.0000
0.0000
0.7715
0.0000
0.9809
2.6880
0.0000
0.0000
0.0000
0.0000
0.0000
0.0000
0.0000
0.0000
0.0000
0.0000
0.0000
0.0000
1.5056
0.0000
1.2264
0.0000
0.0000
0.0000
0.0000
0.0000
0.0000
0.0000
3.4661
2.0313
0.0000
0.0000
0.0000
0.0000
0.0000
0.0000
0.1603
1.6607
0.0000
0.0000
0.4747
0.0000
0.0000
0.0000
0.1721
0.4346
0.0000
1.0711
0.0000
0.0000
0.0000
0.4489
0.0000
0.0000
2.3149
1.4769
1.4715
0.7230
0.0000
0.0000
0.0000
1.8473
0.6785
0.1871
0.0000
0.0000
0.0000
2.2341
0.0000
0.0000
0.0000
0.8420
0.0000
2.1206
0.0000
0.0000
0.0000
0.0000
0.0000
1.4999
1.5835
0.1960
0.1965
0.0000
0.0000
0.0000
0.0000
0.0000
0.0000
1.0529
0.0000
0.0000
0.0000
2.4667
0.0905
0.0000
0.0000
0.0000
0.4814
0.0000
0.0000
0.0000
0.9088
1.7509
0.0000
0.7349
0.0000
0.0000
0.0000
0.4347
1.1010
2.5203
0.0000
0.0000
0.0000
0.4829
0.0000
2.4507
0.7274
0.1874
0.3146
0.0000
0.0000
0.0000
0.0000
0.0000
0.0000
0.0000
0.0000
0.0000
0.0000
1.2545
0.0000
0.0000
0.4208
0.6196
1.3862
0.0302
0.0000
0.3808
0.4158
1.7332
0.0448
0.0000
0.2093
1.6555
0.0000
2.1652
0.0000
0.0000
0.0000
0.0000
0.0000
0.0000
0.0062
0.0000
0.0000
1.2089
0.0000
0.0000
1.4645
0.5916
1.1628
0.3169
1.9418
0.0000
0.0000
0.0000
0.1042
0.2195
0.0000
0.0000
0.0000
0.6805
0.8317
0.0000
0.7021
1.4099
0.0000
0.0000
0.0639
0.8064
0.0000
0.0000
1.0996
0.0000
0.0000
0.0000
1.0304
0.0000
0.7452
0.0000
0.4072
0.4152
0.0000
0.5145
0.6756
0.0000
0.8005
0.0704
0.6572
0.4537
1.5216
0.0000
0.0000
0.0000
1.2600
1.9462
0.0000
0.0000
0.0000
0.0000
0.0000
0.0000
0.6443
0.0000
1.2031
0.0000
1.2880
1.5265
0.0000
0.0000
0.0000
0.0000
0.0000
0.0000
0.0000
0.2660
0.0000
0.0000
1.3196
0.0000
0.0000
0.0000
0.0000
0.0000
0.0000
0.0000
0.1061
0.0000
1.8883
0.0000
0.0000
0.0406
0.0000
0.5400
0.5964
0.0000
0.0000
0.8376
0.0000
1.9091
0.0000
0.0000
0.0000
0.0000
0.0000
1.4092
1.0342
1.4096
0.3399
0.5471
0.0000
0.5032
0.0000
0.9379
0.0000
0.0000
1.2596
0.0000
0.0000
0.0000
0.0000
0.0000
0.0000
0.0000
0.4478
1.6422
0.6816
2.6768
0.0000
0.5621
0.0000
0.0000
0.0000
0.0000
0.0000
2.4243
1.0951
0.7792
2.0627
0.0000
0.2134
0.0000
0.7403
0.0000
0.4961
0.9920
1.3339
0.0000
0.0000
0.0000
1.4690
0.6054
0.0000
0.0000
0.7994
2.1526
1.8356
0.0000
0.0000
0.0000
0.0000
0.0000
0.6876
1.2866
3.4646
0.0000
0.0000
1.2726
0.7206
1.4141
0.0000
0.0000
0.0000
0.1329
0.5615
0.0000
0.3649
0.0399
0.0000
0.0000
2.4467
0.0000
0.0000
0.0000
1.7233
0.0000
0.0000
0.0000
0.0000
0.0000
0.2578
1.9803
0.0000
0.1228
2.1533
0.0000
0.0000
3.3940
0.0000
0.0000
1.0152
0.0000
0.0306
0.0000
0.0000
1.6620
0.0000
0.0000
0.0000
0.0000
0.0000
2.1015
0.0000
0.0000
0.0000
0.0000
2.3523
0.0000
3.6611
0.0610
0.6155
0.6170
0.0000
0.0000
0.0000
0.0000
0.0000
0.7482
0.0457
0.0000
0.0000
0.0000
0.0000
0.0000
0.0000
0.5709
0.2676
0.0000
0.0000
0.0000
1.4700
0.0000
0.0000
0.3609
0.0000
1.4407
0.0000
0.0000
0.0000
0.1474
0.6279
0.0000
0.0000
0.0000
0.0000
0.6498
0.0000
2.5705
0.0000
0.0000
0.0000
0.8225
0.0000
0.6499
0.0000
0.0000
0.3785
0.0000
1.2841
0.0000
1.5453
0.0000
0.2286
0.0000
0.0000
0.0000
0.0000
0.5379
0.0000
0.0000
0.1876
2.2882
0.0000
0.0000
0.0000
0.0000
0.0000
1.0829
0.0000
0.0000
0.0000
0.0000
0.0000
0.0000
1.9441
1.6135
0.0000
0.0000
0.0000
1.8455
0.0000
0.5798
0.0000
0.1671
0.0000
1.7343
0.0000
0.0000
1.1098
0.0000
2.3676
0.7526
0.0000
0.7473
0.0000
0.0000
1.1200
0.0000
3.5246
0.0000
0.0000
1.1311
0.0000
0.0000
0.0000
0.0000
0.1776
0.0000
1.0864
0.0000
0.0000
1.4155
0.0000
0.0000
0.0000
0.0000
0.0000
0.0000
0.0000
1.3240
2.2109
0.0000
2.1954
2.1817
2.2261
0.0000
1.1222
0.0000
0.0000
0.0000
0.0000
0.0000
3.0232
0.0000
0.0000
2.3596
1.9697
0.0000
0.0000
0.2883
1.5519
0.3446
0.0000
0.0938
2.5442
0.0000
0.0000
0.0000
0.0000
0.0000
0.1134
0.0000
0.0000
0.0000
0.0000
1.1091
0.0000
0.5065
0.0000
0.0000
0.0000
0.3506
0.3350
0.0000
0.0000
0.0000
1.3037
1.3031
0.0000
0.0000
0.0000
0.0000
0.0000
2.7173
1.0986
0.0000
0.0000
0.0000
0.3122
2.5923
1.9041
0.1327
0.0000
0.0000
0.0000
0.0000
2.0318
0.0000
0.0000
0.0000
0.9096
1.1870
0.0000
0.0000
0.0000
0.0000
0.0000
0.0000
0.0000
0.0048
0.0000
0.0000
0.0000
1.6023
0.6818
0.9214
0.0000
0.0000
0.2942
0.5320
0.5361
1.3893
0.9457
0.0000
0.0000
0.5310
0.0000
0.4585
0.5222
0.0000
0.0000
0.0000
0.4102
0.0000
0.0000
0.0000
0.0000
0.0000
0.0000
0.5151
3.0481
0.0000
0.3372
0.0000
0.0000
0.0000
0.0013
0.0000
0.0508
0.0000
0.0000
0.0000
0.0000
0.0000
0.0000
0.0000
0.0000
0.0000
0.0000
0.4936
0.0000
0.5930
0.0000
0.0000
0.0000
0.0000
1.8392
0.0000
0.0000
0.0000
0.0000
0.1914
0.0000
0.0000
0.0000
0.0000
0.0000
0.0082
0.0000
0.7547
0.0000
0.0000
0.4221
0.0000
0.0000
0.0000
0.0000
0.5419
0.2871
0.8885
0.0000
1.8077
0.0000
2.8132
0.0000
0.3028
0.2088
0.0000
0.0000
0.1884
0.0000
0.0743
2.1672
0.0000
2.7538
0.0000
1.6766
0.0000
0.0914
1.9990
0.0000
0.0000
0.0000
0.0000
0.0000
0.0000
0.0000
0.0000
0.0000
0.0000
0.0000
0.0000
0.0000
0.6033
0.9301
1.7025
3.2513
0.0000
1.5485
0.0000
0.7887
0.0736
0.0000
0.0000
0.0000
1.0393
0.8001
1.5097
0.0000
0.0000
0.0000
2.0179
0.0000
0.0000
0.0000
0.0000
0.0000
0.0000
0.0000
0.0000
0.0000
0.0000
0.0000
0.0000
1.1066
0.4058
0.0000
0.4778
0.0000
0.0000
0.0454
0.0000
0.2927
0.0000
0.4293
0.0000
0.0000
0.0058
2.3331
1.7824
0.0000
0.0000
0.0000
0.0000
0.0000
0.0000
0.0000
0.0000
0.0000
0.0000
0.0000
0.0000
0.3065
0.7575
0.0000
0.0000
0.6111
1.1463
0.1835
0.0000
0.0000
0.0190
2.2085
0.0000
0.0000
0.0000
0.0000
1.0897
0.0000
1.1266
0.0000
0.0000
0.0000
0.4123
0.1533
0.0000
2.1218
0.9921
0.0000
3.2067
0.0000
0.0000
0.0000
0.4079
0.0000
1.4200
1.5435
0.0000
0.3985
0.0000
0.0000
0.0000
0.0000
0.0000
0.0000
0.0000
0.0000
0.0000
0.6290
0.0000
0.0000
0.0000
0.0000
0.0000
0.0695
0.0000
0.8762
0.0000
0.5204
0.0000
0.0000
0.0000
0.0000
0.0000
1.4341
0.0000
0.3933
0.8565
0.0000
0.0000
2.1368
1.1172
2.1873
0.0000
0.0000
0.0000
0.0000
0.0000
0.0000
0.0000
0.0000
0.0000
0.3189
0.1213
0.0000
0.0000
1.4646
0.0000
0.0000
2.5570
0.0000
0.0000
0.0000
0.0000
0.2261
1.1906
0.0000
0.0000
0.0000
0.0000
0.0000
0.0000
0.0000
0.8101
0.0000
0.1044
1.2345
0.0000
0.0000
2.3158
0.7858
0.0000
0.0000
0.0000
1.5534
0.7649
0.2389
0.0000
1.3106
0.0000
1.9423
4.2849
0.0000
0.0000
1.0842
0.0000
0.0000
0.0000
0.0000
0.0000
0.0000
0.0000
0.0000
0.0000
0.0000
0.0000
0.0000
0.0000
0.0000
0.6357
0.5102
0.0000
2.0517
0.0000
0.0000
0.7396
0.0000
0.0000
2.7817
0.0000
0.0000
0.1829
0.0000
0.0000
2.0338
0.3754
0.0000
0.0000
2.6369
0.0000
0.0000
0.0000
1.1393
0.0000
0.0000
1.5265
0.0000
0.0000
0.0000
0.0000
0.0000
2.1211
0.0000
0.0000
2.0475
0.0935
1.0072
0.0000
0.2372
0.8781
0.0000
0.0000
1.5388
0.5998
0.0000
0.0000
0.1905
0.0000
0.7527
0.2623
0.0000
0.6305
0.9289
0.0000
0.0000
0.0000
0.0000
0.1815
0.0000
0.0000
0.0000
0.0000
0.0000
0.0000
0.0000
2.9290
0.0000
0.0000
2.0323
0.0000
0.0000
0.0000
0.0000
0.4242
0.0000
1.4794
0.0000
0.0000
0.0000
0.0000
0.0000
0.8884
0.0000
0.0000
0.0000
0.0000
0.0000
0.8226
1.1018
0.0000
2.2197
0.0000
0.0000
0.0000
0.0000
0.0000
0.5618
2.6893
0.0000
1.4605
0.0000
0.0000
0.0000
0.7675
0.7476
0.0000
0.0000
1.1503
1.5676
0.0000
0.0000
0.0000
0.0000
1.0094
0.0000
0.0000
3.2245
0.4275
0.0000
0.0000
0.0000
3.6411
2.2224
0.7193
0.0000
1.3629
0.0000
0.2409
0.0000
0.0000
0.0000
0.0000
0.0000
0.0000
0.0000
0.0000
0.0000
0.0000
0.0000
1.0322
0.2111
0.0000
0.0000
0.1367
0.0000
0.5849
0.0000
0.0000
2.0744
0.0000
0.8254
1.2976
0.0000
0.0000
1.1310
0.0000
0.9265
0.0000
0.0000
3.1030
0.1983
0.0000
2.0260
0.0000
0.0000
0.0000
0.0000
0.0000
0.0000
0.0000
0.0000
0.0000
0.8813
0.8430
0.0000
0.0000
0.0000
0.3687
0.0000
0.0000
0.0000
0.0000
0.0000
0.6286
0.0000
0.0000
0.0000
0.0000
0.0000
1.2075
0.0000
0.0000
0.0000
0.0000
0.0000
0.0000
0.0564
0.0000
0.0000
0.0000
0.0000
2.5867
0.0000
0.0000
1.9581
0.0000
0.0000
0.0000
0.3335
1.7016
0.0000
0.0000
0.0000
0.0000
0.0000
0.0000
0.0847
0.6448
0.1336
1.8413
0.0000
0.0000
2.4119
0.0000
1.3423
0.0000
0.0000
0.1101
0.0000
0.2288
0.0000
0.7980
1.8842
0.0000
0.0000
1.9674
0.5701
0.0000
0.5410
0.0000
2.0160
0.0000
2.5019
0.0000
0.0000
0.0000
0.0000
0.0000
1.6998
0.0000
0.0000
0.9253
0.0000
0.0000
0.0000
1.3235
0.0000
0.0000
0.0000
1.4557
0.0000
0.0000
0.0000
1.2274
0.8275
0.1277
0.0000
0.0000
1.4760
0.0000
0.0000
0.0000
2.5839
1.3171
5.0245
0.0000
2.3560
4.1542
0.0000
0.0000
0.0000
0.0000
0.0000
0.0000
0.1573
0.0000
0.1407
2.8503
0.0000
0.0000
0.0000
0.1826
0.1928
1.5617
0.1794
1.2880
0.1680
0.0000
0.0000
1.0955
0.5799
0.8065
1.9048
0.0000
0.0000
0.7684
0.0000
2.6423
0.0000
0.0000
2.9786
0.0000
1.0339
0.0000
0.0000
0.0000
3.9551
0.0000
0.3015
0.0000
0.0000
0.2030
0.0000
0.0000
0.0000
0.0000
2.1748
0.3260
0.1224
0.0000
0.0000
0.0000
0.0000
1.5622
0.0000
0.0000
0.0000
0.0000
0.0000
0.0000
0.0000
0.0000
0.0000
0.6305
0.5645
0.4590
0.0000
1.2674
0.0000
0.0000
0.0000
1.4147
1.0973
1.3036
0.0000
0.0000
0.0000
0.0515
0.0000
0.0000
0.4595
0.0628
0.5610
0.0000
1.8056
0.0000
0.0000
3.0121
0.0000
0.0000
0.0000
0.0000
0.0000
0.0000
0.3818
0.0000
0.0000
0.0000
0.0000
0.4945
1.5568
0.0000
0.0000
0.0000
1.4892
0.0000
1.4523
3.0454
0.0822
0.0000
0.3689
0.0000
0.0000
0.0000
2.5868
0.0000
0.0000
0.0000
0.0000
0.3441
0.0000
0.7167
0.0000
0.0000
0.0000
0.0000
2.5032
0.9570
0.0000
0.0000
2.2009
0.0000
0.0000
0.0000
0.5741
0.0000
0.0000
0.0000
0.0000
0.0000
0.1213
0.0000
0.0000
1.0421
0.0000
0.0039
0.0000
0.0000
0.3567
0.4954
0.0000
0.0000
1.7470
1.6023
0.6816
0.0000
0.0000
0.0000
0.0000
1.0991
1.1410
0.0000
0.0000
0.0000
0.8787
1.3811
0.0000
0.6758
3.2258
0.0000
0.0000
0.0000
0.0000
3.2593
0.0000
0.0000
0.0000
0.0000
0.0000
0.0000
0.0000
0.0173
0.1050
0.0000
0.0000
0.3790
1.4146
1.8768
0.0000
0.0000
1.2754
0.0000
0.0000
1.5889
0.0000
0.0000
0.0000
0.0000
3.3511
1.3699
0.0000
0.0000
2.1904
0.0000
0.0000
1.0155
1.8297
0.6475
0.0000
1.7876
1.0940
0.0000
0.0000
0.0000
0.0000
0.0000
0.0000
0.5074
0.0000
0.0000
1.3065
6.4479
0.4977
2.1842
0.0000
0.3065
0.0000
0.0000
0.0000
0.0000
0.0000
0.0000
0.0000
0.0000
0.0000
0.2967
0.2131
0.8342
0.0000
0.0000
0.0000
0.0000
0.0000
1.4121
0.0000
0.0000
0.0000
0.5199
0.4570
0.8976
0.0000
1.1309
0.0000
0.7290
2.5223
0.0000
0.0000
0.0000
0.0000
0.0000
0.0000
0.0000
1.2702
0.0000
0.0000
0.0000
0.0000
0.0000
0.0000
0.0604
0.0000
2.4115
0.0000
0.5032
0.8559
0.0000
1.1016
0.0000
0.0000
0.5101
0.0000
0.0000
0.0000
0.0000
0.7425
0.3064
0.0000
0.0000
2.9574
0.1932
0.0000
0.0000
0.2572
0.0000
2.8181
0.0000
0.0000
0.0000
0.0000
0.0000
2.6486
0.0000
0.0000
0.0000
0.0000
2.1002
0.0000
0.0000
0.0000
0.0000
0.0000
0.0000
0.0000
0.0000
0.2499
1.0243
0.0000
1.7525
1.5573
0.0000
3.2092
0.1771
0.1532
2.7525
0.5988
0.0000
0.0000
0.2927
0.0000
0.4344
0.0000
0.0000
0.0000
0.0000
0.8061
0.0000
0.0000
0.0000
1.5798
0.0000
2.2630
0.0000
2.8447
0.0000
0.0000
0.7018
0.2786
1.9959
0.0000
0.0000
0.0000
0.0000
1.0617
0.4681
0.0000
0.8529
0.0000
0.0000
1.9474
0.0000
0.0000
2.7716
0.0000
0.0000
2.7424
0.0000
0.5267
0.0000
0.0226
0.0000
0.0000
2.5918
0.0000
0.0000
0.0000
0.0000
0.0000
1.5060
0.0000
0.5582
0.4065
0.0000
0.0000
0.0000
0.0000
0.0000
0.0000
1.7219
0.4918
0.0000
0.0000
0.0000
0.0000
2.4049
0.3674
0.0000
0.2801
0.0304
0.0000
2.4674
0.0000
0.4713
0.0000
0.0000
0.0033
1.4663
0.0000
0.0000
0.1871
1.5645
0.2969
0.0000
1.0681
0.0000
0.0000
1.6140
1.7209
0.0000
0.0000
0.0000
0.0000
0.0000
0.0000
0.5267
0.0000
0.0868
0.4753
0.3891
0.0000
0.0000
0.0000
0.0000
0.0000
0.0000
0.2342
1.2912
0.4330
0.0000
0.0000
0.0000
0.7103
0.0000
0.0000
0.2668
0.0000
0.0000
0.0000
0.3917
0.0000
0.1046
0.0000
1.1405
0.0000
0.0000
0.9820
0.8303
2.3514
0.0000
4.5465
0.0000
1.5487
0.3797
2.5386
0.0000
0.0000
0.0000
0.0000
0.0000
0.0000
0.0000
0.1848
0.0742
0.0000
0.0000
0.0000
0.0000
0.8233
0.0000
0.0000
0.0000
0.0000
1.1074
0.0000
0.0000
0.0000
1.3369
0.0000
0.0000
0.0000
1.6333
0.0000
0.1249
0.0000
0.0988
0.0000
0.0000
0.0000
0.0000
0.0000
0.0000
0.0000
0.0000
0.4417
0.5271
0.0000
0.0000
0.0000
0.0000
0.1520
0.0000
0.0000
0.0841
0.0000
0.7291
0.0000
0.0807
0.0000
1.4185
1.1618
0.0000
0.0000
0.0000
0.0000
0.0000
0.0000
0.0000
1.2452
0.5050
0.0000
2.3889
0.0000
0.0000
0.0000
0.0000
0.0000
0.0000
0.0000
0.0000
1.4167
1.4972
0.0000
0.0000
0.0000
0.0000
0.3857
1.7868
0.0000
0.0000
0.0000
0.5491
0.0000
0.9101
0.0000
1.3522
0.0000
0.0000
0.0000
0.0000
0.6378
0.0000
4.3163
0.0000
0.0000
1.5731
0.0000
0.0000
0.0000
0.0000
0.0000
1.0312
0.0000
0.0000
0.0000
0.0000
0.0000
0.0000
0.0000
0.0000
0.0000
0.0000
1.3458
1.5978
0.0000
0.3112
0.0000
0.0000
0.0000
0.3451
0.0000
0.5213
1.0699
0.0000
0.0000
0.0000
0.0000
0.0000
0.3245
0.0000
0.0000
0.0000
0.0000
1.9297
1.6398
0.0000
0.0000
0.0000
0.3567
0.7395
0.0000
0.0000
0.0000
0.2093
0.0000
0.0000
0.0000
0.0000
0.0000
2.3240
0.0000
0.0000
0.0000
0.0000
0.0000
1.4933
0.0000
0.0000
0.0000
0.0000
0.1113
0.6454
0.0000
0.0000
0.0000
0.0000
0.0000
0.0000
1.8565
0.0000
0.0000
0.0000
0.0000
0.0000
0.0000
0.0000
0.0000
0.1209
0.0000
0.0000
0.0000
0.2320
0.0000
0.0000
0.0000
0.3890
1.8188
0.0000
2.9447
0.0000
0.0000
0.0000
0.0000
0.0000
0.0000
0.0000
0.5334
0.0000
0.0000
0.0000
0.0000
0.0000
0.0000
0.0000
1.0575
1.1757
0.0000
0.0000
0.0000
0.1095
0.2960
0.0000
1.4455
0.0000
0.0000
0.0000
0.0000
0.9480
0.8579
0.0000
0.0000
1.7991
1.5658
1.6734
0.0000
0.0000
1.1116
0.0000
0.0293
0.0000
0.0000
0.9292
0.0000
1.2379
0.0000
0.0000
0.5917
1.7411
0.1225
0.4775
0.0000
2.3175
0.7399
0.0000
0.0000
1.6965
0.0000
0.6115
0.4165
0.0000
0.0000
0.0000
0.0000
0.0000
0.8966
0.0000
0.5842
2.5084
0.6369
0.0000
0.0000
0.0000
2.0147
1.0300
0.0000
0.0000
0.0000
0.0000
0.0000
0.9766
3.9306
0.2102
0.0000
0.0000
0.2826
0.0000
0.2426
1.6007
0.0000
1.7172
0.0051
0.0000
0.0000
0.2500
1.4017
3.4328
0.0000
0.0000
0.0000
0.6321
1.7015
1.5656
0.0000
0.0000
0.0000
0.0000
0.6711
2.9247
0.0000
0.0000
2.7735
0.0000
0.0000
0.0000
0.0000
0.4863
1.6463
0.4175
0.0000
0.0000
0.0000
1.5408
1.2822
0.0000
0.8294
0.0000
0.0000
0.0000
0.0000
2.4605
0.0000
0.7617
0.0000
0.0000
1.5912
0.0000
0.0000
0.0000
0.0000
0.0000
0.0000
3.4745
0.0000
0.0000
0.0000
0.0000
0.0000
0.0000
0.0000
1.1984
0.0000
0.0000
0.0000
0.0000
0.3814
0.0000
0.0000
2.2539
5.0747
0.0000
0.0000
0.0000
0.0000
1.6441
0.0000
0.0000
0.0016
0.0000
0.2491
0.4133
0.0000
0.3578
0.3686
0.0000
0.0000
0.6493
0.0000
0.0000
1.2183
2.1993
0.0000
0.0000
0.0000
0.0000
0.0000
0.0000
0.0000
3.2177
0.0000
0.2162
0.0000
0.0000
0.0000
0.0000
1.1960
0.3240
0.0000
0.7341
0.1694
0.0000
0.0000
0.0000
0.0000
3.5025
0.0000
2.7862
2.2185
0.0000
0.0000
0.0000
0.0000
0.0000
0.0000
0.0000
1.9634
0.0000
0.0000
0.3459
0.0000
1.3079
0.0000
0.0000
0.5006
0.0000
0.0000
2.1414
3.8574
0.5837
0.8096
0.9911
0.0000
2.2259
0.7980
0.0000
0.0000
0.0000
1.3932
0.0000
2.0528
0.2334
0.0000
0.0000
0.0000
0.0000
0.0000
0.0000
0.0000
0.0000
0.0000
0.4451
0.3896
0.0000
0.0000
0.0000
3.9298
0.0000
0.0000
0.0000
0.0000
0.3273
2.8232
0.0000
0.0000
0.0000
0.0000
0.0000
0.0000
1.3948
0.4686
3.7331
0.0000
0.6585
0.0000
0.0000
0.8505
0.0000
2.4089
0.0000
0.0000
0.0000
2.4177
1.1158
0.5227
0.0000
0.0000
0.0133
0.8217
3.6646
0.0000
0.0000
0.0000
0.0000
0.0000
0.0000
0.0000
0.6077
1.6382
0.0000
0.8558
1.8615
1.6987
0.6280
0.0355
0.0000
0.0000
1.8029
0.0000
0.0000
0.0000
0.0000
0.0000
1.1908
1.4662
0.0000
0.0000
2.8378
0.0000
1.0316
0.7358
0.0000
0.0000
0.0000
0.2105
3.2742
0.2808
0.0000
0.0000
0.0000
0.0000
0.9799
2.8116
0.0000
0.0000
0.0823
0.5402
1.2859
0.0000
2.1305
0.0210
0.0000
0.0000
1.1326
1.4978
0.0000
0.0000
0.0000
0.8205
0.0000
2.2572
0.0000
0.0000
0.0000
0.0000
0.0000
0.0000
0.0000
0.0000
1.3434
0.0000
0.0000
0.0000
0.0010
0.4713
0.0000
1.5060
0.0000
0.0000
0.0000
0.0000
0.0000
0.2180
0.0000
0.0000
0.0000
0.8037
0.0000
2.3483
0.0000
0.0000
0.0000
0.2272
0.0000
1.6004
0.0000
0.0000
0.0907
0.0000
0.0000
0.0000
0.7444
0.3237
0.9237
0.0000
0.0000
0.0000
0.0000
0.0000
0.1740
0.6476
0.5743
2.1122
0.0000
0.0000
0.0000
0.0000
0.0000
0.2133
0.0000
0.0000
0.0000
1.0431
0.0000
0.4868
0.0000
3.1582
0.3240
0.0000
0.0000
0.0000
0.0000
0.0000
3.4548
0.0000
0.0000
0.0000
0.0000
0.0000
0.0000
0.2695
0.0000
0.0000
0.0000
0.0000
1.7265
0.0000
0.0000
0.0000
0.7286
0.2056
0.0000
0.0000
0.0000
0.1213
1.7707
0.0000
0.0000
0.0000
0.0000
0.0000
3.3058
0.0000
0.0000
1.8905
0.7799
0.0000
0.4016
0.0000
1.3792
0.0000
0.8642
2.2267
0.0000
0.0000
3.1155
3.1171
0.6194
0.0000
2.5234
0.0000
0.7710
0.0000
0.7730
1.2867
0.0000
0.0000
0.0000
0.0000
1.0168
0.0000
0.1754
0.0000
0.0000
0.0000
0.0000
0.5801
0.0000
0.0000
0.6869
0.0000
0.0000
0.0000
0.2311
0.2720
1.5216
0.0000
0.0000
0.0000
0.0000
0.0000
0.0000
0.0000
0.2505
0.0000
0.0000
0.0000
0.0000
1.0314
0.0000
0.0000
0.0000
0.2990
0.0000
0.1709
0.0000
0.0000
0.0000
0.0000
0.7906
0.0000
0.0000
0.0000
0.0000
0.0000
1.8592
0.0000
0.0000
0.0000
0.0000
1.5041
1.2903
0.4958
0.0000
0.0000
0.5736
1.7237
0.0000
0.0000
0.0000
3.1743
0.6620
0.0000
0.0000
0.0000
0.0000
0.0000
0.1518
0.0000
2.6612
0.0214
0.0000
1.5231
4.4957
0.0000
1.3046
0.0000
0.0000
0.0000
0.0000
3.3153
0.0000
0.0000
0.0000
0.0000
1.4896
0.3492
0.1909
0.0000
0.1947
0.0000
0.0000
0.3858
0.8655
0.0000
0.0000
0.0000
0.0000
0.0000
3.9421
0.0000
1.4632
0.0000
0.2611
2.6717
0.0000
0.5583
0.0000
3.3236
0.0938
0.0000
2.0377
0.0000
0.0000
0.0000
0.6666
0.0000
0.0000
2.0745
0.0000
0.0000
0.0000
0.1593
0.0000
0.0000
1.8473
0.0000
0.0000
0.0000
2.2079
1.8875
0.0000
0.0000
0.0000
0.0000
0.0000
0.0000
0.0000
1.0612
4.2306
0.0000
0.0000
0.3527
0.1993
4.8669
0.3445
1.7246
0.0000
0.9962
0.0000
0.0000
0.0000
0.0000
0.0000
0.0000
0.0000
0.0000
2.6908
1.6059
3.0776
0.1473
0.5999
0.7868
0.0000
0.0000
0.0000
0.0000
0.0000
1.9308
0.0000
0.0000
2.0539
0.0000
0.0000
0.0000
0.6452
0.8980
0.8955
0.0000
0.0000
0.0000
0.7298
0.0000
1.0034
0.6936
0.0000
0.0265
0.0000
1.0165
1.3059
0.0000
0.0000
0.4598
0.0000
0.0000
0.7784
1.3652
0.0000
0.0000
0.0000
0.2075
0.7135
0.0000
0.0000
0.0000
0.0000
0.0000
0.0000
1.2505
2.3498
0.0000
0.0000
0.2647
2.8598
0.0000
0.8307
0.0000
0.0000
0.0000
0.0000
0.1577
0.0000
0.0000
0.5756
0.0000
2.4457
0.0000
0.4376
1.5259
0.4938
1.2011
0.1251
0.5709
0.0000
0.1067
0.0000
1.0530
1.2517
0.5178
1.1479
0.0000
0.0000
0.0000
0.0000
0.0000
0.0000
0.0492
1.6832
0.0000
0.0000
0.0000
0.0000
0.0000
4.2988
0.5155
0.1086
0.0000
0.7209
0.0000
0.0000
0.0000
0.0000
0.7879
0.0000
0.4675
0.3530
0.0000
1.2360
1.4735
0.0000
0.0000
0.3658
1.2490
0.0000
0.0000
0.0000
0.0000
0.1602
0.4841
0.0000
0.0000
0.0000
0.6936
0.0000
0.0000
0.9402
0.7627
0.0602
0.0000
0.0000
1.0050
0.0000
0.0000
0.0000
2.2114
0.1281
0.0000
0.1714
1.1328
0.7364
0.0000
0.0000
1.8242
0.0000
0.0000
0.0000
0.3350
0.0000
0.0000
4.7898
0.3543
0.0000
2.1037
1.0811
0.7045
1.7651
0.0000
1.6459
0.1265
0.0000
0.0000
0.0000
0.0000
0.0000
0.0000
0.0000
2.1977
1.2039
0.0000
0.0000
0.0285
0.0000
0.0000
2.2524
0.0000
0.7094
0.0000
0.0000
1.0983
0.0000
