0.0000
0.0000
0.9368
0.0000
0.0000
0.0000
0.0000
0.0000
0.0000
3.0685
0.0000
0.0000
1.4428
0.0000
0.0000
0.0000
0.0000
0.0000
0.0000
0.0000
0.0000
0.0000
1.8238
2.4942
2.1027
1.7263
0.0000
1.6640
0.0000
0.0000
0.0000
0.0000
2.8090
0.0000
1.8931
0.0000
0.0000
0.3013
1.8770
1.2223
0.0000
0.0000
0.0000
0.0000
0.0000
0.5068
0.0000
0.0000
0.5668
0.6814
0.0000
0.0000
0.0000
0.1706
0.0000
0.0000
0.0000
0.0000
0.0000
0.0000
0.0000
2.3095
0.0000
1.8558
0.0000
0.0000
0.9077
0.0000
0.1620
0.0000
1.3989
2.5756
0.0333
0.0000
0.0000
2.0608
0.0000
0.0000
0.0000
0.1292
0.6769
0.0000
0.0000
1.5071
0.0000
1.1918
0.0747
2.4027
0.0000
0.0000
0.5783
0.0000
0.8458
1.8963
0.0000
0.0000
0.0000
0.0000
2.3390
0.0000
0.0000
0.0000
0.1882
0.0000
1.2360
0.4804
0.7079
0.0000
1.3072
2.9713
0.0000
0.0000
1.4126
0.5541
0.0000
0.0479
1.0202
0.0000
0.0000
0.0000
2.3209
1.3831
1.3350
1.6992
0.0000
0.0000
0.0000
1.0134
0.4906
0.0443
0.0000
0.0000
0.0983
0.0000
2.8095
0.0000
0.9235
2.9675
0.0000
1.7548
2.0673
0.0000
0.5033
2.2668
2.0664
0.0000
0.0544
0.2419
1.3690
0.0000
0.8428
1.5330
0.1715
0.0000
0.0000
0.9762
0.0000
0.5818
0.0874
0.0000
0.5552
0.0000
1.3074
0.0000
0.0000
0.9707
0.0446
0.0000
0.0000
1.9358
0.0000
0.0000
0.0000
0.0000
0.0000
0.0000
0.0000
0.9977
0.0000
3.8986
1.6173
1.9400
0.1075
0.0000
0.0000
0.0000
0.8892
0.0000
2.2851
2.2606
0.0000
0.0000
0.5929
0.3724
1.2606
0.0000
0.0000
0.8079
2.8942
1.3958
0.0000
0.7274
0.0000
0.0000
1.0075
0.0000
0.0000
1.2293
0.6860
0.0000
0.0000
0.0000
0.0000
0.5361
0.0000
0.0000
0.0000
0.0000
0.0000
0.1237
0.0656
0.0000
0.0000
0.0000
1.2877
0.0000
0.0000
0.7400
0.0000
0.0000
1.0777
0.7511
0.0000
0.0000
1.8559
0.0000
1.6443
0.0000
0.6946
0.0000
0.0000
0.0000
0.1495
0.0000
0.0000
0.2516
0.0000
0.0000
0.6393
0.0000
0.0000
0.0000
0.0000
0.0000
0.0000
0.0000
0.0000
0.0000
1.1902
0.0000
0.0000
0.8796
0.0000
0.3370
0.0000
0.0000
1.0140
0.0544
0.0000
1.7607
1.1935
0.1592
0.0000
0.9713
0.0000
0.0000
0.0000
1.4426
0.5244
0.0000
0.8866
0.0000
1.1985
0.0000
0.4874
0.0000
0.0000
0.0000
0.0000
0.0000
0.0000
0.0000
0.0000
0.0000
3.5893
0.0000
0.3291
1.3349
0.0000
2.0832
0.0000
0.0000
0.0000
0.0000
0.3321
0.0000
0.0000
0.0000
0.0000
0.0000
0.0000
0.0000
0.0000
2.0288
1.1059
0.0000
0.0000
0.0000
0.4597
1.7884
0.0000
1.0753
0.0300
0.0000
0.0000
1.0212
1.0557
1.5736
0.0000
2.3506
0.0000
0.0000
0.0000
0.0000
0.0000
1.1636
2.0803
0.0000
0.0000
3.0919
0.0000
0.0000
0.0000
0.2250
0.0000
3.9665
0.0000
0.0000
0.0000
0.0000
0.0000
2.0191
0.0000
0.0000
0.9204
0.5132
0.0000
0.0000
1.7744
0.0000
0.0000
0.0000
0.0000
0.0000
0.0000
1.3106
0.0000
0.6133
0.3877
0.0000
0.0000
1.2725
0.0000
0.0000
1.2618
0.0000
0.0000
1.0839
0.0000
0.0000
3.8622
0.0000
0.7764
0.0000
0.0000
0.0000
0.6402
0.0000
0.0000
0.0000
2.8176
0.0000
0.0000
0.4240
0.5255
2.0217
0.5014
0.0000
0.0000
0.0973
0.0000
0.9360
0.0000
0.0000
0.0000
0.0000
0.0000
0.0000
2.4560
0.0000
0.0000
0.0000
0.0000
0.9948
0.8466
1.0015
0.0000
0.0000
0.8959
0.0000
1.1136
0.0000
0.6699
0.0000
0.0000
0.9592
0.0000
1.1474
0.0000
0.1277
0.0000
0.0000
0.0000
0.0000
0.0000
0.0000
0.5507
0.0000
2.6700
0.0000
1.7825
1.9435
0.4394
0.0000
3.1408
1.4418
1.1414
0.0000
1.5141
2.2585
1.0428
0.0000
0.0000
1.1288
0.0000
0.4375
0.0000
0.8054
0.0478
0.0000
0.0000
0.0000
2.1266
0.0000
0.2534
0.0000
0.0000
0.0000
0.0000
0.0000
0.0000
1.4019
0.0000
0.0000
0.0000
1.8211
1.3632
0.0000
0.1206
0.0000
0.4683
0.0000
0.6313
1.3737
0.0000
0.0000
0.1225
0.8123
0.0000
1.7711
0.0000
0.0000
0.0000
0.0000
0.5341
1.0981
0.0000
0.0000
1.2565
0.0000
0.0000
0.2026
2.6216
0.2544
0.0000
0.0000
0.0898
0.0000
1.5953
0.3707
0.5376
1.9896
0.0000
1.7301
0.0000
0.0000
0.0000
0.7387
3.6785
0.0000
2.8237
2.7055
0.0000
1.8853
1.5888
0.0000
1.4353
0.0000
0.0000
0.0000
0.9680
0.0000
0.4487
0.0000
0.0000
2.6274
0.0000
0.0000
1.3433
0.0000
0.0000
0.0000
0.0000
0.0000
0.0000
0.0000
0.0000
0.0000
0.0000
0.0000
0.0000
2.2349
0.0000
0.0000
0.5747
0.3096
0.0808
0.0000
0.3747
0.0000
0.0000
0.8174
0.1441
0.0000
0.5661
2.0677
0.0000
0.0000
0.9453
0.0000
0.0000
0.0000
0.0000
0.0000
0.0779
0.0000
0.9323
1.2208
0.0000
0.3735
0.0000
0.0000
0.0000
0.0000
0.0000
0.0000
0.0000
1.4219
1.6211
0.0000
0.9336
0.0000
0.0000
0.6358
0.0000
0.0000
0.0000
0.0000
1.1135
1.2096
0.0000
2.6490
0.0000
0.0000
0.8974
1.2012
2.6473
0.0000
0.7773
0.0000
0.3089
0.0000
0.0000
4.0620
0.0000
2.1162
0.8650
0.8879
0.7203
0.0000
0.5390
0.0000
0.3314
0.8235
0.0000
2.7204
0.0000
0.0000
0.0000
0.0000
0.0000
0.0000
0.0000
0.0000
1.5284
2.2573
0.0000
1.1548
0.0000
0.0000
0.0000
0.0000
0.0000
0.0000
0.0308
0.0000
0.0000
0.2315
0.7767
0.0000
0.0708
0.0000
2.5718
0.0000
0.0000
0.0000
0.0000
0.0000
0.0000
0.1748
0.0000
0.4077
0.0000
0.0000
0.0000
0.0000
0.7899
0.0918
0.0000
0.0000
0.4205
0.0000
0.0000
0.0000
0.0000
0.6171
1.7726
0.0000
0.0000
0.0000
0.0000
0.1328
0.0000
0.0000
0.0000
0.5573
0.0000
1.4142
0.0000
2.7525
1.8452
0.0000
2.6444
0.0000
0.0000
0.0000
0.0000
0.0000
0.2774
0.0000
3.4752
0.6982
0.8601
0.7276
0.0000
0.0107
0.0000
0.0000
0.3154
2.2556
0.0000
2.4605
0.0115
0.0000
0.0000
0.0000
0.0000
0.0000
0.0000
0.0000
0.0000
0.0000
0.8576
0.4514
0.0430
0.0000
0.0000
0.0000
1.0104
1.8093
0.0000
0.0000
0.8852
0.0000
0.0000
0.0000
0.0000
0.3792
0.0000
2.3221
1.6814
0.0000
0.0000
1.3219
0.0000
0.4546
0.0000
0.6005
1.6737
0.0000
0.0000
0.2556
0.0000
0.0000
1.0405
0.0000
0.0000
0.0000
0.0000
0.0000
0.5534
0.0000
2.0244
0.0000
0.0000
0.3082
0.0000
0.0993
0.0000
0.0000
1.5583
0.0000
0.0000
0.0000
0.5091
0.0000
0.0000
0.0000
0.0000
0.6361
0.0000
0.0000
0.0000
0.3271
0.0000
0.0000
0.4204
0.8298
0.0000
0.0000
0.0000
0.0000
1.6261
0.6847
0.0000
0.1375
0.0000
0.0000
1.1376
0.2542
0.0000
0.2372
2.7951
0.0000
0.0055
0.0000
0.0000
0.0000
0.0000
0.0000
0.6974
0.0000
0.0000
2.0234
0.0000
0.0000
1.0034
0.0000
0.0000
0.1846
1.7173
0.0000
1.6410
0.0000
0.0000
0.0000
0.0000
0.0000
0.3706
0.0000
2.1014
0.4108
0.0000
0.0000
0.0000
0.0000
1.4237
0.0000
0.0000
0.0000
0.0000
0.0000
0.0000
0.0000
0.0000
0.0000
0.0000
0.0000
0.8938
0.0000
0.0000
0.0000
0.0000
0.0000
0.0000
0.0000
0.0000
0.0000
0.4155
0.6113
0.0000
0.0000
0.0000
1.4480
0.0000
0.0000
1.0057
0.4269
0.0000
0.0000
1.0499
0.0000
1.8059
0.0000
0.0000
0.8232
0.0000
2.0075
0.0000
0.5319
0.0000
0.0000
0.0000
0.0000
0.0000
0.0000
0.0000
0.0000
0.0000
0.0000
0.1867
0.0000
1.5841
0.0000
0.0995
0.0000
0.0000
0.6723
0.0000
0.4537
0.0000
0.0000
0.0000
0.0000
0.0000
0.0000
0.0000
0.0000
0.0000
1.5424
0.0000
0.0000
2.6607
0.0000
0.0000
1.0317
0.0000
0.5373
0.0000
0.0000
0.0000
0.1241
1.6805
0.0000
0.0000
0.4932
1.3792
0.0000
0.0000
0.0000
0.0000
0.2070
0.2558
1.7442
0.2265
0.8277
0.0000
0.1026
0.0000
1.3806
0.0000
0.0000
0.0000
0.4317
1.0680
2.2603
0.0000
0.0000
0.0000
4.2726
0.0000
0.5307
0.0486
0.0000
0.0000
0.0000
2.3514
0.0000
0.0000
2.0308
0.0000
0.0000
0.0000
1.1022
0.1441
0.0000
0.0000
0.9671
0.7452
0.0000
0.0453
0.0132
0.0000
0.0000
0.0000
0.0000
0.7285
0.0000
1.1684
0.0000
0.0000
0.4649
0.0000
0.0000
0.9476
2.5228
0.8360
0.0000
0.0000
0.0000
1.4590
0.0000
0.0000
0.0000
0.2878
0.0000
0.0000
0.0000
0.0000
3.4918
0.8910
0.0000
0.0000
1.1739
0.0000
1.2570
0.0016
0.0000
0.0000
3.5358
0.0000
0.0994
0.0000
3.0939
0.0000
0.0000
0.9214
2.3665
0.0000
1.6694
0.0000
1.0662
0.0000
0.0000
0.0000
0.9143
0.3771
0.0000
0.0000
1.2514
0.1973
0.2560
2.7961
0.8671
1.0468
0.0160
0.0000
0.0000
0.3497
0.0000
0.0000
0.0000
0.0000
0.0000
0.0000
0.0000
0.6342
0.0000
0.0000
0.0000
0.7185
0.0000
0.0000
0.0000
0.0000
0.0000
0.0000
0.0000
0.0000
0.0000
3.7175
0.0000
2.9281
0.0000
0.0000
1.9736
0.0000
0.3267
0.0000
0.8039
0.4480
0.0000
0.0000
0.0000
0.0000
0.0000
0.4475
0.0000
0.0000
0.3520
0.0000
0.0000
0.0000
0.3101
0.0000
0.5427
0.0000
0.5153
0.0000
0.0000
0.1525
0.6476
0.0000
0.0000
1.7000
0.0000
0.0000
0.5791
0.0000
0.8369
0.0000
1.2561
0.0000
0.0000
0.7426
0.0000
0.0000
0.0000
0.0000
0.6920
0.0000
0.0000
1.3813
0.0000
0.6712
0.0000
0.6507
0.0000
0.0000
0.6427
0.0000
0.2201
0.0000
0.0000
1.3027
0.0000
0.7682
0.0000
0.0000
0.0000
0.0000
0.0000
0.0000
0.0000
0.0000
0.0000
0.0000
0.0000
0.0000
0.0000
2.1457
0.0000
0.0000
0.8936
0.0000
0.0561
4.1970
0.0000
0.0000
0.0000
0.4067
1.8723
0.0220
0.0000
0.0000
0.0000
1.5095
0.0000
0.0000
0.0615
0.0000
1.5529
0.0000
0.0000
0.0000
0.0000
1.6574
0.2699
0.0000
0.0000
2.2975
0.6657
0.0000
1.6047
2.3630
0.0000
0.0000
0.4423
0.0000
0.0000
0.0000
0.0000
1.3446
0.0000
0.0000
0.0000
0.0000
0.0000
1.7264
0.0000
1.7334
0.0000
0.0000
0.0000
1.1637
0.0000
0.0000
0.0000
0.0000
0.0000
3.1094
2.8232
0.0000
0.0000
0.0000
0.0000
1.7982
0.0000
0.0000
0.0000
2.5878
0.0000
1.1530
0.0000
1.6783
0.0000
0.0000
0.0000
0.0000
0.0000
0.0000
0.0960
0.5726
4.1397
0.0000
0.7961
0.0000
0.0000
0.0000
0.0000
0.0000
0.0000
0.0000
0.0000
0.0000
0.0000
0.1780
0.0000
0.4288
0.2566
0.0000
0.0000
0.0000
1.1283
0.7463
0.5094
0.0000
0.0000
3.1950
0.0000
0.0000
0.0000
2.8466
0.0000
0.0000
0.0000
0.0000
1.6765
0.8119
0.0000
0.0000
0.0000
0.0000
0.2014
0.0000
0.0000
0.0000
0.0000
0.0000
0.0000
0.0000
1.8365
2.9081
0.0000
0.2862
0.2523
0.0000
0.0000
0.7992
0.9083
0.0000
0.0000
0.8221
0.0000
0.0000
0.0000
1.7244
0.0000
0.0000
0.0000
0.0000
1.2599
0.3560
0.0000
0.0000
1.2430
0.4371
0.0000
0.0000
0.0000
0.0000
0.0000
1.0079
0.0000
0.0000
2.0771
0.0000
0.0000
0.0000
0.0000
0.0000
0.0000
0.0000
0.0000
0.6894
0.0630
0.0000
0.0000
0.0000
0.4153
0.0000
0.6629
0.0000
0.0000
0.9973
0.9779
0.0000
0.0495
0.6128
0.0000
0.0000
0.0000
0.0000
0.4574
1.4330
1.7024
0.0000
0.0511
0.0000
0.0000
0.0000
0.0000
0.0000
0.0000
0.0000
0.0000
0.0000
0.0000
0.0000
0.0000
0.0000
0.0000
0.0000
0.0000
0.1682
0.0000
0.0000
0.7143
0.0000
0.5565
0.0000
0.0000
1.2874
0.9222
0.4260
0.0000
0.0000
0.0000
1.7558
1.6207
0.0000
1.4243
0.0000
0.0000
0.0000
0.0000
0.0000
1.0812
0.4766
0.0000
0.0000
0.0000
1.1049
2.3744
0.5842
0.0000
0.0000
0.5588
0.0000
0.0000
0.5398
0.0000
2.9483
0.0000
0.0000
0.4369
0.6797
1.4071
2.4802
3.2261
0.0154
0.5944
0.0000
0.0000
0.0000
0.1762
0.0442
0.4621
0.0000
0.0000
0.0000
0.0000
1.2378
0.0000
0.0000
0.0000
0.0000
1.8212
1.0840
0.9572
0.0000
0.0000
0.0000
0.0000
0.8452
2.2666
0.0000
3.6069
0.0000
0.0000
0.4279
0.4779
0.0000
0.0000
0.0000
1.7463
0.0000
0.0000
0.4920
0.0000
0.0000
0.0000
0.0000
0.0000
1.0803
0.0000
0.0408
0.2849
0.0000
2.3145
0.0000
0.0000
0.0000
0.0000
0.0000
1.1642
0.0000
0.5554
0.0000
0.0000
0.2029
0.0000
2.6193
2.1912
0.0000
0.0000
0.0000
0.1606
0.0000
0.0000
0.0000
0.0000
0.0000
0.0000
0.0000
0.0000
0.7031
0.0000
2.1948
0.0000
0.0000
0.0000
0.1130
0.0000
0.0000
0.0367
3.5997
2.4818
0.0000
0.2795
0.0000
0.0000
0.0000
0.0000
0.5656
0.9559
0.0000
0.0000
0.7194
0.0713
0.0000
0.0000
0.0000
0.2994
0.0000
0.0114
0.0000
0.0000
0.0000
0.0000
0.0000
0.0000
2.2034
1.8250
2.2441
0.4569
1.0561
0.0000
0.0030
1.6764
0.3461
0.9049
0.0000
0.0000
0.0000
1.7970
0.0000
0.0160
0.9537
0.8253
0.0000
3.5331
0.0000
0.0000
0.0000
0.0000
0.0000
0.5694
2.0113
1.6050
0.0000
0.0000
0.0000
0.0000
0.0000
0.0000
0.0000
0.8566
0.0000
0.0000
0.0000
2.4363
0.0235
0.0000
0.0000
0.0000
0.0000
0.5030
0.0000
0.0000
0.2255
0.9304
0.0000
0.9254
0.0000
0.0000
0.0000
0.5511
0.7658
1.9485
0.0000
0.0000
0.0000
0.2466
0.0000
3.3524
0.9154
0.0000
0.0000
0.0000
0.0000
0.0000
0.0000
0.0000
0.0000
0.0000
0.0000
0.0045
0.0000
0.2386
0.6767
0.5379
0.4484
0.4596
2.9114
0.5203
0.0000
0.0000
0.0000
2.1046
0.5818
0.0000
0.8368
1.9888
0.0000
2.9796
0.0000
0.0000
0.8095
0.0000
0.0000
0.0000
0.0000
0.0000
0.0000
1.8844
0.5779
0.0000
1.6131
0.4495
1.7820
0.0000
2.3545
0.0000
0.0000
0.0000
0.0000
0.0000
0.0000
0.0000
0.0000
1.2955
0.3926
0.0000
0.0000
0.4920
0.0000
0.0000
0.0000
0.0000
0.0000
0.0000
1.0190
0.0000
0.0000
0.0000
1.0205
0.0000
0.0892
1.5071
0.9233
0.0000
0.0000
0.1784
0.0000
0.0000
0.8645
0.8314
1.7620
1.0168
1.7778
0.0000
0.0000
0.0000
2.0343
2.8762
2.0625
0.0000
0.0000
0.0000
0.0000
0.5738
1.2332
0.0000
1.1284
0.0000
2.5134
0.9761
0.0000
0.0000
0.0000
0.0000
0.0000
0.0000
0.3073
0.0636
0.0000
0.0000
0.2357
0.0000
0.0000
0.0000
0.0000
0.0000
0.0000
0.0000
0.2675
0.0000
1.6615
0.0000
0.0000
0.0000
0.0000
2.2262
0.0000
0.2733
0.0000
0.1637
0.0308
2.6502
0.0000
0.0000
0.0000
0.0000
0.0000
1.6852
0.6802
1.9158
0.0000
0.8325
0.0000
0.3992
0.0000
0.5727
0.1203
0.9674
1.1325
0.0000
0.0000
0.0000
0.0000
0.5202
0.0000
0.0000
0.2883
1.5820
0.0000
2.6647
0.0238
0.0940
0.0000
0.0000
0.0000
0.0000
0.0000
1.3938
1.0655
1.6169
3.3768
0.0000
0.0000
0.2585
0.5595
0.0000
0.2671
0.6172
1.0376
0.0000
0.0000
0.0000
0.8920
0.7268
0.0000
0.0000
0.5452
1.4989
0.9457
0.0000
0.0000
0.0000
0.0000
0.0000
1.0411
0.0000
2.4498
0.0000
0.0000
1.5019
1.2943
2.1639
0.0000
0.0000
0.0000
0.9163
0.0000
0.0000
0.0000
0.3219
0.1412
0.0000
2.3726
0.0000
0.9069
0.0000
1.4755
0.2326
0.3522
0.0000
0.0000
0.0000
0.2314
1.1959
0.0000
1.6033
2.0952
0.0000
0.0000
2.8585
0.0000
0.0000
0.0000
0.0000
1.0798
0.0000
0.0000
0.3413
1.7856
0.1399
0.0000
0.0000
0.0000
1.5629
0.0000
0.0000
0.0000
0.0000
3.1628
0.0000
3.5508
0.6509
0.6192
0.0000
0.0000
0.0000
0.0000
0.0000
0.0000
0.0531
0.0000
0.4124
0.0000
0.0000
0.0000
0.0000
0.0265
0.0000
0.0215
0.0000
0.0000
0.0000
0.3924
0.0711
0.0755
1.8558
0.0000
1.1552
0.0000
0.0000
0.0000
0.8026
1.4483
0.0000
0.0000
0.0000
0.0000
1.5437
0.0000
1.3547
0.0000
0.0000
0.0000
0.1805
0.0000
1.3707
0.0000
0.0000
0.2203
0.0000
2.9704
0.0000
1.2650
0.0000
0.0000
0.0000
0.0000
0.0000
0.0000
0.0000
0.0000
0.0000
0.0000
0.7604
0.1476
0.4111
0.0000
0.0000
0.0000
2.3190
0.0000
0.0000
0.0000
0.0000
0.0000
0.0000
1.7752
1.2214
0.0000
0.1294
0.0000
0.8350
0.3509
0.2941
0.1119
0.0000
0.0000
1.3612
0.0000
0.0000
1.7985
0.4053
1.3923
0.5241
0.0000
2.4053
0.0000
0.0000
0.6043
0.0000
5.1742
0.0000
0.0000
0.2592
0.0000
0.0000
0.0000
0.0000
0.9022
0.0000
1.0618
0.0000
0.0000
1.1906
0.0000
0.0000
0.0000
0.0000
0.0000
0.0000
0.0000
1.7049
0.0105
0.0000
1.9297
3.0899
1.2724
0.0000
0.6391
0.0000
0.0000
0.2156
0.0000
0.0000
2.6814
0.0000
0.0000
2.8037
2.1763
0.0000
0.0000
1.7159
0.9282
0.4720
0.0000
0.6858
1.8420
0.0000
0.0000
0.0000
0.0000
0.0000
0.4387
0.0000
0.0000
0.0000
0.0000
1.8633
0.0000
1.1128
0.0000
0.0000
0.0000
0.0000
0.3341
0.0000
0.0000
0.0000
1.9721
1.2577
0.0000
0.8581
0.0000
0.0000
0.0000
1.7905
0.2752
0.0000
0.0000
1.0882
0.3520
3.0313
0.7470
0.1001
0.3461
0.0000
0.0000
0.0000
2.9295
0.5653
0.0000
0.0000
1.2318
1.1467
0.0000
0.0000
0.0000
0.0000
0.0000
0.0000
0.0000
1.2423
0.0000
0.0000
0.0000
1.9719
0.0000
1.1635
0.0000
0.0000
0.0000
0.5188
0.8192
2.8310
0.0000
0.0000
0.0000
0.8746
0.0000
0.0000
1.5114
1.4264
0.0000
0.0000
0.8903
0.0000
0.0000
0.0000
0.0000
0.0000
0.0000
0.0000
3.7853
0.0000
0.2842
0.0000
0.0000
0.0000
0.0000
0.0000
0.5758
0.0000
0.0000
0.0000
0.0000
0.0000
0.0000
0.0000
0.0000
0.0000
0.0000
1.9660
0.0000
1.0219
0.0000
0.0000
0.0000
0.0000
2.3378
0.0000
0.0000
0.0000
0.0000
0.3551
0.0000
0.0000
0.0000
0.0000
0.1965
0.5354
0.0000
0.7874
1.0840
0.4271
0.0251
0.0000
0.0000
0.0000
0.0000
2.1519
0.5122
1.4857
0.0000
1.7833
0.0000
2.6691
0.0000
0.7012
0.0000
0.0487
0.0000
0.9157
0.0000
0.6169
1.3104
0.0000
2.7288
0.0000
1.5598
0.0000
0.6166
1.1114
0.0000
0.0000
0.0000
0.0000
0.0000
0.0000
0.0000
0.0000
0.0000
0.0000
0.0000
0.0000
0.0000
1.6073
1.0225
1.6798
2.0304
0.2352
0.9115
0.0000
0.6743
0.0000
0.0000
0.0000
0.0000
2.0591
1.6502
1.3062
0.8290
0.0000
0.0000
2.3846
0.1332
0.0000
0.0000
0.0000
0.0000
0.0000
0.0000
0.0000
0.0000
0.0000
0.0000
0.0000
1.9900
0.0000
0.0000
0.6593
0.0000
0.0000
0.0000
0.0000
1.0363
0.0000
1.1569
0.3443
0.0000
0.0000
1.6823
0.7333
0.0000
0.0000
0.0000
0.0000
0.3916
0.2392
0.0000
0.0000
0.0000
0.3602
0.0000
0.0000
0.7620
0.0000
0.0000
0.0000
1.9326
0.0096
0.0000
0.0000
1.5866
0.0000
0.4112
0.0000
0.0000
0.0000
0.0000
0.3377
0.0000
2.2155
0.0000
0.0000
0.0000
0.9222
1.0226
0.0000
2.5405
0.0000
0.0000
4.1065
0.0000
0.0000
0.0000
1.4657
0.0000
1.1536
1.0283
0.0000
0.8216
0.0000
0.0000
0.0000
0.0000
0.0000
0.0000
0.0000
1.3549
0.0000
0.6201
0.0000
0.0000
0.0000
0.0000
0.0000
0.5592
0.0000
0.9102
0.0000
0.0000
0.0000
0.0000
0.0000
0.0000
0.0000
0.6164
0.0000
0.0000
1.4784
0.0000
0.0000
0.8023
1.1441
2.0999
0.3238
0.0000
0.0000
0.0000
0.0000
0.0000
0.2615
0.0000
0.9244
0.6133
1.0843
0.0314
0.0000
1.2378
0.0000
0.0000
2.7209
0.1155
0.0000
0.0000
0.0000
0.5548
0.8342
0.0000
0.0000
0.0000
0.0000
0.0000
0.0000
0.5628
0.0000
0.0000
0.3809
2.0180
0.0000
0.0000
1.2571
1.2387
0.0000
0.0000
0.0000
1.0370
1.0233
0.9827
0.0000
1.3028
0.0000
2.1987
3.9969
0.0000
0.0000
2.1576
0.0000
0.9822
0.0000
0.0000
0.0000
0.0000
0.0000
0.0000
0.0000
0.0000
0.0000
0.0000
0.0000
0.0000
0.0000
0.0000
0.0000
1.6228
0.0000
0.0000
1.1677
0.0000
0.0000
2.3489
0.0000
0.0000
1.4537
0.0000
0.0000
1.1556
0.0000
0.0000
0.0000
4.2830
0.0000
1.3713
0.0000
2.4986
0.0000
0.0000
1.1101
0.0000
0.0000
0.0000
0.0000
0.0000
1.9069
0.3520
0.0000
2.0850
0.0000
0.0000
0.0000
0.0000
0.9560
0.0000
0.0000
0.8228
0.0000
0.0000
0.0000
1.0132
0.4286
1.3791
0.9833
0.0000
0.1611
0.7285
0.0000
0.0000
0.6070
0.0000
1.4038
0.0000
0.0000
0.0000
0.0000
0.5388
0.1097
0.0000
3.3109
0.0000
0.0000
3.6149
0.1483
0.0000
0.0000
0.0000
0.0296
0.0000
1.2930
0.0000
0.0000
0.0000
0.0000
0.0000
1.4024
0.0000
0.0000
0.0000
0.0000
0.0000
1.3086
1.5401
0.0000
1.0666
0.0000
0.0000
0.0000
0.0000
0.0000
0.0000
3.7240
0.0000
2.4038
0.0000
1.1824
0.0000
1.9427
1.8518
1.0579
0.0000
0.7794
0.4970
0.5832
0.0000
0.0000
0.0000
1.7955
0.0000
0.0000
3.6891
1.6033
0.0000
0.0000
0.0000
3.9309
0.6123
1.0429
0.0000
0.5102
0.0000
0.0000
0.0000
0.0000
0.0000
0.0000
0.0557
0.1306
0.0000
0.4696
0.0000
0.0000
0.0000
0.6135
1.2160
0.0000
0.1067
0.4555
0.0000
0.8918
0.0000
0.0000
1.3768
0.0000
1.5764
0.0000
0.0000
0.0000
1.3471
0.0000
1.1300
0.0000
0.0000
2.0012
0.0000
0.5786
1.4577
0.0000
0.0000
0.6092
0.0000
0.0000
0.0000
0.0000
0.0000
0.0000
0.2179
0.2874
0.0000
0.0000
0.0000
0.2339
0.0153
0.0000
0.1216
0.0000
0.5251
0.8290
0.0000
0.0000
0.0000
0.0000
0.0000
0.6640
0.0000
0.4000
0.0000
0.0000
0.0000
0.0000
0.0000
0.0000
0.4243
0.1448
0.0000
2.8748
0.0000
0.1360
2.3874
0.0000
0.0000
0.0000
0.0000
2.1287
0.0000
0.0000
0.0000
0.0000
0.0000
0.0000
0.0000
0.0000
1.1384
2.5414
0.0000
0.0000
2.8236
0.0000
1.8210
0.0000
0.0000
0.5961
0.0000
0.0000
0.0000
0.9258
1.7663
0.3793
0.0000
3.8996
0.0000
0.0000
0.0000
0.0000
1.7214
0.0000
3.7063
0.0000
0.0000
0.0000
0.0000
0.0000
1.5224
0.0000
0.0000
0.6008
0.0000
0.0000
0.0464
0.6367
0.0000
0.0000
0.0000
0.5731
0.0000
0.0000
0.0000
1.3117
1.5805
1.4396
0.0000
0.0000
0.7500
0.0000
0.0000
0.0000
1.7245
2.2488
4.0314
0.0000
0.9053
4.2345
0.0000
0.0000
0.0000
0.0000
0.0000
0.4563
1.2936
0.0000
0.0000
2.5620
0.0000
0.0000
0.0000
0.5616
0.5619
1.8060
0.0000
0.6167
0.0000
0.0000
0.0000
1.6871
0.4036
1.0933
0.9307
0.0000
0.0000
0.0000
0.0000
2.3058
0.0000
0.0000
2.0283
0.0000
0.9750
0.0000
0.0000
0.0000
3.8691
0.0000
0.0000
0.0000
0.0000
0.0000
0.0202
0.0000
0.0000
0.0000
2.4989
0.7853
0.0000
0.0000
0.0000
0.0000
0.0000
1.1043
0.0000
0.0000
0.0000
0.0000
0.0000
0.0000
0.0000
0.0000
0.3474
0.0000
1.2355
0.2987
0.0000
0.9033
0.0000
0.0000
0.0000
0.5695
1.7663
2.2215
0.0000
0.3399
0.0000
0.0207
0.0000
0.0000
0.0750
0.0000
0.8044
0.3503
2.1040
0.0000
0.0000
3.7637
0.0000
0.0000
0.5003
0.0000
0.0000
0.0000
0.4249
0.0000
0.0000
0.0000
0.0000
0.7749
1.8938
0.0000
0.0000
0.0000
1.9744
0.0000
2.4932
1.6153
0.0000
0.0000
0.5833
0.0000
1.4493
0.0000
3.5372
0.0000
0.5983
0.5037
0.0000
1.4059
0.0000
1.2056
0.0000
0.0000
0.0000
0.0000
1.9507
0.8692
0.0000
0.0000
0.5681
0.0000
0.0000
0.0000
0.2449
0.0000
0.0000
0.0000
0.0000
0.0000
1.6570
1.9509
0.0000
0.8011
0.0000
0.0000
0.0000
0.0000
0.4911
0.8392
0.0000
0.0000
1.5583
0.3154
1.4597
0.0000
0.0000
0.0224
0.0000
1.5766
1.0172
0.0000
0.0000
0.0000
0.5143
1.3524
0.0000
0.9920
2.3703
0.0969
0.0000
0.0000
0.1721
3.1124
0.0000
0.0000
0.0000
0.0000
0.0000
0.0000
0.2466
0.0000
0.0000
0.0000
0.0000
0.1580
1.4254
1.7448
0.0000
0.0000
1.1207
0.0000
0.0000
0.8879
0.0000
0.0000
0.0000
0.0000
3.4107
1.7165
0.0000
0.0000
1.9344
0.0000
0.0000
1.4935
0.8601
0.0000
0.0000
2.3019
1.5483
0.0000
0.0000
0.0000
0.0000
0.0000
0.1922
0.0000
0.6429
0.0000
0.1881
5.8713
0.0000
1.7765
0.0000
0.4266
0.0000
0.0000
0.0000
0.0000
0.0000
0.0000
0.0000
0.0000
0.0000
0.0000
0.3894
0.7521
0.0000
0.0000
0.0000
0.0000
0.2226
0.5936
0.0000
0.0000
0.0000
2.4493
0.0000
0.0285
0.0000
1.3081
0.0000
0.6923
1.2920
0.0000
0.8554
0.0000
0.0000
0.0000
0.0000
0.0000
0.3099
0.0000
0.0000
0.3791
0.0000
0.0000
0.0000
0.4771
0.0000
1.5452
0.0000
2.3634
0.0000
0.0000
1.8636
0.0000
0.0000
0.2204
0.0000
0.0000
0.0000
0.0799
2.7898
0.8270
0.0000
0.0000
2.1583
0.2672
0.0000
0.0000
0.6301
0.0000
3.5545
0.0000
0.0000
0.0000
0.0000
0.0000
1.1952
0.0000
0.0000
0.0000
0.0000
1.2844
0.0000
0.0000
0.0000
0.0000
0.0000
0.0000
0.0000
0.7238
0.4784
1.1633
0.0000
2.2005
1.6026
0.0000
3.0121
0.0737
0.3973
2.6707
1.0321
0.0000
0.0000
0.4625
0.1438
0.0000
0.0281
0.0000
0.0000
0.0000
0.0000
0.0000
0.0000
0.0000
1.0847
0.0000
3.0840
0.0000
4.8190
0.0000
0.0000
1.4632
0.0000
2.5924
0.0000
0.0000
0.0000
0.0000
1.3585
0.8174
0.0000
1.7973
0.0000
0.0000
1.4581
0.5951
0.0000
1.7953
0.0000
0.0000
2.1746
0.0000
1.6407
0.0000
0.0000
0.0000
0.0000
2.3540
0.0000
0.0000
0.0000
0.0000
0.0000
0.7050
0.0000
0.0000
1.1984
0.5642
0.0000
0.0000
0.0000
0.0000
0.0000
1.1370
0.4090
0.0000
0.0000
0.0000
0.0000
1.9449
0.3353
0.0000
0.0000
0.5026
0.0000
0.6745
0.1390
1.7039
0.0000
0.0000
0.2659
0.4008
0.0000
0.0000
0.0000
1.8938
0.0000
0.0000
1.5994
0.0000
0.0000
1.2680
1.2652
0.0000
0.0000
0.0000
0.7356
0.0000
0.0000
1.0099
0.0000
0.0000
1.0569
0.4363
0.6831
0.0000
0.4091
0.3123
0.2311
0.0000
0.5845
1.0788
0.7760
0.0000
0.0000
0.0000
1.2249
0.0000
0.0000
0.5029
0.0000
0.0928
0.0000
0.0000
0.0000
0.0000
0.5400
0.0720
0.0000
0.0000
0.5568
0.4070
1.8785
0.0000
5.0203
1.0219
0.5595
0.3458
2.7257
0.0000
0.0000
0.0000
0.0000
0.0000
0.0000
0.2640
0.0000
0.2919
0.0000
0.0000
0.0000
0.0000
0.0000
0.0000
0.0000
0.0000
0.0000
1.4273
0.0000
0.0000
0.0000
1.8902
0.0000
0.0000
0.0000
1.4263
0.0000
0.2033
0.0000
0.5848
0.0000
0.0000
0.0000
0.0000
0.0000
0.0000
0.0000
0.0000
0.0255
0.1204
0.0000
0.0000
0.0000
0.0000
0.6741
0.0000
0.0000
1.2504
0.0000
0.0744
0.0000
0.0001
0.0000
0.8796
2.0413
0.0000
0.0000
0.0000
0.0000
0.0000
0.0000
0.0000
1.5017
0.4255
0.0000
2.9255
0.0000
0.0000
1.1871
0.0000
0.0000
0.2397
0.0000
0.0000
1.3542
1.0717
0.0000
0.0000
0.0000
0.0000
1.5781
1.6698
0.0000
0.2051
0.0000
0.4485
0.0000
1.7379
0.6442
1.7100
0.0000
0.0000
0.0000
0.0000
0.0000
0.0000
3.0534
0.0000
0.0000
1.2078
0.0000
0.1194
0.0000
0.0000
0.2973
0.0000
0.0000
0.0000
0.0000
0.0000
0.0000
0.0000
0.0000
0.3698
0.2452
0.0000
0.2761
0.2427
0.3911
1.6055
0.0000
0.0000
0.0000
1.1390
0.4413
0.8647
0.0735
0.7744
0.0488
0.4290
0.0000
0.0961
0.6291
0.0000
0.0000
0.0000
0.0000
1.5401
1.1009
0.0000
0.0000
0.0000
1.0599
0.3577
0.0000
0.0000
0.0000
0.3877
0.0000
0.0000
0.0000
0.0000
0.0000
1.7903
0.0000
0.0000
0.0000
0.0000
0.0000
2.2189
0.9626
0.0000
0.0000
0.0000
0.2949
0.6639
0.0000
0.0000
0.0000
0.0000
0.0000
0.0000
1.2717
0.0000
0.2281
0.0000
0.0000
0.0000
0.0000
0.0000
0.0000
0.0000
0.0000
0.0000
0.0000
0.0000
0.1377
0.0000
0.0000
0.6378
1.8531
0.0000
3.2144
0.0000
0.0000
0.0000
0.0000
0.0000
0.0000
0.0000
0.6669
0.3191
0.0000
0.0064
0.0000
0.0000
0.0000
0.0000
1.0507
0.2371
1.5956
0.1579
0.0000
0.0000
0.6142
0.0000
1.7421
0.0000
0.0000
0.0000
0.0000
1.4585
1.2724
0.0000
0.0000
2.2256
2.0057
2.3256
0.0000
0.0000
0.4744
0.4976
0.3694
0.0000
0.0000
1.8473
0.0000
1.7729
0.0000
0.0000
0.0000
0.9235
0.0000
1.0295
0.0000
2.8310
1.8886
0.0000
0.0000
1.4466
0.0000
0.1108
0.4688
0.0000
0.0000
0.0000
0.0000
0.0000
1.6955
0.0000
0.4486
1.7495
0.9299
0.0000
0.0000
0.0000
2.3951
0.4723
0.0000
0.0000
0.0000
0.0000
0.0000
0.0000
3.4386
1.4796
0.0000
0.0000
0.0000
0.0000
0.3587
1.6554
0.0000
1.7069
0.0000
0.0000
0.0000
0.5677
1.3005
4.2781
0.0000
0.0000
0.0000
0.0000
3.5446
1.6327
0.0000
0.0000
0.0000
0.0000
0.0000
2.6535
0.0000
0.0000
3.8482
0.0000
0.0000
0.0000
0.0000
0.8990
0.4882
0.0385
0.0000
0.0000
0.0000
1.2143
2.0807
0.0000
1.3590
0.0000
0.0000
0.0000
0.0000
2.3732
0.0000
1.2069
0.0000
0.5055
0.8770
0.0000
0.1897
0.0000
0.0000
0.2420
0.3876
4.5297
0.0000
0.0000
0.0000
0.0000
0.0000
0.0000
0.0000
0.4860
1.5722
0.0000
0.0000
0.0000
0.1157
0.0000
0.3169
1.0395
4.8086
0.0000
0.0000
0.0000
0.1106
2.1782
0.0000
0.0000
0.0000
0.0000
0.0000
0.6843
0.0000
0.1596
1.8004
0.0000
0.0000
0.0000
0.0000
0.0000
0.5284
1.2335
0.0000
0.0000
0.0000
0.0000
0.0000
0.3399
0.0000
3.7244
0.0000
0.1648
0.0000
0.0000
0.0000
0.0000
0.0000
0.0000
0.0000
1.6136
0.3891
0.0000
0.0000
0.0000
0.0000
2.6618
0.0000
1.9165
2.8558
0.0000
0.0000
0.0000
0.0000
0.0000
0.0000
0.0000
2.5972
0.2731
0.0000
1.1095
0.0000
0.0000
0.0000
0.0000
0.4982
0.0000
0.0000
2.5218
3.5322
0.3370
0.2019
0.4858
0.0000
1.8758
0.1305
0.0000
0.0260
0.0000
0.0000
0.0000
1.6342
0.0000
0.0000
0.4435
0.1434
0.0000
0.0000
0.3643
0.0000
0.0000
1.3097
0.0000
0.5625
0.0000
0.0000
0.0000
4.1336
0.0000
0.0000
0.0000
0.0000
0.2298
2.1642
0.0000
0.3881
0.0000
0.0000
0.0000
0.0000
2.4735
0.5071
3.3939
0.0000
0.5384
0.0000
0.0130
1.2582
0.0000
2.4015
0.0000
0.5817
0.0000
1.4101
0.9944
0.0000
0.0000
0.0000
0.0632
0.0000
2.9508
0.0000
0.0000
0.0000
0.0000
0.0000
0.0000
0.0000
0.2883
2.8801
0.0000
0.9538
2.2535
2.9772
0.5634
0.0000
0.7281
0.0867
2.0407
0.0000
0.0000
0.0000
0.0000
0.0000
1.2268
1.8139
0.0000
0.0000
3.4555
0.0000
1.2594
0.1341
0.0000
0.0000
0.0000
0.0000
3.5051
1.0516
0.8015
0.0000
0.0000
0.0000
0.8013
4.0012
0.0000
0.0000
0.4141
1.6057
1.6199
0.0000
3.3220
0.0000
0.0000
0.0000
0.4954
3.2804
0.0000
0.0000
0.0000
2.3800
0.0000
2.9064
0.0000
0.0000
0.0952
0.0000
0.2104
0.0000
0.0000
0.0000
1.6146
0.0000
0.0000
0.0000
0.3886
0.2462
0.0000
1.7382
0.0000
0.0000
0.0000
0.0000
0.1076
1.7719
0.0000
0.0000
0.0000
0.7055
0.0000
1.8271
0.0000
0.0000
0.0000
0.0000
0.0000
1.6643
0.0000
0.0000
0.0000
0.0000
0.0000
0.0000
0.7989
0.0000
0.5982
0.0000
0.0000
0.0000
0.0000
0.0000
0.0000
0.1832
0.2029
1.1347
0.0000
0.0000
0.0000
0.0000
0.0000
0.0000
0.0000
0.5070
0.0000
1.1770
0.0000
0.3236
0.0000
2.4066
0.0000
0.0000
0.0000
0.0000
0.0000
0.0000
2.4613
0.0000
0.0000
0.0000
0.0000
0.0000
0.0000
1.6550
0.0000
0.0000
0.0000
0.0000
2.7375
0.0000
0.5699
0.0000
1.4477
0.0000
0.0000
0.0000
0.0000
0.0000
1.2088
0.0000
0.0000
0.0000
0.0000
0.0000
3.2348
0.0000
0.0000
2.3527
0.0000
0.0000
0.1491
0.0000
1.7518
0.0000
0.6456
1.1648
0.0000
0.0000
1.8701
3.8053
0.0308
0.0000
2.0420
0.0000
0.6922
0.4509
0.5579
1.0331
0.0000
0.0000
0.0000
0.0000
2.5583
0.0000
0.0000
0.8030
0.0000
0.0000
0.0000
0.9195
0.0000
0.0000
1.0501
0.0000
0.0000
0.0000
0.0000
0.0000
1.2351
0.0000
0.0000
0.0000
0.0000
0.0000
0.0000
0.0000
1.0715
0.0000
0.0000
0.0000
0.0000
0.1753
0.1873
0.0000
0.0000
0.0000
0.0000
0.0000
0.0000
0.0000
0.0000
0.2057
0.4242
0.4687
0.0000
0.0000
0.0783
0.0000
1.4688
0.0000
0.0000
0.0000
0.0000
1.7446
0.5436
0.0000
0.0000
0.0000
0.3845
2.2576
0.0000
0.0525
0.0000
2.9363
0.6830
0.0000
0.0000
0.0000
0.0000
0.0000
0.9440
0.0000
2.7857
0.5456
0.0000
0.4239
3.5659
0.0000
2.0862
0.0000
0.0000
0.0000
0.0000
2.5938
0.0000
0.0000
0.0000
0.0000
1.4971
0.3918
0.0000
0.3142
0.7894
0.0000
0.0000
0.4505
1.0563
0.0000
0.0000
0.0000
0.0000
0.0000
2.5745
0.0000
1.8625
0.0000
0.0224
2.6630
0.0000
0.7241
0.0000
2.4276
0.0000
0.4645
1.9237
0.0000
0.3082
0.0000
0.6157
0.0000
0.0000
0.9714
0.0000
0.0000
0.0000
0.9626
0.0000
0.0000
2.4505
0.0000
0.0000
0.0000
1.2646
2.8567
0.0000
0.0000
0.0000
0.0000
1.3346
0.0000
0.0000
0.1408
2.4684
0.0000
0.0000
0.3513
0.0000
4.3607
0.0000
2.7692
0.0000
1.2241
0.0000
0.0000
0.0000
0.0000
0.0000
0.0000
0.0000
0.5047
2.2089
2.1800
3.4262
0.1531
0.0000
0.0944
0.0000
0.0000
0.0000
0.0000
0.0000
3.1598
0.0000
0.0000
2.2393
0.0000
0.0000
0.0000
0.5152
1.8294
1.5220
0.0000
0.0000
0.0000
0.4578
0.0000
2.4695
0.5188
0.0000
0.7346
0.8379
1.6470
2.3300
0.3192
0.0000
0.0000
0.0000
0.0000
0.6853
1.4871
0.0000
0.0000
0.0000
0.5578
0.7326
0.4665
0.1956
0.7384
0.0000
0.0000
0.3101
2.3347
2.3053
0.0000
0.0000
0.0000
2.6068
0.0000
0.7309
0.0000
0.0000
0.0000
0.0000
0.2751
0.0000
0.0000
0.3238
0.0000
2.7639
0.1388
0.0000
1.3323
1.3672
0.7749
0.0000
0.9041
0.0000
0.9894
0.0000
0.1107
0.2682
0.1750
0.2373
0.0000
0.0000
0.0000
0.0000
0.0000
0.0000
0.5391
2.2621
0.0000
0.0386
0.0000
0.0000
0.0000
3.6888
0.1686
0.0312
0.0000
0.8945
0.0000
0.0000
0.0000
0.0000
1.6709
0.0000
0.2014
1.6924
0.0000
2.1805
2.0934
0.1977
0.0000
0.0000
1.7739
0.0000
0.0000
0.0000
0.0000
0.1950
0.0181
0.0000
0.0000
0.0000
1.4416
0.0000
0.0000
0.0000
0.0699
0.0000
0.0000
0.0000
1.9327
0.7087
0.0624
0.0000
1.2016
0.0000
0.6642
0.5530
1.0716
1.9861
0.5958
0.0000
1.4543
0.0000
0.0000
0.0000
1.2311
0.0000
0.0000
4.6432
0.1142
0.0000
2.8022
0.3767
1.6225
1.3365
0.0000
1.4878
0.6405
0.0000
0.0000
0.0000
0.0000
0.0000
0.0000
0.0000
2.5319
1.4246
0.0000
0.0000
0.1762
0.0000
0.0000
1.3053
0.0000
0.8097
0.0000
0.0000
0.0000
0.0000
