0.2862
0.0000
1.1375
0.0000
1.1788
0.0000
0.0000
0.0000
0.0000
1.9963
0.9845
0.0000
0.3281
0.0000
0.0000
0.0000
0.0000
0.0000
0.0000
0.0000
0.1747
0.0000
0.9392
1.8392
1.1588
1.9873
0.0000
2.4459
0.0000
0.0000
0.0000
0.0000
1.6975
0.0000
2.1860
0.0000
0.0000
0.0353
2.1726
1.2264
0.0000
0.2497
0.0000
0.0000
0.0000
0.1565
0.0000
0.0000
0.7756
1.0686
0.0000
0.0000
0.0000
0.1830
0.0000
0.0000
0.5190
0.8677
0.0000
0.0000
0.0000
1.1584
0.0000
2.9355
0.0000
0.0000
0.2887
0.0000
0.0000
0.0000
0.0909
3.4459
0.9178
0.0000
0.0000
1.5152
0.0000
0.0000
0.0000
0.2852
0.4327
0.0000
0.0000
0.0000
0.0000
0.0000
0.5214
2.6968
0.0000
0.0000
0.6082
0.0000
1.4427
1.8816
0.0000
0.0000
0.0000
0.0000
0.9631
0.0000
0.0000
0.0000
0.3857
0.0000
1.4228
0.6039
1.2827
0.0000
1.0786
3.2563
0.1166
0.3126
0.7033
0.6140
0.0000
0.0222
0.0690
0.0000
0.0000
0.0000
2.0543
0.4186
1.5067
0.4348
0.0000
0.0000
0.0000
0.0000
0.0000
1.0760
0.0000
0.0000
1.0302
0.0000
2.2929
0.0000
2.1468
2.5641
0.0000
2.2694
1.6694
0.0000
2.2929
0.1853
1.7519
0.0000
0.0000
0.5118
0.5497
0.6662
1.2573
0.9900
1.0494
0.0000
0.0000
0.3250
0.0000
0.6938
1.0176
0.0000
0.3308
0.0000
1.2003
0.0000
0.0000
0.5112
0.0000
0.0000
0.0000
2.4417
0.0000
0.0000
0.0000
0.0000
0.0000
0.0000
0.0000
1.2783
0.0000
4.6949
0.9092
2.5259
0.0000
0.0000
0.0000
0.0000
0.7438
0.9803
2.7286
1.2461
0.0000
0.0000
0.0000
0.0000
0.5123
0.0000
0.0000
0.7507
2.7140
0.9545
0.0000
1.2784
0.0000
0.0000
0.0000
0.0000
0.0000
0.3563
0.1853
0.0000
0.0000
0.0000
0.0000
0.6772
0.0000
0.0000
0.0000
0.0000
0.0000
0.0000
0.1260
0.0000
0.0000
0.0000
1.1658
0.0000
0.0000
1.2507
0.0000
0.3412
0.0000
0.3569
0.0000
0.0000
1.1165
0.1174
2.1963
0.0000
0.1527
0.0000
0.0000
0.0000
0.2008
0.0000
0.0000
0.0000
0.0000
0.0000
0.2885
0.0000
0.0000
0.0000
0.0000
0.0000
0.0000
1.1916
0.0000
0.0000
1.4379
0.0000
0.0000
0.1473
0.0000
0.2636
0.0000
0.0000
1.7860
1.2249
0.0000
0.8364
2.1952
0.0000
0.0000
1.4753
0.0000
0.0000
0.7363
1.8759
0.0000
0.0000
2.2611
0.0000
2.0743
0.1417
0.0000
1.1565
0.0000
0.0000
0.0000
0.0000
0.0000
0.0000
0.0000
0.0000
3.2643
0.0000
0.0000
1.5107
0.0000
3.0012
0.0000
0.0000
0.0000
0.0000
0.5090
0.0000
0.0000
0.0000
0.0000
0.0000
0.0000
0.7413
0.0000
1.6717
1.1042
0.0000
0.0000
0.0000
0.3817
2.0627
0.0000
1.1945
0.4948
0.0000
0.0000
1.8739
0.8096
1.4250
0.0000
2.5190
0.0000
0.0000
0.0000
0.0000
0.0000
2.2488
2.0769
0.0000
0.0000
2.8347
0.0000
0.0000
0.0000
0.0000
0.0000
3.5282
0.0000
0.0000
0.0000
0.0000
0.0000
2.7343
0.8478
0.0000
1.0873
0.2118
0.3329
0.0000
0.2074
0.0000
0.0000
0.0000
0.0000
0.0000
0.0000
0.0000
0.0000
0.0000
0.4974
0.2687
0.0000
0.4118
0.0000
0.0000
0.7991
0.0000
0.0000
1.9590
0.0000
0.0000
3.9046
0.0000
1.1446
0.0000
0.0000
0.0000
0.7895
0.0000
0.0000
0.0000
1.3617
0.0000
0.0000
0.0000
0.0000
1.4732
0.0000
0.0000
0.0000
0.3957
0.0000
2.3507
0.0000
0.0000
0.0000
0.2215
0.0000
0.0000
2.5394
0.0000
0.0000
0.0000
0.0000
2.7780
0.1348
1.4487
0.0000
0.0000
0.6375
0.0000
0.2512
0.0000
0.1183
0.0000
0.0000
0.2034
0.0000
1.1441
0.0000
1.0294
0.0000
0.0000
0.0000
0.6529
0.0000
0.0000
0.2572
0.0000
2.1705
0.0000
2.1901
2.0298
0.5050
0.0000
2.4894
1.6664
0.0215
0.0000
1.4504
1.6349
1.1480
0.0000
0.0000
0.0374
0.0000
1.2198
0.0000
0.5137
0.2600
0.0000
0.5861
0.3294
1.4081
0.0000
1.4951
0.0000
0.0000
0.0000
0.0000
0.0000
0.0000
1.3368
0.0268
0.0000
0.0000
1.2140
2.1281
0.0000
0.1786
0.0000
0.0000
0.0000
1.0413
1.5719
0.1787
0.3654
0.0000
1.5248
0.0000
0.8703
0.0000
0.0000
0.0000
0.0000
1.7729
0.0000
0.0000
0.0000
1.0933
0.0000
0.0000
0.4500
3.1933
0.0000
0.1809
0.0000
0.0000
0.0000
0.0000
1.4543
0.0000
1.9908
0.0000
0.9920
0.0699
0.4591
0.0000
0.0000
5.0762
0.0000
2.5760
1.9288
0.0000
1.5471
1.5901
0.0000
0.5482
0.0000
0.0000
0.0000
1.2763
1.1346
1.0477
0.0000
0.0000
2.9507
0.0000
0.0000
0.4928
0.0000
0.0000
0.8512
0.0000
0.0000
0.0000
0.0000
0.0000
0.0916
0.0000
0.0000
0.0000
1.9937
0.0000
0.0000
0.0865
0.0000
0.0000
0.0000
0.0000
0.0000
0.1251
0.5691
0.0000
0.0000
0.3087
1.5664
0.0000
0.0000
0.1919
0.0000
0.0000
0.0000
0.0000
0.0000
0.2093
0.0000
0.7934
2.0421
0.0000
0.0977
0.0841
0.0000
0.0000
0.0000
0.0000
0.0000
0.0066
0.6420
2.6078
0.2880
0.0000
0.0000
0.0000
0.0000
0.0000
0.0000
0.0000
0.0000
1.5817
0.1613
0.0000
2.3231
0.0000
0.0000
0.0000
0.1734
2.8613
0.0000
1.3716
0.0000
0.2405
0.0000
0.0000
4.7381
0.0000
2.6085
0.9615
0.4009
0.8193
0.0000
0.9671
0.0000
0.2542
0.0000
0.0000
0.9836
0.0000
1.4401
0.0000
0.0000
0.0000
0.0000
0.0000
0.7224
1.1700
1.3291
0.0000
1.2989
0.0000
0.0000
0.4013
0.6903
0.0000
0.0000
0.0000
0.0000
0.0000
0.0000
1.6332
0.0000
0.0000
0.0000
1.6907
0.0000
0.0000
0.0000
0.0000
0.0000
0.0000
1.0641
0.0000
0.6984
1.2620
0.0000
0.0000
0.0000
0.0840
0.0000
0.0000
0.0000
0.2118
0.0000
0.0000
0.0000
0.0000
0.1171
0.0000
0.0000
0.0000
0.0000
0.0000
1.0370
0.0000
0.0000
0.0000
0.0000
0.0000
0.6822
0.0000
2.1358
0.5073
0.0000
2.5465
0.0000
0.0000
0.0000
0.0000
0.0000
0.5149
0.0000
1.4690
0.0000
0.0346
0.9529
0.0000
0.7260
0.0000
0.0000
0.0000
1.5306
0.0000
1.8213
0.3116
0.0000
0.0000
0.0000
0.0000
0.0000
0.0000
0.0000
0.0000
0.0000
0.5200
0.3219
0.0000
0.0000
0.0000
0.0000
0.1914
0.1140
0.0000
0.0000
0.0000
0.5495
0.0000
0.0000
0.0000
1.5655
0.0000
3.8681
0.6598
0.0000
0.0000
1.3796
0.0000
0.0000
0.9513
0.1729
1.3743
0.0000
0.0000
0.3098
0.0000
0.0000
0.2937
0.0000
0.0000
0.0000
0.0000
0.0000
0.1268
0.0000
0.9929
0.0261
0.0000
2.0412
0.0000
0.2058
0.0000
0.0000
0.6353
0.0000
0.0000
0.0000
0.0000
0.0000
0.0000
0.0000
0.8679
0.0422
0.0394
0.0000
0.0000
0.0000
0.0000
0.0000
0.0522
0.0056
0.0000
0.0000
0.0622
0.0000
2.3414
0.0000
0.0000
0.0000
0.0000
0.0000
0.5490
0.0000
0.0000
0.0910
1.4742
0.0000
0.0000
0.0000
0.0000
0.0000
0.0000
0.0000
1.0682
0.0000
0.0000
0.9708
0.0000
0.0000
1.4546
0.0000
0.0000
0.8261
1.5752
0.0000
0.6797
0.0000
0.0000
0.0000
0.0000
0.0000
0.7078
0.0000
1.3036
0.4899
0.0000
0.0000
0.0000
0.1925
1.3932
0.0000
0.0000
0.0000
0.0000
0.0000
0.0000
0.1466
0.0000
0.0000
0.0000
0.0000
1.3606
0.0000
0.0000
0.8766
0.0000
0.0000
0.0000
0.0000
0.0000
0.0000
0.0000
0.2725
1.1260
0.0000
0.0000
0.7218
0.2264
0.0000
0.9860
0.8867
0.0000
0.0000
0.0000
0.0000
1.8632
0.0000
0.0000
0.7644
0.0000
2.8504
0.0000
0.1324
0.0000
0.0000
0.0000
0.0000
0.0000
0.0000
0.0000
0.0000
0.0000
0.0000
0.2973
0.0000
1.2343
0.0000
0.2285
0.0000
0.0000
2.3807
0.0726
0.0000
0.0000
0.0000
0.0000
0.0000
0.0000
0.0000
0.0000
0.0000
0.0000
0.8188
0.0000
0.0000
2.5973
0.0000
0.0000
0.6138
0.0000
0.1395
0.0000
0.0000
0.0000
0.0000
1.0896
0.0000
0.0000
1.5685
0.4365
0.3705
0.0000
0.0000
0.0000
0.0000
0.5940
1.6100
0.3649
1.4634
0.0000
0.0000
0.0000
0.0000
0.3785
0.0000
0.0000
0.0849
0.9856
1.8238
0.0000
0.0000
0.0000
3.2655
0.0000
0.2558
0.0000
0.0000
0.0000
0.0000
1.9205
0.0000
0.0000
1.4700
0.0000
0.2150
0.2187
1.9253
0.0000
0.0000
0.0000
1.1864
1.1467
0.0000
0.4534
0.1525
0.0000
0.0000
0.0000
0.0000
1.6823
0.0000
0.1514
0.0000
0.0541
0.3717
0.0000
0.0000
1.6759
1.3787
2.1721
0.0000
0.0000
0.0000
0.7025
0.0000
0.0000
0.0000
0.0000
0.0000
0.0000
0.0000
0.0000
3.3417
0.0000
0.0000
0.0000
0.0000
0.0000
1.9224
0.0000
0.0000
0.0000
2.6893
0.0000
1.2613
0.0000
2.6277
0.0000
0.0000
0.9613
2.7619
0.0000
0.9689
0.0000
1.6178
0.0000
0.0000
0.4786
0.0865
0.9898
0.0000
0.0000
0.6458
0.0000
0.0000
1.4684
1.0133
1.0752
0.0000
2.5328
0.0000
1.3663
0.0000
0.2255
0.7142
0.0000
0.0000
0.0000
0.0000
1.2822
0.0000
0.0000
0.0000
0.0000
0.0000
0.0000
0.0000
0.0000
0.0000
0.0000
0.0000
0.0000
0.0000
3.6920
0.0000
2.0734
0.0000
0.0000
1.7658
0.5945
0.3941
0.0000
0.1505
0.1786
0.0000
0.0000
0.3213
0.0000
0.0000
0.0365
0.0000
0.0000
0.8682
0.0000
0.0000
0.0000
0.0000
0.0000
0.0000
0.0000
0.8010
0.0000
0.0000
0.5856
0.8083
0.0000
0.0000
1.6874
0.0000
0.0000
0.0134
0.0000
0.9560
0.0000
0.9208
0.3035
0.0000
1.0490
0.0000
0.0000
0.0000
0.0000
0.7171
0.0000
0.0000
1.4873
0.0000
0.7961
0.0000
0.0000
0.0000
0.0000
0.0000
0.0000
0.5521
0.0000
0.0000
0.0000
0.0000
0.6289
0.0000
0.0000
0.0000
0.0000
0.0528
0.0000
0.2450
0.0000
0.0000
0.0000
0.0000
0.0000
0.0000
2.3311
0.0000
0.0000
1.2514
0.0000
0.1382
3.0827
0.0000
0.0000
0.3547
0.0000
1.8030
1.1181
0.0000
0.0000
0.0139
0.3993
0.0000
0.0000
0.0000
0.0000
0.5257
0.0000
0.0000
0.0000
0.0000
1.4441
0.4587
0.3338
0.0000
3.2545
0.0000
0.0000
1.8952
2.8709
0.0000
0.0000
0.8299
0.0000
0.0000
0.0000
0.4223
0.0000
0.0000
0.0000
0.2818
0.0000
0.0000
2.3696
0.0000
0.8711
0.8960
0.0000
0.0000
1.2502
0.0000
0.0000
0.0000
0.0000
0.0000
1.8456
2.5502
0.0000
0.0000
0.5073
0.0000
1.8079
0.0000
0.0000
0.6035
3.5214
0.8069
1.2659
0.0000
1.0015
0.0000
0.0000
0.0000
0.2572
0.0000
0.0000
0.0000
0.0000
3.7867
0.0000
0.8875
0.0000
0.0000
0.0000
0.0000
0.0000
0.0000
0.0000
0.0000
0.0000
0.0000
0.1799
0.0000
0.0000
0.0000
0.0000
0.0000
0.0000
0.0000
1.0399
0.2411
0.0000
0.0000
3.1969
0.0000
0.0000
0.0000
3.0175
0.0000
0.0000
0.0000
0.0000
1.7110
0.5713
0.0000
0.0000
0.0000
0.0000
0.7521
0.0000
0.0000
0.0000
0.0000
0.0000
0.0000
0.0000
0.0278
3.2775
0.0000
1.0816
0.0000
0.8968
0.0000
0.1312
1.5559
0.0000
0.0000
0.0000
0.0000
0.0000
0.0000
0.8244
0.0000
0.0000
0.0000
0.0000
1.0283
1.6991
0.0000
0.0000
0.0000
1.1501
0.0000
0.0000
0.0000
0.4673
0.0000
1.8974
0.0000
0.0000
0.7285
0.0000
0.0000
0.0000
0.0000
0.0000
0.0000
0.3022
0.6981
0.0000
1.0589
0.0000
0.0000
0.0000
0.0000
0.0000
1.1089
0.0000
0.0000
0.3725
0.2381
0.0000
0.6865
0.3724
0.0000
0.0000
0.0000
0.0000
0.5354
1.3503
1.5081
0.0000
0.9338
0.0000
0.0103
0.0000
0.0000
0.2463
0.0000
0.0000
0.0000
0.0000
0.0000
0.0000
0.0000
0.0000
0.0000
0.0000
0.0963
0.4347
0.0000
0.0000
0.3044
0.0000
0.7549
0.0000
0.0000
1.4761
0.0282
0.0000
0.0000
0.0000
0.0000
1.7571
1.8303
0.0000
2.8069
0.0000
0.0000
0.0000
0.0000
0.0000
0.0000
0.6812
0.0000
0.0000
0.0000
1.1514
3.4228
0.3516
0.0000
0.0000
0.4089
0.0000
0.0000
0.1965
0.0000
3.5127
0.1184
0.0000
0.3648
0.7907
1.3319
0.0000
4.3130
0.6878
0.2131
0.0000
0.0000
0.0258
0.5388
0.1489
0.0000
0.0000
0.1613
0.0000
0.0721
1.2220
0.1716
0.0000
0.0000
0.0000
1.5614
0.0000
1.7142
0.0000
0.7733
0.0000
0.0000
1.2988
1.2386
0.0000
3.4750
0.0000
0.0000
0.6081
1.9155
0.0000
0.0000
0.0000
1.5144
0.0000
0.0000
1.0792
0.0000
0.0000
0.6242
0.0000
0.0000
0.8652
0.0000
0.4893
1.4587
0.0000
1.5736
0.0000
0.0000
0.0000
0.0000
0.0000
0.5188
0.0000
1.3366
0.0000
0.0000
0.3850
0.0000
1.4911
2.5010
0.0000
0.0000
0.0000
0.0000
0.0000
0.0000
0.0000
0.0000
0.0000
0.0000
0.0000
0.0000
1.4347
0.0000
1.3674
0.0000
0.0000
0.0000
0.0000
0.2275
0.0000
0.3446
3.3723
2.1269
0.0000
0.7790
0.0000
0.0000
0.0000
0.8004
0.0000
1.4202
0.0000
0.0000
0.2641
0.0000
0.0000
0.0000
0.4257
0.7893
0.0000
0.7700
0.0000
0.0000
0.0000
0.3932
0.0000
0.0000
3.5612
1.0894
1.7623
0.8220
0.0000
0.0000
0.0000
1.7477
0.7024
0.0150
0.0000
0.0000
0.0000
1.9577
0.0000
0.0000
0.0000
0.5626
0.0000
1.4976
0.0000
0.0000
0.0000
0.0000
0.0000
1.0272
1.7366
0.5846
0.1217
0.0000
0.0000
0.0000
0.0000
0.0000
0.0000
0.8867
0.0000
0.0000
0.0000
2.1765
0.1451
0.0000
0.0000
0.0000
0.9617
0.0000
0.0000
0.0000
0.8438
1.9754
0.0000
1.7129
0.0000
0.0000
0.0000
0.6151
0.7714
2.2499
0.0000
0.0000
0.0000
0.6279
0.0000
2.9366
1.1614
0.4160
0.7128
0.1442
0.0000
0.0000
0.0000
0.0000
0.0000
0.0000
0.2620
0.0000
0.0000
1.5590
0.2296
0.0000
0.6062
1.0534
1.1804
0.2383
0.0000
0.2531
0.0000
1.7707
0.0000
0.0000
0.6363
1.4309
0.0000
2.1428
0.0000
0.0000
0.1325
0.0000
0.0000
0.0000
0.0000
0.0000
0.0000
1.2664
0.0000
0.0000
1.3833
1.1762
1.6094
0.0000
2.4697
0.0000
0.0000
0.0000
0.2432
0.5798
0.0000
0.0000
0.0000
0.6772
1.1517
0.0000
0.0000
0.8848
0.0000
0.0000
0.3547
0.8215
0.0000
0.0000
0.3918
0.0000
0.0000
0.0000
1.2703
0.0000
0.5606
0.0000
0.3419
0.0000
0.0000
1.1462
0.3236
0.0000
1.1062
0.0000
0.9370
0.9859
1.4421
0.0000
0.0000
0.0000
1.0107
1.7584
0.0000
0.0000
0.0000
0.0000
0.3815
0.0000
0.8820
0.0000
1.5298
0.0000
1.3714
1.4975
0.0000
0.0000
0.0000
0.0000
0.0000
0.0000
0.1021
0.3595
0.0000
0.0000
1.3899
0.0000
0.0000
0.0000
0.0000
0.0000
0.0000
0.0000
0.2575
0.0000
2.0047
0.0000
0.0000
0.0000
0.0000
0.8704
0.5140
0.5056
0.0000
1.1298
0.0000
2.1439
0.0000
0.0000
0.0000
0.0000
0.0000
1.4513
0.9073
0.6467
0.1744
0.9628
0.0000
0.7631
0.0000
1.7816
0.3842
0.0000
1.0647
0.0000
0.0000
0.0000
0.0000
0.0081
0.0000
0.0000
0.5577
1.5688
0.9108
2.9451
0.0000
0.8072
0.0000
0.0000
0.0000
0.0000
0.0000
3.1433
0.6768
0.0877
2.4276
0.0000
0.0000
0.0496
1.1257
0.0000
0.0000
0.7986
1.3585
0.0000
0.0000
0.0000
1.7493
1.0591
0.0000
0.0342
0.8132
2.4033
1.4148
0.0000
0.0000
0.0000
0.0000
0.0000
1.2695
0.4455
2.9060
0.0000
0.0000
1.8845
0.6094
2.4333
0.0000
0.0000
0.0000
0.4377
0.3355
0.0000
0.0000
0.4075
0.2679
0.0000
2.3671
0.0000
0.2192
0.0000
1.4126
0.0000
0.0000
0.0000
0.0000
0.0000
0.6889
1.5278
0.0000
1.0897
1.7339
0.0000
0.0000
3.9053
0.0000
0.0000
1.1921
0.0000
0.0545
0.0000
0.0000
1.5475
0.3680
0.0000
0.0000
0.3253
0.0000
2.2920
0.0000
0.0000
0.0000
0.0000
2.0909
0.0000
3.3593
0.0000
0.2419
0.0000
0.0000
0.0000
0.0000
0.0000
0.0000
0.7359
0.0000
0.5642
0.0000
0.0000
0.0000
0.0000
0.0000
0.8275
0.1226
0.0000
0.0000
0.0000
1.2412
0.3089
0.0034
0.6097
0.0000
1.7761
0.0000
0.0000
0.0000
0.3381
0.7553
0.0000
0.0000
0.0000
0.0000
0.5791
0.0000
1.6021
0.0000
0.0000
0.0000
0.5532
0.0000
0.7197
0.0034
0.0000
0.1632
0.0000
1.5973
0.0000
1.6908
0.0000
0.3094
0.0000
0.0000
0.0000
0.0000
0.6029
0.0000
0.0000
0.0000
2.5157
0.0000
0.2031
0.0000
0.0000
0.0000
0.6005
0.0000
0.0000
0.0000
0.0000
0.0000
0.0000
2.0421
1.1916
0.0000
0.2822
0.0000
1.8040
0.0000
0.8703
0.1329
0.3686
0.0000
1.6186
0.0000
0.0000
1.0215
0.0000
2.3338
0.9719
0.0000
0.7754
0.0000
0.0000
1.9002
0.0000
3.1179
0.0000
0.0000
1.1911
0.0000
0.0000
0.0000
0.0000
0.4202
0.0000
1.1386
0.0000
0.0000
1.6642
0.0000
0.0000
0.0000
0.0000
0.0000
0.0000
0.0000
1.0427
1.9531
0.0000
2.3122
2.2014
2.1246
0.0000
1.1079
0.0000
0.0000
0.2053
0.0000
0.0000
2.0646
0.0000
0.0000
2.2118
2.1886
0.0000
0.0000
0.2881
1.5899
0.1987
0.0000
0.6685
2.0649
0.0000
0.0000
0.0000
0.0000
0.0112
0.6580
0.0000
0.0000
0.0000
0.0000
1.0593
0.0000
0.7107
0.0000
0.0000
0.0000
0.4977
0.3576
0.0000
0.0000
0.0000
2.2030
1.4991
0.0000
0.0000
0.0000
0.0000
0.0000
2.3029
1.3170
0.0000
0.0000
0.0000
0.1664
2.1383
1.9490
0.2200
0.0000
0.0000
0.0000
0.0000
2.5862
0.0000
0.0000
0.0000
0.8092
1.5276
0.0000
0.0000
0.0000
0.0925
0.0000
0.0000
0.0000
0.0000
0.0000
0.0000
0.0000
2.0281
0.4089
0.7825
0.0000
0.0000
0.0000
0.2340
0.3938
1.8995
0.3459
0.0000
0.0000
1.2816
0.0000
0.7240
0.6920
0.0000
0.0000
0.0000
0.0405
0.0000
0.0000
0.0000
0.0000
0.0000
0.0000
0.7647
3.3008
0.0000
0.5574
0.0000
0.0000
0.0000
0.0000
0.0000
0.6264
0.0000
0.0000
0.0000
0.0000
0.0000
0.0000
0.0000
0.0000
0.0000
0.0000
1.2275
0.0000
1.1164
0.0000
0.2714
0.0000
0.0000
1.8921
0.0000
0.0000
0.0000
0.0000
0.3937
0.0000
0.0000
0.0000
0.0000
0.0000
0.3534
0.0000
1.3333
0.0000
0.0564
0.0000
0.0000
0.0000
0.0000
0.0000
0.0372
0.6254
1.1652
0.0000
2.2826
0.0000
2.7548
0.0000
0.8780
0.1310
0.0000
0.0000
1.3732
0.0000
0.5973
2.1197
0.0000
2.7442
0.0000
1.3219
0.0000
0.0000
2.4617
0.0000
0.0000
0.0000
0.0000
0.0000
0.0000
0.0000
0.0000
0.0000
0.0000
0.0000
0.0000
0.0000
0.9586
1.2327
1.9050
2.5053
0.0000
1.6789
0.1606
1.2846
0.0000
0.0000
0.0000
0.0040
1.5367
0.9604
2.0001
0.0000
0.0000
0.0000
2.2788
0.0626
0.0000
0.0000
0.0000
0.0000
0.0000
0.0000
0.0000
0.0000
0.3015
0.0000
0.0000
0.9421
0.1693
0.0000
0.1982
0.0000
0.0000
0.3165
0.0000
0.1402
0.0000
0.5236
0.0000
0.0000
0.2392
2.7417
1.5385
0.0000
0.0000
0.0000
0.3118
0.0714
0.0000
0.0000
0.0000
0.0000
0.0000
0.0000
0.0000
0.5391
0.9525
0.0481
0.0000
1.3998
1.4706
0.1973
0.0000
0.0000
0.5296
1.9096
0.0000
0.0000
0.0000
0.1994
1.0595
0.0000
0.9494
0.0000
0.0000
0.0000
0.4174
0.3968
0.0000
2.1500
1.3002
0.0000
3.2138
0.0000
0.0000
0.0000
1.1381
0.0000
1.6160
2.1966
0.0000
0.2644
0.0258
0.0000
0.0000
0.0000
0.0000
0.0000
0.0000
0.1043
0.0000
1.1279
0.0000
0.0000
0.0000
0.0000
0.0000
0.1229
0.0000
0.5772
0.0000
0.8276
0.0000
0.0000
0.0000
0.0000
0.0000
1.3761
0.0000
0.0000
1.1264
0.0000
0.0000
1.7443
0.7997
1.8919
0.0000
0.0000
0.0000
0.0000
0.0000
0.1045
0.1055
0.0000
0.0000
0.1502
0.5822
0.0000
0.0000
1.8319
0.0000
0.0000
2.5713
0.0000
0.0000
0.0000
0.0000
0.3244
1.1655
0.0000
0.0136
0.0000
0.0000
0.0000
0.0330
0.4734
0.7923
0.0000
0.9888
1.6249
0.0000
0.0000
1.5011
0.4667
0.0000
0.0000
0.0000
1.5229
1.4133
0.0152
0.0000
1.5376
0.0000
2.5200
4.7323
0.0000
0.0000
0.8326
0.0000
0.0000
0.0000
0.0000
0.0000
0.0000
0.0000
0.0000
0.2302
0.0000
0.0000
0.0000
0.0000
0.0000
0.0965
0.4308
0.0000
1.3705
0.0000
0.0000
1.4846
0.2796
0.0000
2.4788
0.0000
0.0000
0.9556
0.0000
0.0000
1.3128
0.4124
0.0000
0.0000
2.3224
0.0000
0.0000
0.0000
1.1067
0.0000
0.0000
1.6586
0.0000
0.0000
0.0000
0.0000
0.0000
1.9093
0.0000
0.0000
2.1783
0.0920
0.3866
0.0000
0.7384
0.7829
0.0000
0.0000
2.0036
0.5554
0.3076
0.0000
0.0000
0.1422
0.7579
0.8567
0.0000
0.3208
0.8744
0.0000
0.0000
0.0000
0.0000
0.1946
0.0000
0.0000
0.0000
0.0000
0.4261
0.2964
0.0000
3.0542
0.0000
0.0000
2.4742
0.3415
0.0000
0.0000
0.0000
0.0406
0.0000
1.2908
0.0000
0.0000
0.1292
0.0000
0.0000
1.1435
0.0000
0.0000
0.0000
0.0000
0.0000
0.2999
0.9564
0.0000
1.8447
0.0000
0.0000
0.0000
0.0000
0.0000
0.2986
3.2629
0.0000
1.5007
0.0000
0.0000
0.0000
0.8702
0.9536
0.0000
0.0000
0.6861
1.5073
0.0000
0.0000
0.0000
0.0000
1.6987
0.0000
0.0000
3.7473
0.4096
0.0000
0.0000
0.0000
3.2474
1.9269
0.5601
0.0000
0.9564
0.0000
0.0000
0.0000
0.0000
0.0000
0.0000
0.0000
0.0000
0.0000
0.0000
0.0000
0.0000
0.0000
0.9857
0.0408
0.0000
0.0000
0.0005
0.0000
1.2669
0.0000
0.0000
1.7376
0.0000
0.7479
0.8762
0.0000
0.0000
1.1894
0.0000
0.8635
0.0000
0.0000
2.9398
0.2324
0.0000
2.6525
0.0000
0.0000
0.0000
0.0000
0.0000
0.0000
0.0000
0.6867
0.0000
1.2691
1.1979
0.0000
0.0000
0.0000
0.6465
0.0164
0.0000
0.0000
0.0000
0.0000
0.4489
0.0969
0.0000
0.0000
0.0000
0.0000
1.0129
0.0000
0.3982
0.0000
0.0000
0.0000
0.0000
0.7514
0.0000
0.0000
0.0000
0.0000
1.9457
0.0000
0.0000
1.1676
0.0000
0.0000
0.0000
0.5218
1.9720
0.0000
0.0000
0.0000
0.0000
0.0000
0.0000
0.5488
0.5902
0.0000
1.5944
0.0000
0.0000
2.0773
0.0000
1.9342
0.1191
0.0000
0.0000
0.0000
0.1540
0.0000
0.7842
1.1628
0.5433
0.0000
2.2568
0.3725
0.0000
0.2909
0.0000
2.4098
0.0000
2.6124
0.0000
0.0000
0.0000
0.0000
0.0000
2.2748
0.0000
0.0000
0.8482
0.0000
0.0000
0.0993
1.7009
0.0000
0.0000
0.0000
2.0391
0.0000
0.0000
0.0000
1.0652
2.1599
0.1546
0.0000
0.0000
0.6950
0.0000
0.0000
0.0000
2.4787
1.5312
4.5077
0.0000
2.6790
4.0139
0.0000
0.0000
0.0000
0.0000
0.0000
0.0000
0.0000
0.0000
0.9483
2.5407
0.0000
0.0000
0.0000
0.7745
0.0000
1.2873
0.0000
1.2584
0.0000
0.0000
0.0000
1.2364
0.5313
0.8019
1.0845
0.0000
0.0000
0.8584
0.0000
2.5451
0.0000
0.0000
2.8944
0.0000
1.2711
0.0000
0.0000
0.0000
3.7009
0.0000
0.4345
0.0000
0.0000
0.5456
0.4881
0.0000
0.0000
0.0000
2.2210
0.7652
0.0000
0.0000
0.0000
0.0000
0.0000
1.4456
0.0000
0.0000
0.0000
0.0000
0.0000
0.0000
0.0000
0.0000
0.0000
0.3608
0.7107
0.5290
0.0000
1.5988
0.0000
0.0000
0.0000
1.5065
1.2359
2.2546
0.0000
0.0000
0.0000
0.0000
0.0000
0.0000
0.4730
0.0000
0.6217
0.0000
1.4438
0.0000
0.0000
3.6105
0.0219
0.0000
0.0000
0.0000
0.0000
0.1758
0.4197
0.0000
0.0000
0.0000
0.2281
0.8980
1.6065
0.0000
0.0000
0.0000
1.8130
0.0000
1.0931
3.1061
0.0000
0.0000
0.2824
0.0000
0.0000
0.0000
2.9348
0.0000
0.0000
0.0000
0.0000
0.3606
0.0000
0.9437
0.0000
0.0000
0.0000
0.0000
2.3729
1.0172
0.0000
0.0000
1.9909
0.0000
0.0000
0.0000
0.6057
0.0000
0.6879
0.0000
0.0000
0.0000
0.7417
0.0000
0.0711
1.1020
0.0000
0.1416
0.0000
0.0000
0.7692
0.8331
0.3897
0.0000
1.7357
1.9014
0.7224
0.0000
0.0000
0.0000
0.0000
1.1959
1.0375
0.0000
0.0000
0.0000
0.4442
1.4822
0.0000
1.2418
3.0271
0.0000
0.0000
0.0000
0.2304
3.0404
0.0000
0.0000
0.0000
0.0000
0.0000
0.0000
0.0000
0.0000
0.1241
0.0000
0.0000
0.7062
1.6006
1.8557
0.0000
0.0000
0.7002
0.0000
0.0000
1.7234
0.0000
0.0000
0.0000
0.0000
3.7083
1.2600
0.0000
0.0000
2.1334
0.0000
0.0000
1.1915
1.8037
0.6753
0.0000
1.7253
1.0367
0.0000
0.0000
0.0000
0.0000
0.0000
0.0000
0.4661
0.5710
0.0000
0.7528
6.2356
1.4598
2.2073
0.0000
0.0000
0.0000
0.0000
0.0000
0.0000
0.0000
0.0000
0.0000
0.0000
0.0000
0.4375
0.0000
0.6931
0.0000
0.0000
0.0000
0.0000
0.0000
1.4256
0.0000
0.0000
0.0000
0.6409
0.6487
1.1368
0.0000
1.2080
0.0000
2.0077
2.1173
0.0000
0.0000
0.0000
0.0000
0.0000
0.0000
0.0000
1.7102
0.0000
0.0000
0.0000
0.0000
0.0000
0.0000
0.2941
0.0000
2.4579
0.0000
0.7819
1.1186
0.0000
1.6826
0.0000
0.0000
0.0000
0.0000
0.0000
0.0000
0.0000
0.0279
0.3786
0.0000
0.0000
2.8693
0.7162
0.0000
0.0000
0.3632
0.0000
2.0620
0.0000
0.0000
0.0000
0.0000
0.0000
2.5328
0.0000
0.0000
0.0000
0.0000
1.9642
0.0000
0.0000
0.0000
0.0000
0.0000
0.0000
0.0000
0.3265
0.5725
0.7182
0.0000
1.2188
1.9134
0.0000
3.3090
0.0000
0.6135
2.5046
1.0964
0.0000
0.1454
0.2250
0.0000
0.5216
0.0000
0.0000
0.0000
0.0000
0.6269
0.0000
0.0000
0.0000
1.2791
0.0000
2.0767
0.0000
2.3893
0.0000
0.0000
0.9314
1.3245
2.3514
0.0000
0.0000
0.0000
0.0000
0.6473
1.3146
0.0000
0.5476
0.0000
0.0000
1.7977
0.0000
0.0000
2.8995
0.0000
0.0000
2.4206
0.0000
0.3842
0.0000
0.0000
0.0000
0.0000
2.8173
0.0000
0.0000
0.0000
0.0000
0.0000
1.7275
0.2049
0.7591
0.4555
0.0000
0.0000
0.0000
0.0123
0.0000
0.0000
1.9511
0.1639
0.0000
0.0000
0.0000
0.0000
2.3768
0.3574
0.0000
0.0955
0.3269
0.0000
2.3725
0.2095
0.8443
0.0000
0.0000
0.0237
1.2360
0.0000
0.0000
0.2441
1.8037
0.3775
0.0000
0.9855
0.0000
0.0000
1.3800
1.8072
0.0000
0.0000
0.0000
0.0681
0.0000
0.0000
0.4275
0.0000
0.6936
1.2222
0.0000
0.0173
0.0000
0.4164
0.0000
0.0000
0.0000
0.0000
0.8590
0.4528
0.0000
0.0000
0.0000
0.7740
0.0000
0.0000
0.9032
0.0000
0.0000
0.0000
0.7403
0.0000
0.4088
0.0000
0.8447
0.0000
0.0000
0.8325
1.2336
2.1014
0.0000
4.4492
0.1618
0.8348
0.3115
2.0893
0.0000
0.0000
0.0000
0.0000
0.0000
0.0000
0.0000
0.0000
0.0000
0.0000
0.0000
0.0000
0.0000
0.7869
0.1041
0.0000
0.0000
0.0000
0.8583
0.0000
0.0000
0.0000
1.4607
0.0000
0.0000
0.0000
2.1721
0.0000
0.5725
0.0000
0.0000
0.0000
0.0000
0.0000
0.0000
0.0000
0.0000
0.0000
0.0000
0.8537
0.8094
0.0000
0.0000
0.0000
0.0000
0.7831
0.5814
0.0000
0.0000
0.0000
0.3122
0.0000
0.0000
0.0000
0.8447
1.3402
0.0000
0.0000
0.0000
0.0000
0.0000
0.0000
0.0000
1.5232
0.0037
0.0000
1.8738
0.0000
0.0000
0.0000
0.0000
0.0000
0.0000
0.0000
0.0000
2.2957
1.4712
0.0000
0.0000
0.0000
0.0000
0.2489
1.7664
0.1110
0.0000
0.5150
0.8572
0.0000
1.0885
0.0000
1.1208
0.0000
0.0000
0.0000
0.0000
0.2634
0.1778
4.1327
0.1336
0.0000
0.6610
0.0000
0.7191
0.0000
0.0000
0.0000
0.7172
0.0000
0.1776
0.0000
0.0000
0.0000
0.0000
0.0000
0.0051
0.0000
0.0686
1.2174
1.0157
0.0000
0.6544
0.0000
0.0000
0.0000
1.1029
0.0000
0.0000
0.9810
0.0000
0.0000
0.0000
0.0000
0.4545
0.1603
0.0000
0.0000
0.0000
0.0000
1.3808
1.6197
0.0000
0.0000
0.0000
0.4756
0.8639
0.2167
0.0000
0.0000
0.4105
0.0000
0.0000
0.0000
0.0000
0.0000
2.4470
0.1600
0.0000
0.0000
0.0000
0.0000
1.7424
0.0000
0.0000
0.1427
0.0000
0.0000
0.8109
0.0000
0.0000
0.0000
0.0000
0.0000
0.0000
1.7021
0.0000
0.8694
0.0000
0.0000
0.0000
0.0000
0.0000
0.0000
0.0000
0.0000
0.0000
0.0000
0.0000
0.0000
0.0000
0.0000
0.0000
1.3304
0.0000
3.3452
0.0000
0.0000
0.0000
0.0000
0.0000
0.0000
0.0000
0.7840
0.0000
0.0000
0.0000
0.0000
0.4700
0.0000
0.0000
1.3246
0.5138
0.5724
0.0000
0.0000
0.3902
1.0160
0.4445
1.1495
0.0000
0.0000
0.0000
0.0000
0.8608
0.7914
0.0000
0.0000
2.1720
2.2533
1.5552
0.0000
0.0000
0.7735
0.0475
0.1475
0.0000
0.0000
0.7175
0.1784
0.9478
0.0000
0.0000
0.3123
1.8763
0.0498
0.8091
0.0000
2.4225
0.6959
0.0000
0.0000
1.5768
0.0000
0.9387
0.7516
0.0000
0.0000
0.0000
0.0000
0.0000
1.0710
0.0000
0.9520
1.9193
0.4583
0.0000
0.0000
0.3165
2.2010
1.6578
0.0000
0.0000
0.0000
0.0000
0.0000
1.1485
3.7349
0.2307
0.0000
0.0000
0.0000
0.0000
0.1658
1.5156
0.4832
1.5040
0.0000
0.0000
0.0000
0.5327
1.7990
3.3979
0.0000
0.0000
0.0000
0.5132
1.9286
1.7247
0.0000
0.0000
0.0000
0.0000
0.2908
3.2959
0.0000
0.0000
2.8322
0.0000
0.0000
0.0000
0.0000
1.4556
1.8589
0.5445
0.0000
0.0000
0.0000
1.9659
1.2825
0.0000
0.9032
0.0000
0.0505
0.0000
0.0000
3.0301
0.1971
0.6559
0.0000
0.4687
1.3605
0.0000
0.0000
0.0000
0.0000
0.0000
0.0000
3.9828
0.0000
0.0000
0.0000
0.0000
0.0000
0.0000
0.0750
1.0237
0.0679
0.0000
0.0455
0.0000
0.7454
0.0000
0.0000
2.2821
5.0511
0.0000
0.0000
0.0000
0.0000
2.1389
0.0000
0.0000
0.4182
0.0000
0.0000
0.7735
0.0000
0.3162
0.8560
0.0000
0.0000
0.3586
0.0000
0.0000
0.6809
1.3789
0.0000
0.0000
0.0000
0.0000
0.0000
0.0366
0.0000
3.0754
0.0000
0.6034
0.0000
0.0000
0.0000
0.0000
1.1615
0.0000
0.0000
0.9228
0.4777
0.0000
0.0000
0.0000
0.0000
2.4565
0.0000
2.3913
1.9574
0.0000
0.0000
0.0000
0.0000
0.0000
0.0000
0.0000
1.7706
0.0000
0.0000
0.8553
0.0000
1.7304
0.0000
0.0000
0.2204
0.0000
0.0000
2.4392
3.8882
0.9803
0.7595
0.6532
0.0000
2.0012
0.8485
0.0000
0.0000
0.0000
1.8039
0.0000
2.0028
0.0000
0.0000
0.0000
0.0000
0.0000
0.0000
0.0000
0.0000
0.0000
0.0000
0.2366
0.4899
0.0052
0.0000
0.0000
3.6809
0.0000
0.0000
0.0000
0.0000
0.4033
2.3900
0.0000
0.0000
0.0000
0.0000
0.3816
0.0000
1.5948
0.7635
3.1702
0.0000
0.6728
0.0000
0.0000
0.8575
0.0000
2.0928
0.0000
0.0000
0.0000
2.5671
0.5176
0.2250
0.0000
0.0000
0.0000
0.9479
3.6348
0.0000
0.0000
0.0000
0.0000
0.0000
0.0000
0.0826
0.0217
2.2077
0.0000
0.8744
2.0341
2.1878
0.0461
0.0732
0.1713
0.0000
1.0725
0.0000
0.0000
0.0000
0.0000
0.0000
1.1756
1.5299
0.0000
0.0000
2.4990
0.0000
1.2171
1.0327
0.0000
0.0000
0.0000
0.3395
3.2573
0.1899
0.2627
0.0000
0.0000
0.0000
0.5528
2.8225
0.0000
0.0000
0.9037
0.9825
0.8819
0.0000
1.9807
0.0000
0.0000
0.0000
0.9708
1.3011
0.0000
0.0000
0.0000
0.2084
0.0000
1.4234
0.0000
0.2501
0.0000
0.0000
0.0000
0.0000
0.0000
0.0000
1.0449
0.0000
0.0000
0.0000
0.0000
1.1488
0.0000
2.0145
0.0000
0.0000
0.0000
0.0000
0.0000
0.7805
0.0000
0.0000
0.0000
1.0631
0.0000
1.9242
0.0000
0.0000
0.0000
0.0152
0.0000
2.5789
0.1109
0.0000
0.5017
0.0000
0.0000
0.0000
0.5451
0.4127
1.0542
0.0000
0.0000
0.0000
0.0000
0.0000
0.3640
0.4240
0.4392
2.0604
0.0000
0.0000
0.0000
0.0000
0.0000
0.8935
0.4573
0.1078
0.0000
1.1881
0.0000
0.6998
0.0000
2.7039
0.0520
0.1743
0.0000
0.0000
0.0000
0.0000
2.7612
0.3136
0.0000
0.0000
0.0000
0.0000
0.0000
0.7293
0.0000
0.0000
0.0138
0.0000
2.1077
0.0000
0.0000
0.0000
0.8852
0.3356
0.0000
0.0000
0.0000
0.0000
1.8387
0.0000
0.0000
0.3634
0.0000
0.0000
3.4911
0.0000
0.0000
2.2734
0.6501
0.0000
0.2503
0.0000
1.2150
0.0000
1.0656
2.6634
0.0000
0.0000
3.1428
2.6191
0.5293
0.0000
2.6011
0.0000
1.0925
0.0000
0.5425
1.2974
0.0000
0.0000
0.0000
0.0127
1.7741
0.0000
0.1369
0.0000
0.0000
0.0000
0.0000
1.2157
0.0000
0.5244
0.7574
0.0000
0.0000
0.0000
0.0000
1.0378
1.3761
0.0000
0.0000
0.0000
0.0000
0.0000
0.0000
0.0000
0.6523
0.0000
0.0000
0.0000
0.0000
1.0672
0.0000
0.0000
0.0000
0.7693
0.0000
0.1620
0.0000
0.0000
0.0000
0.0000
0.8551
0.0000
0.0000
0.0000
0.0000
0.0000
1.4115
0.0000
0.0000
0.0000
0.0000
1.6902
1.4226
0.9040
0.0000
0.0000
0.7771
1.4571
0.0000
0.0000
0.0000
3.1818
0.9637
0.0000
0.0000
0.0000
0.0000
0.0000
0.0182
0.0000
2.6763
0.0000
0.0000
1.4328
4.3763
0.0000
1.9731
0.0000
0.0000
0.0000
0.0000
3.1753
0.0000
0.0000
0.0000
0.0000
1.5037
0.9014
0.0000
0.5426
0.4693
0.0000
0.0000
0.7709
0.7935
0.0000
0.0000
0.0000
0.0000
0.0000
3.4335
0.0000
1.6866
0.0000
0.4559
2.7457
0.0000
0.7297
0.0000
2.7744
0.0000
0.3821
1.8295
0.0000
0.0000
0.0000
0.8196
0.0000
0.0000
1.7751
0.0000
0.0000
0.0000
0.0089
0.0000
0.0000
2.1080
0.0000
0.0000
0.0000
2.2454
2.1226
0.0000
0.0000
0.0000
0.4629
0.5183
0.0000
0.0000
1.1579
3.6284
0.0000
0.0000
0.6992
0.2949
4.2733
0.9346
1.6658
0.0000
1.7427
0.0000
0.0000
0.0000
0.0000
0.0000
0.0000
0.0000
0.0000
2.9794
1.7226
3.0487
1.0942
0.0000
0.5256
0.0000
0.0000
0.0000
0.0000
0.0000
1.2506
0.0000
0.0000
2.0070
0.0000
0.0000
0.0000
1.2182
0.6711
0.9843
0.0000
0.0000
0.0000
0.9374
0.5821
0.7665
0.8812
0.0000
0.3235
0.0849
1.3110
1.6107
0.0000
0.0000
0.7171
0.0000
0.0000
0.6471
1.4696
0.0000
0.0000
0.0000
0.0000
0.5858
0.0000
0.0987
0.0037
0.0000
0.0000
0.0000
1.7869
2.5011
0.0000
0.0000
0.3524
2.7682
0.0000
1.3389
0.0000
0.0000
0.0000
0.0000
0.0000
0.0000
0.0000
0.0000
0.0000
2.8097
0.0000
0.5248
1.5966
0.6184
0.6584
0.2722
1.0344
0.0000
0.2184
0.0000
0.7883
0.9031
0.0127
1.1597
0.0000
0.0304
0.0000
0.0000
0.0000
0.0000
0.1998
1.3701
0.0000
0.0000
0.0000
0.0000
0.0000
4.9127
0.4661
0.2643
0.0000
0.7104
0.0000
0.0000
0.0000
0.0000
1.0649
0.0000
0.8582
1.2143
0.0000
2.6098
0.6475
0.0000
0.0000
1.0317
1.2482
0.0000
0.0000
0.0000
0.0000
0.0000
0.2391
0.0000
0.0000
0.0000
0.4266
0.0000
0.0000
0.9141
0.5293
0.0000
0.0000
0.0000
1.2495
0.4923
0.0000
0.0000
2.4609
0.0000
0.5734
0.5238
1.1769
0.0509
0.0000
0.0000
1.7484
0.0000
0.0000
0.0000
0.0538
0.0000
0.0000
4.9361
0.1757
0.0000
2.7767
1.2391
0.6040
1.7483
0.0000
1.7121
0.3710
0.0000
0.0000
0.0000
0.0000
0.0000
0.0000
0.0000
1.8411
1.1340
0.0000
0.0000
0.0000
0.0000
0.0000
2.1190
0.0000
0.7726
0.0000
0.0000
1.3669
0.0000
