0.0000
0.0000
0.0000
0.0000
0.0000
0.4397
0.6520
0.0000
0.3612
3.2966
0.0625
0.0000
1.2863
0.2651
0.0000
0.0000
0.0000
0.0000
0.0000
0.0000
0.0000
0.0000
2.4936
2.0851
0.7699
0.9816
0.0000
1.3928
0.0000
0.0000
0.0000
0.0000
2.3330
0.0000
1.1702
0.0000
0.0000
0.0755
1.7674
1.0762
0.0000
0.0000
0.0000
0.0000
0.0000
0.0000
0.0000
0.0000
0.0000
0.0000
0.0000
0.0000
0.0000
0.0000
0.0000
0.0000
0.0138
0.0000
0.0000
0.0000
0.0000
1.9728
0.1459
2.0339
0.0000
0.0000
0.2329
0.5201
0.0000
0.0000
1.4260
0.9911
0.0000
0.0000
0.0000
2.6235
0.0000
0.0000
0.0000
0.0000
0.4679
0.0000
0.0000
0.8325
0.0000
0.0933
0.0000
3.5180
0.0000
0.0000
1.0145
0.0000
1.1044
0.9843
0.0000
0.0000
0.0000
0.0000
2.7964
0.0000
0.0000
0.0000
0.7043
0.0000
1.1297
2.0959
1.8518
0.0584
0.8735
3.8082
0.0000
0.3041
0.0000
1.4423
0.0000
0.0000
1.4463
0.0000
0.0000
0.0000
2.4289
0.5226
0.8694
0.8830
0.5247
0.0000
0.2447
1.5871
0.0000
0.6026
0.0000
0.0000
0.0807
0.0000
2.2588
0.0000
0.8733
2.1683
0.0000
1.1883
1.0591
0.0000
1.8044
0.9761
1.5874
0.0000
0.8417
2.0514
1.8223
0.0000
1.0795
3.1679
0.3413
1.7591
0.0000
1.1259
0.9014
0.0000
0.0000
0.0000
1.3500
0.0000
1.1590
0.0000
0.0000
0.2973
0.0000
0.0000
0.0000
2.1662
0.0000
0.0000
0.0000
0.2536
0.0000
0.0000
0.0000
0.4549
0.0000
2.4817
2.3675
2.1679
0.0000
0.0000
0.0000
0.0000
1.8103
0.0000
2.7135
1.7455
0.0000
0.0000
1.8814
0.5948
1.1523
0.0000
0.0000
0.0188
3.4610
2.5807
0.0000
0.1859
0.0000
0.0000
1.1175
0.0000
0.0000
1.6181
0.0279
0.0000
0.0000
0.0000
0.0000
0.0000
0.0000
0.0000
0.0000
0.0000
0.0000
0.0000
0.8167
0.0000
0.9038
0.0000
1.3674
0.0000
0.9782
1.2817
0.0000
0.0000
1.7522
0.1125
0.0000
0.0000
1.5800
1.2395
2.7723
0.6058
2.3384
0.0000
0.0000
0.0000
0.0000
0.0000
0.0856
1.6541
0.0000
0.0000
0.9983
0.0000
0.0000
0.0000
0.0000
0.0000
0.0000
0.3585
0.0000
0.0000
0.7683
0.0000
0.0000
0.0000
0.0000
0.0000
0.4181
0.0000
0.0000
0.2590
0.0000
1.4606
1.2060
0.0000
0.5764
2.0645
0.2196
0.0000
0.0000
0.4773
0.9004
0.6632
2.6838
0.0000
1.0103
0.0000
1.0381
0.0000
1.4859
0.0000
0.0000
0.0000
0.0000
0.0000
0.0000
0.0000
3.4716
0.0000
0.4549
2.0689
0.0000
2.3994
0.0000
0.0000
0.0000
0.0000
0.9726
0.0000
0.6724
0.0000
0.0000
0.0000
0.0000
0.2886
0.4927
0.5557
1.9807
0.0000
0.0000
0.0000
0.0000
1.7028
0.0000
0.8798
0.0000
0.0000
0.0000
2.3986
0.0000
1.5084
0.0000
1.8067
0.0000
0.0000
0.0000
0.0000
0.0000
0.9421
1.4291
0.0000
0.0000
2.8796
0.0000
0.0000
0.0000
0.0000
0.0000
3.0362
0.0000
0.3897
0.0000
0.0000
0.0000
2.7166
0.0000
0.0000
0.2862
0.0000
0.0000
0.0000
1.0099
0.0000
0.0000
0.0000
0.0000
0.0000
0.0000
1.5893
0.0000
0.0000
0.2651
0.1862
0.0000
0.0000
0.0000
0.0000
0.3926
0.0000
0.0000
0.0546
0.0000
0.0000
3.5911
0.3499
0.8359
0.0000
0.0000
0.0000
0.0000
0.0000
0.0000
0.0000
3.2381
0.0000
0.0000
0.0000
0.0000
1.8083
0.0000
0.0000
0.0000
0.6781
0.0000
1.8256
0.0000
0.0000
0.0000
0.0000
0.0000
0.0000
2.0060
0.0000
0.0000
0.0000
0.0000
0.3363
0.8174
1.6556
0.0000
0.0000
0.6032
0.0000
0.7680
0.0968
0.0000
0.0000
0.0000
1.8003
0.6457
1.0034
0.0000
1.2603
0.0000
0.0000
0.0000
0.0000
0.0000
0.0000
1.0614
0.0000
1.3408
0.0000
1.6978
0.6384
0.0000
0.0000
3.1686
0.9087
1.0453
0.0000
2.0804
2.9271
0.5577
0.6952
0.0000
0.0000
0.0000
1.2809
0.0000
1.1214
0.6975
0.0000
0.0035
0.0000
1.6239
0.0000
1.9901
0.0000
0.0092
0.0034
0.0000
0.0000
0.0000
1.3109
0.3799
0.0000
0.0000
1.9799
2.3344
0.0000
0.0000
0.0000
0.0000
0.0000
1.5514
1.3580
0.2624
0.0000
2.0840
0.4303
0.0000
0.3624
0.0000
0.0000
0.0000
0.0000
0.3602
0.1963
0.0000
0.0000
1.3215
0.0000
0.0000
0.0000
3.1787
0.0000
0.0000
1.0539
0.0553
0.0000
1.5109
0.4772
1.0167
4.1798
0.0000
1.2198
0.4901
0.5779
0.0000
1.1017
3.6414
0.0000
1.1695
1.9901
0.0000
0.7891
2.5215
0.0000
0.9281
0.0000
1.0214
0.7592
0.4895
0.0000
0.1190
0.0000
0.0000
2.2665
0.0000
0.0000
0.2677
0.0000
0.0000
0.5572
0.0000
0.0000
0.0000
0.0000
0.0000
1.2610
0.0089
0.0000
0.0000
1.4710
0.0000
0.0000
0.8685
0.0000
0.9193
0.0000
0.7598
0.0000
1.2487
0.3259
0.0000
0.0000
1.8116
1.7006
0.0000
0.0000
0.0000
0.0000
0.0000
0.0000
0.0000
0.0000
0.0000
0.0000
0.1730
0.5693
0.0000
0.1446
0.0000
0.0000
0.0000
0.0000
0.0000
0.0000
0.0000
0.3122
2.2350
0.0000
0.7760
0.0000
0.0000
0.0000
0.0000
0.0000
0.0000
0.0000
1.5119
1.0843
0.0000
2.4666
0.0000
0.0000
0.7659
1.4803
1.9484
0.0000
0.5887
0.0000
0.7958
0.0000
0.0000
3.5711
0.0000
2.7366
1.1364
1.4454
0.7515
0.0000
1.6063
0.0000
0.0000
0.4380
0.0000
1.0113
0.0000
0.0000
0.3277
0.0000
0.0000
0.0000
0.0000
0.2956
2.1995
1.9571
0.0000
1.7881
0.0000
0.0000
0.0000
0.3816
0.3964
0.0000
0.0000
0.0000
0.0000
0.0000
0.8510
0.0000
0.0000
0.0000
2.3673
0.0000
0.0000
0.0000
0.2603
0.0906
0.0000
0.1217
0.0000
0.4923
2.1834
0.0000
0.0000
0.0000
0.0000
0.0060
0.0000
0.0000
1.4916
0.0000
0.0000
0.0000
0.0000
0.0000
2.9777
0.0000
0.0000
0.0000
0.0000
0.0000
0.0000
0.0000
0.0000
1.2746
0.0000
0.9833
0.0000
2.3964
1.0077
0.2642
2.3629
0.0000
0.1922
0.0000
0.0000
0.0000
0.1414
0.0000
3.7290
1.2718
0.4213
0.4849
0.0000
0.0000
0.0000
0.8124
1.7159
2.0187
0.0000
1.8069
0.8428
0.5290
0.0000
0.0000
0.0000
0.0000
0.0000
0.0000
0.0000
0.0000
0.0000
0.9610
0.0000
0.0000
0.7826
0.0000
0.6088
1.6218
0.0000
0.0000
0.0000
0.4495
0.0000
0.0000
0.8614
0.5100
0.0000
2.4870
1.3641
0.4274
0.0000
0.2936
0.0000
0.2063
0.0000
0.0154
1.3721
0.0000
0.0000
0.0000
0.0000
0.0000
0.2713
0.0000
0.0000
0.0000
0.0000
0.0000
0.1189
0.0000
2.7400
0.0000
0.0000
0.5239
0.0000
0.9730
0.0000
0.0000
1.2525
0.0000
0.0000
0.0000
0.5184
0.0000
0.0000
0.1313
0.1820
0.0000
0.0000
0.0000
0.0000
0.3846
0.0000
0.0000
1.4119
0.0000
0.0000
0.1830
0.0000
0.0000
0.9584
0.5497
0.0000
0.0000
0.0000
0.0000
0.8071
0.8345
0.0000
1.0733
2.9749
0.0000
0.0000
0.0000
0.0000
0.0000
0.0000
0.0000
1.1748
0.3666
0.0000
2.1783
0.0000
0.0000
0.1041
0.0000
0.0000
2.1282
1.9725
0.0000
0.0000
0.0000
0.0000
0.0000
0.0602
0.0000
1.7035
0.0000
1.6244
0.0394
0.0000
0.0000
0.0000
0.0000
2.8503
0.0000
0.0000
0.0000
0.0000
0.0000
0.0000
0.0000
0.0000
0.0000
0.3979
0.0000
0.2494
0.0000
0.0000
1.3328
0.0000
0.0863
0.0000
0.0000
0.0000
0.0000
0.0000
0.6445
0.0000
0.0000
0.0000
2.9970
0.0000
0.0000
1.0688
0.3431
0.0000
0.0000
1.1680
0.0000
1.5889
0.3335
0.0000
0.3165
0.0000
2.2515
0.0000
0.1732
0.0000
0.0000
0.0000
0.0000
0.0000
0.0000
0.0000
0.0000
0.0000
0.0000
0.7711
0.0000
1.1964
0.0000
0.0000
0.0000
0.0000
0.7397
1.4240
0.1956
0.0000
0.0000
0.0000
0.0000
0.0000
0.0000
0.0000
0.0000
0.0000
1.0734
0.0000
0.0000
1.5446
0.0000
0.0000
0.0000
0.0000
0.6425
0.0000
0.0000
0.0000
0.0000
1.4411
0.0000
0.0000
0.4410
0.2838
0.0710
0.0000
0.0000
0.0000
0.8312
0.9255
1.1653
0.0000
0.1880
0.0000
0.6133
0.0000
1.2187
0.0590
0.1224
0.0000
0.0000
1.6744
1.5598
0.0000
0.0000
0.0000
3.6681
0.0000
0.0000
0.0000
0.0000
0.0000
0.0699
1.7221
0.0000
0.0000
1.7522
0.0000
1.2996
0.0893
1.9364
0.8562
0.0000
0.0000
0.0942
1.0466
0.0000
0.3271
0.0000
0.0000
0.2123
0.0000
0.0000
0.4791
0.0000
0.2766
0.0000
0.0000
0.1416
0.0000
0.0000
1.2171
1.7923
0.9035
0.0000
0.0000
0.0000
0.0000
0.0000
0.0000
0.0000
0.0000
0.1367
0.0000
0.0000
0.2285
3.5639
0.2839
0.0000
0.0000
1.1709
0.0000
0.8574
0.1664
0.0000
0.0000
3.2836
0.0000
0.7556
0.0000
1.9683
0.2820
0.0000
0.0000
1.7649
0.0000
2.1387
0.0000
2.0551
0.0000
0.0000
0.6022
0.0000
1.3508
0.6362
0.0000
2.3483
0.3409
1.4541
3.0359
0.6935
0.9121
0.0000
1.7957
0.0000
0.0000
0.0000
0.0000
0.0000
0.0000
0.0000
0.0000
0.0000
1.0242
0.0000
0.0000
0.0000
0.0000
0.0000
0.0000
0.0000
0.0000
0.2142
0.0000
0.0000
0.0000
0.0000
0.6505
0.9382
3.0419
0.0000
0.0000
1.6520
0.0000
0.0000
0.0000
0.1794
0.1134
0.0000
0.0000
0.0000
0.0000
0.0000
0.0002
0.0000
0.0000
0.0000
0.1071
0.0000
0.0000
0.2495
0.0000
2.4651
0.0000
0.2356
0.0000
0.0000
0.0000
0.4740
0.0000
0.1867
1.8799
0.0000
0.0000
0.9104
0.0000
0.0000
0.0000
0.0000
0.0000
0.3947
0.8273
0.0000
0.0000
0.0000
0.0000
0.7433
0.0000
0.0000
2.0777
0.0000
1.3011
0.0000
0.0000
0.0000
0.0000
0.6391
0.0000
0.6519
0.0000
0.0000
0.6672
0.0000
1.1514
0.0000
0.0000
0.0463
0.0000
0.0000
0.0000
0.0000
0.0000
0.0000
0.0000
0.0000
0.0000
0.0000
0.0118
0.0000
0.0000
1.4672
0.0000
0.7086
3.8640
0.0000
0.0000
0.0000
1.7906
0.0000
1.0705
0.0000
0.0000
0.0000
2.2373
0.0000
0.5404
0.0000
0.0000
0.2917
0.0000
0.0000
0.0000
0.0000
1.1178
0.0000
0.0000
0.0000
2.2251
1.6343
0.2769
1.6103
2.7900
0.0000
0.0000
0.0000
0.0000
0.0000
0.0000
0.0292
1.0604
0.0000
0.0000
0.0000
0.0000
0.0000
2.1453
0.0000
1.2955
0.1034
0.0000
0.0000
0.8795
0.0000
0.0000
0.3625
0.0000
0.0000
2.4142
2.4533
0.0000
0.0000
0.0000
0.0000
1.0916
0.0000
0.0000
0.0000
2.6333
0.4811
1.4302
0.0613
0.3435
0.0000
0.0000
0.3930
0.0000
0.0000
0.0000
0.0000
0.7041
2.7447
0.0000
0.0000
0.0000
0.5014
0.0000
0.0000
0.0000
0.0000
0.0000
0.0000
0.0000
0.0000
0.0000
0.0000
1.3505
0.5137
0.0000
0.0000
0.0000
0.3766
0.5770
0.1758
0.0000
0.0000
2.8601
0.0000
0.0000
0.0000
2.5379
0.0000
0.0000
0.0000
0.0000
2.7040
0.5145
0.0000
0.0000
0.0000
0.0000
0.9413
0.5214
0.0000
0.0000
0.0000
0.0000
0.0000
0.0000
2.1212
2.9639
0.0000
0.7670
0.2331
0.6193
0.0000
0.0000
1.6154
0.0000
1.0541
0.0000
0.0000
0.0000
0.0000
2.1616
0.0000
0.0000
0.0000
0.0000
1.4251
0.7196
0.0000
0.0000
1.2369
1.2840
0.0000
0.8430
0.0000
0.3986
0.1437
0.9877
0.0000
0.0000
1.9019
0.0000
0.0000
0.0000
0.0000
0.0000
0.0000
0.2981
0.0000
0.0000
0.0000
0.0000
0.1607
0.9049
0.0451
0.0000
1.5376
0.0000
0.1126
0.2719
0.6839
0.0000
0.3011
1.0481
0.0000
0.0000
0.0000
0.0000
0.0000
0.8267
1.2646
0.0000
1.0792
0.0000
0.0000
0.0000
0.7871
0.0042
0.0000
0.0000
0.0000
0.0000
0.0497
0.0000
0.0000
0.1577
0.7724
0.0000
0.0000
0.0000
0.0000
0.5320
1.1684
0.0000
1.1735
0.0000
0.0000
1.4902
0.3037
2.1943
0.0000
0.2948
0.0000
3.0748
1.7078
0.0000
3.1805
0.0000
0.0000
0.0000
0.0000
0.0000
0.1211
1.3094
0.0000
0.0000
0.0000
0.7982
3.0318
1.1842
0.0000
0.0000
1.3727
0.0000
0.0613
0.0000
0.0000
1.7357
0.0000
0.5408
0.6303
0.3454
1.0263
1.9516
3.8753
0.0000
0.2357
0.0000
0.0000
1.2988
0.3147
0.9098
1.1435
0.0000
0.9406
0.0000
0.0000
0.4505
0.0000
0.0000
0.0000
0.0000
0.8403
1.2213
1.9620
0.0000
0.0657
0.0000
0.0000
2.0743
2.1836
0.0000
3.1867
0.0000
0.0000
0.0000
1.4901
0.0000
0.4266
0.0000
1.2675
0.0000
0.0000
0.5306
0.0000
0.0000
0.3402
0.0000
0.0000
0.1794
0.0938
1.1818
1.6827
0.0000
2.1076
0.0000
0.0000
0.0000
0.0000
0.0000
1.3046
0.0000
0.9346
0.0000
0.0000
0.0089
0.0000
1.6920
3.3883
0.0000
0.0000
0.0000
2.1711
0.0000
0.0000
0.0000
0.0000
0.0000
0.1683
0.0000
0.0000
2.0990
0.0000
0.1227
0.0000
0.0000
0.0000
0.0000
0.1468
0.0000
0.1871
3.4208
1.5659
0.0000
0.0000
0.0000
1.1407
0.2112
0.2842
0.8454
1.4597
0.0180
0.0000
0.0000
0.7927
0.0000
0.0000
0.0000
0.0000
0.0000
0.0145
0.0000
0.0000
0.0000
0.0000
0.0000
0.0000
2.1870
2.6690
2.1993
1.3496
0.0000
0.0000
0.0000
1.1539
1.7473
1.1975
0.0065
0.0000
0.0000
1.1597
0.0000
0.2473
1.4113
1.9744
0.0000
2.2349
0.0000
0.0000
0.0000
0.0000
0.0000
1.3394
0.6528
0.8371
0.0000
0.0000
0.0000
0.0000
0.0000
0.0000
0.0000
0.5338
0.0000
0.0000
0.0000
1.9887
0.7052
0.0000
0.0000
0.0000
0.0000
0.0000
0.0000
0.0000
0.6077
0.9534
0.0000
0.0000
0.0000
0.0000
0.0000
1.5002
0.7523
2.8705
0.0000
0.0000
0.0000
1.6910
0.0000
1.9110
0.1721
0.0000
0.0000
1.1845
0.0000
0.0000
0.0000
0.0000
0.0000
0.0000
0.0000
0.2502
0.0000
0.2977
0.0552
0.2673
0.4851
0.0000
2.3297
1.1878
0.0000
0.0000
0.0000
2.3032
0.1236
0.0000
0.8220
2.8244
0.9965
2.3626
0.0000
0.0000
0.0000
0.0000
0.0000
0.0000
0.0000
0.0000
0.0000
2.1868
0.0000
0.0000
1.4576
1.7159
0.5703
0.0000
4.0104
0.0000
0.0000
0.0000
0.0000
0.0000
0.0000
0.5408
0.0000
1.6798
0.0764
0.0000
1.1264
0.1585
0.0000
0.0000
0.0000
0.0000
0.0000
0.0000
1.4123
0.0000
0.0000
0.0000
2.3537
0.0000
0.3167
1.3904
0.0000
0.9973
0.0000
0.0000
1.0909
0.0000
0.0707
1.4900
1.0339
0.5672
0.9867
0.0000
0.0000
0.8034
1.3967
2.9872
1.6283
0.0000
0.0000
0.6138
0.9979
0.4634
0.0000
0.0000
0.7599
0.0000
1.3519
0.3085
0.0000
0.0000
0.0000
0.0000
0.0000
0.0000
0.1589
0.0000
0.0000
0.0000
0.5709
0.0000
0.0000
0.0000
0.0000
0.0000
0.0000
0.0000
0.0636
0.0000
1.5928
0.0000
0.0000
0.1693
0.0000
1.8294
0.0000
0.0000
0.0000
0.5245
0.0000
1.7272
0.0000
0.0000
0.0000
0.9462
0.0000
2.2830
2.2711
0.2006
0.4015
0.5724
0.0000
0.0000
0.0000
0.0000
0.5275
0.3292
0.8531
0.0000
0.0000
0.0000
0.7584
0.0000
0.0000
0.0000
0.4581
1.4928
0.7109
2.1989
0.8786
0.0000
0.0000
0.0000
0.0000
0.0000
0.0000
1.4614
0.9353
1.7708
2.4044
0.0000
0.3662
0.0000
1.2730
0.0000
1.6048
0.5676
0.2785
0.0000
0.0000
0.0000
1.5698
0.6322
0.0000
0.0000
1.6681
2.6721
1.5635
0.0000
0.0000
0.0000
0.0000
0.0000
0.0000
0.7602
2.9701
0.0000
0.0000
2.2816
1.1807
1.8080
0.0000
0.0000
0.0000
0.0176
0.0000
0.5907
0.0000
0.0000
0.0000
0.0000
2.4121
0.0000
0.5570
0.0000
1.6729
1.1215
0.0000
0.0000
0.0000
0.0000
0.0000
1.6645
0.0000
0.0000
3.1637
0.0000
0.0121
2.9361
0.0000
0.8413
0.3639
0.0000
1.0180
0.0000
0.0000
0.9256
1.0315
0.7762
0.0000
0.0000
0.0000
0.2907
0.0000
0.0000
0.0000
0.0000
3.2054
0.0000
1.2911
2.3807
0.4200
0.3194
0.0000
0.0000
0.0000
0.0000
0.0000
0.0554
0.6144
0.0000
0.0000
0.0000
0.0000
0.0000
0.5223
0.0000
0.1505
0.0000
0.0000
0.0000
2.9179
0.0000
0.3204
1.3648
0.0000
3.5474
0.0000
0.0000
0.0000
1.6976
0.4972
0.2925
0.0000
0.0000
0.0000
1.5533
0.0000
1.6374
0.0000
0.0000
0.0000
1.0170
0.0000
1.9279
0.0000
0.0000
0.1364
0.0000
1.3885
0.0000
2.0851
0.0000
0.1192
0.0000
0.0000
0.0000
0.0000
0.0000
0.0000
0.0000
0.9213
1.8029
0.0000
0.9051
0.0000
0.0000
0.0000
1.8733
0.0000
0.3342
0.0000
0.0000
0.7204
0.0000
1.6783
1.1960
0.0000
0.0000
0.0000
0.4733
0.4799
1.8499
0.5941
0.0000
0.0000
0.8572
0.0000
0.0000
0.7535
0.0000
1.4592
1.0824
0.0000
2.5081
0.0000
0.0000
1.0959
0.0000
5.5969
0.0000
0.0347
0.0000
0.0000
0.0000
0.0000
0.0000
0.0000
0.0000
0.9194
0.0000
0.0000
1.2765
0.0000
0.0000
0.0000
0.0401
0.0000
0.0000
0.0000
1.5480
0.2746
0.0000
0.0000
2.8147
1.9364
0.0000
0.3656
0.3023
0.0000
0.0000
0.0000
0.0000
2.4797
0.0000
0.0000
3.0467
2.5952
0.0000
0.0000
0.9654
1.2903
0.3121
0.0000
1.3582
2.1816
0.0000
0.0000
0.0000
0.0000
0.0000
0.5303
0.1280
0.0000
0.0000
0.4591
1.8113
0.0000
0.4617
0.0000
0.0000
0.0000
0.6598
0.0000
0.0000
0.0000
0.0000
2.0309
1.9330
0.0000
0.0000
0.0000
0.0000
0.0000
1.6957
0.2525
0.0000
0.0000
0.2856
0.0000
2.9574
2.0648
0.5521
0.0000
0.0000
0.0000
0.0000
2.8591
0.0000
0.0000
0.0000
0.1469
1.4169
0.0000
0.0000
0.0000
0.0000
0.0000
0.0000
0.0000
0.7192
0.1012
0.0000
0.0000
1.7634
0.0000
1.6300
0.0000
0.0000
0.3235
1.3790
0.0000
1.9662
0.0000
0.0000
0.0000
0.5060
0.0000
1.8562
0.0000
0.5057
0.0000
0.0000
0.0887
0.0000
0.0000
0.0000
0.0000
0.1295
0.0000
0.0000
3.7067
1.5677
0.0690
0.0000
0.0000
0.0000
0.1182
0.0000
0.3215
0.0000
0.0000
0.2219
0.0000
0.0000
0.0000
0.0000
0.0000
1.1788
0.0000
0.0000
0.0000
1.9669
0.0000
0.0000
0.0000
0.0000
1.5940
0.0000
0.0000
0.0000
0.0000
0.6788
0.0000
0.0000
0.0000
0.0000
0.4887
0.0000
0.0000
0.0000
0.0000
0.9885
0.8573
0.0000
0.0000
0.0000
0.0000
2.8027
0.5412
0.6987
0.0000
0.7154
0.0000
2.2683
0.0000
0.2591
0.0000
1.2299
0.0000
0.4107
0.0000
0.3244
1.3021
0.0000
1.0136
0.0000
0.0000
0.0000
0.0000
0.0000
0.0000
0.0000
0.0000
0.0000
0.0000
0.0000
0.0000
0.0000
0.0000
0.0000
0.2771
0.0000
0.0000
1.3959
1.5303
1.4986
2.7267
0.0000
0.3572
0.0000
0.3169
0.1307
0.0000
0.0000
0.2335
2.6056
1.9222
1.0691
0.0000
0.0000
0.0000
2.2584
0.0000
0.0000
0.0000
0.0000
0.0000
0.0000
0.0000
0.0000
0.0000
0.0000
0.0000
0.0000
1.7649
0.6299
0.0000
2.2949
0.0000
0.0000
0.4947
0.0000
0.5607
0.0000
0.0000
0.0000
0.0000
0.0000
1.3083
0.0000
0.0000
0.0000
0.0000
0.0000
0.0000
0.0000
0.0000
0.0000
0.0000
0.0000
0.0000
0.0000
1.9481
0.0000
1.0314
0.0000
1.9059
0.0000
0.0000
0.0000
0.2058
0.0000
2.0126
0.0000
0.0000
0.0000
0.5150
0.0000
0.0000
2.6829
0.0000
0.0000
0.0000
1.5770
0.4178
0.0000
0.7732
0.0000
0.0000
2.9312
0.0000
0.0877
0.0000
2.4831
0.0000
2.1177
0.8844
0.0000
0.0356
0.0000
0.0000
0.7979
0.0000
0.0000
0.0000
0.0000
1.7783
0.0000
1.4913
0.0000
0.0000
0.0000
0.0000
0.0000
1.5886
0.0000
0.0899
0.0000
0.1615
0.0000
0.0000
0.0000
0.0000
0.0000
1.4576
0.0000
0.4854
2.1404
0.0000
0.0000
1.0626
0.6883
1.4843
0.0000
0.0000
0.0000
0.0000
0.0000
0.0000
1.1547
0.0000
1.1270
0.7370
0.8575
0.0300
1.0368
0.7076
0.0000
0.0000
2.1756
0.0000
0.0000
0.0000
0.0000
1.2063
0.4896
0.0000
0.0000
0.0000
0.0000
0.0000
0.0000
0.3040
1.3403
0.0000
0.0000
2.0201
0.0000
0.0000
0.7839
0.2859
0.0465
0.0000
0.0000
0.0000
0.0000
1.4168
0.0000
0.0000
0.0000
1.6735
4.4159
0.0000
0.0000
1.6824
0.0000
0.4577
0.0000
0.0000
0.0000
0.0000
0.0000
0.0000
0.0000
0.0000
0.0000
0.0000
0.0000
0.0000
0.0951
0.0000
0.0000
1.3927
0.0000
0.0000
1.1535
0.0000
0.0000
1.5859
0.0000
0.0000
0.5981
0.2652
0.2089
0.8973
1.2570
0.0000
0.0000
2.7596
0.0000
0.8179
0.0000
2.3121
0.0000
0.0000
0.9894
0.0000
0.0000
0.0000
0.7542
0.0000
0.8652
0.4950
0.0000
1.7877
0.0000
0.0000
0.0000
0.5692
1.4951
0.0000
0.0000
1.2714
0.4656
0.2212
0.1778
0.3652
0.0000
2.1870
0.2083
0.0000
1.2792
1.5739
0.0000
0.0000
0.1158
0.0000
0.0000
0.0000
0.0000
0.8720
0.0000
0.0000
0.0000
0.0206
4.1785
0.0000
0.2733
2.3611
0.0000
0.0000
0.0000
0.0000
1.2289
0.0000
0.4913
0.0000
0.3311
0.0000
0.0000
0.0000
1.1960
1.0249
0.0000
0.6748
0.0000
0.0000
1.3350
0.0106
0.0000
1.6144
0.0000
0.0000
0.0000
0.0000
0.3186
0.0000
2.5330
0.0000
0.7764
0.0000
0.0000
0.0000
0.9333
1.9257
1.7444
0.0000
1.0257
0.3475
0.5231
0.0000
0.0000
0.0000
0.7351
0.0000
0.0000
4.0834
1.1024
0.0000
0.0000
0.0000
3.5376
1.8113
0.7000
0.0000
0.0000
0.0000
0.0000
0.0000
0.0000
0.0000
0.0000
0.0000
0.0000
0.0000
0.9450
0.0000
0.0000
0.0000
0.5198
0.0000
0.0000
0.7512
0.0000
0.0000
0.0000
0.0000
0.0000
3.0607
0.0000
1.2863
0.0000
0.0000
0.0000
2.4615
0.0000
1.1007
0.0000
0.0000
1.5176
0.0000
0.4783
1.9473
0.0000
0.0000
0.7124
0.2075
0.0000
0.0000
0.0000
0.0000
0.0000
0.6449
0.0301
0.0000
0.0000
0.0000
0.0000
1.7039
0.0000
1.1151
0.0000
0.3844
0.4456
0.0000
0.0000
0.0000
0.0000
0.0000
0.2284
0.0000
0.0000
0.0000
0.0000
0.0000
0.0000
0.0000
0.0000
0.0000
0.3069
0.0000
3.5614
0.0000
0.0000
3.0690
0.0000
0.0000
0.0000
0.0000
0.8935
0.0000
0.0000
0.0000
0.0000
0.0000
0.0000
0.0000
0.5804
0.9173
3.0383
0.0000
0.0000
1.7109
0.0935
1.0753
0.0000
0.0000
0.0000
0.0000
0.0000
0.0000
1.5544
2.9424
0.3705
0.0000
2.1479
0.6181
0.0000
0.3799
0.0000
1.3146
0.0000
3.5950
0.0000
0.3885
0.0000
0.1187
0.0000
1.6628
1.0859
0.0000
0.0000
0.0000
0.0000
0.0342
0.0000
0.0000
0.0000
0.0000
0.1691
0.0000
0.0000
0.0000
1.1770
0.0000
0.9725
0.4241
0.0000
0.0000
0.0000
0.0000
0.5058
2.0305
1.1444
4.7095
0.0000
0.1153
4.9201
1.1249
0.0000
0.0000
0.0000
0.0000
0.0000
1.0014
0.0000
0.0000
2.8790
0.0000
0.0000
0.0000
0.7551
0.0641
1.3651
0.0000
1.3753
0.0000
0.0000
0.0000
0.7463
0.8555
2.2208
2.7287
0.0000
0.0000
1.3673
0.0000
2.2746
0.0000
0.0000
2.0182
0.0000
0.3922
0.2704
0.0000
1.2039
4.0134
0.0000
1.3456
0.0000
0.0000
0.0000
0.3252
0.0000
0.0000
0.0000
2.1180
1.2335
0.0000
0.0000
0.0000
0.0000
0.0000
0.0000
0.0000
0.0000
0.0000
0.0000
0.0000
0.0000
0.0000
0.0000
0.9375
0.0000
0.8201
0.8294
0.0000
0.3782
0.0000
0.0000
0.0000
1.3546
0.8913
1.6206
1.7914
0.1428
0.0000
2.0393
0.0000
0.0000
0.0000
0.4220
1.2050
0.6051
2.4487
0.0000
0.0000
2.9570
0.0000
0.0000
0.0000
0.8755
0.0000
0.0000
0.9860
0.0000
0.0000
0.0000
0.0000
2.1339
2.2414
0.0000
0.0000
0.0000
0.4353
0.0000
2.7498
2.1080
0.0000
0.0000
1.4947
0.0000
0.4350
0.0000
2.1255
0.0000
1.1240
0.0000
0.0000
1.2485
0.1666
0.4423
0.0000
0.0000
0.0000
0.1975
0.7628
1.3974
0.0000
0.0000
1.7699
0.0000
0.0000
0.0000
0.0000
0.0000
0.0000
0.0000
0.0000
0.0000
2.1087
1.0893
0.0000
1.1266
0.0000
0.3247
0.0000
0.0000
0.3352
0.7373
0.0000
0.0000
1.3115
1.2437
1.2715
0.0000
0.0000
0.0000
0.0000
0.8217
0.0448
0.0000
0.0000
0.0000
2.4017
0.6887
0.0000
1.1016
2.4577
0.0000
0.0000
0.0000
0.3034
1.7525
0.0000
0.0000
0.0000
0.0000
0.0000
0.0000
0.0000
0.0000
0.0000
0.4446
0.0000
1.0095
0.5735
1.5497
0.0000
0.0000
0.7378
0.0000
0.0000
0.0912
0.0000
0.0000
0.0000
0.0000
3.5647
0.8171
0.0000
0.0000
1.7232
0.0000
0.0000
1.4979
1.8039
2.2406
0.0000
1.4511
2.0679
0.0000
0.0000
0.0000
0.5860
0.0000
0.6213
0.0000
0.7895
0.0000
0.0814
5.5539
0.2840
1.5221
0.0000
0.0000
0.0000
0.0000
0.0000
0.0000
0.0000
0.0000
1.2676
0.0000
0.0000
0.0000
0.9177
0.7635
0.0000
0.0000
0.0000
0.0000
0.0000
0.2697
0.0000
0.0000
0.0000
1.8215
0.6656
0.0000
0.0000
2.6468
0.0000
0.8688
1.8779
0.0000
1.0144
0.0000
0.5107
0.0000
0.0000
0.0000
1.2861
0.0000
0.0000
0.4254
0.0000
0.0000
0.0000
0.0000
0.0000
2.5006
0.0000
0.5225
2.0244
0.4905
0.5693
0.0000
0.0000
0.1159
0.0000
0.0000
0.0000
0.0000
2.5433
0.0000
0.0000
0.0000
3.4418
1.3466
0.0000
0.3116
0.3683
0.0000
3.5047
0.0000
0.0000
0.0000
0.0000
0.0000
1.0145
0.0000
0.0000
0.0000
0.0000
0.0000
0.0000
0.1977
0.0000
0.0000
0.0000
0.0000
0.0000
1.2476
0.9520
1.7236
0.0000
1.7849
1.4178
0.0000
3.2904
0.2465
0.6610
2.7090
0.0000
0.0000
0.0000
0.0000
0.2962
0.5595
0.2038
0.0000
0.0000
0.3724
1.6879
0.0000
0.0000
0.0000
3.2029
0.0000
1.9825
0.0000
3.4414
0.0000
0.0000
1.7992
0.0000
1.1261
0.0000
0.0000
0.0000
0.0000
0.8122
0.8297
0.0000
1.4857
0.0000
0.0000
1.6409
0.5320
0.0000
2.0190
0.0000
0.0000
2.4136
0.0000
0.8101
0.0000
0.4484
0.0000
0.0000
2.3457
0.0000
0.0000
0.0000
0.0000
0.7571
1.7165
0.1346
0.0000
0.3816
0.0000
0.0000
0.0000
0.0000
0.0000
0.0000
1.2426
0.4713
0.0000
0.0000
0.0000
0.0000
1.5778
1.0572
0.0000
0.0186
1.6857
0.0000
2.8877
0.5501
0.0000
0.0000
0.0000
0.0000
1.9055
0.0000
0.0000
0.0000
1.8611
0.0000
0.0000
2.3446
0.0000
0.8824
2.5146
1.7471
0.0000
0.0000
0.0000
0.0000
0.0000
0.0000
0.5420
0.0000
0.1503
2.1270
0.4454
1.0470
0.0000
0.0000
0.0000
0.0000
0.0000
0.7868
1.4224
0.0000
0.0000
0.0000
0.0000
0.0553
0.0000
0.0000
0.0000
0.0000
0.0000
0.0000
0.0922
0.0000
1.1983
0.0000
1.1414
0.0000
0.0000
0.5277
0.3034
0.5763
0.0000
3.9699
0.1611
0.9762
0.0000
2.8080
0.0000
0.0000
0.0000
0.0000
0.0000
0.0000
1.2164
1.0762
0.1944
0.0000
0.0000
0.0000
0.0000
0.0000
1.1974
0.0000
0.0000
0.0000
0.1730
0.0000
0.0000
0.0000
2.8399
0.0000
0.0000
0.0000
0.6725
0.9582
1.1362
0.0000
1.6128
0.0000
0.0000
0.0000
0.0000
0.0000
0.0000
0.0000
0.0000
0.2390
0.0000
0.0000
0.0000
0.0000
0.0000
0.0000
0.0000
0.0000
0.4215
0.0000
0.0000
0.0000
0.2996
0.0000
1.6348
1.9799
0.0000
0.1628
0.0000
0.0000
0.0000
0.3922
0.0587
0.1778
1.7126
0.0000
2.5554
0.0000
0.0000
0.6215
0.0000
0.0000
0.0000
0.0000
0.0000
1.3733
0.3487
0.2090
0.0000
0.0000
0.0000
1.4515
1.6088
0.0000
1.1473
0.0000
0.0000
0.0000
2.0060
1.6310
1.3585
0.0000
0.0000
0.0000
0.0000
1.0475
0.0000
3.0838
0.5253
0.0000
1.4708
0.0000
0.0000
0.0000
0.0000
0.0000
1.3154
0.0000
0.3458
0.0060
0.8174
0.0000
0.0000
0.0000
1.4061
0.5472
0.0000
1.3583
2.2933
0.5990
1.5465
0.0000
0.0000
0.0000
0.4895
1.3178
0.6906
0.0000
0.4852
0.6655
0.1537
0.0000
0.8304
0.0000
0.0000
0.0000
0.7109
0.0000
1.7884
1.7555
0.0000
0.3768
0.3693
0.0000
1.4468
0.0000
0.0000
0.0000
0.4080
0.0000
0.0000
0.0000
0.0000
0.0000
2.2106
0.0000
0.0000
0.8660
0.8645
0.0000
0.9300
0.3369
0.0000
1.0997
0.0000
1.9631
0.1503
0.0000
0.9643
0.0000
0.6474
0.0000
0.5906
0.8935
0.0000
0.0000
0.0000
0.0000
0.0000
0.0000
0.0000
0.0000
0.3379
0.0000
0.0000
0.0000
1.7475
0.2080
0.0000
0.5765
1.7764
1.3286
0.0000
3.4632
0.0000
0.0000
0.0000
0.0000
0.0000
0.6725
0.0000
0.1964
0.1214
0.0000
0.0000
0.0000
0.3743
0.0000
0.0000
0.1243
0.0000
0.9705
0.6916
0.0000
1.1703
0.0000
0.0000
2.3927
0.0000
0.0000
0.0000
0.0000
0.3417
2.7365
0.0000
0.0000
2.2883
2.1972
1.6286
0.0000
0.0000
0.0000
1.0781
0.0871
0.0000
0.0000
2.7395
0.0000
3.3543
0.0000
0.6843
0.0939
0.7051
0.8514
1.2315
0.0000
3.9307
2.4988
0.0000
0.0000
0.2080
0.0000
0.0000
0.0000
0.0000
0.6928
0.1896
0.0000
0.0000
2.2445
0.0000
0.0000
1.9060
0.3834
0.0000
0.0000
0.0745
2.3041
1.0425
0.0000
0.0000
0.0000
0.0000
0.0000
0.4644
2.8234
0.1192
0.0000
0.0000
0.0000
0.0000
1.9374
1.8466
2.1852
1.8995
0.3062
0.0000
0.0000
0.0000
0.0466
4.1640
0.0000
0.0000
0.0000
0.0000
4.0857
0.7534
0.0000
0.0000
0.0000
0.0000
0.0691
0.8771
0.0000
0.0000
3.0265
0.0000
0.0000
0.0000
0.0000
0.2481
0.6947
2.0404
0.0040
0.0000
0.0000
1.8943
2.4000
0.0000
1.1444
0.0000
0.0000
0.0000
0.0000
2.8441
0.0000
2.8063
0.0000
0.0000
1.3634
0.0000
1.0664
0.0000
0.2046
0.0000
0.0000
4.4547
0.0000
0.0000
0.0000
0.0000
0.0000
0.0000
0.0000
0.8207
1.4386
0.0000
0.7301
0.0000
1.2156
0.0000
0.3099
0.2674
5.2021
0.0000
0.0000
0.0000
0.8082
2.5839
0.0000
0.0000
0.0000
0.0000
0.0000
1.1210
0.0993
0.5680
0.0000
0.0000
0.0000
0.5671
0.0000
0.0000
2.2284
2.5125
0.0000
0.0000
0.0000
0.0000
0.0000
0.0000
0.0000
5.0744
0.0000
1.8323
0.6208
0.0000
0.0000
0.0000
0.0673
0.0000
0.0000
0.2198
1.0452
0.0000
0.0000
0.0000
0.0000
2.9002
0.0000
2.2391
1.9185
0.0000
0.0000
0.0000
0.0000
0.0000
0.0000
0.0000
1.6737
0.0043
0.0000
0.2973
0.0000
0.5361
0.0000
0.0000
0.7360
0.0000
0.0000
2.0841
2.6945
0.9277
1.3140
0.0435
0.0000
2.2997
0.6199
0.0000
0.0000
0.0000
0.2980
0.0000
1.4078
0.0000
0.0000
0.0000
0.0000
0.0000
0.0000
0.2311
0.0000
0.4480
0.0000
0.9667
0.1702
0.0000
0.0000
0.0000
3.7469
0.0000
0.0000
0.0000
0.0000
0.6800
1.8997
0.0000
0.6611
0.0000
0.0000
0.3370
0.0000
2.2534
1.4299
4.7694
0.0000
0.7428
0.0000
1.2979
0.0241
0.0000
1.9570
0.0000
0.0000
0.0000
0.7362
1.5069
0.6895
0.0000
0.0000
0.8875
0.0000
2.5968
0.0000
0.0000
0.0000
0.0000
0.0000
1.1257
0.0000
0.7930
3.0720
0.0000
0.0000
1.8282
1.4810
1.5588
0.0559
0.5081
0.0000
2.3401
0.0000
0.0000
0.0000
0.0000
0.0000
0.1854
2.0156
0.0000
0.0000
2.9641
0.1785
2.4712
0.3241
0.1297
0.0000
0.0000
0.0000
3.6454
1.2733
0.0627
0.0000
0.0000
0.0000
1.7742
3.0362
0.9916
0.0000
0.6510
1.4802
0.6418
0.0000
2.3503
0.0000
0.0000
0.0000
0.9346
2.4894
0.0000
0.0000
0.0000
1.9106
0.0000
2.9295
0.0000
0.1800
1.5865
0.0000
1.2716
0.0000
0.0000
0.0000
1.2283
0.0000
0.0000
0.0000
1.1520
0.2070
0.0000
1.0527
1.0531
0.0000
0.0000
0.0000
0.5104
0.0000
0.0000
0.0000
0.3113
0.5661
0.0000
2.7171
0.0000
0.0000
0.0000
0.0000
0.0000
0.9967
1.0635
0.0000
0.9252
0.1272
0.0000
0.0000
0.7646
0.0000
1.5896
0.0000
0.0000
0.0000
0.0000
0.0000
0.6816
0.7373
0.0000
0.9235
0.0000
0.0000
0.0000
0.0000
0.0000
0.0000
0.0000
0.6824
0.0000
1.1136
0.5298
1.0671
0.0000
2.4662
0.0000
0.0000
0.2256
0.0000
0.0000
0.0000
2.4760
0.1390
0.0000
0.0000
0.0000
0.0000
0.0000
1.9146
0.0000
0.0000
0.0000
0.0000
2.3842
0.0000
0.0000
0.0000
1.6506
0.0000
0.1566
0.0000
0.0000
0.1783
0.8363
0.0000
0.0000
0.0000
0.0000
0.0000
2.8064
0.0000
0.0000
3.2636
0.0000
0.0000
1.0972
0.0000
0.9599
0.0000
0.0000
2.5733
0.0000
0.0000
2.3353
1.7489
0.6001
0.0000
1.1392
0.0000
0.3472
0.4544
0.0000
2.2743
0.0000
0.0000
0.0000
0.0000
1.5401
0.0000
0.5057
0.7832
0.6217
0.0000
0.0000
0.0173
0.0000
0.5153
2.1036
0.0000
0.0000
0.0000
0.0000
0.0000
2.7996
0.4536
0.0000
0.0000
0.0000
0.0000
0.0000
0.0000
0.0949
0.0000
0.0000
0.3527
0.0000
0.1733
0.0000
0.0000
0.5978
0.0000
0.0000
0.5887
0.0000
0.0000
0.0000
1.4021
0.4040
0.6695
0.2648
0.0000
0.0000
0.0000
1.8962
0.0000
0.0000
0.0000
0.0000
0.5397
2.1845
0.0000
0.0722
0.0000
0.0000
3.9294
0.0000
0.0000
0.0000
3.6862
1.7977
0.0000
0.0000
0.0000
0.0000
0.0000
0.3441
0.0000
2.7912
1.2073
0.0000
0.6580
3.8462
0.0000
1.5541
0.0000
0.0000
0.0000
0.0000
2.8212
0.0000
0.0000
0.0000
0.1190
0.7060
0.0000
0.0000
1.0934
1.2274
0.5098
0.0000
0.4067
1.5703
0.0000
0.0000
0.0000
0.7541
0.0000
4.0493
0.0000
1.1421
0.0000
0.1399
1.5314
0.0000
0.4889
0.0000
2.3160
0.4385
0.5763
1.7674
0.0000
0.6974
1.4106
0.3127
0.0000
0.0000
1.0889
0.0000
0.0000
0.0000
0.4274
0.0000
0.0000
1.8453
0.0000
0.0000
0.0000
1.6394
1.8762
0.0000
0.0000
0.3220
0.0000
0.8718
0.0000
0.0000
1.2555
3.3818
0.0000
0.0000
0.1079
0.0000
3.4456
0.6516
2.5430
0.0000
0.2488
0.0000
0.0000
0.0000
0.0000
0.0000
0.1815
0.0172
0.0000
2.9498
1.5365
3.3438
0.0000
0.0000
1.2208
0.0000
0.0000
0.0000
0.0000
0.0000
2.9713
0.4651
0.0000
1.4817
0.0000
0.0000
0.5745
1.7800
1.9760
0.8737
0.0465
0.0000
0.0000
2.0894
0.0000
0.7722
0.6710
0.0000
0.0000
0.0000
1.4961
3.1197
1.2379
0.5779
0.2849
0.0000
0.0000
0.5201
1.1082
0.0000
0.0000
0.0000
1.2593
1.0477
2.3326
0.0000
0.3603
0.0000
0.0000
0.0000
1.9965
2.9483
0.0000
0.0000
0.8256
1.7749
0.0000
1.2925
0.0000
0.0000
0.0000
0.0000
0.0422
0.0000
0.0000
0.2104
0.0000
2.7458
0.0000
0.0000
2.0212
0.8570
1.6192
0.0000
0.4321
0.3169
0.1617
0.0000
1.4914
0.0000
1.1517
0.3294
0.2748
0.0000
0.0000
0.0000
0.0000
0.0000
1.9438
1.8043
0.3111
0.0000
0.0000
0.0000
0.0000
3.3340
0.0000
0.0000
0.0000
2.3399
0.0000
0.0000
0.0000
0.0000
1.9568
0.0000
1.1054
1.6887
0.0000
0.0487
1.9972
1.3887
0.0000
0.0000
0.2470
0.0000
0.0000
0.0000
0.0000
0.0000
0.0000
0.0000
0.0000
0.0000
1.2726
0.0000
0.0000
0.3901
0.6350
0.0000
0.0000
0.0000
1.1349
0.0105
0.1535
0.0000
0.7619
1.7746
2.5369
1.3652
0.0000
2.3995
0.4732
0.0000
0.5890
0.0000
0.0000
0.0000
1.6644
0.0000
0.0000
3.4123
0.6579
0.0000
1.2229
1.1090
1.5244
2.1564
0.0000
1.4216
0.0000
0.0000
0.0000
0.0000
0.0000
0.0000
0.0000
0.0000
1.2754
2.6824
0.0000
0.0000
0.0000
0.0000
0.0000
2.4246
0.0000
1.3962
0.0000
0.0000
0.2502
0.0000
