0.6917
0.0000
0.0000
0.6639
0.0077
0.0538
0.0000
0.0000
0.0000
2.0416
0.7783
0.0000
0.4283
0.0000
0.0000
0.0000
0.0000
0.0000
0.0000
0.0000
0.5975
0.0000
2.1451
0.7775
0.8780
1.5535
0.0000
1.8211
0.0000
0.0000
0.0000
0.0000
0.5066
0.0000
0.4963
0.0000
0.0000
0.0000
1.9491
0.0892
0.0000
0.2209
0.0000
0.0000
0.0000
0.1610
0.0000
0.0000
0.0384
0.5348
0.0000
0.0000
0.0000
0.0000
0.0000
0.0000
1.1663
0.2208
0.0000
0.0000
0.0000
2.5583
0.0000
1.8613
0.0000
0.0000
0.0000
0.3348
0.0000
0.0000
1.4463
2.2164
0.0000
0.0000
0.0000
2.0589
0.0000
0.0000
0.0000
0.0594
0.2998
0.0000
0.1485
0.0000
0.0000
0.3686
0.1130
2.2936
0.1101
0.0000
0.0139
0.0948
1.7248
1.2700
0.0000
0.0000
0.0000
0.0000
2.9817
0.0000
0.0000
0.0000
0.1750
0.0000
0.5316
0.0000
0.0000
0.0000
2.6126
3.1034
0.0000
0.0000
0.1261
0.0000
0.0000
0.0000
1.2382
0.0000
0.0000
0.0000
1.2302
0.7997
1.3720
0.0000
0.4081
0.0000
1.3599
1.8567
0.1567
0.0000
0.0000
0.0000
0.0000
0.0000
2.3525
0.2073
1.8534
0.8231
0.0000
2.4988
2.7166
0.0000
1.3024
1.0771
0.4750
0.0000
1.3966
1.0753
1.0739
0.0000
0.3020
2.2067
0.3758
0.1275
0.0000
0.1592
0.0000
0.2482
0.0269
0.0000
1.6980
0.0000
0.9372
0.0000
0.0000
0.6560
0.5055
0.0504
0.0000
2.5009
0.0000
0.0000
0.0000
0.0766
0.0000
0.0000
0.0000
0.2543
0.0000
2.7592
1.8538
2.6684
0.0000
0.0000
0.0000
0.0000
0.8209
0.0000
2.3933
0.0000
0.0000
0.0000
0.0000
0.2797
0.0546
0.0000
0.0000
0.0000
2.4193
2.0774
0.0000
0.7037
0.4758
0.0000
1.2774
0.1707
0.0000
0.9390
0.0000
0.0000
0.0000
0.0000
0.0288
0.0000
0.0000
0.0000
0.0000
0.0000
0.0000
0.0000
0.2764
0.0000
0.0000
0.0000
1.6188
0.0000
0.0000
0.0000
0.0000
0.0000
0.3989
0.4524
0.0000
0.0000
0.7109
0.0000
2.2288
0.2038
1.6156
0.0000
0.0000
0.0000
1.2050
0.0000
0.0000
0.0000
0.0000
0.0000
0.3246
0.0000
0.6577
0.0000
0.0000
0.8758
0.0000
0.3704
0.0000
0.0000
1.6813
0.0000
0.0000
0.0000
0.0000
0.0000
0.4160
0.0000
0.0000
0.0000
0.0000
0.0000
1.7999
0.0000
0.0000
0.2278
0.6747
0.0000
0.4471
0.2861
0.3590
0.0000
2.8755
0.0000
0.7175
0.4825
0.2115
0.0000
0.3818
0.0000
0.0000
0.0000
0.0000
0.0000
0.0000
0.0000
3.0739
0.0000
0.0000
0.5131
0.0000
1.7975
0.0000
0.0000
0.0000
0.2162
0.3437
0.0000
0.3917
0.0000
0.0000
0.0000
0.0000
0.6201
0.3074
0.3558
1.8320
0.0000
0.0000
0.0000
0.0000
1.5424
0.0000
0.5117
0.0000
0.4875
0.0000
1.6633
0.0000
1.8388
0.0000
1.9581
0.0000
0.0000
0.0000
0.8421
0.3436
1.6250
1.9357
0.0000
0.0000
2.0991
0.0000
0.0000
0.0000
0.0221
0.0000
3.4206
0.0000
0.8392
0.0000
0.0000
0.0000
1.9988
0.0304
0.0000
1.0545
0.3610
0.0000
0.0000
1.3554
0.0000
0.0000
0.0000
0.0000
0.0000
0.0000
0.6354
0.0000
0.0000
0.0000
0.0000
0.0000
0.2725
0.0000
0.5430
0.0000
0.0000
0.0000
0.7203
0.0000
0.0000
2.0678
0.0000
0.0000
0.0000
0.0000
0.0000
0.9317
0.0000
0.0000
0.0000
2.0977
0.0000
0.0000
0.0000
0.0000
1.5753
0.0000
0.0000
0.0000
2.7311
0.0000
1.7631
0.0000
0.0000
0.0000
0.0000
0.0000
0.0000
1.3073
0.1637
0.0000
0.0000
0.0000
1.7051
0.5288
0.4541
0.0000
0.0000
0.0000
0.0000
1.2606
0.0000
1.1541
0.0000
0.0000
0.7887
0.0000
1.1007
0.0000
0.3808
0.0000
0.0000
0.0000
0.0000
0.0000
0.0000
1.8837
0.0000
1.3254
0.0000
2.9498
0.6293
0.0000
0.0000
2.3260
2.1824
0.0000
0.0000
2.7042
1.2083
0.5596
0.0000
0.0000
0.0000
0.0000
0.1334
0.0000
0.0000
1.7286
0.0000
0.4756
0.0000
1.3234
0.0000
0.1471
0.0000
0.2662
0.2666
0.0000
0.0000
0.0000
1.4683
0.3822
0.0000
0.0000
3.0677
3.1018
0.0000
0.4554
0.0000
0.3953
0.0000
0.5831
1.1312
1.1270
0.0000
0.0509
1.5917
0.0000
1.0442
0.0000
0.0000
0.0000
0.0000
1.3687
0.0000
0.0000
0.0000
0.1455
0.0000
0.0000
0.0000
2.3303
0.4470
0.7271
0.0000
0.3950
0.0000
0.0000
1.0285
1.8917
0.9544
0.0000
1.6051
0.2299
0.3800
0.0000
0.0000
2.0566
0.0000
1.2262
2.2587
0.0000
0.3796
1.2650
0.0000
0.6948
0.0000
0.0356
0.0000
0.0000
0.0000
0.0000
0.0000
0.2888
1.6124
0.0000
0.0000
0.0000
0.0000
0.0000
0.0000
0.0000
0.0000
0.0000
0.0000
0.0000
0.2904
0.0000
0.0000
0.0000
1.8829
0.0000
0.0000
0.0000
0.0000
0.5787
0.0000
0.0000
0.0000
0.7533
1.7828
0.0000
0.0000
0.6076
0.9489
0.0000
0.0000
0.0000
0.0000
0.0000
0.0000
0.0000
0.0000
0.0000
0.0000
0.0000
0.8724
0.0000
0.2321
0.1598
0.0000
0.0000
0.0000
0.0000
0.0000
0.0000
0.6249
1.7223
0.2448
0.0000
0.0000
0.0000
0.2813
0.0000
0.0000
0.0000
0.0000
1.5756
0.6175
0.0000
2.2548
0.0000
0.0000
0.0000
1.0742
1.0058
0.0000
0.4728
0.0000
1.1577
0.0000
0.0000
2.7277
0.0000
0.8902
0.6111
0.0000
0.1923
0.0000
1.5191
0.0000
0.0000
0.6285
0.0000
0.0000
0.0000
0.4870
0.0521
0.0000
0.0000
0.0000
0.0000
0.3166
1.3959
2.7813
0.0000
1.1476
0.0000
0.0000
1.1262
0.7785
0.0000
0.0000
1.0420
0.0000
0.0000
0.0000
0.0000
0.0000
0.0000
1.5673
1.5080
0.0000
0.0000
0.0000
0.0000
0.0000
0.0000
1.3175
0.0000
1.2460
0.8562
0.0000
0.0000
0.0000
0.3921
0.0000
0.0000
0.0000
0.5339
0.0000
0.0000
0.0000
0.0000
0.1319
0.7544
0.0000
0.0000
0.0000
0.0000
0.0000
0.0000
0.0000
0.0000
0.7726
0.0000
0.3569
0.0970
1.8294
0.8568
0.1836
1.7762
0.0000
0.4061
0.0000
0.0000
0.0000
0.5063
0.0000
1.9876
0.0000
0.0000
0.6351
0.0000
0.5344
0.0000
0.0000
1.2559
2.0855
0.0000
1.6971
0.3480
0.9059
0.0000
0.0000
0.0000
0.6849
0.0000
0.0000
0.0000
0.0000
0.2178
1.1367
0.1797
0.0000
0.8793
0.0000
0.0000
0.3693
0.0000
0.0000
0.2188
0.9496
0.0000
0.0000
0.4031
2.0530
0.2583
2.4339
0.0000
0.0000
0.6592
1.6263
0.0000
0.0000
1.2568
0.0000
1.6830
0.0000
0.0000
0.0000
0.0000
0.0000
0.6704
0.0000
0.0000
0.0437
0.0000
1.1063
0.6860
0.0000
2.9620
0.0000
0.0000
0.4189
0.0000
0.0000
0.0000
0.0000
1.8214
0.0000
0.0000
0.0000
0.3444
0.0000
0.0000
0.0000
1.6960
0.0000
1.3235
0.0000
0.0000
0.0000
0.0000
0.0000
0.5411
1.6234
0.0000
0.2747
0.0000
0.0000
2.2732
0.0978
0.0000
0.0000
0.0000
0.0000
0.1403
0.0000
0.0000
0.6842
3.0366
0.0000
0.0000
0.0000
0.0000
0.0000
0.0000
0.0347
0.0000
0.2341
0.0223
0.3798
0.0000
0.0000
1.2923
0.0000
0.0000
1.3391
1.7248
0.0000
0.8474
0.0000
0.0653
0.0000
0.0000
0.0000
0.0000
0.0000
0.5191
0.0000
0.0000
0.0000
0.0000
1.0211
0.9710
0.0000
0.0000
0.0000
0.0000
0.0000
0.0000
0.0000
0.0000
0.0000
0.0000
0.0000
0.7903
0.0000
0.0000
0.6890
0.0000
0.0938
0.0000
0.0000
0.0000
0.0000
0.0000
0.0000
0.2643
0.0000
0.0000
0.8492
0.0507
0.0000
2.0682
0.0000
0.0000
0.0000
0.0000
0.0000
1.4087
0.9394
0.0000
0.0000
0.0000
2.4216
0.0000
0.0000
0.0000
0.0000
0.0000
0.0000
0.0000
0.0000
0.0000
0.0000
0.0000
0.0000
0.0000
0.0000
1.6264
0.0000
0.0933
0.0000
0.0000
0.8577
0.0000
0.4048
0.0000
0.0000
0.0000
0.0000
0.0000
0.0000
0.0000
0.0000
0.0000
0.0000
0.0000
0.0000
3.1864
0.0000
0.0000
0.0000
0.0000
0.2978
0.0000
0.0000
0.0000
0.5269
2.2175
0.0000
0.0000
1.0153
1.1574
0.0000
0.0000
0.0000
0.0000
0.0000
0.3607
0.6044
0.0000
0.3063
0.0000
0.0000
0.0000
0.0000
0.0092
0.3502
0.0000
0.0000
1.5452
1.8674
0.0013
0.0000
0.0000
4.0185
0.0419
0.0000
0.0000
0.0000
0.0000
0.0000
1.6917
0.0000
0.0000
0.0000
0.0000
1.0710
0.0000
1.8372
0.7613
0.0000
0.0000
0.3142
1.5973
0.0000
1.5903
0.0000
0.0000
0.0000
0.0000
0.0000
1.1196
0.0000
0.0000
0.0000
0.0000
1.9320
0.0000
0.8749
1.0935
1.6610
1.1283
0.0000
0.0000
0.0000
0.9192
0.0000
0.0000
0.0000
0.0000
0.8705
0.0000
0.0000
0.7627
3.7575
0.8464
0.0000
0.0000
1.6381
0.0000
1.4490
0.0000
0.0000
0.0000
2.8531
0.0000
1.5878
0.0000
2.7347
0.0000
0.0000
0.0000
2.1649
0.0000
1.0925
0.0000
2.1216
0.0000
0.0000
0.0000
0.4447
0.7821
0.0000
0.0000
1.0079
0.1115
0.0000
1.5477
0.3955
1.7720
0.0000
0.0000
0.0000
0.0183
0.0000
0.0000
0.7922
0.0000
0.0000
0.0000
0.0640
0.5994
0.0000
0.0000
0.0000
0.2109
0.0000
0.0000
0.0000
0.0000
0.0000
0.0000
0.0000
0.0000
0.0000
0.8570
0.0000
2.4285
0.0000
0.0504
1.2155
0.0000
0.0000
0.0000
0.0060
1.2106
0.0000
0.0000
0.0000
0.0000
0.0000
0.5699
0.0000
0.0000
0.3711
0.0000
0.0000
0.0000
0.0000
0.0000
0.6559
0.0000
0.1307
0.0000
0.0000
0.0228
0.5311
0.0000
0.0000
1.1917
0.0000
0.0000
1.6403
0.0000
0.7500
0.0000
0.5963
0.0000
0.0000
2.2229
0.0000
0.0000
0.0000
0.0000
1.0638
0.0000
0.0000
2.9472
0.0000
0.7249
0.0000
1.5850
0.0000
0.0000
0.2813
0.0000
1.1104
0.0000
0.0000
1.2555
0.2587
0.4073
0.0000
0.0000
0.0000
0.0000
0.0000
0.0000
0.2870
0.0000
0.0000
0.0000
0.0947
0.0000
0.0000
0.1121
0.0000
0.0000
0.0000
0.6721
1.4656
3.0675
0.0000
0.0000
0.9638
0.9235
0.6642
0.8492
0.0000
0.0000
0.0000
1.9862
0.0000
0.1063
0.0000
0.0000
0.1153
0.0000
0.0000
0.0000
0.0000
2.1417
0.0000
0.1348
0.0000
1.8108
1.6369
0.0000
1.1185
2.8264
0.2733
0.0000
0.0000
0.0000
0.0000
0.0000
1.0093
0.0698
0.0000
0.0000
0.0155
0.0000
0.0000
0.9969
0.0000
0.4982
0.6459
0.0000
0.0000
1.1732
0.0000
0.0000
0.5636
0.0000
0.0000
1.2699
2.1776
0.0000
0.0000
0.7726
0.0000
1.7477
0.0000
0.0000
0.0000
3.1351
0.3413
1.3085
0.3881
1.1490
0.0000
0.0000
0.0000
0.0000
0.0000
0.1912
0.3027
0.7199
2.9010
0.0000
0.2549
0.0000
0.0000
0.4882
0.0000
0.0000
0.0000
0.0000
0.0176
0.0000
0.0000
1.0007
0.0000
0.0000
0.0000
0.0000
0.0000
0.0000
0.3943
0.9189
0.0000
0.0000
0.0000
1.9865
0.7330
0.0000
0.0000
1.9215
0.0000
0.2479
0.0000
0.0000
1.2604
0.5047
0.0000
0.0000
0.0000
0.0000
0.6584
0.9133
0.0000
0.0000
0.0000
0.0000
0.0000
0.0000
0.5678
2.1730
0.0000
0.5075
0.0000
0.0000
0.0000
0.3700
1.7478
0.0000
1.2054
0.1756
0.0000
0.0000
0.0000
1.9852
0.0000
0.0000
0.5778
0.0000
1.2966
0.0000
0.0000
0.0000
0.3190
1.8436
0.0000
0.0000
0.0000
0.1682
0.0000
1.8408
0.3121
0.0000
2.0348
0.0000
0.0000
0.0000
0.0000
0.0000
0.0000
0.7230
0.0000
0.3691
1.2608
0.0000
0.0000
1.3324
0.0225
0.0000
0.3324
0.0292
0.0585
1.3035
1.5251
0.0000
0.0000
0.0000
0.0000
0.0000
0.0000
0.0000
0.7882
0.0000
0.3775
0.0000
1.1240
0.0000
0.3992
0.0000
0.0000
0.0000
0.0000
0.0000
0.0000
0.0000
0.0000
0.0000
0.0000
0.0528
0.4483
0.0000
0.3619
0.0000
0.2445
0.0000
0.9724
0.0000
1.0363
0.0000
0.0000
1.2136
0.1267
0.9681
0.0000
0.0000
0.0000
2.8530
2.5765
0.0000
2.2357
0.0000
0.0000
0.0000
0.0000
0.0000
0.0612
0.9391
0.0000
0.0000
0.0000
0.0000
2.2181
0.5521
0.0000
0.0000
0.5186
0.0000
0.3525
0.0000
0.0000
2.4961
0.0000
0.0000
1.5601
0.4733
1.9151
0.6728
3.6225
1.1904
0.9760
0.0000
0.0000
0.0650
0.1455
0.2836
0.0000
0.0000
0.0000
0.0000
0.3012
0.0000
0.0000
0.0000
0.0000
0.0000
2.4711
1.3201
0.8117
0.0000
0.7860
0.0000
0.0000
1.3228
0.6598
0.0000
3.2117
0.0000
0.0000
0.2469
0.0000
0.0000
0.0000
0.0000
0.3269
0.0000
0.0000
0.1157
0.0000
0.0000
0.0000
0.0000
0.0000
0.1763
0.0000
0.0347
1.1073
0.0000
1.8815
0.0000
0.1131
0.0000
0.0000
0.0000
0.0000
0.0000
1.2039
0.0000
0.0000
0.0000
0.0000
0.0000
2.0217
0.0000
0.0000
0.0000
0.0000
0.0000
0.0000
0.0000
0.0000
0.0000
0.0000
0.1380
0.0000
0.9177
0.0000
1.4387
0.0000
0.0000
0.0000
0.0000
0.0000
0.0000
2.1329
4.2490
1.6818
0.0000
0.9737
0.0000
0.7857
0.0000
0.9925
0.0000
1.2869
0.2175
0.0000
0.0000
0.0000
0.0000
0.0000
0.0954
0.6073
0.0000
0.8154
0.0000
0.0000
0.0000
0.1939
0.0000
0.0000
2.2298
2.0423
2.1728
0.0681
0.4182
0.0000
0.0000
0.7705
1.3454
0.2148
0.0000
0.0000
0.0000
1.2902
0.0000
0.0000
1.4960
1.7081
0.0000
0.4252
0.0000
0.0000
0.0000
0.0000
0.0000
1.9332
2.4243
1.1418
0.0000
0.0000
0.0000
0.0000
0.0000
0.0000
0.0000
1.2651
0.0000
0.0000
0.0000
0.9849
0.3589
0.0000
0.0000
0.0000
0.4635
0.0000
0.0000
1.2971
0.0000
1.7343
0.0000
1.4684
0.0000
0.0000
0.0000
0.7308
0.9619
0.7940
0.1693
0.0000
0.0000
0.0000
0.0000
1.0743
0.0510
0.0000
0.0000
0.9267
0.0000
0.0000
0.0000
0.0000
0.0000
0.0000
0.0000
0.0000
0.0000
0.0000
0.1309
0.4492
0.8586
0.0000
1.1085
0.0000
0.0000
0.0000
0.0000
2.3352
0.9693
1.0640
0.7025
0.9935
0.0000
2.2331
0.0000
0.0000
0.4803
0.0000
0.0000
0.0000
0.4690
0.0000
0.0000
1.2154
0.0000
0.5300
1.1573
0.4337
0.7407
0.0000
2.6097
1.2510
0.0000
0.0000
0.1983
0.0000
0.0000
0.0000
0.0000
1.3463
1.6285
0.0000
0.6322
0.0000
0.0000
0.0000
0.0000
0.0000
0.0000
0.0000
0.1433
0.0000
0.0000
0.0000
0.5700
0.0000
0.9166
0.0000
0.5636
0.0000
0.0000
0.0000
0.0096
0.0000
0.0006
0.5125
1.4855
0.9484
1.4616
0.0000
0.0000
0.0000
2.0478
1.7611
1.5595
0.0000
0.0000
0.0000
1.3151
0.0000
0.5279
0.0000
0.5010
0.0000
1.3002
0.0216
0.0000
0.1069
0.0000
0.2328
0.0000
0.0000
0.0000
0.0000
0.0000
0.0000
0.1675
0.0000
0.0000
0.0000
0.0000
0.0000
0.0000
0.0000
0.0000
0.0000
0.7351
0.0000
0.0000
0.9939
0.0000
1.5846
0.0000
0.0000
0.0000
0.1090
0.0000
1.4123
0.0000
0.0000
0.0000
0.3587
0.1093
0.4403
1.8901
0.8420
0.2611
0.5293
0.4368
1.7222
0.0000
0.9061
0.0847
0.0000
1.3515
0.0000
0.0000
0.0000
0.2942
0.0000
0.0000
0.0000
0.0000
1.7259
0.0000
1.7111
0.0000
0.5382
0.0000
0.2723
0.4427
0.0000
0.0000
2.0416
0.4350
1.9592
3.4386
0.0000
0.0000
0.9449
0.4752
0.0000
0.0000
1.6972
2.1053
0.0000
0.1168
0.0000
2.6260
0.9696
0.0000
0.0000
0.2201
0.8507
1.1038
0.0000
0.0000
0.0000
0.0935
0.0000
0.2993
0.9295
2.9762
0.0000
0.0000
1.4434
0.9506
1.1978
0.0000
0.0000
0.0000
1.4615
0.0000
0.0000
0.3799
0.0000
0.0000
0.0000
2.4133
0.0000
1.3195
0.0000
1.3882
0.1649
0.0000
0.0000
0.0000
0.0000
0.0000
1.1697
0.0000
0.1819
1.0324
0.0000
0.0000
2.5285
0.0000
0.0000
0.2742
0.0000
1.1509
0.0450
0.0000
0.7483
0.9956
0.0573
0.0000
0.7981
0.0000
1.0654
0.0000
0.0000
0.0000
0.0000
2.1474
0.0000
3.2037
1.1291
0.0000
0.0000
0.0000
0.0000
0.0000
0.0000
0.0000
0.0000
0.0000
0.9786
0.0000
0.0000
0.0000
0.0000
0.1368
0.0000
0.0000
0.0000
0.0000
0.0000
1.1596
0.0000
0.2001
0.4900
0.0000
1.5165
0.0000
0.0000
0.0000
0.4235
1.7096
0.5550
0.0000
0.0000
0.0000
1.3642
0.0000
0.4146
0.0000
0.0000
0.0000
0.0000
0.0000
0.3182
0.7429
0.0000
0.6164
0.0000
1.9024
0.0000
0.0803
0.0000
0.6240
0.0000
0.0000
0.0000
0.0000
0.0000
0.0000
0.0000
0.7677
0.4953
0.8353
0.0713
0.0000
0.2288
0.0000
1.5282
0.0000
0.0000
0.0000
0.0000
0.0768
0.0000
1.5893
0.0966
0.0000
0.0626
0.0000
0.7737
0.0000
0.9755
0.0000
1.3204
0.0000
1.4604
0.0000
0.0000
0.0850
0.0000
1.7798
1.9003
0.0000
2.0328
0.3639
0.0000
0.0000
0.0000
3.6443
0.3075
0.0000
0.0000
0.0000
0.0000
0.0000
0.0000
0.0000
0.0000
0.0832
0.0000
0.0000
2.7791
0.4973
0.0000
0.0000
0.6614
0.1392
0.0000
0.0000
1.6215
0.0000
0.0000
0.5268
1.8767
0.0328
0.0000
0.9463
0.1746
0.0000
0.0000
0.0000
0.0000
2.5210
0.7921
0.0000
2.9812
1.8816
0.0000
0.0000
2.0006
1.1201
1.2110
0.4173
0.0000
0.5590
0.0000
0.0000
0.0000
0.0000
0.0000
0.0000
0.0000
0.0000
0.0000
0.0000
1.1997
0.0000
1.3884
0.0000
0.0000
0.0000
0.0000
1.1729
0.0000
0.3943
0.0000
1.5766
1.8940
0.0000
1.0513
0.0000
0.0000
0.0000
1.8738
2.1414
0.0000
0.8119
0.0000
0.0566
2.3677
1.0344
1.7276
0.0000
0.0000
0.0000
0.0000
3.3247
0.0000
0.6179
0.0000
0.3258
0.0000
0.0000
0.0000
0.0000
0.2818
0.0000
0.0000
0.0000
1.3928
0.0000
0.0000
0.0000
1.1994
0.0000
0.3941
0.0000
0.0000
0.0000
0.4377
0.1137
2.1287
0.0000
0.0000
0.0000
2.1203
0.0000
0.5691
0.0000
0.7834
0.0000
0.0000
0.0000
0.0000
0.0000
0.0000
0.0000
0.0000
0.0000
0.0000
1.3642
0.8792
0.9750
0.0000
0.0000
0.0000
0.0000
0.0000
1.6308
0.0000
0.0000
0.0882
0.0000
0.0000
0.0000
0.0000
0.0000
0.0000
0.0000
1.1675
0.0000
0.6425
0.0000
0.5891
0.0000
0.6879
0.2327
0.0000
0.0000
0.0000
0.0000
0.0658
0.0000
0.0000
0.0000
0.0000
1.7112
0.7748
0.0000
0.4410
0.0061
0.3378
0.0786
0.0000
0.0000
0.0000
0.0000
2.1024
0.0000
0.7731
0.0806
0.2830
0.0000
2.0415
0.0000
1.4188
0.0393
0.0000
0.0000
0.0000
0.0000
1.7824
1.3065
0.0000
1.7470
0.0000
0.0000
0.0000
0.0000
0.9037
0.0000
0.0000
0.0000
0.0000
0.1931
0.0000
0.0000
0.0000
0.0000
0.0000
0.0000
0.0000
0.3003
0.0815
0.8008
0.9987
2.0799
0.6936
0.3439
0.4270
0.3877
0.0000
0.0000
0.0000
0.0000
1.4719
1.7179
0.8169
0.0000
0.0000
0.0000
0.8856
0.7008
0.0000
0.0000
0.0000
0.0000
0.0000
0.0000
0.0000
0.0000
0.0000
0.0000
0.0000
1.8323
0.9448
0.0000
0.7447
0.0000
0.0000
0.0000
0.0000
0.0000
0.0000
0.8955
0.0000
0.0000
0.0000
0.8878
0.0000
0.0000
0.0000
0.0000
0.0857
0.4502
0.0000
0.0000
0.0000
0.0000
0.0000
0.0000
0.0000
1.1771
0.0000
0.8432
0.0000
1.4863
0.0000
0.1564
0.0000
0.0649
0.2398
2.9050
0.0262
0.0000
0.0000
0.0000
0.6294
0.0000
2.2764
0.0000
0.0000
0.0000
1.6463
0.6960
0.0000
0.0000
0.0000
0.0000
2.5803
0.0000
0.0000
0.0000
1.3982
0.0000
2.1415
0.1356
0.0000
0.3859
0.0000
0.0000
0.5115
0.0000
0.0000
0.0000
0.0000
1.2560
0.0000
0.5339
0.0000
0.0000
0.0740
0.0000
0.0000
1.4234
0.0000
0.0000
0.0000
0.6413
0.0000
0.0000
0.0000
0.0000
0.0000
0.5381
0.0000
0.0537
1.4567
0.0000
0.0000
0.0222
0.0000
1.4248
0.4242
0.0000
0.3257
0.0000
0.0000
0.0000
1.5908
0.0000
0.7731
0.3838
0.0000
0.0000
0.5860
0.3268
0.0000
0.0000
0.4576
0.0000
0.0000
0.0000
0.0000
0.0000
0.7769
0.0000
0.0000
0.0000
0.0000
0.0000
0.0000
2.0331
0.4507
0.0000
0.0000
0.6175
0.0000
0.0000
0.1651
1.3199
0.0000
0.0000
0.0000
0.1542
0.9444
0.2806
0.0000
0.0000
0.0000
1.9630
4.9908
0.0000
0.0000
0.7296
0.0000
0.4441
0.0000
0.7613
0.0000
0.0000
0.0000
0.0000
0.0410
0.0000
0.0000
0.0000
0.0000
0.0000
0.0000
0.0000
0.0000
0.6330
0.8349
0.0000
0.3998
0.6413
0.0000
1.2387
0.0000
0.0000
0.3410
0.4733
0.5303
0.6446
0.8658
0.0000
0.0000
2.9495
0.0000
1.1778
0.0000
1.4145
0.0000
0.0000
1.2876
0.0000
0.0000
0.0000
0.4383
0.0000
0.8253
0.5611
0.1147
2.4051
0.0000
0.7851
0.0000
0.0000
0.9890
0.0000
0.0000
0.3189
0.0000
0.0000
0.3954
0.0707
0.0000
1.1352
1.2624
0.1453
0.0000
0.9416
0.0000
0.0000
0.0000
0.0000
0.7711
0.0000
0.0000
0.0000
0.0000
0.0000
0.0000
0.4124
3.4702
0.0000
0.0000
1.3450
0.0000
0.0000
0.0000
0.0000
1.5894
0.0000
0.9008
0.0000
0.0000
0.0000
0.0000
0.0000
1.1707
0.8553
0.0000
0.0000
0.0000
0.0000
0.0000
0.2879
0.0000
0.0000
0.0000
0.0000
0.0000
0.1997
1.0413
0.0000
2.4622
0.0000
1.8124
0.0000
0.0000
0.0000
1.2850
0.4290
1.1159
0.0000
0.6498
0.3457
0.7188
0.0000
0.0000
0.0000
0.9275
0.0000
0.0000
3.1866
0.0000
0.0000
0.0000
0.0000
2.0085
0.8332
0.0000
0.0000
0.0000
0.0000
0.0000
0.0000
0.0000
0.1945
0.0356
0.7688
0.0000
0.0000
0.8057
0.2983
0.4158
0.0000
0.3349
0.4937
0.0000
0.0000
0.0827
0.0000
0.0904
0.0000
0.0000
0.5517
0.0000
0.4998
0.0000
0.0000
0.0000
1.4779
0.0000
0.6067
0.0000
0.0000
1.4991
0.0000
0.9309
1.1216
0.6449
0.0000
0.2490
0.0000
0.0000
0.0000
0.0000
0.1842
0.0000
0.0000
1.0965
0.0000
0.0000
0.0000
0.2518
0.0650
0.0000
0.5512
0.0000
0.2370
0.3862
0.0385
0.0000
0.0000
0.0000
0.0000
0.2341
0.0000
0.0000
0.0000
0.0000
0.0000
0.0000
0.0000
0.0000
0.5861
0.0000
0.0000
2.7535
0.0000
0.0000
1.3188
0.0000
0.0000
0.0000
0.0000
1.5211
0.0000
0.0000
0.0000
0.0000
0.0000
1.1387
0.0000
0.2106
1.0181
1.4012
0.0000
0.0000
2.1958
0.0000
1.8515
0.0000
0.0000
0.0000
0.0000
0.0000
0.9558
0.5637
1.6626
2.4989
0.0000
2.7647
0.7626
0.0000
0.0000
0.0000
1.8815
0.0000
1.9090
0.1802
0.1203
0.0000
0.0000
0.0000
1.7057
0.1059
0.0000
0.5900
0.0000
0.0000
0.0000
0.6220
1.0454
0.0000
0.0000
0.9863
0.0000
0.0000
0.0000
2.0228
0.3590
1.3050
0.0000
0.0000
0.8418
0.0000
0.0000
0.0000
2.9183
0.6868
2.6494
0.0000
1.4456
2.4603
1.5658
0.0000
0.1431
0.0000
0.0000
0.2490
0.1882
0.0000
0.3581
2.8145
0.0000
0.0000
0.0000
1.1529
0.4782
0.0000
0.0000
0.6003
0.5207
0.0000
0.0000
2.2491
0.7202
0.0000
1.2544
0.0000
0.0000
0.0000
0.0000
2.4847
0.0000
0.0000
2.2858
0.0000
0.3706
0.0000
0.0000
0.0000
2.6349
0.0000
0.0000
0.0000
0.0000
0.0000
0.7211
0.0000
0.0000
0.0000
1.9863
0.0000
0.8164
0.0000
0.0000
0.0000
0.0000
0.0000
0.0000
0.0000
0.0000
0.3348
0.0000
0.0000
0.0000
0.0000
0.0000
0.6573
1.6619
0.0000
0.0000
0.4393
0.0000
0.0000
0.0000
0.6353
1.1155
1.1530
0.3836
0.0766
0.0000
0.6552
0.0000
0.0000
1.2867
0.0018
1.8571
0.0000
1.3358
0.0000
0.0000
3.4337
0.0000
0.0000
0.7456
0.0000
0.0000
0.0000
0.0000
0.0000
0.0000
0.0000
0.0000
1.5304
0.3695
0.0000
0.0000
0.1370
2.4299
0.0000
2.1020
1.4670
0.0802
0.0000
0.4249
0.0000
1.0671
0.0000
2.3389
0.0000
1.0450
0.0000
0.0000
0.6306
0.0000
0.0000
0.0000
0.0000
0.0000
1.1814
0.3602
0.5849
0.0000
0.0000
2.2540
0.0000
0.0000
0.0000
0.1146
0.0000
0.5109
0.0000
0.0000
0.0000
1.5776
0.0000
0.0000
2.2633
0.2931
0.0000
0.0000
0.0000
1.0076
0.6009
0.0330
0.0000
1.8642
0.5532
1.8148
0.0000
0.0000
0.0000
0.0000
0.9332
0.8503
0.0000
0.0000
0.0000
0.0000
0.8093
0.0000
2.5466
3.3268
0.0000
0.0000
0.0000
0.4356
2.6575
0.0000
0.0000
0.0000
0.0000
0.0000
0.0000
0.0000
0.0000
0.2783
0.0000
0.0000
1.1772
0.8314
1.4807
0.0000
0.0000
0.1946
0.0000
0.0000
1.4407
0.0000
0.0000
0.0000
0.0000
3.9700
0.5633
0.0000
0.0000
0.1850
0.0000
0.0468
1.7006
1.8191
0.2151
0.0000
0.4534
1.7086
0.1645
0.0000
0.0000
0.0000
0.0000
0.0000
0.5437
0.8018
0.0000
0.0000
5.2729
0.5077
0.6944
0.0000
0.3852
0.1421
0.0000
0.0000
0.0000
0.0201
0.0000
0.6571
0.0000
0.0000
0.0000
1.5326
0.5296
0.0702
0.8206
0.0000
0.0000
0.0000
1.5558
0.0000
0.0000
0.0000
0.0415
1.2810
0.3708
0.0000
1.0772
0.0000
1.4747
1.9891
0.0000
0.6413
0.0000
0.0000
0.0000
0.0325
0.0000
1.6539
0.2564
0.0000
0.0000
0.0000
0.0000
0.0000
0.0000
0.4443
2.2697
0.0000
1.2895
0.1235
0.0000
0.3860
0.0000
0.2798
0.0000
0.0000
0.0000
0.0000
0.0000
2.3088
0.9491
0.0000
0.0000
2.0030
1.1380
0.0082
0.2824
0.0000
0.0000
1.6670
0.0000
0.0000
0.0000
0.0000
0.0000
0.4948
0.0000
0.0000
0.0000
0.0000
0.3194
0.0000
1.4053
0.0000
0.0000
1.2673
0.0000
0.0000
0.9492
0.5582
1.6450
0.0000
1.3684
2.0874
0.0000
2.2405
0.8512
0.4367
2.3265
1.5666
0.0000
0.4309
0.0000
0.0000
1.5334
0.0000
1.4693
0.0000
0.5399
0.1674
0.0000
0.0000
0.0000
2.0270
0.0000
1.8040
0.0000
4.3405
0.0000
0.0000
1.6683
1.3666
1.2286
0.0000
0.0000
0.0000
0.0000
1.6068
0.7474
0.0000
2.0258
0.0000
0.0000
0.9859
0.0000
0.0000
1.9892
0.0000
0.0000
2.2648
0.0000
1.9107
0.0000
0.2529
0.0000
0.0000
3.6271
0.0000
0.0000
0.0000
0.0000
0.0000
0.1421
0.8630
0.8395
1.0453
0.8203
0.5141
0.0000
0.9630
0.0000
0.0000
0.0327
0.5580
0.0000
0.0000
0.0000
0.0000
1.5928
1.3178
0.0000
0.0000
0.4342
0.0000
1.3598
0.0293
1.5552
0.0000
0.0000
0.0000
0.0000
0.0000
0.0000
0.3879
3.1709
0.5643
0.0000
1.1296
0.0000
0.3789
2.0948
0.5209
0.0000
0.0000
0.0000
0.0000
0.0000
0.0000
0.8457
0.0000
2.1543
0.1123
1.5199
1.0594
0.0000
0.0000
0.0000
0.0000
0.0000
0.0000
0.4191
0.0663
0.0000
0.0000
0.0000
0.9474
0.0000
0.0000
0.2619
0.0000
0.6563
0.0000
0.2860
0.0000
0.0000
0.2083
0.1709
0.0000
0.0000
1.3078
0.0000
0.3474
0.0000
3.2984
0.4044
0.7908
0.0000
1.2095
0.0000
0.0000
0.0000
0.0000
0.0000
0.0000
0.0000
0.3401
0.9087
0.0000
0.0000
0.0000
0.0000
0.0000
0.0000
0.0000
0.0000
0.0000
0.9942
0.0000
0.0000
0.0000
1.4350
0.0000
0.0000
0.0000
1.5939
0.0000
0.0000
0.0000
1.0701
0.0000
0.0000
0.0000
0.0000
0.0000
0.0000
0.0000
0.0000
0.0000
0.8130
0.0000
0.0000
0.0000
0.0000
0.0000
0.0000
0.0000
0.0000
0.7407
0.0000
0.0000
0.0000
0.0000
0.6673
0.2363
0.0000
0.0000
0.0000
0.0000
0.0000
0.0000
0.0000
0.0000
0.8655
0.0000
2.1182
0.0000
0.0395
0.0000
0.0000
0.0000
0.0000
0.0000
0.0200
0.7511
0.0006
0.2755
0.0000
0.0000
0.0000
0.6781
2.1719
0.0000
0.6524
0.0000
0.0000
0.0000
1.6595
0.0000
0.9075
0.0000
0.0000
0.0000
0.0000
1.0720
0.0000
2.0437
0.0000
0.0000
1.6235
0.0799
1.9073
0.2505
0.0000
0.0000
0.6630
0.0000
1.0000
0.0000
0.0000
0.0000
0.1019
0.0000
1.6212
0.2702
0.0000
0.6371
1.3699
1.7646
2.4332
0.0000
0.0000
0.0000
0.8832
0.6363
1.2949
0.0000
1.3361
0.0000
0.5862
0.0000
0.5769
0.4464
0.0000
0.0000
0.0000
0.0000
0.7073
0.5046
0.0000
0.0000
0.0000
0.0000
1.2203
0.0000
0.0000
0.0000
0.3330
0.0000
0.0000
0.0000
0.0000
0.0000
0.9218
0.1109
0.0000
0.1724
0.0000
0.0000
0.4734
0.6369
0.0000
0.0000
0.0000
1.7979
0.0000
0.0000
1.4143
0.0000
0.3154
0.0000
0.0000
0.5682
0.0000
0.1490
0.0000
0.0000
0.8708
0.0000
0.0000
0.0000
0.0000
0.0000
0.0000
0.0000
0.8244
0.0000
0.0000
0.0000
0.0686
1.1703
0.0000
3.3014
0.0000
0.0000
0.0000
0.0985
0.0000
0.6252
0.0000
0.0000
0.0000
0.0000
0.5187
0.0000
0.0528
0.0000
0.0000
0.0000
0.6366
1.3938
0.0000
0.0000
0.4281
0.0000
0.0000
1.0039
0.0000
0.0000
0.0000
0.0000
0.7622
0.4382
0.0000
0.0000
2.5308
0.2590
1.9722
0.0000
0.0000
0.5528
0.1906
0.0000
0.0000
0.0000
1.7184
0.0000
1.2539
0.0000
0.0000
0.1502
1.2396
0.6998
0.8786
0.0000
2.5934
1.0687
0.0000
0.0000
0.8220
0.6298
1.1649
0.9846
0.0000
0.0000
0.1381
0.0000
0.0000
1.6433
0.0000
1.1443
2.0210
0.0000
0.9048
0.0000
0.0000
1.9395
1.1920
1.1377
0.0000
0.0000
0.0000
0.0000
0.2738
2.3734
0.6738
0.0000
0.0000
0.0000
0.0000
0.8816
0.7401
0.0000
0.6407
0.0000
0.0000
0.0000
0.0000
1.1025
3.9058
0.0000
0.0000
0.0000
0.0000
3.2264
0.3861
0.0000
0.0000
0.3669
0.0000
0.0000
1.1079
0.0000
0.0000
2.9144
0.0000
0.0000
0.9713
0.5862
0.0546
0.3308
0.2567
0.0000
0.0000
0.0000
1.2971
1.4479
0.0000
0.0000
0.0000
0.0000
0.0000
0.0000
1.8817
0.0000
1.8016
0.0000
0.3205
1.7389
0.0000
1.2169
0.0000
0.0000
0.1830
0.0000
2.9972
0.0000
0.0000
0.0000
0.0000
0.0000
0.0000
1.1979
0.7255
0.2955
0.0000
0.7750
0.0000
0.0000
0.0000
0.1046
0.9157
4.6763
0.0000
0.0000
0.0000
0.0000
0.9250
0.0000
0.0000
0.0000
0.0000
1.0150
1.2815
0.0000
1.0350
0.0000
0.5081
0.0000
0.0000
0.0000
0.0000
2.4502
2.0119
0.0000
0.0000
0.0000
0.0000
0.0000
0.0000
0.0000
2.5858
0.0000
1.5150
0.1250
0.0000
0.0000
0.0000
0.2330
0.0000
0.0000
1.4753
0.4736
0.0000
0.0000
0.3150
0.0000
2.6515
0.0000
1.5406
0.9218
0.0000
0.0000
0.0000
0.0000
0.0000
0.0000
0.0000
2.4359
0.0000
0.0000
1.1125
0.0000
0.0000
0.0000
0.0000
1.9198
0.0000
0.0000
1.3276
2.0907
0.6585
1.9927
0.9001
0.0000
1.1787
0.0000
0.0000
0.0000
0.0000
0.5275
0.0000
0.4533
0.0000
0.0000
0.0000
0.0966
0.0000
0.0000
0.1253
0.0000
0.0000
0.0000
0.0149
0.1467
0.1879
0.0000
0.0000
3.0454
0.0000
0.0000
0.0000
0.0000
0.7278
1.2698
0.0000
0.0000
0.0000
0.3087
0.0967
0.0000
1.6942
0.5150
3.2135
0.0000
0.7884
0.0000
0.4767
0.7338
0.0000
0.9300
0.0000
0.0000
0.0000
1.5653
0.0000
1.1082
0.0000
0.0000
0.0965
0.0000
2.0584
0.0000
0.0000
0.0000
0.0000
0.0000
0.0000
0.0000
0.1457
2.3876
0.0000
0.0000
1.1632
1.7567
0.8276
0.0000
0.4106
0.6510
1.4526
0.0341
0.0000
0.0000
0.0000
0.0000
0.0815
0.9579
0.0000
0.0000
1.8691
0.0000
0.6810
0.9804
0.0041
0.0000
0.0000
0.0000
3.0242
0.0000
0.8369
0.0000
0.0000
0.0000
1.3666
2.6538
0.3074
0.0000
0.0000
0.8847
1.1444
0.0000
1.5004
0.0170
0.0000
0.0000
1.3897
2.1204
0.0000
0.0000
0.0000
0.4072
0.0000
1.8778
0.0000
0.0000
0.1201
0.0000
0.0000
0.0000
0.0000
0.0000
1.8835
0.0000
0.1385
0.0786
1.0319
0.5675
0.0000
2.6552
0.0000
0.0000
0.0000
0.0000
0.0000
0.4420
0.0000
0.0000
0.0000
0.0724
0.0000
3.0930
0.0000
0.0205
0.0000
0.0000
0.0000
2.3506
1.1962
0.0000
0.0000
0.0000
0.0000
0.0000
0.8833
0.0000
2.3895
0.0000
0.0000
0.0000
0.0000
0.0000
0.3997
0.7988
0.0000
0.0000
0.0000
0.0000
0.0000
0.0000
0.0000
0.0000
0.0000
2.0578
0.0000
0.0000
0.0876
0.0000
0.0000
1.9091
0.0000
0.0000
0.0225
0.0000
0.0000
0.0000
2.3761
0.0734
0.0000
0.0000
0.0000
0.0000
0.0000
2.0954
0.0000
0.0000
0.6332
0.0000
1.4960
0.0000
1.2359
0.0000
0.1105
1.2032
0.0000
0.0000
0.0000
0.9095
2.2840
0.0000
0.0000
0.1748
0.0000
0.0000
2.8998
0.0000
0.0000
4.0446
0.0000
0.0000
0.1205
0.0000
1.4586
0.0000
0.2274
1.1136
0.0000
0.0000
2.2195
2.2140
0.7135
0.0000
1.5447
0.0000
0.2012
0.0000
0.3256
0.2480
0.0000
0.0000
0.0000
0.0000
2.4366
0.0000
0.0000
0.8868
0.0000
0.0000
0.0000
0.0000
0.0000
0.8591
1.5093
0.0000
0.0000
0.0000
0.0000
0.0000
1.8385
0.0000
0.0000
0.0000
0.0000
0.0000
0.0000
0.0000
0.5498
0.0000
0.0000
0.0251
0.0000
0.0000
0.4359
0.0000
0.0000
0.7364
0.0000
0.5867
0.1556
0.0000
0.0000
0.6683
0.0636
0.0000
0.0000
0.0000
0.0000
0.0000
1.5594
0.2298
0.0000
0.0000
0.0000
1.0298
0.7777
0.8003
0.0000
0.0000
0.0000
2.0132
0.0000
0.0000
0.2130
3.3228
2.3396
0.0000
0.0000
0.0000
0.1714
0.0266
0.0000
0.0000
1.9496
0.9060
0.0000
0.0000
2.6645
0.0000
0.3106
0.0000
0.0000
0.0000
0.0000
2.5930
0.1069
0.0000
0.0000
0.0000
0.0000
0.0000
0.0000
1.8984
0.5314
0.0000
0.0000
0.6645
0.2492
0.0000
0.0000
0.0000
0.2896
0.0000
2.6111
0.0000
1.7431
0.0000
0.0000
1.8646
0.0000
1.7686
0.0000
1.5182
0.0000
1.7139
0.8031
0.0000
1.2018
0.3740
0.9207
0.0000
0.0000
0.0698
0.0000
0.0000
0.0000
0.6621
0.0000
0.0000
0.9831
0.0000
0.0000
0.0000
1.7166
0.1372
0.0000
0.0000
0.1759
0.0000
1.9511
1.5851
0.0000
1.1788
2.5023
0.3545
0.0000
0.4901
0.1628
3.9418
0.3327
2.6815
0.0000
0.0000
0.0000
0.0000
0.0000
0.0000
0.0000
0.0000
0.0000
1.1467
2.8217
1.0823
3.2856
0.4067
0.0000
2.5029
0.0000
0.0000
0.0000
0.0000
0.0000
2.6428
0.8081
0.0000
2.6522
0.0000
0.0000
0.7601
2.9640
2.1308
0.0000
0.0000
0.0000
0.0000
1.5604
0.4122
2.4216
0.7560
0.0000
0.0000
0.4630
1.6092
1.4215
0.8350
0.2069
0.3386
0.0000
0.0000
0.8779
1.7283
0.0000
0.0000
0.0000
1.3068
0.0959
1.6399
0.0000
0.0000
0.0000
0.0000
0.1455
1.2969
1.9459
0.1937
0.0000
0.9091
2.2097
0.0000
1.2635
0.0000
0.0000
0.1907
0.1529
0.5000
0.0000
0.0000
0.1551
0.0000
2.3072
0.0000
0.0000
0.9570
0.0000
0.5562
0.5965
1.0367
0.8229
1.7567
0.0000
2.5893
1.4211
0.0000
0.0000
0.0000
0.2398
0.0000
0.0000
0.0000
0.0000
1.3770
0.5979
0.8623
0.0000
0.0000
0.0000
0.0000
2.5893
0.1374
0.8194
0.0000
0.6695
0.0000
0.0000
0.0000
0.0000
1.1698
0.0000
0.9685
0.0534
0.7544
1.3145
1.3966
1.8207
0.0000
0.0000
0.9230
0.0000
0.0000
0.0000
0.0000
0.0000
0.0000
0.0000
0.0000
0.0000
1.2203
0.0000
0.4023
0.6965
0.0000
0.0000
0.2401
0.0000
1.0985
0.7150
0.2320
0.0000
0.8533
0.7574
3.0069
1.7881
0.0000
2.1494
0.5270
0.0000
0.0767
0.0000
0.0000
0.0000
0.6432
0.1927
0.1699
4.2737
0.7367
0.0000
2.1842
0.5048
2.4259
0.3463
0.0000
2.2254
0.4842
0.0000
0.0000
0.0000
0.0000
0.0000
0.0000
0.5321
1.0275
0.4559
0.0000
0.0000
1.2204
0.0000
0.0000
1.6777
0.0000
0.3418
0.0000
0.0000
0.6614
0.0000
