0.0000
0.0000
0.0621
0.0000
0.0000
0.7953
0.6657
0.0000
0.3973
3.6516
0.5033
0.0000
1.0116
0.4271
0.0000
0.0305
0.0000
0.0000
0.0000
0.0000
0.0000
0.0000
2.4519
2.3544
1.1742
1.1214
0.0000
1.8776
0.0000
0.0000
0.0000
0.0000
2.7988
0.0000
0.9852
0.0000
0.0000
0.0000
1.9516
1.4839
0.0000
0.0000
0.0000
0.0000
0.0000
0.3410
0.0000
0.0000
0.4762
0.0189
0.0000
0.0000
0.0000
0.0000
0.0000
0.0000
0.4868
0.0000
0.0000
0.0000
0.0000
2.4711
0.0000
3.0397
0.0000
0.0000
0.0058
0.8564
0.0334
0.3526
0.8393
1.3360
0.0000
0.0000
0.0000
3.0513
0.0000
0.0000
0.0000
0.0000
0.2008
0.0000
0.0000
0.4113
0.0000
0.4069
0.0000
2.3682
0.0000
0.0000
1.2505
0.0000
1.3395
0.9179
0.0000
0.0000
0.0000
0.0000
2.0218
0.0000
0.0000
0.0000
1.2074
0.0000
1.3877
2.2527
2.2714
0.1995
1.1182
3.0370
0.0000
0.5103
0.0000
0.8503
0.0000
0.0000
1.8338
0.0000
0.0000
0.0000
2.1463
0.4778
1.8229
0.9904
0.9721
0.0000
0.7176
2.1653
0.8552
1.1361
0.0000
0.0000
0.0000
0.0000
1.8868
0.0000
0.6784
2.5127
0.0000
1.3845
0.3652
0.9597
2.1104
0.3919
2.0222
0.0000
0.9138
1.6239
1.7720
0.0000
0.6022
3.1417
0.5932
1.8200
0.0000
1.1847
1.5024
0.0155
0.1666
0.0000
1.0144
0.0000
1.2161
0.0000
0.0000
1.2420
0.0000
0.0000
0.0000
2.6097
0.0000
0.0000
0.0000
0.0000
0.0000
0.0000
0.0000
0.5477
0.0000
3.0288
3.1253
1.6286
0.0000
0.0000
0.0000
0.0000
1.9807
0.0000
2.6757
1.4856
0.0000
0.0000
2.0110
0.0000
1.6460
0.0000
0.0000
0.0976
3.0251
2.5666
0.0000
0.5593
0.0000
0.0000
1.2822
0.0000
0.0000
1.8832
0.1523
0.0000
0.0000
0.0000
0.0000
0.1466
0.0000
0.0000
0.0000
0.0000
0.0000
0.0000
0.7377
0.0000
1.6345
0.0000
1.4127
0.0000
1.3220
1.0906
0.5157
0.0000
1.9167
0.0539
0.0000
0.0000
1.6646
1.1055
2.0164
0.3934
2.3887
0.0000
0.0000
0.0000
0.0000
0.0000
0.2479
1.2637
0.0000
0.0000
1.4812
0.0000
0.0000
0.0000
0.0000
0.0000
0.0000
0.5748
0.0000
0.0000
1.1069
0.0000
0.0000
0.0000
0.0241
0.4621
0.8390
0.0000
0.0000
0.2989
0.0000
1.4330
0.6695
0.7310
0.1044
1.3883
0.8224
0.0000
0.0000
0.4446
0.7750
0.6447
2.6379
0.0000
1.3632
0.0000
0.7250
0.0000
1.7893
0.0000
0.0000
0.0000
0.0000
0.0000
0.0000
0.0000
3.3986
0.0000
0.5372
1.7959
0.0000
2.5027
0.0000
0.0000
0.0000
0.0000
0.8984
0.0000
0.5836
0.0000
0.0000
0.0000
0.0000
0.7638
0.6984
0.9242
2.3110
0.0000
0.0000
0.0000
0.0000
2.0696
0.0000
0.9613
0.0000
0.0423
0.0000
2.5832
0.0000
1.0029
0.0000
1.5140
0.0000
0.0000
0.0000
0.0000
0.0000
0.8253
1.5821
0.0000
0.0000
3.2622
0.0000
0.0000
0.0000
0.0000
0.0000
2.8738
0.0000
1.2405
0.0000
0.0000
0.0000
2.9083
0.0000
0.0000
0.0000
0.4923
0.0000
0.0000
1.8635
0.0000
0.0000
0.0000
0.0000
0.0000
0.0000
1.2230
0.0000
0.0000
0.0673
0.4252
0.0000
0.0000
0.0000
0.0000
0.1742
0.0000
0.0000
0.0000
0.0000
0.0000
3.3588
0.0000
1.3101
0.0000
0.0000
0.0000
0.0000
0.0000
0.0000
0.0000
2.9914
0.0000
0.0000
0.0000
0.2409
1.4939
0.0000
0.0000
0.0579
1.3893
0.0000
1.4630
0.0000
0.0000
0.0000
0.0000
0.0000
0.0000
1.7028
0.0000
0.0000
0.0000
0.0000
0.8199
0.3373
0.8427
0.0000
0.0000
1.0191
0.0000
1.2906
0.4795
0.0000
0.0000
0.0000
1.8294
0.7408
0.8941
0.0000
0.9286
0.0000
0.0000
0.0000
0.0000
0.0000
0.0000
0.9645
0.0000
2.0291
0.0000
0.8121
0.5152
0.0000
0.0000
3.8816
1.2281
1.2327
0.0000
1.9409
3.2080
0.9808
0.6530
0.0000
0.0000
0.0000
1.7998
0.0000
0.7820
1.0370
0.0000
0.0000
0.0000
2.3553
0.0000
1.7995
0.0000
0.2628
0.2442
0.0000
0.0000
0.0000
1.5929
0.1236
0.0000
0.0000
2.2895
2.0398
0.0000
0.0000
0.0000
0.0000
0.0000
1.4410
0.9791
0.1037
0.0000
2.5280
1.0062
0.0000
0.2453
0.0000
0.0000
0.0000
0.0000
0.7204
0.0977
0.0000
0.0000
1.3765
0.0000
0.0000
0.0000
3.5750
0.0000
0.1624
1.2645
0.0000
0.0000
1.3306
0.0000
0.8863
4.0216
0.0000
1.3130
1.1397
0.5481
0.0000
1.3586
3.8533
0.0000
1.1716
2.1160
0.0000
0.8669
2.3941
0.0000
1.1911
0.0000
0.4034
0.4956
0.4670
0.0000
0.0000
0.0000
0.0000
2.3019
0.0000
0.2111
0.2714
0.0000
0.0000
0.6714
0.0000
0.0000
0.0000
0.0000
0.0000
1.3008
0.0000
0.0000
0.0000
1.0832
0.0000
0.0000
1.3919
0.0000
0.6864
0.0000
1.2903
0.0000
1.8653
0.7968
0.0000
0.0000
1.3753
2.1388
0.0000
0.0000
0.0000
0.0000
0.0000
0.0000
0.0000
0.0000
0.0000
0.0000
0.1503
0.5278
0.0000
0.7715
0.0000
0.0000
0.0000
0.0000
0.0000
0.0000
0.0000
0.1408
2.2834
0.0000
0.6890
0.0000
0.0000
0.0748
0.0000
0.0000
0.0000
0.0000
1.5296
0.6836
0.0000
2.0937
0.0000
0.0000
0.1875
1.8650
2.3955
0.0000
0.8402
0.0000
0.6916
0.0000
0.0000
4.0792
0.0000
3.3851
1.7340
0.9500
0.9077
0.0000
1.4609
0.0000
0.0000
0.4165
0.0000
1.3439
0.0000
0.0000
0.3861
0.0000
0.0000
0.0000
0.0000
0.5142
1.9604
1.9007
0.0000
1.4451
0.0000
0.0000
0.0000
0.0784
0.8507
0.0000
0.2330
0.0000
0.0000
0.0000
0.7168
0.0000
0.0000
0.0000
2.5125
0.0000
0.0000
0.0000
0.5516
0.4138
0.0000
0.0681
0.0000
0.7277
2.0291
0.0000
0.0000
0.0000
0.0000
0.2353
0.0000
0.0000
1.3212
0.0000
0.0000
0.0000
0.0000
0.0000
2.8658
0.0000
0.0000
0.2280
0.0000
0.0000
0.0000
0.0000
0.0000
1.2838
0.0000
0.5712
0.0000
2.6904
0.5656
0.4790
1.6629
0.0000
0.0531
0.0000
0.0000
0.0000
0.0000
0.3799
3.7485
1.6834
0.7667
0.1986
0.0000
0.0000
0.0000
0.9097
1.8698
1.3155
0.0000
1.5335
1.2065
0.6589
0.0000
0.0000
0.0000
0.0000
0.0000
0.0000
0.0000
0.0000
0.0000
1.6112
0.0000
0.0000
1.6242
0.0000
0.2270
1.7885
0.0000
0.0000
0.0000
0.0000
0.0000
0.0000
0.3315
1.6736
0.0427
2.8328
1.3224
0.3964
0.0000
0.2431
0.0000
0.4233
0.0000
0.0000
1.9941
0.0000
0.0000
0.2027
0.0000
0.0000
0.0368
0.0000
0.1437
0.0000
0.0000
0.0000
0.2026
0.0000
2.9218
0.0000
0.0000
0.6297
0.0000
0.6179
0.0000
0.0000
1.0304
0.0000
0.0000
0.0000
0.3951
0.0000
0.0000
0.3714
0.0000
0.1112
0.0000
0.0000
0.0000
0.8261
0.0000
0.3680
1.0957
0.0000
0.0000
0.0000
0.0199
0.0000
1.4358
1.0797
0.0000
0.0000
0.0000
0.0000
0.9500
0.6796
0.0000
2.0847
3.6656
0.0000
0.4610
0.0000
0.0000
0.0000
0.0000
0.0000
1.0936
0.7299
0.0000
1.9191
0.0000
0.0000
0.3377
0.0000
0.0000
1.9870
2.4701
0.0000
0.0000
0.0000
0.0000
0.0000
0.0000
0.0000
1.5904
0.0000
1.3259
0.0091
0.0000
0.0000
0.0000
0.0000
3.3659
0.0000
0.0000
0.0000
0.0000
0.0000
0.0000
0.0000
0.0000
0.0000
1.0700
0.0000
0.6930
0.0000
0.0000
1.2161
0.0000
0.0182
0.0000
0.0000
0.1004
0.0000
0.0000
1.3274
0.0000
0.0000
0.0000
3.0976
0.1671
0.0000
0.7890
0.4193
0.0000
0.0000
1.6248
0.0000
1.6200
0.4908
0.0008
0.2549
0.0000
2.1663
0.0000
0.3482
0.0000
0.0000
0.0000
0.0000
0.0000
0.0000
0.0000
0.0000
0.0000
0.0000
0.4309
0.0000
0.9681
0.0000
0.0000
0.0000
0.4460
0.9662
2.3324
0.0000
0.0000
0.0000
0.0000
0.0000
0.2245
0.0000
0.0000
0.0000
0.0921
1.3923
0.0000
0.0000
1.9428
0.0000
0.0000
0.2777
0.0000
1.2804
0.0000
0.0000
0.0000
0.0000
1.2864
0.0000
0.0000
1.6727
0.4539
0.0000
0.0000
0.0000
0.0000
1.0389
1.0127
0.8064
0.0000
0.1821
0.0000
1.4503
0.0000
1.2675
0.3081
0.0652
0.0000
0.0000
1.8335
1.5703
0.0000
0.0000
0.0000
2.7160
0.0000
0.0000
0.0000
0.0000
0.2031
0.3320
1.2675
0.0000
0.0000
1.4043
0.0000
1.6568
0.6594
1.8240
0.6703
0.0000
0.0000
0.3446
1.3178
0.0000
0.3319
0.0000
0.0000
0.1610
0.0000
0.0000
0.4139
0.0000
0.0000
0.0000
0.0000
0.8336
0.0000
0.0000
1.4557
2.2760
1.2902
0.0000
0.0000
0.0000
0.4809
0.0000
0.0000
0.0000
0.0000
0.0000
0.0000
0.0000
0.2226
3.2634
0.1254
0.0000
0.0000
1.3784
0.0000
1.1452
0.3847
0.0000
0.0000
2.6951
0.0000
1.0325
0.0000
2.1597
0.1136
0.0000
0.2234
1.7841
0.0000
1.7487
0.0000
2.3234
0.0000
0.0000
0.2835
0.7721
1.2532
1.4052
0.0000
2.9013
0.1843
0.8172
4.2570
1.2799
0.8819
0.0000
1.7322
0.0000
0.0000
0.0000
0.0000
0.0000
0.0000
0.0000
0.0000
0.0000
0.6759
0.0000
0.0000
0.0000
0.0000
0.0000
0.0000
0.0000
0.0000
0.2259
0.0000
0.0000
0.0458
0.0000
0.6868
0.7211
3.3494
0.0000
0.0000
1.2068
0.0000
0.0000
0.0000
0.6488
0.3440
0.0000
0.0000
0.0000
0.0000
0.0000
0.7873
0.0998
0.0000
0.9805
0.3109
0.0000
0.0000
0.5109
0.0000
2.1722
0.0000
0.5794
0.0000
0.0000
0.5564
0.0000
0.0000
0.0714
2.3822
0.0000
0.0000
0.9577
0.0000
0.2809
0.0000
0.0000
0.0000
0.3164
1.3881
0.0000
0.1795
0.0000
0.0000
0.9019
0.0000
0.0000
1.9300
0.0000
1.1655
0.0000
0.0000
0.0000
0.0000
1.1930
0.0561
0.8568
0.0000
0.0000
0.9368
0.0000
1.5481
0.0000
0.0000
0.3133
0.0000
0.2638
0.0000
0.2009
0.0453
0.0000
0.0000
0.0000
0.0000
0.0000
0.1285
0.0000
0.0000
0.9609
0.2734
1.0062
3.8475
0.0000
0.0000
0.0000
1.3037
0.1173
1.3835
0.0000
0.0000
0.0000
2.1628
0.0000
0.9547
0.0000
0.0000
0.0000
0.0000
0.0000
0.0000
0.0000
1.9141
0.0000
0.1728
0.1741
2.9114
1.5305
0.0000
2.1669
2.5846
0.0000
0.0000
0.0000
0.0000
0.0000
0.0000
0.4197
1.7285
0.0000
0.0000
0.0000
0.0000
0.0000
1.8602
0.0000
1.1874
1.1059
0.0000
0.0000
0.1885
0.0000
0.0000
0.4794
0.0000
0.0000
1.4582
1.4244
0.0000
0.0000
0.0000
0.0000
1.7831
0.0000
0.0000
0.0000
2.6013
0.4808
1.9139
0.3117
0.3258
0.0000
0.0000
0.7800
0.0000
0.0000
0.0000
0.0000
0.3087
3.1885
0.0000
0.0000
0.0000
0.0000
0.0000
0.0000
0.0000
0.0000
0.0000
0.0000
0.0000
0.0000
0.0000
0.0000
1.3258
0.0000
0.0000
0.0000
0.0000
0.3485
0.3857
0.3547
0.0000
0.0000
1.9224
0.2903
0.0000
0.0000
2.1723
0.0000
0.0000
0.0000
0.0000
2.1464
0.0000
0.0000
0.0000
0.0000
0.0000
0.7874
1.1322
0.0000
0.0000
0.0000
0.0000
0.0000
0.0000
1.7251
2.9336
0.0000
0.8517
0.3310
0.6413
0.0000
0.0000
1.9501
0.0000
1.0154
0.0000
0.0000
0.0000
0.0000
1.8366
0.0000
0.0000
0.7613
0.0000
1.6429
0.3047
0.0000
0.0000
1.7886
1.5235
0.0000
0.8919
0.0000
0.8317
0.0000
1.9348
0.0000
0.0000
2.0523
0.0000
0.0000
0.0000
0.0000
0.0000
0.0000
0.4838
0.0000
0.3059
0.3607
0.0000
0.0000
0.5222
0.0364
0.0000
1.5896
0.0000
0.0065
0.0000
0.4600
0.0000
0.5905
1.4311
0.0000
0.0000
0.0000
0.0000
0.0000
0.8572
1.3245
0.0000
1.6016
0.0000
0.0000
0.0000
0.9895
0.4047
0.0000
0.1681
0.0000
0.0197
0.0845
0.0000
0.0000
0.0000
0.9020
0.0000
0.0000
0.4081
0.0000
0.2281
1.7606
0.0000
0.6649
0.0000
0.0000
1.4607
0.0000
1.6345
0.0000
0.7683
0.0000
3.0296
1.3092
0.0000
3.3076
0.0000
0.0000
0.0000
0.0000
0.0000
0.1539
1.5271
0.1932
0.0000
0.0000
1.2808
3.3445
1.1697
0.0000
0.0000
0.6923
0.0000
0.0000
0.0000
0.0000
2.2178
0.0000
1.1863
0.6645
0.5706
1.1807
1.8790
3.9404
0.0000
0.2598
0.0000
0.0000
1.0870
0.0698
0.4007
0.5698
0.0000
0.7371
0.0000
0.0000
0.4866
0.0000
0.0000
0.0000
0.0000
1.0871
1.5282
1.8147
0.0000
0.5241
0.0000
0.0000
1.5711
2.0866
0.0000
1.9958
0.0000
0.0000
0.2565
1.0307
0.0000
0.6069
0.0000
1.8029
0.2063
0.0000
0.9621
0.0000
0.0000
0.0657
0.0000
0.0000
0.2937
0.6801
1.5041
1.0778
0.6242
2.0487
0.0000
0.0000
0.0000
0.0000
0.0000
1.4066
0.0000
0.8110
0.0000
0.0000
0.1616
0.0000
1.5589
3.5306
0.0000
0.0000
0.0000
1.5696
0.0000
0.0000
0.0000
0.0000
0.0000
0.1700
0.0844
0.0000
1.7966
0.0000
0.0000
0.0000
0.0000
0.0000
0.0000
0.0000
0.0000
0.5750
4.2342
2.0633
0.3172
0.0000
0.0000
1.0116
0.5403
0.8700
1.3465
1.0877
0.0000
0.0000
0.0000
0.2517
0.0000
0.0000
0.3347
0.0000
0.0000
0.0000
0.0000
0.0000
0.0000
0.0459
0.0000
0.0000
2.8026
2.4646
2.5038
1.5775
0.0093
0.0000
0.0000
1.2040
1.7706
1.0932
0.0438
0.0000
0.0000
1.3144
0.0000
0.8213
1.8044
1.9516
0.2131
1.9529
0.0000
0.0000
0.0000
0.0000
0.0000
1.7060
0.5524
1.0751
0.0000
0.0000
0.0000
0.0000
0.0000
0.0000
0.0000
0.6295
0.0000
0.0000
0.0000
1.9346
1.2078
0.0000
0.0000
0.0000
0.0000
0.0000
0.0000
0.0000
0.6379
1.0671
0.0000
0.0000
0.0000
0.0000
0.0000
1.8510
0.4668
2.9885
0.0000
0.0000
0.0000
2.1606
0.0000
1.9666
0.5103
0.0000
0.0000
1.1385
0.0000
0.0000
0.0000
0.0000
0.0000
0.0000
0.0000
0.0817
0.0000
0.6418
0.0000
0.4812
0.4459
0.0000
2.0193
1.4753
0.0000
0.0462
0.0000
1.6231
0.3553
0.1815
0.6227
2.1766
0.9674
2.2297
0.0000
0.0000
0.0000
0.0000
0.0000
0.0000
0.0000
0.0000
0.0000
1.9936
0.0000
0.0000
1.3038
2.0472
0.6070
0.0000
3.1731
0.0000
0.0000
0.0000
0.0000
0.0000
0.0000
0.2305
0.0000
1.9412
0.4222
0.0000
1.1511
0.6635
0.0000
0.0000
0.0000
0.0000
0.0000
0.0000
1.7321
0.0000
0.0000
0.1206
2.3424
0.0000
0.0000
1.3048
0.2462
0.9787
0.0000
0.0000
0.6042
0.0000
0.3039
1.5686
1.0806
0.5021
1.3914
0.0000
0.0000
0.5037
0.8169
3.3014
1.5104
0.0000
0.0000
0.3002
0.8630
0.8470
0.0820
0.0000
1.1148
0.0000
1.8753
0.3012
0.0000
0.0000
0.0000
0.0000
0.0000
0.0000
0.1349
0.0000
0.0000
0.0000
0.6691
0.0000
0.0000
0.0000
0.0000
0.0000
0.0000
0.0000
0.0381
0.0000
1.8248
0.0000
0.0000
0.4003
0.0000
1.6356
0.0000
0.0000
0.0000
0.7986
0.0000
1.4369
0.0000
0.0000
0.0000
0.9708
0.0000
2.7714
2.6433
0.5414
0.4688
0.7136
0.5314
0.0000
0.0537
0.0000
0.7961
0.2749
0.9832
0.0000
0.0000
0.0000
1.2103
0.0000
0.0000
0.0000
0.0000
1.2354
0.8330
2.0537
0.5869
0.0000
0.0000
0.0000
0.0000
0.0000
0.0000
1.1132
1.2870
1.6754
1.4846
0.0000
0.0000
0.0000
1.3496
0.0000
1.3618
0.8998
0.0423
0.0000
0.0000
0.0000
2.3429
0.8046
0.6069
0.3518
0.9824
3.0426
1.3163
0.0000
0.0000
0.0000
0.0000
0.0000
0.3064
0.7835
3.1008
0.0000
0.0000
2.3734
0.8076
1.5300
0.0000
0.0000
0.0000
0.3705
0.0000
0.0000
0.0000
0.0000
0.0000
0.0000
2.4814
0.0000
0.3002
0.0000
1.9136
1.6151
0.0000
0.0000
0.0000
0.0000
0.0000
1.5635
0.0000
0.0000
3.0055
0.0000
0.0000
3.4232
0.0000
0.7876
0.2294
0.0000
0.9730
0.0000
0.0000
1.3061
0.5559
1.2200
0.0000
0.0000
0.0000
0.6774
0.0000
0.0000
0.0000
0.0000
2.7654
0.0000
1.0024
2.6463
0.1851
0.0000
0.0000
0.0000
0.0000
0.0000
0.0000
0.4455
0.2356
0.0000
0.0000
0.0000
0.0000
0.0000
0.3375
0.0000
0.0000
0.0000
0.0000
0.0000
3.4971
0.0000
1.1177
1.8176
0.0000
3.4480
0.0000
0.0000
0.0000
2.5213
0.5851
0.0099
0.0000
0.0000
0.0000
1.4009
0.0000
0.9708
0.0000
0.0000
0.0000
0.4648
0.0000
1.6497
0.0000
0.3761
0.7250
0.0000
2.1230
0.0000
2.2879
0.3504
0.1007
0.0000
0.1636
0.0000
0.0000
0.0000
0.0000
0.0000
1.1184
2.2010
0.0000
1.2951
0.0000
0.0000
0.0000
2.1859
0.0000
0.0000
0.0000
0.0000
1.0656
0.0000
1.1459
1.2746
0.0000
0.0000
0.0000
1.2188
0.7225
1.7880
0.7353
0.2246
0.0000
1.2167
0.0000
0.0000
0.6879
0.0000
1.4779
0.3412
0.0000
2.4071
0.0000
0.0173
1.5012
0.0000
5.1609
0.0000
0.1661
0.0000
0.0000
0.0000
0.0000
0.0000
0.0000
0.1098
0.7945
0.0000
0.0000
2.1485
0.2218
0.0000
0.0000
0.0000
0.0000
0.0000
0.0000
1.0647
0.0000
0.0000
0.0000
2.7122
1.7645
0.0000
0.4095
0.4842
0.1582
0.0000
0.0000
0.0000
2.3568
0.0902
0.0000
3.1184
3.0889
0.0000
0.0000
1.0822
1.1775
0.2993
0.0000
1.4208
1.8058
0.0000
0.5609
0.0000
0.0000
0.0000
0.6970
0.6160
0.0000
0.0000
0.9045
2.0815
0.0000
0.5140
0.3027
0.0000
0.0000
1.2530
0.0000
0.0000
0.1097
0.0000
1.6547
2.3726
0.6085
0.0000
0.0000
0.0000
0.0000
2.2767
1.1336
0.0000
0.0000
0.0000
0.0000
2.6369
2.3650
0.7701
0.0547
0.0000
0.0000
0.0000
2.6573
0.0000
0.0805
0.0000
0.3870
1.4936
0.0000
0.0000
0.0000
0.0000
0.0000
0.0000
0.0000
0.3402
0.0000
0.0000
0.0000
2.3456
0.0000
1.6409
0.0000
0.0000
0.3547
1.7040
0.0000
2.1383
0.0000
0.0000
0.0000
0.8469
0.0000
1.5267
0.0000
0.5475
0.0000
0.0000
0.0464
0.0000
0.0000
0.0000
0.0000
0.2664
0.2851
0.0000
3.5737
1.5282
0.0459
0.0111
0.0000
0.0000
0.2940
0.0000
1.1740
0.0000
0.0000
1.3166
0.0000
0.0000
0.0000
0.0000
0.0000
1.0649
0.0000
0.0000
0.0000
1.6125
0.0000
0.0000
0.0000
0.0000
2.0643
0.0000
0.0000
0.0000
0.0000
1.3729
0.0000
0.0000
0.0000
0.0000
1.1084
0.0000
0.0000
0.4267
0.0000
1.0034
0.9454
0.0000
0.0000
0.0000
0.0000
2.7093
0.0000
0.4786
0.0000
0.8485
0.0000
2.5458
0.0000
1.1632
0.0000
1.1485
0.0000
0.3858
0.0000
1.0197
1.5480
0.0000
1.9105
0.0000
0.0428
0.0000
0.0000
0.0000
0.0000
0.0000
0.0000
0.0000
0.0000
0.0000
0.0000
0.0000
0.0000
0.0000
0.3678
0.0000
0.0000
1.5435
1.5896
0.6102
2.5959
0.2945
0.5865
0.0000
0.0000
0.0000
0.0000
0.0000
0.0000
2.5401
1.5964
1.2623
0.0000
0.0000
0.4282
1.9813
0.3402
0.0000
0.0000
0.0000
0.0000
0.0000
0.0000
0.0553
0.0000
0.0000
0.0000
0.0000
1.7733
0.8173
0.0000
3.0515
0.0000
0.0404
0.1744
0.0000
0.7247
0.0000
0.0000
0.0000
0.0000
0.0000
1.5140
0.0000
0.0000
0.0000
0.0000
0.0000
0.0000
0.0000
0.0000
0.0000
0.0000
0.0000
0.0000
0.0000
2.1828
0.0126
1.1095
0.0000
1.9732
0.0000
0.1630
0.0000
0.6670
0.0000
2.0152
0.0000
0.0000
0.0000
0.5275
0.0578
0.0000
3.0643
0.1618
0.0000
0.0000
1.7619
0.6558
0.0000
1.3880
0.0000
0.0000
3.3520
0.0000
0.0000
0.0000
3.2071
0.3413
2.0299
1.1274
0.0000
0.1138
0.0000
0.2120
0.3899
0.0000
0.0000
0.0000
0.0000
2.1648
0.0000
1.8708
0.0000
0.0000
0.0000
0.0000
0.0000
1.9675
0.0000
0.0000
0.0000
0.3700
0.0000
0.0000
0.1449
0.0000
0.0000
2.2681
0.0000
0.8559
2.5705
0.0000
0.0000
0.8406
0.8953
1.3896
0.0000
0.0000
0.0000
0.7378
0.0000
0.2133
1.6003
0.0000
1.6287
0.2322
0.9068
0.0000
0.4310
1.0008
0.0000
0.0000
2.7792
0.0000
0.0000
0.0000
0.0000
1.0531
0.0000
0.0000
0.0000
0.6435
0.0000
0.3092
0.0000
0.4421
1.3339
0.0675
0.0000
2.1349
0.0000
0.0000
0.0897
0.0000
0.0062
0.0000
0.0000
0.0000
0.0000
1.6887
0.0000
0.5603
0.0000
2.0637
4.4000
0.0000
0.0000
1.3174
0.0427
0.8370
0.0000
0.0000
0.0000
0.0000
0.0000
0.0000
0.0000
0.0000
0.0000
0.0000
0.0000
0.0000
0.2711
0.0000
0.0000
2.2870
0.0000
0.0000
1.4874
0.0000
0.0000
1.6419
0.0000
0.0000
1.2220
0.3435
0.2605
0.6328
1.2894
0.0000
0.0000
3.1374
0.0000
1.0664
0.0000
2.7978
0.0000
0.0000
1.0166
0.0000
0.0000
0.0000
1.5574
0.0000
1.1403
0.3034
0.0000
1.5578
0.0000
0.0000
0.0000
0.3700
1.2424
0.0000
0.0000
1.5949
1.0563
0.6514
0.2944
0.0000
0.0000
2.5392
0.6109
0.0000
0.6827
1.6860
0.0000
0.0000
0.3063
0.0000
0.5861
0.0000
0.0000
0.7535
0.0000
0.0000
0.0000
0.0000
4.4358
0.0000
0.0000
2.3471
0.0000
0.2994
0.0000
0.0000
1.2871
0.0000
0.3768
0.0000
0.6551
0.0000
0.0000
0.0000
0.6136
0.7477
0.0000
0.9542
0.0000
0.0000
1.3994
0.1295
0.0000
1.4551
0.0000
0.0000
0.0000
0.1332
0.3364
0.0000
2.7494
0.0000
0.8818
0.0000
0.0000
0.0000
0.6096
1.2430
1.6340
0.2049
0.9671
0.0916
0.5069
0.0000
0.0000
0.0000
1.0266
0.0000
0.0000
4.1924
0.8025
0.0000
0.0000
0.0000
4.0783
1.8109
0.7644
0.0000
0.0000
0.0000
0.0000
0.2698
0.0000
0.0000
0.0561
0.0000
0.0000
0.0000
0.4136
0.0000
0.2526
0.0000
0.5698
0.0000
0.0000
0.6119
0.0000
0.0000
0.0000
0.0000
0.0000
2.6374
0.0000
1.2918
0.0000
0.0773
0.0000
2.2234
0.0000
1.4018
0.0000
0.0000
1.2145
0.0000
0.3064
1.3059
0.0000
0.0000
0.9850
0.0538
0.0000
0.0000
0.0000
0.0000
0.0000
1.4228
0.4190
0.0000
0.0000
0.0000
0.0000
0.8487
0.0000
1.2337
0.0000
0.2818
0.4406
0.0000
0.0000
0.0000
0.0000
0.0000
0.0000
0.0000
0.0000
0.3364
0.0000
0.0000
0.0000
0.1995
0.0000
0.2612
0.0153
0.0000
3.2225
0.0000
0.0000
2.7904
0.0000
0.0000
0.0000
0.0000
0.9514
0.0000
0.0000
0.0000
0.0000
0.0000
0.0343
0.0000
0.5448
0.6214
3.1468
0.0000
0.0000
1.4432
0.0000
1.4811
0.0189
0.0000
0.0000
0.0000
0.0000
0.0000
1.2549
2.4461
0.2986
0.0000
1.6957
0.7749
0.0000
0.4164
0.0000
1.5346
0.0000
3.0583
0.0624
0.4999
0.0000
0.7239
0.0000
2.0419
1.5391
0.0000
0.0000
0.0000
0.0000
0.0000
0.0000
0.0000
0.0000
0.0000
0.0889
0.0000
0.0000
0.0000
1.7216
0.4152
0.7688
0.0000
0.0000
0.0273
0.0000
0.0000
0.8192
2.1487
1.4434
4.7055
0.0000
0.5809
4.0885
0.8928
0.0000
0.0000
0.0000
0.0000
0.0000
0.9629
0.0000
0.0000
2.7103
0.0000
0.0000
0.0000
0.3477
0.2765
1.6907
0.0000
1.1433
0.0000
0.0000
0.0000
0.5264
0.9308
2.2709
2.5048
0.0000
0.0000
1.5367
0.0000
2.5441
0.0000
0.0000
1.2594
0.0000
0.0117
0.4113
0.0000
1.4418
4.0033
0.0000
1.6438
0.0000
0.0000
0.0000
0.4556
0.0000
0.0000
0.0000
1.7163
0.4359
0.0228
0.0000
0.0000
0.3257
0.0000
0.0622
0.0000
0.0000
0.0000
0.0000
0.0000
0.0000
0.0000
0.0000
1.0589
0.0000
0.2074
0.6274
0.0000
0.8634
0.0000
0.0000
0.5553
0.6841
1.2852
2.4712
2.0093
0.5737
0.0000
2.4910
0.0000
0.0000
0.3605
0.4839
1.3905
0.3840
2.4113
0.0000
0.0000
3.2722
0.0512
0.0000
0.1503
0.8530
0.0000
0.0000
1.1275
0.0000
0.0000
0.0000
0.0000
1.9848
1.8928
0.0000
0.0000
0.0027
0.4563
0.0000
2.8281
2.1344
0.3208
0.0000
1.7375
0.0000
0.6853
0.0000
2.3907
0.0000
1.5385
0.0000
0.0000
1.4880
0.0000
0.3540
0.0000
0.0000
0.0000
0.3818
0.9281
1.5568
0.0000
0.0481
1.8418
0.0000
0.0000
0.0000
0.0470
0.0000
0.2391
0.4118
0.0000
0.0000
1.8515
0.6906
0.0000
1.8742
0.0000
0.7002
0.0000
0.0000
0.4441
0.6267
0.0000
0.0000
0.6987
1.3859
1.2575
0.0000
0.0000
0.0000
0.0000
1.1196
0.3474
0.0000
0.0000
0.0000
1.9862
0.4940
0.0000
1.3900
1.5545
0.0000
0.0000
0.0000
0.2270
2.2746
0.0000
0.0000
0.0000
0.0000
0.0000
0.0000
0.0000
0.0000
0.0000
0.7685
0.0000
0.7246
1.3810
1.6893
0.0000
0.0000
0.4651
0.0000
0.0000
0.0869
0.0000
0.0000
0.0000
0.0000
4.1222
0.7126
0.0000
0.0000
1.6043
0.0000
0.0000
1.7433
1.5544
2.3642
0.0000
1.2327
2.5029
0.0000
0.0000
0.0000
0.6520
0.0000
0.9032
0.0000
1.5830
0.0000
0.0000
5.1580
1.2186
1.2595
0.0000
0.0000
0.1515
0.0000
0.0000
0.0000
0.0317
0.0000
1.0794
0.0000
0.0000
0.0000
1.1413
0.5066
0.0000
0.0000
0.0000
0.0000
0.0000
0.6653
0.0000
0.0619
0.0000
1.5933
1.3204
0.0000
0.0000
2.3465
0.0000
0.6733
1.5480
0.0000
1.4031
0.0000
0.3970
0.0000
0.4867
0.0000
1.3381
0.0000
0.0000
0.1218
0.0000
0.0000
0.0000
0.0000
0.0000
3.4043
0.0000
0.8082
2.5859
0.3586
1.0065
0.0000
0.0000
0.0000
0.0000
0.0000
0.0000
0.0000
2.2876
0.0000
0.0000
0.0000
3.2473
2.2750
0.0000
0.0000
0.3267
0.0000
3.1543
0.0000
0.0000
0.0000
0.0000
0.0000
0.8917
0.0000
0.0000
0.0000
0.0000
0.0000
0.0000
0.4611
0.0000
0.0000
0.0000
0.0000
0.0000
1.8860
1.2207
2.1333
0.0000
2.0278
0.8885
0.0000
3.8522
0.8293
0.7427
2.8384
0.2994
0.0000
0.0259
0.0000
0.0000
0.6470
0.1550
0.0000
0.0000
0.8352
1.2919
0.0000
0.0000
0.0000
2.8039
0.0000
1.4027
0.0000
3.2154
0.0000
0.0000
2.0189
0.0000
1.5187
0.0000
0.0000
0.0000
0.0000
1.3932
1.0735
0.0000
1.2138
0.0000
0.0000
1.8042
0.6405
0.0000
2.1574
0.0000
0.0000
2.3665
0.0000
1.0678
0.0000
0.0000
0.0000
0.0000
2.4846
0.0000
0.0000
0.0000
0.0000
0.7833
1.6458
0.3018
0.0000
0.8057
0.0741
0.0000
0.0000
0.5711
0.0000
0.0000
1.1953
0.4554
0.0000
0.0000
0.0000
0.0000
2.3755
1.1897
0.0000
0.0000
1.9575
0.0000
2.9001
0.9857
0.3852
0.0000
0.1384
0.0000
1.4578
0.0000
0.0000
0.0000
1.4786
0.0000
0.0000
2.5977
0.0000
1.2125
2.9614
1.2111
0.0000
0.0000
0.0000
0.3387
0.0000
0.0000
0.1969
0.0000
1.0942
1.7901
0.5689
0.7426
0.0000
0.0000
0.0000
0.0000
0.0000
1.0288
1.7510
0.0000
0.0000
0.0000
0.0000
0.0000
0.0000
0.0000
0.0000
0.0000
0.0000
0.0000
0.0902
0.0000
1.7966
0.0000
1.7595
0.0000
0.0000
0.5936
0.7072
0.9209
0.0000
3.6894
0.1580
1.0899
0.1937
3.1273
0.0000
0.0000
0.0000
0.0000
0.0000
0.0000
0.7803
0.5649
0.3008
0.0000
0.0000
0.0000
0.0000
0.0000
1.4679
0.0000
0.0000
0.0000
0.6352
0.0000
0.0000
0.0000
3.1150
0.3430
0.0000
0.0000
0.4138
1.0196
1.3082
0.0000
1.8494
0.0000
0.0000
0.0000
0.0000
0.0000
0.0000
0.0000
0.0000
0.3201
0.0000
0.0000
0.0000
0.0000
0.0000
0.0000
0.0000
0.0000
0.6673
0.0487
0.3005
0.0000
0.0442
0.0000
1.1287
1.5332
0.0000
0.0000
0.0000
0.0000
0.0000
0.6746
0.0000
0.0000
1.1963
0.0000
1.9064
0.0000
0.0000
0.8660
0.0000
0.0000
0.0000
0.0000
0.0000
0.9803
0.5998
0.3462
0.0000
0.0000
0.0739
1.3852
1.8848
0.0000
1.3702
0.0000
0.0000
0.0000
1.4534
1.8479
0.9223
0.0000
0.0000
0.0000
0.0000
0.7296
0.2243
3.1414
0.2402
0.0000
1.4576
0.0000
0.6668
0.0000
0.0000
0.0000
1.8637
0.0000
0.3820
0.0000
1.1031
0.0000
0.0000
0.0000
1.7469
0.4656
0.0000
1.3394
2.6217
1.1583
1.9343
0.0000
0.0000
0.0000
0.1361
1.3507
1.0905
0.4766
0.5122
0.4809
0.3622
0.0000
0.9646
0.0000
0.0000
0.0000
1.2501
0.0000
1.9350
2.0750
0.0000
0.8579
0.6043
0.0000
1.6114
0.0000
0.0000
0.0000
0.5860
0.0000
0.0000
0.0000
0.0000
0.0000
1.6581
0.0000
0.0000
1.5784
0.8183
0.0000
1.1038
0.7620
0.0000
1.2836
0.0000
1.5657
0.5395
0.0000
1.2372
0.0000
0.5273
0.0000
0.0000
1.1012
0.0000
0.0000
0.0000
0.0000
0.0723
0.0000
0.0000
0.0000
0.0151
0.0000
0.0000
0.0000
1.7535
0.6662
0.0000
0.2155
2.0793
0.8359
0.0000
3.0056
0.0000
0.0000
0.0000
0.0000
0.0000
1.6482
0.0000
0.0000
0.0493
0.0000
0.0000
0.0000
0.9775
0.0000
0.0000
0.6803
0.0000
0.6010
0.3471
0.0000
0.5711
0.3638
0.0000
1.9222
0.0000
0.0000
0.0000
0.0000
0.1529
2.4369
0.0000
0.0000
3.1941
1.2727
1.6987
0.0469
0.0000
0.0271
0.7351
0.0000
0.0000
0.0000
2.5308
0.0000
3.8730
0.0000
0.4869
0.0300
0.1245
1.5837
1.5913
0.0000
4.1360
2.8607
0.0000
0.0000
0.3222
0.0000
0.7672
0.1840
0.0000
0.3450
0.8413
0.0000
0.0000
1.9000
0.0000
0.0000
1.5458
0.4010
0.0000
0.0000
0.4243
2.4014
0.8476
0.0000
0.0000
0.0000
0.0000
0.0000
0.5045
2.3601
0.2048
0.0000
0.0000
0.0000
0.0000
2.0106
2.2915
2.1923
1.7126
0.0000
0.0000
0.0000
0.0000
0.2291
4.3374
0.0000
0.0000
0.0000
0.3509
3.8090
0.8401
0.0000
0.0000
0.0000
0.0000
0.0351
1.1623
0.0000
0.0000
3.0965
0.0000
0.0000
0.0000
0.0000
0.0000
0.6887
1.8128
0.2974
0.0000
0.0000
2.1636
2.6258
0.0000
1.1515
0.0000
0.0000
0.0000
0.0000
2.5490
0.0000
2.5969
0.0000
0.0000
1.9152
0.0000
0.8618
0.0000
0.2384
0.0000
0.0000
4.5403
0.0000
0.0000
0.0000
0.0000
0.0000
0.0000
0.0000
1.0838
0.9627
0.0000
0.3292
0.0000
1.4227
0.0000
0.5591
0.4463
4.4305
0.0000
0.0000
0.0000
0.8471
2.6788
0.0000
0.0000
0.0000
0.0000
0.0000
1.0306
0.0000
0.5485
0.0000
0.0000
0.0000
0.3083
0.0000
0.0000
2.5006
2.7372
0.0000
0.0079
0.0000
0.0000
0.0000
0.0000
0.0000
5.2463
0.0000
2.2546
0.3524
0.0000
0.0000
0.0000
0.8893
0.0000
0.0000
0.5236
1.0661
0.0000
0.0000
0.0000
0.0000
3.0420
0.0000
2.4474
2.5382
0.0000
0.0000
0.7159
0.0000
0.0000
0.0000
0.0000
1.4231
0.6881
0.0000
0.2439
0.0000
0.7414
0.0000
0.0000
0.7228
0.0000
0.0000
1.8230
3.0207
1.1953
1.3609
0.0000
0.0000
2.6727
0.8053
0.0000
0.0000
0.0000
0.1974
0.0000
1.2071
0.0000
0.0000
0.0000
0.0000
0.0000
0.1761
0.5673
0.0000
0.4252
0.0489
0.8825
0.6748
0.0000
0.0000
0.0000
3.3821
0.0000
1.0124
0.0000
0.1941
1.0890
1.8841
0.0000
0.9606
0.0000
0.0000
0.0000
0.0000
1.6839
1.1813
4.7684
0.0000
0.2728
0.0000
1.2051
0.0000
0.0000
1.9688
0.0000
0.0000
0.0000
0.7598
1.4871
0.7904
0.0000
0.0000
1.0600
0.0000
2.7631
0.0000
0.0000
0.0000
0.0000
0.0000
0.0000
0.0000
0.3787
3.6217
0.0000
0.0000
1.7566
1.3539
0.8917
0.0861
0.3075
0.0000
2.1043
0.0000
0.0000
0.0000
0.0000
0.0000
0.0265
2.1988
0.0000
0.0000
2.8943
0.1682
2.6149
0.5001
0.5494
0.0000
0.0000
0.0000
3.4913
1.2432
1.0625
0.0000
0.0000
0.0000
2.0188
2.9651
1.3362
0.0000
1.0586
1.4870
0.9357
0.0000
2.4357
0.0000
0.0000
0.0000
1.0485
2.2859
0.0000
0.0000
0.0000
1.7462
0.0000
2.6534
0.0000
0.1702
1.6575
0.1873
1.1813
0.0000
0.0000
0.0000
1.6679
0.0000
0.0000
0.9920
0.7083
1.9355
0.0000
1.4446
1.2335
0.0000
0.0000
0.0000
0.2347
0.0000
0.0000
0.0000
0.2432
0.9304
0.0000
2.5746
0.0000
0.0000
0.0000
0.0000
0.0000
1.2903
1.2549
0.0000
1.0609
0.0000
0.0000
0.0000
1.4678
0.0000
1.1216
0.0000
0.0000
0.0000
0.0000
0.0000
0.6012
0.1900
0.0000
0.7750
0.0000
0.0000
0.0000
0.0000
0.0000
0.0000
0.0000
0.4275
0.0000
1.2566
0.0000
0.8043
0.0000
2.2986
0.0000
0.0000
0.7332
0.0000
0.0000
0.0000
2.2214
0.9059
0.0000
0.0000
0.0000
0.0000
0.0000
1.8842
0.0000
0.0000
0.0000
0.0000
2.0047
0.0000
0.0000
0.0000
1.6787
0.0000
0.2340
0.0000
0.0000
0.0811
1.7865
0.0000
0.0000
0.0000
0.0000
0.0000
2.5512
0.0000
0.0000
3.8435
0.0000
0.0000
0.9900
0.0000
1.1841
0.0000
0.0000
2.6713
0.0000
0.0000
2.2470
2.0034
0.4385
0.0000
0.6286
0.0000
0.6655
1.0055
0.0000
1.7984
0.0000
0.0000
0.0000
0.0771
1.9844
0.0000
0.3482
0.3214
0.2309
0.0000
0.0000
0.3730
0.0000
0.7983
2.0978
0.0000
0.0000
0.0000
0.0000
0.0000
2.2502
0.7855
0.1959
0.0000
0.0000
0.0000
0.0000
0.0000
0.7046
0.0000
0.0000
0.1422
0.0000
0.6269
0.0000
0.0000
0.5299
0.0000
0.0000
0.5270
0.0000
0.0000
0.0000
1.7231
0.3294
0.6630
1.1082
0.0000
0.2889
0.0000
1.8933
0.0000
0.0000
0.0000
0.0000
0.7687
2.8299
0.0000
0.1299
0.0000
0.0000
4.2754
0.1781
0.0000
0.0814
3.8878
1.6399
0.0000
0.0000
0.0000
0.0941
0.0000
0.4297
0.0000
3.1772
1.5561
0.0000
0.4263
3.3218
0.0000
1.8638
0.0000
0.0000
0.0000
0.0000
3.0567
0.0397
0.3889
0.0000
0.0000
1.1326
0.0000
0.0000
1.0348
1.0917
0.7116
0.0000
0.0904
1.3225
0.0000
0.0000
0.0000
0.2438
0.0000
3.2682
0.0000
1.8908
0.0000
1.1964
1.7238
0.0000
1.3155
0.0000
1.7513
1.0391
0.6266
1.9354
0.0000
0.4081
1.9864
0.0795
0.0000
0.0000
0.6919
0.0000
0.0000
0.0000
0.2986
0.0000
0.0000
1.6790
0.0000
0.0000
0.0000
1.9640
2.1875
0.0000
0.0000
0.0000
0.0000
1.1715
0.2549
0.0000
1.5489
3.2645
0.0000
0.0000
0.0000
0.1073
4.0676
0.8288
3.1030
0.0000
1.2015
0.0000
0.0000
0.0000
0.0000
0.0000
0.6170
0.5423
0.5499
2.1666
1.1372
3.0700
0.0000
0.0000
1.2870
0.0000
0.0000
0.5205
0.0000
0.0000
2.7226
0.3626
0.0000
1.4184
0.0000
0.0000
0.0697
1.9811
2.4724
1.2839
0.6543
0.0000
0.0000
2.1267
0.0000
0.3131
0.3279
0.0000
0.0000
0.0000
1.8987
2.6667
1.6948
0.6065
0.7312
0.0000
0.0000
0.5155
0.6817
0.0000
0.0000
0.0000
1.8057
0.6233
1.3925
0.0000
0.5921
0.0000
0.0000
0.0000
2.1849
3.0384
0.0000
0.0000
0.6756
1.4983
0.0000
0.7092
0.0000
0.0000
0.0090
0.0000
0.1051
0.0000
0.0000
0.1218
0.0000
2.6304
0.0000
0.0000
2.4225
1.0862
2.2473
0.0000
0.6986
0.0000
0.3376
0.0000
1.1286
0.0000
0.9034
0.3272
0.0000
0.0000
0.0000
0.0000
0.0000
0.0000
2.0971
1.5915
0.1967
0.0000
0.0000
0.0000
0.0000
3.7953
0.0000
0.3863
0.0000
2.1877
0.0000
0.0000
0.0000
0.0000
2.0705
0.0000
1.4285
1.3661
0.0000
0.0000
2.2864
2.3356
0.0000
0.0000
0.4403
0.0000
0.0000
0.0000
0.0000
0.0000
0.0000
0.0000
0.0000
0.0000
1.3511
0.0000
0.0000
0.0000
0.6535
0.0000
0.0000
0.0000
0.8976
0.6272
0.2757
0.0000
1.0360
1.4291
2.5928
0.9336
0.0166
2.3021
0.8227
0.0000
0.2778
0.0000
0.0000
0.0000
1.6412
0.0000
0.0000
3.4831
0.0000
0.0000
0.5779
2.1289
1.1752
2.6584
0.0000
1.5040
0.0000
0.0000
0.0000
0.0000
0.0000
0.0000
0.0000
0.3640
0.8911
2.1026
0.0000
0.0000
0.0000
0.0000
0.0000
3.0008
0.0000
1.7685
0.0000
0.0000
0.9844
0.0000
