0.0000
0.0000
0.0000
0.0000
0.0000
0.2653
0.0000
0.0000
0.0000
2.8180
0.4508
0.0588
0.9025
0.0000
0.0000
0.0000
0.0000
0.0000
0.0000
0.0000
0.1952
0.0000
3.1136
1.9345
0.4206
1.6120
0.0000
1.3455
0.0000
0.0000
0.0000
0.0000
0.1663
0.0000
0.6358
0.0000
0.0000
0.0000
1.7708
0.9271
0.0000
0.0000
0.0000
0.0000
0.0000
0.0000
0.0000
0.0000
0.0000
0.0000
0.0000
0.0000
0.0000
0.0000
0.0000
0.0000
0.6856
0.0000
0.0000
0.0000
0.0000
2.3239
0.0000
1.2470
0.0000
0.0000
0.3109
0.3101
0.0000
0.0000
0.4348
1.4740
0.2498
0.0000
0.0000
2.2646
0.0000
0.0000
0.0000
0.0000
0.4522
0.0000
0.0000
0.0000
0.0000
0.9732
0.0000
2.9353
0.0000
0.0000
0.4183
0.0122
2.3226
1.1682
0.0000
0.0000
0.0000
0.0000
2.6195
0.0000
0.0000
0.0000
0.0000
0.0000
0.0000
0.0000
0.0000
0.0000
2.7434
3.6770
0.0000
0.6991
0.3657
0.0425
0.0000
0.0000
1.8827
0.0000
0.0000
0.0000
0.9014
0.0000
1.8758
0.0000
0.0000
0.0000
2.0550
2.5259
0.3703
0.1346
0.0000
0.0000
1.2058
0.0000
2.4294
0.0000
0.4555
0.0000
0.0000
1.9340
2.5127
0.0000
1.5701
0.9273
1.0949
0.0000
1.4639
0.8915
0.1680
0.0000
0.0000
2.0291
0.2354
0.6113
0.0000
2.1215
0.0000
0.0656
0.4158
0.0000
0.1385
0.0000
0.5607
0.0000
0.0000
2.6222
1.6558
0.0000
0.0000
2.2100
0.0000
0.0000
0.0000
0.3187
0.3870
0.0000
0.0000
1.5199
0.0000
2.0692
1.2367
2.3795
0.0000
0.0000
0.0000
0.0000
1.3763
0.0000
2.2232
0.6488
0.0000
0.0000
0.0000
0.0000
0.2612
0.0000
0.0000
0.0000
2.9008
1.0503
0.0000
0.0000
0.1925
0.0000
2.3145
0.6790
0.0000
1.1141
0.2666
0.0000
0.5344
0.0000
0.0000
0.0000
0.0000
0.5387
0.0000
0.0000
0.0000
0.0000
0.0000
0.0000
0.0000
0.0000
1.1675
0.0000
0.8863
0.0000
0.0000
0.0000
0.0000
0.6052
0.0000
0.0000
0.4910
0.0000
1.2876
0.0127
0.5072
0.0000
0.0000
0.0000
1.7242
0.0000
0.0000
0.0000
0.0000
0.0000
0.0000
0.0000
0.0000
0.0000
0.0000
0.0000
0.0000
0.1772
0.0000
0.0000
1.1386
0.0000
0.0000
0.0000
0.0000
0.0000
0.9006
0.0000
0.0000
0.0000
0.0000
1.0089
1.8637
0.0000
0.0000
0.1496
0.3803
0.0000
0.3354
0.5846
0.0000
0.0000
2.7885
0.0000
1.2388
0.6155
0.0467
0.0000
0.0012
0.0000
0.0000
0.0000
0.0000
0.0000
0.0000
0.0000
3.6283
0.0215
0.0000
0.2652
0.0000
2.0349
0.0000
0.0000
0.0000
0.7603
0.1985
0.0000
1.7527
0.0000
0.0000
0.0480
0.0000
0.0000
0.4356
1.4191
2.0424
0.0000
0.0000
0.0000
0.0000
0.4203
0.0000
1.0284
0.0000
1.2898
0.0000
1.3758
0.0000
0.5119
0.2377
1.6705
0.0000
0.0000
0.0000
0.1154
0.1718
2.2012
2.7543
0.0000
0.0000
2.2904
0.0000
0.0000
0.0000
0.0000
0.0000
3.1475
0.0000
0.6204
0.0000
0.0000
0.0000
3.8162
0.2427
0.0000
0.0939
0.0000
0.0000
0.0000
2.5489
0.0000
0.0000
0.0000
0.0000
0.0000
0.0000
1.4887
0.0000
0.0036
0.0000
0.0000
0.0000
0.7346
0.0000
0.0000
0.0000
0.3259
0.0000
0.0487
0.0000
0.0000
2.2341
0.0000
0.1150
0.0000
0.0000
0.0000
0.0000
0.0000
0.0000
0.1918
2.5680
0.0000
0.0000
0.0000
0.4167
2.9553
0.0973
0.0000
0.0000
2.3626
0.0000
2.1679
0.0000
0.0000
0.0000
0.0715
0.0000
0.0000
0.2535
0.4312
0.0000
0.0000
0.0000
0.7633
0.0198
1.6298
0.0000
0.0000
0.0000
0.0000
0.6518
0.7319
0.6975
0.0000
0.7908
0.0000
0.0000
0.7906
0.0000
1.5348
0.0000
0.0000
0.0000
0.0229
0.0000
0.0000
0.5311
0.0000
1.4662
0.0000
1.6682
0.0000
0.0000
0.0000
2.3545
1.5791
0.3036
0.1681
3.2273
2.2991
0.3424
0.0000
0.0000
0.0000
0.0000
0.3528
0.0000
0.5919
1.1001
0.0000
0.0000
0.0000
1.4323
0.0000
0.0000
0.0000
0.0000
0.6554
0.0000
0.0000
0.0000
1.8356
0.8253
0.0000
0.0000
4.1898
3.7167
0.0000
0.7392
0.0000
0.0000
0.0000
0.2515
0.2816
2.3419
0.0000
0.0000
0.6494
0.0000
0.5698
0.0000
0.0000
0.0000
0.0000
0.4390
0.0000
0.0000
0.0000
0.6732
0.0000
0.0000
0.0000
2.5894
0.3270
0.8005
0.1976
0.4609
0.0000
0.0000
0.2910
1.3210
2.6716
0.0000
0.0000
0.0422
0.0000
0.0000
0.0000
3.0148
0.0000
1.0314
1.9129
0.0000
0.4854
1.5487
0.0000
0.0000
0.3256
0.0000
0.0000
0.0000
0.7674
0.0000
0.0000
0.2419
1.5322
0.0000
0.0000
0.6078
0.0000
0.0000
0.3751
0.0000
0.0000
0.0000
0.0000
0.0000
0.1263
0.0000
0.0000
0.0000
1.6933
0.0000
0.0000
0.0000
0.0000
0.0000
0.0000
0.0000
0.0000
0.3912
2.5956
0.0000
0.0000
0.8598
1.8011
0.0000
0.0000
0.0000
0.0000
0.0000
0.0000
0.0000
0.0000
0.0000
0.0000
0.0000
0.6719
0.0000
1.1815
0.0000
0.0000
0.0000
0.0000
0.0000
0.0000
0.0000
0.0000
1.1702
0.0000
0.5182
0.0000
0.0000
0.8776
0.0000
0.0000
0.0000
0.0000
2.3953
0.2229
0.0000
3.3488
0.0000
0.0000
0.0000
0.4850
1.0888
0.0000
0.0000
0.0000
0.2300
0.0000
0.0000
2.2239
0.0000
0.0000
0.6298
0.0000
0.4766
0.0000
1.5349
0.0000
0.0000
0.5456
0.0000
0.0959
0.0000
0.0000
0.0000
0.0000
0.0000
0.0000
0.0000
0.0000
1.2017
3.7720
0.0000
1.7216
0.0000
0.0000
0.5923
0.7024
0.0000
0.0000
1.5388
0.0000
0.0000
0.0000
0.0000
0.0000
0.0000
1.3117
1.7201
0.6503
0.0000
0.0000
0.0000
0.0000
0.0000
0.7354
0.0000
1.4901
0.4697
0.0000
0.0000
0.0000
0.0991
0.0000
0.4120
0.0000
0.4942
0.0000
0.0000
0.0000
0.3295
0.0000
0.8618
0.0000
0.0000
0.0000
0.0000
0.0000
0.0000
0.0000
0.0000
0.2004
0.0000
0.0000
1.1808
1.6670
0.6400
0.3075
1.8607
0.0000
0.0000
0.0000
0.0000
0.0000
0.4577
0.0000
2.1689
0.0000
0.0000
0.7367
1.1982
0.2356
0.0000
0.6656
1.0290
0.9713
0.0000
0.7901
0.4015
0.8320
0.0000
0.0000
0.0000
0.7671
0.0000
0.0000
0.0000
0.0000
0.3787
0.7049
0.0000
0.0000
1.4444
0.0000
1.1145
0.5878
0.0000
0.0000
0.4529
0.5076
0.0000
0.0000
1.0482
2.3775
0.0000
1.9289
0.0000
0.0000
0.5436
2.6441
0.0000
0.0000
0.1348
0.0904
0.9268
0.0000
0.0000
0.9157
0.0000
0.0000
0.0000
0.0000
0.0000
0.0000
0.0000
0.3801
1.3492
0.0000
2.9046
0.1673
0.0000
0.4663
0.0000
0.0000
0.0000
0.0000
0.9781
0.0000
0.0000
0.0000
0.6032
0.0000
0.0000
0.0000
0.7253
0.0000
1.3702
0.0000
0.0000
0.0000
0.0000
0.0274
1.0096
0.2383
0.0000
0.0000
0.0000
0.0000
2.3424
0.0000
0.0132
0.0000
0.0000
0.0150
1.9624
1.0197
0.0000
1.7962
2.4210
0.0000
0.0000
0.0000
0.0000
0.0000
0.0000
0.0408
0.0000
0.5074
0.0000
0.1880
0.0000
0.0000
1.6067
0.0000
0.0241
1.2166
0.5089
0.0000
0.8433
0.0000
0.6306
0.0000
0.0000
0.0000
0.8535
0.0000
0.7490
0.0000
0.0000
0.0000
0.0000
0.5218
0.8566
0.0000
0.0000
0.0000
0.0000
0.0000
0.0000
0.0000
0.0000
0.0000
0.0000
0.0000
1.4419
0.0000
0.0033
1.4515
0.0000
0.0000
0.0000
0.0000
0.0000
0.0000
0.0000
0.2670
0.0000
0.0000
0.0000
1.5765
0.6370
0.0000
1.2027
0.5814
0.0000
0.0000
0.0000
0.0000
2.4941
0.6449
0.0000
0.0000
0.0000
2.2817
0.0000
0.0000
0.0000
0.0000
0.0000
0.0000
0.0000
0.0000
0.0000
0.0000
0.0000
0.0000
0.0000
0.0000
0.0000
0.0000
0.1553
0.0000
0.0000
0.3463
0.0000
0.0000
0.0000
0.0000
0.0000
0.0000
0.0000
0.0000
0.0000
0.0000
0.0000
0.0000
0.0000
0.0000
3.7227
0.0000
0.0000
0.0000
0.0000
0.4334
0.0000
0.0000
0.0000
0.9479
0.8572
0.2798
0.0000
2.2856
1.4286
0.0000
0.0000
0.0000
0.0000
0.0000
0.0000
0.4146
0.0000
1.0283
0.0000
0.0000
0.0000
0.0000
1.4712
0.2421
0.0000
0.0000
1.7625
1.8297
0.5263
0.0000
0.0000
3.9880
0.0000
0.3270
0.0000
0.0000
0.0000
0.4624
1.9851
0.0000
0.0000
0.9643
0.0000
1.4928
0.0000
1.1076
0.7692
0.0000
0.0000
0.0000
0.5047
0.0000
1.0450
0.0010
0.0000
0.0000
0.0000
0.0000
1.5535
0.0000
0.0000
0.0000
0.2151
2.4491
0.0000
0.6688
1.8728
3.0776
0.9686
0.0000
0.0000
0.0000
1.2316
0.0000
0.2814
0.0000
0.0000
1.0288
0.0000
0.0000
0.0000
2.8145
0.0000
0.0000
0.0000
2.2376
0.0000
0.8993
0.0000
0.0000
0.0000
2.2497
0.0000
1.8240
0.0000
3.6890
0.0000
0.0000
0.0677
1.5911
0.0000
1.1769
0.0000
2.3286
0.0835
0.0000
0.0624
0.3709
1.3797
0.0000
0.0000
0.8900
0.6953
0.6752
2.1872
0.2317
1.8586
0.0000
0.1647
0.0000
0.4480
0.0000
0.0000
0.4045
0.0000
0.0000
0.0000
0.0000
0.0000
0.0000
0.0000
0.0000
0.0000
0.0000
0.0000
0.0000
0.0000
0.0000
0.0000
0.0000
0.0000
0.0000
0.0000
0.0000
1.5075
0.0000
0.2202
1.7408
0.0000
0.0000
0.0000
0.6504
0.5565
0.0000
0.0000
0.2067
0.0000
0.2226
0.1000
0.0000
0.0000
0.8424
0.0000
0.0000
0.0000
0.0000
0.0000
0.7138
0.0303
0.1750
0.0000
0.0000
0.0000
0.3257
0.0000
0.0000
0.9198
0.0000
0.0000
1.7800
0.0000
0.8604
0.0000
0.0000
0.0000
0.5651
1.8480
0.0000
0.2805
0.0000
0.0000
0.8679
0.0000
0.0000
1.4198
1.0685
0.0000
0.0000
1.4304
0.0000
0.0000
0.0000
0.0000
0.5586
0.0000
0.0000
0.6047
0.0000
1.0225
0.0552
0.0000
0.0000
0.0000
0.0000
0.0000
0.0000
0.0000
0.0000
0.0000
0.0000
0.0000
0.0000
0.7646
0.0000
0.0000
0.0000
0.8533
0.0000
3.4906
0.0000
0.0000
1.9628
0.5751
0.2545
0.6363
0.0000
0.0000
0.2245
1.5705
0.0000
0.5401
0.5041
0.0000
0.0000
0.0000
0.0000
0.0000
0.0000
2.0029
0.0000
0.3053
0.9313
1.9440
1.8903
0.0000
1.0078
3.5527
1.5817
0.0000
0.0000
0.0000
0.0000
0.0000
0.0000
0.9491
0.0000
0.0000
0.0000
0.0000
0.0000
2.2161
0.0000
1.0952
1.2835
0.0000
0.0000
1.2418
0.0000
0.1382
0.5590
0.7589
0.0000
1.3912
1.7675
0.0000
0.0000
1.3239
0.0000
1.1172
0.0000
0.0000
0.0000
3.2885
1.9498
0.3887
0.4670
0.0000
0.0000
0.0000
0.0000
0.0000
0.0000
0.1970
0.0000
0.3954
3.2434
0.0000
0.0000
0.0000
0.0000
0.2091
0.0000
0.0000
0.0000
0.0000
0.3705
0.0000
0.0000
0.6161
0.0000
0.0000
0.0000
0.0000
0.0000
0.0000
0.6618
0.3449
0.0000
0.0000
0.0000
1.7673
0.0000
0.0000
0.0000
2.1062
0.0000
0.0000
0.0000
0.0000
0.6596
0.5325
0.0000
0.0000
0.0000
0.0000
1.9221
0.9448
0.0000
0.0000
0.0000
0.0000
0.0000
0.0000
0.6090
2.4630
0.0000
0.1406
0.0000
0.3615
0.0000
0.0000
3.5653
0.0000
0.5638
0.0000
0.0000
0.0000
0.0000
1.4176
0.0000
0.0000
0.7941
0.0000
2.3040
0.9843
0.0000
0.0000
0.0000
2.1943
0.3190
0.0968
0.0000
0.0000
0.0000
2.3516
0.0000
0.0000
1.4453
0.0000
0.0000
0.0000
0.0000
0.0000
0.0000
0.4890
0.0000
0.0000
0.9130
0.0000
0.0000
0.1692
0.4641
0.0000
0.0000
0.0000
0.0000
0.3685
2.0115
0.0000
0.0000
0.0004
0.0000
0.0000
0.0000
0.0000
0.0000
0.0000
0.7607
0.0000
1.4265
0.0000
0.6581
0.0000
0.0000
0.0000
0.0000
0.0000
0.0000
0.0000
0.0000
0.0000
0.0000
0.0000
1.3582
0.0000
0.4474
0.0000
0.6064
0.0000
1.8404
0.0000
0.9310
0.0000
0.0000
0.6467
0.0000
0.3083
0.0000
0.0000
0.0000
2.0921
1.6231
0.0000
3.5075
0.0000
0.0974
0.0000
0.0000
0.0000
0.0000
0.5703
0.0000
0.0000
0.0000
0.1954
2.4038
0.0000
0.0000
0.0000
0.3589
0.0000
0.4229
0.0000
0.1954
2.6759
0.0000
0.3205
2.4431
0.4050
2.6087
0.5341
5.0826
1.8693
0.5235
0.0000
0.0000
1.3809
0.8067
0.2356
0.5280
0.0000
0.0000
0.0000
0.4747
0.0168
0.0000
0.0000
0.0000
0.0000
2.6621
2.6389
0.7967
0.0000
1.2916
0.0000
0.0000
2.0080
0.4706
0.0000
1.8497
0.0000
0.0000
0.3783
0.0000
0.0000
0.0000
0.0000
0.1308
0.0000
0.0000
0.3221
0.0000
0.0000
0.0000
0.0000
0.0000
0.0000
0.0000
0.0000
1.7591
0.0000
2.0031
0.0000
0.0000
0.0000
0.0000
0.0000
0.0000
0.0000
0.3129
0.0000
0.0000
0.0000
0.0000
0.0000
1.3361
0.0000
0.0000
0.0000
0.8831
0.0000
0.0000
0.0000
0.0000
0.0000
0.0000
0.0000
0.0000
1.7723
0.0000
0.3486
0.0000
0.0000
0.0000
0.0000
0.0762
0.0000
0.9528
2.7276
2.4092
0.0000
1.6248
0.0000
0.2088
0.0000
0.9946
0.0000
0.0000
0.0000
0.0000
0.0000
0.0000
0.0000
0.0000
0.8488
0.0000
0.0000
0.4696
0.0000
0.0000
0.0000
0.4432
0.0000
0.0000
1.3734
2.3001
2.2650
0.0000
1.0856
0.0000
0.0000
1.8045
1.0926
0.8661
0.0000
0.0000
0.0000
0.7813
0.0000
0.0000
0.6603
2.0607
0.0000
0.0000
0.0000
0.0000
0.0000
0.0000
0.0000
1.6954
1.4072
1.5632
0.0000
0.0000
0.0000
0.0000
0.0000
0.0000
0.0000
1.5869
0.0758
0.0000
0.0000
0.0000
0.0000
0.0000
0.0000
0.0000
0.0043
0.0000
0.0000
0.1649
0.0000
1.3578
0.0000
0.9991
0.0000
0.0000
0.0000
1.4323
0.2800
0.9429
0.7522
0.0000
0.0000
0.5900
0.0000
1.6007
0.3669
0.0000
0.0000
0.0000
0.5054
0.0000
0.0000
0.0000
1.3838
0.0000
0.0000
0.0000
0.0000
0.0000
0.0000
1.5260
0.2168
0.6821
1.8266
0.0000
0.0000
0.0000
0.2082
2.3203
0.4365
2.3823
0.0000
0.8346
0.0000
1.5173
0.0000
0.0000
0.0000
0.0000
0.0000
0.0000
0.0000
0.0000
0.0000
1.5022
0.0000
0.1278
1.2652
2.2691
0.2819
0.0000
3.1606
2.1790
0.0000
0.0000
0.0000
0.0000
0.0000
0.0000
0.0000
1.0539
0.8473
0.0000
1.4248
0.0000
0.0000
0.0000
0.0000
0.0000
0.0000
0.0000
0.5118
0.0000
0.0000
0.0000
0.9388
0.0000
0.0000
0.0000
0.3262
0.0000
0.0000
0.0000
0.0000
0.0000
0.0000
1.1120
0.9250
0.2229
1.1586
0.0000
0.0000
0.0000
0.7861
1.6572
1.9674
0.0000
0.0000
0.0000
1.1445
0.0000
0.1762
0.0000
0.7526
0.0000
1.4942
0.0000
0.0000
0.0000
0.0000
0.9059
0.0000
0.0000
0.0000
0.0000
0.0000
0.0000
1.0111
0.0000
0.0000
0.0000
0.0000
0.0000
0.0000
0.0000
0.0000
0.0000
0.4646
0.0000
0.0000
0.7944
0.0000
1.7740
0.0000
0.0000
0.0000
1.9823
0.0000
0.5269
0.0000
0.0000
0.0000
0.0000
0.0000
1.1328
2.1313
0.3555
0.0497
0.4690
1.2389
1.6405
0.0000
0.0000
0.0000
0.0000
0.5521
0.0000
0.0000
0.0020
0.4153
0.2041
0.0000
0.0000
0.0000
2.9891
0.0112
2.7397
0.0000
0.5963
0.0000
0.1687
0.0000
0.0000
0.0000
1.4705
0.8343
2.4145
3.7136
0.0000
0.0000
0.3993
1.0755
0.0000
0.0000
1.2463
1.5287
0.0000
0.2761
0.0000
1.9815
0.4313
0.0000
0.0000
0.0000
0.0000
0.7880
0.0000
0.0000
0.0000
0.0000
0.0000
0.0000
1.0619
2.8021
0.0000
0.0000
2.2597
1.5520
2.0451
0.0000
0.0000
0.0000
1.6002
0.0000
0.0000
0.6169
0.0000
0.0000
0.0000
3.4585
0.0000
1.3210
0.0000
1.1369
0.0000
0.0000
0.0000
0.0000
0.0000
0.0000
1.7939
0.0000
0.4327
1.8709
0.0000
0.0000
2.6910
0.0000
0.0000
0.0116
0.0000
0.5248
0.6619
0.0000
1.9582
1.7468
1.3660
0.0000
0.4026
0.0000
0.0096
0.0000
0.0000
0.0000
0.0000
2.3500
0.0000
3.5333
0.3898
0.0279
0.0000
0.0000
0.0000
0.0000
0.0000
0.0000
0.0000
0.0000
0.2472
0.0000
0.5401
0.0000
0.0000
0.0000
0.0000
0.0000
0.0000
0.0000
0.0000
3.1106
0.5674
0.9836
0.2274
0.0000
2.3914
0.0000
0.0000
0.0000
1.2319
2.4896
0.7142
0.3344
0.0000
0.0000
1.4984
0.0000
0.4741
0.0000
0.0000
0.0000
0.0000
0.0000
1.0684
0.8380
0.0000
1.1416
0.0000
1.2861
0.0000
0.0000
0.0000
0.1066
0.0000
0.8759
0.0000
0.0000
0.0000
0.0000
0.0000
0.0000
2.0789
0.6120
2.6282
0.0000
0.0000
0.0000
1.0682
0.0000
0.0000
0.0000
0.0000
0.0000
0.0000
2.5497
0.6523
0.0000
0.0000
0.0000
0.2221
0.0000
0.5803
0.0000
1.6049
0.0000
0.7821
0.0000
0.0000
0.0000
0.0000
1.3733
1.6238
0.0000
1.9037
0.0000
0.0000
0.0000
0.0000
4.3122
0.0000
0.2595
0.0000
0.0000
0.0000
0.0000
0.0000
0.0000
0.0000
0.1502
0.0000
0.0000
2.4634
0.0000
0.0000
0.0000
0.0000
0.0000
0.0000
0.0000
2.0779
0.0000
0.0000
0.4608
1.2254
0.7294
0.0000
1.5859
0.2246
0.0000
0.0000
0.0000
0.0000
3.0062
1.0700
0.0000
2.4770
1.8226
0.0000
0.0000
1.0747
1.4731
0.6382
0.8906
0.0000
0.1413
0.0000
0.5419
0.0000
0.0000
0.0000
0.0000
0.0000
0.0000
0.0000
0.0000
0.3616
0.0000
1.0477
0.0000
0.0000
0.0000
0.0000
1.5474
0.0474
0.0476
0.0000
0.8257
0.7999
0.0000
0.7547
0.0000
0.0000
0.0000
2.5324
1.1403
0.0000
0.0000
0.6694
0.0000
2.3546
1.9811
1.6929
0.0000
0.0000
0.0000
0.0000
3.8143
0.0000
0.0000
0.0000
0.0000
0.0000
0.0000
0.0000
0.0000
0.5437
0.0000
0.0000
0.0000
0.5212
0.0000
0.0000
0.0310
0.7800
0.0000
0.8848
0.0000
0.0000
0.0000
0.0631
0.0846
1.3881
0.5993
0.0000
0.0000
1.4395
0.0000
1.4644
0.0000
0.6380
0.0000
0.0000
0.0000
0.0000
0.0000
0.0000
0.0000
0.2405
0.0000
0.0000
2.0253
1.0553
0.0000
0.0000
0.0000
0.0000
0.0000
0.0000
0.9574
0.0000
0.0000
1.0131
0.0864
0.0000
0.0000
0.0507
0.0000
0.0000
0.0000
1.5687
0.0000
0.1612
0.0000
0.4992
0.0000
1.7851
0.0000
0.0000
0.0000
0.0000
0.0000
0.9119
0.0000
0.0000
0.0000
0.0000
0.9457
0.2950
0.0000
0.9822
0.0000
0.0000
0.8738
0.0000
0.0000
0.0000
0.0000
2.3567
0.6846
0.8801
0.0000
0.0000
0.0000
0.3549
0.0000
0.0000
0.0496
0.0000
0.0000
0.3549
0.0000
2.2528
1.4367
0.0000
1.4913
0.0000
0.0000
0.0000
1.2008
1.1630
0.0000
0.0000
0.0000
0.0628
0.0000
0.0000
0.0000
0.0000
0.0000
0.0000
0.0000
0.0000
0.3090
0.8531
0.0000
1.2328
1.1781
0.0000
0.0000
0.5522
0.5086
0.0000
0.0000
0.0000
0.0000
1.3134
0.9669
0.8760
0.0000
0.0000
0.0000
1.1515
0.1660
0.0000
0.0000
0.0000
0.0000
0.0000
0.0000
0.0000
0.0000
0.0000
0.0000
0.0000
0.5367
0.6424
0.0000
2.9141
0.0000
0.0000
1.1433
0.0000
0.7379
0.0000
1.0655
0.0000
0.0000
0.0000
0.7451
0.0000
0.0000
0.0000
0.0000
0.0000
0.0000
0.0000
0.0000
0.0000
0.0000
0.0000
0.0000
0.0000
0.9111
0.1528
0.6974
0.0000
1.5608
0.0000
0.3536
0.0000
0.0000
0.0000
3.7919
1.3407
0.0000
0.0000
0.0000
0.0000
0.0000
2.9754
0.0000
0.0000
0.0000
1.6323
0.8867
0.0000
0.0000
0.0000
0.0000
2.4785
0.0000
0.0000
0.0000
2.1071
0.0000
2.7086
0.0000
0.0000
0.6096
0.7552
0.0000
0.1468
0.0000
0.0000
0.0000
0.0000
1.1393
0.0000
0.4948
0.0000
0.0000
0.8231
0.0000
0.0000
1.4461
0.0000
0.0000
0.0000
2.5600
0.0000
0.0000
0.0000
0.0000
0.0000
1.3730
0.0000
0.7367
1.8303
0.0000
0.0000
1.4954
0.0000
0.9495
0.0000
0.0000
0.5756
0.0000
0.0000
0.0000
1.4085
0.0000
0.0000
0.2600
0.0000
0.0000
0.0000
0.0000
0.0000
0.0000
0.7899
0.0008
0.0000
0.0000
0.0000
0.0000
0.0000
0.0000
0.0000
0.0000
0.0000
0.0000
0.0000
1.8265
0.0260
0.6082
0.0288
1.2119
1.1171
0.0000
0.0000
0.1880
0.2594
0.0000
0.0000
0.0000
0.0000
0.0000
0.0000
0.7857
0.0000
1.5557
4.4144
0.0000
1.1611
1.4421
1.1115
0.0000
0.0000
0.4969
0.0000
0.0000
0.0000
0.0000
0.0204
0.0000
0.0000
0.0000
0.0000
0.0000
0.0000
0.0000
0.0000
0.6476
0.1685
0.0000
0.9457
0.0000
0.0000
2.5934
0.0410
0.0000
0.3395
1.2601
0.0000
0.7302
0.8402
0.0000
0.0000
3.9036
0.0000
0.0399
0.0000
1.1230
0.0000
0.0000
1.1057
0.0000
0.0000
0.0000
1.2997
0.0000
0.8032
0.0000
1.0631
3.7191
0.3802
1.3117
0.0000
0.6431
0.3256
0.0000
0.0000
0.5401
0.8350
0.1911
0.0000
0.0000
0.0000
1.7959
1.3151
0.0000
1.8307
0.0000
0.0000
0.0000
0.0000
0.0000
0.9137
0.0000
0.0000
0.0000
0.0000
0.0000
0.0000
0.2715
3.7598
0.0000
0.0000
0.1865
0.0000
0.0000
0.0000
0.0000
0.1921
0.0000
0.8512
0.0000
0.0021
0.0000
0.0000
0.0000
1.1280
0.8829
0.0000
0.1322
0.0000
0.0000
0.0000
0.2597
0.0000
0.7904
0.0000
0.0000
0.0000
0.0000
1.9130
0.0000
2.2494
0.0000
1.0595
0.0000
0.0000
0.0000
0.5965
0.5438
0.3881
0.0000
0.4467
0.7455
0.0000
0.0000
0.0000
0.0000
0.7946
0.0000
0.0000
3.8908
0.0000
0.0000
0.0000
0.0000
2.3137
1.1775
0.0000
0.4680
0.0000
0.0000
0.3496
0.0000
0.0000
0.0000
0.0332
0.0000
0.0000
0.0000
0.2852
0.0000
1.0774
0.0000
0.5882
0.1809
0.0000
0.0000
0.0000
0.0000
0.1386
0.0000
0.0000
0.8673
0.0000
0.0000
0.0000
0.0000
0.0000
1.1970
0.0000
0.4045
0.0000
0.0000
0.5865
0.0000
2.4818
0.6452
1.0295
0.0000
0.0963
0.0000
0.0000
0.0000
0.0000
0.0000
0.0000
0.0000
2.6175
0.0000
0.0000
0.0000
0.0000
0.1903
0.0000
0.0000
0.0000
0.0000
0.0000
0.2893
0.0000
0.0000
0.0000
0.0000
0.8095
0.0000
0.0496
0.0000
0.0000
0.0000
1.0325
0.0000
0.0000
0.9283
0.0151
0.0000
4.1567
0.0000
0.0000
0.6902
0.0000
0.0000
0.0000
0.5982
1.0889
0.0000
0.0000
0.0000
0.0000
0.0000
0.7444
0.0000
0.5595
0.0000
1.7587
0.0000
0.0000
2.4724
0.0000
1.6836
0.0000
0.0000
0.0000
0.0000
0.4225
0.5937
1.4126
2.3668
2.0394
0.0000
2.4687
0.0949
0.0000
0.3796
0.0000
2.1511
0.0000
2.7136
0.3398
0.1786
0.0000
0.3736
0.0000
0.6460
0.0000
0.0000
0.0000
0.0000
0.0000
1.2478
0.3808
0.1479
0.0000
0.0000
0.0000
0.0000
0.0000
0.0000
0.9954
0.0000
0.0000
0.0000
0.0000
0.9193
0.0000
0.0000
0.0000
3.0972
1.1563
5.4415
0.0000
0.8843
2.2908
1.8688
0.0000
0.5749
0.0000
0.0000
0.0000
0.0000
0.0000
0.0000
3.4160
0.0000
0.0000
0.0000
1.0471
0.1835
0.3416
0.0000
0.6685
1.3130
0.0000
0.0000
2.0519
0.4240
0.5046
2.4227
0.0000
0.0000
0.1825
0.0000
2.0699
0.0000
0.0000
2.0204
0.0000
0.0000
0.0000
0.0000
0.0000
2.8848
0.0000
0.7302
0.0000
0.0000
0.0000
1.1232
0.0000
0.0000
0.0000
1.8223
0.0000
0.9994
0.0000
0.0000
0.0000
0.0000
0.0000
0.0000
0.0000
0.0000
0.0000
0.0000
0.0000
0.0000
0.0000
0.0000
0.4907
1.7004
0.0000
0.0000
0.0000
0.0000
0.0000
0.0000
0.8444
2.1476
1.5627
1.3296
0.0000
0.0000
2.3477
0.0000
0.0000
0.2663
0.6390
2.4060
0.0000
1.0850
0.0000
0.0000
3.3371
0.0000
0.0000
1.2500
0.0000
0.0000
0.0000
0.0000
0.0000
0.0000
0.0000
0.0000
2.2417
1.1624
0.0000
0.0000
0.8831
1.6112
0.0000
1.1597
3.2244
0.0000
0.0000
1.2121
0.0000
0.1852
0.0000
2.8084
0.0000
0.5396
0.0000
0.0000
2.0237
0.0000
0.6821
0.0000
0.0000
0.0000
0.0000
0.0000
0.5691
0.0000
0.0000
2.3748
0.0000
0.0000
0.0000
0.0026
0.0000
0.0000
0.0000
0.0000
0.0000
1.9183
0.0000
0.0000
1.9252
0.2610
0.0000
0.0000
0.0000
1.5049
0.5970
0.4777
0.0000
1.1008
0.9913
1.5966
0.0000
0.0000
0.0000
0.0000
0.9421
0.6486
0.0000
0.0000
0.0000
0.0000
0.0000
0.0000
1.8592
3.3805
0.0000
0.0000
0.0000
0.1425
1.6621
0.0000
0.0000
0.0000
0.0000
0.0000
0.0000
0.0000
0.0000
0.3815
0.0000
0.0000
1.6330
0.7326
3.0416
0.0000
0.0000
0.0000
0.0000
0.0000
0.0000
0.0000
0.0000
0.0000
0.0000
4.9721
0.0000
0.0000
0.0000
0.0000
0.0000
0.0000
0.5626
2.4186
1.9049
0.0000
0.2423
2.3955
0.5501
0.0000
0.0000
0.0000
0.0000
0.4801
0.8293
0.1780
0.0000
0.0000
5.1920
0.4992
0.8246
0.0000
0.0697
0.0000
0.0000
0.0000
0.0000
1.1367
0.0000
0.8540
0.2625
0.0000
0.0000
1.8913
0.0000
0.0000
0.4848
0.0000
0.0000
0.0000
2.0409
0.0000
0.0000
0.0000
0.6275
1.0462
0.0000
0.0000
0.1874
0.0000
1.3226
2.6099
0.0000
0.0658
0.0000
0.4172
0.0000
1.0120
0.0000
1.1267
0.0895
0.0000
0.0000
0.0000
0.0000
0.0000
0.0000
0.1391
2.0343
0.0000
0.0453
0.8999
0.2575
0.1858
0.0000
0.0000
0.0000
0.0000
0.0000
0.0000
0.6206
2.1360
0.0000
0.0000
0.0000
0.8295
1.3913
0.0000
0.1059
0.0000
0.0000
0.7741
0.0000
0.0000
0.0000
0.0000
0.0000
0.4762
0.0000
0.0000
0.0000
0.0000
1.0153
0.0000
1.0972
0.0000
0.0000
1.2598
0.0000
0.0000
0.9994
1.3876
1.7550
0.0000
1.3065
1.2952
0.0000
2.2338
0.2072
0.0000
2.2790
0.8475
0.0000
0.0000
0.0000
0.0000
0.1479
0.1859
1.4004
0.0000
0.9061
0.0000
0.0000
0.0000
0.0000
1.4664
0.0000
1.9723
0.0000
3.5281
0.3510
0.0000
1.8128
2.9747
1.4797
0.0000
0.4686
0.0000
0.2076
1.4018
0.4555
0.0000
2.4702
0.0000
0.0000
0.0000
0.1837
0.0000
1.3416
0.0000
0.0000
2.5150
0.0000
1.3464
0.0000
0.0000
0.0000
0.0000
4.3130
0.0000
0.0000
0.0000
0.0000
0.0459
0.7704
1.3072
0.0000
1.9233
0.5221
1.1083
0.0000
0.6161
0.0000
0.0000
1.3242
0.0000
0.0000
0.0000
0.0000
0.0000
0.8248
2.5877
0.0000
0.0000
0.4681
0.0000
1.6243
0.1854
0.9073
0.0000
0.0000
1.2081
1.3391
0.0000
0.0000
0.0000
2.3806
0.6610
0.0000
1.1387
0.0000
0.0000
1.5834
0.0000
0.0000
0.0000
0.0000
0.0000
0.0000
0.0000
0.6454
0.0000
2.1100
0.3265
2.1813
2.5390
0.0000
0.0000
0.0000
0.0000
0.0000
2.1020
1.0259
0.0000
0.0000
0.0000
0.0000
0.0000
0.0000
0.0000
0.0000
0.0000
0.0000
0.0000
0.0000
0.0000
0.8285
0.0000
0.0000
0.0000
0.0000
2.5847
0.0000
0.0524
0.0000
3.6372
0.1044
1.2679
0.4318
1.9920
0.0000
0.0000
0.0000
0.1311
0.0000
0.0000
0.0623
0.3235
0.3831
1.0744
0.0000
0.0000
0.0000
0.0000
0.0000
0.0000
0.0000
0.0000
1.1580
0.0000
0.0000
0.0000
0.6572
0.0000
0.0000
0.0000
2.1605
0.0000
0.0000
0.0000
1.2563
0.0000
0.0000
0.0000
0.0000
0.0000
0.0000
0.0000
0.0000
0.8100
0.5134
0.0000
0.0000
0.0000
0.0000
0.0000
0.0000
0.0000
0.1183
1.2755
0.0000
0.0000
0.0000
0.0000
0.7226
0.6252
0.0000
0.0000
0.0000
0.0000
0.0000
0.0000
0.0000
0.0000
2.1088
0.0000
1.7509
0.2795
0.0000
0.0000
0.0000
0.0000
0.0000
0.0000
0.0000
1.1118
0.2958
0.6855
0.0000
0.0000
0.0000
0.8625
1.9578
0.0000
0.5524
0.0000
0.0000
0.0000
0.8936
0.3430
1.2004
0.0000
0.0000
0.0000
0.0000
0.6473
0.0000
3.3424
0.0000
0.3199
1.6829
0.0000
0.5302
0.2741
0.0000
0.0000
0.0000
0.0000
1.1660
0.0000
0.0000
0.0000
0.2904
0.0000
0.7191
0.0000
0.0000
0.0000
0.9319
2.0432
1.1812
0.0000
0.0000
0.0000
0.3193
1.2660
1.4755
0.0000
1.4159
0.4956
0.0000
0.0000
0.7876
0.4003
0.0000
0.0000
0.0000
0.0000
0.9006
0.8317
0.0000
0.0000
0.0000
0.0000
0.1860
0.0000
0.0000
0.0000
0.3359
0.0000
0.0000
0.0000
0.0000
0.0000
2.8433
0.0000
0.0000
0.2333
0.0000
0.5264
0.5161
0.7695
0.0000
0.0000
0.0000
1.3597
0.0000
0.0000
1.1829
0.0000
0.1831
0.0000
0.0000
0.1970
0.0000
0.1262
0.0000
0.0000
0.0000
0.0000
0.0000
0.0000
0.0000
0.0000
0.0000
0.0000
0.0000
0.0000
0.0000
0.0000
0.0000
1.1618
0.0000
2.0987
0.0000
0.0000
0.0000
0.0592
0.0000
0.1251
0.0000
0.0000
0.0000
0.0000
0.8001
0.0000
0.7311
0.0000
0.0000
0.4870
0.0000
0.0000
0.0000
0.0000
1.1780
0.0000
0.0000
0.9433
0.0000
0.0000
0.0000
0.0000
1.9285
0.8810
0.0000
0.0000
3.5021
0.0000
0.1505
0.0000
0.0000
0.3165
0.0000
0.3725
0.0000
0.0000
2.1616
0.0000
1.7087
0.0000
0.0000
0.0000
0.4575
1.1049
0.7375
0.0000
2.2509
2.5128
0.0000
0.0000
1.1567
0.0000
1.5319
1.3835
0.0000
0.0000
0.0000
0.0000
0.0000
2.4184
0.0000
0.4033
0.8102
0.0000
0.3650
0.0000
0.0000
1.0133
2.1256
0.0965
0.0000
0.0000
0.0000
0.0000
0.0000
3.1824
0.7884
0.0000
0.4309
0.0000
0.0000
0.5103
0.0000
0.2976
1.4036
0.0000
0.0000
0.0000
0.0000
0.2130
3.4371
0.0000
0.0000
0.0000
0.0000
2.2890
3.4274
0.0000
0.4472
0.0502
0.0000
0.0000
1.6016
0.0000
0.0000
3.5784
0.0000
0.0000
0.0000
0.8510
0.0000
0.6158
2.5218
0.0000
0.0000
0.0000
1.4738
1.5928
0.0000
0.0000
0.0000
0.0000
0.0000
0.0000
2.6147
0.0000
1.7723
0.0000
0.3067
0.9398
0.8700
1.8846
0.0000
0.0000
0.3518
0.0000
3.2590
0.0000
0.0000
0.0000
0.0000
0.0000
0.0000
0.1846
0.0000
0.0000
0.0000
1.6124
0.0000
0.6729
0.0000
0.0000
1.2691
4.7899
0.0000
0.1912
0.0000
0.0000
1.0303
0.0000
0.0000
0.0000
0.0000
0.1158
1.9380
0.0000
0.7338
0.0000
1.3805
0.0000
0.0000
0.0000
0.0000
1.9378
2.9360
0.0000
0.0000
0.0000
0.4275
0.0000
0.1175
0.0000
2.7175
0.0000
2.8127
0.1421
0.0000
0.0000
0.0000
0.0000
0.0000
0.0000
1.1455
0.0000
0.0000
0.0000
0.0000
0.0000
3.6972
0.0000
0.9501
0.3751
0.0000
0.0000
1.1664
0.0000
0.0000
0.0000
0.0000
2.9049
0.0000
0.0000
0.9434
0.0000
0.0000
0.0000
0.0000
0.3871
0.3109
0.0000
1.0982
1.9024
0.3929
1.9638
1.0131
0.0000
2.5011
0.0474
0.0000
0.0000
0.0000
0.3212
0.0000
0.0000
0.0000
0.0000
0.0000
0.0000
0.0000
0.0000
0.0000
0.0000
0.0000
0.0000
0.0000
0.7373
0.0000
0.0000
0.0000
2.9673
0.0000
0.3870
0.0000
0.0000
1.2177
0.5749
0.0000
0.3546
0.0000
0.0000
0.6196
0.0000
1.5016
0.5827
3.7083
0.0000
0.4328
0.0000
1.4599
0.1250
0.0000
1.0011
0.0000
0.0000
0.0000
0.9397
1.1018
1.4630
0.0000
0.0000
0.1924
0.0000
2.5818
0.0000
0.0000
0.0000
0.0000
0.0000
0.0000
0.0000
0.0000
2.4686
0.0000
0.0000
0.2036
0.6277
0.6955
0.0000
0.3032
0.2729
2.3158
0.1960
0.0000
0.0000
0.0000
0.0000
1.0535
0.3364
0.0000
0.0000
2.0510
0.0444
2.1849
1.3559
0.0000
0.0000
0.4193
0.0000
2.8577
0.0000
1.9414
0.0000
0.0000
0.0000
1.6902
1.9397
0.3963
0.0000
0.0000
0.1692
0.1901
0.0806
1.3110
0.0156
0.0000
0.0000
0.9564
0.8141
0.0000
0.0000
0.0000
1.3092
0.0000
2.3011
0.0000
0.0000
0.3617
0.0000
0.0000
0.0000
0.0000
0.0000
1.9380
0.0000
0.0000
0.4673
2.3957
1.6121
0.0000
2.6319
0.0000
0.0000
0.0000
0.0000
0.0000
0.0000
0.0000
0.0000
0.0419
0.9692
0.0000
2.7610
0.0000
0.0000
0.0000
0.0000
0.4695
1.9582
0.9447
0.0000
0.0000
0.0000
0.0000
0.0000
0.4529
0.0000
1.6896
0.0000
0.0000
0.0000
0.0000
0.0000
0.7582
0.0383
0.0000
0.0180
0.0000
0.0000
0.0000
0.0000
0.0000
0.0000
0.0000
0.8055
0.0000
0.0000
0.0000
0.0000
0.0000
2.1139
0.3287
0.0000
0.7546
0.0000
0.0000
0.0000
3.2299
1.8902
0.0000
0.0000
0.0000
0.0000
0.0000
1.9664
0.0000
0.0000
0.4442
0.0000
1.8829
0.0000
0.0972
0.0000
0.0000
0.6552
0.0000
0.0000
0.0000
0.0000
2.8382
0.0000
0.0000
0.0000
0.0000
0.0000
2.4990
0.0000
0.0000
3.9564
0.2813
0.0000
0.0000
0.0000
1.8581
0.0817
0.7368
0.6526
0.0000
0.0000
2.0232
2.8299
0.3516
0.0000
1.0281
0.0000
0.7289
0.0000
0.0000
0.0000
0.0000
0.0000
0.0000
0.0000
2.3766
0.0000
0.0930
0.2858
0.0127
0.0000
0.0000
0.0000
0.0000
1.2072
2.1023
0.0000
0.0000
0.0000
0.0000
0.2187
2.1223
0.6752
0.0000
0.0000
0.0000
0.0000
0.0000
0.0000
0.0633
0.0000
0.0000
0.2668
0.0000
0.3143
1.1655
0.0000
0.0000
1.7678
0.1266
0.5785
0.0000
0.0000
0.0000
1.1145
0.0000
0.0000
0.0000
0.0000
0.0000
0.0000
1.6022
0.0000
0.0000
0.0000
0.0000
1.4776
0.3770
0.0446
0.0000
0.0000
0.0000
2.0798
0.0000
0.0000
0.0000
2.8567
1.8727
0.0000
0.0000
0.0000
0.0000
0.0000
0.0000
0.0000
3.5205
1.1326
0.0000
0.0000
2.6899
0.0000
0.0000
0.0000
0.0000
0.0000
0.0000
2.8172
0.0000
0.0000
0.0000
0.0000
0.7434
0.0000
0.0000
1.2129
0.1152
0.3429
0.0000
0.5644
0.1813
0.0000
0.0000
0.0000
0.4791
0.0000
1.7565
0.0000
1.8595
0.0000
0.0000
2.3959
0.0000
0.8512
0.0000
3.0986
0.7101
0.6547
0.4002
0.0000
0.9481
1.5561
0.3946
0.0000
0.0000
0.5083
0.0000
0.0000
0.0000
1.4415
0.0000
0.0000
1.4248
0.0000
0.0000
0.0308
1.3321
0.5940
0.0000
0.0000
0.6123
0.4684
1.0220
1.3156
0.0000
1.1302
1.4962
0.0000
0.0000
1.0311
0.4743
3.7803
0.0000
4.1958
0.0000
0.1986
0.0000
0.2164
0.0000
0.0000
0.0000
0.1371
0.9398
1.1127
2.1149
1.6078
3.1949
0.0000
0.6032
1.5246
0.0000
0.0000
0.0994
0.0000
0.0000
2.1138
0.3022
0.0000
2.4489
0.0000
0.0000
0.4361
2.2171
3.0315
0.0000
0.4485
0.0000
0.0000
1.8868
0.1999
3.6261
0.0000
0.0000
0.0000
0.0000
1.0237
0.5644
0.7701
0.0000
0.6364
0.0000
0.0000
0.7599
1.5447
0.0000
0.0000
0.0000
1.0628
0.3364
1.5503
0.0000
0.0000
0.0000
0.0000
0.7270
0.4693
3.1454
0.0000
0.0000
1.6633
1.8281
0.0000
0.2075
0.0000
0.0000
0.0000
0.0000
0.0000
0.0000
0.0000
0.5096
0.0000
3.0336
0.0000
0.0000
0.0000
0.0000
0.5417
0.0165
0.2205
0.5743
1.5557
0.0000
1.8459
0.2825
0.0000
0.0194
0.0000
0.0000
0.0000
0.0000
0.0000
0.0000
1.9290
2.0789
1.0880
0.5976
0.0000
0.0000
0.0000
2.2773
0.0000
1.7696
0.0000
0.8939
0.0000
0.0000
0.0000
0.0000
1.5320
0.0000
1.0101
0.4532
2.7528
1.0458
2.7104
0.2811
0.0000
0.0000
1.7205
0.0000
0.0000
0.0000
0.0000
0.0000
0.0000
0.0000
0.0000
0.0000
1.6448
0.0000
0.6487
0.7901
0.0000
0.0000
0.8878
0.0652
0.6390
0.3412
0.0598
0.0000
0.0000
0.0000
1.7260
0.5178
0.5406
1.1167
0.2772
0.0000
1.1496
0.0000
0.0000
0.0000
0.3300
0.0000
0.0000
3.0975
0.0000
0.0000
2.1013
0.0000
0.4852
0.8559
0.0000
2.6903
0.0000
0.0000
0.0000
0.0000
0.0000
0.0000
0.0000
0.1528
0.5693
0.0000
0.0000
0.0000
0.7285
0.0000
0.0000
2.3978
0.0000
0.0000
0.0000
0.0000
1.2738
0.0000
