0.5918
0.0000
1.6924
0.0000
1.0914
0.0000
0.0000
0.0000
0.0000
2.3788
0.8430
0.0000
0.0000
0.0000
0.0000
0.0000
0.0000
0.0000
0.0000
0.0000
0.0044
0.0000
0.8987
3.9836
1.0994
1.1865
0.0000
4.5687
0.0000
0.0000
0.0000
0.0000
2.2302
0.0000
0.5852
0.0000
0.0000
1.1849
1.7544
1.9760
0.0000
0.0000
0.0000
0.0000
0.0000
1.3316
0.0000
0.0000
0.0000
1.3542
0.0000
0.0000
0.0000
0.0000
0.0000
0.0000
1.1755
0.4120
0.0000
0.0000
0.0000
1.1630
0.0000
3.2886
0.0000
0.0000
1.7771
0.0000
0.0000
0.0742
0.0000
3.2223
1.7618
0.0000
0.7509
1.9596
0.0000
0.0000
0.0000
0.7298
1.4055
0.0000
0.0000
0.0000
0.0000
0.0000
0.0000
2.5974
0.0000
0.0000
2.5281
0.0000
0.1223
0.9541
0.0000
0.0000
0.0000
0.0000
0.9343
0.0000
0.0000
0.0000
0.0000
0.0000
1.6191
0.0000
1.4075
0.0000
0.0000
2.3829
0.0000
0.2240
0.2906
0.0451
0.0000
0.8720
0.5239
0.0000
0.0000
0.0000
0.3671
0.0000
1.0060
0.7768
0.2454
0.0000
0.5581
0.8395
1.3063
0.9333
0.0000
0.0000
1.2593
0.0000
1.7078
0.0000
2.9590
4.7155
0.0000
2.0414
1.8385
0.0000
1.3723
1.4522
3.0244
0.0000
0.0000
0.0000
0.7334
2.1238
2.1469
0.0383
1.5971
0.0000
0.0000
2.0657
0.7573
0.6358
0.0000
0.0000
0.0000
0.0000
1.3530
0.0000
0.0000
0.3074
0.0000
0.0000
0.0000
3.2715
0.0000
0.0000
0.0000
0.0000
0.0647
0.0000
0.0000
2.7517
0.0000
4.0544
0.3560
1.0776
0.8228
0.0000
0.0000
0.0000
1.2154
0.5967
1.6309
1.0396
0.0000
0.0000
0.0000
0.0000
0.0000
0.0000
0.0000
0.1735
3.8191
1.9848
0.0000
0.9552
0.0000
0.8672
0.0000
0.0000
0.0000
0.5101
0.6763
0.0000
0.0000
0.0000
0.0000
0.5945
0.0000
0.0000
0.0000
0.0000
0.0000
0.0607
0.3289
0.0000
0.4046
0.0000
0.1878
0.0000
0.0000
1.2901
0.0000
0.0000
0.7337
0.0000
0.0000
0.0000
0.0561
0.6959
2.1266
0.0000
0.0000
0.0000
0.0000
0.0000
0.0000
0.0000
0.0000
0.2781
0.0000
0.0000
0.0000
0.0000
0.0000
0.0000
0.2488
0.0000
0.0000
1.0294
0.0000
0.0000
1.6730
0.0000
0.0000
0.0011
0.0000
0.0000
0.0000
0.0000
3.1180
0.4829
0.0000
0.6726
0.8635
0.8291
0.0000
1.4093
0.0000
0.0000
0.5167
0.2929
0.0000
0.0000
1.5168
0.4469
2.0265
0.0000
0.0000
0.3038
0.0000
0.0000
0.0000
0.0000
0.0000
0.0000
0.0000
0.0000
3.7044
0.0000
0.0000
2.9485
0.0000
4.2138
0.0000
0.0000
0.0000
0.0000
1.1571
0.0000
0.0000
0.0000
0.5423
0.0000
0.0000
0.4758
0.3031
3.1840
0.0000
0.0000
0.0000
0.0000
0.0000
4.7683
0.0000
1.6881
0.7497
0.0000
0.0000
1.8651
0.0000
0.8670
0.0000
1.1957
0.0000
1.3566
0.0000
0.0000
0.0000
3.4297
2.3906
0.0000
0.0000
3.3448
0.0000
0.0000
0.0000
0.0000
0.0000
5.0967
0.0000
0.0000
0.0000
0.0000
0.0000
1.9583
0.0000
0.0000
1.4602
0.0000
0.1269
0.0000
0.9571
0.0000
0.0000
0.0000
0.0000
0.0000
0.0000
0.0000
0.0227
1.0051
0.6031
0.0000
1.7075
0.0000
0.0000
0.0000
0.4541
0.0000
0.0000
1.5854
0.0008
0.0000
5.4822
0.2330
0.1515
0.0000
0.0000
0.0000
0.0000
0.0000
0.0000
0.0000
1.7345
0.0000
0.0000
0.1954
0.8753
1.6664
0.0000
0.0000
0.0000
0.0000
0.0000
1.4698
0.0000
0.0000
0.0000
0.0000
0.0000
0.0000
3.7977
0.0000
0.0000
0.8185
0.0000
3.0128
0.0000
3.0896
0.0000
0.0000
1.5449
0.5628
0.2153
0.9555
0.0000
0.0000
0.4237
2.0182
0.0000
2.1275
0.0000
0.6676
0.0000
0.0000
0.0000
0.0000
0.0000
0.2393
0.0000
0.0000
3.2162
0.0000
1.3541
2.1555
0.0000
0.0000
3.1039
1.4748
0.5552
0.0000
0.4250
2.4490
1.2430
0.0000
0.0000
1.0907
0.0000
3.1583
0.0000
0.6853
0.2118
0.0000
0.0450
0.0000
1.4732
0.0000
1.3968
0.0000
0.0000
0.0000
0.0000
0.0000
0.0000
0.0262
0.0000
0.0000
0.0000
0.2473
2.4383
0.1924
0.0000
0.0000
0.0000
0.0000
1.6892
0.3868
0.2864
0.0000
0.0000
0.6820
0.0000
1.8221
0.0000
0.0000
0.0000
0.0000
1.4623
0.6479
0.0000
0.0000
2.1904
0.0000
0.0000
0.1127
4.0761
0.0000
0.0000
0.2336
0.0000
0.0000
0.8367
0.4744
0.0000
2.7389
0.0000
1.2700
0.4874
0.7923
0.0000
0.0000
5.7270
0.0000
3.3877
2.4411
0.0000
1.5701
2.4445
0.0000
1.3866
0.0000
0.0000
0.0000
1.1293
1.6956
0.0000
0.0000
0.0000
2.8669
0.0000
0.4363
0.1227
0.0000
0.0000
1.0830
0.0000
0.0000
0.0000
0.0000
0.0000
0.0000
0.0000
0.0566
0.0000
2.6181
0.0000
0.0000
1.6601
0.0000
0.0000
0.0000
0.0000
0.0000
0.2089
0.0000
0.0000
0.0000
0.3020
1.1534
0.0000
0.0000
0.2964
0.0000
0.2196
0.0000
0.0000
0.0000
0.0000
0.0000
1.8866
1.3408
0.0000
0.7981
0.0000
0.0000
0.0000
0.0000
0.0000
0.0000
0.0000
0.8824
1.3188
0.9410
0.0000
0.0000
0.0000
0.0000
0.0000
0.0000
0.0000
0.0000
0.0000
0.5155
0.0000
1.4227
0.0000
0.0000
0.0000
0.4596
3.3396
0.0000
3.2733
0.0000
0.0000
0.0000
0.0000
6.3793
0.0000
3.1919
0.5673
1.4918
0.1947
0.0000
0.0421
0.0000
0.0000
0.5149
0.0000
2.0246
0.0000
0.5799
0.3375
0.0000
0.0000
0.0000
0.0000
0.0000
0.0744
1.3663
0.0000
1.7962
0.0000
0.0000
0.0000
1.9747
0.0000
0.2965
0.0000
0.0000
0.0000
0.0000
1.7213
0.0000
0.8639
0.0000
3.2430
0.0000
0.0000
0.0000
0.5740
0.8623
0.0000
0.4616
0.0000
0.0000
1.9903
0.0000
0.0000
0.0000
1.5612
0.0000
0.0000
0.0000
0.6155
0.0000
0.0000
0.0000
0.0000
0.0000
0.6668
0.0000
0.0000
0.0000
0.0000
1.5951
0.0000
0.0000
0.0000
0.0000
0.0000
0.9883
0.0000
2.1385
0.2423
0.3523
1.7854
0.0000
0.0000
0.0000
0.0000
0.0000
2.1089
0.6499
1.5909
1.1477
2.3380
0.0000
0.0000
0.0000
0.0000
0.0000
0.0000
3.1137
0.0000
0.0000
0.0000
0.0000
0.0000
0.0000
0.0000
0.0000
0.0000
0.0000
0.0000
0.0000
0.6494
0.0000
0.0000
0.0000
0.0000
0.0000
0.5164
0.0000
0.0000
0.6148
0.0000
0.0000
0.0000
0.0000
0.2291
1.1514
0.0000
3.4164
0.8235
0.0000
0.0000
2.1619
0.0000
1.1138
0.0000
0.7955
1.3194
0.0000
0.0000
1.2005
0.0000
0.0000
0.0000
0.0000
0.0000
0.0000
0.3398
0.0028
1.4536
0.0382
0.2251
0.0000
0.0000
0.8539
0.0000
0.0000
0.0000
0.0000
1.1115
0.0000
0.0000
0.0000
0.2420
0.0000
0.0000
0.8324
0.0000
0.0000
0.0000
0.0000
0.0000
0.0000
0.0000
0.0000
0.0000
0.0000
0.0000
0.0000
0.5444
0.0000
2.0372
0.0000
0.0000
0.0000
0.0000
0.0000
2.4006
0.0000
0.0000
0.9362
0.8947
0.1984
0.1328
0.2768
0.0000
0.0000
0.0000
0.0000
1.1604
0.0000
0.0000
1.1280
0.0000
0.0000
0.4053
0.0000
0.0000
0.4805
1.2115
0.0000
0.0211
0.0000
0.0000
0.0000
0.0635
0.0000
1.0118
0.0000
2.5698
0.8605
0.0000
0.0000
0.0000
0.9786
0.8534
0.0000
0.0000
0.0000
0.0000
0.0000
0.0000
0.0000
0.0000
0.0000
0.0000
0.0000
1.9733
0.0000
0.0000
1.4502
0.0000
0.0000
0.7878
0.0000
0.0000
0.0000
0.0000
0.6729
0.2246
0.0000
0.0000
0.7603
0.4537
0.0000
0.0000
3.3127
0.0000
0.0000
1.8065
0.0000
2.6070
0.0000
0.1782
1.0494
0.0000
4.3817
0.0000
0.9974
0.0000
0.0000
0.6563
0.0000
0.0000
0.2731
0.0000
0.0000
0.0000
0.0158
0.0000
0.0000
2.5199
0.0000
1.5247
0.0000
0.0000
2.6985
0.0000
0.0000
0.0000
0.0000
0.0000
0.0000
0.0000
0.0000
0.0000
0.0000
0.0000
0.2858
0.0000
0.0000
2.0465
0.0000
0.0000
1.8645
0.0000
0.7355
0.0000
0.0000
0.0000
0.0000
1.7520
0.0000
0.0000
0.9218
0.6286
0.0000
0.0000
0.0000
0.0000
0.0000
0.7478
0.9441
0.4820
1.2657
0.0000
0.2865
0.0000
0.0000
1.5707
0.0000
0.0000
0.0000
0.5371
1.7873
0.0000
0.0000
0.0000
2.8256
0.0000
0.1846
0.0000
0.0000
0.0000
0.0839
0.3288
0.1576
0.0000
2.6175
0.0000
0.0000
0.0000
1.5124
0.0000
0.0000
0.0000
0.0000
0.0000
0.0000
0.3790
0.0000
0.0000
0.0000
0.0000
0.0000
1.5226
0.0000
0.0000
0.0000
0.8285
0.0000
0.0000
0.0000
2.3768
1.7793
1.3252
0.0000
0.0000
0.0000
1.4579
0.0000
0.0000
0.0000
0.0000
0.0000
0.0000
0.0000
0.0000
2.4448
0.0000
0.0673
0.0000
0.0000
0.0000
1.1282
0.0626
0.0000
0.0000
1.8662
0.0000
0.0000
0.0000
1.9105
0.0000
0.0000
1.9345
1.8114
0.0000
1.7409
0.0000
1.0391
0.0000
0.0000
0.0000
0.1971
0.2466
0.0000
0.0000
1.6669
0.0000
0.4008
2.9027
1.6295
0.5934
0.0000
2.1270
0.0000
1.4273
0.0000
1.2536
0.0000
0.0000
0.0000
0.0000
0.0000
0.2352
0.0000
0.0000
0.0000
0.0000
0.0000
0.0000
0.0000
0.0000
0.0000
0.0000
0.0000
0.0000
0.0000
4.1333
0.0000
1.3883
0.0000
0.0000
0.9206
1.2916
2.1904
0.0000
0.0000
0.0000
0.0000
0.0000
0.0000
0.0000
0.0000
0.0000
0.0000
0.0000
0.0000
0.0000
0.0000
0.0000
0.0000
0.0000
0.2409
0.0000
1.2773
0.0000
0.0000
0.7908
0.0000
0.0000
0.0000
2.8466
0.0000
0.0000
0.0000
0.0000
0.3992
0.0000
0.9218
0.0000
1.0130
0.2650
0.0000
0.0000
0.0000
0.0000
0.0882
1.1387
0.0000
0.0000
0.0000
1.2679
0.0000
0.0000
0.0000
0.0000
0.0000
0.0000
0.3806
0.0000
0.0000
0.7933
0.0330
0.7229
0.0000
0.0000
0.4555
0.0000
0.2544
0.0000
0.0000
0.0000
0.0000
0.0000
0.0000
0.0000
0.0000
3.0249
0.0000
0.0000
1.1274
0.0000
0.0000
2.2702
0.0000
0.0000
0.0000
0.0000
2.0931
0.9771
0.0000
0.0000
0.5944
0.3454
0.0000
0.0000
0.0000
0.0000
0.0000
0.0000
0.0000
0.0000
0.2652
2.0744
0.0000
0.4027
0.8839
2.4495
0.0000
0.0000
2.5873
2.5135
0.0000
0.0000
0.6162
0.0000
0.0000
0.0000
0.4826
0.8674
0.0000
0.0000
0.2078
0.0000
0.0000
3.3020
0.0000
1.0293
0.6079
0.0000
0.0000
0.0000
0.0000
0.0000
0.0000
0.0000
0.0000
1.5418
2.1412
0.0000
0.0000
0.0000
0.0000
2.3156
0.0000
0.0000
0.0000
3.5878
2.0607
0.9435
0.0000
0.2065
0.0000
0.0000
0.0000
0.1092
0.0000
0.0000
0.0000
0.2736
2.9470
0.0000
0.0000
0.0000
0.0000
0.0000
0.0000
0.0000
0.0000
1.5700
0.0000
0.0000
0.0000
0.0000
0.0000
1.7615
0.0000
0.0000
0.0000
0.0000
0.0000
0.0000
0.0000
0.0000
0.0000
2.4962
0.0000
0.0000
0.0000
1.7991
0.0000
0.0000
0.0000
0.0000
0.6197
0.2596
0.0000
0.0000
0.0000
0.0000
2.3987
0.0000
0.0000
0.0000
0.0000
0.0000
0.0000
0.1094
0.7402
2.4327
0.0000
1.0578
0.0000
1.0627
0.0000
0.0000
1.0122
0.0000
0.0000
0.0000
0.0000
0.0000
0.0000
0.5517
0.0000
0.0000
0.0000
0.0000
1.9214
2.2169
0.0000
0.0000
0.0401
1.4014
0.0000
0.0000
0.0000
0.0000
0.0000
1.9933
0.3679
0.0000
0.4085
0.0000
0.0000
0.0000
0.0000
0.0000
0.0000
0.0000
0.7245
0.0000
1.5554
0.0000
0.0000
0.0000
0.0000
0.0000
1.5584
0.0000
0.0000
0.2110
0.4970
0.0000
0.5394
2.3647
0.0000
0.0000
0.0000
0.0000
0.0000
1.6780
0.8323
0.3785
1.1388
0.0000
0.0000
0.0000
0.0000
1.0748
0.0000
0.0000
0.0000
0.0000
0.0000
0.0000
0.0000
0.0000
0.0000
0.0000
0.0000
1.5344
0.0000
0.0000
0.2156
0.0000
0.0000
0.0000
0.0000
1.1139
0.0000
0.0000
0.0000
0.0000
0.0000
0.9644
0.0000
0.0000
2.0390
0.0000
0.0000
0.0000
0.0000
0.0000
0.0000
0.1063
0.0000
0.0000
0.0000
2.7224
5.1261
0.4771
0.8732
0.0000
0.0000
0.0000
1.0685
0.7480
0.0000
3.9403
1.2808
0.0000
0.0000
0.1304
0.4100
0.0000
4.3664
1.2378
0.0000
0.0000
0.0000
1.3121
0.6920
0.0000
0.6802
0.1686
0.0514
0.0000
0.0000
2.8207
0.0000
0.0000
0.0000
0.0000
1.7345
0.0000
2.0405
0.0000
0.6654
0.0000
0.0000
0.7401
1.0870
0.0000
2.7062
0.0000
0.0000
0.5958
0.1146
0.0000
0.4431
0.0000
3.5212
0.0000
0.0000
0.4600
0.0000
0.0000
1.1476
0.0416
0.0000
0.7619
0.0000
0.4951
0.0000
0.0000
0.7367
0.0000
0.0000
0.0000
0.0000
0.0000
1.2310
0.0000
1.4157
0.0000
0.0000
2.3473
0.0000
3.4127
1.7801
0.0000
0.0000
0.0000
0.0000
0.0000
0.0000
0.0000
0.0000
0.0000
0.0000
0.0000
0.0000
1.7769
0.0000
0.0000
0.0000
0.0000
0.0000
0.0000
0.0000
0.0000
0.0408
3.4085
3.0040
0.0000
0.8206
0.0000
0.0000
0.3772
0.9440
0.1590
1.5608
0.0000
0.0000
0.0000
0.5090
0.0000
0.0000
1.1994
0.0000
0.0000
0.0000
0.0000
0.0000
0.4266
0.6167
0.0000
0.0000
4.7083
1.2824
2.8702
0.9231
0.9677
0.0000
0.0000
0.3222
0.1739
0.2676
0.0000
0.0000
0.0000
1.8969
0.0000
0.0000
0.0000
0.0000
0.0000
1.5952
0.0000
0.0000
0.0000
0.0000
0.0000
1.3898
3.5614
0.5315
0.2224
0.0000
0.0000
0.0000
0.0000
0.0000
0.0000
0.4308
0.0000
0.0000
0.0000
1.1874
1.5103
0.0000
0.0000
0.0000
0.0000
0.1413
0.0000
0.0000
1.7444
0.6676
0.0000
0.3269
0.1314
0.0000
2.3364
0.2287
0.0000
4.0590
0.0000
0.0000
0.0000
2.1288
0.0000
3.7044
1.1735
0.8882
0.2988
0.0000
0.0000
0.0823
0.0000
0.5934
0.0000
0.0000
0.0000
0.0000
0.0000
1.7145
0.0000
0.0000
0.0000
0.4276
0.3108
0.6247
0.0000
1.2623
0.8846
0.4958
0.0000
0.0000
0.0000
1.9251
0.0000
3.0530
0.0000
0.0000
0.0000
0.0000
0.0000
0.0000
0.0874
0.0000
0.0000
1.5241
0.0000
0.0000
1.7318
0.5765
0.9385
0.7640
1.2927
0.0000
0.0000
0.0000
0.5600
0.2059
0.0000
0.0000
0.0000
0.2990
0.1872
0.0000
0.0000
1.3517
0.0000
0.0000
0.0000
0.0000
0.0000
0.0000
0.0000
0.0000
0.0000
0.0000
1.6565
0.6157
0.0533
0.7573
0.0000
0.3986
0.0000
2.8749
0.0000
0.0000
1.1260
0.5031
2.7638
0.6676
1.8092
0.0000
0.0000
0.0000
1.0827
1.7643
0.0000
0.0000
0.0000
0.0000
0.0000
0.4722
0.8931
0.0000
1.9611
0.0000
3.0887
1.6262
0.0000
0.0000
0.0000
0.0000
0.0000
0.0000
0.6158
2.7478
0.0000
0.0000
2.0305
0.0000
0.0000
0.0000
0.0000
0.0000
0.0000
0.0000
0.4483
0.0000
3.3350
0.0000
0.0000
0.0000
0.0000
0.5263
2.3747
0.0000
0.0000
2.7433
0.0000
3.7090
0.0000
0.0000
0.0000
0.0000
0.2659
3.3021
0.2861
1.6418
0.0000
0.2596
0.0171
0.0000
0.0000
0.6494
0.0000
1.8030
1.2143
0.0000
0.0000
0.0000
0.0000
0.0000
0.0000
0.0000
0.0000
0.5335
0.5910
1.2301
0.0000
0.0903
0.0000
0.0000
0.0000
0.0000
0.0000
3.2700
0.0000
0.2298
2.4607
0.0000
0.0000
0.1729
0.7530
0.0000
1.0620
0.5244
0.3090
0.0000
1.4898
0.0000
0.6545
2.5436
0.0000
0.0000
0.0316
3.0070
0.7827
0.0000
0.0000
0.0000
0.0000
0.0000
2.4571
1.2343
2.9410
0.0000
0.4128
0.9507
0.0000
1.7096
0.0000
0.0000
0.3104
0.0000
0.0000
0.0000
0.0000
0.9246
0.0000
0.0000
2.1699
0.0000
0.0000
0.0000
2.7067
0.0000
0.0000
0.0000
0.0000
0.0000
0.4347
1.1506
0.0000
0.0000
3.0727
0.0000
0.0000
3.9793
0.0000
0.0000
0.0000
0.0000
0.1339
0.0000
0.0000
2.2216
1.2668
0.0000
0.0000
1.6343
0.0000
1.2344
0.0000
0.0000
0.0000
0.1678
2.9665
0.0000
3.1999
0.0000
0.8804
0.6058
0.0000
0.0000
0.0000
0.0000
0.0000
2.0341
0.0000
0.0000
0.0000
0.0000
0.0000
0.0000
0.0080
1.7534
0.6677
0.0000
0.0000
0.9649
1.5701
0.0000
0.7535
0.7829
0.0000
0.4055
0.0000
0.0000
0.0000
0.2113
0.7574
0.0000
0.0000
0.0000
0.0000
1.9824
0.0000
3.0944
0.0000
0.0000
0.0000
0.0000
0.0000
3.3156
0.0000
0.0000
0.0000
0.0000
0.8812
0.2566
1.3317
0.0000
0.0000
0.0000
0.0000
0.0000
0.0000
1.1441
0.0000
0.8077
0.0000
3.9299
0.0000
0.0000
0.0000
0.0000
0.0000
0.0000
0.0000
0.0000
0.0000
0.0000
0.0000
0.0000
0.3577
0.6678
0.0000
1.0157
0.0000
1.6323
1.4785
0.0000
0.0000
0.0000
0.0000
0.5887
0.0000
0.0000
2.0336
0.0000
2.0430
0.0000
0.0000
0.0000
0.0000
0.0000
1.0560
0.0000
4.0015
0.0000
0.0000
2.0082
0.0000
0.0000
0.0000
0.0000
0.0000
0.0000
1.2798
0.0000
0.0000
2.6321
0.0000
0.0000
0.0000
0.0000
0.0000
0.0000
0.0000
1.3281
1.9267
0.0000
3.1477
2.7804
3.0357
0.8168
1.3982
0.0000
0.0000
1.2801
0.0000
0.0000
2.2075
0.0000
0.0000
1.7107
2.0774
0.0000
0.0000
0.0000
1.2540
0.8720
0.8944
0.1267
1.5250
0.0000
0.0000
0.0000
0.0000
0.0000
1.0600
0.3063
0.0000
0.0000
0.0000
1.8457
0.0000
0.0000
0.9186
0.0000
0.0000
2.2434
0.3523
0.7640
0.0000
0.0000
1.9793
1.1100
0.0000
0.0000
0.0000
0.0000
0.0000
3.0694
1.2001
0.0000
0.0000
0.0000
0.8220
1.6350
2.8815
0.0000
0.0000
0.0000
0.0000
0.0000
2.6014
0.0000
0.0000
0.0000
1.4802
0.7117
0.5785
0.0000
0.0000
0.0000
0.3383
0.0000
0.0000
0.0000
0.0000
0.0000
0.0000
2.3452
0.7550
0.0000
0.2400
0.0000
0.0000
0.0000
0.0000
1.7084
1.2173
0.0000
0.0000
0.0000
0.0000
0.4623
1.3538
0.0000
1.2896
0.0000
0.0939
0.0000
0.0000
0.0000
0.0000
0.0000
1.0094
0.0000
4.0015
0.0000
0.0000
0.0000
0.0000
0.0000
0.0000
0.0000
0.0000
0.0000
0.0000
0.0000
0.0000
0.0000
0.0000
0.0000
0.0000
0.0000
0.0000
3.4469
0.0000
0.0000
0.0000
0.0000
0.0384
0.0000
3.0748
0.0000
0.0000
0.0000
0.0652
0.5947
0.0000
0.0000
0.0000
0.0000
0.0000
0.0000
0.0000
1.8475
0.0000
0.0000
0.0000
0.0000
0.0000
0.0000
0.0000
0.0000
0.6191
1.7775
0.0000
1.8590
0.0000
1.8903
0.0000
0.0000
0.0000
0.0000
0.0000
0.3254
0.0000
0.0000
1.2338
0.0000
3.4992
0.0000
3.5346
0.0000
0.2039
1.7084
0.0000
0.0000
0.0000
0.0000
0.0000
0.0320
0.0000
0.0000
0.0000
0.0000
0.0000
0.0000
0.0000
2.1838
1.8532
0.2681
1.9149
0.0000
0.9582
0.0300
0.3633
0.5550
0.0000
0.0000
0.3927
0.2962
0.0000
2.2427
0.0000
0.0000
0.0000
2.1413
0.0000
0.0000
0.0000
0.0000
0.0000
0.0000
0.0000
0.0000
0.0000
0.0000
0.0000
0.0000
0.8738
0.1610
0.0000
0.9710
0.0000
0.0000
0.3343
0.0000
0.0820
0.0000
0.7631
0.0000
0.0000
0.0000
3.9660
1.3492
0.0000
0.0000
0.0000
0.0000
0.9086
0.0000
0.0000
0.0000
0.0000
0.0000
0.0000
0.0000
1.8238
1.1411
0.0000
0.0000
2.0989
1.0783
0.6956
0.0000
0.7826
0.0000
0.0231
0.0000
0.0000
0.0000
0.4578
1.8800
0.0000
1.3915
0.0652
0.0000
0.0000
0.0000
0.0359
0.0000
2.8622
1.1929
0.0000
4.8864
0.0000
0.0000
0.0000
2.0097
0.0000
4.0093
1.1990
0.0000
1.7404
0.0000
0.0000
0.0000
0.0390
0.7170
0.0000
0.0000
0.0000
0.0000
0.6347
0.0000
0.0000
0.0000
0.0000
0.0000
0.0000
0.0000
2.1438
0.0000
0.1956
0.0000
0.0000
0.0000
0.0000
0.0000
1.2566
0.0000
0.3736
1.4059
0.0000
0.0000
1.5182
2.4505
1.1003
0.1991
0.0000
0.0000
0.0000
0.0000
0.0000
0.0000
0.0000
0.2355
0.0000
1.5783
0.0000
0.0000
2.3565
0.0000
0.0000
2.6279
0.0000
0.0000
0.0000
0.0000
0.4824
2.6131
0.0000
0.4223
0.0000
0.0000
0.1600
0.0000
0.0000
1.1247
0.5057
0.9491
1.9356
0.4503
0.0000
1.6347
0.0000
0.0000
0.0000
0.0000
1.3479
1.3256
0.0000
0.0000
1.7042
0.0000
1.9316
5.0053
0.0000
0.0000
1.4568
0.0000
0.0000
0.0000
0.0000
0.0000
0.0000
0.0000
0.0000
0.0000
0.0000
0.0000
0.0000
0.0000
0.0000
0.2384
0.5109
0.0000
2.6610
0.0000
0.0000
2.2626
0.0000
0.0000
4.4267
0.0000
0.0000
1.3701
0.0000
0.0000
0.3861
0.0000
0.0000
0.0000
2.5029
0.0000
0.0000
0.0000
0.9219
0.0000
0.0000
1.4126
0.0000
0.0000
0.0000
0.0000
0.0000
0.7402
0.0000
0.0000
0.4813
1.0670
0.0000
0.0000
0.0588
0.3353
0.0000
0.0000
3.9182
1.4381
0.8409
0.0000
0.6007
1.3554
0.8001
1.2723
0.0000
0.0000
0.0000
0.0000
0.0000
0.0000
0.0000
0.3368
0.0000
0.0000
0.0000
0.0000
0.0000
0.3587
0.0000
2.8915
0.2684
0.0000
3.0648
0.0000
0.0000
0.0000
0.0000
0.0000
0.0000
0.9585
0.0000
0.0000
0.3635
0.0000
0.0000
1.4283
0.0000
0.0000
0.0000
0.0000
0.0000
0.0928
1.7819
0.0000
0.9556
0.0000
0.0000
0.0000
0.0000
0.0000
1.4652
3.6724
0.0000
1.5442
0.0000
0.0000
0.0000
0.5450
0.0000
0.2873
0.0000
1.7980
1.8603
0.0000
0.0000
0.0000
0.0000
0.7429
0.0000
0.0000
4.2814
1.2878
0.0000
0.0000
0.0000
4.7047
2.2561
0.4921
0.0000
1.1052
0.0000
0.0000
0.0000
0.0000
0.0000
0.0000
0.0000
0.0000
0.0000
0.0000
0.0000
0.3806
0.0000
2.3647
0.0000
0.0000
0.0000
0.2702
0.0000
1.9972
0.0000
0.0000
2.4677
0.0000
1.8538
1.9349
0.0000
0.0000
0.2614
0.0000
0.5055
0.0000
0.0000
2.8444
0.3968
0.0000
2.2023
0.0000
0.0110
0.0000
0.0000
0.0000
0.0000
1.0713
0.0000
0.0000
2.1984
0.1343
0.0000
0.0000
0.0000
0.4619
0.0000
0.0000
0.0000
0.0000
0.0000
0.3704
0.9765
0.0000
0.0000
0.0000
0.0000
2.1499
0.0000
1.2756
0.0000
0.0000
0.0000
0.0000
1.1928
0.0000
0.0000
0.0000
0.0000
2.9583
0.0000
0.0000
0.9621
0.0000
0.0000
0.0000
0.7910
2.8971
0.0000
0.0000
0.0000
0.0000
0.0000
0.0000
1.6458
0.0000
0.0000
1.9164
0.0000
0.0000
3.0481
0.0000
1.4986
0.0000
0.0000
0.0000
0.2950
0.0000
0.0000
1.1512
1.4530
0.0000
0.0000
0.4944
0.2022
0.0000
0.6528
0.0000
0.3278
0.0000
1.9854
0.0000
0.0000
0.0000
0.0000
0.0000
0.9335
0.0000
0.0000
1.9647
0.0000
0.0000
0.0000
0.2239
0.0000
0.0000
0.0000
0.9172
0.0000
0.0000
0.0000
2.1369
1.9565
0.0000
0.0000
0.0000
1.3772
0.0000
0.0000
0.0000
1.0869
1.0414
6.5110
0.0000
3.0542
4.2749
0.0000
0.1066
0.0000
0.0000
0.0000
0.0000
0.5342
0.0000
1.2921
2.3528
0.0000
0.0000
0.0000
0.6116
0.0000
2.5703
0.3534
2.2613
0.0000
0.0000
0.0000
1.1853
0.0000
2.6342
2.5510
0.0000
0.0000
0.8064
0.0000
1.4656
0.0000
0.0000
0.5205
0.0000
2.6002
0.2236
0.0000
0.0000
3.1904
0.0000
0.0747
0.7527
0.0000
0.9348
0.0000
0.0000
0.0000
0.0000
0.7509
0.2017
0.0000
0.0000
0.0000
0.0000
0.0000
1.1575
0.0000
0.0000
0.0000
0.0000
0.0000
0.0000
0.7538
0.0000
0.0000
0.0000
0.0000
1.1759
0.0000
1.4737
0.0000
0.0000
0.0000
2.1528
0.1336
2.6258
0.0000
0.0000
0.0000
0.0000
0.0000
0.0000
0.0000
1.1204
1.1303
0.5117
1.6707
0.0000
0.0000
4.3312
0.3563
0.0000
0.0000
0.0000
0.0000
1.5880
0.3711
0.0000
0.4504
0.0000
0.0000
1.4947
1.3963
0.0000
0.0000
0.0000
1.5971
0.0000
1.6253
4.0339
0.0000
0.0000
0.9063
0.0000
0.0000
0.0000
3.2866
0.0000
0.0000
0.0000
0.0000
0.5980
0.4959
1.4797
0.0000
0.0000
0.0000
0.0000
2.9174
0.8570
0.0000
0.0000
3.3410
0.0000
0.0000
0.0000
0.0000
0.0000
1.4705
0.0000
0.4261
0.0000
0.3572
0.6159
1.3479
1.3839
0.0000
0.0000
0.0000
0.0000
0.0000
0.0000
0.3829
0.0000
0.8226
2.3416
0.0000
0.0000
0.0000
0.0000
0.0000
1.8003
0.9251
0.0000
0.0000
0.0000
0.1634
0.9244
0.0000
1.8358
1.5672
0.2780
0.0000
0.0000
0.0000
3.0517
0.0000
0.0000
0.1530
0.0000
0.0000
0.0000
0.0000
0.0000
1.0954
0.3492
0.0000
0.5487
1.9637
1.5759
0.0000
0.0000
0.4839
0.6221
0.0000
2.3311
0.0000
0.0000
0.0000
0.0000
1.2896
0.0000
0.0000
0.0000
3.8607
0.0000
0.0879
1.5881
0.7031
1.8316
0.0000
2.3850
0.5136
0.0000
0.0000
0.0000
0.0000
0.0000
0.2173
0.0188
0.4138
0.0000
0.6110
3.7048
0.7270
4.1283
0.0000
0.0000
0.0000
0.0000
0.0000
0.0000
0.0000
0.0000
0.0000
0.0000
0.0000
1.0415
0.0000
0.0000
0.0000
0.1813
0.0000
0.0000
0.7407
0.4910
0.0000
0.0000
0.0000
1.1613
0.0000
1.0275
0.0000
0.8623
0.0000
0.8845
1.1074
0.1642
0.0000
0.0000
0.0000
0.0000
0.0000
0.0000
0.0000
0.0000
0.0000
0.0000
0.0000
0.0000
0.0000
0.0000
0.0000
2.6126
0.0000
0.9099
1.5209
0.0000
0.4409
0.0000
0.0000
0.1155
0.0000
0.0000
0.0000
0.0000
0.5972
0.0000
0.0000
0.0000
1.0537
0.2096
0.0000
0.0000
0.0217
0.0000
4.1785
0.0000
0.0000
0.0000
0.6558
0.0000
4.1882
0.0000
0.0000
0.0000
0.0000
0.7542
0.0000
0.0000
0.0000
0.0000
0.0000
0.0000
0.0000
0.0910
0.9551
0.0128
0.0000
1.3278
0.0000
0.0000
4.4930
0.0000
0.9863
3.0412
0.2869
0.0000
0.0000
0.1537
0.0000
0.0000
0.0381
0.0000
0.0000
0.0000
0.0000
0.0000
0.0000
0.0000
1.5176
0.0000
1.0158
0.0000
2.0381
0.0000
0.0000
1.1195
0.0095
2.7715
0.0000
0.9982
0.0000
0.0000
1.3346
2.4612
0.0000
0.0000
0.0000
0.0000
2.0677
0.3484
0.0000
3.3797
0.0000
0.0000
1.2314
0.0000
0.8030
0.0000
0.0000
0.0000
0.0000
1.7129
0.0000
0.0000
0.0000
0.0000
0.3176
0.0009
0.0000
0.0000
1.7694
0.0000
0.0000
0.0000
0.0000
0.4801
0.0000
2.1044
0.7851
0.0000
0.0000
0.0000
0.0000
2.1148
0.6355
0.0000
0.0000
0.0971
0.0000
2.9597
0.0000
0.0000
0.0000
0.0000
0.7780
3.1526
0.0000
0.0000
0.0000
0.0965
0.1044
0.0000
1.2277
0.0000
0.0000
1.9764
0.5623
0.0000
0.0000
0.0000
0.0000
0.0000
0.0000
0.0000
0.0000
0.0000
2.7270
0.0000
0.4619
0.0000
0.3634
0.0000
0.1502
0.0000
0.6670
1.2283
0.0000
0.0000
0.0000
0.0000
1.0226
0.0000
0.0000
0.0000
0.0000
0.0000
0.0000
0.0000
0.0000
1.3152
0.0260
0.9010
0.0000
0.0000
0.0000
0.9904
2.8377
0.0000
4.6606
0.2728
1.5654
0.3180
1.4858
0.0000
0.0000
0.0000
0.0000
0.4300
0.0000
0.0000
0.0788
0.0000
0.0000
0.0000
0.0000
0.0000
0.0000
0.7048
0.0000
0.0000
0.0000
1.2445
0.0000
0.0000
0.9757
1.7001
0.0000
0.0000
0.0000
1.7057
0.0000
0.7437
0.0000
0.0428
0.0000
0.0000
0.0000
0.0000
0.0000
0.0000
0.0000
0.0000
0.8258
0.0000
0.3960
0.0000
0.0000
0.0000
0.0000
0.0000
0.0000
0.0000
0.0000
0.0000
0.0000
0.5124
0.0000
0.9606
2.0337
0.0000
0.0000
0.0000
0.0000
0.0000
0.3799
0.0000
2.7996
2.1995
0.1754
0.0000
1.3269
0.0000
0.4852
0.0000
0.0000
0.8394
0.0000
0.0000
2.8335
1.4106
0.0000
0.0000
0.0000
0.0000
0.0000
1.8906
0.0000
0.0700
0.0000
2.6414
0.0000
0.8705
0.0000
0.9967
0.1644
0.0000
0.0000
0.0000
1.5185
1.1826
5.6652
0.0000
0.0000
0.8612
0.0000
0.0000
0.3054
0.0000
0.0979
0.9119
0.0000
0.0000
0.0000
0.0000
0.3329
0.0000
0.0000
0.0000
0.0000
0.4845
1.6531
1.6159
0.0000
3.0752
0.0000
0.1419
0.0000
0.7026
0.0000
1.2155
1.3700
0.0000
0.5109
0.0000
0.2752
0.2056
0.0000
0.0000
0.0000
0.0000
0.0000
0.3376
3.1183
0.0000
0.0000
0.0000
0.6907
1.1809
0.0000
0.0000
0.0000
1.8376
0.0000
0.0000
0.0000
0.0000
0.0000
0.8538
0.0000
0.0000
0.3147
0.0000
0.0000
1.5119
0.0000
0.0000
0.0000
0.0000
0.0000
1.2965
0.0000
0.0000
0.0000
0.0000
0.0000
0.0000
1.3811
0.0000
0.9773
0.0000
0.0000
0.0000
0.0000
0.0000
0.0000
0.0000
0.0000
0.0000
0.0000
0.0000
0.0000
0.0000
0.0000
0.5467
0.5128
0.0000
2.9487
0.0000
0.0000
0.0000
0.0000
0.0000
0.0000
0.0000
0.6326
1.2818
0.0000
0.0000
0.0000
0.0000
0.0000
0.0000
3.1578
0.3934
0.2848
0.0000
0.0000
0.5314
0.3923
0.0000
1.3832
0.0000
0.0000
0.0000
0.0000
0.8106
0.4712
0.0000
0.0000
3.2392
2.3655
1.5945
0.0000
0.0000
0.9876
0.0000
0.0000
0.0000
0.0000
1.5920
0.1071
1.2402
0.0000
0.0000
0.4695
2.5825
0.0561
1.8410
0.0000
3.5758
1.4298
0.0000
0.0000
1.1145
0.0000
0.8278
0.0213
0.0000
0.0000
0.0000
0.0000
0.0000
1.0334
0.0000
0.0670
1.7148
0.5165
0.0000
0.8292
0.4300
2.6721
1.5346
0.0000
0.0000
0.0000
0.0000
0.0000
1.5155
3.8443
0.0000
0.0000
0.0000
0.0000
0.0000
0.0000
2.8299
1.5626
2.2053
0.0000
0.0000
0.0000
0.0038
1.2340
3.9984
0.0000
0.0000
0.0000
0.0589
1.8397
3.1456
0.0000
0.0000
0.0000
0.0000
0.9852
5.1490
0.0000
0.0000
2.9165
0.0000
0.0000
0.0000
0.0000
0.8215
1.1993
0.4291
0.0000
0.0000
0.0000
3.0003
2.5244
0.0000
2.3789
0.0000
0.0000
0.0000
0.0000
2.2470
1.4552
1.0249
0.0000
0.4448
0.0476
0.0000
0.0000
0.0000
0.0000
0.0000
0.0000
4.1623
0.0000
0.0000
0.0000
0.0000
0.0000
0.0000
0.0000
0.4137
0.0000
0.0000
2.1194
0.0000
2.7854
0.0000
0.0000
1.2005
5.8275
0.0000
0.0000
0.0000
0.0000
4.4112
0.0000
0.0000
0.8447
0.0000
0.0000
0.6054
0.0000
0.7700
3.1651
0.0000
0.0000
1.2551
0.0000
0.0000
0.7670
1.0276
0.0000
0.0000
0.0000
0.0000
0.0000
0.0000
0.0000
4.0777
0.0000
0.0000
0.1567
0.0000
0.0000
0.0000
1.3530
0.0000
0.0000
0.2174
0.0000
1.2671
0.0000
0.0000
0.0000
2.2835
0.0000
3.4584
3.3221
0.0000
0.0000
0.0000
0.0000
0.0000
0.0000
0.0000
1.0817
0.0000
0.0000
0.6541
0.0000
1.6712
0.0000
0.0000
0.0000
0.0000
0.0464
2.1181
5.7572
2.0910
0.0000
0.0000
0.0000
3.1396
1.3299
0.0000
0.0000
0.0000
0.8652
0.2557
3.1262
0.0000
0.0000
0.0000
0.9552
0.0000
0.0000
0.0000
0.0000
0.0000
0.0000
0.0000
2.0383
0.0000
0.0000
0.0000
4.9313
0.0000
0.0000
0.0000
0.0000
0.3096
3.3425
0.5497
0.0000
0.0000
0.0000
0.0000
0.0000
1.9351
1.4806
1.2211
0.0000
0.6974
0.0000
0.9201
0.0000
0.0000
2.4106
0.0000
0.0000
0.0000
2.3064
0.4909
0.3486
0.0000
0.0947
0.5545
2.2729
5.6424
0.0000
0.0000
0.0000
0.0000
0.0000
0.0000
0.0000
0.2659
3.0899
0.0000
0.8622
2.6498
2.6239
0.0000
0.0000
0.0000
0.0000
1.3402
0.0000
0.0000
0.0000
0.0000
0.0000
0.6246
2.8314
0.0000
0.0000
3.8143
0.0000
1.1672
0.0000
0.0000
0.0000
0.0000
0.5721
2.7750
0.7039
0.4629
0.0000
0.0000
0.0000
1.4272
2.8230
0.0000
0.0000
0.7463
1.1423
0.0000
0.0000
3.3718
0.0000
0.0000
0.0000
1.9552
2.4130
0.0000
0.0000
0.0000
2.3345
0.0000
3.1697
0.0000
0.6934
1.2600
0.0000
0.3686
0.0000
0.1723
0.0000
0.9914
0.0000
0.0000
0.8391
0.0000
0.2771
0.0000
0.0988
0.0000
0.0000
0.0000
0.0000
0.7161
0.0000
0.0000
0.0000
0.3963
0.3376
0.0000
2.7388
0.0000
0.0000
0.0000
0.0000
0.0000
1.3663
0.0000
0.0000
0.0000
0.0000
0.0000
0.0000
0.7145
1.4539
0.0000
0.0000
0.0000
0.0000
0.0000
0.0000
0.3786
1.5389
0.0000
3.0885
0.0000
0.0000
0.0000
0.0000
0.9306
1.2704
1.1556
0.0000
0.0000
1.9973
0.0000
2.0070
0.0000
1.4731
0.4606
0.0000
0.0000
0.0000
0.0000
0.0000
3.6770
0.4591
0.0000
0.0000
0.0000
0.0000
0.0000
1.3809
0.0000
0.0000
0.0000
0.0000
2.4015
0.0000
0.0000
0.0000
1.4470
0.0000
0.0000
0.0000
0.0000
0.0000
2.0634
0.0000
0.0000
0.0000
0.0000
0.0000
2.8652
0.0000
0.0000
2.7000
0.7461
0.0000
1.0886
0.0000
1.5842
0.0000
2.7353
2.3064
0.0000
0.3452
3.6737
3.8429
0.0000
0.0000
2.7333
0.0000
0.0122
0.0000
0.0000
0.7500
0.0000
0.0000
0.0000
0.3770
1.6365
0.0000
0.0000
0.0347
0.0000
0.0000
0.0000
0.3712
0.0000
0.0000
0.0146
0.0000
0.0000
0.0000
1.0957
0.0000
0.3212
0.2042
0.0000
0.0000
0.0000
0.9772
0.0000
0.0000
0.9468
0.0000
0.0000
0.0000
0.0000
1.1954
0.0000
0.0000
0.0000
2.4651
0.0000
0.0000
0.0000
0.0000
0.0000
0.0000
0.6185
0.0000
0.0000
0.0000
0.0000
0.0000
1.9287
0.0000
0.0000
0.0000
0.0000
0.5625
2.1974
0.1769
0.1704
0.0000
0.0000
1.9955
0.0000
0.0000
0.0000
2.5392
0.2645
0.0000
0.0000
0.0000
0.0000
0.0000
1.1933
0.0000
4.1788
0.1919
0.0000
2.1975
5.4606
0.0000
2.7645
0.0000
0.0000
0.0000
0.0000
2.3852
0.0825
0.0000
0.0000
0.0000
2.9423
0.0000
0.0000
0.4835
0.5252
0.0000
0.0000
0.0000
1.5874
0.0000
0.0000
0.0000
0.0000
0.0000
2.4716
0.0000
1.1862
0.0000
0.7558
2.6526
0.0000
1.4908
0.0000
2.7269
0.0000
0.0000
1.1653
0.0000
0.0000
0.2868
0.3408
0.0000
0.0000
3.6625
0.0000
0.0000
0.0000
0.0000
0.0000
0.0000
2.0564
0.0000
0.0000
0.0000
3.1419
2.5425
0.2467
0.0000
0.0000
0.1780
0.0000
0.0000
0.0000
0.7106
3.6003
0.0000
0.0000
0.0000
0.2202
5.0317
0.6439
1.5415
0.0000
2.8626
0.1777
0.0000
0.0000
0.0000
0.0000
0.0000
0.2975
0.0000
3.4403
2.3749
2.4118
0.4108
0.0000
0.0000
0.0000
0.0000
0.0000
0.0000
0.0000
1.0804
0.0000
0.0000
0.9510
0.0000
0.0000
0.0000
0.0000
0.9678
1.0880
0.0000
0.0000
0.0000
0.9717
0.0000
0.0000
0.0000
0.0000
1.1655
0.0000
2.2206
1.1749
0.0000
0.0000
0.0000
0.0000
0.0000
0.9432
1.7365
0.0000
0.0000
0.0000
0.1032
0.0000
0.0000
0.0991
0.2106
0.0000
0.0000
0.0000
3.8774
2.0917
0.0000
0.0000
0.0000
3.1969
0.0000
1.0276
0.0000
0.0000
0.0000
0.0000
0.0000
0.0000
0.0000
0.0000
0.0047
2.4835
0.0000
0.0000
2.2970
1.3733
1.0727
0.0000
1.0351
0.0000
0.0092
0.0000
0.0000
0.4489
0.0213
0.6360
1.1166
0.0000
0.0000
0.0000
0.0000
0.0000
0.0000
1.9609
0.0000
0.0000
0.0000
0.0000
0.0000
4.3245
0.7261
0.9753
0.0000
0.5500
0.0000
0.0000
0.0000
0.0000
1.7198
0.0000
2.0496
0.1285
0.0000
1.6613
1.4588
0.0000
0.0000
1.7193
1.0545
0.0000
0.0000
0.0000
0.4601
0.5642
0.5331
0.0000
0.0000
0.0000
0.9306
0.0000
0.0000
0.9569
0.0000
1.3976
0.0000
0.0000
2.3761
0.0121
0.0000
0.0000
1.4869
0.0000
0.1612
0.0000
2.6959
0.0000
0.0000
0.0000
0.7112
0.0000
0.0000
0.0000
0.0000
0.0000
0.0000
6.0329
0.0000
0.0000
1.3673
1.4897
0.0000
2.7945
0.0000
2.4160
0.0000
0.0000
0.0000
0.0000
0.0000
0.0000
0.0000
0.2374
0.6876
1.1742
0.0000
0.0000
0.0000
0.0000
0.0000
2.7313
0.0000
1.6432
0.0000
0.0000
1.0876
0.0000
