0.0000
0.0000
0.0000
0.0000
0.0000
0.7057
0.3981
0.0000
0.3891
3.2885
0.1686
0.0000
0.9832
0.2329
0.0000
0.0000
0.0000
0.0000
0.0000
0.0000
0.0000
0.0000
2.3585
2.1172
0.4107
0.9301
0.0000
1.3574
0.0000
0.0000
0.0000
0.0000
2.3840
0.0000
1.1124
0.0000
0.0000
0.2604
1.9817
0.7279
0.0000
0.0000
0.0000
0.0000
0.0000
0.0000
0.0000
0.0000
0.0000
0.0000
0.0000
0.0000
0.0000
0.0000
0.0000
0.0000
0.1987
0.0000
0.0000
0.0000
0.0000
2.1450
0.3643
2.0213
0.0000
0.0000
0.2620
0.5037
0.0000
0.0000
1.6061
0.8064
0.0000
0.0000
0.0000
2.6152
0.0000
0.0000
0.0000
0.0000
0.6818
0.0000
0.0000
1.1725
0.0000
0.1324
0.0000
3.1792
0.3667
0.0000
1.2970
0.0000
1.2242
1.0913
0.0000
0.0000
0.0000
0.0000
2.6599
0.0000
0.0000
0.0000
0.7559
0.0000
0.9334
2.1532
1.7052
0.0000
0.9718
3.9609
0.0000
0.0007
0.0000
1.2621
0.0000
0.0000
1.4811
0.0000
0.0000
0.0000
2.4651
0.2568
0.8896
1.0026
0.4783
0.0000
0.5036
1.4936
0.0000
0.4625
0.0000
0.0000
0.0000
0.0000
2.2071
0.0000
0.8652
2.0651
0.0000
1.3619
0.8747
0.0000
1.6429
0.9545
1.4892
0.0000
0.8847
2.2628
1.8031
0.0000
1.2714
3.0252
0.1578
1.6912
0.0000
1.1110
0.8049
0.0000
0.0000
0.0000
1.2620
0.0000
1.3982
0.0000
0.0000
0.2623
0.0000
0.0000
0.0000
2.2075
0.0000
0.0000
0.0000
0.3207
0.0000
0.0000
0.0000
0.3429
0.0000
2.9815
2.5957
2.4049
0.0000
0.0000
0.0000
0.0000
1.7285
0.0000
2.4534
1.7377
0.0000
0.0000
1.9341
0.5627
1.2657
0.0000
0.0000
0.0000
3.4598
2.4740
0.0000
0.0095
0.0000
0.0000
0.9133
0.0000
0.0000
1.7167
0.0000
0.0000
0.0000
0.0000
0.0000
0.0000
0.0000
0.0000
0.0000
0.0000
0.0000
0.0000
0.5586
0.0000
0.6693
0.0000
1.2235
0.0000
1.4264
1.3824
0.0000
0.0000
1.8763
0.0000
0.0786
0.0000
1.8851
1.3897
2.3626
0.6400
2.4749
0.0000
0.0000
0.0000
0.0000
0.0000
0.0000
1.3644
0.0000
0.0000
0.9129
0.0000
0.0000
0.0000
0.0000
0.0000
0.0000
0.2606
0.0000
0.0000
0.7745
0.0000
0.0000
0.0000
0.0000
0.0000
0.3896
0.0000
0.0000
0.4404
0.0000
1.4464
1.0614
0.1026
0.4022
1.8522
0.3393
0.0000
0.0000
0.3929
1.1319
0.4634
2.6177
0.1242
0.7916
0.0000
0.9323
0.0000
1.3349
0.0000
0.0000
0.0000
0.0000
0.0000
0.0000
0.0000
3.3327
0.0000
0.9398
1.8451
0.0000
2.1569
0.0000
0.0000
0.0000
0.0000
1.1876
0.0000
0.1871
0.0000
0.0000
0.0000
0.0000
0.3839
0.4786
0.0201
1.7266
0.0000
0.0000
0.0000
0.0641
1.7909
0.0000
0.9115
0.0000
0.0000
0.0000
2.7312
0.0000
1.3756
0.0000
1.8506
0.0000
0.0000
0.0000
0.0000
0.0000
0.7737
1.2752
0.0000
0.0000
2.9199
0.0000
0.0000
0.0000
0.1225
0.0000
3.3244
0.0000
0.4919
0.0000
0.0000
0.0000
2.7216
0.0000
0.0000
0.4696
0.0000
0.0000
0.0000
1.0308
0.0000
0.0000
0.0000
0.0000
0.0000
0.0000
1.7401
0.0000
0.0000
0.0057
0.0000
0.0000
0.0018
0.0000
0.0000
0.5051
0.0000
0.0000
0.0000
0.0000
0.0000
3.6648
0.2348
0.8660
0.0000
0.0000
0.0000
0.2655
0.0000
0.0000
0.0000
3.2644
0.0000
0.0000
0.0000
0.0000
1.5176
0.0000
0.0000
0.0000
0.6847
0.0000
1.7471
0.0000
0.0000
0.0000
0.0000
0.0000
0.0000
1.8538
0.0000
0.0000
0.0000
0.0000
0.4358
0.5519
1.3830
0.0000
0.0000
0.4130
0.0000
0.9716
0.0000
0.0000
0.0000
0.0000
1.7683
0.5976
0.8495
0.0000
1.0875
0.0000
0.0000
0.0000
0.0000
0.0000
0.0000
0.9794
0.0000
1.0106
0.0000
1.5478
0.5260
0.0000
0.0000
3.4603
1.1065
1.0777
0.0000
2.3257
2.8712
0.3243
0.4858
0.0000
0.0000
0.0000
1.1681
0.0000
1.0869
0.7502
0.0000
0.1693
0.0000
1.6534
0.0000
2.1422
0.0000
0.3363
0.2479
0.0000
0.0000
0.0000
1.1568
0.3854
0.0000
0.0000
2.1879
2.2510
0.0000
0.0000
0.0000
0.0000
0.0000
1.7134
1.5436
0.1907
0.0000
2.3669
0.5387
0.0000
0.2612
0.0000
0.0000
0.0000
0.0000
0.0510
0.3055
0.0000
0.0000
1.3381
0.0000
0.0000
0.0000
3.2306
0.0838
0.0000
0.7501
0.1713
0.0000
1.5687
0.3992
1.0857
4.1120
0.0000
1.1012
0.5887
0.6900
0.0000
1.1314
3.5818
0.0000
1.1474
2.3513
0.0000
0.9309
2.2015
0.0000
0.6582
0.0000
0.7378
0.7152
0.6056
0.2380
0.1074
0.0000
0.0000
2.2123
0.0000
0.0000
0.3449
0.0000
0.0000
0.0637
0.0000
0.0000
0.0000
0.0000
0.0000
1.5049
0.0009
0.0000
0.0000
1.0609
0.0000
0.0000
0.4894
0.0000
0.7431
0.0000
0.7044
0.0000
1.4548
0.2663
0.0000
0.0000
1.7906
1.6077
0.0000
0.0000
0.0000
0.0000
0.0000
0.0000
0.0000
0.0000
0.0000
0.0000
0.0000
0.1743
0.0000
0.0716
0.0000
0.0000
0.0000
0.0000
0.0000
0.0000
0.0000
0.5082
2.1679
0.0000
0.9910
0.0000
0.0000
0.0000
0.0000
0.0000
0.0000
0.0000
1.8042
0.8867
0.0000
2.3861
0.0000
0.0000
0.9814
1.5291
1.8731
0.0000
0.4648
0.0000
0.6895
0.0000
0.0000
3.5063
0.0000
2.6330
1.0296
1.5399
0.3821
0.0000
1.6771
0.0000
0.0000
0.3023
0.0000
1.0623
0.0000
0.0000
0.2196
0.0000
0.0000
0.0000
0.0000
0.3643
1.9711
1.9280
0.0000
1.3990
0.0000
0.0000
0.0000
0.5302
0.4565
0.0000
0.0000
0.0000
0.0000
0.0000
0.7523
0.0000
0.0000
0.0291
2.3146
0.0000
0.0000
0.0000
0.5595
0.0000
0.0000
0.0290
0.0000
0.4967
2.3816
0.0000
0.0000
0.0000
0.0000
0.2541
0.0000
0.0000
1.5547
0.0000
0.0000
0.0000
0.0000
0.0000
2.7446
0.0000
0.0000
0.0000
0.0000
0.0000
0.0000
0.0000
0.0000
1.5059
0.0000
1.0384
0.0000
2.4527
0.9281
0.6175
2.2296
0.0000
0.5091
0.0000
0.0000
0.0000
0.0173
0.0000
3.6413
1.4690
0.2372
0.6052
0.0000
0.0000
0.0000
1.0062
1.8513
2.3028
0.0000
1.8266
0.9597
0.6961
0.0000
0.0000
0.0000
0.0000
0.0000
0.0000
0.0000
0.0000
0.0000
1.0044
0.0000
0.0000
0.7755
0.0000
0.2859
1.4806
0.0000
0.0000
0.0000
0.8888
0.0000
0.0000
0.6234
0.5509
0.0000
2.5936
1.4018
0.3424
0.0000
0.2365
0.0000
0.4577
0.0000
0.0227
1.3712
0.0000
0.0000
0.0748
0.0000
0.0000
0.1949
0.0000
0.0000
0.0000
0.0000
0.0000
0.0000
0.0000
3.0414
0.0000
0.0000
0.6229
0.0000
1.0715
0.0000
0.0000
1.3014
0.0000
0.0000
0.0000
0.4587
0.0000
0.0000
0.0000
0.2364
0.0000
0.0000
0.0000
0.0000
0.4083
0.0000
0.0659
1.4299
0.0000
0.0000
0.1670
0.0000
0.0000
1.0021
0.7021
0.0000
0.0000
0.0000
0.0000
0.8880
1.0297
0.0000
1.0658
3.2587
0.0000
0.0000
0.0000
0.0000
0.0000
0.0000
0.0000
1.1604
0.5867
0.0000
2.2312
0.0000
0.0000
0.0581
0.0000
0.0000
2.2583
1.8471
0.0000
0.0000
0.0000
0.0000
0.0000
0.0000
0.0000
1.4289
0.0000
1.7028
0.0000
0.0000
0.0000
0.0000
0.0000
3.1118
0.0000
0.0000
0.0000
0.0000
0.0000
0.0000
0.0000
0.0000
0.0000
0.4878
0.0000
0.2259
0.0000
0.0000
1.0291
0.0000
0.3736
0.0000
0.0000
0.0000
0.0000
0.0000
0.7502
0.0000
0.0000
0.0000
3.0090
0.0000
0.0000
1.0034
0.0000
0.0000
0.0000
1.1092
0.0000
1.5591
0.5704
0.0000
0.4183
0.0000
2.0412
0.0000
0.2330
0.0000
0.0000
0.0000
0.0000
0.0000
0.0000
0.0000
0.0000
0.0000
0.0000
0.8370
0.0000
0.9768
0.0000
0.0000
0.0000
0.0000
0.7255
1.4046
0.0000
0.0000
0.0000
0.0000
0.0000
0.0000
0.0000
0.0000
0.0000
0.0786
1.1022
0.0000
0.0000
1.8469
0.0000
0.0000
0.0399
0.0000
0.5371
0.0000
0.0000
0.0000
0.0000
1.5756
0.0000
0.0000
0.8058
0.2783
0.0000
0.0000
0.0000
0.0000
1.0913
1.0378
1.2544
0.0000
0.0924
0.0000
0.3196
0.0000
1.3329
0.0000
0.1719
0.0000
0.0000
1.8327
1.6521
0.0000
0.0000
0.0000
3.5680
0.0000
0.0000
0.0000
0.0000
0.0000
0.0555
1.3851
0.0000
0.0000
1.5496
0.0000
1.1940
0.1982
2.0167
0.8658
0.0000
0.0000
0.0000
1.1452
0.0000
0.1903
0.0000
0.0000
0.6529
0.0000
0.0000
0.8045
0.0000
0.1833
0.0000
0.0000
0.3656
0.0000
0.0138
1.4407
1.7953
1.1089
0.0000
0.0000
0.0000
0.0000
0.0000
0.0000
0.0000
0.0000
0.0054
0.0000
0.0000
0.6694
3.6171
0.3619
0.0000
0.0000
1.1650
0.0000
0.9624
0.0000
0.0000
0.0000
3.2528
0.0000
0.3537
0.0000
1.6375
0.1743
0.0000
0.0000
1.7120
0.0000
2.1817
0.0000
1.8280
0.0000
0.0000
0.4962
0.0000
1.1094
0.7052
0.0000
2.3854
0.6038
1.2639
2.9363
1.1048
1.0147
0.0091
1.3603
0.0000
0.0000
0.0000
0.0000
0.0000
0.0000
0.0000
0.0000
0.0000
1.3029
0.0000
0.0000
0.0000
0.0000
0.0000
0.0000
0.0000
0.0000
0.2281
0.0000
0.0000
0.0000
0.0000
0.6988
1.0872
3.3514
0.0000
0.0000
1.6002
0.0000
0.0000
0.0000
0.0569
0.6268
0.0000
0.0000
0.0000
0.0000
0.0000
0.3304
0.0000
0.0000
0.0000
0.0000
0.0000
0.0000
0.3760
0.0000
2.4506
0.0000
0.2277
0.0000
0.0000
0.0000
0.6194
0.0000
0.4504
2.0548
0.0000
0.0000
1.1259
0.0000
0.0000
0.0000
0.0000
0.0000
0.3635
0.8940
0.0000
0.0000
0.0000
0.0000
0.6578
0.0000
0.0000
2.2225
0.0000
1.3405
0.0000
0.0000
0.0000
0.0000
1.0660
0.0000
0.5739
0.0000
0.0000
0.3907
0.0000
1.1157
0.0000
0.0000
0.0000
0.0000
0.0000
0.0000
0.0000
0.0000
0.0000
0.0000
0.0000
0.0000
0.0000
0.0000
0.0000
0.0000
1.6772
0.3177
0.6410
3.8226
0.0000
0.0000
0.0000
1.7440
0.0000
1.0038
0.0000
0.0000
0.0000
2.2098
0.0000
0.6824
0.0000
0.0000
0.1458
0.0000
0.0000
0.0000
0.0000
1.2986
0.0000
0.0000
0.0000
2.0593
1.7761
0.0892
1.5305
2.7256
0.0000
0.0000
0.0000
0.0000
0.0000
0.0000
0.1015
0.8727
0.0000
0.0000
0.0000
0.0000
0.0000
2.0924
0.0000
1.3102
0.0000
0.0000
0.0000
0.5339
0.0000
0.0000
0.4507
0.0000
0.0000
2.5006
2.2635
0.0000
0.0000
0.0000
0.0000
1.1514
0.0000
0.0000
0.0000
2.6082
0.4061
1.5814
0.2614
0.2801
0.0000
0.0000
0.7302
0.0000
0.0000
0.0000
0.0000
0.5685
2.9624
0.0000
0.0000
0.0000
0.8231
0.0000
0.0000
0.0000
0.0000
0.0000
0.0000
0.0000
0.0000
0.0000
0.0000
1.2403
0.3199
0.0000
0.0000
0.0000
0.2640
0.3984
0.0000
0.0000
0.0000
2.7817
0.0175
0.0000
0.0000
2.4324
0.0000
0.0000
0.0000
0.0000
2.5893
0.3288
0.0000
0.0000
0.0000
0.0000
1.1415
0.3954
0.0000
0.0000
0.0000
0.0000
0.0000
0.0000
2.1981
2.9363
0.0000
0.7021
0.3947
0.5324
0.0000
0.0000
1.5921
0.0000
1.1385
0.0000
0.0000
0.0000
0.0000
2.0327
0.0000
0.0000
0.0000
0.0000
1.2894
0.5963
0.0000
0.0000
1.3786
1.0317
0.0000
1.0127
0.0000
0.5723
0.1608
1.3706
0.0000
0.0000
2.1516
0.0000
0.0000
0.0000
0.0000
0.0000
0.0000
0.3489
0.0000
0.0000
0.0000
0.0000
0.0000
1.0078
0.0000
0.0000
1.3011
0.0000
0.1021
0.0000
0.7310
0.0000
0.1115
1.1142
0.0000
0.0000
0.0000
0.0000
0.0000
0.9618
1.0403
0.0000
1.2153
0.0000
0.0000
0.0000
1.0906
0.2422
0.0000
0.0000
0.0000
0.0000
0.2015
0.0000
0.0000
0.1830
1.0551
0.0000
0.0000
0.0000
0.0000
0.7300
0.9592
0.0000
1.2150
0.0000
0.0000
1.7122
0.0000
2.0781
0.0000
0.5194
0.0000
2.8777
1.6035
0.0000
3.1992
0.0000
0.0000
0.0000
0.0000
0.0000
0.0000
1.0369
0.0000
0.0000
0.0000
0.6617
2.9286
1.5024
0.0000
0.0000
1.1693
0.0000
0.0000
0.0000
0.0000
1.9936
0.0000
0.4024
0.6239
0.1088
1.0080
2.2580
3.8301
0.0000
0.2589
0.0000
0.0000
1.1786
0.0000
1.0551
1.1782
0.0000
0.7571
0.0000
0.0000
0.0461
0.0000
0.0000
0.0000
0.0000
0.4723
1.4811
1.8380
0.0000
0.1877
0.0000
0.0000
2.1680
2.1658
0.0000
2.9806
0.0000
0.0000
0.0000
1.3856
0.0000
0.5372
0.0000
1.2388
0.0000
0.0000
0.2916
0.0000
0.0000
0.0906
0.0000
0.0000
0.0279
0.0000
1.2935
1.6866
0.0216
2.1017
0.0000
0.0000
0.0000
0.0000
0.0000
1.3109
0.0000
0.6827
0.0000
0.0000
0.0873
0.0000
1.9051
3.3926
0.0000
0.0000
0.0000
1.9832
0.0000
0.0000
0.0000
0.0000
0.0000
0.3047
0.0000
0.0000
2.0716
0.0000
0.0000
0.0000
0.0000
0.0000
0.0000
0.1971
0.0000
0.5836
3.7249
1.2559
0.0000
0.0000
0.0000
1.8974
0.5250
0.0000
0.7373
1.6877
0.1079
0.0000
0.0000
0.7705
0.0000
0.0000
0.0545
0.0000
0.0000
0.0000
0.0000
0.0000
0.0000
0.0000
0.0000
0.0000
2.2647
2.7173
2.3240
1.2970
0.0000
0.0000
0.0000
1.0485
1.9505
1.2472
0.2278
0.0000
0.0000
1.0617
0.0000
0.0000
1.4220
2.0904
0.0000
1.7677
0.0000
0.0000
0.0000
0.0000
0.0000
1.5492
0.8746
0.7058
0.0000
0.0000
0.0000
0.0000
0.0000
0.0000
0.0000
0.4943
0.0000
0.0000
0.0000
2.3559
0.7195
0.0000
0.0000
0.0000
0.0000
0.0000
0.0000
0.0692
0.6612
0.4799
0.0000
0.0000
0.0000
0.0000
0.0000
1.5208
0.7492
2.8195
0.0000
0.0000
0.0000
1.7260
0.0000
2.0270
0.1037
0.0000
0.0000
1.1106
0.0000
0.0000
0.0000
0.0000
0.0000
0.0000
0.0000
0.0865
0.0000
0.1894
0.0209
0.2263
0.4277
0.0000
2.5684
1.2973
0.0000
0.0000
0.0000
2.4873
0.2378
0.0000
0.6143
2.6819
1.1359
2.0851
0.0000
0.0000
0.0000
0.0000
0.0000
0.0000
0.0000
0.0000
0.0000
1.9007
0.0000
0.0000
1.4638
1.6465
0.7214
0.0000
3.8958
0.0000
0.0000
0.0000
0.0000
0.0000
0.0000
0.7344
0.0000
1.9819
0.1498
0.0000
1.1623
0.1243
0.0000
0.0000
0.0000
0.0000
0.0000
0.0000
1.4265
0.0000
0.0000
0.0000
2.1952
0.0000
0.4028
1.2400
0.0000
1.2961
0.0000
0.0000
1.1957
0.0000
0.0000
1.2877
1.2148
0.5313
0.9314
0.0000
0.0000
0.9207
1.2878
2.7922
1.6309
0.0000
0.0000
0.6006
0.7149
0.4035
0.0000
0.0000
0.5052
0.0000
1.3052
0.3462
0.0000
0.0000
0.0000
0.0000
0.0000
0.0000
0.0000
0.0000
0.0000
0.0000
0.2626
0.0000
0.0000
0.0000
0.0000
0.0000
0.0000
0.0000
0.1175
0.0000
1.5396
0.0000
0.0000
0.1406
0.0000
1.6647
0.0000
0.0000
0.0000
0.4323
0.0000
1.8930
0.0000
0.0000
0.0000
1.1247
0.0000
2.2296
2.0469
0.2481
0.5420
0.7386
0.0000
0.0000
0.0000
0.0000
0.6053
0.4784
0.6333
0.0000
0.0000
0.0000
0.7464
0.0000
0.0000
0.0000
0.3005
1.3944
0.2922
1.9371
0.6579
0.0000
0.0000
0.0000
0.0000
0.0000
0.0000
1.6071
0.7585
1.7554
2.3190
0.0000
0.2095
0.0000
1.2691
0.0000
1.7181
0.4731
0.3418
0.0000
0.0000
0.0000
1.7824
0.9148
0.2865
0.0000
1.9174
2.4214
1.7330
0.0000
0.0000
0.0000
0.0000
0.0000
0.0000
0.8882
3.1854
0.0000
0.0000
2.1698
1.1320
1.8650
0.0000
0.0000
0.0000
0.0000
0.0000
0.6414
0.0000
0.0000
0.0000
0.0000
2.2174
0.0000
0.5443
0.0000
1.9675
1.1880
0.0000
0.0000
0.0000
0.0000
0.0000
1.5751
0.0000
0.0000
3.0296
0.0000
0.0019
2.9889
0.0000
1.0562
0.4307
0.0000
0.9779
0.0000
0.0000
0.6154
0.9188
0.6323
0.0000
0.0000
0.0000
0.1046
0.0000
0.0000
0.0000
0.0000
3.1484
0.0000
1.0550
2.6392
0.4211
0.4787
0.0000
0.0000
0.0000
0.0000
0.0000
0.1390
0.5586
0.0000
0.0000
0.0000
0.0000
0.0000
0.5073
0.0000
0.0021
0.0000
0.0000
0.0000
2.7127
0.0124
0.2185
1.1890
0.0000
3.6525
0.0000
0.0000
0.0000
1.7309
0.5223
0.1720
0.0000
0.0000
0.0000
1.6699
0.0000
1.4899
0.0000
0.0000
0.0000
1.1413
0.0000
1.8650
0.0000
0.0000
0.0000
0.0000
1.4746
0.0000
2.0015
0.0194
0.3627
0.0000
0.0409
0.0000
0.0000
0.0000
0.0000
0.0000
1.0257
1.7814
0.0000
0.8108
0.0000
0.0000
0.0000
1.9261
0.0000
0.3997
0.0000
0.0000
0.8520
0.0000
1.7350
1.2429
0.0000
0.0000
0.0000
0.1651
0.4316
2.1636
0.3999
0.2038
0.0000
0.8664
0.0000
0.0000
0.6788
0.0000
1.4349
1.2878
0.0000
2.6977
0.0000
0.0000
0.9709
0.0000
5.4658
0.0000
0.0000
0.0000
0.0000
0.0000
0.0000
0.0000
0.0000
0.0000
0.8352
0.0000
0.0000
1.1968
0.0000
0.0000
0.0000
0.2189
0.0000
0.0000
0.0000
1.4784
0.0000
0.0000
0.0000
2.8200
1.7738
0.0000
0.6001
0.3629
0.0000
0.0000
0.0000
0.0000
2.1153
0.1644
0.0000
3.1393
2.8091
0.0000
0.0000
1.3271
0.9796
0.1721
0.0000
1.2790
2.0649
0.0000
0.1253
0.0000
0.0000
0.0000
0.6592
0.0000
0.0000
0.0000
0.2371
2.0582
0.0000
0.4649
0.0000
0.0000
0.0000
0.3088
0.0773
0.0000
0.0353
0.0000
2.0165
1.9013
0.0468
0.0000
0.0000
0.0000
0.0000
1.6413
0.6090
0.0000
0.0000
0.0002
0.0000
3.0583
2.0073
0.8887
0.0000
0.0000
0.0000
0.0000
2.7167
0.0000
0.0000
0.0000
0.0000
1.4239
0.0000
0.0000
0.0000
0.0000
0.0000
0.0000
0.0000
0.9189
0.0000
0.0000
0.0000
1.7321
0.0000
1.6894
0.0000
0.0000
0.4322
1.4609
0.0000
2.1418
0.0000
0.0000
0.0000
0.6807
0.0000
2.0311
0.0000
0.5857
0.0000
0.0000
0.0000
0.0000
0.0000
0.0000
0.0000
0.0000
0.0000
0.0000
3.7321
1.4949
0.0336
0.2842
0.0000
0.0000
0.0000
0.0000
0.2928
0.0000
0.0000
0.3156
0.0000
0.0000
0.0000
0.0000
0.0000
1.1880
0.0000
0.0000
0.0000
1.8854
0.0000
0.0000
0.0000
0.0000
1.7274
0.0000
0.0000
0.0000
0.0000
0.7947
0.0000
0.0000
0.0000
0.0000
0.6360
0.0000
0.0000
0.0000
0.0000
1.2286
0.6756
0.0000
0.0000
0.0000
0.0000
2.9038
0.2787
0.7711
0.0000
0.4064
0.0000
2.2445
0.0000
0.4883
0.0000
1.1678
0.0000
0.4968
0.0000
0.4328
1.5634
0.0710
1.0278
0.0000
0.0000
0.0000
0.0000
0.0000
0.0000
0.0000
0.0000
0.0000
0.0000
0.0000
0.0000
0.0000
0.0000
0.0000
0.3297
0.0000
0.0000
1.0785
1.4771
1.7911
2.5701
0.0000
0.1807
0.0000
0.3929
0.0000
0.0094
0.0000
0.4486
2.5031
2.3580
1.2740
0.0000
0.0000
0.0000
2.6625
0.0000
0.0000
0.0000
0.0000
0.0000
0.0000
0.0000
0.0000
0.0000
0.0000
0.0000
0.0000
1.8733
0.5293
0.0000
2.5225
0.0000
0.0000
0.4941
0.0000
0.3046
0.0000
0.0819
0.0000
0.0000
0.0000
1.4240
0.0000
0.0000
0.0000
0.0000
0.0000
0.0000
0.0000
0.0000
0.0000
0.0000
0.0000
0.0000
0.0000
2.1078
0.0000
0.9858
0.0000
1.9119
0.0000
0.0000
0.0000
0.0000
0.0000
1.7685
0.0000
0.0000
0.0000
0.5791
0.0000
0.0000
2.6297
0.0000
0.0000
0.0000
1.7605
0.5296
0.0000
0.6506
0.0000
0.0000
2.9039
0.0000
0.3126
0.0000
2.3958
0.0000
2.0897
0.9935
0.0000
0.0000
0.0000
0.0000
0.6430
0.0000
0.0000
0.0000
0.0000
2.1441
0.0000
1.1802
0.0000
0.0000
0.0000
0.0000
0.0000
1.7820
0.0000
0.0000
0.0000
0.0000
0.0000
0.0000
0.0000
0.0000
0.0000
1.2752
0.0000
0.2280
2.1354
0.0000
0.0000
0.8562
0.6171
1.3861
0.0000
0.0000
0.0000
0.0000
0.0000
0.0000
1.0689
0.1107
1.2869
0.7629
0.7846
0.1116
1.0543
0.5374
0.0000
0.0000
2.2409
0.0000
0.0000
0.0000
0.0000
1.0448
0.2582
0.0000
0.0000
0.0000
0.0000
0.0000
0.0000
0.3290
1.2067
0.0000
0.0000
1.9600
0.0000
0.0000
0.4713
0.0000
0.0000
0.0000
0.0000
0.0000
0.0000
1.6031
0.0000
0.0000
0.0000
1.7658
4.6564
0.0000
0.0000
1.6527
0.0000
0.7436
0.0000
0.0000
0.0000
0.0000
0.0000
0.0000
0.0000
0.0000
0.0000
0.0000
0.0000
0.0000
0.0861
0.0000
0.0000
1.1723
0.0000
0.0000
1.2983
0.0000
0.0000
1.4041
0.0000
0.0000
0.6016
0.0598
0.0710
0.5538
1.2446
0.0000
0.0000
2.7377
0.0000
0.8305
0.0000
2.3736
0.0000
0.0000
1.1350
0.0000
0.0000
0.0675
0.7028
0.0000
0.6715
0.5513
0.0000
1.6571
0.0000
0.0000
0.0000
0.2851
1.4013
0.0000
0.0000
1.0051
0.2289
0.1994
0.1781
0.3745
0.1722
2.4285
0.0000
0.0000
1.2032
1.5711
0.0000
0.0000
0.1497
0.0000
0.0000
0.0000
0.0000
0.8463
0.0000
0.0000
0.0000
0.0000
4.3614
0.0000
0.3679
2.7107
0.0000
0.0000
0.0000
0.0000
0.8885
0.0000
0.1952
0.0000
0.3983
0.0000
0.0000
0.0000
1.1372
1.1190
0.0000
0.4201
0.0000
0.0000
1.5892
0.0000
0.0000
1.6636
0.0000
0.0000
0.0000
0.0000
0.0673
0.0000
2.5553
0.0000
0.5761
0.0000
0.0000
0.0000
0.9023
1.8007
1.8033
0.0000
0.8820
0.2078
0.7277
0.1159
0.0000
0.0000
0.7444
0.0000
0.0000
3.8601
1.0302
0.0000
0.0000
0.0000
3.6274
1.9725
0.7969
0.0000
0.0000
0.0000
0.0000
0.0116
0.0000
0.0000
0.0000
0.0000
0.0000
0.0000
0.6626
0.0000
0.0000
0.0000
0.3231
0.0000
0.0000
0.6631
0.0000
0.0000
0.0000
0.0000
0.0000
3.1490
0.0000
1.1398
0.0000
0.0254
0.0000
2.5261
0.0000
0.9528
0.0000
0.0000
1.3566
0.0000
0.4104
1.9814
0.0000
0.0000
0.6263
0.1112
0.0000
0.0000
0.0000
0.0000
0.0000
0.6071
0.0737
0.0000
0.0000
0.0000
0.0000
1.9561
0.0000
1.2787
0.0000
0.3474
0.8988
0.0000
0.0000
0.0000
0.0000
0.0000
0.2705
0.0000
0.0000
0.0200
0.0000
0.0000
0.0000
0.0000
0.0000
0.0000
0.3794
0.0000
3.3784
0.0000
0.1832
2.6685
0.0000
0.0000
0.0000
0.0000
1.0106
0.0000
0.0000
0.0000
0.0000
0.0000
0.0000
0.0000
0.2443
0.8193
3.1945
0.0000
0.0000
1.6805
0.0000
1.2407
0.0301
0.0000
0.0000
0.0000
0.0000
0.0446
1.2888
2.6265
0.4984
0.0000
2.4187
0.3187
0.0000
0.4077
0.0000
1.4569
0.0000
3.3300
0.0000
0.4068
0.0000
0.0000
0.0000
2.0180
1.2322
0.0000
0.0000
0.0000
0.0000
0.0000
0.0000
0.0000
0.0000
0.0000
0.2585
0.0000
0.0000
0.0000
1.0099
0.0000
1.0967
0.5838
0.0000
0.0000
0.0000
0.0000
0.5480
1.8056
1.3576
3.9770
0.0000
0.0000
4.9144
1.0755
0.0000
0.0000
0.0000
0.0000
0.0000
1.0969
0.0000
0.0000
3.0471
0.0000
0.0000
0.0000
1.0017
0.2900
1.2691
0.0000
1.1733
0.0000
0.0000
0.0000
0.7384
1.1299
1.9665
2.9233
0.0000
0.0000
1.3585
0.0000
2.4139
0.0000
0.0000
1.9594
0.0000
0.1267
0.4279
0.0000
1.2756
4.1545
0.0000
1.1969
0.0000
0.0000
0.0000
0.4834
0.0000
0.0000
0.0000
1.8324
1.0969
0.0000
0.0000
0.0000
0.0000
0.0000
0.0000
0.0000
0.0000
0.0000
0.0000
0.0000
0.0000
0.0000
0.0000
0.7928
0.0000
0.7060
0.6583
0.0000
0.6401
0.0000
0.0000
0.0000
1.2114
0.9057
1.6379
2.0167
0.3462
0.0000
2.2767
0.0000
0.0000
0.0000
0.4167
1.3501
0.6511
2.4895
0.0000
0.0000
3.1301
0.0000
0.0000
0.0919
1.0099
0.0000
0.0000
0.9012
0.0000
0.0000
0.0000
0.0000
2.1394
2.2124
0.0000
0.0000
0.0000
0.4626
0.0000
3.0136
1.8486
0.0000
0.0000
1.7505
0.0000
0.6795
0.0000
2.1825
0.0000
1.5335
0.0000
0.0000
1.6256
0.0475
0.3348
0.0000
0.0000
0.0000
0.2846
0.9061
1.4558
0.0000
0.0000
1.7981
0.0000
0.0000
0.0000
0.0000
0.0000
0.0000
0.0000
0.0000
0.0000
2.0354
0.7837
0.0000
1.0207
0.0000
0.3090
0.0000
0.0000
0.3820
0.9078
0.0000
0.0000
1.4613
1.0043
1.1668
0.0000
0.0000
0.0000
0.0000
0.7091
0.0317
0.0000
0.0000
0.0000
2.6188
0.7233
0.0000
1.1138
2.2937
0.0000
0.0000
0.0000
0.0708
1.8441
0.0000
0.0000
0.0000
0.0000
0.0000
0.0000
0.0000
0.0000
0.0000
0.2356
0.0000
0.9794
0.6148
1.4143
0.0000
0.0000
0.7884
0.0000
0.0000
0.0470
0.0000
0.0000
0.0000
0.0000
4.0320
0.8982
0.0000
0.0000
1.7356
0.0000
0.0000
1.4459
1.7166
2.1728
0.0000
1.4248
2.3722
0.0000
0.0000
0.0000
0.7520
0.0000
0.6790
0.0000
0.9017
0.0000
0.0000
5.3318
0.3076
1.8204
0.0000
0.0000
0.0000
0.0000
0.0000
0.0000
0.0000
0.0000
1.3765
0.0000
0.0000
0.0000
0.8585
0.5923
0.0000
0.0000
0.0000
0.0000
0.0000
0.4226
0.0000
0.0000
0.0000
1.9770
0.7875
0.0000
0.0000
2.7879
0.0000
0.9833
1.7038
0.0000
0.8053
0.0000
0.4047
0.0000
0.0000
0.0000
1.0909
0.0000
0.0000
0.5571
0.0000
0.0000
0.0000
0.0000
0.0000
2.6305
0.0000
0.7610
2.2126
0.5672
0.2646
0.0000
0.0000
0.0000
0.0000
0.0000
0.0000
0.0000
2.6462
0.0000
0.0000
0.0000
3.4824
1.4543
0.0000
0.2946
0.5681
0.0000
3.3069
0.0487
0.0000
0.0000
0.0000
0.0000
1.0644
0.0000
0.0000
0.0000
0.0000
0.0000
0.0000
0.0477
0.0000
0.0000
0.0000
0.0000
0.0000
1.2625
1.0367
1.3651
0.0000
1.6427
1.0829
0.0000
3.0067
0.3983
0.7812
2.8136
0.0000
0.0000
0.0000
0.0000
0.2762
0.6767
0.2396
0.0000
0.0000
0.4006
1.5077
0.0000
0.0000
0.0000
3.2957
0.0000
1.8370
0.0000
3.5913
0.0000
0.0000
1.6435
0.0000
1.1300
0.0000
0.0000
0.0000
0.0000
0.7038
1.0442
0.0000
1.6848
0.0000
0.0000
1.5343
0.3003
0.0000
1.9515
0.0000
0.0000
2.4299
0.0000
0.6819
0.0000
0.3314
0.0000
0.0000
2.5287
0.0000
0.0000
0.0000
0.0000
0.6252
1.6230
0.4121
0.0000
0.5996
0.0311
0.0000
0.0000
0.0504
0.0000
0.0000
1.2068
0.4823
0.0000
0.0000
0.0000
0.0000
1.6645
0.8723
0.0000
0.0000
1.6197
0.0000
2.9375
0.7975
0.1131
0.0000
0.0000
0.0000
1.7610
0.0000
0.0000
0.0000
2.1525
0.0000
0.0000
2.3988
0.0000
0.6832
2.2805
1.7387
0.0000
0.0000
0.0000
0.0000
0.0000
0.0000
0.7335
0.0000
0.1293
2.2044
0.2610
1.0416
0.0000
0.0000
0.0000
0.0000
0.0000
0.6509
1.1270
0.0000
0.0000
0.0000
0.0000
0.1427
0.0000
0.0000
0.0000
0.0000
0.0000
0.0679
0.3357
0.0000
0.8381
0.0000
0.8468
0.0000
0.0000
0.6251
0.4982
0.5220
0.0000
3.8756
0.1250
0.7933
0.0414
2.8353
0.0000
0.0000
0.0000
0.0000
0.0000
0.0000
1.0010
1.1171
0.1560
0.0000
0.0000
0.0000
0.0000
0.0000
0.9932
0.0000
0.0000
0.0000
0.1490
0.0000
0.0000
0.0000
3.3569
0.0000
0.0000
0.0000
0.8376
1.0910
1.1086
0.0000
1.6261
0.0000
0.0000
0.0000
0.0000
0.0000
0.0000
0.0000
0.0000
0.4080
0.0000
0.0000
0.0000
0.0000
0.0304
0.0000
0.0000
0.0000
0.6302
0.0000
0.0000
0.0000
0.2247
0.0000
1.5860
1.9403
0.0000
0.1255
0.0000
0.0000
0.0000
0.2193
0.0264
0.0160
1.4308
0.0000
2.4432
0.0000
0.0000
0.6614
0.0000
0.0000
0.0000
0.0000
0.0000
1.1499
0.4618
0.4031
0.0000
0.0000
0.2033
1.8648
1.3446
0.0000
1.2891
0.0000
0.0000
0.0000
1.9109
1.8664
1.1867
0.0000
0.0000
0.0000
0.0000
1.1038
0.0000
3.0961
0.5748
0.0000
1.3509
0.0000
0.1300
0.0000
0.0000
0.0000
1.2977
0.0000
0.5298
0.0000
1.0822
0.0000
0.0000
0.0000
1.8407
0.6660
0.0000
1.3018
2.3686
0.6387
1.6091
0.0000
0.0000
0.0000
0.4827
1.4545
0.4788
0.0000
0.4224
0.6877
0.2798
0.0000
0.9748
0.0000
0.0000
0.0000
0.8394
0.0000
1.7798
1.8405
0.0000
0.5845
0.5321
0.0000
1.6061
0.0000
0.0000
0.0000
0.0384
0.0000
0.0000
0.0000
0.0000
0.0000
2.5390
0.0000
0.0000
0.9127
1.0883
0.0000
0.7488
0.4215
0.0000
1.3527
0.0000
1.8995
0.3681
0.0000
1.0586
0.0000
0.6184
0.0000
0.5346
1.1026
0.0000
0.0000
0.0000
0.0000
0.0000
0.0000
0.0000
0.0000
0.2186
0.0000
0.0000
0.0000
1.8643
0.3831
0.0000
0.3957
1.9362
1.1681
0.0000
3.3493
0.0000
0.0000
0.0000
0.0000
0.0000
0.3833
0.0000
0.0190
0.0000
0.0000
0.0000
0.0000
0.4345
0.0000
0.0000
0.2428
0.0117
1.3017
0.4422
0.0000
1.2374
0.0000
0.0000
2.3810
0.0000
0.0000
0.0000
0.0000
0.1850
3.2787
0.0000
0.0000
2.1065
2.4477
1.6752
0.0000
0.0000
0.0000
0.8712
0.3011
0.0000
0.0000
2.8635
0.0000
3.5671
0.0000
0.7983
0.0000
0.3834
1.3440
1.0595
0.0000
3.8682
2.6775
0.0000
0.0000
0.3132
0.0000
0.0000
0.0000
0.0000
0.7171
0.0795
0.0000
0.0000
2.3592
0.0000
0.0000
2.0887
0.1135
0.0000
0.0000
0.0321
2.4031
1.0309
0.0000
0.0000
0.0000
0.0000
0.0000
0.4176
2.7885
0.0652
0.0000
0.0000
0.0000
0.0000
2.0233
1.9958
2.3473
1.8652
0.2687
0.0000
0.0000
0.0000
0.0000
3.9626
0.0000
0.0000
0.0000
0.0000
4.2977
0.5461
0.0000
0.0000
0.0000
0.0000
0.0000
0.4129
0.0000
0.0000
2.8745
0.0000
0.0000
0.0000
0.0000
0.1653
0.9708
1.9834
0.1313
0.0000
0.0000
1.9911
2.5466
0.0000
1.1587
0.0000
0.0000
0.0000
0.0000
2.8628
0.0000
2.8732
0.0000
0.0000
1.4476
0.0000
0.8639
0.0000
0.0545
0.0000
0.0000
4.3060
0.0000
0.0000
0.0000
0.0000
0.0000
0.0000
0.0000
0.7793
1.4050
0.0000
0.7831
0.0000
1.1348
0.0000
0.1196
0.6789
5.1263
0.0000
0.0000
0.0000
1.1312
2.2439
0.0000
0.0000
0.0000
0.0000
0.0000
1.3786
0.1932
0.5634
0.0000
0.0000
0.0000
0.5627
0.0000
0.0000
2.3018
2.3890
0.0000
0.0000
0.0000
0.0000
0.0000
0.0000
0.0000
5.2687
0.0000
1.9399
0.4586
0.0000
0.0000
0.0000
0.0750
0.0000
0.0000
0.1448
1.2539
0.0000
0.0000
0.0000
0.0000
2.9447
0.0000
2.0002
1.7686
0.0000
0.0000
0.1693
0.0000
0.0000
0.0000
0.0000
1.5907
0.4327
0.0000
0.1770
0.0000
0.3492
0.0000
0.0000
0.4600
0.0000
0.0000
2.1115
2.2855
0.9596
1.2431
0.0000
0.0000
2.1325
0.3622
0.0000
0.0000
0.0000
0.3122
0.0000
1.2085
0.0000
0.0000
0.0000
0.0000
0.0000
0.0000
0.2145
0.0000
0.6483
0.0000
0.8110
0.0932
0.0000
0.0000
0.0000
3.5716
0.0000
0.0000
0.0000
0.0000
0.6341
2.0085
0.0000
0.6421
0.0000
0.0000
0.1755
0.0000
1.9682
1.4364
4.9175
0.0000
0.4137
0.0000
1.0756
0.0799
0.0000
1.6163
0.0000
0.0000
0.0000
0.7805
1.1025
0.3219
0.0000
0.0000
0.7848
0.0000
2.2410
0.0000
0.0000
0.0000
0.0000
0.0000
1.0483
0.0000
1.0384
2.8489
0.0000
0.0000
2.0685
1.5207
1.5048
0.0541
0.5544
0.0000
2.2351
0.0000
0.0000
0.0000
0.0000
0.0000
0.2210
1.9803
0.0000
0.0000
2.6864
0.2304
2.5155
0.4154
0.1464
0.0000
0.0000
0.0000
3.8332
1.5163
0.1243
0.0000
0.0000
0.0000
1.5316
3.1171
1.0433
0.0000
0.6406
1.5645
0.6148
0.0000
2.4813
0.0000
0.0000
0.0000
0.9805
2.2548
0.0000
0.0000
0.0000
2.1727
0.0000
2.8265
0.0000
0.0589
1.6416
0.0000
1.2982
0.0000
0.0000
0.0000
1.1841
0.0000
0.0000
0.0000
0.9021
0.2480
0.0000
1.0622
1.4578
0.0000
0.0000
0.0000
0.8385
0.0000
0.0000
0.0000
0.1328
0.7583
0.0000
2.5909
0.0000
0.0000
0.0000
0.0000
0.0000
0.9873
1.1804
0.0000
1.0862
0.1421
0.0000
0.0000
1.2723
0.0000
1.5648
0.0000
0.0000
0.0000
0.0000
0.0000
0.8936
0.4223
0.0000
0.6743
0.0000
0.0000
0.0000
0.0000
0.0000
0.0000
0.0000
0.7701
0.0000
1.1001
0.4853
1.2013
0.0000
2.5120
0.0000
0.0000
0.2196
0.0000
0.0000
0.0000
2.3976
0.1668
0.0000
0.0000
0.0000
0.0000
0.0000
2.3456
0.0000
0.0000
0.0000
0.0000
2.4302
0.0000
0.0000
0.0000
1.6049
0.0000
0.1601
0.0000
0.0000
0.2791
1.0835
0.0000
0.0000
0.0000
0.0000
0.0000
2.5140
0.0000
0.0000
3.2321
0.0000
0.0000
0.8512
0.0000
0.8719
0.0000
0.0000
2.7092
0.0000
0.0000
2.2385
1.6825
0.5152
0.0000
1.1283
0.0000
0.0667
0.7356
0.0000
2.4654
0.0000
0.0000
0.0000
0.0000
1.6332
0.0000
0.5620
0.8486
0.4286
0.0000
0.0000
0.1306
0.0000
0.5056
1.9673
0.0000
0.0000
0.0000
0.0000
0.0000
2.6448
0.4155
0.0000
0.0000
0.0000
0.0000
0.0000
0.0000
0.0798
0.0000
0.0000
0.2224
0.0000
0.0000
0.0000
0.0000
0.5740
0.0000
0.0000
0.3486
0.0000
0.0000
0.0000
1.3046
0.5755
1.0061
0.3171
0.0000
0.0000
0.0000
1.9420
0.0000
0.0000
0.0000
0.0000
0.5218
2.2314
0.0000
0.0575
0.0000
0.0000
4.2818
0.0000
0.0000
0.0000
3.7124
1.6894
0.0000
0.0000
0.0181
0.3142
0.0000
0.5585
0.0000
2.8024
1.1805
0.0000
0.5784
3.8503
0.0000
1.5101
0.0000
0.0000
0.0000
0.0000
2.9259
0.0000
0.0000
0.0000
0.3005
0.6254
0.0287
0.0000
1.2135
1.3343
0.4267
0.0000
0.5405
1.8014
0.0000
0.0000
0.0000
0.7355
0.0000
4.3028
0.0000
1.2198
0.0000
0.4831
1.4338
0.0000
0.6684
0.0000
2.2252
0.4622
0.5463
1.6214
0.0000
0.8211
1.4912
0.1378
0.0000
0.0000
1.0552
0.0000
0.0000
0.0000
0.3646
0.0000
0.0000
1.7267
0.0000
0.0000
0.0000
1.4331
1.8582
0.0000
0.0000
0.3893
0.0000
0.9445
0.0000
0.0000
1.4986
3.2004
0.0000
0.0000
0.1614
0.0000
3.5901
0.6287
2.2888
0.0000
0.1240
0.0000
0.0000
0.0000
0.0000
0.0000
0.4111
0.0000
0.0000
3.0444
1.6938
3.3352
0.0000
0.0000
1.4552
0.0000
0.0000
0.0000
0.0000
0.0000
3.1627
0.4649
0.0000
1.3897
0.0000
0.0000
0.8077
2.0049
1.9168
0.6876
0.1311
0.0000
0.0000
1.7563
0.0367
0.7041
0.5944
0.0000
0.0000
0.0000
1.5640
3.0386
1.4938
0.7273
0.3985
0.0000
0.0000
0.4894
1.0601
0.0000
0.0000
0.0000
1.4266
1.1248
2.6254
0.0000
0.4014
0.0000
0.0000
0.0000
2.0295
2.8746
0.0000
0.0000
0.9131
2.0118
0.0000
1.0814
0.0000
0.0000
0.0990
0.0000
0.0694
0.0000
0.0000
0.1251
0.0000
2.6004
0.0000
0.0000
1.9853
0.5946
1.8746
0.0000
0.2581
0.4112
0.1136
0.0000
1.6057
0.0000
1.5332
0.0000
0.0599
0.0000
0.0000
0.0000
0.0000
0.0000
2.0726
1.5880
0.5272
0.0000
0.0000
0.0000
0.0000
3.3886
0.0000
0.0000
0.0000
2.0462
0.0000
0.0000
0.0000
0.0000
1.9624
0.0000
1.1592
1.5516
0.0000
0.1467
1.9926
1.3416
0.0000
0.0000
0.0725
0.0000
0.0000
0.0000
0.0000
0.0000
0.0000
0.0000
0.0000
0.0000
1.2517
0.0000
0.0000
0.3159
0.9823
0.0000
0.0000
0.0000
1.1428
0.0423
0.2524
0.0000
1.0113
1.7121
2.6526
1.3168
0.0000
2.5496
0.4776
0.0000
0.3717
0.0000
0.0000
0.0000
1.8992
0.0000
0.0000
3.3087
1.0255
0.0000
1.2940
1.3677
1.5147
1.9209
0.0000
1.6673
0.0000
0.0000
0.0000
0.0000
0.0000
0.0000
0.0000
0.0000
1.0940
2.8940
0.0000
0.0000
0.0000
0.0000
0.0000
2.3506
0.0000
1.5862
0.0000
0.0000
0.0671
0.0000
