0.0000
0.0000
0.2111
0.0000
0.0000
0.3202
0.0000
0.0000
0.0000
3.5263
1.0549
0.0000
0.9413
0.0000
0.0000
0.0000
0.0000
0.0000
0.0000
0.0000
0.0000
0.0000
2.3651
0.0000
0.8450
0.1406
0.0000
0.8279
0.0000
0.0000
0.0000
0.0000
0.8379
0.0000
0.2711
0.0000
0.0000
0.4993
2.1328
2.6001
0.0000
0.5138
0.0000
0.0000
0.0000
0.0000
0.0000
0.0000
0.4393
0.0000
0.0000
0.0000
0.0000
0.0000
0.0000
0.0000
0.9590
1.9362
0.0000
0.0000
0.0000
1.5667
0.0000
0.0000
0.0000
0.0000
0.0000
0.0000
0.0000
0.0000
0.0000
2.0422
0.0000
0.0000
0.0000
0.9386
0.0000
0.0000
0.0000
0.0000
0.0000
0.0000
0.0000
0.0000
0.0000
0.0000
0.2887
2.0377
1.9637
0.0000
0.2579
0.0000
0.4508
2.1597
0.1251
0.0000
0.0000
0.0000
3.9216
0.0000
0.0000
0.0000
0.9441
0.0000
0.0000
0.0000
0.0000
0.1774
0.0000
3.9582
0.0000
0.0000
0.0000
0.0000
0.0000
0.0000
0.3128
0.0000
0.0000
0.0000
0.7650
1.1081
1.1911
0.0000
0.0000
0.0000
0.0000
0.6502
0.0000
0.0000
0.0000
0.0000
1.0641
0.0000
2.1476
0.0000
0.5251
2.0368
0.0000
3.1217
1.8752
0.0000
1.0021
1.1605
2.5732
0.0000
0.2825
1.1774
0.6934
0.0000
0.0000
1.0847
0.4463
0.4429
0.0000
0.0000
0.0000
0.1852
0.0000
0.0000
0.4566
0.0000
0.0000
0.0000
0.0000
0.9505
0.0000
0.8647
0.0000
1.5333
0.0000
0.0000
0.0000
0.0000
0.0000
0.0000
0.0000
0.0000
0.0000
5.8587
0.0000
2.5868
0.0000
0.0000
0.0000
0.0000
0.7790
1.0869
0.9637
1.1748
0.9527
0.0000
0.0000
0.3733
1.5035
0.0000
0.0000
0.0000
0.8664
3.2882
0.0000
0.0000
0.2590
0.0000
0.0000
0.0000
0.0000
0.0000
0.0000
0.0000
0.0000
0.0000
0.0000
0.7639
0.0000
0.0000
0.0000
0.0000
0.0000
0.0000
0.0000
0.0000
0.0000
0.0000
0.4080
0.0217
0.0000
0.0000
0.0000
1.3129
0.0000
0.5111
0.0000
0.0000
1.9043
0.0000
1.1058
0.0000
0.0038
0.0000
0.0000
0.0000
0.0000
0.0000
0.0000
0.0000
0.0000
0.0000
0.0000
0.0000
0.0000
0.0000
0.0000
0.8196
0.0000
0.9679
0.0000
0.0000
1.8689
0.0000
0.0000
0.0000
0.0000
0.2983
0.0000
0.0000
0.5062
0.0000
0.0000
0.0000
0.7967
1.0275
0.0000
1.2005
0.0000
0.0000
0.1274
2.0569
0.4895
0.0000
4.8608
0.0000
0.4568
0.0000
0.0000
0.3749
0.0000
0.0000
0.0000
0.0000
0.0000
0.0000
0.0000
0.1757
3.1354
0.0000
0.0000
1.0627
0.0000
2.2490
0.0000
0.0000
0.0000
0.0000
0.1866
0.0000
0.0000
0.0000
0.0000
0.0000
0.0000
1.4069
0.0000
1.1384
1.2457
0.0000
0.0000
0.0000
0.0000
1.6415
0.2757
3.5590
0.0000
1.0288
0.0000
1.5849
0.0000
0.3812
0.0000
1.3506
0.0000
0.0000
0.0000
0.0000
0.0000
2.3136
1.8165
0.0000
0.0000
2.5682
0.0000
0.0000
0.0000
0.0000
0.0000
4.9153
0.0000
0.8941
0.0000
0.0000
0.0000
2.0775
0.0000
0.0000
0.4708
1.7263
0.1616
0.0000
0.1370
0.0000
0.0000
0.0000
0.0000
0.0000
0.0000
0.0000
0.1253
1.1695
0.5199
0.0000
0.0000
1.3788
0.0000
0.0000
1.3419
0.0000
0.0000
1.5796
0.0000
0.0000
2.0266
0.0000
1.1037
0.0000
0.0000
0.0000
1.3884
0.8161
0.0000
0.0000
3.3577
0.0000
0.0000
0.0000
0.0000
1.4745
0.1545
0.0000
0.0000
0.2797
0.0000
0.0000
0.0000
0.0000
0.0000
1.5140
0.0000
0.0000
0.7248
0.0000
0.0000
0.0000
0.0000
4.2558
0.0000
1.7591
0.0000
0.0000
0.8078
0.0000
0.6134
0.0000
0.4589
0.0000
0.0000
0.0000
0.0886
0.5991
0.0000
0.0000
0.0000
0.0000
0.0000
0.0000
0.0000
0.0000
0.3469
0.0000
1.4812
0.0000
2.9001
0.0000
0.5240
0.0000
3.3855
1.1603
0.0000
0.7416
1.0019
0.5736
0.0000
0.0000
0.1651
0.0262
0.1491
0.1740
0.0000
1.8623
0.6822
0.0000
0.0000
0.9559
0.1404
0.0000
0.0000
0.0000
0.0000
0.0000
0.0000
0.0000
0.0000
1.2159
0.0000
0.6017
0.0000
2.2902
1.8530
0.0000
0.0848
0.0000
0.4023
0.0000
1.2250
1.0257
1.2528
1.3217
0.0837
0.7748
0.0000
1.2119
0.0000
0.0000
0.0000
0.0000
3.3046
0.0000
0.0000
0.0000
0.1822
0.0000
0.0000
0.0000
2.3387
0.0000
0.0000
0.0000
0.3448
0.0000
0.0000
0.7630
0.4788
0.9770
0.0000
0.4322
0.0000
0.0000
0.5483
0.0000
7.2474
0.0000
2.2174
1.6045
0.0000
0.2041
0.0000
0.0000
0.6600
0.0000
0.0803
0.5541
2.0623
0.4957
1.4241
0.0000
0.0000
2.8148
0.0000
0.0000
1.4847
0.0000
0.0000
0.2165
0.0000
0.0000
0.0000
0.0000
0.0000
0.0000
0.0000
0.0000
0.0000
3.0647
0.0000
0.0000
0.0000
0.0000
0.0000
0.0000
0.0000
0.0000
0.8793
0.5367
0.0000
0.0000
0.0000
1.5676
0.0000
0.0000
0.0000
0.0000
0.0000
0.0000
0.0000
0.0000
0.0000
0.0000
0.0000
0.2013
0.0000
0.1804
0.0000
0.0000
0.0000
0.0000
0.0000
0.0000
0.3286
1.1001
3.1091
0.0998
0.0000
0.0000
0.0000
0.0000
0.0000
0.0000
0.0000
0.0000
3.5244
0.6200
0.0000
2.1222
0.0000
0.0000
0.0000
0.1414
1.8333
0.0000
0.0000
0.0000
0.0000
0.0000
0.0000
3.8264
0.0000
1.4591
0.0000
0.4297
0.7863
0.0000
2.0234
0.0000
0.0000
0.0000
0.0000
1.0149
0.0000
0.7297
0.0000
0.0000
0.0000
0.0000
0.0000
0.0000
1.7309
1.8505
0.0000
0.0000
0.0000
0.0000
0.0000
0.0000
0.0000
0.0000
1.3707
0.0000
0.0000
0.0000
0.0000
0.0000
0.0537
0.0000
0.3378
0.0000
0.0000
0.0000
0.0000
0.0000
0.0000
0.0000
0.0000
2.1832
1.6106
0.0000
0.0000
0.0000
0.0000
0.0000
0.0000
0.0000
0.0000
0.0000
0.0000
0.0000
0.0000
0.0000
0.0000
0.0000
0.0000
0.0000
0.0000
0.0000
0.0000
0.0000
0.0000
0.9948
0.0000
0.2734
0.0000
2.3160
0.0000
0.0000
2.5658
0.0000
0.0000
0.0000
0.0000
0.0000
0.0000
0.0000
1.7917
0.0000
0.7356
0.8211
0.0000
0.0000
0.0000
0.2354
0.4268
0.2861
0.0000
3.8269
0.0000
0.0000
0.0000
0.0000
0.0000
0.0000
0.0000
0.2751
0.0000
0.0000
1.2163
0.5892
0.0000
0.0000
0.7139
0.0000
0.0000
1.0228
0.0000
0.0000
0.0000
2.8288
0.0000
0.0000
0.0000
1.0605
0.0000
3.6095
0.0812
0.0000
0.0000
0.8619
0.0000
0.0000
1.7909
0.8915
0.9321
0.0000
0.5672
0.0000
0.0000
0.0000
0.2339
0.0000
0.4873
0.0000
0.0000
0.0000
0.0000
0.0000
0.9379
0.0000
0.0000
0.1497
0.0000
0.0000
0.0000
0.0000
0.5004
0.0000
0.0000
0.0000
0.0000
0.0000
0.0000
0.0000
0.0000
0.0000
0.1644
0.0000
0.0000
0.0000
0.0000
0.0000
1.0729
0.3502
0.0000
0.0000
0.0000
0.0000
1.6398
0.0000
0.0000
0.1195
0.0000
0.0000
0.0000
0.0000
0.0000
0.0000
3.5249
0.0000
0.0000
0.0000
0.0000
0.0000
0.0000
0.0000
0.0000
0.0000
0.2217
0.0000
0.0000
0.0000
0.6712
0.0000
0.0000
0.6500
1.7653
0.0000
0.3100
0.0000
0.0000
0.0000
0.0000
0.0000
0.0000
0.0000
1.3031
0.0000
0.0000
0.0000
0.0000
0.0000
0.0000
0.0000
0.0000
0.0000
0.0000
0.0000
0.0000
1.9278
0.0000
0.0000
0.0000
0.0000
2.0281
0.0000
0.0000
0.0000
0.0000
0.0000
0.0000
0.0000
0.0000
0.0000
0.0000
0.4200
0.1564
0.1033
0.0000
2.8237
0.0000
0.0000
1.5150
0.0000
0.0000
0.2080
0.0000
0.0000
2.3850
0.0000
0.0000
0.0000
0.0000
3.1782
0.0000
0.0000
0.0000
0.0000
0.0000
0.0000
0.0000
0.0000
0.9876
0.0000
0.0000
0.0000
0.5496
0.0000
0.7305
0.0000
0.0000
0.0000
0.0000
0.0000
0.6928
0.0000
0.0000
0.0000
0.0000
0.0000
0.0000
0.0000
0.0000
0.0000
0.0000
0.2464
0.0000
0.0000
2.8286
0.0000
0.0000
0.3738
0.0000
0.8623
0.0000
0.0000
0.0000
0.0000
1.1961
0.3192
0.0000
2.1157
0.7765
0.4392
0.0000
0.0000
0.0000
0.0000
1.5316
0.9257
0.0000
1.6555
0.0000
0.0000
0.0000
0.0000
1.3451
0.0000
0.0000
0.0000
1.1925
3.0478
0.0000
0.0000
0.0000
5.9033
0.0000
0.7550
0.0000
0.0000
0.0000
0.0000
1.2778
0.0000
0.0000
0.5082
0.0000
0.2845
0.0000
0.4418
0.5402
0.0000
0.0000
0.5930
1.3088
0.0000
2.1071
1.4246
0.0000
0.0000
0.0000
0.0000
0.0000
0.0000
0.2926
0.0000
0.0000
1.6513
0.0000
0.0000
2.6539
1.9631
0.0000
0.0000
0.0000
0.0000
0.0000
0.0000
0.0000
0.0000
0.0000
1.1046
0.0000
0.0000
0.0000
2.9325
0.3179
0.0000
0.0000
0.9677
0.0000
1.7274
0.0000
0.0000
0.0000
2.7536
0.0000
3.7667
0.0000
2.7741
0.0000
0.0000
0.3105
1.0296
0.0000
0.6602
0.0000
2.7644
0.0000
0.0000
0.0000
0.5974
1.3701
0.0000
0.0000
0.6542
0.3982
0.0000
0.9389
0.2689
1.2547
0.0000
1.0565
0.0000
2.3589
0.0000
0.0000
0.1473
0.0000
0.0000
0.0000
0.0000
0.9373
0.0000
0.0000
0.0000
1.4611
0.0000
0.0000
0.0000
0.0000
0.0000
0.0000
0.0000
0.0000
0.0000
2.5782
0.0000
2.1805
0.0000
1.3278
2.1169
0.0000
0.0000
0.0000
0.0000
1.0629
0.0000
0.0000
0.6270
0.0000
0.0000
0.3030
0.0000
0.0000
0.7899
0.0000
0.0000
0.0000
0.0000
0.0000
1.7285
0.0000
1.9641
0.0000
0.0000
0.0000
1.9795
0.0000
0.0000
0.6780
0.0000
0.0000
0.2843
0.0000
0.6147
0.0000
1.1921
0.0000
1.5573
0.0000
0.0000
0.0000
0.0000
0.0000
0.0000
0.0000
0.0000
1.4298
0.0000
0.0000
0.0000
0.4838
0.0000
0.0000
0.2338
0.0000
0.0000
0.0000
0.0000
0.3894
0.0000
0.0000
0.0000
0.0000
0.5523
0.0000
0.8894
0.0000
0.0000
0.0000
0.0000
0.0000
0.0000
0.0000
0.0000
1.9435
0.0000
0.0000
0.0000
1.7612
0.9566
1.8135
0.0000
0.0000
0.0000
0.5657
2.0137
0.0007
0.0000
0.0000
0.0000
2.5242
0.0000
0.0000
0.0000
0.0000
0.4999
0.0000
0.0000
0.0000
0.0000
2.3296
0.0000
0.0000
0.0000
2.0575
0.3846
0.0000
1.3339
3.2355
1.2641
0.0000
0.0000
0.0000
0.0000
0.0000
1.9470
0.0000
0.0000
0.0000
0.1659
0.0000
0.0000
0.3509
0.0000
1.1392
0.3074
0.0000
0.0000
1.6564
0.0000
0.0000
0.0000
0.0000
0.0000
3.2297
0.6239
0.0000
0.0000
0.3507
0.0000
0.2007
0.0000
0.0000
0.0000
3.6572
0.0000
2.0723
0.0000
0.2969
0.0000
0.0000
0.0000
0.0000
0.0000
0.0000
0.0000
0.0000
5.5150
0.0000
0.0000
0.0000
0.0000
0.0000
0.0000
0.0000
0.0000
0.0000
0.0000
0.0000
0.0000
0.3276
0.0000
0.0000
0.0000
0.0000
0.0000
0.0000
0.0000
1.0761
0.0000
0.0000
0.0000
2.3438
0.5067
0.0000
0.0000
2.6694
0.0000
0.0000
0.0000
0.0000
2.8825
1.3490
0.0000
0.0000
0.0000
0.0000
0.0000
0.0000
0.0000
0.0000
0.0000
0.0000
0.0000
0.0000
1.6080
3.2628
0.0000
0.0000
0.0000
1.0362
0.0000
2.1866
0.5781
0.0000
0.0000
0.0000
0.0540
0.0000
1.4802
3.0426
0.0000
0.0000
0.1746
0.0000
1.2198
0.8781
0.0000
0.0000
0.2811
1.0836
0.0000
0.0000
0.0000
0.0000
0.0000
1.1958
0.0000
0.0000
0.0000
0.0000
0.0000
0.0000
0.0000
0.0000
0.0000
0.6612
0.0000
1.1635
0.8647
0.0000
0.0000
0.0000
0.3591
0.0000
0.0000
0.0000
0.0000
1.4462
0.4875
0.0000
0.0000
0.0000
0.0000
0.0000
0.0000
0.0000
0.6524
1.0498
0.7488
0.0000
0.7573
0.0000
0.0000
0.0000
0.0000
0.0000
0.0000
0.0000
0.0000
0.0000
0.0000
0.0000
0.0000
0.0000
0.1123
0.0000
0.0000
0.0000
0.0000
0.0000
0.0000
0.0000
0.0000
0.0000
0.0000
0.4581
0.0000
0.0000
0.0000
0.4300
0.0000
1.3412
3.4545
0.0000
0.9665
0.0000
0.0000
0.0000
0.0000
0.0000
0.0000
0.9759
0.0000
0.0000
0.0000
1.0125
1.9654
0.2884
0.0000
0.0000
1.2746
0.0000
0.0000
3.5289
0.0000
1.2507
0.0000
0.0000
0.4011
0.0000
2.2408
1.8526
4.4721
0.0000
0.0000
0.0000
0.0000
0.0000
0.0000
0.0000
0.0000
0.0000
0.0000
0.0000
0.0000
0.0000
0.6670
0.0000
0.0000
0.0000
2.8615
0.0000
1.0284
0.0000
1.9423
0.0000
0.0000
0.2987
0.7824
0.0000
4.5172
0.0000
0.0000
1.5919
1.3053
0.0000
0.6683
0.0000
0.0000
0.0000
0.0000
0.0000
0.0000
0.0000
0.7775
0.0000
0.0000
0.0000
0.9432
0.8714
1.4040
0.0000
2.7527
0.0000
0.0000
0.0000
0.0000
0.0000
0.0000
0.0000
0.0000
0.0000
0.0000
0.0000
0.0000
0.2763
0.2518
0.0000
0.0000
0.0000
0.6095
0.0000
0.0000
0.0000
0.0000
0.0000
0.0000
0.0000
0.0000
1.6089
0.0000
0.0000
0.0000
0.0000
0.0000
0.0000
0.2551
0.0000
1.4525
3.9144
2.3089
0.0000
3.6020
0.0000
0.0000
0.0000
1.0535
0.0000
1.3640
0.9921
0.0000
0.0000
0.2116
0.0000
0.0000
0.8034
0.2082
0.0000
0.0000
0.0000
0.0000
0.0000
0.0000
0.0000
0.0000
3.0721
0.2949
0.0000
0.0000
0.0000
0.0000
0.0000
1.9468
0.6254
0.4410
0.9815
0.0000
0.0000
0.6254
0.0000
0.0000
0.2590
0.0000
0.0000
0.2979
0.0000
0.0000
0.0000
0.0000
0.0000
1.3786
0.6112
1.4339
0.0000
0.0000
0.0000
0.0000
0.0000
0.0000
0.0000
0.4822
0.0000
0.0000
0.0000
2.0933
0.0000
0.0000
0.0000
0.0000
0.5582
0.0000
0.0000
0.4977
0.2111
1.9598
0.0000
2.4779
0.0000
0.0000
0.0000
0.6229
2.0675
1.9949
0.0000
0.0000
0.0000
0.0000
0.0000
1.2315
0.0702
0.0000
0.0000
0.0000
0.0000
0.0000
0.0000
0.0000
0.0000
0.0000
0.1901
0.0000
0.0000
0.1508
0.2345
0.2101
0.0000
0.0000
1.1562
0.0000
0.0000
0.0000
0.0000
0.4343
0.8186
0.0000
0.8631
0.6887
0.0000
2.2238
0.0000
0.0000
0.0000
0.0000
0.0000
0.0000
0.0000
0.0000
0.0000
0.7123
0.0000
0.0000
0.0000
3.0030
0.0000
1.0614
2.6748
0.0000
0.0000
0.0000
0.0000
1.4863
0.0000
0.0000
0.0000
0.0727
0.2206
0.0000
0.0000
0.0000
0.0000
0.0000
0.0000
0.0000
0.0000
0.0000
0.0000
0.0000
0.0000
0.0000
2.1431
0.0000
0.9488
0.0000
0.9901
0.0000
0.0000
0.0000
0.0000
0.0000
0.5238
0.0000
0.6063
2.3327
1.9249
0.0000
0.0000
0.0000
1.5269
1.2040
0.3860
0.6521
0.0000
0.0000
1.0271
0.0000
0.6690
0.0000
0.0000
0.0000
2.5071
0.0000
0.0000
0.0000
0.0000
0.8121
0.0000
0.0000
0.0855
0.0000
0.0000
0.0000
1.2046
0.0000
0.0000
0.0000
0.0000
0.0000
0.0000
0.0000
0.0000
0.0000
0.6620
0.0510
0.0000
0.0000
0.0000
0.8014
0.8229
1.3253
0.0000
0.4721
0.0000
1.9893
0.0000
0.0000
0.0000
0.0000
0.0000
1.3772
3.2794
1.0017
0.0000
0.0000
0.0000
2.3468
0.0000
1.4868
0.1723
0.0000
0.4538
0.0000
0.0000
0.0000
0.0000
1.1673
0.0000
0.0000
0.3311
1.7781
0.4187
2.3645
0.0000
0.0000
0.0000
0.0000
0.0000
0.0313
0.0000
1.9720
0.0000
0.9088
2.6531
0.0000
0.0000
0.0000
1.0354
0.0000
0.9441
1.0638
1.0716
0.0000
0.7224
0.0000
1.5006
1.6884
0.0000
2.5260
0.1692
0.1183
1.9867
0.0000
0.0000
0.0000
0.0000
0.0000
1.0328
0.0499
2.0611
0.0000
0.0000
3.0971
0.0000
2.7454
0.0000
0.0000
0.0000
0.8357
0.0000
0.0000
0.7234
0.1575
0.0000
0.3097
2.9891
0.0000
2.7826
0.0000
0.0000
0.5526
0.1848
0.0000
0.0000
0.0000
1.4319
0.0000
0.0000
0.1499
0.9015
0.0000
0.0000
4.2881
0.0000
0.0000
1.9462
0.0000
1.6845
0.0000
0.0000
0.6286
0.2576
0.0000
0.0000
0.8817
0.0000
2.5702
0.0000
0.0000
0.0000
0.0000
2.9545
0.0000
3.5827
0.2153
1.1327
0.0000
0.0000
0.0000
0.0000
0.0000
0.0000
2.2863
0.0000
1.7143
0.0000
1.1506
0.0000
0.0000
0.0526
0.0000
0.0000
0.0000
0.0000
0.0000
1.4373
0.8941
0.0000
0.0000
0.0000
0.8735
0.0000
0.0000
0.0000
1.1406
0.6353
0.0000
0.0000
0.0000
0.0000
0.7614
0.0000
1.4171
0.0000
0.0000
0.0000
0.4719
0.0000
0.0000
0.0000
0.0000
0.7769
0.0000
2.2535
0.0000
0.0000
0.0000
1.0128
0.0000
0.0000
0.7602
0.0000
0.0000
0.0000
0.0000
0.0000
1.7752
0.0000
0.8487
0.0000
0.0000
0.0000
0.5998
0.0000
0.0000
0.0000
0.0000
0.0000
0.0000
2.1075
2.5152
0.0000
0.0000
0.0000
0.0000
0.0000
1.9274
0.0000
1.7643
0.0000
1.6537
0.0000
0.0000
0.0000
0.0000
1.1094
1.0412
0.0000
1.8615
0.4576
0.0000
0.0000
0.0000
3.5219
0.5470
0.6584
0.0000
0.0000
0.0000
0.0000
0.0000
0.4705
0.0000
1.9067
0.0000
0.3383
1.0977
0.0000
0.0000
0.0000
0.0000
0.0000
0.0000
0.0000
1.5316
0.0000
0.0000
0.5757
2.2776
0.6012
0.4854
0.5772
0.0000
0.0000
0.0000
0.0000
0.0000
1.9345
0.0000
0.0000
1.9391
1.1994
0.0000
0.0000
0.4563
2.1083
0.9897
0.0000
0.0000
0.0000
0.0000
0.0000
0.0000
0.0000
0.0000
0.0000
0.0000
0.0000
0.0000
0.0954
1.2712
0.0000
1.0411
0.0000
0.0000
0.0000
0.0000
0.8814
0.0000
0.0000
0.0000
2.1773
2.1536
0.0000
0.0000
0.5290
0.0000
0.0000
1.7094
0.4718
0.0000
0.0000
0.5404
0.0000
2.5438
1.5508
0.5633
0.0000
0.0000
0.0000
0.0000
4.5762
0.0000
0.0000
0.0000
0.0000
0.4392
0.2721
0.0000
0.0000
0.0860
0.0000
0.0000
0.0000
0.6116
0.0000
0.0000
0.6106
1.3253
0.0000
1.2525
0.0000
0.0000
0.0000
0.1425
0.0000
1.3233
0.2937
0.0000
0.0000
1.4808
0.0000
0.5770
0.0000
0.0505
0.0000
0.0000
0.0000
0.0000
0.0000
0.0000
0.0000
0.0000
0.6179
0.0000
3.4234
0.0000
0.0000
0.0000
0.0000
0.0000
0.0000
0.0000
2.8342
0.0000
0.0000
0.0000
0.0000
0.0000
0.0000
0.0000
0.0000
0.0000
0.0000
1.0951
0.0000
0.3278
0.0000
0.8926
0.0000
0.0000
0.5639
0.0000
0.0000
0.0000
0.0000
0.0000
0.1189
0.1264
0.0000
0.0000
0.7148
1.0438
0.0000
1.6079
0.7943
0.5984
0.0000
0.0000
0.0000
0.0000
0.0000
0.7168
0.0000
1.2311
0.0000
1.4191
0.0000
2.0895
0.0000
0.6748
0.0000
0.0000
0.0000
0.6125
0.0000
1.7631
1.8918
0.0000
1.0537
0.0000
0.0000
0.0000
0.0000
2.0002
0.0000
0.0000
0.0000
0.9213
0.0000
0.0000
0.0000
0.1456
0.0000
0.0000
0.0000
0.0000
0.0000
1.0683
0.5499
2.3071
1.5651
0.4168
0.5118
0.0000
1.6435
0.0000
0.0000
0.0000
0.0000
1.7632
1.9170
2.0159
0.0000
0.0000
0.0000
1.6991
0.6327
0.0000
0.0000
0.0000
0.0000
0.0000
0.0000
0.0000
0.0000
0.0182
0.0000
0.0000
1.2464
0.1225
0.0000
0.4000
0.0000
0.0000
0.0000
0.0000
0.0000
0.0000
0.3466
0.0000
0.0000
0.0000
0.0000
0.0000
0.0000
0.0000
0.0000
0.0000
0.0000
1.4670
0.0000
0.0000
0.0000
0.0000
0.0000
0.0000
0.0000
0.0000
0.3332
0.0000
0.9198
1.9619
0.3512
0.0000
0.0000
0.0000
3.5839
0.0000
0.0000
0.0000
1.2912
0.0973
0.0000
1.2814
0.0000
0.0000
0.0000
2.0053
1.8305
0.0000
1.2787
0.0000
0.0000
4.0929
0.0000
0.0000
0.0000
2.0737
0.0000
0.0538
1.0447
0.0000
1.3996
0.0000
0.0000
0.7694
0.0000
0.0000
0.0000
0.0000
1.0347
0.0000
0.0000
0.0000
0.0000
0.0000
0.0000
0.0000
0.0000
0.0000
0.0000
0.0000
0.1049
0.8885
0.0000
0.0000
0.0000
0.0000
0.5606
0.0000
0.0000
1.2925
0.0000
0.0000
0.0000
0.0000
1.5887
0.0000
0.0000
1.5861
0.0000
0.0000
0.1552
0.7486
0.0000
0.0000
0.0000
1.3277
0.0000
0.0000
0.0763
0.0000
0.0000
1.2568
0.0000
0.0000
0.0000
0.0000
0.1915
0.0000
0.0000
0.0000
0.0000
0.0000
0.1693
0.2041
1.5883
0.0982
0.0000
0.0000
1.2221
0.0000
0.0000
0.0000
0.1035
0.0000
0.0000
0.0000
0.0000
2.6076
0.4185
0.0000
0.0000
0.0000
2.2557
4.6176
0.0000
0.0000
1.3112
0.0000
0.0000
0.0000
0.0000
0.0000
0.0000
0.0000
0.0000
0.0000
0.0000
0.0000
0.0000
0.0000
0.0000
0.0000
0.1079
0.0000
1.9782
0.0000
0.0000
0.3879
1.5142
0.0000
1.9715
0.0000
0.8203
0.1827
0.0000
0.7151
0.6026
0.0000
0.0000
0.0000
1.6605
0.0000
0.0000
0.0000
2.1529
0.0000
0.0000
0.2885
0.0000
0.0000
0.0000
0.0000
0.0000
1.7312
0.0000
0.0000
2.0783
0.5511
0.1988
0.0000
0.0013
0.3632
0.0000
0.0000
0.3731
0.0000
0.0000
0.0000
2.2458
0.4712
0.8412
0.4613
0.0000
0.0000
0.0000
0.0000
0.0000
0.0000
0.0000
2.5068
0.0000
0.0000
0.0000
0.0000
0.0000
1.1160
0.1533
2.3243
0.0000
0.0000
0.9540
0.4246
0.0000
0.0000
0.0000
0.0683
0.0000
2.7108
0.0000
0.0000
0.2909
0.0000
0.0000
0.5409
0.0000
0.0000
0.0000
0.0000
0.0000
0.0000
0.0000
0.0000
0.6415
0.0000
0.0000
0.0000
0.0000
0.0000
0.0000
2.7756
0.0000
0.0000
0.0000
0.5289
0.0000
2.1442
0.9020
0.0000
0.0000
1.0267
2.3161
0.0000
0.0000
0.0000
0.0000
0.3591
0.0000
0.0000
3.5728
0.0302
0.0000
0.0000
0.0000
3.7215
0.0000
0.0496
0.0000
0.0000
0.0000
0.0000
0.0000
0.0000
0.0000
0.0000
0.0000
0.0000
0.0000
0.7024
0.0000
0.0000
0.0000
1.5543
0.0000
0.0000
0.0000
0.0000
0.0000
0.0000
0.0000
0.0000
0.7735
0.0000
1.6187
0.6430
0.0000
0.0000
1.6758
0.0000
0.3746
0.0000
0.0000
0.9033
0.0000
0.0000
1.3527
2.5131
0.0000
0.0080
0.0000
0.0000
0.0000
0.0000
0.0000
0.0000
0.0000
0.7358
0.2848
0.0000
0.0000
0.3625
0.4781
0.0000
1.1275
0.0000
0.0000
0.6974
0.0000
0.0000
0.0000
0.0000
0.0000
0.7690
0.4300
0.0000
0.0000
0.0000
0.0000
0.0000
0.9541
0.0000
1.8469
0.0000
0.0000
3.2233
0.0000
0.0000
0.0000
0.0000
0.3446
0.0000
0.6205
1.8239
0.0000
0.0000
0.0000
0.0000
0.0000
0.0000
0.0000
0.1223
0.0872
1.3951
0.0000
0.0000
1.1505
0.0000
1.3375
0.0000
0.0000
0.0000
0.0000
0.0000
0.0000
0.8087
0.9563
1.4735
0.0000
3.5827
0.0000
0.0000
0.1171
0.0000
1.7572
0.0000
0.6476
0.8875
0.0000
0.0000
0.0000
0.0000
0.6666
0.0000
0.0000
1.8340
0.0000
0.0000
0.0872
1.4102
0.6559
0.0000
0.0000
2.3143
0.0000
0.0000
0.0000
2.4540
0.6203
0.6096
0.0000
0.0000
0.0439
0.0000
0.0000
0.0000
1.6835
3.8056
3.8050
0.0000
0.7215
1.9821
0.9388
0.0000
0.0000
0.0000
0.0000
0.0000
0.9545
0.0000
0.0000
1.1102
0.0000
0.0000
0.0000
0.0000
0.0000
0.0000
0.0000
0.5048
0.0000
0.0000
0.0000
1.2219
0.0000
1.8553
1.2331
0.0000
0.0000
0.5211
0.0000
2.9548
0.0000
0.0000
3.6010
0.0004
0.0000
0.0000
0.0000
0.1378
3.1168
0.0000
0.9072
0.0000
0.0000
0.0000
0.0812
0.0000
0.0000
0.0000
2.2981
0.8713
0.0000
0.0000
0.0000
0.0000
0.1063
0.0000
0.0000
0.0000
0.0000
0.0000
0.0000
0.0000
0.0000
0.0000
0.0000
0.6805
1.7086
0.0000
0.0000
0.2971
0.0000
0.0000
0.0000
1.7075
0.3612
2.0249
0.2742
0.7539
0.0000
1.8672
0.0000
0.0000
0.0000
0.0000
0.0527
0.0000
1.1237
0.0000
0.0000
4.8482
0.0000
0.0000
1.4802
0.0000
0.0000
0.0000
0.0000
0.0000
0.0000
0.0000
0.0000
0.7259
0.5292
0.0000
0.0000
0.1140
1.3106
0.0000
1.8556
4.3984
0.0000
0.0000
0.0000
0.0000
0.0000
0.0000
3.3015
0.0000
0.0969
0.0000
0.0000
0.9588
0.0000
0.8471
0.0000
0.0000
0.0000
0.0000
0.9014
0.2261
0.0000
0.3614
2.5844
0.3916
0.2279
0.0000
0.0000
0.0000
0.7935
0.0000
0.0000
0.0000
2.2419
0.0000
0.0000
0.9161
0.0000
0.0000
0.0000
0.0000
0.1865
1.2175
0.4896
0.0000
2.6224
1.7821
0.0912
0.0000
0.0000
0.0000
0.0000
0.0000
0.2033
0.0000
0.0000
0.0000
0.0000
0.9264
0.0000
3.8624
4.3224
0.1335
0.0000
0.0000
1.6667
3.2879
0.0000
0.0000
0.0000
0.0000
0.0000
0.0000
0.0000
0.0000
0.0000
0.0000
0.0000
0.3699
1.0997
2.6020
0.0000
0.0000
0.0000
0.0000
0.0000
0.0165
0.0000
0.0000
0.0000
0.0000
4.4620
0.0000
0.0000
0.0000
0.5793
0.0000
0.0000
0.6076
1.6917
0.0000
0.0000
1.0022
4.4606
0.0000
0.0000
0.0000
0.0000
0.0000
0.0000
0.0000
1.9592
0.0000
0.0000
6.7359
1.8354
0.8500
0.0000
0.9855
0.0000
0.0000
0.0000
0.0000
0.0683
0.0000
2.0303
0.0000
0.0000
0.0000
0.0000
0.1978
0.2644
0.0000
0.0000
0.0000
0.0000
0.2893
0.0000
0.0835
0.7782
1.6151
0.9218
0.0000
0.0000
0.6528
0.0000
1.4466
1.4060
0.2831
0.0000
0.0000
0.0000
0.0000
0.0000
0.0000
0.6659
0.0000
0.0000
0.0000
0.0000
0.0000
0.0000
0.0000
0.0000
2.6880
0.0000
2.1329
0.0000
0.0000
0.0000
0.0000
0.0000
0.0000
0.0000
0.2178
0.0000
0.0000
1.2930
0.0000
0.8464
0.0000
1.7354
0.9844
0.0000
0.0000
0.3007
0.0000
0.5788
0.0000
0.0000
0.0000
0.0000
0.0000
1.1008
0.0000
0.0000
0.0000
0.0000
0.2244
0.0000
0.9106
0.0000
0.0000
0.2553
0.0000
0.0000
0.0000
0.1736
0.0343
0.0000
0.8712
0.8334
0.0000
2.5131
0.0000
0.8553
2.7617
1.3114
0.0000
0.5328
0.0000
0.0000
1.9305
0.0000
2.2185
0.0000
0.0000
0.0865
0.0000
0.0000
0.0000
0.7117
0.0000
2.7700
0.0000
1.7347
0.3384
0.0000
0.5349
3.1377
1.7985
0.0000
0.0000
0.0000
0.0000
1.2565
2.3617
0.0000
0.0000
0.0000
0.0000
0.3670
0.0000
0.0000
1.1234
0.0000
0.0000
2.5075
0.0000
1.4464
0.0000
0.0000
0.2306
0.0000
4.2617
0.0000
0.0000
0.0000
0.0000
0.0000
2.6288
0.0943
0.3294
1.0145
0.0000
0.0000
0.0000
0.0000
0.0000
0.0000
0.0000
0.0000
0.0000
0.0000
0.0000
0.0000
2.3740
0.0000
0.0000
0.0000
0.4659
0.0000
0.6913
0.5174
1.1250
0.0000
0.0000
0.0000
0.0000
0.0000
0.0000
0.0000
3.4101
0.0000
0.0000
2.4767
0.0000
0.0000
0.0000
0.0000
0.0000
0.0000
0.0000
1.8590
0.0000
0.0000
0.3419
0.0000
1.4912
1.4839
2.4780
1.1353
0.0000
0.0000
0.0000
0.0000
0.0000
0.5397
0.0379
0.1872
0.0000
0.0000
0.0000
0.0000
0.0000
0.0000
0.0000
0.0000
0.2089
0.0000
0.0000
0.0000
0.0000
0.0000
0.4631
0.0000
0.0000
2.7861
0.3393
0.7788
0.0000
3.7402
0.6445
1.5485
0.0000
0.2927
0.0000
0.0000
0.0000
0.0000
0.0000
0.0000
0.0000
0.0000
0.0000
0.0000
0.0000
0.0000
0.0000
0.0000
0.0000
0.0000
0.0000
0.0000
0.5717
0.0000
0.0000
0.0000
0.3281
0.0000
0.0000
0.0000
2.1996
0.0000
0.0000
0.0000
0.3272
0.0000
0.0000
0.0000
0.0000
0.0000
0.0000
0.0000
0.0000
0.0000
0.0000
0.0000
0.0000
0.0000
0.0000
0.0000
0.0000
0.0000
0.6579
0.0000
0.0000
0.0000
0.5774
0.0000
0.9140
0.0000
0.0000
0.0000
0.3231
0.0000
0.0000
0.0000
0.0000
0.0000
0.0000
0.0000
0.7544
2.2170
0.0000
0.0000
0.0000
0.0000
0.0000
0.0000
0.0000
3.4633
0.0000
0.3141
0.0000
0.0000
0.0000
0.3534
1.5870
0.3016
0.0000
0.0000
0.2540
0.0000
1.3356
0.0000
0.4640
0.0000
0.0000
0.0000
0.0000
0.0000
0.0000
3.5638
1.1312
0.0000
0.0000
0.0000
0.0000
0.0000
0.0000
0.0000
0.0000
0.0000
0.0000
0.0000
0.0000
0.0000
0.0000
0.0000
0.4084
0.0000
0.0000
0.0000
1.6198
0.0000
0.9955
0.0000
0.0000
0.0000
0.6693
0.0000
1.8171
0.1457
0.0128
0.0000
0.4404
0.0000
2.4752
0.0000
0.0000
0.0000
0.0000
0.0000
0.0000
0.3510
0.2292
0.0000
0.0000
0.0000
0.0000
0.0000
0.0000
0.0000
0.0000
0.0000
0.0000
0.0000
0.0000
0.0000
1.6565
0.0000
0.0000
0.0000
0.0000
0.0000
0.4128
0.9340
0.0000
0.0000
0.0000
1.1748
0.0000
0.0000
0.4174
0.0000
0.0000
0.0000
0.0000
1.3225
0.0000
0.2017
0.0000
0.0000
0.9591
0.0000
0.0000
0.0000
0.0000
0.0000
0.0000
0.0000
0.5891
0.0000
0.0000
1.2072
0.0000
1.8312
0.0000
3.5907
0.0000
0.0000
0.0000
0.0000
0.0000
0.0000
0.0000
0.7447
0.0000
0.0000
0.0000
0.0000
0.0000
0.0000
0.0000
0.0391
0.0000
1.2267
0.0000
0.0000
1.3399
0.0000
0.6175
2.7057
0.0000
0.0000
0.0000
0.0000
0.6984
1.0490
0.0000
0.0000
0.9374
2.9162
1.6123
0.0000
0.0000
1.5335
0.0000
0.4246
0.0000
0.0000
0.0000
0.0000
2.5977
0.0000
0.0000
0.0000
0.7404
0.0000
1.0745
0.0000
1.9983
0.0000
0.0000
0.0000
1.9295
0.0000
1.4396
0.0000
0.0000
0.0000
0.0000
0.0000
0.0000
1.8207
0.0000
0.9602
1.6906
0.4867
0.0000
0.0000
0.6275
0.9623
2.0408
0.0000
0.0000
0.0000
0.0000
0.0000
0.0000
4.4168
0.0000
0.0000
0.0000
0.0000
0.0000
0.0000
2.6639
1.5932
1.2671
0.0000
0.0000
1.0697
0.1797
0.2367
1.0377
0.0000
0.0000
0.0000
0.0000
3.8919
0.9653
0.0000
0.0000
0.0000
0.0000
0.0000
1.6772
0.0000
0.0000
2.7869
0.0000
0.0000
0.0000
0.0000
2.1521
0.0000
0.0000
0.0000
0.0000
0.0000
0.0000
2.0533
0.0000
0.2872
0.0000
0.0188
0.0000
0.0000
4.6731
0.0000
2.2292
0.0000
0.8306
0.1099
0.0000
0.0000
0.0000
0.0000
0.0000
0.0000
5.1459
0.0000
0.0000
0.0000
0.0000
0.0000
0.0000
0.0000
0.0000
0.0000
0.0000
0.0000
0.0000
0.0000
0.0000
0.0000
2.0527
4.4604
0.0000
0.0000
0.0000
0.0000
0.0000
0.0000
0.0000
0.0000
0.0000
0.0498
2.4983
0.3726
0.0000
1.4971
0.0000
0.0000
0.0000
0.0000
0.0000
0.3330
1.1649
0.0000
0.0000
0.0000
0.0000
0.0000
0.4571
0.0000
4.8826
0.0000
2.6761
0.0000
0.0000
0.0000
0.0000
0.0276
0.0000
0.0000
0.8487
1.5629
0.0000
0.0000
0.4497
0.0000
1.6770
0.0000
1.1649
0.8256
1.9514
0.0000
0.1588
0.0000
0.0000
0.0000
0.0000
3.3111
0.0000
0.6105
0.7164
0.0000
0.4618
0.0000
0.0000
0.0000
0.0000
0.0000
0.7653
2.4511
1.0190
2.2891
0.9214
0.0000
1.0829
0.0000
0.0000
0.0000
0.0000
0.0000
0.0279
0.1503
0.0000
0.0000
0.1851
0.0655
0.0000
0.0000
0.0000
0.0000
0.0000
0.0000
0.0000
0.0000
0.5382
0.0000
0.0000
4.7992
0.0000
0.0000
0.0000
0.0000
0.7242
1.2163
0.0000
1.0617
0.0000
0.4703
0.0000
0.0000
0.0000
0.2051
2.2612
0.0000
1.2761
0.0000
0.0000
1.4992
0.0000
0.3133
0.0000
0.0000
0.0000
1.9422
0.0000
1.0681
0.0000
0.0000
0.0000
0.0000
0.5490
0.0000
0.0000
0.0000
0.0000
0.0000
0.0000
0.0000
0.6321
1.4917
0.0000
0.0000
1.0078
2.7065
0.9256
0.0000
0.0000
0.0124
1.3201
0.0000
0.0000
0.0000
0.0000
0.0000
0.0000
0.0000
0.0000
0.0000
0.6226
0.0000
1.6537
1.0369
0.0000
0.0000
0.0000
0.0000
2.2969
0.0000
0.0000
0.0000
0.0000
0.0000
0.9669
2.0188
0.0000
0.0000
0.2432
2.3012
0.8349
0.0000
0.0000
0.0000
0.0000
0.0000
0.4625
1.7074
0.0000
0.0000
0.0000
0.0000
0.0000
0.5583
0.5557
0.0000
0.4711
0.0000
0.0000
0.0000
0.0000
0.0000
0.1136
0.0000
0.0000
0.0000
0.0000
1.8255
0.0000
1.4422
0.0000
0.0000
0.0000
0.0000
0.0000
0.0000
0.0000
0.0000
0.0693
0.0000
0.0000
0.6007
0.0000
0.0000
0.0000
0.0000
0.0000
1.5586
0.6452
0.0000
0.0000
0.0000
0.0000
0.0000
0.1390
0.0000
1.7900
0.0000
0.0000
0.0000
0.0000
0.0894
0.0000
0.2044
0.0569
0.7682
0.0000
0.0000
0.0000
0.0000
0.0000
1.4169
0.0000
0.5260
0.0000
1.6785
1.3751
0.0000
0.0000
2.9538
0.0000
0.0000
0.0000
0.0000
0.0000
0.0000
0.8863
0.0000
0.0000
0.0000
0.0000
0.6262
1.0433
0.0000
0.0000
0.0000
0.0000
0.0000
1.9097
0.0000
0.0000
0.0000
0.3405
0.0000
0.0000
0.0000
0.0000
0.0000
0.0000
0.0000
0.0000
0.0000
0.0000
0.0000
2.8633
0.0000
0.0000
3.8232
0.6662
0.0000
0.0000
0.0000
0.0000
0.0000
0.0000
0.0000
0.0000
0.0000
1.7106
3.0538
0.5637
0.0000
1.6857
0.0000
0.0000
0.0000
0.7825
1.5263
0.0000
0.0000
0.0000
0.0000
2.8497
0.0000
0.0000
0.1913
0.3267
0.0000
0.0000
0.2331
0.0000
1.7862
1.7285
0.0000
0.0000
0.0000
0.0000
2.2308
2.1062
0.2200
0.0000
0.0000
0.0000
0.0000
0.0000
0.0000
0.0000
0.0000
0.0000
0.0000
0.0000
0.0000
0.0000
0.0000
0.0000
0.0000
0.0000
0.3971
0.0000
0.0000
0.0000
1.9085
0.0000
0.0000
0.0000
0.0000
0.0000
0.0000
2.5635
1.2394
0.0000
0.0000
0.0000
1.7822
1.0059
0.9845
0.4784
0.0000
0.3791
1.4967
0.0000
0.0000
0.0000
3.4983
2.6233
0.0000
0.0000
0.0000
0.0000
0.0000
0.3937
0.7322
1.3097
0.2118
0.0000
0.0446
3.3417
0.0000
0.0000
0.0000
0.0000
0.0000
0.0000
3.6167
0.0000
0.0000
0.0000
0.0000
0.1892
0.5645
0.0000
1.1025
0.0000
0.0000
0.0000
1.0910
0.0000
0.0000
0.0000
0.0000
0.0000
0.0000
3.9489
0.0000
2.7968
0.0000
0.2010
2.8924
0.0000
0.1573
0.0000
3.0680
0.0000
0.0917
0.0000
0.0000
0.0000
0.4794
0.0000
0.0000
0.0000
0.3490
0.0000
0.0000
0.0000
0.0975
0.0000
0.0000
1.9256
0.0000
0.0000
0.0000
0.3053
0.0000
0.0000
0.0000
0.6101
0.0000
1.7137
0.0000
0.0000
0.8607
1.6010
0.0000
0.0000
1.1942
0.0000
6.0393
0.0463
2.1065
0.0000
1.7446
0.0000
0.0000
0.0000
0.0000
0.0000
0.0000
0.0000
0.0000
1.4563
1.8309
3.9016
0.0000
0.0000
0.4395
0.0000
0.0000
0.0000
0.0000
0.0000
2.3253
0.0000
0.0000
2.1752
0.0000
0.0000
0.0000
1.4752
1.0919
0.0000
0.0000
0.0000
0.0000
0.0000
2.1734
1.2578
2.2294
0.0000
0.0000
0.7646
0.5275
2.5099
0.4271
0.0000
0.0000
0.0000
0.0000
1.2893
0.0000
0.0000
0.0000
0.0000
0.0000
0.2029
0.3481
0.5248
0.0000
0.0000
0.0000
1.5495
1.4266
3.3777
0.0000
0.0000
0.5553
1.5215
0.0000
1.3807
0.0000
0.0000
0.0000
0.0000
1.0536
0.0000
0.0000
0.0516
0.0000
4.8496
0.0000
0.6517
0.0000
0.0000
0.6973
0.4940
2.1801
0.6945
0.0000
0.0000
1.5156
0.8556
0.7387
0.0000
0.0000
0.0000
0.0000
0.0000
0.0000
0.0000
0.2444
0.1456
0.0000
0.0000
0.0000
0.0000
0.0000
4.6929
0.0482
0.3103
0.0000
0.9585
0.0000
0.0000
0.0000
0.0000
2.0033
0.0000
0.6123
1.6724
0.0000
3.2301
0.0000
0.5922
0.0000
0.8752
1.8548
0.0000
0.0000
0.0000
0.0000
0.0000
0.0000
0.0000
0.0000
0.0000
0.0000
0.0000
0.0000
0.0000
0.2419
0.0000
0.0667
0.0000
1.1386
0.0000
0.0418
0.0000
0.0000
0.8093
2.3208
3.2362
0.4984
0.7060
0.0000
0.0000
1.8878
0.0000
0.0000
0.0000
0.0000
0.5591
0.0000
4.8940
1.8550
0.0000
4.5364
0.0000
1.6629
0.2278
0.0000
1.2112
0.1628
0.0000
0.0000
0.0000
0.0000
0.0000
0.0000
0.5741
1.7496
0.8968
0.0000
0.0000
0.0000
0.0000
0.0000
1.9187
0.0000
0.7635
0.0000
0.0000
1.1280
0.0000
