0.2329
0.0000
0.0000
0.0000
1.1161
0.0000
0.0000
0.0000
0.0000
1.9640
1.6041
0.0000
0.6744
0.2825
0.0000
0.0000
0.0000
0.0000
0.0000
0.0000
0.0000
0.0000
2.2169
0.9222
1.4177
1.2320
0.0000
1.9977
0.0000
0.0000
0.0000
0.0000
1.3702
0.0000
1.4578
0.0000
0.0000
0.0000
2.2648
1.9692
0.0000
0.4757
0.0000
0.0000
0.0000
0.0000
0.0000
0.0000
0.2744
0.0000
0.0000
0.0000
0.0000
0.0000
0.0000
0.0000
0.8915
0.0000
0.0000
0.0000
0.0000
1.7176
0.0000
1.4955
0.0000
0.0000
0.0000
0.0000
0.1029
0.0000
0.0000
3.6245
0.0000
0.0000
0.0000
1.3867
0.0000
0.0000
0.0000
0.0000
0.0000
0.0000
0.0000
0.0000
0.0000
0.0000
0.2859
2.3500
0.3428
0.0000
0.2792
0.0000
1.3185
0.6305
0.0000
0.0000
0.0000
0.0000
2.4871
0.0000
0.0000
0.0000
2.1239
0.0000
0.3946
0.9923
0.0000
0.0000
0.0000
2.7936
0.0000
0.0000
0.0000
0.0000
0.0000
0.0000
0.7460
0.0000
0.0000
0.0000
2.3608
0.2883
1.7189
0.0000
0.0000
0.0000
0.0000
1.0398
0.0000
0.0153
0.0000
0.0000
0.2856
0.0000
1.9671
0.0000
0.4847
2.1727
0.0000
2.3811
1.6895
0.0000
2.1626
1.2747
3.0970
0.0000
0.0000
1.5206
1.2392
0.0000
0.0000
1.6597
1.1763
0.7808
0.0000
0.0000
0.0000
0.0000
0.8750
0.0000
0.0000
0.0000
0.5085
0.0000
0.0000
1.0253
0.0000
0.0000
0.0000
1.9051
0.0000
0.0000
0.0000
0.0000
0.0000
0.0000
0.0000
0.6522
0.0000
4.4399
0.4112
3.2244
0.0000
0.0000
0.0000
0.0000
1.4889
1.8209
2.1323
0.2907
0.0000
0.0000
0.0000
0.0000
1.6110
0.0000
0.0000
0.0000
1.9718
1.9474
0.0000
0.0000
0.0000
0.0000
0.0000
0.0000
0.0000
1.0170
0.0000
0.0000
0.0000
0.0000
0.0000
0.1950
0.0000
0.0000
0.0000
0.0000
0.0000
0.0000
0.0000
0.0000
0.0000
0.0000
1.4463
0.0000
0.0000
0.1750
0.0000
0.8142
0.0000
0.0000
0.0000
0.0000
2.2309
0.0000
1.5941
0.0000
0.9074
0.0000
0.0000
0.0000
0.0000
0.0000
0.0000
0.6089
0.0000
0.0000
0.0000
0.0000
0.0000
0.0000
0.0000
0.0000
0.0000
1.8696
0.0000
0.0000
1.5186
0.0000
0.0000
0.0000
0.0000
0.0000
0.0000
0.0000
0.5788
0.0000
0.0000
0.0000
1.6509
0.0000
0.0000
0.9780
0.8079
0.0000
0.7917
1.1274
0.0000
0.0000
1.9293
0.0000
1.8392
0.0000
0.0000
1.7080
0.0000
0.0000
0.0000
0.0000
0.0000
0.0000
0.0000
0.0000
2.6458
0.0000
0.0000
1.8491
0.0000
3.0722
0.0000
0.0000
0.0000
0.0000
0.0000
0.0000
0.0000
0.0000
0.0000
0.0000
0.0000
1.4305
0.0000
1.2698
1.6788
0.0000
0.0000
0.0000
0.0000
1.7005
0.0000
2.5675
0.0000
0.5788
0.0000
1.8404
0.0000
0.5488
0.0000
1.4368
0.0000
0.0280
0.0000
0.0000
0.0000
3.1700
1.3721
0.0000
0.0000
3.1482
0.0000
0.0000
0.0000
0.0000
0.0000
3.1688
0.0000
0.0000
0.0000
0.0000
0.0000
3.7456
1.0123
0.0000
0.0000
0.0506
0.9854
0.0000
0.6980
0.0000
0.0000
0.0000
0.0000
0.0000
0.0000
0.0000
0.0000
0.0000
0.7482
0.0000
0.0000
0.6528
0.0000
0.0000
0.0457
0.0000
0.0000
0.3341
0.0000
0.0000
3.0316
0.0000
1.4147
0.0000
0.0000
0.0000
0.2010
0.0000
0.0000
0.0000
2.2953
0.0000
0.0000
0.0000
0.0000
1.7298
0.0000
0.0000
0.5006
0.1829
0.0000
0.0000
0.0000
0.0000
0.0000
1.2835
0.0000
0.0000
2.9772
0.0000
0.0000
0.0000
0.0000
4.2571
0.0000
1.1466
0.0000
0.4351
0.3288
0.0000
0.0000
0.0000
0.0000
0.0000
0.0000
0.0000
0.0000
0.5325
0.0000
0.0000
0.0000
0.0000
0.0000
0.0000
0.0000
0.0000
0.1849
0.0000
2.0266
0.0000
2.9544
0.4346
0.4844
0.0000
3.1694
1.0185
0.0000
0.8290
1.6778
0.8363
0.0183
0.0000
0.1401
0.0000
0.0000
0.0412
0.0000
1.2502
0.4841
0.0000
1.0388
0.0850
0.9822
0.0000
0.0000
0.0000
0.0000
0.0000
0.0000
0.0000
0.0000
1.3614
0.0000
1.0132
0.0000
1.4023
0.5565
0.0000
0.5516
0.0000
0.2229
0.0000
1.3734
1.2774
1.4429
1.3699
0.0000
2.1730
0.0000
1.1307
0.0000
0.0000
0.0000
0.0000
2.5739
0.0000
0.0000
0.0000
0.4265
0.0000
0.0000
0.0000
2.6882
0.0000
0.0000
0.0000
0.0000
0.0000
0.0000
1.6004
0.0000
1.3300
0.0000
0.0000
0.0000
0.0000
0.0000
0.0000
7.0406
0.0000
2.3660
0.4239
0.0000
1.3762
0.0000
0.0000
0.1075
0.0000
0.0000
0.0000
1.6901
1.4474
0.7266
0.0000
0.0000
2.0909
0.0000
0.0000
0.9633
0.0000
0.0000
0.0000
0.0000
0.0000
0.0000
0.0000
0.0000
0.6193
0.2999
0.0000
0.0000
0.5454
0.0000
0.0000
0.0000
0.0000
0.0000
0.0000
0.0000
0.0000
0.5989
0.5275
0.0000
0.0000
0.0000
0.7085
0.0000
0.0000
0.0000
0.0000
0.0000
0.0000
0.0000
0.0000
0.0000
0.0000
0.0000
0.0000
0.0000
1.5825
0.0000
0.0000
0.0000
0.0000
0.0000
0.0000
0.0000
0.0000
2.5759
0.0000
0.0382
0.0000
0.0000
0.0000
0.0000
0.0000
0.0000
0.0000
1.7575
0.0000
0.0000
3.2357
0.0000
0.0000
0.0000
0.4253
3.4387
0.0000
0.2345
0.0000
0.0000
0.0000
0.0000
4.4039
0.0000
2.7424
1.1192
0.0000
0.0000
0.0000
2.1077
0.0000
0.7955
0.0000
0.0000
1.5103
0.0000
1.2455
0.0000
0.0000
0.0000
0.0000
0.0000
0.0000
2.2103
1.6288
0.0000
0.1416
0.0000
0.0000
0.1877
0.5444
0.0000
0.0000
0.7126
0.0000
0.0000
0.0000
0.1922
0.0000
0.0000
0.0000
1.7828
0.0000
0.0000
0.0000
0.0000
0.0000
0.0000
0.0000
0.0000
1.7614
2.0631
0.0000
0.0000
0.0000
0.0224
0.0000
0.0000
0.0000
0.5194
0.0000
0.0000
0.0000
0.0000
0.0000
0.0000
0.0000
0.0000
0.0000
0.0000
0.2042
0.0000
0.0000
0.0000
0.7460
0.0000
0.1349
0.0000
1.8156
0.8687
0.0000
2.4434
0.0000
0.0000
0.0000
0.0000
0.0000
0.0963
0.0000
1.6599
0.0000
0.0000
0.2037
0.0000
0.0000
0.0000
0.0000
0.1939
0.2186
0.0000
3.7885
0.0000
0.0000
0.0000
0.0000
0.0000
0.3685
0.0000
0.0000
0.0000
0.0000
1.5115
0.8205
0.0000
0.0000
0.0000
0.0000
0.0000
0.9168
0.0000
0.0000
0.0000
0.7417
0.0000
0.0000
0.0000
0.1094
0.0000
3.4586
0.2251
0.0221
0.0000
0.0000
0.0000
0.0000
0.1481
0.5502
1.4026
0.0000
0.0000
0.0000
0.0000
0.0000
0.0000
0.0000
0.0000
0.0000
0.2355
0.0000
0.0000
0.0000
1.9718
0.0000
0.0000
2.4759
0.0000
0.2234
0.0000
0.0000
1.0488
0.0000
0.0000
0.0000
0.0309
0.0000
0.0000
0.0000
0.2705
0.0000
0.0000
0.0000
0.0000
0.0000
0.0000
0.0000
0.0899
0.0000
0.0000
0.0000
1.0093
0.0000
1.8040
1.1444
0.0000
0.0000
0.0000
0.0000
0.0315
0.0000
0.0000
0.1680
3.4501
0.4658
0.0000
0.0000
0.0000
0.0000
0.0000
0.0000
1.1441
0.0000
0.0000
0.7168
0.0000
0.0000
2.0465
0.0000
0.0000
1.5461
0.7806
0.0000
0.9474
0.0000
0.0000
0.0000
0.0000
0.0000
0.0867
0.0000
1.4022
0.0000
0.0000
0.0000
0.0000
0.0000
0.7999
0.0000
0.0000
0.0000
0.0000
0.0000
0.0000
0.9580
0.0000
0.0000
0.0000
0.0000
0.6977
0.0000
0.0000
0.4709
0.0000
0.0000
0.0000
0.0000
0.0000
0.0000
0.0000
1.0455
0.0126
0.0000
0.0000
1.5295
0.1733
0.0000
0.8689
0.0000
0.0000
0.0000
0.0000
0.0000
2.7280
0.0000
0.0000
0.1547
0.0000
2.4540
0.0000
0.0004
0.0000
0.0000
0.0000
0.0000
0.0000
0.0000
0.0000
0.0000
0.0000
0.0000
0.7222
0.0000
0.1610
0.0000
0.0000
0.0000
0.0000
1.3983
2.0701
0.0000
0.0000
0.0000
0.0000
0.0000
0.0000
0.0000
0.0000
0.0000
0.0000
1.1830
0.0000
0.0000
2.7822
0.0000
0.0000
0.0000
0.0000
0.7293
0.0000
0.0000
0.0000
0.0000
0.6152
0.0000
0.0000
3.5393
1.4792
0.6747
0.0000
0.0000
0.0000
0.0000
0.0000
0.0000
0.5212
1.1050
0.0000
0.0000
0.0000
0.0000
0.6973
0.0000
0.0000
0.1461
0.8828
1.6250
0.0000
0.0000
0.0000
4.0049
0.0000
0.3869
0.0000
0.0000
0.0000
0.0000
1.5702
0.0000
0.0000
0.0000
0.0000
0.2864
0.0000
1.2771
0.0000
0.0000
0.0000
0.7638
1.7044
0.0000
0.7693
0.0000
0.0000
0.0000
0.0000
0.0000
1.0092
0.0000
0.0000
0.0000
0.0000
1.4589
0.0000
0.0000
3.0774
1.2756
1.9249
0.0000
0.0000
0.0000
0.1072
0.0000
0.0000
0.0000
0.0000
0.2184
0.0000
0.0000
0.0000
2.3206
0.0000
0.0000
0.0000
0.0000
0.0000
1.7834
0.0000
0.0000
0.0000
1.4194
0.0000
2.4529
0.0000
4.2922
0.0000
0.0000
1.3416
1.3794
0.0000
0.6844
0.0000
2.3857
0.0000
0.0000
0.0000
1.4424
1.9203
0.8812
0.0000
0.5832
0.8106
0.0000
2.0287
0.0385
0.0000
0.1460
1.3379
0.0000
1.4560
0.0000
0.0000
1.0672
0.0000
0.0000
0.0000
0.0000
2.2912
0.0000
0.0000
0.0000
0.0000
0.0000
0.0000
0.0000
0.0000
0.0000
0.0000
0.0000
0.0000
0.0000
3.8682
0.0000
2.7218
0.0000
0.3770
2.0535
0.9617
0.0000
0.0000
0.0000
1.1008
0.0000
0.0000
0.1459
0.0000
0.0000
0.5694
0.0000
0.0000
1.5448
0.0000
0.0000
0.0000
0.0000
0.0000
0.1812
0.0000
0.9954
0.0000
0.0000
0.1943
1.6203
0.0000
0.0000
2.2394
0.0000
0.0000
0.3689
0.0000
1.2394
0.0000
0.1786
0.0000
0.0000
0.5964
0.0000
0.0000
0.0000
0.0000
0.6911
0.0000
0.0000
0.5058
0.0000
1.0832
0.0000
0.0000
0.0000
0.0000
0.0000
0.0000
0.0000
0.0000
0.0000
0.7555
0.0000
0.4401
0.0000
0.0000
0.0000
0.0000
0.1788
0.0000
0.0624
0.0000
0.0000
0.0000
0.0000
0.0000
0.0000
2.2793
0.0000
0.0000
0.0000
0.5288
0.2367
2.6474
0.0000
0.0000
0.0000
0.0000
2.3658
0.6966
0.0000
0.0000
0.0000
1.1772
0.0000
0.0000
0.0000
0.0000
0.0000
0.0000
0.0000
0.0000
0.0000
1.5315
0.3487
0.0000
0.0000
2.1388
0.1922
0.0000
1.6787
3.1453
0.3341
0.0000
0.3915
0.0000
0.0000
0.0000
1.3554
0.0000
0.0000
0.0000
0.0000
0.0000
0.0000
1.0701
0.0000
0.9272
1.7962
0.0000
0.0000
0.6265
0.0000
0.0000
0.0000
0.0000
0.0000
2.9647
0.7694
0.0000
0.0000
0.0000
0.0000
0.7970
0.0000
0.0000
0.0000
3.5517
0.0467
2.7744
0.0000
0.1468
0.0000
0.0000
0.0000
0.0000
0.0000
0.0000
0.0000
0.0000
4.8678
0.0000
0.0000
0.0000
0.0000
0.0000
0.0000
0.0000
0.0000
0.0000
0.0000
0.0000
0.0000
0.0000
0.0000
0.0000
0.0000
0.0000
0.0000
0.0000
0.0000
0.0168
0.0000
0.0000
0.0000
3.1941
0.2398
0.0000
0.0000
2.9564
0.0000
0.0000
0.0000
0.0000
1.2272
0.0000
0.0000
0.0000
0.0000
0.0000
0.1035
0.0000
0.0000
0.0000
0.0000
0.0000
0.0000
0.0000
0.6882
3.5122
0.0000
0.7892
0.6244
1.2262
0.0000
0.3550
0.6028
0.0000
0.0000
0.0000
0.0148
0.0000
0.0530
0.8885
0.0000
0.0000
0.0000
0.0000
0.5798
1.1593
0.0000
0.0000
0.0000
1.7024
0.0000
0.0000
0.0000
0.0000
0.0000
1.0942
0.0000
0.0000
0.0000
0.0000
0.0000
0.0000
0.0000
0.0000
0.0000
0.5894
0.0000
0.0000
1.0200
0.0000
0.0000
0.0000
1.3597
0.0000
0.2952
0.0000
0.0000
0.4210
0.5605
0.0000
0.3725
0.0000
0.0000
0.0000
0.0000
0.0000
1.1670
0.5398
1.4570
0.0000
2.0967
0.0000
0.0000
0.0000
0.0000
0.0000
0.0000
0.0000
0.0000
0.0000
0.0000
0.0000
0.0000
0.0000
0.0554
0.0000
0.0000
0.0000
0.0000
0.0000
0.0000
0.0000
0.0000
0.0000
0.0000
1.1409
0.0000
0.0000
0.0000
0.6246
0.0000
1.1651
3.5021
0.0000
2.3440
0.0000
0.0000
0.0000
0.0000
0.0000
0.0000
0.6860
0.0000
0.0000
0.0000
1.4494
2.9372
0.0000
0.0000
0.0000
0.6447
0.0000
0.0000
1.5466
0.0000
1.7137
0.0000
0.0000
0.1296
0.1650
1.8867
0.6770
3.7888
0.0000
0.0000
0.0000
0.0000
0.0000
0.2670
0.0000
0.0000
0.0000
0.0000
0.0000
0.0000
0.0478
1.0512
0.0000
0.0000
0.0000
1.8963
0.0000
0.0000
0.0000
1.8364
0.0000
0.0000
0.4066
1.1891
0.0000
1.8777
0.0000
0.0000
1.3061
2.1782
0.0000
0.3311
0.0000
1.2872
0.0000
0.0000
0.6355
0.0000
0.0000
0.0819
0.0000
0.0000
0.0000
0.0000
0.8964
1.4525
0.0000
2.2156
0.0000
0.0000
0.0000
0.0000
0.0000
0.0000
0.0000
0.0494
0.0000
0.0000
0.0000
0.0000
1.6160
0.0000
0.0000
0.0000
0.0000
1.3091
0.0000
0.0000
0.0000
0.0000
0.0000
0.0000
0.0000
0.0000
0.5298
0.0000
0.1015
0.0000
0.0000
0.0000
0.0000
0.0000
0.0000
0.2841
4.2878
0.8561
0.0000
1.4791
0.0000
0.0000
0.0000
0.6134
0.0000
1.2411
0.0000
0.0000
0.0000
0.0000
0.0000
0.0000
1.9770
0.0000
0.0000
0.4195
0.0000
0.0000
0.0000
0.8642
0.1127
0.0000
4.8255
1.9433
0.4637
0.0240
0.0000
0.0000
0.0000
2.5408
1.0586
0.0000
0.0000
0.0000
0.0000
1.1240
0.0000
0.0000
0.0000
0.4056
0.0000
0.2997
0.0000
0.0000
0.0000
0.0000
0.0000
1.0109
0.0000
0.6226
0.0000
0.0000
0.0000
0.0000
0.0000
0.0000
0.0000
0.9806
0.0000
0.0000
0.0000
1.8323
0.0000
0.0000
0.0000
0.0000
0.3565
0.0000
0.0000
0.0223
0.9146
2.0488
0.0000
3.0249
0.0000
0.0000
0.5029
0.9081
0.9771
2.4550
0.0000
0.0000
0.0000
0.4873
0.0000
2.4481
1.0081
0.0000
0.0000
0.0000
0.0000
0.0000
0.0000
0.0000
0.0000
0.0000
0.1878
0.0000
0.0000
1.1997
0.0000
0.6339
0.0000
0.0000
1.6408
0.2174
0.0000
0.0000
0.4209
1.0454
0.0000
0.0000
0.0000
1.5086
0.0000
1.7426
0.0000
0.0000
0.0000
0.0000
0.0000
0.0000
0.0000
0.0000
0.0000
0.8184
0.0000
0.0000
0.1544
2.3827
0.0000
0.2278
1.2567
0.0000
0.0000
0.0000
0.0000
0.8998
0.0000
0.0000
0.0000
0.0000
0.0000
0.0000
0.4565
0.0000
0.0000
0.0000
0.0000
0.0000
0.0000
0.0000
0.0000
0.0000
0.0000
0.0000
1.2854
0.0000
0.0000
0.0000
1.0910
0.0000
0.0000
0.0000
0.3301
0.0000
1.2414
0.0000
0.0070
0.4785
1.9841
0.0000
0.0000
0.0000
0.0000
1.0395
0.0000
0.0000
0.0000
0.0000
0.0000
0.0000
1.6475
0.0000
1.0638
0.0000
1.4950
0.8783
0.0000
0.0000
0.0000
0.0000
0.0000
0.0000
0.0000
0.0000
0.0000
0.0000
2.1707
0.0000
0.0000
0.0000
0.0000
0.0000
0.0000
0.0000
0.0000
0.0000
0.2793
0.0000
0.0000
0.0510
0.0000
0.2477
0.0000
1.0555
0.0000
0.3818
0.0000
1.4895
0.0000
0.0000
0.0000
0.0000
0.0000
1.5584
1.7740
1.0284
0.0000
1.1510
0.0000
2.0647
0.0000
1.4084
0.0000
0.0000
0.8517
0.0000
0.0000
0.0000
0.0000
0.2287
0.0000
0.0000
0.7708
0.8102
0.7782
3.4494
0.0000
0.0000
0.0000
0.0000
0.0000
0.0000
0.0000
1.7457
0.0000
0.0000
2.0277
0.0000
0.1117
0.1257
0.8091
0.0000
0.2040
2.0493
2.0473
0.0000
0.0000
0.0000
2.5995
1.4423
0.0000
0.2615
0.7067
0.5962
1.5890
0.0000
0.0000
0.0000
0.0000
0.0000
0.2853
0.0000
2.1635
0.0000
0.0000
3.2889
0.0000
2.6393
0.0000
0.0000
0.0000
0.0000
0.0000
0.0000
0.1992
0.2740
0.2475
0.0000
2.6734
0.0000
1.5519
0.0000
0.3330
0.0000
0.6478
0.0000
0.0000
0.0000
1.1538
0.9981
0.0000
0.0000
2.0736
0.0000
0.0000
4.0913
0.0000
0.0000
0.1290
0.0000
0.0000
0.0000
0.0000
0.2006
0.0000
0.0000
0.0000
0.0000
0.0000
2.7079
0.0000
0.0000
0.0000
0.0000
2.0957
0.0000
2.8991
0.7826
0.8691
0.0000
0.0000
0.1082
0.0000
0.0000
0.0000
2.3832
0.0000
0.4908
0.2228
0.0000
0.0000
0.0000
0.0000
0.0000
0.0000
0.0000
0.0000
0.0000
0.7708
0.0165
0.0000
0.0000
0.0000
1.0219
0.0000
0.0000
0.0000
0.0000
0.0000
0.0000
0.0000
0.0000
0.0000
0.4236
0.0000
1.9623
0.0000
0.0000
0.0000
0.6118
0.0000
0.0000
0.0000
0.0000
0.0000
0.0000
0.3660
0.0000
0.9097
0.0000
0.7997
0.0000
0.0000
0.0000
0.0000
0.9850
0.0000
0.0000
0.0000
3.2979
0.0000
1.3674
0.0000
0.0000
0.0000
0.6357
0.0000
0.0000
0.0000
0.0000
0.0000
0.0000
2.1910
2.9872
0.0000
0.0000
0.0000
0.5821
0.0000
0.8614
0.0000
0.6414
0.0000
1.7939
0.0000
0.0000
0.0000
0.0000
0.3630
0.9090
0.0000
1.9909
0.0000
0.0000
0.0675
0.0000
4.1096
1.0702
0.0000
0.0000
0.0000
0.0000
0.0000
0.0000
0.0000
0.0000
1.8253
0.0000
0.0000
1.3742
0.0000
0.0000
0.0000
0.0000
0.4284
0.0000
0.0000
0.9830
0.3368
0.0000
0.5753
1.6825
0.7248
0.6050
1.0048
0.0000
0.0000
0.0000
0.0000
0.0000
2.2759
0.0000
0.0000
2.4362
1.1782
0.0000
0.0000
0.0000
1.6316
0.5337
0.0000
1.2612
1.5038
0.0000
0.0000
0.0000
0.0000
0.4943
0.0000
0.0000
0.0000
0.0000
0.2961
1.8857
0.0000
1.2154
0.0000
0.0000
0.0000
0.0000
0.8519
0.0000
0.0000
0.0000
1.7550
0.7598
0.0000
0.0000
0.0682
0.0000
0.0000
1.2813
0.3913
0.0000
0.0000
0.0000
0.0000
1.2380
2.2886
0.4267
0.2226
0.0000
0.0000
0.0000
3.0103
0.0000
0.0000
0.0000
0.0000
0.8175
0.0000
0.0000
0.0000
0.0000
0.0000
0.0000
0.0000
0.7154
0.0000
0.0000
0.0000
1.1819
0.0000
2.3599
0.0000
0.0000
0.2661
0.4830
0.0000
1.9177
0.0000
0.0000
0.0000
2.1704
0.0000
0.0000
0.0000
0.0000
0.0000
0.0000
0.0000
0.0000
0.0000
0.0000
0.0000
0.0000
0.6201
0.0000
3.6680
0.0000
0.5901
0.0000
0.0000
0.0000
0.0000
0.0000
2.0875
0.0000
0.0000
0.0000
0.0000
0.1948
0.0000
0.0000
0.0000
0.0000
0.0000
1.0991
0.0000
0.4248
0.0000
0.7211
0.0000
0.0000
1.6655
0.0000
0.0000
0.0000
0.0000
0.4016
0.0000
0.0000
0.0000
0.0000
0.0000
1.6493
0.0000
2.7829
0.0000
0.3360
0.0000
0.0000
0.0000
0.0000
0.0000
0.3184
0.0000
0.7580
0.0000
1.2289
0.0000
2.7738
0.1583
0.0000
0.0000
0.0000
0.0000
0.9183
0.0000
0.8377
1.9052
0.0000
0.8629
0.0000
0.0000
0.0000
0.0000
1.8262
0.0000
0.0000
0.0000
0.0337
0.0000
0.0000
0.0000
0.0000
0.0000
0.0000
0.0000
0.0000
0.4455
0.0000
0.9103
1.5341
2.4044
0.0000
1.8747
0.3088
0.6858
0.0000
0.0000
0.0000
0.0000
1.8981
0.4202
1.1888
0.0000
0.0000
0.0000
0.8369
0.3427
0.0000
0.0000
0.0000
0.0000
0.0000
0.0000
0.0000
0.0000
0.0000
0.0000
0.0000
2.0196
1.6562
0.0000
0.0000
0.0000
0.0000
0.0000
0.0000
0.2701
0.0000
0.4338
0.0000
0.0000
0.0000
1.2362
0.2822
0.0000
0.0000
0.0000
0.0000
0.0000
0.0000
0.0000
0.0000
0.0000
0.0000
0.0000
0.0000
0.0000
0.2358
0.0000
0.0000
0.7813
0.6618
0.0817
0.0000
0.0000
0.0000
3.2911
0.0000
0.0000
0.0000
1.5105
0.0000
0.0000
1.9559
0.0000
0.0000
0.0000
2.4724
1.4207
0.0000
1.5437
0.0000
0.0000
3.8331
0.0000
0.0000
0.0000
0.9107
0.0000
0.5963
1.1439
0.0000
0.1725
0.0488
0.0000
0.5788
0.0000
0.0000
0.0000
0.0000
1.2033
0.0000
0.0439
0.0000
0.0000
0.0000
0.0000
0.0000
0.4256
0.0000
0.3307
0.0000
0.3048
0.0000
0.0000
0.0000
0.0000
0.0000
0.9019
0.0000
0.2717
1.7587
0.0000
0.0000
1.2413
0.0000
1.9957
0.0000
0.0000
0.3737
0.0000
0.0000
0.0000
0.0000
0.0000
0.0000
0.0000
1.1117
0.0000
0.0000
0.0000
0.0000
0.0000
2.2428
0.0000
0.0000
0.0000
0.0000
0.0000
0.6261
0.0000
0.0000
0.0000
0.0000
0.3224
0.0000
0.6511
0.7439
0.0000
0.0000
1.0392
0.0000
0.0000
1.1613
0.0000
0.0000
0.0000
0.0000
0.3393
1.2928
0.8052
0.0000
0.0000
0.0000
3.4256
5.4652
0.0000
0.0000
0.7950
0.0000
0.0000
0.0000
0.0000
0.0000
0.0000
0.0000
0.0000
0.0000
0.0000
0.0000
0.0000
0.0000
0.0000
0.0000
0.0000
0.0000
2.0635
0.0000
0.0000
0.0000
0.0000
0.0000
1.8927
0.0000
0.0000
1.4401
0.0000
0.0000
0.6322
0.0370
0.0000
0.0000
1.6744
0.0000
0.0000
0.0000
2.6614
0.0000
0.0000
1.5004
0.0000
0.0000
0.0000
0.5263
0.0000
1.4152
0.0000
0.0000
2.6368
0.7949
0.0000
0.0000
0.0000
0.4251
0.0000
0.0000
0.4446
0.0088
0.0000
0.0000
0.3326
0.0000
1.2512
0.5537
0.0000
1.0262
0.0000
0.0000
0.0000
0.0000
0.0000
1.1639
0.0000
0.0000
0.0000
0.0000
0.0000
0.0000
0.0000
3.9191
0.0000
0.0000
1.8295
0.0000
0.0000
0.0000
0.0000
0.0000
0.0000
1.0302
0.0000
0.0000
0.1287
0.0000
0.0000
0.0000
0.0000
0.0000
0.0000
0.0000
0.0000
0.0000
0.0000
0.0000
1.7554
0.0000
0.0000
0.0000
0.0000
0.0000
0.0000
3.3167
0.0000
0.1276
0.0000
0.0000
0.0000
0.0000
0.2602
0.0000
0.0000
0.2798
0.5993
0.0000
0.0000
0.0000
0.0000
0.0000
0.0000
0.0000
4.0188
0.0000
0.0000
0.0000
0.0000
4.2649
0.8891
1.1575
0.0000
0.0000
0.0000
0.1871
0.0000
0.0000
0.0000
0.0000
0.0000
0.0000
0.0000
0.0000
0.0000
0.0000
0.0000
1.4184
0.0000
0.0000
0.0000
0.0000
0.0000
0.0000
0.0000
0.0000
0.9996
0.0000
0.1754
0.7776
0.0000
0.0000
1.4517
0.0000
0.7033
0.0000
0.0000
1.7354
0.1378
0.0000
3.4977
0.0000
0.0000
0.0000
0.0000
0.0000
0.0000
0.0000
0.7590
0.0000
0.0000
1.2389
0.0000
0.0000
0.1011
0.7905
0.0000
0.0000
0.0000
0.0000
0.0000
0.2402
0.0000
0.0000
0.0000
0.0000
0.0000
0.9581
0.0000
0.8833
0.0000
0.0000
0.0000
0.0000
1.9758
0.0000
0.3712
0.0000
0.0000
3.3805
0.0000
0.0000
0.0797
0.0000
0.0000
0.0000
0.7873
2.0607
0.0000
0.0000
0.0000
0.0000
0.0000
0.0000
0.0000
0.4770
0.0000
1.3813
0.0000
0.0000
1.4202
0.0000
2.0867
0.0000
0.0000
0.0000
0.0000
0.8706
0.0000
1.2934
0.6057
0.3081
0.0000
3.9262
0.6797
0.0000
0.0667
0.0000
2.1003
0.0000
1.3267
0.0000
0.0000
0.0000
0.0000
0.0000
1.9163
0.0000
0.0000
1.1213
0.0000
0.0000
0.0000
1.2883
0.3051
0.0000
0.0000
2.3116
0.0000
0.0000
0.0000
1.6371
0.4332
0.0000
0.0000
0.0000
0.5173
0.0000
0.0000
0.0000
2.4085
1.7197
3.7709
0.0000
1.9439
2.7563
0.0000
0.0000
0.0000
0.0000
0.0000
0.0000
0.8586
0.0000
0.0000
2.6838
0.0000
0.0000
0.0000
0.0000
0.0000
0.0741
0.0000
0.7059
0.0681
0.0000
0.0000
0.9062
0.0888
1.5943
0.2232
0.0000
0.0000
0.9872
0.0000
2.0432
0.0000
0.0000
2.7969
0.1463
0.3281
0.3451
0.0000
0.6206
4.1944
0.0000
0.8851
0.0000
0.0000
0.0000
0.0000
0.0000
0.0000
0.0000
1.8056
1.4950
0.0000
0.0000
0.0000
0.0000
0.0000
0.5272
0.0000
0.0000
0.0000
0.0000
0.0000
0.0000
0.0000
0.0000
0.0000
0.8163
0.8534
0.0000
0.0000
1.6470
0.0000
0.0000
0.0000
2.1066
1.4384
1.7326
0.9735
0.0000
0.0000
0.9399
0.0000
0.0000
0.0000
0.0000
0.3273
0.0000
0.9847
0.0000
0.0000
4.3167
0.0000
0.0000
0.5505
0.0000
0.0000
0.3742
0.0100
0.0000
0.0000
0.0000
0.0000
0.0401
1.0582
0.0000
0.0000
0.0000
0.8892
0.0000
1.5718
2.8117
0.0000
0.0000
0.2466
0.0000
0.0000
0.0000
1.0898
0.0000
0.5662
0.0000
0.0000
0.6862
0.0000
0.0000
0.0000
0.0000
0.0000
0.0000
1.5718
1.7835
0.0000
0.0000
2.9213
0.0000
0.0133
0.0000
0.1248
0.0000
0.8811
0.0000
0.0000
0.0000
0.6628
0.0000
0.0000
0.6579
0.0000
0.0317
0.0000
0.0000
0.1355
0.8384
0.0000
0.0000
2.3399
2.4636
0.1726
0.0000
0.0000
0.0000
0.0000
1.0138
0.0000
0.0000
0.0000
0.0000
0.0000
0.3312
0.0000
2.0999
3.1330
0.0000
0.0000
0.0000
0.0000
3.6057
0.0000
0.0000
0.0000
0.0000
0.0000
0.0000
0.0000
0.0000
0.3283
0.0000
0.0000
0.0000
0.1054
1.6876
0.0000
0.0000
0.5563
0.0000
0.0000
0.6891
0.0000
0.0000
0.0000
0.0000
4.7733
0.4956
0.0000
0.0000
1.9747
0.0000
0.0000
0.0000
1.6696
0.5121
0.0000
1.1742
3.3358
0.2707
0.0000
0.0000
0.0000
0.0000
0.0000
0.2227
1.3795
0.0000
0.0000
7.0402
1.4811
0.4371
0.0000
0.0000
0.0000
0.0000
0.0000
0.0000
0.1428
0.0000
0.0000
0.0000
0.0000
0.0000
0.0000
0.6769
0.0000
0.0000
0.0000
0.0000
0.0000
0.4194
0.0000
0.0000
0.4339
0.1043
0.0647
0.0000
0.0000
1.5095
0.0000
1.7289
2.2446
0.0000
0.0000
0.0000
0.0000
0.0000
0.0000
0.0000
0.8576
0.0000
0.0000
0.0000
0.0000
0.0000
0.0000
0.0000
0.0000
3.8930
0.0000
0.5903
1.0003
0.0000
0.1664
0.0000
0.0000
0.0000
0.0000
0.0000
0.0000
0.0000
0.0000
0.0000
0.5134
0.0000
2.4371
2.2495
0.0000
0.0000
0.0000
0.0000
1.3063
0.0000
0.0000
0.0000
0.0000
0.0000
0.7510
0.0000
0.0000
0.0000
0.0000
0.7124
0.0000
0.0000
0.0000
0.0000
0.1529
0.0000
0.0000
0.3998
1.1035
0.0000
0.0000
1.6236
0.0908
0.0000
3.8681
0.0407
0.6387
1.7203
1.2668
0.0000
0.0076
0.0000
0.0000
1.3495
0.0000
0.0000
0.0000
0.3584
0.0000
0.0000
0.0000
0.0000
1.7218
0.0000
2.4377
0.0000
1.5750
0.0000
0.0000
0.3382
2.4660
2.8913
0.0000
0.0000
0.0000
0.0000
0.0000
0.7020
0.0000
0.1896
0.0000
0.0000
1.1383
0.0000
0.0000
2.9612
0.0000
0.0000
2.8176
0.0000
0.4662
0.0000
0.0000
0.0000
0.0000
3.5953
0.0000
0.0000
0.0000
0.0000
0.0000
1.9788
0.0000
0.7060
0.8591
0.0000
0.0000
0.0000
0.0000
0.0000
0.0000
1.0854
0.0000
0.0000
0.0000
0.0000
0.0000
3.2080
0.0000
0.0000
0.0000
0.0000
0.0000
1.4143
0.9672
0.0737
0.0000
0.0000
0.0000
0.0000
0.0000
0.0000
0.0000
1.8542
0.0000
0.0000
2.0904
0.0000
0.0000
0.8017
0.0000
0.0000
0.0000
0.0000
0.7586
0.0000
0.0000
0.2362
0.0000
2.1721
0.7044
2.1418
0.0000
0.0000
0.0000
0.0000
0.0000
0.0000
0.3193
0.4945
0.8083
0.0000
0.0000
0.0000
0.6763
0.0000
0.0000
0.9756
0.0000
0.0000
0.0000
0.0000
0.0000
0.0886
0.0000
1.1566
0.0000
0.0000
1.4907
0.3104
0.7236
0.0000
4.2648
0.0000
0.9934
0.1150
0.6837
0.0000
0.0000
0.0000
0.0000
0.0000
0.0000
0.0000
0.1932
0.0000
0.0000
0.0000
0.0000
0.0000
0.0865
1.0313
0.0000
0.0000
0.0000
0.5850
0.0000
0.0000
0.0000
1.9352
0.0000
0.0000
0.0000
1.5824
0.0000
0.8151
0.0000
1.2384
0.0000
0.0000
0.0000
0.0000
0.0000
0.0000
0.0000
0.0000
0.7600
0.0277
0.0000
0.0000
0.0000
0.0000
0.0000
0.0000
0.0000
0.4756
0.0000
0.2326
0.0000
0.0000
0.0000
0.1062
0.5663
0.0000
0.0000
0.4693
0.0000
0.0000
0.0000
0.0000
0.4285
0.1987
0.0000
2.1162
0.0000
0.0000
0.0000
0.0000
0.0000
0.0000
0.0000
0.0000
2.2125
0.0000
0.0000
0.0000
0.0000
0.0000
1.7499
2.6947
0.0000
0.0000
0.1969
0.0730
0.0000
1.4197
0.0000
0.4659
0.0000
0.0000
0.0000
0.0000
0.0000
0.0000
3.5394
0.6717
0.0000
0.0000
0.0000
0.0000
0.0000
0.0000
0.0000
0.8188
0.0000
0.0000
0.0000
0.0000
0.4898
0.0000
0.0000
0.8660
0.0000
0.0000
0.0000
2.1465
0.0000
0.1431
0.0000
0.0000
0.0000
0.7213
0.7015
1.5573
0.1955
0.0000
0.0000
0.0000
0.0000
0.9394
0.0000
0.0000
0.0000
0.0000
0.0000
0.0265
0.0000
0.0000
0.0000
0.0000
0.2402
0.6569
0.0000
0.0000
0.0000
0.0000
0.0000
0.0000
0.0000
0.0000
0.0000
2.7973
0.0000
0.0000
0.0000
0.0000
0.0000
0.6580
0.0000
0.0000
0.2566
0.0000
0.0000
0.4422
0.0000
0.0000
0.0000
0.0000
0.0000
0.0000
1.0589
0.0000
0.3315
0.0000
0.0000
0.3165
0.0000
0.0000
0.0000
0.0000
0.0000
0.0000
0.0000
0.0000
0.0000
0.0000
0.0000
0.0000
1.1811
0.0000
2.9949
0.0000
0.0000
0.0000
0.0000
0.0000
0.0000
0.0000
0.0343
0.0000
0.0000
0.0000
0.0000
0.0000
0.0000
0.0000
0.0000
0.4441
0.8484
0.0000
0.0000
0.2552
0.6057
0.0000
1.5246
0.0000
0.0000
0.0000
0.0000
1.5764
0.1378
0.0000
0.0000
1.4707
1.4160
2.5066
0.0000
0.0000
0.0948
0.0000
0.1012
0.0000
0.0000
0.4482
0.0000
1.7731
0.0000
0.0000
0.0000
1.1337
0.0000
2.1089
0.0000
2.5571
0.0000
0.0000
0.0000
1.1302
0.0000
0.9387
0.5765
0.2878
0.0000
0.3757
0.0000
0.0000
0.6978
0.0000
0.0000
2.2455
0.0000
0.0000
0.0000
0.0000
2.1782
0.3974
0.0000
0.0000
0.0000
0.0000
0.0000
0.0000
4.1822
0.0757
0.0000
0.0000
0.0000
0.0000
0.0000
1.6634
1.1307
1.1298
0.0000
0.0000
0.1401
0.0000
0.7236
3.5477
0.0000
0.0000
0.0000
0.0000
2.8451
0.5428
0.0000
0.0000
0.0000
0.0000
0.0000
1.2040
0.0000
0.0000
3.0562
0.0000
0.0000
0.0000
0.0000
1.2599
0.7426
0.5921
0.0000
0.0000
0.0000
0.5296
0.9793
0.0000
0.2536
0.0000
0.8196
0.0000
0.0000
3.9931
0.0000
1.7912
0.0000
0.0000
1.5411
0.0000
0.0000
0.0000
0.0000
0.0000
0.0000
4.2811
0.0000
0.0000
0.0000
0.0000
0.0000
0.0000
0.0000
0.9139
0.0000
0.0000
0.0000
0.0000
0.1639
0.0000
0.0000
2.8259
4.0167
0.0000
0.1873
0.0000
0.0000
0.1910
0.0000
0.0000
0.0000
0.0000
0.5476
0.0000
0.4202
0.0000
0.0000
0.0000
0.0000
0.0000
0.0000
0.0000
1.5145
1.2459
0.0000
1.3873
0.0000
0.0000
0.0000
0.1699
0.0000
4.7485
0.0000
1.2534
0.0000
0.0000
0.0000
0.0000
0.5984
0.0000
0.0000
0.6644
0.8981
0.0000
0.0000
0.0000
0.0000
2.0141
0.0000
2.3778
1.3962
0.9120
0.0000
0.0000
0.0000
0.0000
0.0000
0.0000
2.4347
0.0000
0.0000
1.0382
0.0000
1.0799
0.0000
0.0000
0.0000
0.0000
0.0000
1.3799
3.5407
2.1139
1.8210
1.2208
0.0000
2.7993
0.0000
0.0000
0.0000
0.0000
0.1432
0.0000
0.8861
0.0000
0.0000
0.0000
0.0000
0.0000
0.0000
0.0000
0.0000
0.0000
0.0000
1.0321
0.3134
0.2598
0.0000
0.0000
3.6689
0.0000
0.0000
0.0000
0.0000
0.3942
1.2156
0.0000
0.0000
0.0000
0.0000
0.2486
0.0000
0.4952
0.0000
2.7675
0.0000
0.7216
0.0000
0.0000
0.0000
0.0000
1.0393
0.0000
0.0000
0.0000
1.6862
0.0000
0.5623
0.0000
0.0000
0.0000
0.1979
2.4643
0.0000
0.0000
0.0000
0.0000
0.0000
0.0000
0.8705
0.0000
2.8716
0.0000
0.0000
2.3466
1.0507
0.5370
0.0000
0.0000
0.0000
0.1027
0.0000
0.0000
0.0000
0.0000
0.0000
0.5457
0.6844
0.0000
0.0000
1.3677
0.8714
2.7202
0.7984
0.0000
0.0000
0.0000
0.0000
2.6206
0.0000
0.0000
0.0000
0.0000
0.0000
0.9333
2.7791
0.0000
0.0000
1.4926
1.6106
0.6952
0.0000
0.8291
0.0000
0.0000
0.0000
0.0000
1.3405
0.0000
0.0000
0.0000
0.0000
0.0000
1.4458
0.0000
0.0000
0.4480
0.0000
0.0000
0.0000
0.0000
0.0000
0.6400
0.0000
0.0000
0.0000
0.7694
3.2595
0.0000
1.5098
0.0000
0.0000
0.0000
0.0000
0.0000
0.0000
0.0000
0.0000
0.6551
0.0000
0.0000
1.7155
0.0000
0.0000
0.0000
0.0000
0.0000
1.7360
0.5097
0.0000
0.0000
0.1219
0.0000
0.0000
0.0935
0.0000
1.3337
0.0000
0.0000
0.0000
0.0000
0.0000
0.0000
0.8452
0.0351
0.0931
0.0000
0.0000
0.0000
0.0000
0.0000
1.0768
0.0000
0.0000
0.0000
1.5443
0.0000
0.5597
0.0000
3.5590
0.0000
0.0765
0.4791
0.0000
0.0000
0.0000
1.9707
0.0000
0.0000
0.0000
0.0000
0.0000
1.0521
0.0000
0.0000
0.0000
0.0000
0.0000
1.5481
0.0000
0.0000
0.0000
0.0000
0.0000
0.0000
0.0000
0.0000
0.0000
0.3742
0.0000
0.0000
0.0000
0.0000
0.0000
3.4755
0.4529
0.0000
2.5089
0.9972
0.0000
0.0000
0.0000
0.6439
0.0000
0.0000
0.0983
0.0000
0.0000
2.9935
2.6242
0.9755
0.0000
1.1986
0.0000
1.2700
0.0000
0.0000
0.5388
0.0000
0.0000
0.0000
0.0000
1.9335
0.0000
0.0000
0.0000
0.0000
0.0000
0.0000
0.4388
0.0000
0.0000
0.8991
0.0000
0.0000
0.0000
0.0000
0.5253
2.1879
0.0000
0.0000
0.0000
0.0000
0.0000
0.0000
0.0000
0.6026
0.0000
0.0000
0.3432
0.0000
0.0000
0.0000
0.0000
0.0000
0.2717
0.0000
0.0000
0.0000
0.0000
0.0000
0.2043
0.0000
0.0000
0.0000
0.0000
0.0000
0.0000
1.3355
0.8486
0.0000
0.0000
0.0000
0.6706
1.8981
1.0451
0.0000
0.0000
0.4013
2.1984
0.0000
0.0000
0.0000
2.8133
1.7130
0.0000
0.0000
0.0000
0.0000
0.0000
0.4300
0.0000
1.6779
0.0000
0.0000
1.0228
3.3324
0.0000
0.6815
0.0000
0.0000
0.0000
0.0000
2.9237
0.0000
0.0000
0.0000
0.0000
2.1156
0.5181
0.0000
0.3301
0.6107
0.0000
0.0000
0.5761
0.7815
0.0000
0.0000
0.0000
0.0000
0.0000
3.2419
0.0000
2.5117
0.0000
0.3153
2.5864
0.0000
0.1701
0.0000
2.1872
0.1395
0.0000
0.2148
0.0000
0.0000
0.0000
0.0000
0.0000
0.0000
1.4091
0.0000
0.0000
0.0000
0.0000
0.0000
0.0000
0.8150
0.0000
0.0000
0.0000
1.0679
0.5031
0.0000
0.0000
0.0000
0.2260
0.6139
0.0000
0.0000
1.3000
3.1959
0.0000
0.0000
0.4002
0.0000
5.5747
0.0000
2.5013
0.0000
2.6375
0.0000
0.0000
0.0000
0.0000
0.0000
0.0000
0.0000
0.0000
2.1453
1.7173
3.1851
0.0000
0.0000
0.3927
0.0000
0.0000
0.0000
0.0000
0.0000
0.9022
0.0000
0.0000
2.3659
0.0000
0.0000
0.0000
0.6949
1.4598
0.1221
0.0000
0.0000
0.0000
1.0580
1.1849
0.0000
1.2158
0.0000
0.0000
0.7633
0.8623
1.8922
0.2453
0.0000
0.3473
0.0000
0.0000
0.0230
0.5596
0.0000
0.0000
0.0000
0.0000
0.0000
0.0000
0.2263
0.0000
0.0000
0.0000
0.0000
2.0261
3.2954
0.0000
0.0000
0.8998
2.2881
0.0000
0.1133
0.0000
0.0000
0.0000
0.0000
0.0000
0.0000
0.0000
0.0000
0.0000
3.5173
0.3876
0.0000
0.1025
0.0000
0.4575
0.0000
1.8536
0.0000
0.0000
0.0000
1.1046
0.5257
0.7759
0.0000
0.0000
0.0000
0.0000
0.0000
0.0000
0.0000
0.2483
0.6998
0.0000
0.0000
0.0000
0.0000
0.0000
5.0657
0.0000
1.2212
0.0000
1.4916
0.0000
0.0000
0.0000
0.0000
2.4779
0.0000
0.5253
0.9066
0.0000
3.7423
1.4800
0.0000
0.0000
1.4732
1.9819
0.0000
0.0000
0.0000
0.0000
0.0000
0.0000
0.0000
0.0000
0.0000
0.0000
0.0000
0.0000
0.0000
0.1183
0.0000
0.0000
0.0000
0.7746
0.1305
0.0000
0.0000
1.4110
0.0000
0.8771
0.9950
1.0561
0.1591
0.0000
0.0000
1.8792
0.0000
0.0000
0.0000
0.0000
0.5853
0.0000
5.5036
2.1943
0.0000
2.8078
0.8986
0.0000
0.7666
0.0000
1.7241
0.0000
0.0000
0.0000
0.0000
0.0000
0.0000
0.0000
1.1234
0.6138
0.0000
0.0000
0.0000
0.0000
0.0000
0.0000
1.7672
0.0000
1.5209
0.0000
0.0000
2.0862
0.0000
