0.0000
0.0000
0.9899
0.0000
0.0000
0.0000
0.0000
0.0000
0.0000
1.9469
0.8872
0.0000
0.0000
0.0000
0.0000
0.0000
0.0000
0.0000
0.0000
0.0000
0.0000
0.0000
2.4247
0.3751
1.8494
0.7386
0.0000
1.1515
0.0000
0.0000
0.0000
0.0000
0.8817
0.0000
0.9636
0.0000
0.0000
0.0000
2.3329
1.1393
0.0000
0.0912
0.0000
0.0000
0.0000
0.0000
0.0000
0.0000
0.1026
1.2179
0.0000
0.0000
0.0000
0.0000
0.0000
0.0000
0.6372
1.5977
0.0000
0.0000
0.0000
3.3957
0.0000
0.9434
0.0000
0.0000
0.0000
0.0000
0.0000
0.0000
1.1649
3.4155
0.0000
0.0000
0.0000
1.4582
0.0000
0.0000
0.0000
0.0000
0.7187
0.0000
0.0000
0.0000
0.0000
0.0000
0.4388
1.5511
2.3757
0.0000
0.2209
0.0000
0.0000
1.7635
0.0000
0.0000
0.0000
0.0000
2.8228
0.0000
0.0000
0.0000
0.0919
0.0000
0.0000
0.0000
0.4912
0.0000
0.4301
4.2400
0.0000
0.0000
0.0000
0.0000
0.0000
0.0000
0.5389
0.0000
0.0000
0.0000
0.1209
0.5942
1.3471
0.0000
0.0000
0.0000
0.0000
0.4636
0.0000
0.3325
0.0000
0.0000
0.3531
0.0000
3.0263
0.0000
0.8975
2.0496
0.0000
3.5293
3.1656
0.0000
0.7541
0.9280
2.6821
0.0000
0.6858
1.5640
1.3195
0.0000
0.0000
1.5285
0.1009
0.0000
0.0000
0.0000
0.0000
0.0000
0.0000
0.0000
1.0585
0.0000
0.0000
0.0000
0.0000
1.0959
0.0000
0.8382
0.0000
2.0339
0.0000
0.0000
0.0000
0.0000
0.1337
0.0000
0.0000
0.2986
0.0000
5.6217
0.0000
3.1270
0.0000
0.0000
0.0000
0.0000
0.6710
0.2215
1.2067
1.3680
0.0000
0.0000
0.0000
0.0000
0.7937
0.0000
0.0000
0.0900
2.8029
2.3770
0.0000
0.2813
0.2469
0.0000
0.0000
0.0000
0.0000
0.0000
0.0000
0.0000
0.0000
0.0000
0.0000
0.5244
0.0000
0.0000
0.0000
0.0000
0.0000
0.0000
0.0000
0.0000
0.0000
0.0000
1.7922
0.0000
0.0000
0.0000
0.0000
0.0250
0.0000
1.0995
0.0000
0.0000
2.2727
0.0000
1.2366
0.0000
1.3624
0.0000
0.0000
0.0000
0.5281
0.0000
0.0000
0.0000
0.0000
0.0000
0.0000
0.0000
0.0000
0.0000
0.0000
0.3686
0.0000
0.0000
0.0000
0.0000
1.2964
0.0000
0.0000
0.0109
0.0000
0.0000
0.0000
0.0000
1.5406
0.0000
0.0000
0.0000
1.6204
0.0000
0.0000
1.7437
0.0000
0.0000
0.0337
1.8079
0.3185
0.0000
2.8955
0.0000
1.3958
0.0000
0.0000
0.4002
0.0000
0.0000
0.0000
0.0000
0.0000
0.0000
0.0000
0.0000
3.7758
0.0000
0.0000
0.0000
0.0000
2.5660
0.0000
0.0000
0.0000
0.0000
0.9595
0.0000
0.0000
0.0000
0.0000
0.0000
0.0000
0.0000
0.0000
1.2437
1.2196
0.0000
0.0000
0.0000
0.0000
1.1777
0.0073
1.8227
0.0000
1.4284
0.0000
2.2598
0.0000
1.4640
0.0000
1.3511
0.0000
0.0000
0.0000
0.0304
0.0000
2.0776
1.3614
0.0000
0.0000
2.2453
0.0000
0.0000
0.0000
0.0000
0.0000
5.6088
0.0000
0.5370
0.0000
0.0000
0.0000
1.1328
0.0000
0.0000
1.6195
2.0517
0.6356
0.0000
0.1661
0.0000
0.0000
0.0000
0.0000
0.0000
0.0000
0.0000
0.0000
1.0685
0.0000
0.0000
0.0000
1.8958
0.0000
0.0000
1.4389
0.0000
0.0000
1.4398
0.0000
0.0000
2.9301
0.0000
0.8049
0.0000
0.0000
0.0000
1.5309
0.0000
0.0000
0.0000
2.1865
0.0000
0.0000
0.0000
0.0000
0.6858
0.0000
0.0000
0.0000
0.2573
0.0000
0.3591
0.0000
0.0000
0.0000
1.0468
0.0000
0.0000
2.3315
0.0000
0.0000
0.0000
0.0000
2.9565
0.8711
1.1913
0.0000
0.3934
0.0000
0.0000
1.0681
0.0000
0.1555
0.0000
0.0000
0.1800
0.3013
1.2850
0.0000
0.0000
0.0000
0.0000
0.0000
0.0000
0.0000
0.0000
1.7256
0.0000
0.6452
0.4783
2.5868
0.0000
1.0190
0.0000
2.5918
1.3536
0.6225
0.0000
1.0824
0.8273
0.0000
0.0000
0.0000
0.6470
0.0000
0.0000
0.0000
1.0579
0.0000
0.0000
0.3202
0.0000
0.1755
0.0000
0.7540
0.0000
0.0000
0.0000
0.0000
0.0000
0.0000
1.6226
0.0000
0.0000
0.0000
1.7051
1.2166
0.0000
0.3365
0.0000
0.0000
0.0000
0.7557
0.5184
0.2031
1.4225
0.0000
0.3405
0.0000
0.4986
0.0000
0.0000
0.0000
0.0000
2.0027
0.3779
0.0000
0.0000
0.0000
0.0000
0.0000
0.0000
2.2666
0.0000
0.4464
0.0595
0.0000
0.0000
0.0000
0.7250
0.0000
1.6946
0.0000
1.0021
0.0000
0.1584
0.0000
0.0000
5.2176
0.0000
1.5644
1.8037
0.0000
1.2787
0.0000
0.0000
0.5326
0.0000
0.0000
0.0861
1.3854
0.3653
1.5759
0.0000
0.3814
2.4782
0.0000
0.0000
0.3515
0.0000
0.0000
0.0000
0.0000
0.0000
0.0000
0.0000
0.0000
0.0000
0.0000
0.0000
0.0000
1.8767
0.0000
0.4292
0.0000
0.0000
0.0000
0.0000
0.0000
0.2531
0.0000
1.7628
0.0000
0.0000
0.3927
0.3185
0.0000
0.0000
0.0000
0.0000
0.0000
0.0000
0.0000
0.0000
0.0000
0.0000
0.0000
0.3772
0.0000
0.0000
0.0000
0.0000
0.0000
0.0000
0.0000
0.0000
0.0000
1.7253
2.2943
0.0000
0.0000
0.0000
0.0000
0.0000
0.0000
0.0000
0.0000
0.0000
1.4946
1.0412
0.0000
1.7170
0.0000
0.0000
0.0000
0.0000
1.6227
0.0000
0.6063
0.0000
0.0049
0.0000
0.0000
3.8056
0.0000
0.7016
0.0000
0.0374
0.4916
0.0000
2.6099
0.0000
0.0000
0.0000
0.0000
1.4361
0.0000
0.0000
0.0000
0.0000
0.0000
0.0000
0.0000
0.0000
1.7279
1.7020
0.0000
0.1876
0.0000
0.0000
0.0000
0.0000
0.0000
0.0000
0.0289
0.0000
0.0000
0.0000
0.3954
0.0000
0.0000
0.0000
0.2952
0.0000
0.0000
0.0000
0.0000
0.0000
0.0000
0.0762
0.0000
2.1262
0.9120
0.0000
0.0000
0.0000
0.0843
0.0000
0.0000
0.0000
0.3978
0.0000
0.0000
0.0000
0.0000
0.0000
0.0000
0.0000
0.0000
0.0000
0.0000
0.0000
0.0000
0.0000
0.0000
0.4471
0.0000
0.3933
0.0000
1.9831
0.0000
0.0000
3.7008
0.0000
0.0000
0.0000
0.0000
0.0000
0.0000
0.0000
1.7123
0.0000
1.2380
0.9177
0.0000
0.7358
0.0000
0.0000
0.6938
1.0711
0.0000
3.9917
0.5345
0.0866
0.0000
0.0000
0.0000
0.0000
0.0000
0.0000
0.0000
0.0000
1.2277
0.3892
0.0000
0.0000
0.7809
0.0000
0.0000
0.0000
0.0000
0.0000
0.3180
2.8270
0.0000
0.0000
0.0000
0.6544
0.0000
3.1897
0.3055
0.0000
0.0000
2.1992
0.0000
0.0000
0.4673
0.6899
1.2556
0.0000
0.0000
0.0000
0.0000
0.0000
0.0000
0.0000
1.4629
0.0000
0.0000
0.0000
0.7796
0.0000
0.7253
0.0000
0.0000
0.4183
0.0000
0.0000
0.0000
0.0000
0.2455
0.0000
0.0000
0.0000
0.0000
0.0000
0.0000
0.0000
0.3850
0.9721
0.0000
0.0000
0.0000
0.0000
0.0000
0.0000
0.0000
0.3513
0.0000
0.0000
0.0000
0.0000
1.7062
0.0697
0.0000
0.0000
0.0000
0.0000
0.0000
0.0000
0.0000
0.0000
2.6664
0.0000
0.0000
0.0000
0.0000
0.0000
0.0000
0.0000
0.0000
0.0000
0.0000
0.1471
0.0000
0.0000
1.5818
0.0000
0.0000
1.1607
1.7085
0.0000
0.0000
0.0000
0.0000
0.0000
0.0000
0.0000
0.0000
0.3685
1.3822
0.0000
0.0000
0.0000
0.0000
0.0000
0.0000
0.5448
0.0000
0.0000
0.0000
0.0000
0.0000
0.9023
0.0000
0.0000
0.0000
0.0000
0.8716
0.0000
0.0000
0.0000
0.0000
0.0000
0.0000
0.0000
0.0000
0.0000
0.0000
0.7534
0.0000
0.0931
0.0000
2.8970
0.0000
0.3582
1.3733
0.0000
0.0000
0.0000
0.0000
0.0000
1.9084
0.0000
0.0000
0.0000
0.0000
1.9311
0.8154
0.0000
0.0000
0.0000
0.0000
0.0000
0.0000
0.0000
0.0000
0.0000
0.0000
0.0000
0.0966
0.0000
1.2290
0.0000
0.0412
0.0000
0.0000
0.2539
0.0487
0.0000
0.0000
0.0000
0.0000
0.0000
0.0000
0.0000
0.0000
0.0000
0.0000
0.0000
0.0000
0.0000
3.5446
0.0000
0.0000
0.2325
0.0000
0.3966
0.0000
0.6762
0.0000
0.0000
0.8527
0.0000
0.0000
1.1751
0.6231
0.0000
0.0000
0.0000
0.0000
0.0000
0.6903
0.6867
0.0442
0.7209
0.0000
0.0000
0.0000
0.0000
0.8017
0.0000
0.0000
0.0000
1.7894
2.2854
0.0000
0.0000
0.0000
5.3018
0.0000
1.8943
0.0000
0.0000
0.0000
0.0000
1.8603
0.0000
0.0000
0.6776
0.0000
0.0000
0.0000
0.8999
0.0000
0.0000
0.0000
1.5059
1.2179
0.0000
1.7541
0.8949
0.3197
0.0000
0.0000
0.0000
0.3195
0.0000
0.0000
0.0000
0.0000
2.0701
0.0000
0.0000
1.7433
0.4745
0.0003
0.0000
0.0000
0.0000
0.0000
0.0000
0.0000
0.0000
0.0000
0.3800
0.0000
0.0000
0.0000
3.0134
0.4578
0.0000
0.0000
0.3234
0.0000
0.5184
0.0000
0.0000
0.0000
3.5445
0.0000
2.1533
0.0000
1.1290
0.0000
0.0000
0.0000
1.5673
0.0000
0.2203
0.0000
0.7540
0.0000
0.0000
0.0893
0.4443
1.6284
0.0000
0.0000
0.7053
1.2650
0.0000
0.9909
0.3671
1.4197
0.0000
1.3221
0.0000
2.5157
0.0000
0.0000
0.0000
0.0000
0.0000
0.0000
0.0000
1.6936
0.0000
0.0000
0.0000
0.7467
0.0000
0.0000
0.0000
0.0000
0.0000
0.0000
0.0000
0.0405
0.0000
2.4209
0.0000
2.0419
0.0000
0.0000
1.1607
0.0000
0.2062
0.0000
0.1425
1.4998
0.0000
0.0000
0.2117
0.0000
0.0000
0.2844
0.0000
0.0000
0.0812
0.0000
0.0000
0.0000
0.0000
0.0000
0.0000
0.0000
0.8275
0.0000
0.0000
0.0000
1.8837
0.0000
0.0000
0.5098
0.0000
0.0000
0.1396
0.0000
0.1920
0.0000
0.6112
0.0000
1.2313
0.6220
0.0000
0.0000
0.0000
0.0000
0.5065
0.0000
0.0000
0.6212
0.0000
0.5762
0.0000
0.0000
0.0000
0.0000
0.0000
0.0000
0.0000
0.0000
0.0000
0.4791
0.0000
0.0000
0.0000
0.0000
0.0000
0.0000
0.4822
0.0000
0.0000
0.0000
0.0000
0.0000
0.0000
0.0000
0.0000
1.3603
0.0000
0.0000
0.0000
0.6043
1.2019
2.4776
0.0000
0.0000
0.0000
1.5624
1.4364
0.0000
0.0000
0.0000
0.0000
1.4444
0.0000
0.0000
0.0000
0.0000
0.0000
0.0000
0.0000
0.0000
0.0000
2.3009
0.0000
0.0000
0.0000
3.1914
0.0000
0.0000
0.0762
3.4227
1.4436
0.0000
0.0000
0.0000
0.0000
0.0000
1.6918
0.0000
0.0000
0.0000
1.0004
0.0000
0.0000
1.5462
0.0000
1.2758
0.0000
0.0000
0.0000
1.3838
0.0000
0.0000
0.0000
0.0000
0.0000
2.6648
2.4148
0.0000
0.0000
0.0000
0.0000
0.6868
0.0000
0.0000
0.0000
3.0618
0.0000
1.4556
0.0000
1.5144
0.0000
0.0000
0.0000
0.0000
0.0000
0.0000
0.0000
0.2343
4.7340
0.0000
0.0000
0.0000
0.0000
0.0000
0.0000
0.0000
0.0000
0.0000
0.0000
0.0000
0.0000
1.1907
0.0000
0.0000
0.0000
0.0000
0.0000
0.0000
0.0000
1.8540
0.6600
0.0000
0.0000
2.7998
0.1375
0.0000
0.0000
2.6710
0.2113
0.0000
0.0000
0.0000
1.7725
0.6193
0.0000
0.0000
0.0000
0.0000
0.0000
0.0000
0.0000
0.0000
0.0000
0.0000
0.0000
0.0000
1.7807
1.5414
0.0000
0.0000
0.0000
0.7887
0.0000
1.7006
1.6954
0.0000
0.0000
0.0000
0.0000
0.0000
0.0000
1.2716
0.0000
0.0000
0.3675
0.0000
1.4523
0.1167
0.0000
0.0000
0.1922
0.6155
0.0000
0.0000
0.0000
0.0000
0.0000
0.9515
0.0275
0.0000
1.2682
0.0000
0.0000
0.0000
0.0000
0.0000
0.0000
0.1951
0.0000
0.0000
0.0000
0.0000
0.0000
0.0000
0.0000
0.0000
0.0000
0.0000
0.0000
1.0809
0.0000
0.0000
0.0000
0.0000
0.0000
0.0000
0.0000
0.0000
0.5918
1.3129
1.4476
0.0000
0.5936
0.0000
0.0000
0.0000
0.0000
0.0000
0.0000
0.0000
0.0000
0.0000
0.0000
0.0000
0.0000
0.0000
0.0000
0.0000
0.7579
0.0000
0.0000
0.0000
0.0000
0.0000
0.4725
0.0000
0.0000
1.0346
0.0847
0.0000
0.1193
0.0000
0.0000
2.5968
3.2159
0.0000
1.2782
0.0000
0.2684
0.0000
0.0000
0.0000
0.0000
1.1470
0.0000
0.0000
0.0000
0.2450
2.4419
0.6712
0.0000
0.0000
1.0164
0.0000
0.0000
2.2383
0.0000
1.8587
0.0000
0.0000
0.3083
1.2848
1.4195
1.9139
3.9317
0.0000
0.0000
0.0000
0.0000
0.0000
0.2280
0.0000
0.0000
0.0000
0.0000
0.0000
0.0000
0.0000
0.0000
0.0000
0.0000
0.0000
2.2822
0.0000
0.9858
0.0000
1.1062
0.0000
0.0000
0.0000
1.4911
0.0000
3.6549
0.0000
0.0000
1.1405
0.9082
0.0000
0.4907
0.0000
0.0000
0.0000
0.0000
0.0000
0.0000
0.0000
0.0000
0.0000
0.0000
0.2856
0.5385
0.3287
1.8783
0.0000
2.0975
0.0000
0.0000
0.0000
0.0000
0.0000
0.0000
0.0000
0.0136
0.0000
0.0000
0.1590
0.0000
0.2895
1.1908
0.0000
0.0000
0.0000
0.0000
0.0000
0.0000
0.0000
0.0000
0.0000
0.0000
0.1975
0.0000
2.9374
0.0000
0.5693
0.0000
0.0000
0.0000
0.0000
0.0000
0.0000
1.0584
3.5663
2.6637
0.0000
2.3226
0.0000
0.0000
0.0000
0.9030
0.0000
0.6517
0.0000
0.0000
0.0000
0.1684
0.0000
0.0000
0.0000
0.9671
0.0000
0.0000
0.0000
0.0000
0.0000
0.0000
0.0000
0.0000
2.2992
1.1421
1.2566
0.0000
0.0000
0.0000
0.0000
1.8200
0.7191
0.8551
0.3981
0.0000
0.0000
0.2915
0.0000
0.0000
0.3583
0.4711
0.0000
0.0000
0.0000
0.0000
0.0000
0.0000
0.0000
1.6131
0.2883
0.5870
0.0000
0.0000
0.0000
0.0000
0.0000
0.0000
0.0000
0.0000
0.0000
0.0000
0.0000
1.9761
0.0000
0.0000
0.0000
0.0000
1.6522
0.0000
0.0000
0.0000
0.1186
2.8601
0.0000
1.1597
0.0000
0.0000
0.0000
0.7347
1.9637
1.4013
0.0000
0.0000
0.0000
0.0000
0.0000
1.8814
0.2674
0.0000
0.0000
0.0000
0.0000
0.0000
0.0000
0.0000
0.0000
0.0000
0.2257
0.0000
0.0000
0.0000
0.9338
0.0000
0.9410
0.2352
1.5031
0.0000
0.0000
0.0000
0.0000
2.3386
1.1619
0.0000
0.3762
1.1432
0.0000
2.2458
0.0000
0.0000
0.0000
0.0000
0.0000
0.0000
0.0000
0.0000
0.0000
0.8960
0.0000
0.5840
0.0199
1.8535
1.0867
0.0000
3.2022
0.0000
0.0000
0.0000
0.0000
1.2717
0.0000
0.2539
0.0000
0.6818
1.5016
0.0000
0.6052
0.0000
0.0000
0.0000
0.0000
0.4270
0.0000
0.0000
0.0000
0.0000
0.0000
0.0000
0.8431
0.0000
1.0663
0.0000
0.3817
0.0000
0.0000
0.0000
0.3431
0.0000
0.0000
0.5519
1.3758
2.1487
2.0321
0.0000
0.0000
0.0000
1.6457
0.6808
0.3953
0.4325
0.0000
0.0000
1.0422
0.0000
0.8162
0.0000
0.0000
0.0000
1.8739
0.8535
0.0000
0.0000
0.0000
0.4502
0.0000
0.0000
0.0000
0.0000
0.0000
0.0000
0.0000
0.0000
0.0000
0.0000
0.0000
0.0000
0.0000
0.0000
0.1680
0.0000
0.8430
0.0000
0.0000
0.0000
0.0000
0.1888
1.2575
1.8055
0.0000
0.0000
0.0000
2.3525
0.0000
0.0000
0.0000
0.0000
0.0000
0.2516
2.2815
1.3932
0.0000
1.4868
0.0602
1.5770
0.0000
1.1660
0.0000
0.1942
1.1454
0.0000
0.0000
0.0000
0.0000
0.0000
0.0000
0.0000
0.7234
1.1852
0.0000
1.2516
0.0000
0.0000
0.0000
0.0000
0.0000
0.0000
0.0000
2.7495
0.0588
1.0649
4.0248
0.0000
0.0000
0.0000
0.5293
0.0000
0.0882
1.3474
1.1256
0.0000
0.1704
0.0000
0.6773
1.3759
0.0000
2.0326
1.7693
0.2152
2.7842
0.0000
0.0000
0.0000
0.0000
0.0000
1.5598
0.0000
3.5859
0.0000
0.0000
4.0706
0.0000
3.0253
0.0000
0.0000
0.0000
1.2499
0.0000
0.0000
0.8031
0.5815
0.0000
0.4528
1.5148
0.0000
2.1317
0.0000
0.0000
0.8790
0.0000
0.0000
0.0000
0.0000
0.4721
0.1813
0.0000
0.9804
1.5155
0.0000
0.7362
3.8909
0.0000
0.0000
0.5898
0.0000
0.8343
0.0000
0.0000
0.3926
0.0009
0.0000
0.0000
0.2879
0.0000
1.8701
0.0000
0.0000
0.0000
0.0000
2.3577
0.0000
2.6233
0.4528
0.0915
0.0000
0.0000
0.0000
0.0000
0.3039
0.0000
1.0970
0.0000
2.0566
0.0000
0.0000
0.0000
0.0000
1.5036
0.0000
0.0000
0.0000
0.0000
0.0000
0.2899
0.6739
0.0000
0.2167
0.0000
0.6104
0.0000
0.0000
0.0000
0.9236
0.2721
0.0000
0.0000
0.0000
0.0000
0.1431
0.0000
1.1997
0.0000
0.0000
0.0000
0.0000
0.0000
0.0000
0.0000
0.0000
0.6100
0.0000
2.3483
0.0000
0.0000
0.0000
1.2340
0.0000
0.8234
0.0020
0.0000
0.0000
0.0000
0.0000
0.0000
0.8871
0.0000
0.8694
0.0000
0.0000
0.0000
0.1833
0.0000
0.0000
0.0000
0.0000
0.0000
0.0000
1.6399
3.4511
0.0000
0.0000
0.0000
1.3622
0.0000
1.3103
0.0000
0.8378
0.0000
0.8901
0.0000
0.0000
0.0000
0.0000
1.8377
0.4564
0.0000
1.6056
0.4799
0.0000
0.0000
0.0000
3.7298
0.0000
1.4880
0.0000
0.0000
0.0000
0.0000
0.0000
0.4219
0.0000
2.0271
0.0000
0.6574
0.3619
0.0000
0.0000
0.0000
0.0000
0.0732
0.0000
0.0000
1.8143
0.0000
0.0000
0.3644
2.1453
1.3331
0.0000
0.0000
0.0000
0.0000
0.0000
0.0000
0.0000
1.7010
0.5029
0.0000
2.5974
3.5459
0.0000
0.0000
1.3234
1.1621
1.0077
0.0000
0.0000
1.1974
0.0000
0.0000
0.0000
0.0000
0.0000
0.0000
0.0000
0.0000
0.0000
0.0000
1.3482
0.0000
0.8440
0.0000
0.0000
0.0000
0.0000
0.7618
0.0000
0.0000
0.0000
1.1950
1.4076
0.0000
0.0000
0.0000
0.0000
0.0000
0.8822
0.4281
0.0000
0.0000
0.5959
0.7070
2.0849
1.1366
1.4470
0.0000
0.0000
0.0000
0.0000
3.0926
0.0000
0.0000
0.0000
0.0000
0.7284
0.0000
0.0000
0.0000
0.0000
0.0000
0.0000
0.0000
0.7967
0.0000
0.0000
0.1405
1.0047
0.0000
0.9823
0.0000
0.0000
0.0664
0.2284
0.0000
1.5058
0.0000
0.0000
0.1655
0.9584
0.0000
0.7713
0.2833
0.9096
0.0000
0.0000
0.0000
0.0000
0.0000
0.0000
0.0000
0.0000
0.0000
0.0000
3.0975
0.0000
0.0968
0.0000
0.0000
0.0000
0.0000
0.0000
1.3039
0.0000
0.0000
0.0000
0.0000
0.0000
0.0000
0.0000
0.0000
0.0000
0.0000
0.6112
0.0000
0.2158
0.0000
0.0000
0.0000
0.0000
0.2205
0.0000
0.0000
0.0000
0.0000
0.0000
0.3507
0.0000
0.0000
0.0000
0.2276
0.6970
0.0000
1.2075
0.6300
0.0690
0.0000
0.0000
0.0000
0.0000
0.0000
0.0769
0.0000
0.6644
0.0000
1.5607
0.0000
2.2391
0.0000
0.4391
0.0000
0.0000
0.0000
0.9492
0.0000
0.8595
1.8504
0.0000
1.2960
0.0000
0.0000
0.0000
0.0238
2.3348
0.0000
0.0000
0.0000
0.3760
0.0923
0.0000
0.0000
0.0000
0.0000
0.0000
0.0000
0.0000
0.0000
0.0000
0.7958
2.4045
2.4700
0.0000
0.3786
0.0000
1.4683
0.0000
0.0000
0.0000
0.0000
1.2418
1.8229
2.4744
0.1193
0.0000
0.0000
1.5688
0.0000
0.0000
0.0000
0.0000
0.0000
0.0000
0.0000
0.0000
0.0000
0.0000
0.0000
0.0000
1.7108
0.0000
0.0000
0.1339
0.0000
0.0000
0.0000
0.0000
0.0000
0.0000
0.2038
0.4450
0.0000
0.0000
0.2856
0.8269
0.0000
0.0000
0.0000
0.0000
0.0000
0.8856
0.0000
0.0000
0.0000
0.0000
0.0000
0.0000
0.0000
0.0000
0.3152
0.0000
0.6865
0.2681
0.0000
0.0000
0.0000
0.0000
2.4903
0.0000
0.0000
0.0000
0.0000
0.6097
0.0000
0.1617
0.0000
0.0000
0.0000
1.3978
2.7360
0.0000
0.4666
0.0000
0.0000
3.6653
0.0000
0.0000
0.0000
0.8474
0.0000
0.0000
1.2182
0.0000
0.9260
0.0000
0.0000
0.0000
0.0000
0.0000
0.0000
0.0000
0.3360
0.0000
0.0000
0.0000
0.0000
0.0000
0.0000
0.0000
0.0000
0.0000
0.0000
0.0000
0.0000
0.2770
0.0000
0.0000
0.0000
0.0000
0.0000
0.0000
0.0000
1.0472
0.0000
0.0000
0.0000
0.0000
1.3863
0.0000
0.0000
1.2037
0.0000
0.0000
0.1171
0.5541
0.0000
0.3323
0.0000
1.0090
0.0000
0.7341
0.1454
0.0000
0.0000
1.0318
0.0000
0.0000
0.0000
0.0000
0.0000
0.8289
0.0000
0.0000
0.0000
0.0000
0.0000
0.0000
0.4642
0.0000
0.0000
0.3405
1.3540
0.0000
0.0000
1.2505
1.0197
0.0000
0.0000
0.0000
0.8809
1.9385
0.3636
0.0000
0.0000
0.0000
1.3955
5.1080
0.0000
0.0000
2.0265
0.0000
0.0000
0.0000
0.0000
0.0000
0.0000
0.0000
0.0000
0.0000
0.0000
0.0000
0.0000
0.0000
0.0000
0.0000
0.0000
0.0000
0.3754
0.0000
0.0000
0.0000
0.7712
0.0000
2.0973
0.0000
0.0000
0.2273
0.0000
0.0000
0.7414
0.0000
0.0000
0.0000
2.0942
0.0000
0.0000
0.0000
1.0203
0.0000
0.0000
0.0000
0.0000
0.0000
0.0000
0.0000
0.0000
1.2450
0.0000
0.0000
1.8270
0.0000
0.0000
0.0000
0.0000
0.9705
0.0000
0.0000
0.0593
0.0000
0.0000
0.0856
0.0000
0.0000
0.5021
0.4885
0.0000
0.0000
0.8269
0.0000
0.0000
0.0000
0.0000
1.5808
0.0000
0.0000
0.0000
0.0000
0.7595
0.0338
0.0000
3.2173
0.0000
0.0000
2.2023
0.0000
0.0000
0.0000
0.0000
1.3624
0.0000
1.1886
0.0000
0.0000
0.1511
0.0000
0.0000
1.4147
0.0000
0.0000
0.0000
0.0000
0.0000
0.0000
0.0000
0.0000
1.4898
0.0000
0.0000
0.0000
0.0000
0.0000
0.0000
2.3213
0.0000
1.6184
0.0000
0.2693
0.0000
2.1545
1.8411
0.2766
0.0000
0.8716
1.3246
0.0000
0.0000
0.0000
0.0000
0.3011
0.0000
0.0000
3.4359
0.9969
0.0000
0.0000
0.0000
2.8961
0.3862
0.2366
0.0000
1.2643
0.0000
0.0000
0.0000
0.0000
0.2980
0.0000
0.0000
0.0000
0.0000
0.3412
0.0000
0.0000
0.0000
1.0103
0.0000
0.0000
0.0000
0.0000
0.0000
0.0000
0.0000
0.0000
0.6499
0.0000
0.7839
1.0274
0.0000
0.0000
1.8457
0.0000
1.4992
0.0000
0.0000
0.2414
0.4640
0.5345
1.3850
1.7812
0.0000
0.0000
0.0000
0.0000
0.0000
0.0000
0.0000
0.0000
0.0000
1.0958
0.0000
0.0000
0.0000
0.4776
0.9868
0.0000
0.2096
0.0000
0.0000
0.2310
0.0000
0.0000
0.0000
0.0000
0.0000
1.1373
0.5411
0.0000
0.0000
0.0000
0.0000
0.0000
0.0000
0.0000
0.0000
0.0000
0.0000
1.8309
0.0000
0.0000
0.1148
0.0000
0.0000
0.0000
0.3228
2.2071
0.0000
0.0000
0.0000
0.0000
0.0000
0.0000
0.0000
0.2771
0.1058
2.6201
0.0000
0.0000
2.3182
0.0000
1.1438
0.0000
0.0000
0.4058
0.0000
0.0000
0.1623
0.0000
1.8227
1.8701
0.0000
4.1750
0.5444
0.0000
0.0000
0.0000
1.5130
0.0000
1.1556
0.0990
0.0000
0.0000
0.0000
0.0000
1.3803
0.0000
0.0000
0.9376
0.0000
0.0000
0.0000
0.8003
0.7402
0.0000
0.0000
2.5075
0.0000
0.0000
0.2814
1.2640
1.6227
1.3971
0.0000
0.0000
0.0000
0.0000
0.0000
0.0000
2.5728
2.5510
3.8011
0.0000
1.6817
3.2265
0.0000
0.0000
0.0000
0.0000
0.0000
0.0000
1.4574
0.0000
0.0000
2.8284
0.0000
0.0000
0.0000
0.0535
0.3204
0.0000
0.0000
1.7937
0.0000
0.0000
0.0000
2.1900
0.0000
0.4854
1.1891
0.0000
0.0000
0.0000
0.0000
1.7799
0.0000
0.0000
2.3317
0.0000
0.2933
0.0000
0.0000
0.0000
3.0382
0.0000
0.4922
0.0000
0.0000
0.0000
0.4615
0.0000
0.0000
0.0000
2.8135
1.2084
0.4554
0.0000
0.0000
0.0000
0.0000
0.4132
0.0000
0.0000
0.0000
0.0000
0.0000
0.0000
0.0000
0.0000
0.0000
0.5603
0.7563
0.0000
0.0000
0.0000
0.0000
0.0000
0.0000
0.4660
0.0000
0.9417
0.0000
1.2369
0.0000
0.9256
0.0000
0.0000
0.0000
0.0000
0.0000
0.0000
1.2991
0.0000
0.0000
2.8405
0.0000
0.0000
0.0080
0.0000
0.0000
0.0000
0.0000
0.0000
0.0000
0.0000
0.0000
0.9922
0.7356
0.0000
0.0000
0.3054
2.5156
0.0000
2.4473
1.7849
0.0000
0.0000
0.0000
0.0000
0.0000
0.0000
2.3066
0.0000
0.1062
0.0000
0.0000
0.9108
0.0000
1.1875
0.0000
0.0000
0.0000
0.0000
0.3695
0.4354
0.0000
0.0330
2.5039
0.0000
0.0000
0.0000
0.0000
0.0000
0.0000
0.0000
0.0000
0.0000
2.2902
0.0000
0.0000
1.2300
0.0000
0.0000
0.0000
0.0000
1.5346
1.6052
0.7716
0.0000
3.2434
1.3223
0.0000
0.0000
0.0000
0.0000
0.0000
0.0579
0.8825
0.0000
0.0000
0.0000
0.0000
1.4121
0.0000
3.3639
4.7376
0.0000
0.0000
0.3273
0.0701
3.1051
0.0000
0.0000
0.0000
0.0000
0.0000
0.0000
0.0000
0.0000
0.0000
0.0000
0.0000
0.8053
0.9772
1.3457
0.0000
0.0000
0.0000
0.0000
0.0000
0.8050
0.0000
0.0000
0.0000
0.0000
4.1210
0.7467
0.0000
0.0000
1.0213
0.0000
0.0000
0.9131
0.8549
0.1341
0.0000
1.2328
3.0039
0.0000
0.0000
0.0000
0.0000
0.0000
0.0000
0.0000
1.0718
0.0000
0.0000
7.2368
0.7729
2.1352
0.0000
0.5713
0.0000
0.0000
0.0000
0.0000
0.0000
0.0000
0.9885
0.0000
0.0000
0.0000
0.0000
0.8037
0.0000
0.0000
0.0000
0.0000
0.0000
1.3466
0.0000
0.0000
0.3645
1.2433
1.2389
0.0000
0.0000
1.5093
0.0000
1.0384
2.3846
0.0000
0.0000
0.0000
0.0000
0.0000
0.0000
0.0000
1.8918
0.0000
0.0000
0.0000
0.0000
0.0000
0.0000
0.0000
0.0000
2.4488
0.0000
1.0203
0.0000
0.0000
1.4363
0.0000
0.0000
0.0000
0.0000
0.0000
0.0000
0.0000
1.9961
0.4231
0.0000
0.0000
2.0651
0.0000
0.0000
0.0000
0.3843
0.0000
0.8116
0.0000
0.0000
0.0000
0.0000
0.0000
1.3508
0.0000
0.0000
0.0000
0.0000
0.7945
0.0000
0.4773
0.0000
0.0000
0.6090
0.0000
0.0000
0.4898
0.0000
0.0000
0.0000
0.0000
1.1365
0.0000
1.9311
0.1154
0.7000
1.6601
2.0089
0.0000
1.2795
0.4187
0.0000
0.7190
0.0000
0.8681
0.0000
0.0000
0.1352
0.0000
0.0000
0.0000
0.0000
0.0000
2.7745
0.0000
2.8533
0.0300
0.0000
1.1013
1.6607
1.4403
0.0000
0.0000
0.0000
0.0000
0.9385
1.5226
0.0000
0.6736
0.0000
0.0000
0.9383
0.0000
0.0000
2.2164
0.0000
0.0000
2.4763
0.0000
0.9024
0.0000
0.3617
0.3287
0.0000
3.4810
0.0000
0.0000
0.0000
0.0000
0.0000
1.9178
0.0000
0.4163
0.1839
0.0000
0.0000
0.0000
0.3807
0.0000
0.0000
0.6237
0.0000
0.0000
0.0000
0.0000
0.0000
1.7832
0.0000
0.0000
0.0000
0.2149
0.0000
0.6511
0.4154
0.9502
0.0000
0.0000
0.0000
0.0000
0.0000
0.0000
0.0000
3.4543
0.0000
0.0000
2.1897
0.0000
0.0000
0.5068
0.8130
0.0000
0.0000
0.0000
2.4241
0.0000
0.0000
0.9271
0.0000
1.5530
0.5499
2.1268
0.6705
0.0000
0.0000
0.0000
0.0000
0.0000
0.0000
0.8059
0.0000
0.0000
0.0000
0.0000
0.0000
0.0000
0.0000
0.3840
0.0000
0.1516
0.0000
0.0000
0.0000
0.0000
0.1365
0.5813
0.0000
0.0000
2.7368
0.0000
0.0760
0.0000
4.2039
0.1881
0.1254
0.0000
1.7168
0.0000
0.0000
0.0000
0.0000
0.0000
0.0000
0.0309
0.0000
0.0000
0.0000
0.0000
0.0000
0.0000
0.0000
0.0000
0.0000
0.0000
0.0000
0.0735
0.0000
0.0000
0.0000
2.0114
0.0000
0.0687
0.0000
1.2508
0.0000
0.0000
0.0000
0.0153
0.0000
0.0000
0.0000
0.0000
0.0000
0.0000
0.0000
0.0000
0.0000
0.0000
0.0000
0.0000
0.0000
0.0000
0.0000
0.0000
0.0000
1.1117
0.0000
0.4609
0.0000
0.0000
0.0000
0.0000
1.5434
0.0000
0.0000
0.0000
0.0000
0.0000
0.0000
0.0000
0.0000
0.0000
0.0000
0.2766
0.0000
0.0000
0.0000
0.0000
0.0000
0.0000
0.0000
0.0000
2.4839
0.0000
0.2947
0.0000
0.0000
0.0000
0.7267
1.9770
0.5541
1.3035
0.0000
0.6788
0.0000
2.2659
0.0000
0.9675
0.0000
0.0000
0.0000
0.0000
0.4630
0.0000
2.5078
0.6283
0.0000
0.0000
0.0000
0.0000
0.0000
0.0000
0.0000
0.0000
0.0000
0.0000
0.0000
0.0000
0.0000
0.1086
0.0000
0.5996
0.0000
0.0000
0.5340
0.0000
0.0000
0.3307
0.0000
0.0000
0.0000
1.9831
0.0643
1.7271
0.0004
0.0970
0.7096
0.5103
0.0000
1.7878
0.7672
0.0000
0.0000
0.0000
0.0000
0.0000
0.4918
0.1533
0.0000
0.0000
0.0155
0.0000
0.0000
0.0000
0.0000
0.0000
0.0000
0.0000
0.0000
0.0000
0.0000
1.5434
0.0000
0.0000
0.0000
0.0000
0.0000
0.0000
1.3907
0.0000
0.0000
0.0000
0.6185
0.0000
0.0000
0.7525
0.0000
0.0000
0.0000
0.0000
2.5453
0.0000
0.3282
0.0000
0.0000
0.6452
0.0000
0.0000
0.0000
0.0000
0.0000
0.0000
0.0000
0.0924
0.2626
0.0000
1.0752
0.0000
1.8486
0.0000
2.6357
0.0000
0.0000
0.0000
0.0000
0.0000
0.0000
0.0000
1.3171
0.0000
0.0000
0.0189
0.1697
0.0000
0.0000
0.0000
0.0000
0.0000
0.6412
0.0000
0.0000
0.9755
0.0000
0.5782
2.3344
0.0000
0.0000
0.0000
0.0000
0.5986
1.0073
0.0000
0.0000
0.8056
2.2610
1.7948
0.0000
0.0000
0.9510
0.0000
0.0000
0.0000
0.0000
0.3313
0.0000
1.3829
0.0000
0.0000
0.0000
0.6369
0.0000
0.1072
0.0000
1.2727
1.1378
0.0000
0.0000
1.9196
0.0000
0.9287
0.6273
0.0000
0.0000
0.0000
0.0000
0.0000
1.7837
0.0000
1.1182
2.8803
0.4071
0.0000
0.0000
0.0000
0.0892
1.3183
0.0000
0.0000
0.0000
0.0000
0.0000
0.0271
2.9649
0.0000
0.0000
0.0000
0.0000
0.0000
0.0000
1.4159
1.7658
0.8966
0.1726
0.0000
0.0704
0.0000
0.0000
2.1210
0.0000
0.2948
0.0000
0.0000
3.4588
0.7094
0.0000
0.0000
0.0000
0.0000
0.0000
1.1628
0.0000
0.0000
3.0064
0.0000
0.0000
0.0000
0.0000
1.4382
0.0000
0.0000
0.0000
0.0000
0.0000
1.3469
1.7794
0.0000
0.0000
0.0000
0.2111
0.0000
0.0000
4.8764
0.0000
1.7527
0.1199
0.5518
0.0521
0.0000
0.0000
0.0000
0.0000
0.1134
0.0000
3.4668
0.0000
0.0000
0.0000
0.0000
0.0000
0.0000
0.0000
0.4102
0.0696
0.0000
0.0000
0.0000
0.0000
0.0000
0.0000
2.0363
5.6461
0.0000
0.0000
0.0000
0.0000
0.0000
0.0000
0.0000
0.0000
0.0000
0.7772
1.9069
0.0000
0.0000
1.5055
0.0000
0.0000
0.0000
0.0000
0.0000
1.3902
1.1592
0.0000
0.0000
0.0000
0.0000
0.0000
0.7183
0.0000
3.2704
0.0000
1.4830
0.0000
0.0000
0.0000
0.0000
0.0000
0.0000
0.0000
1.3416
1.8347
0.0000
0.0000
1.1069
0.0000
3.3852
0.0000
1.3659
0.7627
1.9501
0.0000
0.1119
0.0000
0.0000
0.0000
0.0000
3.1683
0.0000
0.4306
0.3252
0.0000
0.2007
0.0000
0.0000
0.2234
0.0303
0.0000
2.0137
2.4220
0.0000
1.4659
0.2486
0.0000
0.5497
0.0000
0.0000
0.0000
0.0000
0.0000
0.0000
0.0172
0.0000
0.0000
0.0000
1.3575
0.0000
0.0000
0.0000
0.0000
0.0000
0.0000
0.8770
0.0000
0.3878
0.0000
0.0000
4.5984
0.0000
0.0000
0.0000
0.0000
0.0000
1.3902
0.0000
0.0000
0.0000
0.0000
0.0000
0.0000
0.5379
1.2152
2.1373
0.0000
0.3878
0.0000
0.0000
1.5214
0.0000
0.9986
0.0000
0.0000
0.0000
1.5772
0.0000
0.0715
0.0000
0.0000
0.0000
0.0000
1.4894
0.0000
0.0000
0.0000
0.0000
0.0000
0.0000
0.0000
0.6164
0.5444
0.0000
0.0000
1.8497
3.0073
0.2071
0.0000
0.0000
0.4255
0.9744
0.4524
0.0000
0.0000
0.0000
0.0000
0.2056
0.4430
0.0000
0.0000
1.1982
0.0000
0.1230
0.2524
0.0000
0.0000
0.0000
0.0000
2.5763
0.0000
0.0000
0.5592
0.0000
0.0000
0.6132
2.3346
0.0000
0.0000
0.0000
1.6654
0.6679
0.0483
0.1927
0.0000
0.0000
0.0000
0.0000
1.5651
0.0000
0.0000
0.0000
0.3286
0.0000
0.8711
0.0000
0.0000
0.1269
0.0000
0.0000
0.0000
0.0000
0.0000
0.3716
0.0000
0.0000
0.0000
0.3516
1.4752
0.0000
2.4848
0.0000
0.0000
0.0000
0.0000
0.0000
1.5312
0.0000
0.0000
0.0000
0.2842
0.0000
1.1485
0.0000
0.0000
0.0000
0.0000
0.0000
2.3751
0.0543
0.0000
0.0000
0.0000
0.0000
0.0000
0.5624
0.0000
2.7072
0.0000
0.0000
0.0000
0.0000
0.0000
0.0000
0.4018
0.0000
0.0000
0.0000
0.0000
0.0000
0.0000
0.0000
0.0000
0.0000
1.4590
0.0000
0.6805
1.4003
1.4812
0.0000
2.4967
0.0000
0.0000
0.0000
0.0000
0.0000
0.0000
1.0566
0.0000
0.0000
0.0000
0.0000
0.0000
0.6527
0.4742
0.0000
0.0000
0.0000
0.0000
2.9008
0.0000
0.0000
0.0000
0.1626
0.0000
0.0000
0.0000
0.0000
0.0000
0.0000
0.0000
0.0000
0.5238
0.0000
0.0000
3.1876
0.0000
0.0000
4.1606
0.6675
0.0000
0.0000
0.0000
0.0000
0.0000
0.0000
0.0000
0.0000
0.0000
0.9331
2.1987
1.1704
0.0000
1.2150
0.0000
0.6582
0.0000
0.4260
1.6859
0.0000
0.0000
0.0000
0.0000
3.6068
0.0000
0.0000
0.4801
1.0670
0.0000
0.0000
0.3631
0.0000
1.2689
0.0982
0.0000
0.0000
0.0000
0.0000
1.5008
1.4794
0.0000
0.0000
0.0000
0.0000
0.0000
0.0000
0.0000
0.1896
0.0000
0.0000
0.0000
0.0000
0.0000
0.0000
0.0000
0.0040
0.0000
0.0000
0.1079
0.0000
0.0000
0.0000
0.5025
0.7976
0.0000
0.0000
0.0000
0.0000
0.0000
1.9749
0.5172
0.0000
0.0000
0.0000
1.9591
0.4134
0.4360
0.0000
0.0000
0.9445
2.6111
0.0000
0.0000
0.0000
3.1935
1.2725
0.0000
0.0000
0.0000
0.0000
0.0000
0.4809
0.0000
0.8424
0.0000
0.0000
0.0000
3.6870
0.0000
0.0000
0.0000
0.0000
0.0000
0.0000
4.2925
0.0000
0.0000
0.0000
0.0000
0.1878
0.0713
0.0000
0.0000
0.6544
0.3677
0.0000
0.7372
0.0000
0.0000
0.0000
0.0000
0.0000
0.0000
4.2413
0.0000
2.6791
0.0000
0.0000
2.7220
0.0000
1.0265
0.0000
2.0008
0.0000
0.8548
0.5448
0.0000
0.0000
0.0000
0.2859
0.0000
0.0000
0.0819
0.0000
0.0000
0.0000
0.0000
0.0000
0.0000
2.8337
0.0000
0.0000
0.0000
1.1238
0.0000
0.0000
0.0000
0.1588
0.0000
1.6551
0.0000
0.0000
0.6354
2.1873
0.0000
0.0000
0.1790
0.0712
5.4727
0.7731
0.9567
0.0000
1.1276
0.0000
0.0000
0.0000
0.0000
0.0000
0.0000
0.0000
0.0000
2.1437
1.9927
4.0114
0.4687
0.0000
1.5570
0.0000
0.0000
0.0000
0.0000
0.0000
2.2196
0.0000
0.0000
0.9511
0.0000
0.0000
0.0194
2.6427
0.0000
0.0000
0.0000
0.0000
0.0000
0.0722
0.8880
2.2656
1.6837
0.0000
0.1615
0.0731
1.3194
1.8102
0.5591
0.0000
0.0000
0.0000
0.0000
0.8269
0.3173
0.0000
0.0000
0.0000
0.0000
0.0000
0.5369
0.4453
0.0000
0.0000
0.0000
0.0000
2.1443
2.9189
0.1071
0.0000
0.2856
1.4274
0.0000
0.6630
0.0000
0.0000
0.0000
0.0000
0.6316
0.0000
0.0000
0.3864
0.0000
3.4942
0.0000
0.7586
0.0461
0.0000
0.5922
0.6186
0.8484
0.0085
0.0000
0.0000
0.5339
0.8195
0.3580
0.0000
0.0000
0.0000
0.0000
0.0000
0.0000
0.0000
0.7682
0.5377
0.0000
0.0000
0.0000
0.0000
0.0000
4.1952
1.0988
0.0000
0.0000
1.0849
0.0000
0.0000
0.0000
0.0000
2.3271
0.0000
0.5453
1.2676
0.0000
2.3780
0.0000
0.0000
0.0000
0.5519
1.3993
0.0000
0.0000
0.0000
0.0000
1.0186
0.0000
0.0000
0.0000
0.0000
0.0000
0.0000
0.0000
0.0000
0.0000
0.0000
0.0000
0.0000
1.2194
0.2077
0.0000
0.0000
0.0000
0.3949
2.5540
2.2719
0.0000
1.3250
0.0000
0.0000
1.6078
0.0000
0.0000
0.0000
0.2177
1.5632
0.0000
4.5878
1.2783
0.0000
4.6124
0.0000
1.1519
0.5122
0.0000
1.5354
0.0000
0.0000
0.0000
0.0000
0.3780
0.0000
0.0000
0.0000
0.5702
0.4181
0.0000
0.0000
0.0000
0.0000
0.0000
2.2681
0.0000
0.3145
0.0000
0.0000
0.2343
0.0000
