0.2375
0.0000
0.0000
0.0000
0.8796
0.0000
0.0000
0.0000
0.0000
2.3127
2.1766
0.0000
0.3208
0.0000
0.0000
0.0000
0.0000
0.0000
0.0000
0.0000
0.0000
0.0307
1.5110
1.0528
1.2086
0.4649
0.0000
1.3782
0.0000
0.0000
0.0000
0.0000
0.7675
0.0000
1.4810
0.0000
0.0000
0.0000
1.3672
2.4491
0.0000
0.7876
0.0000
0.0000
0.0000
0.0000
0.0000
0.0000
0.0000
0.6470
0.0000
0.0000
0.0000
0.0000
0.0000
0.0000
0.9400
0.5603
0.0000
0.0000
0.0000
0.6017
0.0000
1.1784
0.0000
0.0000
0.0000
0.0000
0.0000
0.0000
0.0000
3.9778
0.0000
0.0000
0.0000
1.0390
0.0000
0.0000
0.0000
0.0000
0.0000
0.0000
0.0000
0.0000
0.0000
0.0143
0.0000
2.6004
0.0000
0.0000
0.9428
0.0000
0.8918
1.4085
0.0000
0.0000
0.0000
0.0000
2.7929
0.0000
0.0000
0.0000
1.2912
0.0000
0.0000
0.0000
0.0000
0.8642
0.0000
1.9287
0.0000
0.0000
0.0000
0.0653
0.0000
0.0000
0.0000
0.0000
0.0000
0.0000
1.2462
0.0000
1.8257
0.0000
0.0000
0.0000
0.0000
0.8654
0.0000
0.3225
0.0000
0.0000
1.6015
0.0000
2.0565
0.0000
0.1620
1.5892
0.0000
2.7974
2.3858
0.0000
2.1118
0.6121
3.5541
0.0000
0.0000
0.0000
0.0000
0.0000
0.0000
1.0862
1.3044
0.4183
0.0000
0.0000
0.0000
0.2238
0.6321
0.0000
0.0000
0.0000
0.0000
0.0000
0.0000
1.3360
0.0000
0.0000
0.0000
2.1236
0.0000
0.0000
0.0000
0.0000
0.0000
0.0000
0.0000
0.5424
0.0000
4.4948
0.5547
1.7461
0.0000
0.0000
0.0000
0.0000
0.6954
2.4803
2.5097
1.6697
0.0000
0.0000
0.0000
0.0000
0.3375
0.0000
0.0000
0.0000
2.0047
2.2660
0.0000
0.0000
0.0000
0.0000
0.0000
0.0000
0.0000
0.0000
0.0000
0.0000
0.0000
0.0000
0.0000
0.0000
0.0000
0.0000
0.0000
0.0000
0.0000
0.0000
0.0000
0.0000
0.0000
0.0000
0.7293
0.0000
0.0000
0.0000
0.0000
0.3977
0.0000
0.0000
0.0000
0.0000
0.5971
0.0000
1.0394
0.0000
0.0000
0.0000
0.0000
0.0000
0.0000
0.0000
0.0000
0.0000
0.0000
0.0000
0.0000
0.0000
0.0000
0.0000
0.0000
0.0000
0.0000
1.9837
0.0000
0.0000
1.1065
0.0000
0.0000
0.0000
0.0000
0.0000
0.0000
0.0000
0.7775
0.0000
0.0000
0.0000
2.4573
0.0000
0.0000
1.0146
0.0000
0.0000
0.0000
0.5006
0.0000
0.0000
2.8623
0.0000
2.5159
0.0000
0.0000
2.5556
0.0000
0.0000
0.0000
0.0000
0.0000
0.0000
0.0000
0.0000
3.5994
0.0000
0.0000
1.1160
0.0000
3.6185
0.0000
0.0000
0.0000
0.0000
0.0000
0.0000
0.0000
0.0000
0.0000
0.0000
0.0000
0.3468
0.0000
2.5330
0.8600
0.0000
0.0000
0.0000
0.0000
2.7481
0.0000
2.2068
0.0000
0.0000
0.0000
1.4948
0.0000
0.0000
0.0000
1.8062
0.0000
0.1566
0.0000
0.0000
0.0817
4.0258
2.2921
0.0000
0.0000
4.0414
0.0000
0.0000
0.0000
0.0000
0.0000
3.5257
0.0000
0.0000
0.0000
0.0000
0.0000
3.8261
0.5872
0.0000
0.1403
0.0755
0.0000
0.0000
0.2380
0.0000
0.0000
0.0000
0.0000
0.0000
0.0000
0.0000
0.0000
0.1484
0.2738
0.0000
0.0000
0.3627
0.0000
0.0000
0.0000
0.1367
0.0000
0.0000
0.0000
0.0000
2.6386
0.0000
0.6015
0.0000
0.0000
0.0000
0.1879
0.1766
0.0000
0.0000
1.5224
0.0000
0.0000
0.0000
0.0000
2.3520
0.0000
0.0000
0.0000
0.2172
0.0000
0.8581
0.0000
0.0000
0.0000
1.5273
0.0000
0.0000
1.3540
0.0000
0.0000
0.0000
0.0000
4.1510
0.0000
2.6394
0.0000
0.0000
0.9075
0.0000
0.0000
0.0450
0.6714
0.0000
0.0636
0.0000
0.0000
0.8999
0.0000
0.0000
0.0000
0.0000
0.0000
0.0000
0.0000
0.0000
0.0000
0.0000
1.9573
0.0000
2.4644
0.2448
0.6313
0.0000
3.1148
0.9106
0.0000
2.5340
0.3675
0.6020
0.1046
0.0000
0.0000
0.6550
0.0000
0.4382
0.0000
0.3965
0.0000
0.0000
0.5475
0.0000
0.6950
0.0000
0.0000
0.0000
0.0000
0.0000
0.0000
0.0000
0.0000
0.9071
0.0504
0.4507
0.0000
1.0835
1.9202
0.0000
1.2734
0.0000
0.0000
0.0000
0.8814
0.5268
1.5419
0.2620
0.0000
0.8484
0.0000
0.8535
0.0000
0.0000
0.0000
0.0000
3.4875
0.0000
0.0000
0.0000
0.4971
0.0000
0.0000
0.0000
2.0453
0.0000
0.5088
0.1039
0.0000
0.0000
0.0000
1.1835
0.0000
1.0476
0.0000
0.4162
0.0000
0.0000
0.0000
0.0000
9.1138
0.0000
2.2910
0.3133
0.0000
1.2508
0.5559
0.0000
0.2404
0.0000
0.0000
0.0000
1.0513
1.5638
0.1938
0.0000
0.0000
2.8481
0.0000
0.0000
0.7098
0.0000
0.0000
0.3965
0.0000
0.0000
0.0000
0.0000
0.0000
0.0000
0.5460
0.0000
0.0000
2.1801
0.0000
0.0000
0.0000
0.0000
0.0000
0.0000
0.0000
0.0000
1.3445
0.2720
0.0000
0.0000
0.0000
1.0936
0.0000
0.0000
0.0000
0.0000
0.0000
0.0000
0.0000
0.0000
0.0000
0.0000
0.0000
0.2070
0.0000
1.4910
0.0000
0.0000
0.0000
0.0000
0.0000
0.0000
0.0000
0.4653
3.5621
0.4234
0.0000
0.4969
0.0000
0.0000
0.0000
0.0000
0.0000
0.0000
1.3953
0.0000
0.0000
3.6338
0.0000
0.0000
0.0000
0.5057
2.4771
0.0000
0.0000
0.0000
0.0000
0.0000
0.0000
5.0028
0.0000
0.6175
0.0000
0.8398
0.5826
0.0000
3.0012
0.0000
0.7746
0.0000
0.0000
1.1746
0.0000
0.6993
0.0000
0.0000
0.0000
0.0000
0.0000
0.0000
1.5491
1.4704
0.0000
0.3873
0.0000
0.0000
0.2206
0.1346
0.0000
0.0000
0.9017
0.0000
0.0000
0.0000
0.0000
0.0000
0.0000
0.0000
1.8553
0.0000
0.0000
0.0000
0.0000
0.0000
0.0000
0.0000
0.0000
1.0592
0.9249
0.0000
0.0000
0.0000
0.0000
0.0000
0.0000
0.0000
0.0000
0.0000
0.0000
0.0000
0.0000
0.0000
0.0000
0.0000
0.0000
0.0000
0.0000
0.0000
0.0000
0.0000
0.0000
0.0000
0.0000
0.0000
0.0000
1.5851
0.0264
0.0000
2.4896
0.0000
0.0000
0.0000
0.0000
0.0000
0.3829
0.0000
2.2544
0.0000
0.0000
0.3958
0.4727
0.0000
0.0000
0.0000
0.0000
0.8635
0.0000
2.3564
0.9326
0.0000
0.0000
0.0000
0.0000
0.0000
0.0000
0.0000
0.0000
0.0000
0.7287
0.8579
0.0000
0.0000
0.0000
0.0000
0.0000
0.2709
0.0000
0.0000
0.0000
0.0000
0.0000
0.0000
0.0000
0.3681
0.0000
4.4318
0.5820
0.0000
0.0000
0.9346
0.0000
0.0000
1.1501
0.3732
0.4940
0.0000
0.0000
0.0000
0.0000
0.0000
0.0000
0.0000
0.0000
0.0000
0.0657
0.0000
1.0272
0.0000
0.9056
0.0000
0.0000
2.5901
0.0000
0.0000
0.0000
0.0000
0.0000
0.0000
0.0000
0.0000
0.0000
0.0000
0.0000
0.0000
0.0000
0.0000
0.0000
0.0000
0.0000
0.0000
0.0000
0.0000
0.0000
0.0000
0.0000
0.0000
0.0000
0.0000
2.1708
0.0000
0.0000
0.0000
0.0000
0.0000
0.0984
0.0000
0.0000
0.0000
2.2498
0.3727
0.0000
0.0000
0.0000
0.0000
0.0000
0.0000
0.0000
0.0000
0.0000
0.2331
0.0000
0.0000
1.8069
0.0000
0.0000
1.5029
0.8773
0.0000
0.0000
0.0000
0.0000
0.0000
0.0000
0.0000
1.7007
0.0000
1.6270
0.0000
0.0000
0.0000
0.0000
0.0000
0.0000
0.0000
0.0000
0.0000
0.0000
0.0000
0.0000
1.4692
0.0000
0.0000
0.0000
0.0000
2.4372
0.0000
0.0000
0.1299
0.0000
0.0000
0.0000
0.0000
0.0000
0.0000
0.0000
0.0000
0.6505
0.0000
0.0000
1.3813
0.0137
0.0275
0.3905
0.1320
0.0000
0.0000
0.0000
0.0000
2.2588
0.0000
0.0000
0.0000
0.0000
3.3227
0.0000
0.0000
0.0000
0.0000
0.1766
0.0000
0.0000
0.0000
0.0000
0.0000
0.0000
0.0000
0.3768
0.0000
0.0000
0.0000
0.0000
0.0000
0.0000
1.5757
1.5456
0.0000
0.0000
0.0000
0.0000
0.0000
0.0000
0.0000
0.0000
0.0000
0.0000
0.4088
0.0000
0.0000
2.5230
0.0000
0.0000
0.0000
0.0000
1.2315
0.0000
0.0000
0.0000
0.0000
0.0000
0.0000
0.0000
3.7518
1.0057
0.3891
0.0000
0.0000
0.0000
0.0000
0.0000
0.0000
0.0000
1.8068
0.0000
0.0000
0.0000
0.0000
1.8667
0.0000
0.0000
0.0000
0.3548
1.5406
0.0000
0.0000
0.0000
4.4445
0.0000
0.6510
0.0000
0.0000
0.0000
0.0000
1.3882
0.0000
0.0000
0.0000
0.0000
0.3804
0.0000
1.3628
0.0000
0.0000
0.0000
0.5883
0.6598
0.0000
0.4926
0.9788
0.0000
0.0000
0.0000
0.0000
1.2222
0.0000
0.0000
0.0000
0.0000
2.0536
0.0000
0.0000
3.3471
1.7718
1.7038
0.0000
0.0000
0.0000
1.1546
0.0000
0.0000
0.0000
0.0000
0.1988
0.0000
0.0000
0.0000
3.0908
0.0000
0.0000
0.0000
0.0000
0.0000
1.4817
0.0000
0.0000
0.0000
1.8278
0.0000
3.3068
0.0000
3.1745
0.0000
0.0000
0.8205
2.1298
0.0000
0.8512
0.0000
2.8228
0.0000
0.0000
0.3260
0.4882
2.4657
0.0000
0.0000
0.0648
0.1516
0.0000
2.3016
0.3998
0.2789
0.0000
2.6029
0.0000
2.0259
0.0000
0.0000
0.0000
0.0000
0.0000
0.0000
0.0000
1.0828
0.0000
0.0000
0.0000
0.0000
0.0000
0.0000
0.0000
0.0000
0.0000
0.0000
0.0000
0.0000
0.0000
2.6937
0.0000
1.8057
0.0000
0.0000
3.5213
0.9353
0.0000
0.0000
0.0000
0.0000
0.0000
0.0000
0.1938
0.0000
0.0000
0.0000
0.0000
0.0000
1.1150
0.0000
0.0000
0.0000
0.0000
0.0000
1.1274
0.0000
1.4691
0.0000
0.0000
1.0327
1.3309
0.0000
0.0000
1.1895
0.0000
0.0000
0.0000
0.0000
2.0053
0.0000
0.1791
0.0000
1.3036
0.3164
0.0000
0.0000
0.0000
0.0000
0.7189
0.3285
0.0000
0.9381
0.0000
0.1296
0.0000
0.0000
0.0000
0.0000
0.0000
0.0000
0.0000
0.0000
0.0000
0.0000
0.0000
0.0000
0.0000
0.0000
1.6378
0.0000
0.0000
0.0000
0.0000
0.0000
0.0000
0.0000
0.0000
0.0000
0.0000
2.7410
0.0000
0.0000
0.0000
0.8589
0.0000
2.4787
0.0000
0.0000
0.0000
0.0000
2.8209
0.2369
0.0000
0.0000
0.2443
0.8951
0.0000
0.0000
0.2132
0.0000
0.0000
0.0000
0.0000
0.0000
0.0000
0.7587
0.1990
0.0000
0.0000
2.1280
0.0000
0.0000
0.9600
3.6946
1.1418
0.0000
0.0000
0.0000
0.0000
0.0000
1.8223
1.0365
0.0000
0.0000
0.0879
0.0000
0.0000
0.6454
0.0000
1.2367
1.1464
0.0000
0.0000
0.6550
0.0000
0.0000
0.0000
0.0000
0.0000
2.6994
0.5004
0.0000
0.0000
0.1269
0.0000
0.0000
0.0000
0.0000
0.0000
4.6869
0.3362
2.3513
0.0000
0.0000
0.0000
0.0000
0.0000
0.0000
0.0000
0.0000
0.0000
0.0000
4.1210
0.0000
0.0000
0.0000
0.0000
0.0000
0.0000
0.0000
0.0000
0.0000
0.2841
0.0000
0.0000
0.0000
0.0000
0.0000
0.0000
0.0000
0.0000
0.0000
0.0000
0.0000
0.0000
0.0000
0.0000
3.1374
0.0000
0.0000
0.0000
1.6869
0.0000
0.0000
0.0000
0.0000
1.9595
0.1194
0.0000
0.0000
0.0000
0.0000
0.1694
0.0000
0.0000
0.0000
0.0000
0.0000
0.0000
0.0000
0.0000
3.1701
0.0000
0.0000
0.0000
1.2560
0.0000
0.0000
0.9157
0.0000
0.0000
0.0000
0.0000
0.0000
0.9362
0.8718
0.0000
0.0000
0.0000
0.0000
2.0151
1.8632
0.0000
0.0000
0.0000
2.0976
0.0000
0.0000
0.0000
0.0000
0.0000
1.0666
0.0000
0.0000
0.0000
0.0000
0.0000
0.0000
0.0000
0.0000
0.0000
1.1791
0.0000
0.0000
2.2190
0.0000
0.0000
0.0000
0.6198
0.0000
0.0000
0.0000
0.0000
1.1902
0.3132
0.0000
0.0000
0.0000
0.0000
0.0000
0.0000
0.0000
0.9012
0.3454
2.1446
0.0000
2.2007
0.0000
0.0000
0.0000
0.0000
0.0000
0.0000
0.0000
0.0000
0.0000
0.0000
0.0000
0.0000
0.0000
0.0000
0.0000
0.0000
0.0000
0.0000
0.0000
1.0084
0.0000
0.0000
0.0000
0.0000
0.4269
0.0000
0.0000
0.0000
0.2938
0.0000
0.6357
2.3118
0.0000
1.7277
0.0000
0.0000
0.0000
0.0000
0.0000
0.0000
0.3833
0.0000
0.0000
0.0000
1.4135
3.2842
0.0000
0.0000
0.0000
1.0496
0.0000
0.0000
0.8240
0.0000
2.0269
0.4865
0.0000
1.7255
0.0000
1.3020
0.0000
4.9137
0.0000
0.0000
0.0000
0.0000
1.2441
1.0576
0.0000
0.0000
0.0000
0.0000
0.0000
0.0000
0.7573
0.1032
0.0000
0.0000
0.0000
1.9823
0.0000
0.6130
0.0000
2.1079
0.0000
0.0000
1.0578
0.6894
0.0000
2.1421
0.0000
0.0000
2.0318
1.5248
0.0000
0.0000
0.0000
0.7793
0.0000
0.0000
0.7776
0.0000
0.0000
1.8248
0.0000
0.0000
0.0000
0.6757
0.0626
1.4665
0.0000
2.4759
0.0000
0.0000
0.0000
0.0000
0.0000
0.0000
0.0000
0.4135
0.0000
0.0000
0.0000
0.0000
0.9342
1.0589
0.0000
0.0000
0.0000
0.6230
0.0000
0.0000
0.0000
0.0000
0.0000
0.0000
0.0000
0.0000
1.2915
0.0000
0.0000
0.0000
0.0000
0.0000
0.0000
0.0000
0.0000
0.4042
2.9229
2.3220
0.0000
2.7323
0.0000
0.0000
0.0000
1.8666
0.0000
0.0000
0.0000
0.0000
0.0000
0.0000
0.0000
0.0000
2.7532
0.0000
0.0000
0.0000
0.0000
0.0000
0.0000
0.8621
0.0000
0.0000
5.0634
0.4972
0.0000
0.0000
0.0000
0.0000
0.0000
2.2742
0.7173
0.0000
0.0000
0.0000
0.0000
0.0000
0.0000
0.0000
0.0000
0.0000
0.0000
1.0821
0.0000
0.0000
0.0000
0.0000
0.0000
1.4420
0.0000
0.3670
0.2613
0.0000
0.0000
0.0000
0.0000
0.0000
0.0000
0.2090
0.0000
0.0000
0.0000
1.1704
0.0000
0.0000
0.0000
0.0000
1.1877
0.0000
0.0000
0.0000
0.4903
1.6921
0.0000
2.9753
0.0000
0.0000
1.4347
0.3555
0.0823
2.4884
0.0000
0.0000
0.0000
0.8462
0.0000
1.9610
0.4563
0.0000
0.0000
0.0000
0.0382
0.0000
0.0000
0.2324
0.0000
0.0000
0.0000
0.0000
0.0000
0.8969
0.0000
0.0000
0.0000
0.0000
0.6101
0.0000
0.0000
0.0000
1.4248
0.6634
0.0000
0.0000
0.0000
1.6524
0.0000
1.4620
0.0000
0.0000
0.0000
0.0000
0.0000
0.0000
0.0000
0.0000
0.0000
1.1998
0.0000
0.0000
0.0000
2.0840
0.0000
2.0516
2.2742
0.0000
0.0000
0.0000
0.0000
1.2891
0.0000
0.0000
0.0000
0.0000
0.0000
0.0000
0.0000
0.4915
0.0000
0.0000
0.0000
0.0000
0.0000
0.0000
0.0000
0.0000
0.0000
0.0000
1.8179
0.0000
0.0000
0.0000
0.5452
0.0000
0.0000
1.0557
0.0000
0.0000
0.3980
0.2467
0.0000
1.3667
2.1420
0.0000
0.0000
0.0000
0.6535
0.5093
0.0000
0.0000
0.0000
0.0000
0.0000
0.0000
1.2056
0.0000
0.4014
0.0000
1.4360
0.0000
0.0000
0.0000
0.0000
0.8060
0.0000
0.0000
0.0000
1.5161
0.0000
0.0000
3.5267
0.0000
0.0000
0.0000
0.0000
0.0000
0.0000
0.0000
0.0000
0.0000
0.9391
0.0000
0.0000
0.0000
0.0000
0.7726
0.4946
0.1224
0.0000
2.4046
0.0000
1.0545
0.0000
0.0000
0.0000
0.0000
0.0000
1.1872
2.2030
0.8631
0.0000
0.0000
0.0000
2.0052
0.0000
2.0374
0.0000
0.0000
0.0000
0.0000
0.0000
0.0000
0.0000
1.2685
0.0000
0.0000
0.4883
0.3796
1.1116
2.6759
0.0000
0.0000
0.0000
0.0000
0.0000
0.0000
0.0000
2.8347
0.0000
0.0000
2.6634
0.0000
0.0000
0.0000
0.5615
0.0000
0.0000
1.2504
2.1505
0.0000
1.2532
0.0000
2.2416
0.5666
0.0000
0.4605
0.0243
1.5372
0.0000
0.0000
0.0000
0.0000
0.0000
0.0000
0.4351
0.0000
2.2618
0.0000
0.0000
2.5358
0.0494
2.5020
0.0000
0.0000
0.0264
0.3731
0.0000
0.0000
0.0000
0.0415
0.0000
0.0000
3.2028
0.0000
2.2430
0.0000
0.0000
0.0000
0.0000
0.0000
0.0000
0.0000
1.1383
0.9941
0.0000
0.0000
2.5115
0.0000
0.0000
4.6607
0.0000
0.0000
0.0071
0.0000
0.3830
0.0000
0.0000
1.4163
0.0000
0.0000
0.0000
0.0000
0.0000
2.8383
0.0000
0.0000
0.0000
0.0000
1.8814
0.0000
4.2213
0.4525
1.5821
0.0000
0.0000
0.0000
0.0000
0.0000
0.0000
1.8979
0.0000
0.3287
1.2383
0.0000
0.0000
0.0000
0.0000
0.4423
0.0000
0.0000
0.0000
0.0000
2.7365
0.4831
0.0000
0.0000
0.0000
0.5633
0.0000
0.0000
0.0000
0.0000
0.0000
0.1605
0.0000
0.0000
0.0000
0.6040
0.0000
2.5469
0.0000
0.0000
0.0000
0.0000
0.0000
0.0000
0.6320
0.0000
0.0000
0.0000
0.9504
0.0000
0.6580
0.0000
0.1285
0.0000
0.0000
0.0000
0.0000
1.3496
0.0791
0.0000
0.0000
4.3761
0.0000
0.1200
0.0000
0.0000
0.0000
0.7267
0.0000
0.0000
0.0000
0.0000
0.0000
0.0000
2.1676
2.2291
0.0000
0.0000
0.0000
0.0414
0.0000
0.0000
0.0000
0.9036
0.0000
1.2087
0.0000
0.0000
0.5527
0.0000
1.5861
0.0000
0.0000
0.8774
0.0000
0.0000
0.0000
0.0000
3.1942
0.7076
0.0000
0.5636
0.0000
0.0000
0.0000
0.0000
0.0000
0.0000
0.9132
0.0000
0.0000
0.8955
0.0000
0.0000
0.0000
0.0000
0.0000
0.0000
0.0000
1.2005
1.2992
0.0000
1.3994
1.9327
1.3914
0.7382
0.8103
0.0000
0.0000
0.3480
0.0000
0.0000
3.0986
0.0000
0.0000
0.7453
0.4782
0.0000
0.0000
0.0000
2.1161
0.0000
0.0000
0.4249
0.0000
0.0000
0.0000
0.0000
0.0000
0.2353
0.0000
0.0000
0.0000
0.0000
0.1827
1.0498
0.0000
1.4348
0.5018
0.0000
0.0000
0.9408
1.3543
0.0000
0.0000
0.0000
1.1609
1.0795
0.0000
0.0000
0.0771
0.0000
0.0000
1.8594
0.8171
0.0000
0.0000
0.0000
0.0000
1.6179
2.0606
0.0000
0.0000
0.0000
0.0000
0.0000
2.7064
0.0000
0.0000
0.0000
0.0000
0.9379
0.0000
0.0000
0.0000
0.5534
0.0000
0.0000
0.0000
0.3160
0.0000
0.0000
0.0000
1.6501
0.7142
0.6280
0.0000
0.0000
0.0000
0.0000
0.0000
0.4300
0.0000
0.0000
0.0000
1.4155
0.0000
0.3092
0.1836
0.0000
0.0000
0.0000
0.0000
0.0000
0.0000
0.0000
0.0000
0.0000
0.0809
0.0000
3.2775
0.0000
0.0000
0.0000
0.0000
0.0000
0.0000
0.0000
1.4420
0.0000
0.0000
0.0000
0.0000
0.0000
0.0000
0.0000
0.0000
0.0000
0.0000
1.0751
0.0000
0.0000
0.0000
1.2333
0.0000
0.0000
1.1483
0.0000
0.0000
0.0000
0.0000
1.3250
0.0000
0.0000
0.0000
0.0000
0.0000
0.6463
0.0000
3.3791
0.0000
1.0506
0.7706
0.0000
0.0000
0.0000
0.0000
0.0000
0.0000
1.9828
0.0000
1.0847
0.0000
3.0651
0.0000
0.0000
0.0000
0.0000
0.0000
0.6751
0.0000
0.1915
1.1677
0.0000
0.8142
0.0000
0.0000
0.0000
0.7777
2.3884
0.0000
0.0000
0.0000
0.0000
0.0000
0.0000
0.0000
0.0000
0.0000
0.0000
0.0000
0.0000
0.0000
1.4052
1.4754
0.9148
2.2104
0.0000
1.1065
0.5347
0.6534
0.0000
0.0000
0.0000
0.0000
0.9545
0.1660
1.7059
0.0000
0.0000
0.0000
0.5224
0.0000
0.0000
0.0000
0.0000
0.0000
0.0000
0.0000
0.0000
0.0000
0.0000
0.0000
0.0000
0.9901
0.2229
0.0000
1.4699
0.0000
0.0000
0.9803
0.0000
0.0000
0.0000
0.0000
0.0000
0.0000
0.0000
1.9694
0.4649
0.0000
0.0000
0.0000
0.0000
0.0000
0.0000
0.0000
0.0000
0.0000
0.0000
0.0000
0.0000
0.0000
0.7413
0.0000
0.0000
0.2806
1.0960
1.7225
0.0000
0.0000
0.0000
4.2228
0.0000
0.0000
0.0000
1.7815
0.0000
0.0000
1.5420
0.0000
0.0000
0.0000
1.6348
1.0521
0.0000
2.0366
0.1325
0.0000
3.0708
0.0000
0.0000
0.0000
0.9732
0.0000
0.8819
0.5823
0.0000
0.7199
0.0000
0.0000
0.0000
0.0000
0.2861
0.0000
0.0000
0.1713
0.0000
0.0000
0.0000
0.0000
0.0000
0.0000
0.0000
0.0000
0.0000
0.7235
0.0000
1.3852
0.4906
0.0000
0.0000
0.0000
0.0000
1.0068
0.0000
0.0000
1.7869
0.0000
0.0000
1.5286
0.0000
1.8691
0.0000
0.0000
0.8509
0.0000
0.0000
0.3555
0.0000
0.0000
0.0000
0.0000
1.0059
0.0000
0.0000
0.0000
0.0000
0.0000
2.4079
0.0000
0.0000
0.0000
0.0000
0.0000
0.0000
0.0000
0.0000
0.0000
0.0000
0.5771
0.0000
1.4985
2.0549
0.0000
0.0000
1.6086
0.3692
0.0000
1.4328
0.0000
0.0000
0.0000
0.0000
0.0000
2.5094
0.0403
0.0000
0.7927
0.0000
2.5070
4.8343
0.0000
0.0000
0.2513
0.0000
0.0000
0.0000
0.0000
0.0000
0.0000
0.0000
0.0000
0.0000
0.0000
0.0000
0.0000
0.0000
0.0000
0.0000
0.2101
0.0000
0.9938
0.0000
0.0000
0.2954
0.8277
0.0000
1.9362
0.0000
0.0000
0.4728
0.0000
0.0000
0.9372
0.6616
0.0000
0.0000
2.7646
0.0000
0.0000
0.0000
1.3940
0.0000
0.0000
0.8805
0.0000
0.0000
0.0000
0.0000
0.0000
1.2190
0.0000
0.0000
3.7613
1.8135
0.0000
0.0000
1.5884
0.2365
0.0000
0.0000
1.9955
0.0000
0.0000
0.0000
0.0000
0.4036
0.4668
0.1622
0.0000
0.9588
0.0000
0.0000
0.0000
0.0000
0.0000
0.0703
0.0000
0.0000
0.0000
0.0000
0.1577
0.0126
0.0000
3.1591
0.0000
0.0000
1.8683
0.0000
0.0000
0.0000
0.0000
0.0000
0.0000
2.7073
0.0000
0.0000
0.7310
0.0000
0.0000
0.0000
0.0000
0.0000
0.0000
0.0000
0.0000
0.0000
0.0000
0.0000
1.7260
0.0000
0.0000
0.0000
0.0000
0.0000
0.0000
2.1002
0.0000
0.0000
0.0000
0.0000
0.0000
0.1163
0.0000
0.0000
0.0000
0.7427
1.0317
0.0000
0.0000
0.0000
0.0000
0.0000
0.0000
0.0000
4.1760
0.0000
0.0000
0.0000
0.0000
4.6466
1.1410
0.0000
0.0000
0.0000
0.0000
0.0000
0.0000
0.0000
0.0000
0.0000
0.0000
0.0000
0.0000
0.0000
0.0000
0.0000
0.0000
2.1219
0.0000
0.0000
0.0000
0.0000
0.0000
0.0864
0.0000
0.0000
1.4923
0.0000
0.6093
1.6934
0.0000
0.0000
1.5337
0.0000
0.0000
0.0000
0.0000
1.3462
0.0000
0.0000
3.1363
0.1965
0.0000
0.0000
0.0000
0.0000
0.0000
0.0000
0.0156
0.0000
0.0000
1.8382
0.0000
0.0000
0.0000
0.9821
0.0000
0.0000
0.0000
0.0000
0.0000
0.0000
0.0261
0.0000
0.0000
0.0000
0.0000
0.6722
0.0000
0.8385
0.0000
0.0000
0.0000
0.0000
2.4532
0.0000
0.2157
0.0000
0.0000
3.5942
0.0000
0.0000
0.0000
0.0000
0.4973
0.0000
1.2614
1.9300
0.0000
0.0000
0.0000
0.0000
0.0000
0.0000
0.0000
0.0000
0.0000
1.7678
0.0000
0.0000
0.8033
0.0000
2.1856
0.0000
0.0000
0.0000
0.0000
0.7121
0.0000
1.5167
0.3396
0.5973
0.0000
4.0151
0.4025
0.0000
0.0000
0.0000
1.5956
0.0000
0.1379
0.0000
0.0000
0.0000
0.0000
0.0000
0.6852
0.0000
0.0000
1.0445
0.0000
0.0000
0.0000
1.1023
0.0000
0.0000
0.0000
2.3399
0.0000
0.0000
0.0000
2.1481
0.6754
0.0000
0.0000
0.0000
0.0000
0.0000
0.0000
0.0000
2.3367
1.1850
5.6828
0.0000
1.4987
2.9534
0.0000
0.0000
0.0000
0.0000
0.0000
0.0000
0.2303
0.0000
0.0000
0.7653
0.0000
0.0000
0.0000
0.0000
0.0000
0.0000
0.0000
1.9202
0.0000
0.0000
0.0000
1.3028
0.0000
1.5086
1.5256
0.0000
0.0000
0.2134
0.0000
0.1512
0.0000
0.0000
2.9365
0.9129
0.0000
0.0000
0.0000
0.1831
3.5662
0.0000
1.1712
0.0000
0.0000
0.0000
0.0000
0.0000
0.0000
0.0000
2.6294
1.3969
0.0000
0.0000
0.0000
0.0000
0.0000
0.5881
0.0000
0.0000
0.0000
0.0000
0.0000
0.0000
0.0000
0.0000
0.0000
2.0189
1.7666
0.0000
0.0000
0.8527
0.0000
0.0000
0.0000
1.1468
0.4117
0.5919
0.6781
0.0000
0.0000
1.4667
0.0000
0.0000
0.0000
0.0000
0.0061
0.0000
0.7009
0.0000
0.0000
3.2811
0.0000
0.0000
0.8203
0.0000
0.0000
0.0000
0.0000
0.0000
0.0000
0.0000
0.1536
0.2566
0.9011
0.0000
0.0000
0.0000
0.4479
0.0000
0.5036
4.2189
0.0000
0.0000
0.0000
0.0000
0.0000
0.0000
1.2866
0.0000
0.0000
0.0000
0.0000
0.7085
0.0648
0.1622
0.0000
0.0000
0.0000
0.0000
0.5518
0.6850
0.0000
0.0000
4.0322
0.0000
0.0000
0.0000
0.0005
0.0000
0.4127
0.0000
0.0000
0.0000
0.8986
0.0000
0.7994
0.2686
0.0000
0.0000
0.0000
0.0000
0.0000
0.7639
0.1911
0.0000
2.4526
2.9087
0.9734
0.0000
0.0000
0.0000
0.0000
0.8396
0.8073
0.0000
0.0000
0.0000
0.0000
0.0000
0.0000
3.2590
4.4705
0.2561
0.0000
0.0000
0.0000
3.4500
0.0000
0.0000
0.0000
0.0000
0.0000
0.0000
0.0000
0.0000
0.1574
0.0000
0.0000
1.2122
0.3629
3.2108
0.0000
0.0000
0.1827
0.0000
0.0000
1.1886
0.0000
0.0000
0.0000
0.0000
3.0727
0.1071
0.0000
0.0000
2.0369
0.0000
0.0000
0.0000
1.9714
0.9389
0.0000
1.3114
1.2156
0.0000
0.0000
0.0000
0.0000
0.0000
0.0000
0.2359
1.7751
0.0000
0.0000
6.7003
0.4939
1.6444
0.0000
0.1205
0.0000
0.0000
0.0000
0.0000
0.6337
0.0000
1.3273
0.0000
0.0000
0.0000
0.0000
0.8403
0.0759
0.0000
0.0000
0.0000
0.0000
0.7337
0.0000
0.0000
0.0000
0.0000
0.0000
0.0000
0.0000
0.0000
0.0000
1.4376
1.9411
0.4859
0.0000
0.0000
0.0000
0.0000
0.0000
0.0000
0.0000
0.0000
0.0000
0.0000
0.0000
0.0000
0.0000
0.0000
0.0000
3.8150
0.0000
0.7715
0.2608
0.0000
0.0000
0.0000
0.0000
0.0000
0.0000
0.0000
0.0000
0.0000
0.0000
0.0000
0.0000
0.0000
2.1593
1.2457
0.0000
0.0000
0.0000
0.0000
0.2143
0.0000
0.0000
0.0000
0.0000
0.0000
1.1510
0.0000
0.0000
0.0000
0.0000
1.2991
0.0000
0.0000
0.0000
0.0000
0.0000
0.0000
0.0000
0.0000
1.8099
0.0051
0.0000
0.9433
0.5173
0.0000
3.9923
0.0000
1.4376
2.1520
0.0000
0.0000
1.0661
0.0000
0.0000
0.9024
0.0000
0.0000
0.0000
0.0000
0.0000
0.0000
0.0000
0.1924
0.8078
0.0000
1.9764
0.0000
1.6460
0.0000
0.0000
0.0000
3.6779
2.1698
0.0000
0.0000
0.0000
0.0000
0.0000
0.5238
0.0000
0.0000
0.0000
0.0000
0.8198
0.0000
0.0000
1.9775
0.0000
0.0000
1.9668
0.0000
0.5595
0.0000
0.0000
0.0000
0.0000
4.4854
0.0000
0.0000
0.0000
0.0000
0.0000
2.9334
0.9026
0.6678
1.1945
0.0000
0.0000
0.0000
0.0000
0.0000
0.0000
1.4444
0.0000
0.0000
0.0000
0.0000
0.0000
2.7385
0.5162
0.0000
0.0000
0.0000
0.0000
2.2372
0.5810
0.0000
0.0000
0.0000
0.0000
0.5298
0.0000
0.0000
0.0000
1.2936
0.0000
0.0000
1.9130
0.0000
0.0000
0.0000
0.0000
0.0000
0.0000
0.0000
1.1963
0.0000
0.0000
0.0000
0.0000
1.5513
0.7672
2.6414
0.0182
0.0000
0.0000
0.0000
0.0000
0.0000
0.4054
0.0000
0.3911
0.0000
0.0000
0.0000
0.0000
0.2042
0.0000
0.0000
0.0000
0.0000
0.0000
0.1295
0.0000
1.2639
0.0000
1.0796
0.0000
0.0000
1.3752
0.0148
0.3230
0.0000
3.5562
0.0000
1.4057
0.0000
0.5812
0.0000
0.0000
0.0000
0.0000
0.0000
0.0000
0.0000
0.1136
0.1988
0.0000
0.0000
0.0000
0.0000
0.6762
0.0000
0.0000
0.0000
0.0000
0.5216
0.0000
0.0000
0.0000
0.0905
0.0000
0.0000
0.0000
1.8967
0.0000
0.3304
0.0000
0.0000
0.0000
0.0000
0.0000
0.0000
0.0000
0.0000
0.0000
0.0000
0.7065
0.0000
0.5560
0.0000
0.0000
0.0000
0.0000
0.0000
0.0000
0.8999
0.0000
0.0000
0.0000
0.0000
0.0000
0.0000
0.4842
0.0000
0.0000
0.6272
0.0000
0.0000
0.0000
0.0000
0.4672
0.4511
0.0000
0.2233
0.7508
0.0000
0.0000
0.0000
0.0000
0.0000
0.0000
0.0000
2.4858
0.0000
0.0000
0.0000
0.0000
0.0000
0.3949
1.6433
0.0000
0.0000
0.0000
1.2630
0.0000
1.4831
0.0000
0.8013
0.0000
0.0000
0.0000
0.0000
0.0000
0.0000
3.9307
0.6570
0.0000
0.0000
0.0000
0.0000
0.0000
0.0000
0.0000
0.1164
0.0000
0.0000
0.0000
0.0000
0.6872
0.0000
0.0000
0.7394
0.0000
0.0000
0.0000
2.5043
0.0000
0.4439
0.0000
0.0000
0.0000
1.3112
0.3265
1.3457
0.9482
0.0000
0.0000
0.0000
0.0000
1.3146
0.0000
0.0000
0.0000
0.0000
0.0000
0.0000
0.6061
0.0000
0.0000
0.0000
0.0000
0.0000
0.0000
0.0000
0.0000
0.0000
0.0000
0.0000
0.0000
0.0000
0.0000
2.2346
0.4640
0.0000
0.0000
0.0000
0.0000
0.4269
0.0000
0.0000
0.0000
0.0000
0.2633
0.0000
0.0000
0.4439
0.0000
0.0000
0.0000
0.0000
1.2712
0.0000
0.0000
0.0000
0.0000
0.2519
0.0000
0.0000
0.0000
0.0000
0.0000
0.0000
0.0000
0.0000
0.0000
0.0000
0.2677
0.0000
1.6947
0.0000
3.5224
0.0000
0.0000
0.0000
0.0000
0.0000
0.0000
0.0000
0.8146
0.0000
0.0000
0.0000
0.0000
0.0000
0.0000
0.0000
0.0260
0.0000
0.0000
0.0000
0.0000
1.1694
0.0000
0.0000
0.1616
0.0000
0.0000
0.0000
0.0000
1.2867
0.0000
0.0000
0.0000
2.0186
2.4561
1.8870
0.0000
0.0000
0.9492
0.0000
0.3395
0.0000
0.0000
0.0000
0.0000
1.3561
0.0000
0.3091
0.0000
1.1021
0.0000
2.4330
0.0000
2.2645
0.0000
0.0000
0.0000
1.9106
0.0000
0.9175
0.0401
0.0000
0.0000
0.0000
0.0000
0.0000
1.3300
0.0000
1.3720
1.9943
1.4358
0.0000
0.0000
0.0000
0.8906
1.4641
0.0000
0.0000
0.0000
0.0000
0.0000
0.5944
4.6851
0.1287
0.0000
0.0000
0.0000
0.0000
0.0000
2.3306
0.7104
1.4082
0.0000
0.0000
1.1359
0.0000
0.0000
3.2279
0.0000
0.0000
0.0000
0.0158
2.6823
0.4666
0.0000
0.0000
0.0000
0.0000
0.0000
2.8487
0.0000
0.0000
4.1504
0.0000
0.0000
0.0000
0.0000
1.7573
1.3245
0.6052
0.0000
0.0000
0.0000
0.7760
1.8208
0.0000
0.0000
0.0000
1.4410
0.0000
0.0000
4.8183
0.0000
1.4344
0.0000
0.6377
0.0000
0.0000
0.0000
0.0000
0.0000
0.0000
0.0000
3.8916
0.0000
0.0000
0.0000
0.0000
0.0000
0.0000
0.0000
1.0338
0.0000
0.0000
0.0000
0.0000
0.4281
0.0000
0.0000
2.8919
4.4124
0.0000
0.0000
0.0000
0.0000
0.0000
0.0000
0.0000
0.0000
0.0000
0.0489
0.8621
0.0000
0.5064
0.9632
0.0000
0.0000
0.0000
0.0000
0.0000
0.0000
1.4735
0.0000
0.0000
0.0000
0.0000
0.0000
0.2996
0.0000
3.8751
0.0000
2.0610
0.0000
0.0000
0.0000
0.0000
0.4418
0.0000
0.0000
0.2055
0.9916
0.0000
0.0000
0.0000
0.0000
2.3078
0.0000
2.0695
0.0000
0.0000
0.0000
0.5919
0.0000
0.0000
0.0000
0.0000
3.3995
0.0000
0.0000
0.9170
0.0000
1.3597
0.0000
0.0000
0.0000
0.0000
0.0000
1.7484
3.0254
1.9426
1.9502
1.8492
0.0000
1.0814
0.0000
0.0000
0.0000
0.0000
1.3606
0.0000
1.4029
0.0000
0.0000
0.0000
0.2122
0.0000
0.0000
0.0000
0.0000
0.0000
0.0000
0.3150
1.2308
0.0000
0.0000
0.0000
5.3914
0.0000
0.0000
0.0000
0.0000
0.6456
1.3513
0.0000
0.5059
0.0000
0.0000
0.0000
0.0000
0.0000
0.0000
1.6660
0.4641
0.9029
0.0000
0.2927
0.0222
0.0000
0.5418
0.0000
0.0000
0.0000
1.4338
0.0000
0.6526
0.0000
0.0000
0.0000
1.7668
1.7262
0.0000
0.0000
0.0000
0.0000
0.0000
0.0000
0.0000
0.0000
3.4253
0.0000
0.0000
1.4851
1.2732
0.0000
0.0000
0.0000
0.0000
0.8689
0.0000
0.0000
0.0000
0.6170
0.0000
0.2615
0.0000
0.0000
0.0000
2.6859
0.0000
1.8229
0.8602
0.0015
0.0000
0.0000
0.0000
1.7409
0.0000
0.0000
0.0000
0.0000
0.0000
1.1405
2.5701
0.0000
0.0000
0.5027
1.9371
0.0000
0.0000
0.0000
0.0000
0.0000
0.0000
0.4688
1.6732
0.0000
0.0000
0.0000
0.0000
0.0000
2.1475
0.0000
0.0000
1.0546
0.0000
0.0000
0.0000
0.0000
0.0000
0.5476
0.0000
0.0000
0.0000
0.0000
3.1490
0.0000
1.7242
0.0000
0.0000
0.0000
0.0000
0.1937
0.0000
0.0000
0.0000
0.2749
0.0968
0.0000
1.4999
0.0000
0.0000
0.0000
0.0000
0.0000
1.2656
0.0000
0.0000
0.0000
0.0000
0.0000
0.0000
0.0000
0.6504
1.1554
0.0000
0.0000
0.0000
0.0000
0.0000
0.0000
1.0262
0.0000
2.2963
0.0000
0.0000
0.0000
0.0000
0.0000
1.9153
0.0000
0.0000
0.0000
0.9851
0.0000
0.6842
0.0000
2.1848
0.0000
0.2146
0.0000
0.0000
0.0000
0.0000
2.7828
0.0000
0.0000
0.0000
0.0000
1.4739
0.9994
0.0000
0.0000
0.0000
0.0000
0.0000
1.3237
0.0000
0.0000
0.0000
0.3312
0.0000
0.0000
0.0000
0.0000
0.0000
0.0000
0.0000
0.0000
0.0000
0.0000
0.0000
3.9809
0.0000
0.0000
2.5548
0.7880
0.0000
0.5234
0.0000
0.0000
0.0000
0.0000
0.7873
0.0000
0.0000
3.4784
3.0478
0.2456
0.0000
1.7497
0.0000
1.2893
0.0000
0.0000
0.8902
0.0000
0.0000
0.0000
0.0000
0.9605
0.0000
0.0000
0.0522
0.0000
0.0000
0.0000
0.0000
0.0000
0.1771
0.4850
0.0000
0.0000
0.0000
0.0000
1.5791
0.2145
0.0000
0.0000
0.0000
0.0000
0.0000
0.0000
0.0000
0.3998
0.0000
0.0000
0.0000
0.0000
0.0000
0.0000
0.0000
0.0000
0.7934
0.0000
0.0000
0.0000
0.0000
0.0000
0.6082
1.3116
0.0000
0.0000
0.0000
0.0000
0.0000
2.1755
0.6463
0.0000
0.0000
0.0000
0.7920
1.9886
2.2854
0.0000
0.0000
0.0000
1.6429
0.0000
0.0000
0.0000
2.5239
1.1398
0.0000
0.0000
0.0000
0.0000
0.0000
0.0000
0.0000
2.8721
0.0000
0.0000
0.3709
3.8374
0.0000
0.8781
0.0000
0.0000
0.0000
0.0000
3.6493
0.0000
0.0000
0.0000
0.0000
1.5468
0.7547
0.0000
1.4190
0.0000
0.0000
0.0000
0.0000
0.7911
0.0000
0.0000
0.0000
0.0000
0.0000
2.3312
0.0000
3.3429
0.0000
0.4851
3.7038
0.0000
0.2607
0.0000
2.6938
0.0000
0.0000
0.9313
0.0000
0.0000
0.0000
0.0000
0.0000
0.0000
2.3102
0.0000
0.0000
0.0000
0.0000
0.0000
0.0000
1.5272
0.0000
0.0000
0.0000
1.5323
1.5277
0.0000
0.0000
1.0240
0.2444
0.0000
0.0000
0.0000
1.7717
1.6066
0.0000
0.0000
2.0322
0.0000
4.8871
0.0000
1.8576
0.0000
2.3983
0.0000
0.0000
0.0000
0.0000
0.0000
0.0000
0.0000
0.0000
1.2541
1.3629
2.4442
0.0000
0.0000
0.0000
0.0000
0.0000
0.0000
0.0000
0.0000
0.4662
0.0000
0.0000
1.7301
0.0000
0.0000
0.0000
1.8647
0.9434
0.0000
0.0000
0.0000
0.0000
1.3785
1.8945
0.6427
1.0770
0.0000
0.0000
0.0994
0.3022
2.8217
0.0000
0.0000
0.0000
0.0000
0.0000
0.3535
0.0014
0.0000
0.0000
0.0000
0.0000
0.8950
0.0000
0.7794
0.0000
0.0000
0.0000
0.5472
1.5084
3.1304
0.0000
0.0000
0.4958
0.3827
0.0000
0.6099
0.0000
0.0000
0.0000
0.0000
0.1190
0.0000
0.0000
0.0000
0.0000
3.8396
0.0000
0.3175
0.7361
0.0000
1.0524
0.0000
3.1379
0.0000
0.0000
0.0000
0.8593
0.0000
0.0000
0.4442
0.0000
0.1590
0.0000
0.0000
0.0000
0.0000
0.0000
1.0774
0.0000
0.0000
0.0000
0.0000
0.0000
5.0338
0.0000
0.7655
0.0000
1.3491
0.0000
0.0000
0.0000
0.0000
1.9413
0.0000
0.0000
0.9408
0.0000
3.2007
0.7012
0.0000
0.0000
0.9131
2.2497
0.0000
0.0000
0.0000
0.0000
0.0000
0.0000
0.0000
0.0000
0.0000
0.0000
0.0000
0.0000
0.0657
0.0000
0.6102
0.0267
0.0000
0.8970
0.0000
0.0000
0.0000
0.6678
0.0000
0.0000
1.7649
2.0795
0.0000
0.0000
0.0000
3.0590
0.0000
0.0000
0.0000
0.0000
0.4987
0.0000
4.0339
1.3334
0.0000
3.2870
0.0000
0.0000
0.4840
0.0000
1.5114
0.0000
0.0000
0.0000
0.0000
0.0000
0.0000
0.0000
0.1875
1.4032
0.0000
0.0000
0.0000
0.0000
0.0000
0.0000
1.5986
0.0000
1.1284
0.0000
0.0000
2.7442
0.0000
