0.3488
0.0000
0.0000
0.0000
1.2480
0.0000
0.0000
0.0000
0.1803
1.4019
1.0344
0.0000
1.8081
0.0000
0.0000
0.0000
0.0000
0.0000
0.0000
0.0000
0.0000
0.0000
2.1477
0.5398
1.3184
0.3894
0.0000
0.0000
0.0000
0.0000
0.0000
0.0000
0.4823
0.0000
2.6071
0.0000
0.0000
0.0000
1.4745
2.1107
0.0000
0.0000
0.0000
0.0000
0.0000
0.0000
0.0000
0.0000
0.0000
0.0000
0.0000
0.0000
0.0000
0.0000
0.0000
0.0000
0.0000
0.0000
0.0000
0.0000
0.0000
1.1283
0.0000
0.6928
0.0000
0.0000
0.0000
0.0000
0.0000
0.0000
0.0000
3.8809
0.0000
0.0000
0.0000
0.8023
0.0000
0.0000
0.0000
0.0000
0.0000
0.0000
0.0000
0.0000
0.0000
0.1915
0.1645
2.6966
0.0000
0.0000
0.0000
0.0000
0.9139
1.1804
0.0000
0.0000
0.0000
0.0000
3.5490
0.0000
0.0000
0.0000
0.8414
0.0000
0.0000
0.1220
0.0000
0.0000
0.0000
3.1412
0.0000
0.0000
0.0000
0.0000
0.0000
0.0000
0.0000
0.0000
0.0000
0.0000
3.8314
0.1805
2.6124
0.0000
0.0000
0.0000
0.0000
1.2250
0.0000
0.0000
0.0000
0.0000
0.0000
0.0000
1.0335
0.0000
0.0782
0.6228
0.0000
2.3364
1.4767
0.0000
2.5830
0.9282
1.7327
0.0000
0.0000
1.0939
0.6421
0.0000
0.0000
0.9527
1.4663
0.0000
0.0000
0.0000
0.0000
0.0000
1.2275
0.0000
0.1240
0.0000
0.5072
0.0000
0.0000
1.4124
0.0000
0.0000
0.0000
0.9326
0.0000
0.0000
0.0000
0.0000
0.0000
0.0000
0.0000
0.0000
0.0000
5.2622
0.7334
3.6502
0.0000
0.0000
0.0000
0.0000
1.0065
1.2129
2.4301
0.0000
0.0000
0.0000
0.0000
0.0000
0.8808
0.0000
0.0000
0.0000
2.7666
2.0525
0.0000
0.0000
0.0000
0.0000
0.0000
0.0000
0.0000
0.0000
0.0000
0.0000
0.0000
0.0000
0.0000
0.0000
0.0000
0.0000
0.0000
0.0000
0.0000
0.0000
0.0000
0.0000
0.0000
0.0000
1.1966
0.0000
0.0000
0.8070
0.0000
0.4143
0.0000
0.0000
0.0000
0.0000
1.2145
0.0000
1.0476
0.0000
0.0000
0.0000
0.0000
0.0000
0.0000
0.0000
0.0000
0.0000
0.0000
0.0000
0.0000
0.0000
0.0000
0.0000
0.0000
0.0000
0.0000
1.2656
0.0000
0.0000
0.2876
0.0000
0.0000
0.0000
0.0000
0.0000
0.0000
0.0000
0.3632
0.0000
0.0000
0.8324
2.8217
0.0000
0.0000
1.0156
0.2790
0.0000
1.7847
0.9595
0.0000
0.0000
1.7499
0.0000
0.9577
0.0000
0.0000
2.1854
0.0000
0.0000
0.0000
0.0000
0.0000
0.0000
0.0000
0.0000
2.4539
0.0000
0.0000
1.1371
0.0000
2.1447
0.0000
0.0000
0.0000
0.0000
0.0000
0.0000
0.0000
0.0000
0.0000
0.0000
0.0000
0.0000
0.0000
0.5312
1.6683
0.0000
0.0000
0.0000
0.3647
0.8864
0.0000
2.4154
0.0000
0.7968
0.0000
0.7778
0.0000
1.1254
0.0000
1.5713
0.0000
0.0000
0.0000
0.0000
0.0000
2.8821
1.3362
0.0000
0.0000
3.2153
0.0000
0.0000
0.0000
0.0000
0.0000
3.0230
0.0000
0.0000
0.0000
0.0000
0.0000
3.2609
1.5451
0.0000
0.0000
0.0000
0.0000
0.0000
0.4342
0.0000
0.0000
0.0000
0.0000
0.0000
0.0000
0.0000
0.0000
0.0000
0.0000
0.0000
0.0000
1.0463
0.0000
0.0000
0.5005
0.0000
0.0000
1.0696
0.0000
0.0000
3.1863
0.0000
0.4528
0.0000
0.0000
0.0000
1.4248
0.0000
0.0000
0.0000
2.0535
0.0000
0.0000
0.0000
0.0000
0.9811
0.0000
0.0000
0.0000
0.0000
0.0000
0.0000
0.0000
0.0000
0.0000
1.0433
0.0000
0.0000
1.4577
0.0000
0.0000
0.0000
0.0000
3.5278
0.1003
0.3973
0.0000
0.0000
0.2917
0.0000
0.0000
0.0000
0.2645
0.0000
0.0000
0.0000
0.0000
0.2836
0.0000
0.0000
0.0000
0.0000
0.0000
0.0000
0.0000
0.0000
0.0000
0.0000
1.3776
0.0000
3.3590
0.8589
0.4713
0.0000
2.8557
0.4973
0.0000
0.8755
1.9505
0.1671
0.0000
0.0000
0.0661
0.0000
0.0000
0.0000
0.0000
0.0000
0.0000
0.0000
1.3348
0.0000
1.2003
0.0000
0.0000
0.0000
0.0000
0.0000
0.0000
0.0000
0.0000
1.7436
0.0000
0.9842
0.0000
2.5351
0.9117
0.0000
0.0000
0.0000
0.5452
0.0000
0.5648
1.7615
1.8692
0.7527
0.0000
1.9366
0.0334
0.2481
0.0000
0.0000
0.0000
0.0000
2.6670
0.0000
0.0000
0.0000
0.0000
0.0000
0.0000
0.0000
1.6414
0.0000
0.0000
0.0000
0.0000
0.0000
0.0000
1.9948
0.3397
0.1536
0.0000
0.0000
0.0000
0.0000
0.0000
0.0000
7.9130
0.0000
2.9229
0.6900
0.0000
1.1878
0.0000
0.0000
0.0000
0.0000
0.0000
0.0000
0.2528
0.8888
0.9532
0.0000
0.0000
3.9434
0.0000
0.0000
0.4597
0.0000
0.0000
0.0000
0.0000
0.0000
0.0000
0.0000
0.0000
0.0896
0.0000
0.0000
0.0000
0.0000
0.0000
0.0000
0.0000
0.0000
0.0000
0.0000
0.0000
0.0000
0.4397
0.1085
0.0000
0.0000
0.0000
1.2595
0.0000
0.0000
0.0000
0.0000
0.0000
0.0000
0.0000
0.0000
0.0000
0.0000
0.2257
0.0000
0.0000
1.1468
0.0000
0.0000
0.0000
0.0000
0.0000
0.0000
0.0000
0.0000
4.0420
0.0000
0.0000
0.0000
0.0000
0.0000
0.0000
0.0000
0.0000
0.0000
3.4003
0.2384
0.0000
2.9951
0.0000
0.0000
0.0000
0.0000
2.9670
0.0000
0.0000
0.0000
0.0000
0.0000
0.0000
4.4021
0.0000
1.4045
0.4195
0.0000
0.0000
0.0000
2.5426
0.0000
0.9532
0.0000
0.0000
0.8611
0.0000
0.0000
0.0000
0.0000
0.0000
0.0000
0.0000
0.0000
2.4655
1.8691
0.0000
0.3574
0.0000
0.0000
0.0000
0.2519
0.0000
0.0000
0.8599
0.0000
0.0000
0.0000
0.0000
0.0000
0.0000
0.0387
3.0311
0.0000
0.0000
0.0000
0.0000
0.0000
0.0000
0.0000
0.0000
1.6544
1.3757
0.0000
0.0000
0.0000
0.0000
0.0000
0.0000
0.0000
0.0000
0.0000
0.0000
0.0000
0.0000
0.0000
0.0000
0.0000
0.0000
0.0000
0.0000
0.2993
0.0000
0.0000
0.0000
0.1912
0.0000
0.4099
0.0000
1.6393
0.1697
0.0000
3.1691
0.0000
0.0000
0.0000
0.0000
0.0000
0.4029
0.0000
1.3713
0.0000
0.0000
0.7225
0.0000
0.0000
0.0000
0.0000
0.2808
0.0000
0.0000
4.2657
0.3845
0.0000
0.0000
0.0000
0.0000
0.5850
0.0000
0.0000
0.0000
0.0000
1.4490
0.6469
0.0000
0.0000
0.0000
0.0000
0.0000
0.0000
0.0000
0.0000
0.0000
1.9991
0.0000
0.0000
0.0000
0.0000
0.0000
2.5563
0.0190
0.0000
0.0000
1.1560
0.0000
0.0000
0.7681
0.3516
1.5005
0.0000
0.0000
0.0000
0.0000
0.0000
0.0000
0.0000
0.0000
0.0000
0.0000
0.0000
0.0000
0.0000
1.8641
0.0000
0.0000
1.5527
0.0000
0.5698
0.0000
0.0000
0.0000
0.0000
0.0000
0.0000
0.0000
0.0000
0.0000
0.0000
0.3846
0.0000
0.0000
0.0000
0.0000
0.0000
0.0000
0.0000
0.8991
0.7764
0.0000
0.0000
0.0000
0.0000
2.2961
0.7199
0.0000
0.3925
0.0000
0.0000
0.6938
0.0000
0.0000
0.0000
3.4889
0.1055
0.0000
0.0000
0.0000
0.0000
0.0000
0.0000
1.0842
0.0000
0.0000
0.8140
0.0000
0.0000
1.3228
0.0000
0.0000
1.4515
1.6554
0.0000
0.2186
0.0000
0.0000
0.0000
0.0000
0.0000
0.0000
0.0000
1.2641
0.0000
0.0000
0.0000
0.0000
0.0000
0.0000
0.0000
0.0000
0.0000
0.0000
0.0000
0.0000
0.0000
0.0000
0.0000
0.0000
0.0000
1.2000
0.0000
0.0000
0.0000
0.0000
0.0000
0.0000
0.1020
0.0000
0.0000
0.0000
0.9367
0.9837
0.0000
0.0000
0.1344
0.0000
0.0000
0.4711
0.0000
0.0000
0.0000
0.0000
0.0000
1.8895
0.0000
0.0000
0.1627
0.0000
2.7053
0.0000
0.0906
0.0000
0.0000
0.0000
0.0000
0.0000
0.0000
0.0000
0.0000
0.0000
0.0000
0.7994
0.0000
0.4846
0.0000
0.0000
0.0000
0.0000
1.2367
1.3307
0.0000
0.0000
0.0000
0.0000
0.0000
0.0000
0.0000
0.0000
0.0000
0.0000
1.4025
0.0000
0.0000
2.8689
0.0000
0.0000
0.0000
0.0000
0.7708
0.0000
0.0000
0.0000
0.0000
0.9490
0.0000
0.0000
3.6486
1.1737
0.5291
0.0000
0.0000
0.0000
0.0000
0.1420
0.0000
0.0000
1.0563
0.0000
0.0000
0.0000
0.0000
0.0000
0.5915
0.0000
0.8125
0.6422
1.7711
0.0000
0.0000
0.0000
4.6065
0.0000
0.2905
0.0000
0.0000
0.0000
0.0000
1.8051
0.0000
0.0000
0.0000
0.0000
1.2381
0.0000
1.2199
0.0898
0.0000
0.0000
0.9927
0.3767
0.0000
1.2805
0.0000
0.0000
0.0000
0.0000
0.0000
0.8927
0.0000
0.0088
0.0000
0.0000
2.0204
0.0000
0.0000
2.1216
1.3761
1.2436
0.0000
0.0000
0.0000
0.1915
0.0000
0.0000
0.0000
0.0000
0.5932
0.0000
0.0000
0.0000
3.3846
0.0000
0.0000
0.0000
0.7148
0.0000
2.1851
0.0000
0.0000
0.0000
2.0026
0.0000
2.2870
0.0000
4.9508
0.0000
0.0000
1.5373
2.0849
0.0000
0.0902
0.0000
3.7988
0.0000
0.0000
0.0000
0.6797
1.7566
0.0000
0.0000
0.2289
0.4907
0.0000
1.8253
0.0000
0.0000
0.0000
0.4776
0.0000
1.4924
0.0000
0.0000
0.0000
0.0000
0.0000
0.0000
0.0000
2.0289
0.0000
0.0000
0.0000
0.0000
0.0000
0.0000
0.0000
0.0000
0.0000
0.0000
0.0000
0.0000
0.0000
2.9099
0.0000
1.7938
0.0000
0.8754
1.7227
0.0000
0.0000
0.0000
0.0000
1.7511
0.0000
0.0000
0.1216
0.0000
0.0000
0.9358
0.0000
0.0000
2.7651
0.0000
0.0000
0.0000
0.0000
0.0000
0.9523
0.0000
1.6333
0.0000
0.0000
0.3228
1.1794
0.0000
0.0000
1.1644
0.0000
0.0000
0.9525
0.0000
2.1776
0.0000
0.0000
0.0000
0.0000
0.0000
0.0000
0.0000
0.0000
0.0000
1.0672
0.0000
0.6446
0.6977
0.0000
0.0000
0.0000
0.0000
0.0000
0.0000
0.0000
0.0000
0.0000
0.0000
0.0000
0.1930
0.0000
0.3071
0.0000
0.0000
0.0000
0.0000
0.0000
0.0000
0.0000
0.0000
0.0000
0.0000
0.0000
0.0000
0.0000
2.4405
0.0000
0.0000
0.0000
1.7188
0.0000
3.0322
0.0000
0.0000
0.0000
0.0000
2.1871
0.7363
0.0000
0.0000
0.0000
1.0965
0.0000
0.0000
0.0000
0.0000
0.0000
0.0000
0.0000
0.0000
0.0000
0.0040
0.0000
0.0000
0.0000
2.4217
0.0000
0.0000
0.5705
3.2821
1.1286
0.0000
0.0000
0.0000
0.0000
0.0000
0.6088
0.0000
0.0000
0.0000
0.0000
0.0000
0.0000
1.2961
0.0000
0.6861
0.9305
0.0000
0.0000
1.1198
0.0000
0.0000
0.0000
0.0000
0.0000
3.5707
1.4923
0.0000
0.0000
0.7758
0.0000
0.0857
0.0000
0.0000
0.0000
2.9247
0.0000
2.4831
0.0888
0.5918
0.0000
0.0000
0.0000
0.0815
0.0000
0.0000
0.0000
0.0000
4.6770
0.0000
0.0000
0.0000
0.0000
0.0000
0.0000
0.0000
0.0000
0.0000
0.3612
0.0000
0.0000
0.0000
0.0000
0.0000
0.0000
0.0000
0.0000
0.0000
0.0000
0.8962
0.0000
0.0000
0.0000
3.1749
0.1912
0.0000
0.0000
2.5152
0.0000
0.0000
0.0000
0.0000
1.8335
0.0000
0.0000
0.0000
0.0000
0.0000
0.0000
0.0000
0.0000
0.0000
0.0000
0.0000
0.0000
0.0000
0.1913
3.4679
0.0000
0.0627
0.0000
0.8450
0.0000
0.4271
1.3198
0.0000
0.0000
0.0000
0.0000
0.0000
0.0000
2.2712
0.0000
0.0000
0.0000
0.0000
1.1978
0.4468
0.0000
0.0000
0.0000
2.1531
0.0000
0.0000
0.0000
0.0000
0.0000
1.3628
0.0000
0.0000
0.0000
0.0000
0.0000
0.0000
0.0000
0.0000
0.0000
0.3498
0.0000
0.0000
0.5147
0.0000
0.0000
0.0000
0.5371
0.0000
0.4114
0.0000
0.0000
1.1334
0.9119
0.0000
0.0635
0.0000
0.0000
0.0000
0.0000
0.0000
1.3157
1.5557
1.5485
0.0000
1.3192
0.0000
0.0000
0.0000
0.0000
0.0000
0.0000
0.0000
0.0000
0.0000
0.0000
0.0000
0.0000
0.0000
0.0000
0.0000
0.0000
0.0000
0.0000
0.0000
0.0000
0.0000
0.0000
0.0000
0.0000
1.0673
0.0000
0.0000
0.0000
0.0968
0.0000
1.6284
3.8161
0.0000
1.5184
0.0000
0.0000
0.0000
0.0000
0.0000
0.0000
0.5848
0.0000
0.0000
0.0000
0.8876
2.3684
0.0000
0.0000
0.0000
0.3725
0.0000
0.0000
2.0822
0.0000
2.7134
0.2877
0.0000
0.2534
0.3386
2.3060
0.1812
3.9959
0.0000
0.0000
0.0000
0.0000
0.0000
0.0000
0.0000
0.0000
0.0000
0.0000
0.0000
0.2306
0.0000
0.3015
0.0000
0.0000
0.0000
2.1950
0.0000
0.0000
0.0000
0.9804
0.0000
0.0000
0.3818
0.6804
0.0000
2.7504
0.0000
0.0000
1.6700
2.1233
0.0000
0.0000
0.0000
0.0000
0.0000
0.0000
1.3731
0.0000
0.0000
0.0171
0.0000
0.0000
0.0000
0.0966
0.1670
1.6582
0.0000
3.6667
0.0000
0.0000
0.0000
0.0000
0.0000
0.0000
0.0000
0.0000
0.0000
0.0000
0.0000
0.0000
1.2571
1.3402
0.0000
0.0000
0.0000
0.2386
0.0000
0.0000
0.0000
0.0000
0.0000
0.0000
0.0000
0.0000
1.3618
0.0000
0.0000
0.0000
0.0000
0.0000
0.0000
0.0000
0.0000
0.4907
4.0193
1.6913
0.0000
0.7315
0.0000
0.0000
0.0000
0.1790
0.0000
1.5459
0.0000
0.0000
0.0000
0.0000
0.0000
0.0000
1.0550
0.0000
0.0000
0.3678
0.0000
0.0000
0.0000
0.6011
0.0000
0.0000
5.0950
2.1028
0.2441
0.0000
0.0000
0.0000
0.0000
2.0379
2.2296
0.0000
0.0000
0.0000
0.0000
0.7836
0.0000
0.0000
0.0000
2.0867
0.0000
0.3965
0.0000
0.0000
0.0000
0.0000
0.0000
1.0789
0.0000
0.8811
0.0000
0.0000
0.0000
0.0000
0.0000
0.0000
0.0000
2.0824
0.0000
0.0000
0.0000
1.7838
0.0000
0.0000
0.0000
0.0000
0.7651
0.0000
0.0000
0.3181
0.2654
1.8249
0.0000
2.4552
0.0000
0.0000
0.0000
0.6871
0.9885
1.0088
0.0000
0.0000
0.0000
0.0000
0.0000
2.3369
0.0000
0.0000
0.0000
0.0000
0.0000
0.0000
0.0000
0.0000
0.0000
0.0000
0.0646
0.0000
0.0000
0.6502
0.1727
0.0000
0.0000
0.0000
2.3452
0.0000
0.0000
0.0000
0.0000
2.7198
1.0859
0.0000
0.0000
1.6620
0.0000
0.0000
0.0000
0.0000
0.0000
0.0000
0.0000
0.0000
0.0000
0.0000
0.0000
0.4297
0.0000
0.0000
0.0000
1.2029
0.0000
0.1944
2.0668
0.0000
0.0000
0.0000
0.0000
0.2763
0.0000
0.0000
0.0000
0.0000
0.0000
0.0000
0.0000
0.0000
0.0000
0.0000
0.0000
0.0000
0.0000
0.0000
0.5049
0.0000
0.0000
0.0000
0.5991
0.0000
0.0000
0.0000
0.0000
0.0000
0.0000
0.0000
0.0119
0.0000
0.5838
0.0000
0.0000
0.8870
1.6354
0.0000
0.0000
0.0000
0.3728
1.9245
0.0389
0.0000
0.0000
0.0000
0.0000
0.0000
0.7451
0.0000
1.0687
0.0000
1.1518
0.2421
0.0000
0.0000
0.0000
0.2412
0.0000
0.0000
0.0000
0.0000
0.0000
0.0000
2.4988
0.0000
0.0276
0.0000
0.0000
0.0000
0.0000
0.0000
0.0000
0.0000
0.8952
0.0000
0.0000
0.0974
0.0000
0.6757
0.0000
0.8123
0.0000
0.0000
0.0000
1.4150
0.0000
0.0000
0.0000
0.0000
0.0000
1.7285
2.1688
1.1511
0.0000
0.0000
0.0000
1.9289
0.0000
1.2370
0.0000
0.0000
0.0000
0.0000
0.0000
0.0000
0.0000
0.6679
0.0000
0.0000
0.0000
0.7554
0.0000
4.1313
0.0000
0.0000
0.0000
0.0000
0.0000
0.0000
0.0000
1.7476
0.3668
0.0000
2.9470
0.0000
0.0000
0.0207
0.5569
0.0000
0.4477
0.7346
2.0840
0.0000
0.0000
0.0000
2.6525
0.2845
0.0000
0.0000
0.0000
0.0000
0.0618
0.0000
0.0000
0.0000
0.0000
0.0000
0.0000
0.0000
2.1419
0.0000
0.0000
1.4770
0.0000
2.6911
0.0000
0.0000
0.0000
0.5273
0.0000
0.0000
0.0000
0.0000
0.0000
0.0000
2.7205
0.0000
1.0945
0.0000
0.0000
0.0000
0.0000
0.0000
0.0000
0.0000
0.4795
1.6438
0.0000
0.0000
1.6200
0.0000
0.0000
3.0550
0.0000
0.0000
0.1331
0.0000
0.0000
0.0000
0.0000
0.0000
0.0000
0.0000
0.0000
0.0000
0.0000
3.1365
0.0000
0.0000
0.0000
0.0000
1.6606
0.0000
4.7764
0.8393
0.0474
0.0000
0.0000
0.0000
0.0000
0.0000
0.0000
0.2653
0.0000
1.2313
0.3201
0.0000
0.0000
0.0000
0.0000
0.0000
0.0000
0.0000
0.0000
0.0000
0.8090
0.6155
0.0000
0.0000
0.0000
0.9488
0.0000
0.0000
0.0000
0.0000
0.3770
0.0000
0.0000
0.0000
0.0000
0.0000
0.0000
0.7298
0.0000
0.0000
0.0000
0.0623
0.0000
0.0000
0.0000
0.0000
0.0000
0.0000
1.6579
0.0000
0.6144
0.0000
0.3046
0.0000
0.0000
0.0000
0.0000
0.8378
0.0000
0.0000
0.0000
2.5370
0.0000
0.4257
0.0000
0.0000
0.0000
0.4837
0.0000
0.0000
0.0000
0.0000
0.0000
0.0000
1.9246
2.1322
0.0000
0.0000
0.0000
0.1094
0.0000
0.0000
0.0000
0.5032
0.0000
1.7301
0.0000
0.0000
0.1348
0.0000
1.4028
2.7644
0.0000
1.7647
0.0000
0.0000
0.1205
0.0000
3.8376
0.3552
0.0000
0.0000
0.0000
0.0000
0.0000
0.0000
0.0000
0.0000
0.6365
0.0000
0.1188
0.1038
0.0000
0.0000
0.0000
0.0000
0.0000
0.0000
0.0000
0.6841
0.3404
0.0000
1.3979
1.0054
0.6601
0.6001
0.2395
0.0000
0.0000
0.0000
0.0000
0.0000
2.8318
0.0000
0.0000
1.1935
1.0861
0.0000
0.0000
0.0000
0.7088
0.0296
0.0000
1.4174
2.7963
0.0000
0.0000
0.0000
0.0000
0.0000
0.2486
0.0000
0.0000
0.0000
1.0149
1.5060
0.0000
1.2447
0.0000
0.0000
0.0000
0.0000
0.0370
0.0000
0.0000
0.0000
2.1518
1.2283
0.0000
0.0000
0.0000
0.0000
0.0000
0.0000
1.2218
0.0000
0.0000
0.0000
0.0000
2.7521
1.3513
0.1272
0.0488
0.0000
0.0000
0.0000
2.4010
0.0000
0.0000
0.0000
0.0000
0.0000
0.0000
0.0000
0.0000
0.0000
0.0000
0.0000
0.0000
1.4918
0.0000
0.0000
0.0000
0.9435
0.0000
2.1366
0.0000
0.0000
0.0000
0.0000
0.0000
1.7756
0.0000
0.0000
0.0000
0.7838
0.0000
0.0000
0.0000
0.0000
0.0000
0.0000
0.0000
0.0000
0.0000
0.0000
0.0000
0.0000
0.0000
0.0000
3.0673
0.0000
0.0000
0.0000
0.0000
0.0000
0.0000
0.0000
1.3304
0.0000
0.0000
0.0000
0.0000
0.0000
0.0000
0.0000
0.0000
0.0000
0.0000
0.0000
0.0000
0.3053
0.0000
1.7306
0.0000
0.0000
1.8537
0.0000
0.0000
0.0000
0.0000
0.2900
0.0000
0.0000
0.0000
0.0000
0.1711
1.3473
0.0000
0.3979
0.0000
1.0489
0.0000
0.0000
0.0000
0.0000
0.0000
0.1094
0.0000
0.5084
0.1724
1.3439
0.0000
3.4519
0.0000
0.0000
0.0000
0.0000
0.0000
0.4039
0.0000
2.4214
0.6423
0.0000
0.8870
0.0000
0.0000
0.0000
0.0000
2.0656
0.0000
0.0000
0.0000
0.0326
0.0000
0.0000
0.0000
0.0000
0.0000
0.0000
0.0000
0.0000
1.5040
0.0000
0.7326
1.6621
2.3834
0.1737
0.9826
0.9314
0.9714
0.0000
0.0000
0.0000
0.0000
2.0646
0.7075
0.7723
0.0000
0.0000
0.0000
1.6141
0.4192
0.0000
0.0000
0.0000
0.0000
0.0000
0.0000
0.0000
0.0000
0.0000
0.0000
0.0000
2.4205
0.9362
0.0000
0.0446
0.0000
0.0000
0.0661
0.0000
0.0000
0.0000
1.4515
0.0000
0.0000
0.0000
0.0000
0.2361
0.0000
0.0000
0.0000
0.0000
0.0000
0.0000
0.0000
0.0000
0.0000
0.0000
0.0000
0.0000
0.0000
0.4830
0.0000
0.0000
0.3925
0.0000
0.0000
0.0000
0.0000
0.0574
4.2660
0.0000
0.0000
0.0000
0.0000
0.0000
0.0000
1.1708
0.0000
0.0000
0.0000
1.5608
1.9793
0.0000
1.0722
0.0000
0.0000
3.6385
0.0000
0.0000
0.0000
0.0000
0.0000
0.2083
1.3349
0.0000
0.0000
0.0000
0.0000
0.3852
0.0000
0.0000
0.0000
0.0000
0.8285
0.0000
0.0000
0.0000
0.0000
0.0000
0.0000
0.0000
0.0000
0.0000
0.2263
0.0000
0.0000
0.0000
0.0000
0.0000
0.0000
0.0000
1.4075
0.0000
0.4063
1.0751
0.0000
0.0000
0.9108
0.0000
2.4081
0.0000
0.0000
0.0354
0.0000
0.0000
0.0000
0.0000
0.0000
0.0000
0.0000
0.3119
0.0000
0.0000
0.0000
0.0000
0.0000
2.1643
0.0000
0.0000
0.0000
0.0000
0.0000
0.0000
0.0000
0.0000
0.0000
0.0000
0.0000
0.0000
1.0912
0.0405
0.0000
0.0000
0.0504
0.0000
0.0000
1.0962
0.1427
0.0000
0.0000
0.0000
0.0000
1.0354
0.6377
0.0000
0.0000
0.0000
2.2499
4.5237
0.0000
0.0000
0.0000
0.0000
0.0000
0.0000
0.0000
0.0000
0.0000
0.0000
0.0000
0.0000
0.0000
0.0000
0.0000
0.0000
0.0000
0.0000
0.0000
0.0000
1.1823
0.0247
0.0000
0.0000
0.7568
0.0000
0.0000
0.0000
0.0000
0.3229
0.0000
0.0000
1.4618
0.0000
0.0091
0.0000
1.7204
0.0000
0.0000
0.0000
2.0835
0.0000
0.0000
0.9790
0.0000
0.0000
0.0000
0.4984
0.0000
1.2732
0.0000
0.0000
3.0792
0.0000
0.0000
0.0000
0.0000
1.1238
0.0000
0.0000
0.1943
0.0000
0.0000
0.0000
0.0000
0.3427
0.9852
0.0000
0.0000
0.6571
0.0000
0.0000
0.0000
0.0000
0.0000
1.4957
0.0000
0.0000
0.0000
0.0000
0.0000
0.1167
0.0000
3.4254
0.0000
0.0000
1.8960
0.0000
0.0000
0.0000
0.0000
0.4951
0.0000
1.0544
0.0000
0.0000
0.0000
0.0000
0.0000
0.0000
0.0000
0.0000
0.0000
0.0000
0.0000
0.0000
0.0000
0.0000
1.0325
0.0000
0.0000
0.0000
0.0000
0.0000
0.0000
2.2327
0.0000
0.0000
0.0000
0.4299
0.0000
0.6417
1.0795
0.0000
0.0000
0.1912
1.4351
0.0000
0.0000
0.0000
0.0000
0.0000
0.0000
0.0000
3.1497
0.0000
0.0000
0.0000
0.0000
3.1856
0.8178
0.0000
0.0000
0.0000
0.0000
0.0000
0.0000
0.0000
0.0000
0.0000
0.0000
0.0000
0.0000
0.0000
0.0000
0.0000
0.0000
0.2777
0.4004
0.0000
0.0000
0.0051
0.0000
0.4137
0.0000
0.0000
0.4098
0.0000
0.1916
0.0000
0.0000
0.0000
0.9093
0.0000
0.1095
0.0000
0.0000
1.2931
0.0000
0.0000
3.6878
0.0000
0.0000
0.0000
0.0000
0.0000
0.0000
0.0000
0.0000
0.0000
0.0000
0.4078
0.0000
0.0000
0.0000
0.5824
0.0000
0.0000
0.0000
0.0000
0.0000
0.0000
0.0000
0.0000
0.0000
0.0263
0.0000
0.1828
0.0000
0.5273
0.0000
0.0000
0.0000
0.0000
1.1049
0.0000
0.6918
0.0000
0.0000
3.2453
0.0000
0.0000
0.0000
0.0000
0.0000
0.0000
0.6814
0.4302
0.0000
0.0000
0.0000
0.0000
0.0000
0.0000
0.0000
0.0000
0.0000
1.6785
0.0000
0.0000
1.6442
0.0000
2.3427
0.0000
0.0000
0.0000
0.0000
0.0000
0.0000
0.7892
0.1010
0.9248
0.0000
4.4187
0.0635
0.0000
0.0000
0.0000
1.8939
0.0000
1.9112
0.0000
0.0000
0.0000
0.0000
0.0000
2.1486
0.0000
0.0000
0.1640
0.0000
0.0000
0.0000
1.8777
0.0000
0.0000
0.0000
2.0344
0.0000
0.0000
0.0000
1.0187
0.0000
0.0000
0.0000
0.0000
0.3458
0.0000
0.0000
0.0000
2.9591
1.2659
3.9592
0.0000
1.3031
2.3314
0.3373
0.0000
0.0000
0.0000
0.0000
0.0000
0.0000
0.0000
0.0000
2.3075
0.0000
0.0000
0.0000
0.5691
0.0000
0.0000
0.0000
1.7268
0.5117
0.0000
0.0000
1.0082
0.0000
0.6313
0.0000
0.0000
0.0000
1.1342
0.0000
1.5625
0.0000
0.0000
3.4958
0.3479
0.0000
0.6370
0.0000
0.0000
4.7269
0.0000
0.4116
0.0000
0.0000
0.0000
0.0000
0.0000
0.0000
0.0000
1.9095
1.0204
0.0000
0.0000
0.0000
0.0000
0.0000
0.9993
0.0000
0.0000
0.0000
0.0000
0.0000
0.0000
0.0000
0.0000
0.0000
0.5048
2.2172
0.0000
0.0000
1.3783
0.0000
0.0000
0.0000
1.4233
2.4992
0.7354
0.0000
0.0000
0.0000
1.5472
0.0000
0.0000
0.0000
0.0000
0.4998
0.0000
0.4178
0.0000
0.0000
3.7817
0.0000
0.0000
0.1932
0.0000
0.0000
0.0000
0.0000
0.0000
0.0000
0.0000
0.0000
0.0000
0.7343
0.0000
0.0000
0.0282
0.4790
0.0000
1.4570
2.5853
0.0000
0.0000
0.0000
0.0000
0.0000
0.0000
0.8255
0.0000
0.0000
0.0000
0.0000
0.5847
0.0000
0.0000
0.0000
0.0000
0.0427
0.0000
0.5036
0.8771
0.0000
0.0000
2.9567
0.0000
0.0464
0.0000
0.1270
0.0000
0.0000
0.0000
0.0000
0.0000
0.6407
0.0000
0.0000
0.0000
0.0000
0.0000
0.0000
0.0000
0.5970
1.6432
0.0000
0.0000
2.0916
1.1124
0.6684
0.0000
0.0000
0.0000
0.0000
0.5499
0.3915
0.0000
0.0000
0.0000
0.0000
0.0000
0.0000
3.1717
3.4636
0.0000
0.0000
0.0000
0.0000
4.1737
0.0000
0.0000
0.0000
0.0000
0.0000
0.0000
0.0000
0.0000
0.0000
0.0000
0.0000
0.0564
0.0000
3.0865
0.0000
0.0000
0.1153
0.0000
0.0000
0.1888
0.0000
0.0000
0.0000
0.0000
3.9400
0.5526
0.0000
0.0000
1.4739
0.0000
0.0000
0.0000
3.0353
0.0000
0.0000
0.1515
3.2097
0.3529
0.0000
0.0000
0.0000
0.0000
0.0000
0.1660
1.4046
0.0000
0.0000
7.9152
1.5600
0.0000
0.0000
0.0000
0.0000
0.0000
0.0000
0.0000
0.0000
0.0000
0.1403
0.0000
0.0000
0.0000
0.0000
0.4920
0.0000
0.0000
0.0000
0.0000
0.0000
0.3442
0.0000
0.0000
0.0714
0.0000
0.0000
0.0000
0.0000
0.2377
0.0000
1.8383
1.7755
0.0000
0.0000
0.0000
0.0000
0.0000
0.0000
0.0000
0.0445
0.0000
0.0000
0.0000
0.0000
0.0000
0.0000
0.0000
0.0000
2.9888
0.0000
1.2901
0.3092
0.0000
0.0000
0.0000
0.0000
0.0000
0.0000
0.0000
0.0000
0.0000
0.0000
0.0000
0.0000
0.0000
2.7531
1.2903
0.0000
0.0000
0.0000
0.0000
0.9479
0.0000
0.0000
0.0000
0.0000
0.0000
0.0000
0.0000
0.0000
0.0000
0.0000
0.2669
0.0000
0.0000
0.0000
0.0000
0.0000
0.0000
0.0000
0.0000
0.0000
0.0000
0.0000
2.4156
0.3657
0.0000
2.5157
0.0000
0.3445
1.9746
0.3879
0.0000
0.0000
0.0000
0.0000
1.3863
0.0000
0.0000
0.0000
0.0000
0.0000
0.0000
0.0000
0.0000
0.6445
0.0000
3.1645
0.0000
0.7907
0.0000
0.0000
0.2787
3.0892
1.6639
0.0000
0.0000
0.0000
0.0000
0.0000
0.5419
0.0000
1.1197
0.0000
0.0000
0.5682
0.0000
0.0000
2.2707
0.0000
0.0000
2.6841
0.0000
0.5064
0.0000
0.5717
0.0000
0.0000
4.0185
0.0000
0.0000
0.0112
0.0000
0.0000
3.0582
0.5494
1.2144
1.5827
0.0000
0.0000
0.0000
0.0000
0.0000
0.0000
2.1194
0.0000
0.0000
0.0000
0.0000
0.0000
1.5144
0.0000
0.0000
0.0000
0.0000
0.0000
1.2019
0.5590
0.0000
0.0000
0.0000
0.0000
0.0000
0.0000
0.0000
0.0000
2.6077
0.0000
0.0000
2.0001
0.0000
0.0000
0.6465
0.0000
0.0000
0.0000
0.0000
0.1042
0.0000
0.0000
0.0000
0.0000
1.7094
0.0000
2.8715
0.0000
0.0000
0.0000
0.0000
0.0000
0.0000
0.6443
0.4896
0.1761
0.0000
0.0000
0.0000
0.0000
0.0000
0.0000
0.0000
0.0000
0.0000
0.0000
1.0425
0.0000
0.0000
0.0000
0.8664
0.0000
0.0000
1.8907
0.0000
0.6173
0.0000
5.0235
0.0000
1.2668
0.0000
0.6284
0.0000
0.0000
0.0000
0.0000
0.0000
0.0000
0.0000
0.0000
1.1744
0.0000
0.0000
0.0000
0.0000
0.0000
0.0000
0.0000
0.0000
0.0000
0.2975
0.0000
0.0000
0.0000
0.7367
0.0000
0.0000
0.0000
2.4958
0.0000
0.6779
0.0000
0.8508
0.0000
0.0000
0.0000
0.0000
0.0000
0.0000
0.0000
0.0000
0.0000
0.7060
0.0000
0.0000
0.0000
0.0000
0.1282
0.0000
0.0000
0.0641
0.7634
0.0000
0.0000
0.0000
0.0000
0.0000
0.7050
0.0000
0.0000
0.0000
0.0000
0.0000
0.0000
0.0000
0.0000
0.0000
0.0000
3.4345
0.0000
0.0000
0.0000
0.0000
0.0000
0.0000
0.0000
0.0000
2.5169
0.0000
0.0000
0.0000
0.0000
0.0000
1.2107
2.7555
0.0000
0.0000
0.0000
0.0000
0.0000
1.6005
0.0000
0.2450
0.0000
0.0000
0.0000
0.0000
0.0000
0.0000
4.1074
0.0000
0.0000
0.0000
0.0000
0.0000
0.0000
0.0000
0.0000
0.0000
0.0000
0.0000
0.0000
0.0000
0.0000
0.0000
0.0000
0.5927
0.0000
0.0000
0.0000
2.3325
0.0000
0.0000
0.0000
0.0000
0.0000
1.0534
0.1304
0.5353
0.0000
0.0234
0.0000
0.1471
0.0000
0.1839
0.3425
0.0000
0.0000
0.0000
0.0000
0.2223
0.0000
0.0000
0.0000
0.0000
0.0000
0.0000
0.0000
0.0000
0.0000
0.0000
0.0000
0.0000
0.0000
0.0000
0.0000
2.2851
0.0000
0.0000
0.0000
0.0326
0.0000
0.5761
0.0000
0.0000
0.0000
0.0000
1.7064
0.0000
0.0000
0.0000
0.0000
0.0000
0.0000
0.0000
0.2856
0.0000
0.0000
0.0000
0.0000
0.0165
0.0000
0.0000
0.0000
0.0000
0.0000
0.0000
0.0000
0.5048
0.0000
0.0000
0.0000
0.0000
1.4605
0.0000
4.1253
0.0000
0.0000
0.0000
0.0000
0.0000
0.0000
0.0000
0.9936
0.0000
0.0000
0.0000
0.0000
0.0000
0.0000
0.0000
0.0000
0.0000
1.4385
0.0000
0.0000
2.0703
0.0000
0.0000
2.1315
0.0000
0.0000
0.0000
0.0000
2.9036
0.0000
0.0000
0.0000
1.3450
1.1972
2.9518
0.0000
0.0000
0.0000
0.0000
0.0000
0.0000
0.0000
1.2219
0.0000
2.3819
0.0000
0.0000
0.0000
0.5830
0.0000
1.6873
0.0000
1.9845
0.4303
0.0000
0.0000
1.6228
0.0000
1.5797
0.0000
0.1980
0.0000
0.0000
0.0000
0.0000
0.9349
0.0000
1.4454
1.7224
0.7857
0.0000
0.0000
0.0000
2.7481
0.6853
0.0000
0.0000
0.0000
0.0000
0.0000
0.0000
5.2617
0.8198
0.0000
0.0000
0.0000
0.0000
0.2169
0.0000
0.0000
1.2684
0.0000
0.0000
0.0000
0.0675
1.0551
2.5968
0.0000
0.0000
0.0000
0.0000
1.9961
0.0000
0.0000
0.0000
0.0000
0.0000
0.0000
1.0106
0.0000
0.0000
3.5744
0.0000
0.0000
0.0000
0.0000
2.2243
2.1246
0.3094
0.0000
0.0000
0.0000
0.1297
1.2219
0.0000
0.0000
0.0000
0.6346
0.0000
0.0000
4.0481
0.0000
1.6205
0.0000
0.0000
1.6109
0.0000
0.0000
0.0000
0.0000
0.0000
0.0000
4.2186
0.0000
0.0000
0.0000
0.0000
0.0000
0.0000
0.0000
0.9360
0.0000
0.0000
0.0000
0.0000
0.0000
0.0000
0.0000
3.0819
3.9268
0.0000
0.0748
0.0000
0.0000
0.0000
0.0000
0.0000
0.0000
0.0000
0.5769
0.2382
0.4753
0.0000
0.0000
0.0000
0.0000
0.0000
0.0000
0.0000
1.2046
1.7937
0.0000
0.0000
0.0000
0.0000
0.0000
0.0000
0.0000
2.9082
0.0000
2.4006
0.0000
0.0000
0.0000
0.0000
0.0000
0.0000
0.0000
0.7203
1.5976
0.0000
0.0000
0.0000
0.0000
2.3065
0.0000
1.6055
1.4981
0.4129
0.0000
0.0000
0.0000
0.0000
0.0000
0.0000
3.1910
0.0000
0.0000
0.4832
0.0000
0.4353
0.0000
0.0000
0.0000
0.0000
0.0000
0.9038
2.6208
1.3146
1.8863
2.1288
0.0000
1.5326
0.0000
0.0000
0.0000
0.0000
1.0707
0.0000
0.0659
0.0000
0.0000
0.0000
0.0000
0.0000
0.0000
0.0000
0.0000
0.0000
0.0000
0.0000
0.0227
0.0000
0.0000
0.0000
2.6160
0.0000
0.0000
0.0000
0.0000
0.4674
0.3103
0.0000
0.0000
0.0000
0.0000
0.0000
0.0000
0.4839
0.2500
3.5066
0.0000
0.5089
0.0000
0.0366
0.2830
0.0000
0.0000
0.0000
0.0000
0.0000
1.9057
0.0000
1.1370
0.0000
0.0000
0.0000
0.0000
1.1686
0.0000
0.0000
0.0000
0.0000
0.0000
0.0000
0.0364
0.0000
2.0401
0.0000
0.0000
1.9266
0.8795
0.8922
0.0000
0.0000
0.0000
0.3201
0.0000
0.0000
0.0000
0.0000
0.0000
0.6124
0.1446
0.0000
0.0000
0.7909
1.1799
1.7498
0.0000
0.0000
0.0000
0.0000
0.0000
2.8837
0.0000
0.0000
0.0000
0.0000
0.0000
0.9092
2.5077
0.0000
0.0000
1.0541
2.0808
0.0000
0.0000
0.5217
0.0000
0.0000
0.0000
0.4962
1.8713
0.0000
0.0000
0.0000
0.0000
0.0000
0.7126
0.0000
0.0000
0.0000
0.0000
0.0000
0.0000
0.0000
0.0000
0.0000
0.0000
0.0000
0.0000
0.0000
2.0016
0.0000
2.1746
0.0000
0.0000
0.0000
0.0000
0.0000
0.0000
0.0000
0.0000
0.0000
0.0000
0.0000
1.3343
0.0000
0.0000
0.0000
0.0000
0.0000
2.0670
0.3530
0.0000
0.0000
0.0000
0.0000
0.0000
0.4815
0.0000
1.8613
0.0000
0.0000
0.0000
0.0000
0.0000
0.0000
0.0000
0.0000
0.8181
0.0000
0.0000
0.0000
0.0000
0.0000
0.4954
0.0000
0.0000
0.0000
0.3501
0.5780
0.0000
0.0000
3.4216
0.0000
0.0000
0.0000
0.0000
0.0000
0.0000
1.7292
0.0000
0.0000
0.0000
0.0000
0.0843
0.6557
0.4545
0.0000
0.0000
0.0000
0.0000
1.2101
0.0000
0.0000
0.0000
0.4151
0.0000
0.0000
0.0000
0.0000
0.0000
1.0097
0.0000
0.0000
0.0000
0.0000
0.0000
3.2257
0.2154
0.0000
2.1371
0.9676
0.0000
0.0000
0.0000
0.0000
0.0000
0.0000
0.6248
0.0000
0.0000
3.2581
2.6404
0.0729
0.0000
1.8013
0.0000
1.4055
0.0000
0.0000
1.1360
0.0000
0.0000
0.0000
0.0000
1.7736
0.0000
0.0000
0.0000
0.0000
0.0000
0.0000
0.4555
0.0000
0.0000
1.1403
0.0000
0.0000
0.0000
0.0000
1.7571
1.5706
0.0000
0.0000
0.0000
0.0000
0.0000
0.0000
0.0000
0.0000
0.0000
0.0000
0.0000
0.0000
0.0000
0.0000
0.0000
0.0000
0.0000
0.0000
0.0000
0.0000
0.0000
0.0000
0.4753
0.0000
0.0000
0.0000
0.0000
0.0000
0.0000
0.8644
0.0000
0.0000
0.0000
0.0000
1.8922
0.4086
1.0453
0.0000
0.0000
0.3488
1.8196
0.0000
0.0000
0.0000
3.0381
1.8950
0.0000
0.0000
0.0000
0.0000
0.0000
0.3058
0.0000
2.0472
0.0000
0.0000
0.0000
3.2028
0.0000
0.1608
0.0000
0.0000
0.0000
0.0000
2.6778
0.0000
0.0000
0.0000
0.0000
1.4253
0.0000
0.0000
0.0929
0.1015
0.0000
0.0000
0.3285
0.0000
0.0000
0.0000
0.0000
0.0000
0.0000
3.9699
0.0000
2.6675
0.0000
0.0000
3.4376
0.0000
0.0000
0.0000
2.3560
0.0000
0.0000
0.8386
0.0000
0.0000
0.0000
0.0000
0.0000
0.0000
0.0000
0.0000
0.0000
0.0000
0.4478
0.0000
0.0000
1.2391
0.0000
0.0000
0.0000
0.4586
0.0000
0.0000
0.0000
0.0000
0.0000
1.3185
0.0000
0.0000
0.2076
3.6598
0.0000
0.0000
0.5063
0.0000
4.9694
0.0000
3.0764
0.0000
1.8304
0.0000
0.0000
0.0000
0.0000
0.0000
0.0000
0.0000
0.0000
1.2245
1.3187
2.5151
0.0000
0.0000
0.3583
0.0000
0.0000
0.0000
0.0000
0.0000
0.8826
0.0000
0.0000
2.6396
0.0000
0.0000
0.0000
1.6845
2.9596
0.0000
0.0000
0.0000
0.0000
1.6603
1.4009
1.0912
0.5436
0.0000
0.0000
0.8762
0.0000
1.8233
0.3790
0.0000
0.1079
0.0000
0.0000
0.0000
1.1197
0.0000
0.0000
0.0000
0.0000
0.8671
0.0000
0.0000
0.0000
0.0000
0.0000
0.0000
1.1453
2.3280
0.0000
0.0000
0.4954
2.8279
0.0000
0.2471
0.0000
0.0000
0.0000
0.0000
0.0000
0.0000
0.0000
0.1375
0.0000
3.4334
0.2703
0.0000
0.1477
0.0000
0.0000
0.2985
1.6323
0.4843
0.0000
0.0000
1.1874
0.4270
1.0813
0.0000
0.0000
0.3280
0.0000
0.0000
0.0000
0.0000
0.2793
0.8920
0.0000
0.0000
0.0000
0.0000
0.0000
4.8192
0.0000
0.0000
0.0000
2.2924
0.0000
0.0000
0.0000
0.0000
1.6766
0.0000
0.0000
0.2703
0.0000
2.6056
1.3416
0.0000
0.0000
0.7646
2.4173
0.0000
0.0000
0.0000
0.0000
0.0000
0.0000
0.0000
0.0000
0.0000
0.0000
0.0000
0.0000
0.0000
0.0000
0.0000
0.0000
0.0000
0.0000
0.0000
0.0000
0.0000
2.1471
0.0000
0.6321
0.6489
0.0748
0.5677
0.0000
0.0000
1.7236
0.0000
0.0000
0.0000
0.0000
0.0457
0.0000
4.6058
2.4823
0.0000
2.9201
0.0411
0.0000
0.0000
0.0000
0.5846
0.3251
0.0000
0.0000
0.0000
0.0000
0.0000
0.0000
0.7503
2.6875
0.0000
0.0000
0.0000
0.0000
0.0000
0.0000
1.4013
0.0000
0.7843
0.0000
0.0000
1.4621
0.0000
