0.0000
0.0000
0.1338
0.1343
1.3037
0.3820
0.0000
0.0000
0.0000
3.0907
1.2397
0.0000
0.2546
0.0000
0.0000
0.0000
0.0000
0.0000
0.0000
0.0000
0.0000
0.0000
1.4801
0.4227
1.8460
1.2149
0.0000
1.9279
0.0000
0.0000
0.0000
0.0000
0.7624
0.0000
0.8816
0.0000
0.0000
0.3029
2.1772
2.2111
0.0000
0.0000
0.0000
0.0000
0.0000
0.0000
0.0000
0.0000
0.0000
0.0196
0.0000
0.0000
0.0000
0.0710
0.0000
0.0000
0.8747
1.0829
0.0000
0.0000
0.0000
1.0911
0.0000
1.6711
0.0000
0.0000
0.0000
0.0000
0.0000
0.0000
0.0000
3.0907
0.6897
0.0000
0.0000
1.9102
0.0000
0.0000
0.0000
0.0000
0.1664
0.0000
0.0000
0.0000
0.0000
0.0000
1.2616
1.5490
1.3219
0.0000
0.0000
0.0000
0.8553
1.2152
0.0000
0.0000
0.0000
0.0000
2.6050
0.0000
0.0000
0.0000
0.6215
0.0000
0.1960
0.0151
0.0000
0.0000
0.2132
2.9996
0.0386
0.0000
0.0000
0.0000
0.0000
0.0000
0.0000
0.0000
0.0000
0.0000
1.4235
0.9730
1.7708
0.0000
0.1090
0.0000
0.0000
0.3884
0.4870
0.6018
0.0000
0.0000
0.8942
0.0000
2.6090
0.0000
1.2151
1.5302
0.0000
3.7909
2.1588
0.0000
1.5714
0.8520
3.0135
0.0000
1.1357
1.2391
0.0827
0.5027
0.0000
1.2735
1.4623
0.3729
0.0000
0.0000
0.0000
0.4749
0.0698
0.0000
0.0000
0.0000
0.2596
0.0000
0.0000
1.1013
0.0000
0.0000
0.0000
2.2053
0.0000
0.0000
0.0000
0.0000
0.0000
0.0000
0.0000
0.4684
0.0000
6.3926
0.9550
2.2745
0.0000
0.0000
0.0000
0.0000
1.0012
1.0277
1.6441
0.6130
0.2911
0.0000
0.0000
0.0000
0.8548
0.0000
0.0000
0.0000
1.5409
1.9711
0.0000
0.0000
0.5526
0.0000
0.0000
0.0000
0.0000
0.0000
0.0000
0.0000
0.0000
0.0000
0.0000
0.0000
0.0000
0.0000
0.0000
0.0000
0.4663
0.0000
0.0000
0.0000
0.0000
0.0000
1.6276
0.0000
0.0000
0.0000
0.0000
0.9889
0.0000
0.9954
0.0000
0.0000
1.2901
0.0000
1.6405
0.0000
0.0000
0.0000
0.0000
0.0000
0.0000
0.0000
0.0000
0.1883
0.0000
0.0000
0.0000
0.0000
0.0000
0.0000
0.0000
1.1211
0.0000
1.3138
0.0000
0.0000
1.6298
0.0000
0.0000
0.0138
0.0000
0.2228
0.0000
0.0000
0.6516
0.0000
0.0000
0.1919
2.3695
0.0000
0.0000
1.1437
0.0699
0.0000
0.0000
0.6108
0.0702
0.0000
3.4553
0.0000
0.9022
0.0000
0.0000
0.9271
0.0000
0.0000
0.0000
0.0000
0.0000
0.0000
0.0000
0.0000
3.7938
0.0000
0.0000
1.6904
0.0000
2.4437
0.0000
0.0000
0.0000
0.0000
0.0000
0.0000
0.0000
0.0000
0.0000
0.0000
0.0000
0.7387
0.0000
1.6703
0.1581
0.0000
0.0000
0.0000
0.3314
2.0786
0.7172
2.9948
0.0000
0.8414
0.0000
2.5728
0.0000
0.0000
0.0000
1.3569
0.0000
0.0000
0.0000
0.0000
0.0000
2.0115
1.1225
0.0000
0.0000
2.4746
0.0000
0.0000
0.0000
0.0000
0.0000
4.5248
0.0000
0.0098
0.0000
0.0000
0.0000
2.6369
0.2132
0.0000
1.2345
0.0000
0.2342
0.0000
0.8195
0.0000
0.0000
0.0000
0.0000
0.0000
0.0000
0.0000
0.0000
0.0000
0.1483
0.0000
0.0000
0.0248
0.0000
0.0000
0.5135
0.0000
0.0000
0.8088
0.0000
0.0000
2.6124
0.1002
1.1746
0.0000
0.0000
0.0000
0.5842
0.0000
0.0000
0.0000
1.5463
0.0000
0.0000
0.0000
0.0000
1.6191
0.0000
0.0000
0.0000
1.0883
0.0000
0.1161
0.0000
0.0000
0.0000
0.6158
0.0000
0.0000
0.9500
0.0000
0.0000
0.0000
0.0000
3.7173
0.0000
0.8270
0.0000
0.0000
0.6725
0.0000
1.0530
0.0000
0.0000
0.0000
0.3958
0.3447
0.0000
0.4185
0.0000
0.0000
0.0000
0.0000
0.0000
0.0000
0.0000
0.0000
0.3138
0.0000
1.5484
0.0000
2.3361
0.2265
0.2959
0.0000
2.6694
0.5077
0.0000
0.6840
1.4323
0.8157
0.4183
0.0000
0.3342
0.0000
0.0000
0.3538
0.0000
0.5368
0.6190
0.0000
0.0000
0.3450
0.0000
0.0842
0.4222
0.0000
0.0000
0.0000
0.0000
0.0922
0.0000
0.4767
0.0000
0.4875
0.0000
0.7897
1.8661
0.0000
0.9707
0.0000
0.0731
0.0000
1.0151
1.2085
0.2458
1.0422
0.0000
1.1583
0.0000
2.1068
0.0000
0.0000
0.0000
0.0000
2.6049
0.0000
0.0000
0.0000
0.2277
0.0000
0.0000
0.0000
3.0283
0.0000
0.0000
0.0000
0.0000
0.0000
0.0000
2.0239
0.0000
0.0000
0.0000
0.8738
0.0690
0.7114
0.0156
0.0000
6.6451
0.0000
1.7490
1.1310
0.0000
1.1256
0.0000
0.0000
0.8987
0.0000
0.0000
0.0000
2.1955
0.6595
0.4755
0.0000
0.0000
1.5031
0.0000
0.0000
1.2321
0.0000
0.0000
0.0000
0.0000
0.0000
0.0000
0.0000
0.0000
0.0000
0.0000
0.0000
0.0000
1.7396
0.0000
0.0000
0.0000
0.0000
0.0000
0.0000
0.8778
0.0000
0.3810
1.0281
0.0000
0.0000
0.0000
0.7110
0.0000
0.0000
0.0000
0.0000
0.0000
0.0000
0.0000
0.0000
0.0000
0.0000
0.0000
0.0000
0.0000
0.6351
0.0000
0.0000
0.0000
0.0000
0.0000
0.0000
0.0000
0.8097
2.5288
0.3192
0.0000
0.1869
0.0000
0.0000
0.0000
0.0000
0.0000
0.0000
2.7580
0.5932
0.0000
2.8189
0.0000
0.0000
0.0000
0.3429
2.4874
0.0000
0.0000
0.0000
0.0000
0.0000
0.0000
5.1933
0.0000
0.9604
0.0000
0.0000
0.4086
0.0000
2.0306
0.0000
0.0469
0.0000
0.0000
0.6562
0.0000
0.5694
0.0000
0.0000
0.0000
0.0000
0.0000
0.0000
1.5431
1.8093
0.0000
0.7809
0.0000
0.0000
0.3664
0.7454
0.0000
0.0000
0.9923
0.0000
0.0000
0.0000
0.8695
0.0000
0.0000
0.0000
1.5250
0.0000
0.0000
0.0000
0.0000
0.0000
0.0000
0.0911
0.2273
1.5444
1.3686
0.0000
0.0000
0.0000
0.0000
0.0000
0.0000
0.0000
0.4642
0.0000
0.0000
0.0000
0.0000
0.0000
0.0000
0.0000
0.0000
0.0000
0.0000
0.0000
0.0000
0.0000
0.0000
0.6814
0.0000
0.7870
0.0000
1.2526
0.0000
0.0000
2.4446
0.0000
0.0000
0.0000
0.0000
0.0000
0.3988
0.0000
2.9138
0.0000
0.0000
0.7078
0.0000
0.0000
0.0000
0.0000
0.0022
1.6382
0.0000
3.2761
0.6785
0.0000
0.0000
0.0000
0.0000
0.0000
0.0000
0.4289
0.0000
0.0000
1.6353
0.0846
0.0000
0.0000
0.0000
0.0000
0.0000
0.0000
0.0000
0.0000
0.0000
1.2970
0.0000
0.0000
0.0000
1.8068
0.0000
4.6095
0.7844
0.0000
0.0000
1.8040
0.0000
0.0000
0.2642
0.3041
2.2797
0.0000
0.0000
0.0000
0.0000
0.0000
0.0000
0.0000
0.0000
0.0000
0.0000
0.0000
0.0000
0.0000
1.3581
0.0000
0.0000
1.1335
0.0000
0.0000
0.0000
0.0000
0.6739
0.0000
0.0000
0.0000
0.0000
0.0000
0.0000
0.0000
0.0000
1.1714
0.0000
0.0000
0.0000
0.0000
0.0000
0.0000
0.6124
0.7830
0.0000
0.0000
0.0000
0.0000
2.8535
0.0000
0.0000
0.1839
0.0000
0.0000
0.0000
0.0000
0.0000
0.0000
2.7803
0.3730
0.0000
0.0000
0.0000
0.0000
0.0000
0.0000
0.0000
0.0000
0.0000
0.0000
0.0000
0.0000
1.0675
0.0000
0.0000
1.6024
0.8926
0.0000
0.1499
0.0000
0.0000
0.0000
0.0000
0.0000
0.3670
0.1900
1.6173
0.0000
0.0000
0.0000
0.0000
0.0000
0.6270
0.0000
0.0000
0.0000
0.0000
0.0000
0.0000
2.3994
0.0000
0.0000
0.0000
0.0000
0.6144
0.0000
0.0000
0.0000
0.0000
0.0000
0.0000
0.0000
0.0000
0.0000
0.0000
0.0187
0.0000
0.1245
0.0000
1.2184
0.3235
0.5626
0.7303
0.0000
0.0000
0.0000
0.0000
0.0000
1.8624
0.0000
0.0000
0.0000
0.0000
2.3502
0.0000
0.0000
0.0000
0.0000
0.0000
0.0000
0.0000
0.0000
0.6333
0.0000
0.0000
0.0000
0.7994
0.0000
0.3593
0.0000
0.0000
0.0000
0.0000
0.9893
0.9595
0.0000
0.0000
0.0000
0.0000
0.0000
0.0000
0.0000
0.0000
0.0000
0.0000
0.3565
0.0000
0.0000
3.1232
0.0000
0.0000
0.5891
0.0000
0.6166
0.0000
0.0000
0.0000
0.0000
0.0000
0.0000
0.0000
2.7189
0.8549
0.2984
0.0000
0.0000
0.0000
0.0000
0.2364
0.0000
0.0000
1.9230
0.0000
0.0000
0.0000
0.0000
0.6710
0.0000
0.0000
0.0000
1.1250
2.8182
0.0000
0.0000
0.0000
4.7826
0.0000
0.6689
0.0000
0.0000
0.0000
0.0000
1.4280
0.0000
0.0000
0.3305
0.0000
0.0000
0.0000
1.4554
0.0000
0.0000
0.0000
2.1324
0.3823
0.0000
1.5603
0.1467
0.0000
0.0000
0.0000
0.0000
1.0323
0.0000
0.1316
0.0000
0.0000
1.3425
0.0000
0.1845
2.4570
1.2191
1.3085
0.0000
0.0000
0.0000
0.2810
0.0000
0.0000
0.0000
0.0000
0.0000
0.0000
0.0000
0.0000
2.7867
0.0000
0.0000
0.0000
0.7487
0.0000
2.7756
0.0000
0.0000
0.0000
1.7726
0.0000
3.1459
0.0000
2.8580
0.0000
0.0000
0.5513
1.4476
0.0000
0.8709
0.0000
1.9669
0.0000
0.0000
0.0000
0.8968
1.1364
0.0000
0.0000
0.4552
0.0000
0.0000
1.4820
0.0029
0.6347
0.0000
1.2129
0.0000
2.4451
0.0000
0.0000
0.0000
0.0000
0.0000
0.0000
0.0000
0.4375
0.0000
0.0000
0.0000
0.6779
0.0000
0.0000
0.0000
0.0000
0.0000
0.0000
0.0000
0.0000
0.0000
3.4586
0.0000
1.8610
0.0000
0.0779
2.0024
0.3321
0.4640
0.0000
0.0000
1.1261
0.0000
0.0000
0.0000
0.0000
0.0000
0.5827
0.0000
0.0000
1.2714
0.0000
0.0000
0.0000
0.0000
0.0000
0.0945
0.0000
0.4827
0.0000
0.0000
0.6808
1.1398
0.0000
0.0000
0.9166
0.0000
0.0000
0.3731
0.0000
0.9739
0.0000
0.4116
0.0000
0.7776
0.6275
0.0000
0.0000
0.0000
0.0000
0.0000
0.0000
0.0000
0.6758
0.0000
0.4282
0.0000
0.0000
0.0000
0.0000
0.0290
0.0000
0.0139
0.0000
0.0000
1.1328
0.0000
0.3495
0.0000
0.0000
0.0000
0.0000
0.0000
0.0000
0.0000
0.0000
0.0000
0.0000
0.0000
0.0000
0.0000
3.0433
0.0000
0.0000
0.0000
1.3408
0.9898
2.1488
0.0000
0.0000
0.0000
0.0000
1.8082
0.3317
0.0000
0.0000
0.0000
1.0691
0.0000
0.0000
0.0000
0.0000
0.0000
0.0000
0.0000
0.0000
0.0000
2.0317
0.0000
0.0000
0.0000
3.0342
0.2463
0.0000
1.7923
3.3226
0.0699
0.0000
0.0000
0.0000
0.0000
0.0000
2.2514
0.0000
0.0000
0.0000
0.0000
0.0000
0.0000
1.7012
0.0000
0.9209
0.0000
0.0000
0.0000
0.2766
0.0000
0.0000
0.0000
0.0000
0.0000
1.8370
0.5406
0.0000
0.0000
0.2191
0.0000
1.2724
0.0000
0.0000
0.0000
4.6029
0.0000
1.2217
0.0000
0.0364
0.0000
0.0000
0.0000
0.0000
0.0000
0.0000
0.0000
0.0000
4.8805
0.0000
0.0000
0.0000
0.0000
0.0000
0.0000
0.0000
0.0000
0.0000
0.0000
0.0000
0.0000
0.2352
0.0000
0.0000
0.0000
0.0000
0.0000
0.0000
0.0000
1.0849
0.0000
0.0000
0.0000
2.0757
0.0000
0.0000
0.0000
2.6102
0.0000
0.0000
0.0000
0.0000
1.7837
0.2407
0.0000
0.0000
0.0000
0.0000
0.0375
0.0000
0.0000
0.0000
0.0000
0.0000
0.0000
0.0000
0.3255
2.1166
0.0000
0.6596
0.0000
1.0624
0.0000
0.5447
0.7459
0.0000
0.0000
0.0000
0.0000
0.0000
0.0000
1.4430
0.0000
0.0000
0.0000
0.0000
0.9793
1.9541
0.0000
0.0000
0.1983
1.2844
0.0000
0.0000
0.0000
0.0000
0.0000
1.7136
0.0000
0.0000
0.4715
0.0000
0.0000
0.0000
0.0000
0.0000
0.0000
0.6316
0.0000
0.2146
0.6976
0.0000
0.0000
0.0000
0.1311
0.0000
0.1127
0.0000
0.0000
1.1616
0.0253
0.0000
0.0000
0.0000
0.0000
0.0000
0.0000
0.0000
0.0958
0.8321
0.1652
0.0000
1.1900
0.0000
0.0000
0.0000
0.0000
0.0000
0.0000
0.0000
0.0000
0.0000
0.0000
0.0000
0.0000
0.0000
0.0000
0.0000
0.9796
0.0000
0.0000
0.0000
0.2013
0.0000
0.0000
0.0000
0.0000
0.0429
0.0000
0.0101
0.0000
0.0000
0.0000
1.8817
3.1475
0.0000
1.5963
0.0000
0.0379
0.0000
0.0000
0.0000
0.0000
0.3027
0.0000
0.0000
0.0000
0.5272
2.5408
0.0000
0.0000
0.0000
0.0000
0.0000
0.0000
2.8333
0.0000
2.5060
0.0000
0.0000
0.9173
0.9457
1.5588
0.8401
4.4826
0.0000
0.0000
0.0000
0.0000
0.0000
0.2069
0.0000
0.0000
0.0000
0.0000
0.0000
0.0000
0.0000
0.0000
0.0000
0.0000
0.0000
2.8658
0.0000
1.4855
0.0000
1.3455
0.0000
0.0000
0.8354
1.7085
0.0000
3.0425
0.0000
0.0000
0.6521
0.4387
0.0000
0.0000
0.0000
0.7488
0.0000
0.0000
0.0298
0.0000
0.0000
0.0000
0.0000
0.0000
0.0000
0.2926
0.3118
1.4707
0.0000
2.5134
0.0000
0.0000
0.0000
0.0000
0.0000
0.0000
0.0000
0.0067
0.0000
0.0000
0.9671
0.0000
0.5674
1.2839
0.0000
0.0000
0.0000
0.3317
0.0000
0.0000
0.0000
0.0000
0.0000
0.0000
0.0000
0.0000
1.1050
0.0000
0.0000
0.0000
0.0000
0.0000
0.0000
0.0000
0.0000
1.4759
4.4331
2.0235
0.0000
2.6398
0.0000
0.0000
0.0000
0.1791
0.0000
0.2864
0.0000
0.0000
0.0000
0.0000
0.0000
0.0000
1.2230
0.0000
0.0000
0.2083
0.0000
0.0000
0.0000
0.3769
0.0000
0.0000
2.5693
0.6744
0.0000
0.0000
0.2042
0.0000
0.0000
2.3431
0.9706
0.0000
0.4111
0.0000
0.0000
0.4133
0.0000
0.0000
0.0000
0.0000
0.0000
0.8859
0.0000
0.0000
0.0000
0.0000
0.0000
1.9636
0.8804
0.2986
0.0000
0.0000
0.0000
0.0000
0.0000
0.0000
0.0000
0.5344
0.0000
0.0000
0.0000
2.8518
0.0000
0.0000
0.0000
0.0000
0.0140
0.0000
0.0000
0.7926
0.7554
2.6264
0.0000
2.6656
0.0000
0.0000
0.3515
0.2630
1.7415
2.1172
0.0000
0.0000
0.0000
0.0000
0.0000
2.1231
0.7476
0.0000
0.0000
0.0000
0.0000
0.0000
0.0000
0.0000
0.0000
0.0000
0.0000
0.0000
0.0000
0.3591
0.0000
0.4467
0.2304
0.1832
2.2762
0.0000
0.0000
0.0000
0.0000
0.0000
0.0000
0.0000
0.0000
0.0000
0.0000
2.5863
0.0000
0.0000
0.0000
0.0000
0.0000
0.0000
0.0000
0.0000
0.0000
0.4730
0.0000
0.0000
0.0282
1.7718
0.0000
0.8201
1.2964
0.0000
0.0000
0.0000
0.0000
1.0153
0.0000
0.0000
0.0000
0.0000
0.9478
0.0000
0.3272
0.0000
0.0000
0.0000
0.0000
0.0000
0.0000
0.0000
0.0000
0.0000
0.0000
0.0000
0.4597
0.0000
1.2362
0.0000
0.5336
0.0000
0.0000
1.1256
0.0497
0.0000
0.0000
0.0000
0.5308
2.4324
2.4282
0.0000
0.0000
0.0000
0.6148
1.2326
0.0000
0.0000
0.0000
0.0000
0.4684
0.0000
0.6574
0.0000
0.0000
0.0000
0.9678
0.5059
0.0000
0.0000
0.0000
0.0000
0.0000
0.0000
0.0000
0.0000
0.0000
0.0000
1.4070
0.0000
0.0000
0.0000
0.0000
0.0000
0.0000
0.0000
0.0000
0.0000
1.0633
0.0000
0.0000
0.0052
0.0000
0.6980
0.4901
1.0792
0.0000
0.8668
0.0000
1.7828
0.0000
0.0000
0.0000
0.0000
0.0000
0.3940
1.9589
1.2295
0.0000
0.3838
0.0000
1.6136
0.0000
1.5479
0.0000
0.0000
0.7247
0.0000
0.0000
0.0000
0.0000
0.6135
0.0000
0.0000
0.4934
2.2394
0.0000
1.4085
0.0000
0.0000
0.0000
0.0000
0.0000
0.0000
0.0000
1.9189
0.0000
0.0453
2.6626
0.0000
0.0000
0.0000
0.7301
0.0000
0.0000
1.8058
2.0157
0.0000
0.0000
0.0000
1.9582
1.3274
0.0000
1.4691
0.4279
0.3654
2.0412
0.0000
0.0000
0.0000
0.0000
0.0000
0.5358
0.7082
2.4725
0.0000
0.0000
2.9340
0.0000
3.4035
0.0000
0.0000
0.0000
1.4823
0.0000
0.0000
0.0000
0.0000
0.0000
0.7542
2.8537
0.0000
1.3533
0.0000
0.0719
0.9275
0.0000
0.0000
0.0000
0.0000
0.8124
0.0000
0.0000
0.0000
0.3808
0.0000
0.0000
4.2401
0.0000
0.0000
1.0495
0.0000
0.6838
0.0000
0.0000
1.2935
0.0000
0.0000
0.0000
0.0000
0.0000
3.1393
0.0000
0.0000
0.0000
0.0000
2.6511
0.0000
3.2531
0.7794
1.4967
0.0000
0.0000
0.0000
0.0000
0.0000
0.0000
2.4318
0.0000
1.1658
0.0000
0.0000
0.0000
0.0000
1.3021
0.0000
0.0000
0.0000
0.0000
0.0000
1.0552
0.2979
0.0000
0.0000
0.0000
0.2887
0.0000
0.0000
0.0000
0.7636
0.0000
0.0000
0.0000
0.0000
0.0000
0.5601
0.0000
1.6547
0.0000
0.0000
0.0000
0.0000
0.0000
0.0000
0.0000
0.0000
1.2089
0.0000
1.5695
0.0000
0.1860
0.0000
0.6423
0.0000
0.0000
0.8000
0.0000
0.7495
0.0000
0.0000
0.0000
2.0020
0.0000
0.0087
0.0000
0.0000
0.0000
0.7134
0.0000
0.0000
0.0000
0.0000
0.0000
0.0000
1.6407
1.7378
0.0000
0.0000
0.0000
0.8345
0.0000
0.3369
0.0000
1.8329
0.0000
1.4724
0.0000
0.0000
0.0000
0.0000
1.7392
0.7829
0.0000
0.9293
0.0000
0.0000
0.0000
0.0000
2.8392
1.3203
0.0000
0.0000
0.0000
0.0000
0.0000
0.0000
0.4140
0.0000
1.2454
0.0000
0.1700
1.4603
0.0000
0.0000
0.0000
0.0000
0.2299
0.0000
0.0000
2.2728
0.0000
0.0000
1.0152
3.0733
0.6234
0.3135
0.3412
0.0000
0.0000
0.0000
0.0000
0.0000
2.7092
0.0000
0.0000
2.0533
1.5972
0.0000
0.0000
0.3355
1.9376
1.4393
0.0000
0.0000
0.9785
0.0000
0.0000
0.0000
0.0000
0.0000
0.0736
0.0000
0.0000
0.0000
0.0000
1.8566
0.0000
1.5771
0.0000
0.0000
0.0000
0.0000
1.4932
0.0000
0.0000
0.0000
0.8822
1.9208
0.0000
0.0000
0.0169
0.0000
0.0000
1.9600
1.2618
0.0000
0.6647
0.0000
0.0000
1.6110
1.9105
0.5733
0.0000
0.0000
0.0000
0.0000
3.6598
0.0000
0.0000
0.0000
0.0000
1.3347
0.0000
0.0000
0.0000
0.1392
0.0000
0.0000
0.0000
0.0000
0.0000
0.0000
0.0000
0.4552
0.0000
1.1186
0.0000
0.0000
0.0000
1.1617
0.0392
1.2871
0.0000
0.0000
0.0000
0.5274
0.0000
0.9780
0.5206
0.0000
0.0000
0.0000
0.0000
0.0000
0.0000
0.0000
0.0000
0.0000
0.1081
0.0000
2.4918
0.0000
0.2290
0.0000
0.0000
0.0000
0.0000
0.0000
2.0610
0.0000
0.0000
0.0000
0.0000
0.0000
0.0000
0.0000
0.0000
0.0000
0.0000
0.8722
0.0000
0.0000
0.0000
1.0675
0.0000
0.0000
0.5854
0.0000
0.0000
0.0000
0.0000
0.7172
0.5622
0.2028
0.0000
0.0000
0.7507
1.7732
0.0000
0.9195
0.0000
1.1015
0.0000
0.0000
0.0000
0.0000
0.0000
0.0000
0.0000
1.1862
0.0000
0.7143
0.0000
2.5549
0.0000
0.1812
0.0000
0.0000
0.0000
0.8842
0.0000
0.0000
1.9295
0.0000
1.8265
0.0000
0.0000
0.0000
0.0000
1.6442
0.0000
0.0000
0.0000
0.3908
0.0000
0.0000
0.0000
0.0000
0.0000
0.0000
0.0000
0.0000
0.0000
0.0000
0.2059
0.4221
2.9701
0.1867
0.3070
0.0000
0.5962
0.0000
0.0000
0.0000
0.0000
1.2436
1.8142
2.4260
0.0000
0.0000
0.0000
1.5316
0.2469
0.0000
0.0000
0.0000
0.0000
0.0000
0.0000
0.0000
0.0000
0.0845
0.0000
0.0000
0.4438
0.1609
0.0000
1.5000
0.0000
0.0000
0.0000
0.0000
0.0000
0.0000
0.9405
0.0000
0.0000
0.0000
1.3874
0.3228
0.0000
0.0000
0.0000
0.0000
0.0000
0.2875
0.0000
0.0000
0.0000
0.0000
0.0000
0.0000
0.0000
0.4252
0.0000
0.0000
0.0724
0.4613
0.8293
0.0000
0.0000
0.0000
4.1477
0.0000
0.0000
0.0000
1.2681
0.6895
0.0000
1.5714
0.0000
0.0000
0.0000
2.0948
1.5048
0.0000
1.1496
0.0000
0.0000
4.3747
0.0000
0.0000
0.0000
1.2380
0.0000
0.6221
0.7458
0.0000
1.7293
0.0000
0.0000
0.0000
0.0000
0.0000
0.0000
0.0000
1.3660
0.0000
0.0000
0.0000
0.0000
0.0000
0.0000
0.0000
1.1026
0.0000
0.0000
0.0000
0.1678
0.0902
0.0000
0.0000
0.0000
0.0000
0.9045
0.0000
0.0000
0.5313
0.0000
0.0000
0.2736
0.0000
2.8017
0.0000
0.0000
0.8019
0.0000
0.0000
0.4123
0.4123
0.0000
0.0000
0.0000
0.9817
0.0000
0.0000
0.4601
0.0000
0.0000
1.8833
0.0000
0.0000
0.0000
0.0000
0.0000
0.0000
0.0000
0.0000
0.0000
0.0000
0.2301
0.0000
1.3739
0.0000
0.0000
0.0000
1.2619
0.0000
0.0000
0.0000
0.0000
0.0000
0.0000
0.0000
0.5789
2.5758
0.9012
0.0000
0.4747
0.0000
2.6518
4.9776
0.0000
0.0000
0.0000
0.0000
0.0000
0.0000
0.0000
0.0000
0.0000
0.0000
0.0000
0.3657
0.0000
0.0000
0.0000
0.0000
0.0000
0.0000
0.0000
0.0000
0.7518
0.0000
0.0000
0.0000
1.1764
0.0000
1.8943
0.0000
0.0000
0.4492
0.0000
0.0000
1.0462
0.0930
0.0000
0.0000
2.3994
0.0000
0.0000
0.0000
0.7881
0.0000
0.0000
0.7346
0.0000
0.0000
0.0000
0.0000
0.0000
1.4806
0.0000
0.0000
1.7266
0.6729
0.0992
0.0000
0.0550
0.4306
0.0000
0.0000
0.1841
0.0000
0.0000
0.0000
0.9055
0.2889
0.3725
0.0000
0.0000
0.0000
0.4542
0.0000
0.0000
0.0000
0.0000
0.9362
0.0000
0.0000
0.0000
0.0000
0.0000
0.1618
0.0000
3.6451
0.0000
0.0000
1.6115
0.0000
0.0000
0.0000
0.0000
0.9207
0.0000
1.3458
0.0000
0.1809
0.0000
0.0000
0.0000
0.0000
0.0000
0.0000
0.0000
0.0000
0.0000
0.0000
0.0000
0.0000
1.8000
0.0000
0.0000
0.0000
0.0000
0.0000
0.0000
2.4994
0.0000
0.4899
0.0000
0.0000
0.0000
0.9906
0.2695
0.0000
0.0000
0.5045
1.6111
0.0000
0.0000
0.0000
0.0000
0.0000
0.0000
0.0000
3.1424
0.0000
0.0000
0.0000
0.0000
3.2368
1.3299
0.1317
0.0000
0.6934
0.0000
0.0000
0.0000
0.0000
0.2165
0.0000
0.0000
0.0000
0.0000
0.0000
0.0000
0.0000
0.0000
1.4381
0.0000
0.0000
0.0000
0.0000
0.0000
0.0000
0.0000
0.0000
0.5690
0.0000
0.4710
1.1762
0.0000
0.0000
0.8144
0.0000
0.0736
0.0000
0.0000
1.8347
0.0000
0.0000
1.5067
0.9527
0.0000
0.0327
0.0000
0.0000
0.0000
0.0000
0.2205
0.0000
0.1471
1.1049
0.0000
0.0000
0.0000
0.7094
0.0000
0.3220
0.3326
0.0000
0.0000
0.3732
0.0000
0.0000
0.0000
0.0000
0.0000
0.7485
0.2349
0.0000
0.0000
0.0000
0.0000
0.0000
0.8793
0.0000
0.1353
0.0000
0.0000
3.1425
0.0000
0.0000
0.0000
0.0000
0.0000
0.0000
0.0000
2.2478
0.0000
0.0000
0.0000
0.0000
0.0000
0.0000
0.0000
0.6181
0.0000
0.9193
0.0000
0.0000
1.1415
0.0000
1.9969
0.0000
0.0000
0.2300
0.0000
0.6952
0.0000
0.0265
1.0515
0.9814
0.0000
3.4053
0.0000
0.0000
0.0000
0.0000
2.7223
0.0000
0.2131
0.0000
0.0000
0.0000
0.0000
0.0000
0.9675
0.0000
0.0000
1.2951
0.0000
0.0000
0.0219
2.0071
0.1722
0.0000
0.0000
1.1678
0.0000
0.0000
0.0000
2.3338
0.6172
0.0000
0.0000
0.0000
1.0253
0.0000
0.0000
0.0000
2.4444
4.0126
3.1988
0.0000
1.6819
2.8035
0.6446
0.0000
0.0000
0.0000
0.0000
0.0000
1.0189
0.0000
0.0000
1.6782
0.0000
0.0000
0.0000
0.0000
0.0000
0.6518
0.0000
0.3505
0.0000
0.0000
0.0000
1.3819
0.2839
0.9413
1.5001
0.0000
0.0000
0.8584
0.0000
2.9104
0.0000
0.0000
2.6002
0.0000
0.0000
0.0000
0.0000
0.0000
3.7601
0.0000
0.9450
0.0000
0.0000
0.0000
0.0000
0.0000
0.0000
0.0000
1.8413
0.0000
0.0277
0.0000
0.0000
0.0000
0.0000
1.2156
0.0000
0.0000
0.0000
0.0000
0.0000
0.0000
0.0000
0.0000
0.0000
1.1722
0.1737
0.0000
0.0000
0.9353
0.0000
0.0000
0.0000
1.1714
0.8245
0.9376
0.4620
0.6027
0.0000
1.3259
0.0000
0.0000
0.0000
0.0000
0.4157
0.0000
1.0653
0.0000
0.0000
3.3199
0.0000
0.0000
0.9566
0.0000
0.0000
0.0000
0.0000
0.0000
0.0000
0.0000
0.0000
0.4898
0.8020
0.0000
0.0000
0.0000
2.3296
0.0000
0.5274
3.5465
0.0000
0.0000
0.0170
0.0000
0.0000
0.0000
2.6959
0.0000
0.0000
0.0000
0.0000
1.5215
0.0000
0.0836
0.0000
0.0000
0.0000
0.0000
2.2540
0.5650
0.0000
0.4500
3.0658
0.0000
0.0000
0.0000
0.0000
0.0000
0.1298
0.0000
0.0000
0.0000
0.7780
0.0000
0.1212
1.3952
0.0000
0.0000
0.0000
0.0000
0.0000
1.2735
0.4642
0.0000
3.0028
1.7662
0.0000
0.0000
0.0000
0.0000
0.0000
0.0228
0.2097
0.0000
0.0000
0.0000
0.0000
1.6118
0.0000
3.2788
3.5746
0.4638
0.0000
0.0000
0.7606
3.3365
0.0000
0.0000
0.0000
0.0000
0.0000
0.0000
0.0000
0.0000
0.0000
0.0000
0.0000
0.7272
1.3719
2.0142
0.0000
0.0000
0.0000
0.0275
0.0000
0.3247
0.0000
0.0000
0.0000
0.0000
5.3067
0.7991
0.0000
0.0000
1.4541
0.0000
0.0000
0.6402
1.5025
0.0000
0.0000
0.7239
2.6315
0.0000
0.0000
0.0000
0.0000
0.0000
0.0000
0.4730
1.1006
0.0558
0.0000
6.4829
0.9385
1.9630
0.0000
0.2259
0.0000
0.0000
0.0000
0.0000
0.0000
0.0000
1.4145
0.0000
0.0000
0.0000
0.0000
0.1421
0.0000
0.0000
0.0000
0.0000
0.0000
1.5277
0.0000
0.0000
0.3329
1.2532
1.0956
0.0000
0.0000
0.3998
0.0000
0.6107
1.9681
0.0000
0.0000
0.0000
0.0000
0.0000
0.0000
0.0000
0.0000
0.0000
0.0000
0.0000
0.0000
0.0000
0.0000
0.0000
0.0000
3.4323
0.0000
1.2322
1.3827
0.0000
0.0000
0.0000
0.0000
0.0000
0.0000
0.7965
0.0000
0.0000
0.5071
0.0000
0.0000
0.0000
2.0940
1.0029
0.0000
0.0000
0.2742
0.0000
0.0000
0.0000
0.0000
0.0000
0.0000
0.0000
1.1446
0.0000
0.0000
0.0000
0.0000
0.5375
0.0000
0.0000
0.0000
0.0000
0.0679
0.0000
0.0000
0.0000
0.9126
0.0000
0.0000
0.6009
0.8111
0.0000
2.6580
0.0000
0.8448
3.4654
0.9131
0.0000
0.5509
0.0000
0.0000
1.0304
0.0000
0.8527
0.0000
0.1824
0.2081
0.0000
0.0000
0.0000
0.5737
0.0000
1.6734
0.0000
2.3769
0.0000
0.0000
0.2577
3.3274
2.6417
0.0000
0.0000
0.0000
0.0000
0.8901
2.4031
0.0000
0.0000
0.0000
0.0000
1.0425
0.0000
0.0000
1.6913
0.0000
0.0000
2.5957
0.0000
1.4740
0.0000
0.0000
0.0000
0.0000
3.4370
0.0000
0.0000
0.0000
0.0000
0.0000
2.0912
0.4939
0.9066
0.5331
0.0000
0.0000
0.0000
0.2858
0.0000
0.0000
0.7687
0.0000
0.0000
0.0000
0.0000
0.0000
2.8559
0.0000
0.0000
0.0000
0.2660
0.0000
1.2052
0.8030
0.7722
0.0000
0.0000
0.2555
0.7218
0.0000
0.0000
0.0000
2.6663
0.0000
0.0000
2.0119
0.0000
0.0000
1.4440
0.0000
0.0000
0.0000
0.0000
1.3872
0.0000
0.0000
1.1636
0.0000
1.2488
0.9658
1.6131
0.0906
0.0000
0.0000
0.0000
0.0000
0.0000
0.0000
0.5702
0.7898
0.0000
0.0000
0.0000
0.0000
0.4036
0.0000
0.2554
0.0000
0.0000
0.0000
0.0000
0.0000
0.0000
0.0000
1.7255
0.0000
0.0000
1.8193
0.6172
0.6585
0.0000
3.3936
0.0000
0.5546
0.0000
1.6950
0.0000
0.0000
0.0000
0.0000
0.0000
0.0000
0.0000
0.0000
0.0000
0.0000
0.0000
0.0000
0.0000
0.0000
0.0000
0.0000
0.0000
0.0000
0.4567
0.0000
0.0000
0.0000
1.2951
0.0000
0.0000
0.0000
2.9821
0.0000
0.0000
0.0000
0.3809
0.0000
0.0000
0.0000
0.0000
0.0000
0.0000
0.0000
0.0000
0.0000
0.0000
0.0000
0.0000
0.0000
0.0000
0.0000
0.0000
0.0000
0.6876
0.0000
0.3601
0.0000
0.1396
0.0000
0.8930
0.0000
0.0000
0.0000
0.0000
0.0000
0.0000
0.0000
0.0000
0.0000
0.0000
0.0000
0.7563
1.2910
0.0000
0.0000
0.0000
0.0000
0.0000
0.0000
0.0000
1.6112
0.3768
0.4216
0.0000
0.0000
0.0000
0.3057
1.0957
0.6852
0.0000
0.3509
1.7488
0.0000
1.7479
0.0000
0.0178
0.0000
0.0000
0.0000
0.0000
0.0000
0.0000
3.1330
0.5733
0.0000
0.0358
0.0000
0.0000
0.0000
0.0000
0.0000
0.0000
0.0000
0.0000
0.0000
0.0000
0.0000
0.0000
0.0000
0.2695
0.0000
0.0000
0.0000
1.2512
0.0000
0.1422
0.0000
0.0000
0.0000
0.2230
0.1467
1.5911
0.0000
0.0000
0.4450
0.4029
0.0000
1.6041
0.1503
0.0000
0.0000
0.0000
0.0000
0.0000
0.5183
0.0000
0.0000
0.0000
0.1460
0.4233
0.0000
0.0000
0.0000
0.0000
0.0000
0.0000
0.0000
0.0000
0.0000
1.9573
0.0000
0.1700
0.0000
0.0000
0.0000
0.2824
0.0000
0.0000
0.0000
0.0000
0.0068
0.0000
0.0000
0.3597
0.0000
0.0000
0.0000
0.0000
0.9427
0.0000
0.0000
0.0000
0.0000
0.5697
0.0000
0.0000
0.0000
0.0000
0.0000
0.0000
0.0000
0.6068
0.0000
0.0000
0.0000
0.0000
1.7198
0.0000
2.5390
0.0000
0.0000
0.0000
0.0000
0.0000
0.0000
0.0000
0.8015
0.0000
0.0000
0.0000
0.0000
0.0000
0.0000
0.0000
0.0000
0.1066
0.9970
0.0000
0.0000
0.6742
0.0272
0.0000
0.7724
0.0000
0.0000
0.0000
0.0000
0.5533
0.2547
0.0000
0.0000
0.9176
2.1751
2.1186
0.0000
0.0000
1.3975
0.0000
0.0000
0.0000
0.0000
0.0000
0.0000
2.0586
0.0000
0.0000
0.0000
0.5949
0.0000
1.4587
0.0000
2.0367
0.0000
0.0000
0.0000
1.8312
0.0000
1.4275
0.4954
0.0000
0.0000
0.0000
0.0000
0.0000
1.3743
0.0000
0.0892
2.1070
0.0000
0.0000
0.0000
0.0280
1.5826
1.3446
0.0000
0.0000
0.0000
0.0000
0.0000
0.2847
5.1479
0.0000
0.0000
0.0000
0.0000
0.0000
0.0000
2.2052
0.6904
1.2699
0.0000
0.0000
0.4097
0.0000
0.0000
2.4658
0.0000
0.0000
0.0000
0.1828
2.2405
0.0932
0.0000
0.0000
0.0000
0.0000
0.0000
0.8752
0.0000
0.0000
2.6959
0.0000
0.0000
0.0000
0.0000
1.0492
0.0000
0.1731
0.0000
0.0000
0.0000
0.7030
0.6980
0.0000
0.0000
0.0000
0.0000
0.0000
0.0000
3.9288
0.0000
0.5031
0.0000
0.2262
0.8070
0.0000
0.0000
0.0000
0.0000
0.0000
0.0000
3.9286
0.0000
0.0000
0.0000
0.0000
0.0000
0.0000
0.2800
0.1130
0.0000
0.0000
0.0000
0.0000
0.0000
0.0000
0.0000
3.0625
4.3774
0.0000
0.0000
0.0000
0.0000
0.0000
0.0000
0.0000
0.0000
0.0000
0.1693
1.2569
0.0000
0.0253
0.3676
0.0000
0.0000
0.0000
0.0000
0.0000
1.2673
1.1971
0.0000
0.0000
0.0000
0.0000
0.0000
0.5356
0.0000
4.1567
0.0000
1.5112
0.0000
0.0000
0.0000
0.0000
0.9071
0.0000
0.0000
0.4092
0.3004
0.0000
0.0000
0.1854
0.0000
1.8139
0.0000
1.7100
0.2354
0.2265
0.0000
0.0000
0.0000
0.0000
0.0000
0.0000
2.8471
0.0000
0.0000
0.7237
0.0000
0.1511
0.0000
0.0000
0.0000
0.6045
0.0000
1.1120
3.0360
0.1042
1.3076
0.1403
0.0000
1.3739
0.0000
0.0000
0.0000
0.0000
0.0388
0.2320
0.8895
0.0000
0.0000
0.0000
0.0000
0.0000
0.0000
0.0000
0.0000
0.0000
0.0000
0.7718
0.0000
0.0000
0.0000
0.0000
4.1349
0.0000
0.0000
0.0000
0.0000
0.9812
1.5481
0.0000
0.2379
0.0000
0.0000
0.1910
0.0000
0.0000
0.0000
2.6014
0.0000
0.2762
0.0000
0.0000
0.7147
0.0000
0.7375
0.0000
0.0000
0.0000
2.8180
0.0000
1.0324
0.0000
0.0000
0.0000
0.1901
0.8870
0.0000
0.0000
0.0000
0.0000
0.0000
0.0000
0.5616
0.6537
3.0116
0.0000
0.0000
2.1937
2.2647
0.0000
0.0000
0.0000
0.5165
0.6393
0.0000
0.0000
0.0000
0.4688
0.0000
0.0746
0.6689
0.0000
0.0000
1.4819
0.0000
1.6868
1.2637
0.0000
0.0000
0.0000
0.0000
2.7934
0.0000
0.0000
0.0000
0.0000
0.0000
0.6165
2.4505
0.0000
0.0000
0.0000
0.9337
0.5826
0.0000
0.7459
0.0569
0.0000
0.0000
0.3269
1.1489
0.0000
0.0000
0.0000
0.0000
0.0000
2.0945
0.0000
0.0000
0.0818
0.0000
0.0000
0.0000
0.0000
0.0000
0.6068
0.0000
0.0000
0.0000
0.1857
2.6119
0.0000
1.4010
0.0000
0.0000
0.0000
0.0000
0.0000
0.0000
0.0000
0.0000
0.0000
0.1693
0.0000
2.2691
0.0000
0.0000
0.0000
0.0000
0.0000
1.5247
0.0814
0.0000
0.0000
0.0000
0.0000
0.0000
0.2983
0.0000
1.1962
0.0000
0.0000
0.0000
0.0000
0.0000
0.0000
0.1022
0.0000
0.9651
0.0000
0.0000
0.0000
0.0000
0.0000
1.1781
0.0000
0.0984
0.0000
0.4129
0.9892
0.5950
0.0000
2.3419
0.0000
0.0000
0.0000
0.0000
0.0000
0.0000
1.4005
0.0000
0.0000
0.0000
0.0000
0.7282
0.9212
0.0000
0.0000
0.0000
0.0000
0.0000
1.2476
0.0000
0.0000
0.0000
0.0000
0.0000
0.0000
0.0000
0.0000
0.0000
0.5249
0.0000
0.0000
0.0000
0.0000
0.0000
3.1320
0.0000
0.0000
3.1029
1.4375
0.0000
0.0000
0.0000
0.7537
0.0000
0.0000
0.0000
0.0000
0.0000
2.3636
2.1329
1.5162
0.0000
1.9232
0.0000
0.8530
0.0000
0.3148
1.0842
0.0000
0.0000
0.0000
0.0000
2.2136
0.0000
0.0000
0.6461
0.1371
0.0000
0.0000
0.0813
0.0000
0.1189
0.8832
0.0000
0.0000
0.0000
0.0000
0.0951
1.3576
0.2270
0.0000
0.0000
0.0000
0.0000
0.0000
0.0000
0.0000
0.0000
0.0000
0.0000
0.0000
0.0000
0.0000
0.0000
0.0000
0.1549
0.0000
0.0000
0.0000
0.0000
0.0000
0.0399
0.4794
0.0000
0.0000
0.0000
0.0000
0.0000
2.8825
0.5327
0.0000
0.0000
0.0000
1.0693
0.5662
1.6746
0.0000
0.0000
0.5757
1.6122
0.0000
0.0000
0.0000
3.8101
1.1905
0.0000
0.0000
0.0000
0.0000
0.0000
0.9307
0.0000
1.0718
0.3973
0.0000
0.0000
2.5299
0.0000
0.1386
0.0000
0.0000
0.0000
0.0000
3.9253
0.0000
0.0000
0.0000
0.0000
1.0029
0.0000
0.0000
0.3246
0.0000
0.0000
0.0000
0.1019
0.0000
0.0000
0.0000
0.0000
0.0000
0.0000
2.9438
0.0000
2.4901
0.0000
0.0000
2.4438
0.0000
0.6371
0.0000
1.8447
0.0000
0.0000
0.3192
0.0000
0.0000
0.0000
0.6498
0.0000
0.0000
0.3717
0.0000
0.0000
0.0000
0.0000
0.0000
0.0000
0.6165
0.0000
0.0000
0.0000
2.3518
0.5228
0.0000
0.0000
0.0000
0.0000
0.1369
0.0000
0.0000
1.3580
1.0079
0.0000
0.0000
0.7495
0.0000
6.0445
0.4128
1.0254
0.0000
1.5524
0.0000
0.0000
0.0000
0.0000
0.0000
0.0000
0.0000
0.0000
1.3484
1.4226
2.8370
0.0000
0.0000
1.0957
0.0000
0.0000
0.0000
0.0000
0.0000
1.9951
0.0000
0.0000
2.4841
0.0000
0.0000
0.0000
1.6757
0.4855
0.0000
0.0000
0.0000
0.0000
0.0000
1.2530
1.5031
1.4606
0.0000
0.0000
0.0000
0.1829
1.8468
0.0000
0.0000
0.0778
0.0000
0.0000
1.0382
0.0000
0.0000
0.0000
0.0000
0.0000
0.0000
0.0000
0.6370
0.0000
0.0000
0.0000
0.0000
1.4710
2.0351
0.0000
0.0000
0.4292
1.2457
0.0000
0.8441
0.0000
0.0000
0.0000
0.0000
0.0000
0.0000
0.0000
0.1234
0.0000
2.9961
0.5362
0.4457
1.0519
0.0000
1.3111
0.0000
2.0353
0.1000
0.0000
0.0000
0.8596
0.3896
0.1215
0.0000
0.0000
0.0000
0.0000
0.0000
0.0000
0.0000
0.0000
0.9119
0.0000
0.0000
0.0000
0.0000
0.0000
4.5244
0.0000
0.6335
0.0000
0.8804
0.0000
0.0000
0.0000
0.0000
1.6595
0.0000
1.2956
0.7165
0.0000
2.6778
0.6232
0.0000
0.0000
0.9585
1.6453
0.0000
0.0000
0.0000
0.0000
0.0000
0.0000
0.0000
0.0000
0.0000
0.0000
0.0000
0.0000
0.0000
0.7530
0.0000
0.0000
0.0000
0.3875
0.0000
0.0000
0.0000
1.0250
0.3171
0.3633
1.7398
0.7554
0.3478
0.0000
0.0000
1.4056
0.0000
0.0000
0.0000
0.0000
0.6879
0.0000
5.3161
0.7688
0.0000
3.5789
0.0000
0.9949
0.0325
0.0000
2.1827
0.0000
0.0000
0.0000
0.0000
0.0000
0.0000
0.0000
1.0262
0.9163
0.1895
0.0000
0.0000
0.0000
0.0000
0.0000
1.6903
0.0000
0.2664
0.0000
0.0000
0.9667
0.0000
