0.0000
0.0000
0.0000
0.0000
1.5000
0.0000
0.0000
0.0000
0.0000
1.7477
0.8585
0.0000
0.6130
0.0000
0.0000
0.0000
0.0000
0.0000
0.0000
0.0000
0.0000
0.0000
1.9780
0.3607
0.9816
0.8000
0.0000
1.2055
0.0000
0.0000
0.0000
0.0000
0.7142
0.0000
2.2545
0.0000
0.0000
0.0000
1.6432
1.4142
0.0000
0.4319
0.0000
0.0000
0.0000
0.0000
0.0000
0.0000
0.0505
0.0000
0.0000
0.0000
0.0000
0.0000
0.0000
0.0000
0.5780
0.0000
0.0000
0.0000
0.0000
0.8280
0.0000
1.2235
0.0000
0.0000
0.0000
0.0000
0.0000
0.0000
0.0000
4.4253
0.0000
0.0000
0.0000
0.8608
0.0000
0.0000
0.0000
0.0000
0.0000
0.0000
0.0000
0.0000
0.0000
0.1050
0.1758
2.8936
0.0000
0.0000
0.0000
0.0000
1.7163
1.0969
0.0000
0.0000
0.0000
0.0000
3.1398
0.0000
0.0000
0.0000
1.4991
0.0000
0.0525
0.0000
0.0000
0.0000
0.0000
2.9875
0.0000
0.0000
0.3938
0.0000
0.0000
0.0000
0.1103
0.0000
0.0000
0.0000
3.3205
0.0113
1.3645
0.0000
0.0000
0.0000
0.0000
0.6684
0.0000
0.0000
0.0000
0.0000
0.4312
0.0000
1.8552
0.0000
0.2582
1.1422
0.0000
2.1059
1.7415
0.0000
2.4834
1.3273
2.1597
0.0000
0.0000
1.1004
0.1233
0.0000
0.0000
0.8745
1.1150
0.0590
0.0000
0.0000
0.0000
0.0000
1.3688
0.0000
0.1061
0.0000
0.1104
0.0000
0.0000
1.2618
0.0000
0.0000
0.0000
1.3888
0.0000
0.0000
0.0000
0.0000
0.0000
0.0000
0.0000
0.0916
0.0000
4.6186
0.4827
3.5480
0.0000
0.0000
0.0000
0.0000
0.9629
1.4796
2.3900
0.3836
0.0000
0.0000
0.0000
0.0000
1.1637
0.0000
0.0000
0.2989
2.4025
2.3731
0.0000
0.0000
0.0000
0.0000
0.0000
0.0000
0.0000
0.2469
0.0000
0.0000
0.0000
0.0000
0.0000
0.0000
0.0000
0.0000
0.0000
0.0000
0.0000
0.0000
0.0000
0.0000
0.0000
0.0000
1.0746
0.0000
0.0000
0.7819
0.0000
0.3621
0.0000
0.0000
0.0000
0.0000
1.5520
0.0000
1.2424
0.0000
0.0000
0.0000
0.0000
0.0000
0.0000
0.0000
0.0000
0.1510
0.0000
0.0000
0.0000
0.0000
0.0000
0.0000
0.0000
0.0000
0.0000
2.0517
0.0000
0.0000
0.6912
0.0000
0.0000
0.0000
0.0000
0.0000
0.0000
0.0000
0.2337
0.0000
0.0000
0.4905
2.6406
0.0000
0.0000
1.0764
0.1285
0.0000
0.8736
0.9701
0.0000
0.0000
1.2692
0.0000
1.5591
0.0000
0.0000
2.4447
0.0000
0.0000
0.0000
0.0000
0.0000
0.0000
0.0000
0.0000
2.8788
0.0000
0.0000
2.0796
0.0000
2.0333
0.0000
0.0000
0.0000
0.0000
0.0000
0.0000
0.0000
0.0000
0.0000
0.0000
0.0000
0.3926
0.0000
1.3888
1.2193
0.0000
0.0000
0.0000
0.1521
1.0230
0.0000
2.1739
0.0000
0.2126
0.0000
0.8974
0.0000
0.4873
0.0000
2.2001
0.0000
0.0000
0.0000
0.0000
0.0000
2.8082
1.7818
0.0000
0.0000
3.7947
0.0000
0.0000
0.0000
0.0000
0.0000
2.7888
0.0000
0.0000
0.0000
0.0000
0.0000
4.6458
1.1648
0.0000
0.0000
0.0000
0.0000
0.0000
0.4286
0.0000
0.0000
0.0000
0.0000
0.0000
0.0000
0.0000
0.0000
0.0000
0.3755
0.0000
0.0000
0.9147
0.0000
0.0000
0.1370
0.0000
0.0000
0.7955
0.0000
0.0000
3.2642
0.0000
0.9734
0.0000
0.0000
0.0000
0.8498
0.0000
0.0000
0.0000
1.6681
0.0000
0.0000
0.0000
0.0000
1.9154
0.0000
0.0000
0.0000
0.0000
0.0000
0.5474
0.0000
0.0000
0.0000
0.7133
0.0000
0.0000
2.2999
0.0000
0.0000
0.0000
0.0000
4.7727
0.0000
0.9241
0.0000
0.5772
0.3318
0.0000
0.0000
0.0000
0.4049
0.0000
0.0000
0.0000
0.0000
0.3705
0.0000
0.0000
0.0000
0.0000
0.0000
0.0000
0.0000
0.0000
0.0000
0.0000
1.6712
0.0000
3.3429
0.9264
0.6364
0.0000
3.2921
0.4159
0.0000
0.9397
2.0335
0.7381
0.6039
0.0000
0.0000
0.0000
0.0000
0.0000
0.0000
0.5868
0.2064
0.0000
0.6599
0.0000
0.8534
0.0000
0.0000
0.0000
0.0000
0.0000
0.0000
0.0000
0.0000
1.3729
0.0000
0.0600
0.0000
1.7281
0.7695
0.0000
0.0000
0.0000
0.0000
0.0000
0.6293
2.4915
1.7052
1.1820
0.0000
2.0949
0.0000
0.5588
0.0000
0.0000
0.0000
0.0000
2.0569
0.0000
0.0000
0.0000
0.0101
0.0000
0.0000
0.0000
1.8082
0.0000
0.0000
0.0000
0.0000
0.0000
0.0000
2.4741
0.0000
0.5418
0.0000
0.0000
0.0542
0.0000
0.0000
0.0000
7.8335
0.0000
2.3845
1.2917
0.0000
1.0177
0.4113
0.0000
0.0000
0.0000
0.0000
0.0000
0.9130
1.0100
1.4838
0.0000
0.0000
2.8319
0.0000
0.0000
1.0737
0.0000
0.0000
0.0000
0.0000
0.0000
0.0000
0.0000
0.0000
0.0000
0.0947
0.0000
0.0000
0.6236
0.0000
0.0000
0.0000
0.0000
0.0000
0.0000
0.0000
0.0000
0.4547
0.6004
0.0000
0.0000
0.0000
1.8371
0.0000
0.0000
0.0000
0.0000
0.0000
0.0000
0.0000
0.0000
0.0000
0.0000
0.2628
0.0000
0.0000
1.1402
0.0000
0.0000
0.0000
0.0000
0.0000
0.0000
0.0000
0.0000
2.9030
0.0000
0.0000
0.2245
0.0000
0.0000
0.0000
0.0000
0.0000
0.0000
2.6888
0.0000
0.0000
3.3746
0.0000
0.0000
0.0000
0.2042
3.3378
0.0000
0.0000
0.0000
0.0000
0.0000
0.0000
3.8392
0.0000
1.8133
0.8661
0.3053
0.0707
0.0000
2.0068
0.0000
1.2922
0.0000
0.0000
0.9647
0.0000
0.8041
0.0000
0.0000
0.0000
0.0000
0.0000
0.0000
2.4092
1.8282
0.0000
0.0692
0.0000
0.0000
0.0000
0.0000
0.0000
0.0000
0.0085
0.0000
0.0000
0.0000
0.3129
0.0000
0.0000
0.0000
3.1158
0.0000
0.0000
0.0000
0.0000
0.0000
0.0000
0.0000
0.0000
1.3078
0.9550
0.0000
0.0000
0.0000
0.0000
0.0000
0.0000
0.0000
0.0000
0.0000
0.0000
0.0000
0.0000
0.0000
0.0000
0.0000
0.0000
0.0000
0.0000
0.1742
0.0000
0.0000
0.0000
0.0000
0.0000
0.1829
0.0000
1.7304
0.6802
0.0000
2.9683
0.0000
0.0000
0.0000
0.0000
0.0000
0.1450
0.0000
1.6866
0.0000
0.0000
0.6792
0.0000
0.0000
0.0000
0.0000
0.0000
0.0517
0.0000
3.3544
0.1440
0.0000
0.0000
0.0000
0.0000
0.7135
0.0000
0.0000
0.0000
0.0000
1.6725
0.9031
0.0000
0.0000
0.0000
0.0000
0.0000
0.5647
0.0000
0.0000
0.0000
0.6743
0.0000
0.0000
0.0000
0.0000
0.0000
3.5618
0.0000
0.0000
0.0000
0.8712
0.0000
0.0000
0.7980
0.4954
0.8867
0.0000
0.0000
0.0000
0.0000
0.0000
0.0000
0.0000
0.0000
0.0000
0.0000
0.0000
0.5127
0.0000
1.0031
0.0000
0.0000
2.3408
0.0000
0.4622
0.0000
0.0000
0.9974
0.0000
0.0000
0.0000
0.0000
0.0000
0.0000
0.0000
0.7010
0.0000
0.0000
0.0000
0.0000
0.0000
0.0000
0.0000
0.5446
0.0000
0.0000
0.0000
0.0000
0.0000
2.2981
0.6060
0.0000
0.0000
0.0000
0.0000
0.0000
0.0000
0.0000
0.0000
3.2233
0.0000
0.0000
0.0000
0.0000
0.0000
0.0000
0.0000
1.0339
0.0000
0.0000
0.9153
0.0000
0.0000
1.6993
0.0000
0.0000
1.1383
1.0816
0.0000
0.9037
0.0000
0.0000
0.0000
0.0000
0.0000
0.0000
0.0000
1.7505
0.0000
0.0000
0.0000
0.0000
0.0000
0.0064
0.0000
0.0000
0.0000
0.0000
0.0000
0.0000
0.0000
0.0000
0.0000
0.0000
0.0000
0.8439
0.0000
0.0000
0.0000
0.0000
0.0000
0.0000
0.0000
0.0000
0.0000
0.0000
0.3976
0.6036
0.0000
0.0000
0.0000
0.0000
0.0000
0.2507
0.0000
0.0000
0.0000
0.0000
0.0000
1.8353
0.0000
0.0000
0.1824
0.0000
2.5145
0.0000
0.4431
0.0000
0.0000
0.0000
0.0000
0.0000
0.0000
0.0000
0.0000
0.0000
0.0000
1.1635
0.0000
0.0000
0.0000
0.0000
0.0000
0.0000
1.3894
1.3867
0.0000
0.0000
0.0000
0.0000
0.0000
0.0000
0.0000
0.0000
0.0000
0.0000
1.0155
0.0000
0.0000
3.0732
0.0000
0.0000
0.0000
0.0000
0.6930
0.0000
0.0000
0.0000
0.0000
1.1162
0.0000
0.0000
2.9541
2.0611
0.5498
0.0000
0.0000
0.0000
0.0000
0.0000
0.2352
0.0883
1.6913
0.0000
0.0000
0.0000
0.0000
0.0000
0.0000
0.0000
0.0000
0.9797
1.2226
0.0000
0.0000
0.0000
4.3098
0.0000
0.3524
0.0000
0.0000
0.0000
0.0000
1.9297
0.0000
0.0000
0.0000
0.0000
0.5128
0.0000
1.3338
0.0000
0.0000
0.0000
0.3491
1.0740
0.0000
0.7018
0.0000
0.0000
0.0000
0.0000
0.0000
1.1857
0.0000
0.0000
0.0000
0.0000
1.8041
0.0000
0.0000
2.5465
1.7076
1.9955
0.0000
0.0000
0.0000
0.8460
0.0000
0.0000
0.0000
0.0000
0.6068
0.0000
0.0000
0.0000
2.6414
0.0000
0.0000
0.0000
0.3979
0.0000
2.3448
0.0000
0.0000
0.0000
2.4247
0.0000
2.2065
0.0000
4.0339
0.0000
0.0000
0.8731
1.9501
0.0000
0.9539
0.0000
2.7577
0.0000
0.0000
0.0000
0.8183
2.1649
0.2418
0.0000
0.2452
0.6703
0.0000
1.2088
0.0000
0.4127
0.0000
1.0766
0.0000
1.2243
0.0000
0.0000
0.8943
0.0000
0.0000
0.0000
0.0000
2.1289
0.0000
0.0000
0.0000
0.0000
0.0000
0.0000
0.0000
0.0000
0.0000
0.0000
0.0000
0.0000
0.0000
3.7476
0.0000
1.9955
0.0000
0.7571
2.8811
0.1058
0.0000
0.0000
0.0000
0.7707
0.0000
0.0000
0.1621
0.0000
0.0000
0.2422
0.0000
0.0000
1.7226
0.0000
0.0000
0.0000
0.0000
0.0000
0.9273
0.0000
1.4938
0.0000
0.0000
0.0000
1.8167
0.0000
0.0000
1.5530
0.0000
0.0000
0.4758
0.0000
1.2467
0.0000
0.0000
0.0000
0.0000
0.3570
0.0000
0.0000
0.0000
0.0000
0.8647
0.0000
0.0000
0.6128
0.0000
0.0000
0.0000
0.0000
0.0000
0.0000
0.0000
0.0000
0.0000
0.0000
0.0000
0.0000
0.0000
0.2939
0.0000
0.0000
0.0000
0.0000
0.0000
0.0000
0.0000
0.0000
0.0000
0.0000
0.0000
0.0000
0.0000
2.0664
0.0000
0.0000
0.0000
0.8555
0.0000
3.1900
0.0000
0.0000
0.2567
0.0000
2.1720
0.7157
0.0000
0.0000
0.0000
1.0145
0.0000
0.0000
0.0000
0.0000
0.0000
0.0000
0.0000
0.0000
0.0000
1.2378
0.0000
0.0000
0.0000
1.6040
0.0332
0.0000
0.6103
3.6221
1.4923
0.0000
0.0000
0.0000
0.0000
0.0000
0.9620
0.0000
0.0000
0.0000
0.0000
0.0000
0.0000
1.3285
0.0000
0.8337
1.2180
0.0000
0.0000
1.3372
0.0000
0.0000
0.0000
0.0000
0.0000
2.8671
1.1321
0.0000
0.0000
0.0000
0.0000
0.1098
0.0000
0.0000
0.0000
3.5862
0.0000
2.8157
0.0000
0.0000
0.0000
0.0000
0.0000
0.0000
0.0000
0.0000
0.0000
0.0000
4.6843
0.0000
0.0000
0.0000
0.0000
0.0000
0.0000
0.0000
0.0000
0.0000
0.2815
0.0000
0.0000
0.0000
0.0000
0.0000
0.0000
0.0000
0.0000
0.0000
0.0000
0.0849
0.0000
0.0000
0.0000
2.9941
0.0025
0.0000
0.0000
2.0846
0.0000
0.0000
0.0000
0.0000
2.0436
0.3628
0.0000
0.0000
0.0000
0.0000
0.0000
0.0000
0.0000
0.0000
0.0000
0.0000
0.0000
0.0000
0.5881
3.0635
0.0000
0.7682
0.3657
0.8561
0.0000
0.2858
1.2770
0.0000
0.0000
0.0000
0.0000
0.0000
0.0000
0.8839
0.0000
0.0000
0.0000
0.0000
0.5840
1.0478
0.0000
0.0000
0.0000
2.4398
0.0000
0.0000
0.0000
0.0000
0.0000
1.6028
0.0000
0.0000
0.0000
0.0000
0.0000
0.0000
0.0000
0.0000
0.0000
0.0364
0.0000
0.0000
0.8867
0.0000
0.0000
0.0000
0.6917
0.0000
0.0000
0.0000
0.0000
1.4799
1.2399
0.0000
0.0000
0.0000
0.0000
0.0000
0.0000
0.0000
0.8015
1.2872
1.3051
0.0000
1.5329
0.0000
0.0000
0.0000
0.0000
0.0000
0.0000
0.0000
0.0000
0.0000
0.0000
0.0000
0.0000
0.0000
0.0000
0.0000
0.0000
0.0000
0.0000
0.0000
0.0000
0.0000
0.0000
0.0000
0.0000
0.3244
0.0000
0.0000
0.0000
0.0000
0.0000
1.0411
3.7040
0.0000
1.8442
0.0000
0.0000
0.0000
0.0000
0.0000
0.0000
0.0000
0.0000
0.0000
0.0000
1.3239
2.2036
0.0000
0.0000
0.0000
1.2017
0.0000
0.0000
1.2587
0.0000
2.4995
0.0000
0.0000
0.6053
0.0000
2.2593
0.2554
3.9675
0.0000
0.0000
0.0000
0.0000
0.0000
0.3810
0.0000
0.0000
0.0000
0.0000
0.0000
0.0000
0.1203
0.4752
0.0000
0.0000
0.0000
1.7068
0.0422
0.0000
0.0000
1.5207
0.0000
0.0000
0.8572
0.6178
0.0000
2.3039
0.0000
0.0000
1.0004
2.0427
0.0000
0.0918
0.0000
0.0649
0.0000
0.0000
1.2249
0.0000
0.0000
0.8542
0.0000
0.0000
0.0000
0.0000
0.0000
1.6734
0.0000
2.7737
0.0000
0.0000
0.0000
0.0000
0.0000
0.0000
0.0000
0.0000
0.0000
0.0000
0.0000
0.0000
1.4948
0.9192
0.0000
0.0000
0.0000
0.7244
0.0000
0.0000
0.0000
0.0000
0.0000
0.0000
0.0000
0.0000
0.6433
0.0000
0.5248
0.0000
0.0000
0.0000
0.0000
0.0000
0.0000
0.2358
4.2320
0.8726
0.0000
0.9620
0.0000
0.0000
0.0000
0.0857
0.0000
0.9257
0.0000
0.0000
0.0000
0.0000
0.0000
0.0000
1.5847
0.0000
0.0000
0.5749
0.0000
0.0000
0.0000
1.2618
0.0000
0.0000
5.0964
1.7342
0.0000
0.0000
0.0000
0.0000
0.0000
2.8960
1.2417
0.0000
0.0000
0.0000
0.0000
0.3042
0.0000
0.0000
0.0000
0.6212
0.0000
0.7852
0.0000
0.0000
0.0000
0.0000
0.0000
0.4692
0.0000
1.0371
0.0000
0.0000
0.0000
0.0000
0.0000
0.0000
0.0000
1.0720
0.0000
0.0000
0.0000
1.3674
0.0000
0.0000
0.0000
0.0000
0.6416
0.0000
0.0000
0.0000
0.3550
1.8876
0.0000
3.0834
0.0000
0.0000
0.0000
0.4833
0.5389
1.5636
0.0000
0.0000
0.0000
0.0000
0.0000
2.5754
0.2847
0.0000
0.0000
0.0000
0.0000
0.0000
0.0000
0.0000
0.0000
0.0000
0.3549
0.0000
0.0000
0.5584
0.0000
0.2516
0.0000
0.0000
1.4801
0.0000
0.0000
0.0000
0.6706
2.0394
0.0000
0.0000
0.0000
1.7563
0.0000
0.8345
0.0000
0.0000
0.0000
0.0000
0.0000
0.0000
0.0000
0.0000
0.0000
0.5947
0.0000
0.0000
0.2256
2.0825
0.0000
0.3613
2.1828
0.0000
0.0000
0.0000
0.1446
1.0064
0.0000
0.0000
0.0000
0.0000
0.0000
0.0000
0.0000
0.3607
0.0000
0.0000
0.0000
0.0000
0.0000
0.0000
0.0000
0.0000
0.0000
0.0000
0.7055
0.0000
0.0000
0.0000
0.6879
0.0000
0.0000
0.0000
0.2674
0.0000
1.1791
0.0000
0.0861
0.7233
1.4802
0.0000
0.0000
0.0000
0.4608
0.9197
0.0000
0.0000
0.0000
0.0000
0.0000
0.0000
0.8147
0.0000
1.6134
0.0000
1.0430
0.4385
0.0000
0.0000
0.0000
0.3021
0.0000
0.0000
0.0000
0.0000
0.0000
0.0000
3.1198
0.0000
0.0000
0.0000
0.0000
0.0000
0.0000
0.0000
0.0000
0.0000
0.7099
0.0000
0.0000
0.7702
0.0000
1.0473
0.0000
0.3566
0.0000
0.0245
0.0000
1.7592
0.0000
0.0000
0.0000
0.0000
0.0000
1.4732
1.9342
0.9270
0.0000
0.4871
0.0000
1.9053
0.0000
1.7029
0.0000
0.0000
0.0000
0.0000
0.0000
0.0000
0.0000
0.6123
0.0000
0.0000
0.9772
0.8269
0.2742
4.3596
0.0000
0.0000
0.0000
0.0000
0.0000
0.0000
0.0000
2.1477
0.0000
0.0000
2.4431
0.0000
0.0000
0.1417
0.7458
0.0000
0.3759
1.7006
2.1409
0.0000
0.0000
0.0000
2.6009
0.7711
0.0000
0.0325
0.0000
0.3667
0.0094
0.0000
0.0000
0.0000
0.0000
0.0000
0.0000
0.0000
1.9310
0.0000
0.0000
1.8576
0.0000
2.7852
0.0000
0.0000
0.0000
0.2545
0.0000
0.0000
0.1595
0.0420
0.0000
0.0000
2.6456
0.0000
2.1519
0.0000
0.0000
0.0000
0.5208
0.0000
0.0000
0.0000
1.6387
2.1058
0.0000
0.0000
1.9606
0.0000
0.0000
3.8820
0.0000
0.0000
0.0000
0.0000
0.0000
0.0000
0.0000
0.1892
0.0000
0.0000
0.0000
0.0000
0.0000
2.5172
0.0000
0.0000
0.0000
0.0000
1.8628
0.0000
4.2113
0.4358
0.7759
0.0000
0.0000
0.0000
0.0000
0.0000
0.0000
1.2008
0.0000
0.9640
0.3117
0.0000
0.0000
0.0000
0.0000
0.0000
0.0000
0.0000
0.0000
0.0000
0.8274
1.0180
0.0000
0.0000
0.0000
1.4064
0.0000
0.0000
0.0000
0.0000
0.4358
0.0000
0.0000
0.0000
0.0000
0.0000
0.0000
1.4985
0.0000
0.0000
0.0000
0.4037
0.0000
0.0000
0.0000
0.0000
0.0000
0.0000
1.0521
0.0000
1.2554
0.0000
0.6890
0.0000
0.0000
0.0000
0.0000
0.5883
0.0000
0.0000
0.0000
2.8437
0.0000
0.6708
0.0000
0.0000
0.0000
1.4934
0.0000
0.0000
0.0000
0.0000
0.0000
0.0000
2.1190
2.2098
0.0000
0.0000
0.0000
0.0000
0.0000
0.1275
0.0000
0.3373
0.0000
2.0170
0.0000
0.0000
0.5692
0.0000
1.3007
1.7654
0.0000
1.5638
0.0000
0.0000
0.0000
0.0000
4.0321
0.4117
0.0000
0.0000
0.0000
0.0000
0.0000
0.0000
0.0000
0.0000
1.0700
0.0000
0.0000
1.0409
0.0000
0.0000
0.0000
0.0000
0.0000
0.0000
0.0000
1.2110
0.2919
0.0000
1.1315
1.7128
0.8976
0.2558
0.9399
0.0000
0.0000
0.0000
0.0000
0.0000
2.8203
0.0000
0.0000
1.7371
0.6481
0.0000
0.0000
0.0000
1.4343
0.0000
0.0000
1.5309
1.5925
0.0000
0.0000
0.0000
0.0000
0.3582
0.0000
0.0000
0.0000
0.0000
0.0000
1.4025
0.0000
1.3645
0.0000
0.0000
0.0000
0.0000
0.7073
0.0000
0.0000
0.0000
2.3676
0.8177
0.0000
0.0000
0.1314
0.0000
0.0000
0.8848
1.3833
0.0000
0.0000
0.0000
0.0000
2.3052
2.2573
0.0000
0.1454
0.0000
0.0000
0.0000
2.7777
0.0000
0.0000
0.0000
0.0000
0.3669
0.0000
0.0000
0.0000
0.0000
0.0000
0.0000
0.0000
0.9650
0.0000
0.0000
0.0000
0.9467
0.0000
1.9497
0.0000
0.0000
0.0000
0.0000
0.0000
1.5431
0.0000
0.0000
0.0000
1.4292
0.0000
0.0000
0.0000
0.0000
0.0000
0.0000
0.0000
0.0000
0.0000
0.0000
0.0000
0.0000
0.0000
0.0000
4.0654
0.0000
0.2655
0.0000
0.0000
0.0000
0.0000
0.0000
2.0903
0.0000
0.0000
0.0000
0.0000
0.0000
0.0000
0.0000
0.0000
0.0000
0.0000
0.3722
0.0000
0.2400
0.0000
1.2855
0.0000
0.0000
1.5985
0.0000
0.0000
0.0000
0.0000
0.3178
0.0000
0.0000
0.0000
0.0000
0.0000
2.1374
0.0000
1.6770
0.0000
0.3342
0.3885
0.0000
0.0000
0.0000
0.0000
0.3982
0.0000
0.8656
0.0000
1.1557
0.0000
3.1171
0.0000
0.0000
0.0000
0.0000
0.0000
0.8995
0.0000
1.4684
1.3749
0.0000
0.6240
0.0000
0.0000
0.0000
0.0000
2.2845
0.0000
0.0000
0.0000
0.0319
0.0000
0.0000
0.0000
0.0000
0.0000
0.0000
0.0000
0.0000
1.0614
0.0000
1.1011
1.7676
1.9411
0.0543
2.0429
0.5999
1.0297
0.0000
0.0000
0.0000
0.0000
1.3541
0.4013
1.3484
0.0000
0.0000
0.0000
1.1798
0.2606
0.0000
0.0000
0.0000
0.0000
0.0000
0.0000
0.0000
0.0000
0.0000
0.0000
0.0000
2.3831
1.1829
0.0000
0.2319
0.0000
0.0000
0.0000
0.0000
0.0000
0.0000
0.3595
0.0000
0.0000
0.0000
0.8368
0.2354
0.0000
0.0000
0.0000
0.0000
0.0000
0.0000
0.0000
0.0000
0.0000
0.0000
0.0000
0.0000
0.0000
0.1314
0.0000
0.0000
0.2114
0.2529
0.1303
0.0000
0.0000
0.0528
4.0312
0.0000
0.0000
0.0000
1.1103
0.0000
0.0000
1.6742
0.0000
0.0000
0.0000
1.9383
1.2381
0.0000
1.0760
0.0000
0.0000
2.8862
0.0000
0.0000
0.0000
0.2578
0.0000
0.5717
1.4636
0.0000
0.0000
0.0000
0.0000
0.5822
0.0000
0.0000
0.0000
0.0000
0.4317
0.0000
0.0000
0.0000
0.0000
0.0000
0.0000
0.0000
0.1477
0.0000
0.2734
0.0000
1.0155
0.0000
0.0000
0.0000
0.0000
0.0000
1.0591
0.0000
0.0985
1.4008
0.0000
0.0000
1.6763
0.0000
2.1183
0.0000
0.0000
0.0000
0.0000
0.0000
0.0000
0.0000
0.0000
0.0000
0.0000
0.2639
0.0000
0.0000
0.0000
0.0000
0.0000
2.0927
0.0000
0.0000
0.0000
0.0000
0.0000
0.0000
0.0000
0.0000
0.0000
0.0000
0.0000
0.0000
1.1558
0.8531
0.0000
0.0000
0.4866
0.0000
0.0000
0.9862
0.0000
0.0000
0.0000
0.0000
0.0000
1.1430
0.8371
0.0000
0.0000
0.0000
3.0504
4.8631
0.0000
0.0000
0.4750
0.0000
0.0000
0.0000
0.0000
0.0000
0.0000
0.0000
0.0000
0.0000
0.0000
0.0000
0.0000
0.0000
0.0000
0.0000
0.0000
0.0000
0.9802
0.0000
0.0000
0.0000
0.0000
0.0000
0.8387
0.0000
0.0000
0.3255
0.0000
0.0000
1.4763
0.0000
0.0000
0.0000
1.8285
0.0000
0.0000
0.0000
2.5889
0.0000
0.0000
1.8757
0.0000
0.0000
0.0000
0.5350
0.0000
1.7083
0.0000
0.0000
3.6973
0.5096
0.2227
0.0000
0.4544
0.0000
0.0000
0.0000
0.4807
0.0000
0.0000
0.0000
0.5073
0.0304
0.9183
0.1372
0.0000
0.6617
0.0000
0.0000
0.0000
0.0000
0.0000
0.8310
0.0000
0.0000
0.0000
0.0000
0.0000
0.0000
0.0041
3.2807
0.0000
0.0000
1.2831
0.0000
0.0000
0.0000
0.0000
0.0000
0.0000
1.4127
0.0000
0.0000
0.0000
0.0000
0.0000
0.0000
0.0000
0.0000
0.0000
0.0000
0.0000
0.0000
0.0000
0.0000
0.9809
0.0000
0.0000
0.0000
0.0000
0.0000
0.0000
2.5703
0.0000
0.1719
0.0000
0.0000
0.0000
0.2036
0.4510
0.0000
0.0000
0.4523
0.8705
0.0000
0.0000
0.0000
0.0000
0.0000
0.0000
0.0000
4.2149
0.0000
0.0000
0.0000
0.0000
3.6183
0.6423
0.5050
0.0000
0.0000
0.0000
0.0000
0.0000
0.0000
0.0000
0.0000
0.0000
0.0000
0.0000
0.0000
0.0000
0.0000
0.0000
0.8410
0.5136
0.0000
0.0000
0.0000
0.0000
0.5098
0.0000
0.0000
0.6310
0.0000
0.1183
0.4840
0.0000
0.0000
0.7582
0.0000
0.2544
0.0000
0.0000
1.5351
0.0000
0.0000
3.2431
0.0889
0.0000
0.1912
0.0000
0.0000
0.0000
0.0000
0.0000
0.0000
0.0000
0.7194
0.0000
0.0000
0.0532
0.8656
0.0000
0.0000
0.0000
0.0000
0.0000
0.7218
0.0000
0.0000
0.0000
0.0000
0.0000
0.5898
0.0000
0.3597
0.0000
0.0000
0.0000
0.0000
1.7686
0.0000
0.7447
0.0000
0.0000
4.2395
0.0000
0.0000
0.0000
0.0000
0.0000
0.0000
0.7877
1.0240
0.0000
0.0000
0.0000
0.0000
0.0000
0.0000
0.0000
0.0000
0.0000
1.3284
0.0000
0.0000
1.8810
0.0000
2.2710
0.0000
0.0000
0.0000
0.0000
0.6634
0.0000
1.2635
0.5069
0.4323
0.0000
4.5357
0.2167
0.0000
0.0000
0.0000
1.9099
0.0000
1.5191
0.0000
0.0000
0.0000
0.0000
0.0000
1.8057
0.0000
0.0000
0.6431
0.0000
0.0000
0.0000
1.9891
0.1590
0.0000
0.0000
2.1088
0.0000
0.0000
0.0000
1.1307
0.0000
0.0000
0.0000
0.0000
0.7199
0.0000
0.0000
0.0000
2.8617
1.0531
4.8726
0.0000
1.5835
2.6043
0.0000
0.0000
0.0000
0.0000
0.0000
0.0000
0.0000
0.0000
0.0000
2.3240
0.0000
0.0000
0.0000
0.2012
0.0000
0.0000
0.0000
1.8401
0.3238
0.0000
0.0000
1.1952
0.0000
0.8598
0.0025
0.0000
0.0000
1.1768
0.0000
1.3217
0.0000
0.0000
3.3528
0.2198
0.0000
0.0000
0.0000
0.1891
3.9637
0.0000
0.0000
0.0000
0.0000
0.0000
0.0000
0.0000
0.0000
0.0000
2.3220
1.1982
0.0000
0.0000
0.0000
0.0000
0.0000
0.4846
0.0000
0.0000
0.0000
0.0000
0.0000
0.0000
0.0000
0.0000
0.0000
0.7628
2.1382
0.0000
0.0000
1.5763
0.0000
0.0000
0.0000
1.9397
1.4412
0.9754
0.9011
0.0000
0.0000
1.5797
0.0000
0.0000
0.0000
0.0000
0.1799
0.0000
0.9530
0.0000
0.0000
4.4726
0.0000
0.0000
1.1028
0.0000
0.0000
0.0000
0.0000
0.0000
0.0000
0.0000
0.0000
0.0466
0.8562
0.0000
0.0000
0.0000
0.7931
0.0000
1.0774
3.1633
0.0000
0.0000
0.0000
0.0000
0.0000
0.0000
1.5151
0.0000
0.0000
0.0000
0.0000
0.5582
0.0000
0.0000
0.0000
0.0000
0.0000
0.0000
0.9603
1.1917
0.0000
0.0000
3.0285
0.0000
0.0000
0.0000
0.3954
0.0000
0.0000
0.0000
0.0000
0.0000
0.9635
0.0000
0.0000
0.0000
0.0000
0.0000
0.0000
0.0000
0.2127
0.9468
0.0000
0.0000
2.2119
1.7310
0.9152
0.0000
0.0000
0.0000
0.0000
0.6276
0.6943
0.0000
0.0000
0.0000
0.0000
0.0000
0.0000
2.5640
3.3850
0.0000
0.0000
0.0000
0.0000
3.9623
0.0000
0.0000
0.0000
0.0000
0.0000
0.0000
0.0000
0.0000
0.3230
0.0000
0.0000
0.0000
0.0000
3.4212
0.0000
0.0000
0.2180
0.0000
0.0000
1.0355
0.0000
0.0000
0.0000
0.0000
4.3087
0.2853
0.0000
0.0000
1.5218
0.0000
0.0000
0.0000
2.4286
0.0000
0.0000
1.2227
2.9726
0.1123
0.0000
0.0000
0.0000
0.0000
0.0000
0.0000
0.8220
0.0000
0.0000
8.0805
1.1300
0.5532
0.0000
0.0000
0.0000
0.0000
0.0000
0.0000
0.0000
0.0000
0.0000
0.0000
0.0000
0.0000
0.0000
0.8312
0.0000
0.0000
0.0000
0.0000
0.0000
0.6513
0.0000
0.0000
0.0000
0.0000
0.0000
0.0000
0.0000
0.2527
0.0000
1.8609
2.1907
0.0000
0.0000
0.0000
0.0000
0.0000
0.0000
0.0000
0.4802
0.0000
0.0000
0.0000
0.0000
0.0000
0.0000
0.0000
0.0000
3.0884
0.0000
1.1005
0.0505
0.0000
0.0000
0.0000
0.0000
0.0000
0.0000
0.0000
0.0000
0.0000
0.0000
0.0000
0.0000
0.0000
2.1932
1.4590
0.0000
0.0000
0.0000
0.0000
0.5764
0.0000
0.0000
0.0000
0.0000
0.0000
0.0564
0.0000
0.0000
0.0000
0.0000
1.5535
0.0000
0.0000
0.0000
0.0000
0.0000
0.0000
0.0000
0.0000
0.0000
0.0000
0.0000
2.2247
0.4718
0.0000
2.8435
0.0000
0.2958
1.9079
0.3765
0.0000
0.0000
0.0000
0.0000
0.9212
0.0000
0.0000
0.0000
0.0000
0.0000
0.0000
0.0000
0.0000
0.7710
0.0000
2.7584
0.0000
2.0316
0.0000
0.0000
0.3775
3.4665
2.0764
0.0000
0.0000
0.0000
0.0000
0.0000
0.0000
0.0000
0.0731
0.0000
0.0000
0.5908
0.0000
0.0000
2.4237
0.0000
0.0000
2.7631
0.0000
0.8042
0.0000
0.2137
0.0000
0.0000
4.1474
0.0000
0.0000
0.0000
0.0000
0.0000
2.3133
0.3374
1.0439
0.8218
0.0000
0.0000
0.0000
0.0000
0.0000
0.0000
1.2913
0.0000
0.0000
0.0000
0.0000
0.0000
2.1525
0.1368
0.0000
0.0000
0.0000
0.0000
1.5525
0.9159
0.0000
0.0000
0.0000
0.0000
0.0000
0.0000
0.0000
0.0000
2.7432
0.0000
0.0000
1.4425
0.0000
0.0000
0.6782
0.0000
0.0000
0.0000
0.0000
0.3580
0.0000
0.0000
0.0000
0.0000
1.4282
0.0000
2.0997
0.0000
0.0000
0.0000
0.0000
0.0000
0.0000
0.7881
0.0000
0.7185
0.0000
0.0000
0.0000
0.0364
0.0000
0.0000
0.1143
0.0000
0.0000
0.0000
0.5147
0.0000
0.0000
0.0000
0.2702
0.0000
0.0000
1.6856
0.0000
0.6379
0.0000
4.2994
0.0000
1.5626
0.0000
0.4405
0.0000
0.0000
0.0000
0.0000
0.0000
0.0000
0.0000
0.0000
0.9224
0.0000
0.0000
0.0000
0.0000
0.0303
0.5003
0.0000
0.0000
0.0000
0.3971
0.0000
0.0000
0.0000
1.2382
0.0000
0.0000
0.0000
2.5592
0.0000
0.8394
0.0000
0.3678
0.0000
0.0000
0.0000
0.0000
0.0000
0.0000
0.0000
0.0000
0.4190
0.0412
0.0000
0.0000
0.0000
0.0000
0.0000
0.0000
0.0000
0.3917
0.0000
0.0000
0.0000
0.0000
0.0000
0.1579
0.3111
0.0000
0.0000
0.1755
0.0000
0.0000
0.0000
0.0000
0.0000
0.0000
0.0000
3.0953
0.0000
0.0000
0.0000
0.0000
0.0000
0.0000
0.0000
0.0000
2.8745
0.0000
0.0000
0.0000
0.0000
0.0000
1.2498
2.2882
0.0000
0.0000
0.0000
0.1904
0.0000
1.1833
0.2548
1.0509
0.0000
0.0000
0.0000
0.0000
0.0000
0.0000
4.1305
0.2850
0.0000
0.0000
0.0000
0.0000
0.0000
0.0000
0.0000
0.0750
0.0000
0.4888
0.0000
0.0000
0.0000
0.4069
0.0000
0.4247
0.0000
0.0000
0.0569
2.7508
0.0000
0.0440
0.0000
0.0000
0.0000
0.7841
0.2518
1.2161
0.2288
0.0000
0.0000
0.0000
0.0000
0.4216
0.0000
0.0000
0.0000
0.0000
0.0000
0.5571
0.0000
0.0000
0.0000
0.0000
0.1726
0.0000
0.0000
0.0000
0.0000
0.0000
0.0000
0.0000
0.0000
0.0000
0.0000
2.6333
0.0000
0.0000
0.0000
0.0000
0.0000
0.9855
0.0000
0.0000
0.0000
0.0000
1.0512
0.0000
0.0000
0.0000
0.0000
0.0000
0.0000
0.0000
0.5981
0.0000
0.0000
0.0000
0.0000
0.0000
0.0000
0.0000
0.0000
0.0000
0.0000
0.0000
0.0000
0.0000
0.0000
0.0000
0.0000
0.0000
1.3582
0.0000
4.7124
0.0000
0.0000
0.0000
0.0000
0.0000
0.0000
0.0000
0.5705
0.0000
0.0000
0.0000
0.0000
0.0000
0.0000
0.0000
0.0000
0.0000
0.9124
0.0000
0.0000
1.6062
0.0000
0.4599
1.8065
0.0000
0.0000
0.0000
0.0000
2.3934
0.0000
0.0000
0.0000
1.1461
1.4559
2.8224
0.0000
0.0000
0.4102
0.0000
0.0000
0.0000
0.0000
0.7546
0.0000
1.8721
0.0000
0.0000
0.0000
0.3651
0.0000
1.7836
0.0000
1.7369
0.7289
0.0000
0.0000
1.5914
0.0000
0.0612
0.0000
0.3997
0.0000
0.0000
0.0000
0.0000
0.9273
0.0000
0.6558
1.9034
0.5553
0.0000
0.0000
0.0000
2.1087
0.6989
0.0000
0.0000
0.0000
0.0000
0.0000
0.0000
4.7273
0.0483
0.0000
0.0000
0.0000
0.0000
0.0000
1.5961
0.0000
0.8045
0.0000
0.0000
0.0000
0.0000
0.9218
3.4433
0.0000
0.0000
0.0000
0.0000
2.2753
0.3928
0.0000
0.0000
0.0000
0.0000
0.0000
1.8796
0.0000
0.0000
3.0129
0.0000
0.0000
0.0000
0.0000
1.8997
1.8129
0.3204
0.0000
0.0000
0.0000
0.1526
0.9987
0.0000
0.0000
0.0000
0.4974
0.0000
0.0000
4.2645
0.0000
1.6529
0.0000
0.0000
1.6917
0.0000
0.0000
0.0000
0.0000
0.0000
0.0000
3.8286
0.0000
0.0000
0.0000
0.0000
0.0000
0.0000
0.0000
0.9544
0.0000
0.0000
0.0000
0.0000
0.0519
0.0000
0.0000
3.4957
3.8236
0.0000
0.0000
0.0000
0.0000
0.1609
0.0000
0.0000
0.0000
0.0000
0.0000
0.7853
0.1437
0.1481
0.6578
0.0000
0.0000
0.0000
0.0000
0.0000
0.8585
1.4350
0.0000
0.0831
0.0000
0.0000
0.0000
0.0000
0.0000
4.4100
0.0000
1.2339
0.0000
0.0000
0.0000
0.0000
0.0000
0.0000
0.0000
0.4946
0.9336
0.0000
0.0000
0.0000
0.0000
2.1510
0.0000
1.3944
0.8724
0.3580
0.0000
0.0000
0.0000
0.0000
0.0000
0.0000
3.1944
0.0000
0.0000
0.5489
0.0000
1.0159
0.0000
0.0000
0.0000
0.0000
0.0000
1.3583
2.6768
1.4930
1.6946
1.5683
0.0000
1.7635
0.0000
0.0000
0.0000
0.0000
0.9096
0.0000
0.8420
0.0000
0.0000
0.1741
0.0000
0.0000
0.0000
0.0000
0.0000
0.0000
0.0000
0.4425
0.1703
0.0000
0.0000
0.0000
3.7295
0.0000
0.0000
0.0000
0.0000
0.6279
1.0034
0.0000
0.0000
0.0000
0.0000
0.0000
0.0000
0.3939
0.0000
3.0050
0.0000
0.4799
0.0000
0.0000
0.2938
0.0000
1.0980
0.0000
0.0000
0.0000
1.9914
0.0000
0.5520
0.0000
0.0000
0.0000
0.0742
1.8549
0.0000
0.0000
0.0000
0.0000
0.0000
0.0000
0.0000
0.0000
2.6508
0.0000
0.1744
2.2041
1.3740
0.6974
0.0000
0.0000
0.0000
0.9525
0.0000
0.0000
0.0000
0.0000
0.0000
0.8143
0.4389
0.0000
0.0000
1.4289
0.7093
2.8191
0.6075
0.0000
0.0000
0.0000
0.0000
3.0835
0.0000
0.0000
0.0000
0.0000
0.0000
0.6144
2.7215
0.0000
0.0000
1.1291
1.3200
0.1868
0.0000
0.3323
0.0000
0.0000
0.0000
0.2198
1.8504
0.0000
0.0000
0.0000
0.0000
0.0000
1.1105
0.0000
0.0000
0.0000
0.0000
0.0000
0.0000
0.0000
0.0000
0.9156
0.0000
0.0000
0.0000
0.4572
2.4942
0.0000
2.3668
0.0000
0.0000
0.0000
0.0000
0.0000
0.0000
0.0000
0.0000
0.0000
0.4416
0.0000
1.6449
0.0000
0.0000
0.0000
0.0000
0.0000
1.9526
0.0852
0.0000
0.0000
0.0000
0.0000
0.0000
0.0267
0.0550
1.5864
0.0000
0.0000
0.0000
0.0000
0.0000
0.2698
0.3350
0.4075
1.2044
0.0000
0.0000
0.0000
0.0000
0.0000
0.8029
0.0000
0.0000
0.0000
0.9542
0.0000
0.0000
0.0000
3.4379
0.0000
0.0000
0.0000
0.0000
0.0000
0.0000
2.4343
0.0000
0.0000
0.0000
0.0000
0.4354
0.4094
0.0000
0.0000
0.0000
0.0000
0.0000
1.2626
0.0000
0.0000
0.0000
0.1311
0.0000
0.0000
0.0000
0.0000
0.0000
1.2935
0.0000
0.0000
0.0000
0.0000
0.0000
3.9988
0.0000
0.0000
2.1608
1.1010
0.0000
0.0000
0.0000
0.3373
0.0000
0.0000
0.2288
0.0000
0.0000
2.6643
3.0240
0.0000
0.0000
1.3697
0.0000
1.2409
0.0000
0.0000
0.4661
0.0000
0.0000
0.0000
0.0000
1.9898
0.0000
0.0000
0.0000
0.0000
0.0000
0.0000
0.4371
0.0000
0.0000
1.2199
0.0000
0.0000
0.0000
0.0000
1.6943
1.8189
0.0000
0.0000
0.0000
0.0000
0.0000
0.0000
0.0000
0.1048
0.0000
0.0000
0.4799
0.0000
0.0000
0.0000
0.0000
0.0000
0.3434
0.0000
0.0000
0.0000
0.0000
0.0000
0.2012
0.0000
0.0000
0.0000
0.0000
0.0000
0.0000
1.2839
0.1881
0.0000
0.0000
0.0000
0.8283
0.9718
0.9252
0.0000
0.0000
0.0502
1.4784
0.0000
0.0046
0.0000
3.0303
1.4648
0.0000
0.0000
0.0000
0.0000
0.0000
0.1410
0.0000
2.0543
0.0000
0.0000
1.0037
3.9341
0.0000
0.2144
0.0000
0.0000
0.0000
0.0000
2.2792
0.0000
0.0000
0.0000
0.0000
1.1879
0.1602
0.0000
0.8219
0.0000
0.0000
0.0000
0.8958
0.5791
0.0000
0.0000
0.0000
0.0000
0.0000
3.6032
0.0000
2.2822
0.0000
0.0000
2.7319
0.0000
0.1008
0.0000
2.4106
0.1207
0.0000
0.4060
0.0000
0.0000
0.0000
0.0000
0.0000
0.0000
0.9194
0.0000
0.0000
0.0000
0.1804
0.0000
0.0000
1.7893
0.0000
0.0000
0.0000
0.3866
0.3689
0.0000
0.0000
0.0000
0.0000
0.9841
0.0000
0.0000
0.6406
3.2706
0.0000
0.0000
1.1647
0.0000
4.9240
0.0000
2.6639
0.0000
2.1308
0.0000
0.0000
0.0000
0.0000
0.0000
0.0000
0.0000
0.0000
2.1953
1.5493
2.3789
0.0000
0.0000
0.0000
0.0000
0.0000
0.0000
0.0000
0.0000
1.2637
0.0000
0.0000
2.5119
0.0000
0.0000
0.0000
1.0841
2.0180
0.0000
0.0000
0.0000
0.0000
0.9707
1.0835
0.8551
0.1938
0.0000
0.0000
0.5344
0.0000
1.5679
0.0000
0.0000
0.4685
0.0000
0.0000
0.0000
1.1659
0.0000
0.0000
0.0000
0.0000
0.6082
0.0000
0.0000
0.0000
0.0000
0.0000
0.0000
1.1726
2.2689
0.0000
0.0000
1.1121
2.3476
0.0000
0.3754
0.0000
0.0000
0.0000
0.0000
0.0000
0.0000
0.0000
0.0000
0.0000
3.6077
0.0000
0.0079
0.0000
0.0000
0.0000
0.2356
2.7396
0.0000
0.0000
0.0000
1.5505
0.9586
0.2492
0.0000
0.0000
0.0107
0.0000
0.0000
0.0000
0.0000
0.0000
0.9891
0.0000
0.0000
0.0000
0.0000
0.0000
4.9577
0.0000
1.5025
0.0000
1.3691
0.0000
0.0000
0.0000
0.0000
1.4786
0.0000
0.0000
0.4071
0.0000
4.1102
1.1617
0.0000
0.0000
1.1790
2.7899
0.0000
0.0000
0.0000
0.0000
0.0000
0.0000
0.0000
0.0000
0.0000
0.0000
0.0000
0.0000
0.0000
0.0000
0.0000
0.0055
0.0000
0.0000
0.5777
0.0000
0.0000
1.2946
0.0000
1.0078
0.8658
1.1943
0.0000
0.0000
0.0000
2.5249
0.0000
0.0000
0.0000
0.0000
0.0919
0.0000
4.5815
1.9585
0.0000
3.1759
0.0572
0.0165
0.3322
0.0000
0.9152
0.3840
0.0000
0.0000
0.0000
0.0000
0.0000
0.0000
0.8502
2.0056
0.0000
0.0000
0.0000
0.0000
0.0000
0.0000
1.8332
0.0000
0.9951
0.0000
0.0000
1.3644
0.0000
