0.0000
0.0000
1.0587
0.6458
0.6021
0.1713
0.0000
0.0000
0.0000
3.2422
1.5719
0.0000
0.0000
0.0000
0.0000
0.0000
0.0000
0.0000
0.0000
0.0000
0.0000
0.0000
1.6680
0.3913
1.8015
0.7874
0.0000
1.2233
0.0000
0.0000
0.0000
0.0000
1.1292
0.0000
0.2391
0.0000
0.0000
0.0000
1.7506
1.9849
0.0000
0.7487
0.0000
0.0000
0.0000
0.0000
0.0000
0.0000
0.2047
0.9036
0.0000
0.0000
0.0000
0.6375
0.0000
0.0000
0.8591
1.6026
0.0000
0.0000
0.0000
1.8087
0.0000
0.9376
0.0000
0.2146
0.0000
0.0000
0.0000
0.0000
0.0000
3.4193
0.2495
0.0000
0.0000
0.9547
0.0000
0.0000
0.0000
0.0000
0.0000
0.0000
0.0000
0.0000
0.0000
0.0000
0.0881
2.1330
0.5284
0.0000
0.0000
0.0000
0.6231
2.4285
0.0000
0.0000
0.0000
0.0000
3.4648
0.0000
0.0000
0.0812
0.6231
0.0000
0.0000
0.0000
0.1346
0.0000
1.4579
2.8790
0.0000
0.0000
0.0000
0.0000
0.0000
0.0000
0.6759
0.0000
0.0000
0.0000
0.0358
1.6621
1.8488
0.0000
0.0000
0.0000
0.0000
0.4813
0.3560
0.0000
0.0000
0.0000
1.1202
0.0000
2.1887
0.0000
0.7078
1.4570
0.0000
2.9935
1.4880
0.0000
1.8671
0.0000
1.7611
0.0000
0.6177
1.2447
0.6172
0.0000
0.0000
0.3469
0.9641
0.6870
0.0000
0.0000
0.0000
0.0976
0.0000
0.0000
0.5488
0.0000
0.0000
0.0000
0.0000
0.9401
0.0000
0.6198
0.0000
1.8724
0.0000
0.0000
0.0000
0.0000
0.0000
0.0000
0.0000
0.0000
0.0000
5.3728
0.3391
2.3322
0.0000
0.0000
0.0000
0.0000
0.6904
1.2892
1.4349
0.8726
0.6066
0.0000
0.0000
0.0000
0.7938
0.0000
0.0000
0.3284
1.3379
2.3681
0.0000
0.3126
0.2169
0.0000
0.0000
0.0000
0.0000
0.0000
0.0000
0.0000
0.0000
0.0000
0.0000
0.6226
0.0000
0.0000
0.0000
0.0000
0.0000
0.0000
0.0000
0.0000
0.0000
0.0000
1.1145
0.0000
0.0000
0.1082
0.0000
1.4269
0.0000
0.4839
0.0000
0.0000
1.2186
0.0000
2.0758
0.0000
0.1116
0.0000
0.0000
0.0000
0.0000
0.0000
0.0000
0.0000
0.0000
0.0000
0.0000
0.0000
0.0000
0.0000
0.0000
0.2625
0.0000
0.4235
0.0000
0.0000
1.3265
0.0000
0.0000
0.0000
0.0000
0.3522
0.0000
0.0000
0.0000
0.0000
0.0000
0.6377
1.9346
0.4106
0.0000
0.9567
0.0000
0.0000
0.0000
1.8463
0.0000
0.0000
4.3583
0.0000
1.1201
0.0000
0.0000
1.0802
0.0000
0.2615
0.0000
0.0000
0.0000
0.0000
0.0000
0.0000
3.2457
0.0000
0.0000
1.1760
0.0000
2.4350
0.0000
0.0000
0.0000
0.0000
0.0000
0.0000
0.0000
0.0000
0.0000
0.0000
0.0000
0.5463
0.0000
0.7223
0.8319
0.0000
0.0000
0.0000
0.0000
1.3262
0.4274
2.4080
0.0000
1.5023
0.0000
1.1715
0.0000
0.4761
0.0000
1.4114
0.0000
0.0000
0.0000
0.0000
0.0000
2.1638
1.8566
0.0000
0.0000
3.0868
0.0000
0.0000
0.0000
0.0000
0.0000
4.9123
0.0000
0.8230
0.0000
0.0000
0.0000
1.6740
0.0000
0.0000
0.7816
1.1893
0.0000
0.0000
0.2946
0.0000
0.0000
0.0000
0.0000
0.0000
0.0000
0.0000
0.0000
1.4536
0.7089
0.0000
0.0000
0.9942
0.0000
0.0000
1.2145
0.0000
0.0000
1.8239
0.0000
0.0000
2.2709
0.0000
1.3132
0.0000
0.0000
0.0000
0.8417
0.5401
0.0000
0.0000
2.6094
0.0000
0.0000
0.0000
0.0000
1.5562
0.3252
0.0000
0.0375
1.0185
0.0000
0.0000
0.0000
0.0000
0.0000
0.7710
0.0000
0.0000
1.1809
0.0000
0.0000
0.0000
0.0000
3.1519
0.0000
1.4576
0.0000
0.4470
0.6462
0.0000
0.5081
0.0000
0.0000
0.0000
0.0000
0.3423
0.0000
0.9032
0.0000
0.0000
0.0000
0.0000
0.0000
0.0000
0.0000
0.0000
0.7358
0.0000
1.4099
0.0000
2.7226
0.0000
0.4662
0.0000
2.8590
1.6182
0.0000
1.4317
0.5027
0.0000
0.4526
0.0000
0.3653
0.0000
0.0000
0.0000
0.0000
1.4089
0.0000
0.0000
0.0000
0.7929
0.3289
0.0000
0.0000
0.0000
0.0000
0.0000
0.0000
0.0000
0.0000
1.3866
0.2171
0.5099
0.0000
1.9562
1.3949
0.0000
0.6544
0.0000
0.7587
0.0000
1.2857
0.5607
0.8961
1.4243
0.0000
1.3002
0.0000
1.3858
0.0000
0.0000
0.0000
0.0000
2.5954
0.0000
0.0000
0.0000
0.0000
0.0000
0.0000
0.0000
2.8062
0.0000
0.0000
0.0000
0.0000
0.0000
0.0000
0.7697
0.0000
0.6980
0.0000
1.6425
0.0000
0.0000
0.4139
0.0000
7.1780
0.0000
0.8214
1.4676
0.0000
0.5483
0.0000
0.0000
1.4584
0.0000
0.0000
0.7785
1.4803
0.3479
1.2291
0.0000
0.0000
3.3375
0.0000
0.0000
1.4076
0.0000
0.0000
0.2235
0.0000
0.0000
0.0000
0.0000
0.0000
0.0000
0.5355
0.0000
0.0000
2.2363
0.0000
0.0000
0.0000
0.0000
0.0000
0.0000
0.0000
0.0000
0.9300
0.7102
0.0000
0.0000
0.0000
1.4912
0.0000
0.0000
0.0000
0.0000
0.0000
0.0000
0.0000
0.0000
0.0000
0.0000
0.0000
0.3488
0.0000
0.8475
0.0000
0.0000
0.0000
0.0000
0.0000
0.0000
0.0000
0.7292
3.0288
0.7571
0.0000
0.0000
0.0000
0.0000
0.0000
0.0000
0.0000
0.0000
2.2410
1.0489
0.0000
2.8797
0.0000
0.0000
0.0000
1.1156
2.2008
0.0000
0.1423
0.0000
0.0000
0.0000
0.0000
4.5153
0.0000
1.6392
0.0000
0.0000
0.3655
0.0000
2.1741
0.0000
0.0000
0.0000
0.0000
1.5111
0.0000
0.5623
0.0000
0.0000
0.0000
0.0000
0.0000
0.0000
1.1248
1.4605
0.0000
0.0000
0.0000
0.0000
0.4001
0.2098
0.0000
0.0000
1.6873
0.0000
0.0000
0.0000
0.0770
0.0000
0.6092
0.0000
0.1744
0.0000
0.0000
0.0000
0.0000
0.0000
0.0000
0.0560
0.0000
1.2458
0.5388
0.0000
0.0000
0.0000
0.0000
0.0000
0.0000
0.0000
0.0000
0.0000
0.0000
0.0000
0.0000
0.0000
0.0000
0.0000
0.0000
0.0000
0.0749
0.0000
0.0000
0.0000
0.0000
0.1135
0.0000
0.0000
0.0000
2.4190
0.0000
0.0000
2.8059
0.0000
0.0000
0.0000
0.0000
0.0000
0.7063
0.0000
2.0446
0.0000
0.1908
0.5553
0.0000
0.0521
0.0000
0.0000
0.7957
0.7420
0.0000
3.5972
0.0396
0.0000
0.0000
0.0000
0.0000
0.0000
0.0000
0.0983
0.0000
0.0000
0.4681
0.0000
0.0000
0.0000
0.1226
0.0000
0.0000
0.3725
0.0000
0.0000
0.0000
1.6683
0.0000
0.0000
0.0000
1.9152
0.0000
4.3073
0.5729
0.0000
0.0000
1.7013
0.0000
0.0000
1.0406
0.7621
1.1591
0.0000
0.0000
0.0000
0.0000
0.0000
0.0669
0.0000
0.0000
0.0000
0.0000
0.0000
0.0000
0.0000
1.3641
0.0000
0.0000
0.3008
0.0000
0.0000
0.0000
0.0000
0.4253
0.0000
0.0000
0.0000
0.0000
0.0000
0.0000
0.0000
0.0000
0.8852
0.0000
0.0000
0.0000
0.2332
0.0000
0.0000
0.3636
0.3065
0.0000
0.0000
0.0000
0.0000
2.8840
0.0000
0.0000
0.0000
0.0000
0.0000
0.0000
0.0000
0.0000
0.0000
2.2660
0.1150
0.0000
0.0000
0.0000
0.0000
0.0000
0.0000
0.0000
0.0000
0.0136
0.0000
0.0000
0.0000
0.7967
0.0000
0.0000
1.0142
2.1737
0.0000
0.5879
0.0000
0.0000
0.0000
0.0000
0.0000
0.0000
0.3140
0.4563
0.0000
0.0000
0.0000
0.0000
0.0000
0.5227
0.0000
0.0000
0.0000
0.0000
0.0000
0.0000
2.3669
0.0000
0.0000
0.0000
0.0000
1.2299
0.0000
0.0000
0.2551
0.0000
0.0000
0.0000
0.0000
0.0000
0.0000
0.0000
0.5547
0.0000
0.4191
0.0000
1.1673
0.0000
0.5563
1.3457
0.0000
0.0000
0.2526
0.0000
0.0000
1.4483
0.0000
0.0000
0.0000
0.0000
2.5178
0.0000
0.0000
0.0000
0.0000
0.0000
0.0000
0.0000
0.0000
0.5605
0.0000
0.0000
0.0000
0.5754
0.0000
0.8191
0.0000
0.0000
0.0000
0.0000
0.1837
0.5455
0.0000
0.0000
0.0000
0.0000
0.0000
0.0000
0.0000
0.0000
0.0000
0.0000
0.4740
0.0000
0.0000
2.7941
0.0000
0.0000
0.3925
0.0000
0.7029
0.0000
0.0000
0.0000
0.0000
0.6939
0.0315
0.0000
2.7227
0.2165
0.3956
0.0000
0.0000
0.0000
0.0000
1.3350
0.2043
0.0000
1.6044
0.0000
0.0000
0.0000
0.0000
0.9351
0.0000
0.0000
0.0000
1.2341
2.6273
0.0000
0.0000
0.0000
4.7164
0.0000
1.3888
0.0000
0.0000
0.0000
0.0000
1.1564
0.0000
0.0000
0.0000
0.0000
0.0000
0.0000
1.5064
0.1241
0.0000
0.0000
1.8729
1.0941
0.0000
2.1189
0.9664
0.0000
0.0000
0.0000
0.0000
0.6409
0.0000
0.1061
0.0000
0.0000
1.6992
0.0000
0.0000
1.7116
1.6251
0.5756
0.0000
0.0000
0.0000
0.3400
0.0000
0.0000
0.0000
0.0000
0.2891
0.0000
0.0000
0.0000
2.7212
0.0000
0.0000
0.0000
0.3470
0.0000
2.1353
0.0000
0.0000
0.0000
2.1975
0.0000
3.8747
0.0000
2.5995
0.0000
0.0000
0.1827
1.4157
0.0000
0.0000
0.0000
2.6305
0.0000
0.0000
0.0000
0.5165
0.8187
0.0000
0.0000
1.7007
0.1410
0.0000
2.4044
0.6368
0.0000
0.0000
1.4218
0.0000
2.1923
0.0000
0.0000
0.0000
0.0000
0.0000
0.0000
0.0000
0.6717
0.0000
0.0000
0.0000
1.3193
0.0000
0.0000
0.0000
0.0000
0.0000
0.0000
0.0000
0.0650
0.0000
2.9220
0.0000
2.3045
0.0000
0.4256
1.9090
0.0000
0.0000
0.0000
0.0000
0.6527
0.0000
0.0000
0.0000
0.0000
0.0000
0.0000
0.0000
0.0000
1.4893
0.0000
0.0000
0.0000
0.0000
0.0000
0.0000
0.0000
1.0285
0.0000
0.0000
0.0360
1.3416
0.0000
0.0000
0.7879
0.0000
0.0000
0.0000
0.0000
0.5548
0.0000
1.1856
0.0000
1.2714
0.0004
0.0000
0.0000
0.0000
0.0000
0.2699
0.0000
0.0000
1.3396
0.0000
0.1486
0.0000
0.3779
0.0000
0.0000
0.0000
0.0000
0.0000
0.0000
0.0000
0.3863
0.0000
0.0000
0.0000
0.0000
0.6896
0.0000
0.6493
0.0000
0.0000
0.0000
0.0000
0.0000
0.0000
0.0000
0.0000
2.7767
0.0000
0.0000
0.0000
0.8924
0.8197
2.2725
0.0000
0.0000
0.0000
0.0000
1.8627
0.9133
0.0000
0.0000
0.0000
1.1492
0.0000
0.0000
0.0000
0.0000
0.1289
0.0000
0.0000
0.0000
0.0000
1.9864
0.5584
0.0000
0.0000
2.2109
0.1941
0.0000
1.2854
2.8794
1.0739
0.0000
0.0000
0.0000
0.0000
0.0000
1.7436
0.0000
0.0000
0.0000
0.6024
0.0000
0.0000
0.7024
0.0000
1.1283
0.1609
0.0000
0.0000
1.0941
0.0000
0.0000
0.0000
0.0000
0.0000
1.9347
0.8963
0.0000
0.0000
0.1826
0.0000
0.8568
0.0000
0.0000
0.0000
3.1717
0.0817
2.1435
0.0000
1.2404
0.0000
0.0000
0.0000
0.0000
0.0000
0.0000
0.0000
0.0000
4.9055
0.0000
0.0000
0.0000
0.0000
0.0000
0.0000
0.0000
0.0000
0.0000
0.0000
0.0000
0.0000
0.3051
0.3276
0.0000
0.0000
0.0000
0.0000
0.0000
0.0000
1.5264
0.0000
0.0000
0.0000
1.9210
0.6774
0.0000
0.0000
2.3656
0.0000
0.0000
0.0000
0.0000
2.1145
1.2407
0.0000
0.0000
0.0000
0.0000
0.0000
0.0000
0.0000
0.0000
0.0000
0.0000
0.0000
0.0000
0.3603
2.5133
0.0000
0.0000
0.0000
0.7857
0.0000
2.0032
0.5753
0.0000
0.0000
0.0000
0.1629
0.0000
0.7901
1.7036
0.0000
0.0000
0.6821
0.0000
1.0829
1.0453
0.0000
0.0000
0.6764
1.2923
0.8376
0.0000
0.0000
0.0000
0.0000
1.4089
0.2675
0.0000
0.0152
0.0000
0.0000
0.0000
0.0000
0.0000
0.0000
0.7782
0.0000
0.4881
0.4459
0.0000
0.0000
0.0000
0.1183
0.0000
0.0000
0.0000
0.0000
1.5607
0.1804
0.0000
0.0000
0.0000
0.0000
0.0000
0.0000
0.0000
0.5645
1.2534
0.6928
0.0000
0.7566
0.0000
0.0000
0.0000
0.0000
0.0000
0.0000
0.0000
0.0000
0.0000
0.0000
0.0000
0.0000
0.0000
0.3702
0.0000
0.3970
0.0000
0.0000
0.0000
0.0000
0.0000
0.0145
0.0000
0.0000
0.3335
0.0000
0.0000
0.0000
0.0000
0.0000
2.2664
3.3813
0.0000
0.6800
0.0000
0.5264
0.0000
0.0000
0.0000
0.0000
0.8452
0.0000
0.0000
0.0000
0.8354
2.8370
0.0000
0.0000
0.0000
0.9760
0.0000
0.0000
2.9199
0.0000
1.6723
0.0000
0.0000
1.6152
0.7603
2.5287
1.5692
3.7516
0.0000
0.0000
0.0000
0.0000
0.0000
0.0000
0.0000
0.0000
0.0000
0.0000
0.0000
0.0000
0.0000
0.1551
0.0000
0.0000
0.0000
3.5418
0.0000
1.4250
0.0000
1.5420
0.0000
0.0000
0.0000
0.6925
0.0000
3.0863
0.0000
0.0000
1.9740
1.5986
0.0000
0.6814
0.0000
0.0000
0.0000
0.0000
0.0000
0.0000
0.0000
0.6454
0.0000
0.0000
0.0000
1.1171
0.8185
0.3615
0.0000
1.9806
0.0000
0.0000
0.0000
0.0000
0.0000
0.0000
0.0000
0.2579
0.0000
0.0000
0.0019
0.0000
0.2845
0.9053
0.0000
0.0000
0.0000
0.1851
0.0000
0.0000
0.0000
0.0000
0.0000
0.0000
0.0000
0.0000
0.7616
0.0000
0.0000
0.0000
0.0000
0.0000
0.0000
0.3173
0.0000
0.6815
3.2255
2.1167
0.0000
2.7852
0.0000
0.0000
0.0000
1.3731
0.0000
0.7203
0.0000
0.0000
0.0000
0.0000
0.0000
0.0000
0.8268
0.4751
0.0000
0.0000
0.0000
0.0000
0.0000
0.0000
0.0000
0.0000
3.5643
1.0250
0.1050
0.0000
0.0000
0.0000
0.0000
2.2132
0.4227
0.2006
0.4941
0.0000
0.0000
0.8959
0.0000
0.0000
0.0000
0.0000
0.0000
0.1962
0.0000
0.0000
0.0000
0.0000
0.0000
1.7018
0.7864
1.5199
0.0000
0.0000
0.0000
0.0000
0.0000
0.0000
0.0000
1.0433
0.0000
0.0000
0.0000
1.1533
0.1156
0.0000
0.0000
0.0000
0.5799
0.0000
0.0000
0.2068
0.0000
2.8969
0.0000
2.0788
0.0000
0.0000
0.0000
1.0856
1.6171
1.0422
0.0515
0.0000
0.0000
0.3659
0.0000
0.9432
0.0000
0.0000
0.0000
0.0000
0.0000
0.0000
0.0000
0.0000
0.0000
0.0000
0.0382
0.0000
0.0000
0.2958
0.4455
0.3234
0.0000
0.1004
1.4335
0.0000
0.0000
0.0000
0.0000
0.0000
0.5691
0.0000
0.3955
0.2842
0.0000
2.3999
0.0000
0.0000
0.0000
0.0000
0.0000
0.0000
0.0000
0.0000
0.0000
0.4544
0.0000
0.0000
0.0000
2.6034
0.0000
0.2749
2.1006
0.0000
0.0000
0.0000
0.0000
1.4794
0.0000
0.0000
0.0000
0.5526
1.0445
0.0000
0.0000
0.0000
0.0000
0.0000
0.0000
0.0000
0.0000
0.0000
0.0000
0.0000
0.0000
0.0000
1.3930
0.0000
0.8311
0.0000
0.9383
0.0000
0.0000
0.4355
0.0000
0.0000
0.7126
0.0000
0.2767
1.8674
2.0663
0.0000
0.0000
0.0000
0.8488
0.8670
0.0239
0.0000
0.0000
0.0000
1.3902
0.0000
0.5813
0.0000
0.0104
0.0000
2.2349
0.3152
0.0000
0.0000
0.0000
0.5316
0.0000
0.0000
0.8719
0.0000
0.0000
0.0000
0.8134
0.0000
0.0000
0.0000
0.0000
0.0000
0.0000
0.0000
0.0000
0.0000
0.6934
0.5794
0.0000
0.0000
0.0000
0.9869
1.7250
0.8391
0.0000
0.4952
0.0000
1.4512
0.0000
0.0000
0.0000
0.7186
0.0000
0.6351
3.1936
0.5447
0.0000
0.0000
0.1540
1.5764
0.0000
1.7256
0.0924
0.2496
1.1801
0.0000
0.0000
0.0000
0.0000
1.1004
0.0000
0.0000
0.3155
1.4636
0.9024
1.8741
0.0000
0.5461
0.0000
0.0000
0.0000
0.0000
0.0000
1.5790
0.0000
0.3752
2.7183
0.0000
0.0000
0.4045
0.2483
0.0000
0.0000
0.8800
1.2134
0.0000
0.0000
0.0000
1.8069
0.8638
0.0000
1.4878
0.0000
0.7218
1.3317
0.0000
0.0000
0.0000
0.0000
0.0000
1.2304
0.0000
2.2146
0.0000
0.0000
3.7013
0.0000
2.3194
0.0000
0.0000
0.0000
1.5332
0.0000
0.0000
1.2438
0.2935
0.0000
0.3773
2.8099
0.0000
2.2776
0.0000
0.0000
0.5710
0.0000
0.0000
0.0000
0.0000
1.1940
0.0000
0.0000
0.5647
0.5068
0.0000
0.0000
4.6125
0.0000
0.0000
0.8380
0.0000
0.9375
0.1683
0.0000
1.4219
0.0000
0.0000
0.0000
0.8352
0.0000
3.4595
0.0000
0.0000
0.0000
0.0000
2.5326
0.0000
2.7147
0.3521
0.7313
0.0000
0.0000
0.0000
0.0000
0.0000
0.0000
1.4866
0.0000
1.5603
0.0000
0.4996
0.0000
0.0000
0.0452
0.0000
0.0000
0.0000
0.0000
0.0000
0.8235
1.5162
0.0000
0.0663
0.0000
0.5269
0.0000
0.0000
0.0000
0.9719
0.0000
0.0000
0.0000
0.0000
0.0000
0.0718
0.0000
0.5605
0.0000
0.0000
0.0000
0.3094
0.0000
0.0000
0.0000
0.0000
0.7614
0.0000
1.9259
0.0000
0.0000
0.0000
0.4340
0.0000
0.0000
0.3656
0.0000
0.3771
0.0000
0.0000
0.0000
2.1114
0.0000
1.0552
0.0000
0.2741
0.0000
0.0000
0.0000
0.0000
0.0000
0.0000
0.3179
0.0000
1.5086
1.9007
0.0000
0.0000
0.0000
1.4663
0.0000
0.8386
0.0000
1.6050
0.0000
1.4088
0.0000
0.0000
0.0000
0.0000
1.4978
0.4370
0.0000
1.7774
0.0000
0.0000
0.0000
0.0000
3.2974
1.3869
0.0732
0.0000
0.0000
0.0000
0.0000
0.0000
0.4146
0.0000
1.8530
0.0000
0.2972
2.1442
0.0000
0.0000
0.0000
0.0000
0.0000
0.0000
0.0000
1.7546
0.0000
0.0000
0.9931
1.7174
0.0000
0.8562
0.0000
0.0000
0.0000
0.0000
0.0000
0.0000
1.4485
0.0000
0.0000
2.3217
1.3366
0.0000
0.0000
0.4994
2.1237
0.7657
0.0000
0.0000
0.5391
0.0000
0.0000
0.0000
0.0000
0.0000
0.0000
0.0000
0.0000
0.0000
0.5760
1.0007
0.0000
1.4442
0.0000
0.0000
0.0000
0.0000
0.7985
0.0000
0.0000
0.0000
2.2464
1.9937
0.0000
0.0000
0.4147
0.0000
0.0000
1.5826
0.3820
0.0000
0.0000
0.1218
0.0000
0.8918
1.2532
0.0000
0.0000
0.0230
0.0000
0.0000
4.0971
0.0000
0.0000
0.0000
0.0000
1.1918
0.0000
0.0000
0.0000
0.0000
0.0000
0.0000
0.0000
0.0463
0.0000
0.0000
0.0101
0.4648
0.0000
0.8952
0.0000
0.0000
0.0000
0.0000
0.0000
0.8041
0.3643
0.0000
0.0000
1.3070
0.0000
0.6071
0.6949
0.2501
0.0000
0.0000
0.0000
0.0000
0.0000
0.0000
0.0000
0.0000
0.4076
0.0000
3.0226
0.0000
0.4499
0.0000
0.0000
0.0000
0.0000
0.0000
2.4992
0.0000
0.0000
0.0000
0.0000
0.0000
0.0000
0.0000
0.0000
0.0000
0.0000
1.0789
0.0000
0.1613
0.0000
1.3453
0.0000
0.0000
0.0000
0.0000
0.0000
0.0000
0.0000
0.0000
0.5845
0.7224
0.0000
0.0000
1.0783
0.5939
0.0000
1.5452
0.6666
0.5810
0.0000
0.0000
0.0000
0.0000
0.0000
0.3748
0.0000
1.1906
0.0000
2.0027
0.0000
2.5919
0.0000
1.0831
0.0409
0.0000
0.0000
1.0666
0.0000
1.4138
1.3243
0.0000
2.2258
0.0000
0.0000
0.0000
0.0000
1.6172
0.0000
0.0000
0.0000
0.1478
0.0000
0.0000
0.0000
0.0000
0.0000
0.0000
0.0000
0.0000
0.0000
0.6621
0.8742
1.0257
1.8052
0.4790
0.3817
0.0000
0.8170
0.0000
0.0000
0.0000
0.0000
1.5740
1.4592
2.2200
0.0000
0.0000
0.0000
0.9682
1.8106
0.0000
0.0000
0.0000
0.0000
0.0000
0.0000
0.0000
0.0000
0.0000
0.0000
0.0000
1.1248
0.0079
0.0000
1.1510
0.0000
0.0000
0.0000
0.0000
0.0000
0.0000
0.6932
0.0000
0.0000
0.0000
0.3103
0.8171
0.0000
0.0000
0.0000
0.3394
0.0000
0.7653
0.0000
0.0000
0.0000
0.0000
0.0000
0.0000
0.0000
0.3443
0.0000
0.0000
1.3683
0.9359
0.3140
0.0000
0.0000
0.0000
3.4383
0.0000
0.0000
0.0000
0.9409
0.9032
0.0000
1.0373
0.0000
0.0000
0.0000
1.1860
1.3698
0.0000
1.4386
0.0000
0.0000
4.4631
0.0000
0.0000
0.0000
1.7142
0.0000
0.2208
1.0944
0.0000
1.4249
0.4245
0.0000
0.0000
0.0000
0.1663
0.0000
0.0000
0.3901
0.0000
0.0000
0.0000
0.0000
0.0000
0.0000
0.0000
0.0000
0.0000
0.0000
0.0000
0.7104
0.5225
0.0000
0.0212
0.0000
0.0000
0.8428
0.0000
0.0077
0.5489
0.0000
0.0000
0.0000
0.0000
1.6009
0.0000
0.0000
1.9737
0.0000
0.3359
0.5331
0.9662
0.0000
0.0000
0.0000
1.5642
0.0000
0.0000
0.0000
0.0000
0.0000
1.0851
0.0000
0.0000
0.0000
0.0000
0.1110
0.0615
0.0000
0.0000
0.0000
0.0000
1.0263
0.2000
2.0588
0.0000
0.0000
0.5326
1.9056
0.0000
0.0000
0.0000
0.1773
0.0000
0.0000
0.0000
0.1972
2.5890
0.2708
0.0000
0.0000
0.0000
2.0364
4.3257
0.0000
0.0000
0.0672
0.0000
0.0000
0.0000
0.0000
0.0000
0.0000
0.0000
0.0000
0.0000
0.0000
0.0000
0.0000
0.0000
0.0000
0.0000
0.0000
0.0000
1.0972
0.0000
0.0000
0.0000
0.5520
0.0000
2.7313
0.0000
0.9514
1.4595
0.0000
0.2116
1.3439
0.0000
0.0000
0.0000
1.8118
0.0000
0.0000
0.0000
1.6330
0.0000
0.0000
0.3266
0.0000
0.0000
0.0000
0.0000
0.0000
2.0071
0.0000
0.0000
2.0159
0.7317
0.2950
0.0000
0.0861
0.3499
0.0000
0.0000
0.4246
0.0000
0.0000
0.0000
0.9556
0.0000
0.0944
0.3839
0.0000
0.0000
0.8126
0.0000
0.0000
0.0000
0.0000
1.9696
0.0000
0.0000
0.0000
0.0000
0.0000
0.5214
0.0000
3.1011
0.0000
0.0000
1.9840
0.0000
0.0000
0.0000
0.0000
1.0497
0.0000
2.4219
0.0000
0.0000
0.0000
0.0000
0.0000
0.1158
0.0000
0.0000
0.0000
0.0000
0.0000
0.0000
0.0000
0.0000
0.1221
0.0000
0.0000
0.0000
0.0000
0.0000
0.0000
2.3598
0.0000
0.4009
0.0000
0.4755
0.0000
1.9971
1.0006
0.0000
0.0000
0.0493
1.7210
0.0000
0.0000
0.0000
0.0000
0.4762
0.0000
0.0000
2.9931
0.1604
0.0000
0.0000
0.0000
3.1971
0.0000
0.3275
0.0000
0.1218
0.0000
0.0000
0.0000
0.0000
0.0000
0.0000
0.0000
0.0000
0.0000
0.9323
0.7700
0.0000
0.0000
1.3151
0.0000
0.0000
0.0000
0.0000
0.0000
0.2560
0.0000
0.0000
0.4529
0.0000
1.2713
0.6103
0.0000
0.0000
1.2937
0.0000
0.5974
0.0000
0.0000
1.0299
0.3092
0.0000
0.9125
2.1588
0.0000
0.1998
0.0000
0.0000
0.0000
0.0000
0.3517
0.0000
0.0000
2.1666
0.0000
0.0000
0.0000
1.4229
0.0000
0.0000
0.4035
0.0000
0.0000
0.0000
0.1462
0.0000
0.0000
0.0000
0.0000
0.3215
1.2745
0.6290
0.0000
0.0000
0.0000
0.0000
0.8780
0.0000
1.3608
0.0000
0.0000
2.2205
0.0000
0.0000
0.1865
0.0000
0.0000
0.0000
0.2621
1.9501
0.0000
0.0000
0.0000
0.0000
0.0000
0.0000
0.0000
0.5636
0.0000
1.6825
0.0000
0.0000
1.0844
0.0000
1.8877
0.0000
0.0000
0.0000
0.0000
0.0000
0.0489
0.5675
0.5487
1.6345
0.0000
3.0205
0.0000
0.0000
0.0000
0.0000
1.6576
0.0000
0.9197
0.5839
0.0000
0.0000
0.0000
0.0000
1.5006
0.0000
0.0000
1.7130
0.0000
0.0000
0.0000
1.3761
0.8600
0.0000
0.0000
2.1449
0.0000
0.0000
0.0000
2.0002
1.2339
0.2443
0.0000
0.0000
0.0000
0.0000
0.0000
0.0000
1.9659
2.1929
3.2159
0.0000
1.2328
1.9587
0.6939
0.0000
0.0000
0.0000
0.0000
0.0000
0.0000
0.0000
0.0000
1.0217
0.0000
0.0000
0.0000
0.0000
0.2966
0.0000
0.0000
0.7539
0.0000
0.0000
0.0000
1.6723
0.0000
0.9780
0.8861
0.0000
0.0000
0.0000
0.0000
2.3961
0.0000
0.0000
2.4360
0.1099
0.0000
0.0249
0.0000
0.1373
2.9129
0.0000
0.9294
0.0000
0.0000
0.0000
0.0093
0.0000
0.0000
0.0000
1.9545
0.7271
0.0000
0.0000
0.0000
0.0000
0.0000
0.2032
0.0000
0.0000
0.0000
0.0000
0.0000
0.0000
0.1355
0.0000
0.0000
0.5517
0.8121
0.0000
0.0000
0.3497
0.0000
0.0000
0.0000
1.5127
0.6074
1.3293
0.0000
0.4785
0.0000
1.8614
0.0000
0.0000
0.0121
0.0000
0.0000
0.0000
0.7234
0.0000
0.0000
4.1187
0.0000
0.0000
0.5916
0.0000
0.0000
0.0000
0.0000
0.0000
0.0000
0.0000
0.0000
0.6558
0.3641
0.0000
0.0000
0.0000
2.3435
0.0000
1.4089
3.4477
0.0000
0.0000
0.0000
0.0000
0.0000
0.0000
2.9394
0.0000
0.0000
0.0000
0.0000
1.0362
0.0000
1.4287
0.0000
0.0000
0.0000
0.0000
0.7533
0.6432
0.0000
0.0000
2.7516
0.3406
0.0000
0.0000
0.0000
0.0000
0.0000
0.0000
0.0000
0.0000
1.8686
0.0000
0.0000
1.0431
0.0000
0.0000
0.0000
0.0000
0.1134
1.3923
0.7961
0.0000
2.4958
2.2637
0.1902
0.0000
0.0000
0.0000
0.0000
0.0000
0.7317
0.0000
0.0000
0.0000
0.0000
0.9434
0.0000
4.2101
3.7491
0.0000
0.0000
0.0000
1.4607
3.2573
0.0000
0.0000
0.0000
0.0000
0.0000
0.0000
0.0000
0.0000
0.0000
0.0000
0.0000
0.1770
1.1297
1.7446
0.0000
0.0000
0.0000
0.0000
0.0000
0.7941
0.0000
0.0000
0.0000
0.0000
3.7627
0.3018
0.0000
0.0000
1.2227
0.0000
0.0000
0.9796
0.9648
0.0000
0.0000
0.7629
2.7290
0.0000
0.0000
0.0000
0.0000
0.0000
0.0000
0.4435
0.9183
0.0000
0.0000
6.7778
1.2826
1.0365
0.0000
0.3345
0.0000
0.0000
0.0000
0.0000
0.2688
0.0000
1.1704
0.0000
0.0000
0.0000
0.2287
0.2561
0.0000
0.0000
0.0000
0.0000
0.0000
0.5089
0.0000
0.0464
0.2192
1.3412
0.4608
0.0000
0.0000
0.6801
0.0000
1.4450
1.1801
0.3576
0.0000
0.0000
0.0000
0.0000
0.0000
0.0000
1.3819
0.0000
0.0000
0.0000
0.0000
0.0000
0.0000
0.0000
0.0000
2.3430
0.0000
1.8164
0.4790
0.0000
1.0801
0.0000
0.0000
0.0000
0.0000
0.0000
0.0000
0.0000
0.2192
0.0000
0.9753
0.0000
2.1617
0.7171
0.0000
0.0000
0.0346
0.0000
0.0508
0.0000
0.0000
0.0000
0.0000
0.0000
0.9080
0.0000
0.0000
0.0000
0.0000
0.5312
0.0000
0.6466
0.0000
0.0000
0.3052
0.0000
0.0000
0.0000
0.0000
0.0000
0.0000
1.2771
0.0883
0.0000
2.0448
0.0000
0.6606
2.4577
1.0096
0.0000
0.6433
0.0000
0.0000
0.4163
0.0000
2.0755
0.0000
0.0000
0.3170
0.0000
0.0000
0.0000
0.6474
0.0000
2.2032
0.0000
1.5360
0.0000
0.0000
0.7740
2.9731
1.5390
0.0000
0.0000
0.0000
0.0000
0.9570
2.7618
0.0000
0.0000
0.0000
0.0000
0.0000
0.0000
0.0000
1.1855
0.0000
0.0000
1.8475
0.0000
1.3060
0.0000
0.0000
0.8475
0.0000
3.7256
0.0000
0.0000
0.5554
0.0000
0.0000
2.2091
0.0000
0.9067
0.6319
0.0000
0.0000
0.0000
0.0000
0.0000
0.0000
0.1794
0.0000
0.0000
0.0000
0.0000
0.0000
2.6732
0.0000
0.0000
0.0000
0.2082
0.0000
0.8704
1.0876
1.2057
0.0000
0.0000
0.0000
0.0000
0.0000
0.0000
0.0000
2.6946
0.0000
0.0000
2.1412
0.0000
0.0000
0.4592
0.0000
0.0000
0.0000
0.0000
2.1876
0.0000
0.0000
0.0400
0.0000
1.8994
0.6761
2.7919
0.6122
0.0000
0.0437
0.0000
0.0000
0.0000
0.0000
0.5819
1.0146
0.0000
0.0000
0.0000
0.0000
0.0000
0.0000
0.0000
0.0000
0.0000
0.0000
0.0812
0.0000
0.0000
0.0000
1.7289
0.0000
0.0000
2.2898
0.5453
0.6262
0.0000
2.9861
0.3337
1.2843
0.0000
0.4777
0.0000
0.0000
0.0000
0.0000
0.0000
0.0000
0.0486
0.0000
0.3403
0.3205
0.0000
0.0000
0.0000
0.0000
0.0369
0.0000
0.0000
0.0000
0.1745
0.0000
0.0000
0.0000
0.2461
0.0000
0.0000
0.0000
2.0392
0.0000
0.0000
0.0000
0.8745
0.0000
0.0000
0.0000
0.0000
0.0000
0.0000
0.0000
0.0000
0.0000
0.0000
0.0000
0.0000
0.0000
0.0000
0.0000
0.0000
0.0000
1.4554
0.0885
0.0000
0.0000
0.0000
0.0000
0.1559
0.0434
0.0000
0.0000
0.0000
0.0000
0.0000
0.0000
0.0000
0.0000
0.0000
0.0000
0.3383
2.1256
0.0000
0.0000
0.0000
0.0000
0.0000
0.0000
0.0000
2.9933
0.0000
0.2721
0.0000
0.0000
0.0000
0.2040
1.7057
0.0905
0.0000
0.0000
0.6936
0.0000
1.6650
0.0000
1.0025
0.0000
0.0000
0.0000
0.0000
0.0000
0.0000
2.5314
0.5696
0.0000
0.1753
0.0000
0.1469
0.0000
0.0000
0.0000
0.0000
0.0000
0.0000
0.0000
0.0000
0.0000
0.0000
0.0000
0.6374
0.0000
0.0000
0.0000
0.6753
0.0000
0.9130
0.0000
0.0000
0.0000
0.6208
0.0000
1.4386
0.0000
0.0000
0.3273
0.4974
0.0000
1.3831
0.8667
0.0000
0.0000
0.0000
0.0000
0.0000
0.0000
0.1295
0.0000
0.0000
0.0000
0.0000
0.0000
0.0000
0.0000
0.0000
0.0000
0.0000
0.0000
0.0000
0.0000
0.9132
0.0000
0.0000
0.0000
0.0000
0.0000
0.0000
0.3125
0.0000
0.0000
0.0000
0.6367
0.0000
0.0000
0.0957
0.0000
0.0000
0.0000
0.0000
1.5821
0.0000
0.6533
0.0000
0.0000
1.1102
0.0000
0.0000
0.0000
0.0000
0.0000
0.0000
0.0000
0.3512
0.0000
0.0000
0.5510
0.0000
1.7133
0.0000
3.0789
0.0000
0.0000
0.0000
0.0000
0.0000
0.0000
0.0000
0.4533
0.0000
0.0000
0.0000
0.0000
0.0000
0.0000
0.0000
0.0000
0.0000
0.6355
0.0000
0.0000
1.1507
0.0574
0.0820
2.0913
0.0000
0.0000
0.0000
0.0000
0.7188
0.3189
0.0000
0.0000
1.0532
2.0030
1.7153
0.0000
0.0000
1.2192
0.0000
0.0000
0.0000
0.0000
0.0000
0.0000
2.2845
0.0000
0.0000
0.0000
0.2583
0.0000
1.2754
0.0000
1.6883
0.0000
0.0000
0.0000
2.1002
0.0000
1.3763
0.5111
0.0000
0.0000
0.0000
0.0000
0.0000
1.7122
0.0000
1.1667
0.7413
0.3934
0.2182
0.0000
1.1146
0.3788
1.3686
0.0000
0.0000
0.0000
0.0000
0.0000
0.2641
3.4807
0.0000
0.0000
0.0000
0.0000
0.0000
0.0000
2.0437
0.4273
0.3829
0.0000
0.0000
0.2660
0.0000
1.0758
1.9797
0.0000
0.0000
0.0000
0.0000
2.6912
0.6513
0.0000
0.0000
0.0000
0.0000
0.0000
0.7674
0.0000
0.0000
2.4282
0.0000
0.0000
0.0000
0.0000
1.8611
0.0133
0.0000
0.0000
0.0000
0.0000
0.2344
1.3157
0.0000
0.1241
0.0000
1.3212
0.0000
0.0000
4.1538
0.0928
0.7057
0.0000
1.4642
0.2158
0.0000
0.0000
0.0000
0.0000
0.0000
0.0000
4.7339
0.0000
0.0000
0.0000
0.0000
0.0000
0.0000
0.0000
0.1821
0.0000
0.0000
0.0000
0.0000
0.0000
0.0000
0.0000
1.9783
3.7374
0.0000
0.0000
0.0000
0.0000
0.1185
0.0000
0.0000
0.0000
0.0000
0.0617
1.1468
0.5406
0.0000
1.0844
0.0000
0.0000
0.0000
0.0000
0.0000
0.6388
0.7875
0.0000
0.0583
0.0000
0.0000
0.0000
0.6431
0.0000
3.2147
0.0000
1.6516
0.0000
0.0000
0.0000
0.0000
0.2017
0.0000
0.0000
0.0000
0.8288
0.0000
0.0000
0.0000
0.0000
1.6810
0.0000
1.8455
0.3220
0.2729
0.0000
0.5689
0.0000
0.0000
0.0000
0.0000
2.4937
0.0000
1.1145
0.7715
0.0000
0.4689
0.0000
0.0000
0.0000
0.0000
0.0000
1.7157
3.0526
0.0000
1.2095
1.4153
0.0000
0.6757
0.0000
0.0000
0.0000
0.0000
0.0000
0.4687
0.1017
0.0000
0.0000
0.0000
0.1435
0.0000
0.0000
0.0000
0.0000
0.0000
0.0000
0.0000
0.0000
0.6848
0.0000
0.0000
3.8325
0.0000
0.0000
0.0000
0.0000
0.8442
0.7014
0.0000
0.1820
0.0000
0.0000
0.0000
0.0000
0.0000
0.4337
1.9705
0.0316
0.5845
0.0000
0.0000
0.6676
0.0000
0.4795
0.0000
0.0000
0.0000
2.2919
0.0000
1.6272
0.0000
0.0000
0.0000
0.4700
1.2006
0.0000
0.0000
0.0000
0.0000
0.0000
0.0000
0.0000
0.1547
2.0757
0.0000
0.0000
0.8463
2.0289
0.4055
0.0000
0.0000
0.5127
0.9224
0.0000
0.0000
0.0000
0.0000
0.0000
0.0934
0.0000
0.0000
0.0000
0.6606
0.0000
0.8207
1.4231
0.0000
0.0000
0.0000
0.0000
2.7875
0.0000
0.0000
0.2790
0.0000
0.0000
1.7234
2.4535
0.0000
0.0000
0.7653
2.1631
0.4029
0.0000
0.0422
0.0000
0.0000
0.0000
0.0000
1.8330
0.0000
0.0000
0.0000
0.0000
0.0000
1.6232
0.0000
0.0000
0.1119
0.0000
0.0000
0.0000
0.0000
0.0000
0.6373
0.0000
0.0000
0.0000
0.0000
2.3114
0.0000
1.6863
0.0000
0.0000
0.0000
0.0000
0.0000
0.0884
0.0000
0.0000
0.0719
0.0000
0.0000
1.4482
0.0000
0.0000
0.0000
0.0000
0.0000
1.7474
0.6594
0.0000
0.0000
0.0005
0.0000
0.0000
0.2535
0.0000
1.7095
0.0000
0.0000
0.0000
0.0000
0.8174
0.0000
0.4858
0.1677
0.6862
0.0000
0.0000
0.0000
0.0000
0.0000
1.1375
0.0000
0.9718
0.0000
0.7835
0.8814
0.0000
0.0000
1.9289
0.0000
0.0000
0.0000
0.0000
0.0000
0.0000
0.5817
0.0000
0.0000
0.0000
0.0000
1.1428
0.7448
0.0000
0.0000
0.0000
0.0000
0.0000
1.6805
0.0000
0.0000
0.0000
0.2506
0.0000
0.0000
0.0000
0.0000
0.0000
0.2210
0.0000
0.0000
0.6231
0.0000
0.0000
2.3631
0.0000
0.0000
4.1992
0.4738
0.0000
0.5537
0.0000
0.0049
0.0000
0.0000
0.0000
0.0000
0.0000
2.3025
2.5974
0.4281
0.0000
1.7970
0.0000
1.1971
0.0000
0.8710
0.7572
0.0000
0.0000
0.0000
0.0000
2.4730
0.0000
0.0000
1.3098
0.1781
0.0000
0.0000
0.5824
0.0000
1.3565
0.5024
0.0000
0.0000
0.0000
0.0000
1.0719
1.0827
0.4442
0.0000
0.0000
0.0000
0.0000
0.0000
0.0000
0.0000
0.0000
0.0000
0.0000
0.0000
0.0000
0.0000
0.0000
0.0571
0.0000
0.0000
0.0000
0.0000
0.0000
0.0000
0.8333
0.0000
0.0000
0.0000
0.0000
0.0000
0.0000
2.1437
0.7083
0.0000
0.0000
0.0000
1.8116
0.9230
0.8191
0.0000
0.0000
0.0404
1.2317
0.0000
0.0000
0.0000
3.4510
2.3014
0.0000
0.0000
0.0000
0.0000
0.0000
0.5023
0.2116
1.4274
0.0000
0.0000
0.2150
2.7394
0.0000
0.0000
0.0000
0.0000
0.0000
0.0000
3.4922
0.0000
0.0000
0.0000
0.0000
0.8161
0.3769
0.0000
0.6944
0.0000
0.0000
0.0000
0.3965
0.0000
0.0000
0.0000
0.0000
0.0000
0.0000
3.4486
0.0000
2.2157
0.0000
0.0000
3.1180
0.0000
0.6137
0.0000
2.1851
0.0000
1.0309
0.9712
0.0000
0.0000
0.0000
0.0000
0.0000
0.0000
0.4662
0.0000
0.0000
0.0000
0.0000
0.4503
0.0000
1.5911
0.0000
0.0000
0.0000
1.3293
0.0000
0.0000
0.0000
0.0000
0.0000
1.2694
0.0000
0.0000
0.9009
1.0241
0.0000
0.0000
1.0920
0.0000
5.3139
0.0171
1.9919
0.0000
2.9305
0.0000
0.0000
0.0000
0.0000
0.0000
0.0000
0.0000
0.4031
1.3793
1.9551
3.0831
0.0000
0.0000
0.5784
0.0000
0.0000
0.0000
0.0000
0.0000
1.8311
0.0000
0.0000
1.9276
0.0000
0.0000
0.0000
1.7811
1.0532
0.0000
0.0000
0.0000
0.0000
0.2744
1.5106
1.8958
1.5312
0.0000
0.0000
0.4590
1.1324
1.9276
0.3430
0.0000
0.0000
0.0000
0.0000
0.9783
0.0000
0.0000
0.0000
0.0000
0.0000
0.2158
0.0000
0.4312
0.0000
0.0000
0.0000
0.3290
1.9062
2.5868
0.0000
0.0000
0.1706
1.1302
0.0000
1.0538
0.0000
0.0000
0.0000
0.0000
0.0000
0.0000
0.0000
0.2785
0.0000
3.6119
0.3263
1.4716
0.0000
0.0000
0.9062
0.3679
2.4383
0.0000
0.1788
0.0000
0.2076
0.2836
0.1650
0.0000
0.0000
0.0000
0.0000
0.0000
0.0000
0.0000
0.4344
0.3286
0.0000
0.0000
0.0000
0.0000
0.0000
4.1774
0.0000
0.1582
0.0000
1.2149
0.0000
0.0000
0.0000
0.0000
1.5174
0.0000
0.7047
0.7043
0.0000
2.7491
0.0000
0.6325
0.0000
1.6575
2.3849
0.0000
0.0000
0.0000
0.0000
0.0000
0.0000
0.0000
0.0000
0.0000
0.0000
0.0000
0.0000
0.0000
0.0000
0.0000
0.2007
0.0000
0.8073
0.0000
0.0540
0.0000
0.0000
0.1690
1.9979
2.9290
0.0000
0.0000
0.0000
0.0000
1.7439
0.0000
0.0000
0.0000
0.0000
0.7143
0.0000
4.2829
0.7787
0.0000
3.9282
0.0000
1.6719
0.1959
0.0000
1.5959
0.0000
0.0000
0.0000
0.0000
0.0000
0.0000
0.0000
0.7261
1.2746
0.0000
0.0000
0.0000
0.3827
0.0000
0.0000
1.7803
0.0000
0.9550
0.0000
0.0000
1.7315
0.0000
