0.0000
0.0000
0.0000
0.0000
0.0000
0.3022
0.0000
0.0000
0.0000
3.4462
1.2921
0.0000
0.5193
0.0000
0.0000
0.0000
0.0000
0.0000
0.0000
0.0000
0.0000
0.0000
2.3608
0.0000
1.0301
0.2650
0.0000
0.9580
0.0000
0.0000
0.0000
0.0000
0.7334
0.0000
0.2851
0.0000
0.0000
0.2054
2.5221
2.7269
0.0000
0.3643
0.0000
0.0000
0.0000
0.0000
0.0000
0.0000
0.2708
0.0000
0.0000
0.0000
0.0000
0.0000
0.0000
0.0000
1.1337
1.8405
0.0000
0.0000
0.0000
1.8253
0.0000
0.1870
0.0000
0.0000
0.0000
0.0000
0.0000
0.0000
0.0000
2.5629
0.0000
0.0000
0.0000
1.0502
0.0000
0.0000
0.0000
0.0000
0.0000
0.0000
0.0000
0.0000
0.0000
0.0000
0.5072
1.8001
2.9270
0.0000
0.1778
0.0000
0.0309
2.1374
0.0000
0.0000
0.0000
0.0000
3.9704
0.0000
0.0000
0.0000
1.0972
0.0000
0.0000
0.0000
0.0000
0.2382
0.0000
4.3159
0.0000
0.0000
0.0000
0.0000
0.0000
0.0000
0.0000
0.0000
0.0000
0.0000
0.7360
1.3197
1.1543
0.0000
0.0000
0.0000
0.0000
0.5323
0.0000
0.0000
0.0000
0.0000
1.0592
0.0000
2.6071
0.0000
0.5827
2.2974
0.0000
3.5897
1.9834
0.0000
1.0249
0.8688
3.0939
0.0000
0.7574
1.7680
1.1642
0.0000
0.0000
1.4375
0.2322
0.2449
0.0000
0.0000
0.0000
0.0377
0.0000
0.0000
0.6465
0.0000
0.0000
0.0000
0.0000
0.8693
0.0000
1.2201
0.0000
1.7615
0.0000
0.0000
0.0000
0.0000
0.0000
0.0000
0.0000
0.0000
0.0000
5.9795
0.0202
2.8330
0.0000
0.0000
0.0000
0.0000
0.8815
0.7156
0.8748
1.1223
0.8295
0.0000
0.0000
0.2794
1.7609
0.0000
0.0000
0.0000
1.0933
3.0112
0.0000
0.0000
0.4132
0.0000
0.0000
0.0000
0.0000
0.0000
0.0000
0.0000
0.0000
0.0000
0.0000
0.8676
0.0000
0.0000
0.0000
0.0000
0.0000
0.0000
0.0000
0.0000
0.0000
0.0000
0.8947
0.0000
0.0000
0.0000
0.0000
0.6807
0.0000
0.5462
0.0000
0.0000
2.1898
0.0000
1.1349
0.0000
0.3980
0.0000
0.0000
0.0000
0.0000
0.0000
0.0000
0.2984
0.0000
0.0000
0.0000
0.0000
0.0000
0.0000
0.0000
0.4620
0.0000
0.4974
0.0000
0.0000
1.3699
0.0000
0.0000
0.0000
0.0000
0.0000
0.0000
0.0000
0.4170
0.0000
0.0000
0.3367
1.1850
0.6183
0.0000
1.4626
0.0000
0.0000
0.0000
1.3701
1.0712
0.0000
4.1370
0.0000
1.2772
0.0000
0.0000
0.3052
0.0000
0.0000
0.0000
0.0000
0.0000
0.0000
0.0000
0.1140
3.4421
0.0000
0.0000
0.9880
0.0000
2.5974
0.0000
0.0000
0.0000
0.0000
0.0000
0.0000
0.0000
0.0000
0.0000
0.0000
0.0000
1.4672
0.0000
0.7045
1.1551
0.0000
0.0000
0.0000
0.0000
1.1730
0.5711
3.0977
0.0000
1.0766
0.0000
1.8662
0.0000
0.5909
0.0000
1.2687
0.0000
0.0000
0.0000
0.0000
0.0000
2.2681
2.1081
0.0000
0.0000
2.1672
0.0000
0.0000
0.0000
0.0000
0.0000
5.0255
0.0000
0.3401
0.0000
0.0000
0.0000
2.2191
0.0000
0.0000
0.7538
2.4535
0.7679
0.0000
0.2733
0.0000
0.0000
0.0000
0.0000
0.0000
0.0000
0.0000
0.0000
1.5767
0.4199
0.0000
0.0000
1.3665
0.0000
0.0000
1.4620
0.0000
0.0000
1.8067
0.0000
0.0000
2.3292
0.0000
0.6265
0.0000
0.0000
0.0000
1.5748
0.0000
0.0000
0.0000
3.2890
0.0000
0.0000
0.0000
0.0000
1.2091
0.0000
0.0000
0.0000
0.0000
0.0000
0.0000
0.0000
0.0000
0.0000
1.0445
0.0000
0.0000
1.3960
0.0000
0.0000
0.0000
0.0000
4.5373
0.0000
1.7396
0.0000
0.0000
0.4203
0.0000
1.2068
0.0000
0.2724
0.0000
0.0000
0.0000
0.2921
1.0685
0.0000
0.0000
0.0000
0.0000
0.0000
0.0000
0.0000
0.0000
1.1859
0.0000
1.4141
0.0000
2.7232
0.0000
0.5490
0.0000
3.1218
0.7142
0.0737
0.6913
0.7219
0.1209
0.0000
0.0000
0.0000
0.0000
0.3004
0.0000
0.0000
2.0650
0.3079
0.0000
0.0000
0.7524
0.3641
0.0000
0.0034
0.0000
0.0000
0.0000
0.0000
0.0000
0.0000
1.0905
0.0928
0.4697
0.0000
1.8878
1.8605
0.0000
0.4122
0.0000
0.4210
0.0000
1.1160
1.0898
1.2146
1.2425
0.5500
0.6400
0.0000
1.9316
0.0000
0.0000
0.0000
0.0000
2.9100
0.0000
0.0000
0.0000
0.0000
0.0000
0.0000
0.0000
2.2459
0.0000
0.1155
0.0000
0.0728
0.0000
0.0000
0.9950
0.4475
1.0571
0.0000
0.9116
0.0000
0.0000
0.0325
0.0000
6.6842
0.0000
2.1208
1.4130
0.0000
0.0168
0.0000
0.0000
1.0784
0.0000
0.0000
0.8930
2.1560
0.3685
1.7332
0.0000
0.0000
2.3910
0.0000
0.0000
1.5949
0.0000
0.0000
0.1477
0.0000
0.0000
0.0000
0.0000
0.0000
0.3723
0.2707
0.0000
0.0000
2.9420
0.0000
0.0000
0.0000
0.0000
0.0000
0.0000
0.0000
0.0000
1.2672
0.8626
0.0000
0.0000
0.0000
1.2501
0.0000
0.0000
0.0000
0.0000
0.0000
0.0000
0.0000
0.0000
0.0000
0.0000
0.0000
0.0000
0.0000
0.0529
0.0000
0.0000
0.0000
0.0000
0.0000
0.0000
0.6937
1.5741
2.2555
0.0000
0.0000
0.0000
0.0000
0.0000
0.0000
0.0000
0.0000
0.0000
2.7900
0.7711
0.0000
2.4994
0.0000
0.0000
0.0000
0.0000
1.7252
0.0000
0.0000
0.0000
0.1235
0.0000
0.0000
3.4931
0.0000
0.7516
0.0000
0.0000
0.1533
0.0000
2.6709
0.0000
0.0000
0.0000
0.0000
1.3718
0.0000
0.7173
0.0000
0.0000
0.0000
0.0000
0.0000
0.0000
1.9615
1.8761
0.0000
0.0000
0.0000
0.0000
0.0000
0.0000
0.0000
0.0000
1.3036
0.0000
0.0000
0.0000
0.1890
0.0000
0.4067
0.0000
0.0540
0.0000
0.0000
0.0000
0.0000
0.0000
0.0000
0.0000
0.0000
1.9729
1.5616
0.0000
0.0000
0.0000
0.0000
0.0000
0.0000
0.0000
0.1378
0.0000
0.0000
0.0000
0.0000
0.0000
0.0000
0.0000
0.0000
0.0000
0.0000
0.0000
0.0000
0.0000
0.0000
1.3021
0.0000
0.0000
0.0000
2.0910
0.0000
0.0000
2.4961
0.0000
0.0000
0.0000
0.0000
0.0000
0.0000
0.0000
1.8502
0.0000
1.1697
1.0740
0.0000
0.2175
0.0000
0.0000
0.8566
0.5591
0.0000
4.4001
0.0000
0.0000
0.0000
0.0000
0.0000
0.0000
0.0000
0.0000
0.0000
0.0000
1.2693
0.4030
0.0000
0.0000
0.7854
0.0000
0.0000
0.5772
0.0000
0.0000
0.0000
2.7258
0.0000
0.0000
0.0000
0.9625
0.0000
3.8356
0.2329
0.0000
0.0000
1.2815
0.0000
0.0000
1.0522
0.5985
0.7991
0.0000
0.5387
0.0000
0.0000
0.0000
0.0000
0.0000
1.1534
0.0000
0.0000
0.0000
0.2488
0.0000
1.1955
0.0000
0.0000
0.3401
0.0000
0.0226
0.0000
0.0000
0.5422
0.0098
0.0000
0.0000
0.0000
0.0000
0.0000
0.0000
0.2012
0.4869
0.0000
0.0000
0.0000
0.0000
0.0000
0.0000
0.6598
0.9679
0.0000
0.0000
0.0000
0.0000
1.4441
0.0000
0.0000
0.0000
0.0000
0.0000
0.0000
0.0000
0.0000
0.0000
3.6723
0.0000
0.0000
0.0000
0.0000
0.0000
0.0000
0.0000
0.0000
0.0000
0.0000
0.0000
0.0000
0.0000
1.1085
0.0000
0.0000
1.0631
1.5806
0.0000
0.0872
0.0000
0.0000
0.0000
0.0000
0.0000
0.0000
0.1560
1.0134
0.0000
0.0000
0.0000
0.0000
0.0000
0.1464
0.0000
0.0000
0.0000
0.0000
0.0000
0.0000
1.9919
0.0000
0.0000
0.0000
0.0000
1.2478
0.0000
0.0000
0.0244
0.0000
0.4123
0.0000
0.0000
0.0000
0.0000
0.0000
0.7241
0.1788
0.3914
0.0000
2.8051
0.0000
0.0000
1.5816
0.0000
0.0000
0.0000
0.0000
0.0000
2.0300
0.0000
0.0000
0.0000
0.0000
2.7081
0.0000
0.0000
0.0000
0.0000
0.0000
0.0000
0.0000
0.0000
0.8308
0.0000
0.0000
0.0000
0.8950
0.0000
0.7777
0.0000
0.0000
0.0000
0.0000
0.0000
0.5714
0.0000
0.0000
0.0000
0.0000
0.0000
0.0000
0.0000
0.0000
0.0000
0.0000
0.4623
0.0000
0.0000
3.1748
0.0000
0.0000
0.7779
0.0000
0.0708
0.0000
0.0000
0.0000
0.0000
1.0785
0.0809
0.0000
1.5868
0.2890
0.2965
0.0000
0.0000
0.0000
0.0000
0.6199
0.7948
0.0000
1.4571
0.0000
0.0000
0.0000
0.0000
1.1128
0.0000
0.0000
0.0000
1.5824
2.7752
0.0000
0.0000
0.0000
5.9574
0.0000
0.5444
0.0000
0.0000
0.0000
0.0000
1.2067
0.0000
0.0000
0.0000
0.0000
0.0000
0.0000
0.5918
0.2585
0.0000
0.0000
0.8381
1.6839
0.0000
2.3338
0.7174
0.0274
0.0000
0.0000
0.0000
0.0000
0.0000
0.5709
0.0000
0.0000
1.5656
0.0000
0.0000
2.9728
1.0723
0.0809
0.0000
0.0000
0.0000
0.0000
0.0000
0.0000
0.0000
0.0000
0.2187
0.0000
0.0000
0.0000
3.0249
0.7762
0.0000
0.0000
0.8670
0.0000
1.5916
0.0000
0.0000
0.0000
3.2938
0.0000
3.2750
0.0000
2.3012
0.0000
0.0000
0.0000
0.8643
0.0000
0.7332
0.0000
2.0920
0.0000
0.0000
0.0000
0.2689
1.0487
0.0000
0.0000
0.4187
0.6924
0.0000
0.8958
0.3731
1.4921
0.0000
0.5833
0.0000
2.6663
0.0000
0.0000
0.2891
0.0000
0.0000
0.0000
0.0000
1.5444
0.0000
0.0000
0.0000
1.6700
0.0000
0.0000
0.0000
0.0000
0.0000
0.0000
0.0000
0.0000
0.0000
3.3044
0.0000
2.5222
0.0000
0.9227
1.6644
0.2282
0.2615
0.0000
0.0000
1.1838
0.0000
0.0000
0.4811
0.0000
0.0000
0.5326
0.0000
0.0000
0.9447
0.0000
0.0000
0.0000
0.0000
0.0000
1.2075
0.0000
1.4629
0.0000
0.0000
0.0000
2.0926
0.0000
0.0000
0.4027
0.0000
0.0000
0.3197
0.0000
0.5080
0.0000
0.9715
0.0000
1.3044
0.0000
0.0000
0.0000
0.0000
0.0000
0.0000
0.0000
0.0000
1.2471
0.0000
0.1714
0.0000
0.6274
0.0000
0.0000
0.0000
0.0000
0.0000
0.0000
0.0000
0.7418
0.0000
0.0000
0.0000
0.0000
0.4166
0.0000
0.6729
0.0000
0.0000
0.0000
0.0000
0.0000
0.0000
0.0000
0.0000
1.5539
0.0000
0.0000
0.0000
1.5773
1.4179
1.5133
0.0000
0.0000
0.0000
0.4719
1.6113
0.0000
0.0000
0.0000
0.0000
1.8334
0.0000
0.0000
0.0000
0.0000
0.0694
0.0000
0.0000
0.0000
0.0000
2.4707
0.3836
0.0000
0.0000
2.2459
0.2288
0.0000
1.4020
3.2771
1.4790
0.0000
0.0000
0.0000
0.0000
0.0000
2.3851
0.0000
0.0000
0.0000
0.0254
0.0000
0.0000
0.3350
0.0000
1.5909
0.0000
0.0000
0.0000
1.2250
0.0000
0.0000
0.0000
0.0000
0.0000
3.3624
1.0963
0.0000
0.0000
0.0000
0.0000
0.0159
0.0000
0.0000
0.0000
3.1391
0.0000
1.9135
0.0000
0.7342
0.0000
0.0000
0.0000
0.0000
0.0000
0.0000
0.0000
0.0000
5.2238
0.0000
0.0000
0.0000
0.0000
0.0000
0.0000
0.0000
0.0000
0.0000
0.0000
0.0000
0.0000
1.0377
0.0000
0.0000
0.0000
0.0000
0.0000
0.0000
0.0000
1.1529
0.0000
0.0000
0.0000
2.4531
0.4081
0.0000
0.0000
2.8458
0.0000
0.0000
0.0000
0.0000
2.8056
0.8870
0.0000
0.0000
0.0000
0.0000
0.3466
0.0000
0.0000
0.0000
0.0000
0.0000
0.0000
0.0000
1.6339
2.9251
0.0000
0.0000
0.3454
1.0554
0.0000
1.7084
0.3719
0.0000
0.0000
0.0000
0.0000
0.0000
0.9368
2.4947
0.0000
0.0000
0.2865
0.0000
0.6901
0.7008
0.0000
0.0000
0.0785
0.7725
0.0000
0.0000
0.0000
0.0000
0.0000
0.5284
0.0000
0.0000
0.3603
0.0000
0.0000
0.0000
0.0000
0.0000
0.0000
0.6649
0.0000
0.7432
0.7717
0.0000
0.0000
0.0000
0.3935
0.0000
0.0000
0.0000
0.0000
1.4358
0.1768
0.0000
0.0000
0.0000
0.0000
0.0000
0.0000
0.0000
0.6383
0.2951
0.7135
0.0000
0.5280
0.0000
0.0000
0.0000
0.0000
0.0000
0.0000
0.0000
0.0000
0.0000
0.0000
0.0000
0.0000
0.0000
0.0000
0.0000
0.0000
0.0000
0.0000
0.0000
0.0000
0.0000
0.0000
0.0000
0.0000
0.5439
0.0000
0.0000
0.0000
0.1523
0.0000
1.9026
3.3440
0.0000
1.2067
0.0000
0.0000
0.0000
0.0000
0.0000
0.0000
1.1103
0.0000
0.0000
0.0000
0.8475
1.5696
0.3709
0.0000
0.0000
1.6416
0.0000
0.0000
3.9048
0.0000
0.7470
0.0000
0.0000
0.5628
0.2214
2.2664
2.1498
4.3096
0.0000
0.0000
0.0000
0.0000
0.0000
0.0000
0.0000
0.0000
0.0000
0.0000
0.0000
0.0000
0.0000
0.2243
0.0000
0.0000
0.0000
2.6025
0.0000
1.6275
0.0000
2.1554
0.0000
0.0000
0.2698
0.8508
0.0000
4.2239
0.0000
0.0000
1.7534
1.2800
0.0000
1.4271
0.0000
0.0000
0.0000
0.0000
0.0000
0.0000
0.0000
0.2510
0.0000
0.0000
0.0000
0.6641
0.5679
1.5856
0.0000
2.6745
0.0000
0.0000
0.0000
0.0000
0.0000
0.0000
0.0000
0.0000
0.0000
0.0000
0.0169
0.0000
0.7832
0.0970
0.0000
0.0000
0.0000
0.4798
0.0000
0.0000
0.0000
0.0000
0.0000
0.0000
0.0000
0.0000
1.5172
0.0000
0.0000
0.0000
0.0000
0.0000
0.0000
0.2770
0.0000
1.4331
3.9243
1.8056
0.0000
2.8264
0.0000
0.0000
0.0000
0.7013
0.0000
0.6752
0.6585
0.0000
0.0000
0.3131
0.0000
0.0000
0.9906
0.1977
0.0000
0.0000
0.0000
0.0000
0.0000
0.0000
0.0000
0.0000
2.9475
0.2571
0.0000
0.0000
0.0000
0.0000
0.0000
1.9067
1.0949
0.6646
1.1020
0.0000
0.0000
0.6445
0.0000
0.0000
0.3626
0.0000
0.0000
0.3437
0.1158
0.0000
0.0000
0.0000
0.0000
1.2259
0.4528
1.0764
0.0000
0.0000
0.0000
0.0000
0.0000
0.0000
0.0000
0.0000
0.0000
0.0000
0.0000
2.5344
0.0000
0.0000
0.0000
0.0000
1.1229
0.0000
0.0000
0.8059
0.0000
1.9891
0.0000
2.2702
0.0000
0.0000
0.0000
0.5071
2.0403
1.8268
0.0000
0.0000
0.0000
0.0000
0.0000
1.8644
0.0000
0.0000
0.0000
0.0000
0.0000
0.0000
0.0000
0.0000
0.0000
0.0000
0.4617
0.0000
0.0000
0.0000
0.4158
0.5547
0.2456
0.0000
1.6616
0.0000
0.0000
0.0000
0.0000
0.4559
0.8463
0.0000
0.6101
0.5459
0.0000
2.6417
0.0000
0.0000
0.0000
0.0000
0.0000
0.0000
0.0000
0.0000
0.0000
1.1296
0.0000
0.0000
0.0000
2.8289
0.0000
0.7418
3.0867
0.0000
0.0000
0.0000
0.0000
1.6665
0.0000
0.0000
0.0000
0.3958
0.8302
0.0000
0.0000
0.0000
0.0000
0.0000
0.0000
0.0000
0.0000
0.0000
0.0000
0.0000
0.0000
0.0000
2.1675
0.0000
1.1639
0.0000
1.0001
0.0000
0.0000
0.0000
0.0000
0.0000
0.6152
0.0000
1.1992
2.2758
1.9288
0.0000
0.0000
0.0000
1.4587
0.4690
0.2579
0.8975
0.0000
0.0000
0.8734
0.0000
0.3933
0.0000
0.0000
0.0000
2.3512
0.1473
0.0000
0.0000
0.0000
0.4585
0.0000
0.0000
0.0000
0.0000
0.0000
0.0000
0.8176
0.0000
0.0000
0.0000
0.0000
0.0000
0.0000
0.0000
0.0000
0.0000
0.4550
0.0000
0.0000
0.0000
0.0000
0.7222
0.9473
1.9531
0.0000
0.0000
0.0000
2.1069
0.0000
0.0000
0.0000
0.0000
0.0000
0.9565
3.1152
1.2650
0.0000
0.1449
0.0000
2.4228
0.0000
1.4048
0.0000
0.0000
0.7253
0.0000
0.0000
0.0000
0.0000
0.7071
0.0000
0.0000
0.8249
1.5954
0.4271
1.7815
0.0000
0.0000
0.0000
0.0000
0.0000
0.0000
0.0000
2.3271
0.0000
1.1649
3.3035
0.0000
0.0000
0.0000
0.2718
0.0000
1.1072
1.4386
1.5573
0.0000
1.1111
0.0000
1.4861
1.5389
0.0000
2.8380
0.8298
0.1434
2.3844
0.0000
0.0000
0.0000
0.0000
0.0000
0.9108
0.0000
1.8744
0.0000
0.0000
3.8445
0.0000
2.9649
0.0000
0.0000
0.0000
0.9963
0.0000
0.0000
1.4037
0.6134
0.0000
0.6317
2.4410
0.0000
2.7540
0.0000
0.0000
1.4079
0.0000
0.0000
0.0000
0.0000
1.2460
0.0000
0.0000
0.2916
1.1488
0.0000
0.0000
4.5761
0.0000
0.0000
1.2351
0.0000
1.6676
0.0709
0.0000
0.0000
0.0000
0.0000
0.0000
0.5734
0.0000
2.6586
0.0000
0.0000
0.0000
0.0000
2.5432
0.0000
3.1578
0.7545
1.1633
0.0000
0.0000
0.0000
0.0000
0.0000
0.0000
2.2900
0.0000
1.7541
0.0000
0.7431
0.0000
0.0000
0.3986
0.0000
0.0000
0.0000
0.0000
0.0000
0.6206
0.6639
0.0000
0.0000
0.0000
1.0315
0.0000
0.0000
0.0000
0.8835
0.3938
0.0000
0.0000
0.0000
0.0000
0.6430
0.0000
0.9485
0.0000
0.0000
0.0000
0.0000
0.0000
0.0000
0.0000
0.0000
0.0216
0.0000
1.9196
0.0000
0.0858
0.0000
1.8545
0.0000
0.0000
0.5251
0.0000
0.0000
0.0000
0.0000
0.0000
1.4191
0.0000
0.4685
0.0000
0.2518
0.0000
0.4177
0.0000
0.0000
0.0000
0.0000
0.0000
0.0000
1.9189
2.6150
0.0000
0.0000
0.0000
0.0940
0.0000
1.6387
0.0000
1.5258
0.0000
1.1531
0.0000
0.0000
0.0000
0.0000
1.2819
0.6979
0.0000
1.9098
1.0249
0.0000
0.0000
0.0000
3.5445
0.8037
0.9263
0.0000
0.0000
0.0000
0.0000
0.0000
0.3265
0.0000
1.7590
0.0000
0.6663
0.9684
0.0000
0.0000
0.0000
0.0000
0.0518
0.0000
0.0000
1.7172
0.0000
0.0000
0.3140
2.5072
0.0323
0.0000
0.0535
0.0000
0.0000
0.0000
0.0000
0.0000
2.2078
0.0000
0.0000
2.6020
1.7872
0.0000
0.0000
0.1592
1.7920
1.0989
0.0000
0.0000
0.3853
0.0000
0.0000
0.0000
0.0000
0.1705
0.0000
0.0000
0.0000
0.0000
0.1216
1.2710
0.0000
1.3291
0.0000
0.0666
0.0000
0.0000
1.2021
0.0000
0.0000
0.0000
2.2811
2.1598
0.0000
0.0000
0.1720
0.0000
0.0000
1.3639
0.0000
0.0000
0.0000
0.3670
0.0000
1.7944
1.1129
0.9923
0.0000
0.0000
0.0000
0.0000
4.4932
0.0000
0.0000
0.0000
0.0000
0.6757
0.0000
0.0000
0.0000
0.0000
0.0000
0.0000
0.0000
0.9207
0.0000
0.0000
0.7579
1.3621
0.0000
0.7094
0.0000
0.0000
0.0000
0.0386
0.0000
1.5030
0.0000
0.0000
0.4941
1.9133
0.0000
0.7590
0.0000
0.3016
0.0000
0.0000
0.0000
0.0000
0.0000
0.0000
0.0000
0.0000
0.1377
0.0000
3.8564
0.0000
0.4544
0.0000
0.0000
0.0000
0.0000
0.0000
2.7059
0.0000
0.0000
0.0000
0.0000
0.0000
0.0000
0.0000
0.0000
0.0000
0.0000
0.9646
0.0000
0.3233
0.0000
0.7139
0.0000
0.0000
0.3444
0.0000
0.0000
0.0000
0.0000
0.0000
0.0000
0.0000
0.0000
0.0000
0.8209
1.5801
0.0000
1.5263
0.7972
0.6512
0.0000
0.0000
0.0000
0.0000
0.0000
0.4660
0.0000
0.9720
0.0000
1.5290
0.0000
2.4730
0.0000
0.5076
0.0000
0.0000
0.0000
1.2439
0.0000
1.2481
2.1041
0.0000
0.4571
0.0000
0.0000
0.0000
0.0000
1.9395
0.0000
0.0000
0.0000
0.6750
0.0000
0.0000
0.0000
0.0000
0.0000
0.0000
0.0000
0.0000
0.0000
0.6959
0.9103
2.4068
1.4775
0.1640
0.4423
0.0000
1.9283
0.0000
0.0000
0.0000
0.0000
1.9894
1.8656
2.2755
0.0000
0.0000
0.0000
1.4864
0.6778
0.0000
0.0000
0.0000
0.0000
0.0000
0.0000
0.0000
0.0000
0.0000
0.0000
0.0000
1.3905
0.0000
0.0000
0.0692
0.0000
0.0000
0.0000
0.0000
0.0000
0.0000
0.2932
0.0000
0.0000
0.0000
0.0000
0.0000
0.0000
0.0000
0.0000
0.0000
0.0000
1.6840
0.0000
0.0000
0.0000
0.0000
0.0000
0.0000
0.0000
0.0000
0.0000
0.0000
0.7620
1.7468
0.5441
0.0000
0.0000
0.0000
3.0696
0.0000
0.0000
0.0000
1.4039
0.0000
0.0000
0.9316
0.0000
0.0000
0.0000
1.8811
2.0830
0.0000
0.7596
0.0000
0.0000
3.7284
0.0000
0.0000
0.0000
1.5516
0.0000
0.5527
1.0498
0.0000
0.9055
0.0000
0.0000
0.6948
0.0000
0.0000
0.0000
0.0000
1.1243
0.0000
0.0000
0.0000
0.0000
0.0000
0.0000
0.0000
0.2939
0.0000
0.0000
0.0000
0.0000
0.5796
0.0000
0.0000
0.0000
0.0000
0.1472
0.0000
0.0000
0.9947
0.0000
0.0000
0.0478
0.0000
1.4222
0.0000
0.0000
1.7170
0.0000
0.0460
0.5724
0.8321
0.0000
0.0000
0.0946
1.3754
0.0000
0.1668
0.0000
0.0000
0.0000
1.1040
0.0000
0.0000
0.0000
0.0000
0.0000
0.0000
0.0000
0.0000
0.0000
0.0000
0.0000
0.5010
1.4849
0.0000
0.0000
0.1796
1.7305
0.0000
0.0000
0.0000
0.6250
0.0000
0.0000
0.0000
0.0000
2.6224
0.6638
0.0000
0.0000
0.0000
1.8559
4.6938
0.0000
0.0000
1.3491
0.0000
0.0000
0.0000
0.0000
0.0000
0.0000
0.0000
0.0000
0.0000
0.0000
0.0000
0.0000
0.0000
0.0000
0.0000
0.0000
0.0000
1.6248
0.0000
0.0000
0.0000
1.4462
0.0000
2.2501
0.0000
0.4201
0.5693
0.0000
0.6194
0.7446
0.0000
0.0000
0.0000
1.4629
0.0000
0.2842
0.0000
2.0732
0.0000
0.0000
0.6994
0.0000
0.0000
0.0000
0.0000
0.0000
1.3364
0.0000
0.0000
1.8519
0.0000
0.3487
0.0000
0.0000
0.2545
0.0000
0.0000
0.0000
0.0000
0.0000
0.0000
1.6294
0.4247
0.4278
0.4551
0.0000
0.0000
0.0000
0.0000
0.0000
0.0000
0.0000
1.9903
0.0000
0.0000
0.0000
0.0000
0.0350
0.2724
0.0000
2.9445
0.0000
0.0000
1.3991
0.1484
0.0000
0.0000
0.0000
0.3906
0.0000
2.0974
0.0000
0.0000
0.3165
0.0000
0.0000
0.6240
0.0000
0.0000
0.0000
0.0000
0.0000
0.0000
0.0000
0.0000
0.2953
0.0000
0.0000
0.0000
0.0000
0.0000
0.0000
2.9484
0.0000
0.6031
0.0000
0.6355
0.0000
1.9751
1.2331
0.0000
0.1178
1.2652
1.8071
0.0000
0.0000
0.0000
0.0000
0.5568
0.0000
0.0000
3.4292
0.0053
0.0000
0.0000
0.0000
3.2134
0.0000
0.3875
0.0000
0.0000
0.0000
0.0000
0.0000
0.0000
0.0000
0.0000
0.0000
0.0000
0.0000
0.1747
0.0423
0.0000
0.0000
1.1610
0.0000
0.0000
0.0000
0.1237
0.0000
0.0000
0.0000
0.0000
0.7882
0.0000
1.4835
0.6388
0.0000
0.0000
1.8785
0.0000
0.7916
0.0000
0.0000
0.8656
0.0000
0.4271
1.0666
2.3011
0.0000
0.3061
0.0000
0.0000
0.0000
0.0000
0.0000
0.0000
0.0000
0.6914
0.2038
0.0000
0.0000
0.6421
0.4751
0.0000
1.1456
0.0000
0.0000
0.9852
0.0000
0.0000
0.0000
0.0000
0.0000
0.8717
0.7428
0.0000
0.0000
0.0000
0.0000
0.0000
1.0108
0.0000
1.0922
0.0000
0.0000
2.2021
0.0000
0.0000
0.0000
0.0000
0.1704
0.0000
0.4772
2.1877
0.0000
0.0000
0.0000
0.0000
0.0000
0.0000
0.0000
0.3404
0.0000
1.8526
0.0000
0.0000
1.4952
0.0000
1.6422
0.0000
0.0000
0.0000
0.0000
0.0000
0.0000
0.5543
0.7549
1.9584
0.0000
3.9115
0.0000
0.0000
0.0000
0.0000
1.6282
0.0000
1.2929
0.6543
0.0000
0.0000
0.0000
0.0000
0.6816
0.0000
0.0000
1.8453
0.0000
0.0000
0.0000
1.5263
0.8042
0.0000
0.0000
2.5650
0.0000
0.0000
0.0000
1.8275
1.1384
0.8960
0.0000
0.0000
0.0000
0.0000
0.0000
0.0000
1.5323
3.4554
2.9704
0.0000
0.7898
1.7906
0.4481
0.0000
0.0000
0.0000
0.0000
0.0000
1.4906
0.0000
0.0000
1.5621
0.0000
0.0000
0.0000
0.0000
0.0968
0.0000
0.0000
0.9585
0.0000
0.0000
0.0000
1.6121
0.0000
1.3759
1.1499
0.0000
0.0000
0.2997
0.0000
2.5608
0.0000
0.0000
3.1310
0.0000
0.0000
0.0000
0.0000
0.2181
2.5965
0.0000
0.6487
0.0000
0.0000
0.0000
0.2034
0.0000
0.0000
0.0000
2.5826
1.0490
0.0000
0.0000
0.0000
0.0000
0.0000
0.0000
0.0000
0.0000
0.0000
0.0000
0.0000
0.0000
0.1417
0.0000
0.0000
0.6922
1.3995
0.0000
0.0000
0.0051
0.0000
0.0000
0.0000
1.1759
0.2697
1.1023
0.2373
1.4040
0.0000
1.4943
0.0000
0.0000
0.0000
0.0000
0.2330
0.0000
0.9999
0.0000
0.0000
4.4417
0.0000
0.0000
0.8265
0.0000
0.0000
0.0000
0.0000
0.0000
0.0000
0.0000
0.0000
0.4334
0.5263
0.0000
0.0000
0.1103
1.7353
0.0000
2.3538
3.1345
0.0000
0.0000
0.0000
0.0000
0.0000
0.0000
2.8370
0.0000
0.5252
0.0000
0.0000
0.8629
0.0000
1.0607
0.0000
0.0000
0.0000
0.0000
1.1597
0.4041
0.0000
0.6791
2.8395
0.5767
0.0000
0.0000
0.0000
0.0000
0.3160
0.0000
0.0000
0.0000
2.4141
0.0000
0.0000
1.0496
0.0000
0.0000
0.0000
0.0000
0.3389
0.8069
0.1496
0.0000
2.8608
1.8526
0.3041
0.0000
0.0000
0.0000
0.0000
0.0477
0.3844
0.0000
0.0000
0.0000
0.0000
0.6702
0.0000
4.2539
4.1573
0.0000
0.0000
0.0000
1.2037
3.4097
0.0000
0.0000
0.0000
0.0000
0.0000
0.0000
0.0000
0.0000
0.0000
0.0000
0.0000
0.6100
0.8342
1.5265
0.0000
0.0000
0.0000
0.0000
0.0000
0.4321
0.0000
0.0000
0.0000
0.0000
4.4306
0.5064
0.0000
0.0000
1.0869
0.0000
0.0000
0.2125
1.6249
0.0458
0.0000
1.2867
4.0888
0.2341
0.0000
0.0000
0.0000
0.0000
0.0000
0.0000
1.6807
0.0000
0.0000
6.1024
1.8991
1.7086
0.0000
0.3399
0.0000
0.0000
0.0000
0.0000
0.0000
0.0000
1.7333
0.0000
0.0000
0.0000
0.0000
0.4496
0.0000
0.0000
0.0000
0.0000
0.0000
0.3768
0.0000
0.0000
1.2024
1.7763
0.8068
0.0000
0.0000
0.6427
0.0000
1.2734
1.9513
0.4694
0.0000
0.0000
0.0000
0.0000
0.0000
0.0000
1.3261
0.0000
0.0000
0.0000
0.0000
0.0000
0.0000
0.0000
0.0000
2.6498
0.0000
2.0690
0.0000
0.0000
0.0000
0.0000
0.8334
0.0000
0.0000
0.2012
0.0000
0.0000
1.4390
0.0000
0.0036
0.0000
1.8351
0.8113
0.0000
0.0000
0.8211
0.0000
0.7403
0.0000
0.0000
0.0000
0.0000
0.0000
0.7574
0.0000
0.0000
0.0000
0.0000
0.0000
0.0000
0.0000
0.0000
0.0000
0.5444
0.0000
0.0000
0.4217
0.0501
0.0000
0.0000
0.9872
1.2208
0.0000
2.0769
0.0000
1.0119
2.2621
1.5442
0.0000
0.8098
0.0000
0.0000
1.1501
0.0000
1.6475
0.0000
0.0000
0.4952
0.0000
0.0000
0.0000
0.9799
0.0000
2.0421
0.0000
2.4062
0.5141
0.0000
0.9895
3.1600
1.7501
0.0000
0.0000
0.0000
0.0000
0.9928
2.8639
0.0000
0.0000
0.0000
0.0000
0.6898
0.0000
0.0000
1.2637
0.0000
0.0000
2.3645
0.0000
1.1536
0.0000
0.2378
0.1895
0.0000
3.9590
0.0000
0.0000
0.0000
0.0000
0.0000
2.6603
0.0848
0.4633
0.3219
0.0000
0.0000
0.0000
0.0000
0.0000
0.0000
0.0000
0.0000
0.0000
0.0000
0.0000
0.0000
2.7095
0.0000
0.0000
0.0000
0.1915
0.0000
0.4186
0.7724
1.0735
0.0000
0.0000
0.0000
0.0000
0.0000
0.0000
0.0000
3.1612
0.0000
0.0000
2.5327
0.0000
0.0000
0.0000
0.4480
0.0000
0.0000
0.0000
2.4645
0.0000
0.0000
0.9092
0.0000
1.2109
1.0922
1.9612
0.8533
0.0000
0.0000
0.0000
0.0000
0.0000
0.0000
0.2435
0.4825
0.0000
0.0000
0.0000
0.0000
0.0000
0.0000
0.7728
0.0000
0.3351
0.0000
0.0000
0.0000
0.0000
0.0000
0.2116
0.0000
0.0000
2.4344
0.6700
0.4062
0.0000
3.8450
0.3838
1.3104
0.0000
0.3392
0.0000
0.0000
0.0000
0.0000
0.0000
0.0000
0.0000
0.0000
0.0000
0.0000
0.0000
0.0000
0.0000
0.0000
0.0000
0.0000
0.0000
0.0000
0.2945
0.0000
0.0000
0.0000
0.6716
0.0000
0.0000
0.0000
2.1487
0.0000
0.0000
0.0000
0.5906
0.0000
0.0000
0.0000
0.0000
0.0000
0.0000
0.0000
0.0000
0.0000
0.0000
0.0000
0.0000
0.0000
0.0000
0.0000
0.0000
0.0000
0.6202
0.0000
0.0000
0.0000
0.0436
0.0000
0.7097
0.3823
0.0000
0.0000
0.4505
0.0000
0.0000
0.0000
0.0000
0.0000
0.0000
0.0000
0.6459
1.4283
0.0000
0.0000
0.0000
0.0000
0.0000
0.0000
0.0000
3.2465
0.0000
0.6786
0.0000
0.0000
0.0000
0.4176
1.7164
0.4224
0.0000
0.0000
0.2434
0.0000
2.1531
0.0000
0.8572
0.0000
0.0000
0.0000
0.0000
0.0000
0.0000
3.1273
1.0640
0.0000
0.0000
0.0000
0.0000
0.0000
0.0000
0.0508
0.0000
0.0000
0.0000
0.0000
0.0000
0.0000
0.0115
0.0000
0.6230
0.0000
0.0000
0.0000
0.7988
0.0000
0.5971
0.0000
0.0000
0.0000
0.8251
0.0000
1.8077
0.0000
0.0000
0.0140
0.4897
0.0000
2.5054
0.0000
0.0000
0.0000
0.0000
0.0000
0.0000
0.1058
0.5382
0.0000
0.0000
0.1654
0.0000
0.0000
0.0000
0.0000
0.0000
0.0000
0.0000
0.0000
0.0000
0.0000
1.8467
0.0000
0.0000
0.0000
0.0000
0.0000
0.1430
0.9264
0.0000
0.0000
0.0000
0.8118
0.0000
0.0000
0.2873
0.0000
0.0000
0.0000
0.0000
2.0913
0.0000
0.0257
0.0000
0.0000
0.7406
0.0000
0.0000
0.0000
0.0000
0.0000
0.0000
0.0000
0.2971
0.0000
0.0000
1.1640
0.0000
1.9925
0.0000
3.3704
0.0000
0.0000
0.0000
0.0000
0.0000
0.0000
0.0000
0.9348
0.0000
0.0000
0.1786
0.0000
0.0000
0.0000
0.0000
0.0000
0.0000
1.1189
0.0000
0.0000
0.9476
0.0000
0.4183
2.3120
0.0000
0.0000
0.0000
0.0000
0.5493
1.4059
0.0000
0.0000
1.0337
2.7639
2.1458
0.0000
0.0000
1.0140
0.0000
0.8533
0.0000
0.0000
0.2733
0.0000
2.5047
0.0000
0.0000
0.0000
0.5358
0.0000
0.7116
0.0000
1.3231
0.0000
0.0000
0.0000
1.5094
0.0000
1.2447
0.1921
0.0000
0.0000
0.0000
0.0000
0.0000
1.7161
0.0000
0.4122
2.1649
0.1200
0.0000
0.0000
0.0523
0.4352
1.7348
0.0000
0.0000
0.0000
0.0000
0.0000
0.2355
3.9615
0.0000
0.0000
0.0000
0.0000
0.0000
0.0000
2.4215
1.8597
1.1034
0.0000
0.0000
0.4603
0.2986
0.3418
1.4722
0.0000
0.3415
0.0000
0.0000
3.7436
0.4747
0.0000
0.0000
0.0000
0.0000
0.0000
1.4304
0.0000
0.0000
2.4048
0.0000
0.0000
0.0000
0.0000
1.9762
0.0000
0.0000
0.0000
0.0000
0.0000
0.1166
1.6787
0.0000
0.0372
0.0000
0.3124
0.0000
0.0000
4.0256
0.0000
1.4402
0.0000
1.2245
0.0868
0.0000
0.0000
0.0000
0.0000
0.0000
0.0000
4.8622
0.0000
0.0000
0.0000
0.0000
0.0000
0.0000
0.0000
0.1674
0.0000
0.0000
0.0000
0.0000
0.0000
0.0000
0.0000
2.2882
4.6499
0.0000
0.0000
0.0000
0.0000
0.0000
0.0000
0.0000
0.0000
0.0000
0.0881
2.2367
0.1613
0.0000
1.8684
0.3533
0.0000
0.0000
0.0000
0.0000
0.9303
1.3042
0.0000
0.2639
0.0000
0.0000
0.0000
1.0008
0.0000
4.6039
0.0000
2.1910
0.0000
0.0000
0.0000
0.0000
0.0000
0.0000
0.0000
0.9928
1.4299
0.0000
0.0000
0.7895
0.0000
1.7785
0.0000
0.8828
0.4064
2.0987
0.0000
0.0000
0.0000
0.0000
0.0000
0.0000
2.7593
0.0000
0.5922
0.6103
0.0000
0.1684
0.0000
0.0000
0.0000
0.0000
0.0000
1.2859
2.4837
0.6221
2.1816
0.0000
0.0000
0.6345
0.0000
0.0000
0.0000
0.0000
0.0000
0.0000
0.4188
0.0000
0.0000
0.0000
0.5739
0.0000
0.0000
0.0000
0.0000
0.0000
0.0000
0.0116
0.0000
0.6505
0.0000
0.0000
4.6783
0.0000
0.0000
0.0000
0.0000
0.0923
0.6158
0.0000
0.2410
0.0000
0.0274
0.0000
0.0000
0.0000
0.2869
2.3432
0.0000
1.2628
0.0000
0.0000
1.6066
0.0000
0.6484
0.0000
0.0000
0.0000
1.5289
0.0000
0.8287
0.0000
0.0000
0.0000
0.0000
0.2761
0.0000
0.0000
0.0000
0.0000
0.0000
0.0000
0.0000
0.5181
1.7957
0.0000
0.0000
1.7857
2.9990
0.1896
0.0000
0.0000
0.4449
1.2913
0.1172
0.0000
0.0000
0.0531
0.0000
0.0000
0.0000
0.0000
0.0000
0.8322
0.0000
1.0804
0.9042
0.0000
0.0000
0.0000
0.0000
2.6661
0.0000
0.0000
0.0000
0.0000
0.0000
1.1723
2.2154
0.0000
0.0000
0.0000
2.1185
1.2743
0.0000
0.0000
0.0000
0.0000
0.0000
0.0000
1.3098
0.0000
0.0000
0.0000
0.0000
0.0000
0.5456
0.1888
0.0000
0.6630
0.0000
0.0000
0.0000
0.0000
0.0000
0.5310
0.0000
0.0000
0.0000
0.0000
2.2351
0.0000
1.5911
0.0000
0.0000
0.0000
0.0000
0.0000
0.0974
0.0000
0.0000
0.0000
0.2389
0.0000
0.5470
0.0000
0.0000
0.0000
0.0000
0.0000
1.8063
0.6217
0.0000
0.0000
0.1827
0.0000
0.0000
0.2810
0.0000
2.1787
0.0000
0.0000
0.0000
0.0000
0.2638
0.0000
0.3540
0.0000
0.0000
0.0000
0.0000
0.0000
0.0000
0.0000
0.9905
0.0000
1.2530
0.0000
1.4178
1.4749
0.3480
0.0000
3.1448
0.0000
0.0000
0.0000
0.0000
0.0000
0.0000
0.9340
0.0000
0.0000
0.0000
0.0000
0.2225
1.5692
0.0000
0.0000
0.0000
0.0000
0.0000
2.0262
0.0000
0.0000
0.0000
0.0222
0.0000
0.0000
0.0000
0.0000
0.0000
0.0000
0.0000
0.0000
0.1135
0.0000
0.0000
2.6343
0.0000
0.0000
4.4859
0.8503
0.0000
0.0000
0.0000
0.0000
0.0000
0.0000
0.0000
0.0000
0.0000
1.6755
2.3534
0.5926
0.0000
1.7742
0.0000
0.0000
0.0000
0.8454
1.3058
0.0000
0.0000
0.0000
0.0000
2.7491
0.0000
0.0000
0.6295
1.0070
0.0000
0.0000
1.0756
0.0000
1.4359
0.8342
0.0000
0.0000
0.0000
0.0000
1.8832
2.2977
0.0000
0.0000
0.0000
0.0000
0.0000
0.0000
0.0000
0.0000
0.0000
0.0000
0.0000
0.0000
0.0000
0.0000
0.0000
0.2699
0.0000
0.0000
0.0000
0.0000
0.0000
0.0000
1.3751
0.2823
0.0000
0.0000
0.0000
0.0000
0.0000
2.6350
1.4410
0.0000
0.0000
0.0000
1.6251
0.6886
0.6591
0.4896
0.0000
0.1401
1.4725
0.0000
0.0000
0.0000
3.3327
1.9877
0.0000
0.0000
0.0000
0.0000
0.0000
0.0559
0.1665
0.8106
0.1902
0.0000
0.0000
2.9532
0.0000
0.0000
0.0000
0.0000
0.0000
0.0000
3.8863
0.0000
0.0000
0.0000
0.0000
0.0231
0.5412
0.0000
1.0874
0.2939
0.0000
0.0000
0.9051
0.0000
0.0000
0.0000
0.0000
0.0000
0.0000
3.9258
0.0000
2.9076
0.0000
0.4354
2.3070
0.0000
1.1951
0.0000
2.3705
0.0000
0.6776
0.0000
0.0000
0.0000
0.3910
0.2188
0.0000
0.0000
1.0597
0.0000
0.0000
0.0000
0.0000
0.0000
0.0000
1.9329
0.0000
0.0000
0.0000
0.4501
0.0000
0.0000
0.0000
0.3125
0.0000
1.8022
0.0000
0.0000
1.1658
1.6487
0.0000
0.0000
1.2680
0.0000
5.6122
0.3612
1.6711
0.0000
1.5061
0.0000
0.0000
0.0000
0.0000
0.0000
0.0000
0.0000
0.0000
1.9871
2.1583
3.8660
0.0000
0.0000
0.8699
0.0000
0.0000
0.0000
0.0000
0.0000
1.9749
0.1449
0.0000
1.7874
0.0000
0.0000
0.0000
1.4164
0.7392
0.0000
0.0000
0.0000
0.0000
0.0000
1.8917
1.1698
2.3458
0.0000
0.0000
0.4602
0.7076
2.3372
0.5642
0.0000
0.0000
0.0000
0.0000
1.3610
0.0000
0.0000
0.0000
0.0000
0.0000
0.0000
0.4572
0.5473
0.0000
0.0000
0.0000
0.7941
2.0015
2.6437
0.0000
0.0000
0.2911
1.6839
0.0000
1.3947
0.0000
0.0000
0.0000
0.0000
1.1213
0.0000
0.0000
0.0000
0.0000
4.3020
0.0000
0.9747
0.0000
0.0000
0.8019
0.6867
2.1069
0.4615
0.2667
0.0000
1.6072
0.7692
1.1084
0.0000
0.0000
0.0000
0.0000
0.0000
0.0000
0.0000
0.0156
0.4032
0.0000
0.0000
0.0000
0.0000
0.0000
4.2845
0.1941
0.0548
0.0000
0.4751
0.0000
0.0000
0.0000
0.0000
2.2674
0.0000
1.0136
1.6726
0.0000
3.6363
0.0000
0.4483
0.0000
1.3885
1.7031
0.0000
0.0000
0.0000
0.0000
0.0000
0.0000
0.0000
0.0000
0.0000
0.0000
0.0000
0.0000
0.0000
0.2506
0.0000
0.0826
0.0000
1.1527
0.0000
0.0000
0.0000
0.0000
0.6320
2.7765
3.1269
0.0000
1.0332
0.0000
0.0000
1.6101
0.0000
0.0000
0.0000
0.0000
1.0723
0.0000
4.6959
1.7029
0.0000
5.0206
0.0000
1.6951
0.0000
0.0000
1.4692
0.0146
0.0000
0.0000
0.0000
0.0000
0.0000
0.0000
0.3516
1.0576
0.5947
0.0000
0.0000
0.0000
0.0000
0.0000
1.6066
0.0000
0.8456
0.0000
0.0000
1.1786
0.0000
