0.0000
0.0000
0.8560
0.0000
0.0000
0.0000
0.0000
0.0227
0.0000
2.1574
0.0000
0.0000
0.1675
0.0000
0.0000
0.0000
0.0000
0.0000
0.0000
0.0000
0.3823
0.0000
2.1381
1.3325
1.6217
1.0768
0.0000
1.6542
0.0000
0.0000
0.0000
0.0000
2.8501
0.0000
1.6296
0.0000
0.0000
0.5333
0.6846
0.1361
0.0000
0.0000
0.0000
0.0000
0.4395
0.6971
0.0000
0.0000
1.8364
0.8442
0.0000
0.0000
0.0000
0.8405
0.0000
0.0000
0.1811
0.5125
0.0000
0.0000
0.0000
2.5151
0.0000
0.5126
0.0000
0.0000
0.0000
0.0000
0.0000
0.0000
1.9450
2.5828
0.0000
0.0000
0.0000
0.4595
0.0000
0.0000
0.2823
0.5629
2.1708
0.0000
0.0000
0.8350
0.0000
0.3443
0.9838
1.2124
2.2142
0.0000
0.4662
0.0000
0.0000
1.7627
0.0000
0.0000
0.0000
0.0000
1.9722
0.0000
0.0000
0.2851
0.0000
0.0000
0.6758
0.0000
0.0000
0.0000
2.1160
3.9381
0.0000
0.0000
2.5949
0.7933
0.0000
0.0000
0.8506
0.0000
0.0000
0.0000
1.2836
1.3927
1.3427
1.3625
0.0000
0.0000
0.0000
0.9795
0.2450
0.7447
0.6484
0.0000
0.0000
0.0000
2.5661
0.0000
1.2312
2.1783
0.0000
2.5666
3.2582
0.0000
0.5874
2.1746
1.4088
0.0000
0.0000
0.2039
1.1510
0.4998
0.8884
0.6702
0.1638
0.0000
0.0000
0.8149
0.0000
1.4164
0.0000
0.0000
3.0849
0.0000
0.0000
0.0000
0.0000
0.2802
0.0000
0.0000
0.0000
0.7777
0.0000
0.0000
0.0000
0.0000
0.0000
0.0000
0.0000
0.7485
0.0000
4.0223
1.4614
2.2182
0.8326
0.0000
0.0000
0.0000
0.0000
0.0000
1.7827
3.0398
0.0000
0.0000
0.0000
0.0000
0.0000
0.0000
0.0000
1.0166
3.4336
2.7508
0.0000
0.3421
0.0000
0.0000
0.5251
0.3407
0.0000
0.0000
0.0000
0.0000
0.0000
0.0000
0.0000
0.9341
0.0000
0.0000
0.0000
0.0000
0.0000
0.2663
0.0000
0.0000
0.0000
0.0000
0.0000
0.0000
0.0000
2.2411
0.0000
0.0000
0.0000
0.3362
0.0000
0.0000
2.0319
0.0000
1.7221
0.0000
2.5870
0.0000
0.0000
0.0000
0.9506
0.0000
0.0000
0.0000
0.0000
0.0000
0.0000
0.0000
0.0000
0.0000
0.0000
0.0501
0.0000
0.0605
0.0000
0.0000
0.5809
0.0000
0.0000
1.0241
0.0000
0.2693
0.0000
0.0000
1.7348
0.0000
0.0000
1.5165
1.8039
0.2230
0.0000
1.3118
0.0000
0.0000
0.0000
2.3849
0.9548
0.0000
0.0000
0.0000
0.8014
0.0546
0.4671
0.0000
0.0000
0.0000
0.0000
0.0000
0.0000
0.0000
0.0000
0.0000
2.5473
0.0000
1.6242
1.5298
0.0000
2.5015
0.0000
0.0000
0.0000
0.0000
1.7881
0.0000
1.6766
0.0000
0.0000
0.0000
0.0000
0.1274
0.0000
1.0418
0.0000
0.0000
0.1728
0.0000
0.0455
1.7696
0.0000
0.8250
0.4200
0.0000
0.0000
2.3840
0.0000
0.7805
0.0000
1.3998
0.0000
0.0000
0.0000
0.0792
0.0000
0.2665
1.7009
0.2000
0.0000
2.8046
0.0000
0.0000
0.0000
0.9322
0.0000
4.1312
0.0000
0.0000
0.0000
0.0000
0.0000
1.9438
0.0000
0.0000
0.3271
3.7019
0.8454
0.0000
1.2081
0.0000
0.0000
0.0000
0.0000
0.0000
0.0000
0.9659
0.0000
1.4366
0.0000
0.0000
0.0000
0.6355
0.0000
0.0000
2.1743
0.0000
0.0000
2.0498
0.0000
0.0000
3.2526
0.0000
0.6524
0.0000
0.0000
0.0000
1.8113
0.0000
0.0000
0.6423
2.5874
0.0000
0.0000
0.4544
0.0000
0.6430
0.4535
0.9030
0.0000
0.0000
0.0000
1.6074
0.0000
0.0000
0.0000
0.7530
0.0000
0.0000
2.2763
0.0000
0.0000
0.0000
0.0000
1.5639
1.3425
0.0000
0.0000
0.0000
0.0000
0.0000
1.0774
0.0000
1.7860
0.0000
0.0000
0.8097
0.0000
0.5815
0.0000
0.0000
0.0959
0.0000
0.0000
0.0000
0.0000
0.0000
1.8365
0.0000
1.7051
0.7224
1.6750
1.4012
0.0000
0.0000
2.1536
0.5167
0.5389
0.0000
1.2478
2.8197
1.6873
0.0000
0.0000
1.0111
0.0000
0.0000
0.0000
1.6972
0.0000
0.0000
0.0000
0.0000
0.4861
0.0000
0.8885
0.0000
0.0000
0.0000
0.0000
0.0000
0.0000
2.5219
0.0000
0.0000
0.0000
0.0000
0.7815
0.0897
0.0000
0.0000
0.0000
0.0000
0.0888
1.1733
0.0000
0.1033
0.0000
0.6005
0.0000
2.0357
0.0000
0.0000
0.0000
0.0000
0.0000
2.6539
0.0000
0.0000
0.0000
0.0000
0.0000
0.0000
1.7276
0.7234
0.0000
0.0000
0.0000
0.0000
1.0207
0.2934
0.1527
1.7959
0.0000
0.8864
0.2489
1.5718
0.0000
1.0550
1.7770
0.0000
1.8966
3.5447
0.0000
0.0000
0.8752
0.0000
1.5990
0.0000
0.0000
0.0000
0.0000
0.0000
0.6469
0.0000
0.0000
1.8856
0.0000
0.0000
0.0000
0.0000
0.0000
0.0000
0.0000
0.0000
0.4145
0.0000
0.0000
0.0000
0.0000
0.0000
0.0000
0.8807
0.0000
0.2009
0.0000
0.0000
0.7597
0.0000
0.0391
0.0095
0.0000
1.5322
0.0000
0.0000
1.1563
2.5650
0.0000
0.0000
0.0000
0.0000
0.0000
0.0000
0.0000
0.0000
0.0000
0.0000
0.3745
0.2991
0.0000
0.0000
0.0594
0.0000
0.0000
0.0000
0.0000
0.0000
0.0000
3.0786
0.9502
0.0000
0.5838
0.0000
0.0000
0.0000
0.0000
0.0000
0.0000
0.0000
2.7289
0.1812
0.0000
1.3596
0.0000
0.0000
0.8201
1.7876
1.4673
0.0000
0.3931
0.3505
0.6203
0.2458
0.0000
2.8905
0.1706
1.5750
0.5820
0.0000
2.4210
0.2430
0.6746
0.0000
0.0000
0.5273
0.0000
1.2340
0.0000
0.0000
0.0000
0.0000
0.0000
0.0000
0.0000
0.3289
0.3300
1.6667
0.0000
1.3557
0.0000
0.0000
0.0000
0.0000
0.0000
0.0000
0.0000
0.0000
0.0000
0.0000
2.4062
0.0000
0.0000
0.0000
2.9675
0.0000
0.0000
0.0000
0.0940
0.0000
0.0000
0.0000
0.0000
0.9050
0.1740
0.0000
0.0000
0.0000
0.5409
0.0000
0.0000
0.0000
1.1756
0.0000
0.0000
0.0000
0.0000
0.8517
1.6647
0.0000
0.0000
0.0000
0.0000
0.1641
0.0000
0.0000
0.0000
1.2074
0.0000
0.8986
0.0000
2.2652
0.0814
0.0000
3.2816
0.0000
0.0000
0.0000
0.0000
0.0000
0.0000
0.0000
2.4845
0.0187
0.5156
0.0000
0.0000
0.1420
0.0000
0.0000
2.0094
0.1394
0.0000
3.3016
0.0000
0.0000
0.0000
0.0000
0.0000
0.0000
0.0000
0.0000
0.0000
0.0000
2.9912
0.2519
0.0000
0.0000
0.0000
0.0000
1.6538
1.9509
0.0000
0.0000
0.3686
0.0785
0.0000
0.0000
0.0000
0.0000
0.0490
1.6696
0.9516
0.0000
0.0000
1.9080
0.0000
0.0000
0.0000
0.0564
0.4187
0.0000
0.0000
1.0565
0.0000
0.2879
0.0000
0.0000
0.0000
0.0000
0.0000
0.0000
2.0559
0.0000
0.1084
0.0000
0.0000
0.0000
0.0000
0.3440
0.0000
0.0000
0.6106
0.0000
0.0000
0.0000
0.0000
0.0000
0.0000
0.0000
0.2603
1.2025
0.0000
0.0000
0.0000
0.5753
0.0000
0.0000
0.3723
0.0000
0.0000
0.0000
0.0000
0.0000
0.4607
0.5085
0.0000
0.0000
0.0000
0.0000
0.0000
0.4166
0.0000
0.0000
2.0298
0.0000
0.0000
0.0000
0.0000
0.0000
0.0000
0.0000
0.5370
0.0000
0.0000
1.9531
0.0000
0.0000
0.0000
0.0000
0.0000
0.0000
2.2784
0.4291
0.5096
0.0000
0.0000
0.0000
0.0000
0.0000
0.9035
0.1497
0.8211
0.2723
0.0000
0.0000
0.0000
0.0000
0.3329
0.0215
0.0000
0.0000
0.0000
0.0000
0.0000
0.0000
0.0000
0.0000
0.0000
0.0000
0.2877
0.0000
0.0000
0.0000
0.0000
0.0000
0.0000
0.0000
0.0000
0.0000
0.4059
0.0000
0.2247
0.0000
0.0000
3.0685
0.3026
0.0000
0.1343
0.0000
0.0000
0.0000
1.5171
0.0000
0.9791
0.0000
0.0000
0.1718
0.0000
0.8426
0.0000
0.0000
0.0000
0.0000
0.0000
0.0000
0.0000
0.0000
0.0000
0.0000
0.0000
0.0000
0.0000
0.0000
1.9937
0.0000
0.7594
0.0000
0.0000
1.2266
0.0000
0.0000
0.0000
0.0000
0.0000
0.0000
0.0000
0.0000
0.0000
0.0000
0.0000
1.2120
0.0000
0.0000
2.6314
0.5706
0.0000
1.4624
0.0000
0.0000
0.0000
0.0000
0.0000
0.7821
1.6711
0.0000
0.0000
0.2707
1.6635
0.0000
0.0000
0.0000
0.0000
0.7234
0.0000
0.4693
0.0000
0.0000
0.0000
0.3520
0.0000
0.9336
0.0000
0.0000
0.0000
0.0000
1.2872
0.1891
0.0000
0.6992
0.0000
3.5939
0.4027
1.2656
0.0000
0.0000
0.0000
0.0000
1.7692
0.0000
0.0000
1.1459
0.0000
0.0000
0.0000
0.0284
0.0948
0.0000
0.0000
1.0132
1.7323
0.0000
0.5697
0.0000
0.0000
0.0000
0.0000
0.0000
0.0000
0.0000
0.0000
0.0000
0.0000
0.0143
0.0000
0.0000
0.0000
2.5774
1.6506
0.0000
0.0000
0.4704
1.1882
0.0000
0.0000
0.0000
1.1676
0.0000
0.0000
0.0000
0.0000
3.6849
0.5008
0.4486
0.0000
1.0295
0.0000
0.0000
0.0000
0.0000
0.0000
4.9951
0.0000
0.0000
0.0000
1.9493
0.0000
0.0000
0.2335
2.9858
0.0000
3.0770
0.0000
0.0000
0.0000
0.0000
0.0000
0.2044
0.5558
0.0000
0.0000
2.1733
0.2818
0.0000
0.6576
0.0000
1.3383
0.0000
0.0000
0.0000
0.0000
0.0000
0.6975
1.1958
0.0000
0.0000
0.0000
0.0000
0.5312
0.0000
0.0000
0.0000
1.6980
0.0000
0.0000
0.0000
0.0000
0.0000
0.0000
0.0000
0.0000
0.0000
2.9569
0.0000
2.2975
0.0000
0.3881
1.0591
0.0000
0.3283
0.0000
0.0000
0.0863
0.0000
0.0000
0.1593
0.0000
0.0000
0.0000
0.0000
0.0000
0.0000
0.0000
0.0000
0.0000
0.0000
0.0000
0.1626
0.0000
0.6335
0.0000
0.0000
0.1852
0.7672
0.0000
0.0000
3.1663
0.0000
0.0000
0.0000
0.0000
0.0000
0.0000
0.2289
0.0000
0.9369
0.5758
0.0000
0.0000
0.0000
0.0000
0.4082
0.0000
0.0000
0.0000
0.0000
0.6023
0.0000
0.2282
0.0000
0.0000
1.3079
0.0000
0.0000
0.0000
0.0000
1.2280
0.0000
0.0000
0.0000
0.0000
0.0000
0.0000
0.0000
0.0000
0.0285
0.0000
0.0000
0.0000
0.0000
0.0000
0.0000
0.1273
0.0000
0.0000
0.0000
0.0000
1.2967
3.6322
0.0000
0.0000
0.0000
0.0000
0.0981
0.0000
0.1178
0.0000
0.0000
0.0000
0.0000
0.0000
1.6996
0.0000
0.6605
0.0000
0.1989
0.0000
0.0000
1.7134
0.0000
0.6741
0.0000
2.3901
0.0000
0.0000
0.1071
2.9405
0.0000
0.0000
0.2235
0.0000
0.0000
0.0000
1.0984
0.0000
0.0000
0.0000
0.0000
0.0000
0.3304
1.7880
0.0000
1.5593
0.0000
0.0000
0.0000
0.8507
0.0000
0.0000
0.0000
0.0000
0.0000
1.1771
3.0636
0.0000
0.0000
0.0000
0.0000
1.8118
0.0000
0.0000
0.0000
0.9079
0.0000
1.3619
0.0000
1.4822
0.0000
0.0000
0.0000
0.0000
0.0000
0.0000
0.0000
1.0284
3.5155
0.0000
0.0000
0.0000
0.7370
0.0000
0.0000
0.0000
0.0000
0.0000
0.0000
0.0000
0.0000
2.6642
0.0000
0.5529
0.0000
0.0000
0.0000
0.0000
0.7571
0.2710
0.9584
0.0000
0.0000
1.5751
0.0000
0.0000
0.0000
2.1919
0.0000
0.0000
0.0000
0.0000
2.7471
0.2952
0.0000
0.0000
0.0000
0.0000
0.0000
0.0000
0.0000
0.0000
0.0000
0.0000
0.0000
0.0000
2.3014
3.3703
0.0000
0.3579
0.0000
0.1250
0.0000
1.4639
0.6597
0.0000
0.0000
3.2630
0.0000
0.0000
0.0000
0.7107
0.0000
0.0000
0.0000
0.0000
0.3425
0.0895
0.0000
0.0000
1.7865
0.0000
0.0000
0.0000
0.0000
0.0000
0.0000
1.3967
0.0000
0.0000
1.7709
0.0000
0.0000
0.0000
0.0000
0.0000
0.0000
0.0000
0.0000
0.1252
0.0000
0.0000
0.0000
0.0000
0.0000
1.7179
0.3482
0.0000
0.0000
0.0000
1.3788
0.0000
0.0000
0.0000
0.0000
0.0000
0.0000
0.0000
0.0000
1.7170
1.5961
0.0000
0.0000
0.0000
0.0000
0.0000
0.0000
0.0634
0.0000
0.0000
0.0000
0.0000
0.0000
0.0000
0.0000
0.0000
0.0000
0.0000
0.0000
0.0000
0.0000
0.0000
0.0000
0.0000
1.8429
0.0000
0.0000
1.1714
1.3002
0.0000
0.0000
0.0000
0.0000
1.0713
1.0656
0.0000
0.0871
0.0000
0.0000
0.0000
0.0000
0.0000
1.1049
0.0000
0.0000
0.0000
0.0000
0.2619
0.4323
2.1305
0.0000
0.0000
0.6223
0.0000
0.0903
1.4703
0.0000
2.4422
0.0000
0.0000
0.0000
0.3405
0.9747
3.7737
2.5867
0.0000
0.0000
0.0000
0.0000
0.0000
0.4090
0.4899
2.6870
0.0000
0.0000
0.4779
0.0000
1.1253
0.0000
0.0000
0.0000
0.0000
0.7395
0.6373
1.2971
0.0000
0.0000
0.0000
0.0000
0.9293
0.7459
0.0000
2.8774
0.0000
0.0000
0.6106
0.0215
0.0000
0.0000
0.0000
0.1665
0.0000
0.0824
0.0000
0.0000
0.0000
0.0000
0.0000
0.0000
0.0000
0.0000
0.0000
1.2124
0.0000
1.8797
0.0000
0.0000
0.0000
0.0000
0.0000
0.0000
0.0000
0.0000
1.7338
0.0000
0.0000
0.0000
3.4073
1.6069
0.0000
0.0000
0.0000
0.0000
0.0000
0.0000
0.0000
0.0000
0.0000
0.0000
0.8827
0.0000
1.8631
0.0000
2.2952
0.0000
0.0000
0.0000
0.0000
0.0000
0.0000
0.6853
4.3825
2.1867
0.0000
0.6292
0.0000
0.0000
0.0000
0.0000
0.0000
1.0275
0.0000
0.0000
0.0000
0.0000
0.0000
0.0000
0.0000
1.1616
0.0000
0.0000
0.0000
0.0000
0.0000
0.0000
0.0000
0.0000
2.5089
0.0000
2.0687
0.0000
0.0000
0.0000
0.4442
1.4643
0.2710
2.1354
0.0000
0.0000
0.0000
0.5005
0.0000
0.0000
0.7539
0.2798
0.0000
2.4068
0.0000
0.0000
0.0000
0.0000
0.0000
0.0000
1.7844
0.3135
0.0000
0.0000
0.0000
0.0000
0.0000
0.0000
0.0000
0.0000
0.0000
0.0000
0.0000
3.4943
0.0000
0.0000
0.0000
0.0000
0.2805
0.0000
0.0000
0.0000
0.8373
0.0743
0.0000
0.0000
0.0000
0.0000
0.0000
1.5706
1.3481
1.4030
0.0000
0.0000
0.0000
0.2643
0.0000
3.6949
0.0000
0.0000
0.0000
0.0000
0.0000
0.0000
0.1426
0.0000
0.0000
0.0000
1.0446
0.5456
0.0000
0.0000
0.5071
0.0000
1.5121
0.0000
1.8992
0.0000
0.0000
0.2660
0.0000
2.1067
0.0943
0.0000
0.2094
1.0095
0.0000
2.5672
0.0000
0.0000
0.1108
0.0000
0.0000
0.0000
0.0000
0.0000
0.0000
2.5647
0.0000
0.0000
1.7902
1.3511
2.0194
0.0000
3.5628
0.0000
0.0000
0.0000
0.0000
0.0000
0.0000
0.0000
0.0000
1.4472
1.4487
0.0000
0.7160
0.0000
0.0000
0.0000
0.0000
0.2789
0.0000
0.0000
0.0000
0.0000
0.0000
0.0000
1.1146
0.0000
1.2301
0.0000
0.7194
0.0000
0.0000
0.0000
0.9743
0.0000
0.0000
1.9690
2.7117
1.5607
1.6015
0.0000
0.0000
0.0000
2.3300
0.3490
1.4004
0.5233
0.0000
0.0000
0.0000
1.0929
0.1078
0.0000
0.2785
0.0000
2.4670
0.2087
0.0000
0.0000
0.0000
0.2341
0.0000
0.0000
0.0000
0.0000
0.0000
0.0000
0.0000
0.0000
0.0000
0.0000
0.0000
0.0000
0.0000
0.0000
0.0000
0.0000
1.0319
0.0235
0.0000
0.1233
0.0000
1.3734
0.0000
0.0000
0.0000
0.0000
0.0000
3.0169
0.0000
0.0000
0.0000
0.0000
0.0000
1.4480
0.4833
1.3432
0.0000
2.4833
0.0000
0.8147
0.0000
0.4594
0.0000
0.4098
1.7810
0.0000
0.0000
0.0000
0.0000
0.0000
0.0000
0.0000
0.5426
1.9650
0.0000
1.1012
0.1486
0.4364
0.0000
0.0000
0.0000
0.0000
0.0000
1.7201
0.4844
1.1687
2.7483
0.0000
0.0000
0.0000
1.4933
0.0000
0.4047
1.5033
0.0000
0.0000
0.0000
0.0000
0.1023
0.0310
0.0000
3.6752
1.3926
0.9968
1.6814
0.0000
0.0000
0.0000
0.0000
0.0000
0.0000
1.3150
2.8675
0.0000
0.3207
2.6958
0.0000
1.2281
0.0000
0.0000
0.0000
0.5354
0.0000
0.0000
0.8251
1.1281
0.0000
0.0000
0.7241
0.0000
1.1051
0.0000
0.0000
0.0000
0.5036
0.0000
0.0000
0.0000
1.9254
0.4395
0.0000
1.7970
1.2357
0.0000
1.6716
2.7094
0.0000
0.0000
0.2614
0.0000
0.8018
0.0000
0.0000
0.0000
0.0657
0.4093
0.0000
0.0697
0.0000
1.0879
0.0000
0.0000
0.0000
0.0000
2.6991
0.0000
2.9407
1.1611
0.2479
0.5206
0.0000
0.0000
0.0000
0.0000
0.0000
0.2556
0.0000
0.0000
0.0000
0.0000
0.0000
0.0000
0.5924
0.0000
0.8420
0.0000
0.0000
0.0000
0.0000
0.2589
0.8117
1.9524
0.0000
0.8865
0.0000
0.0000
0.0000
1.3160
0.3674
0.0000
0.0000
0.0000
0.0000
0.7415
0.0000
0.1312
0.0000
0.0000
0.0000
0.4469
0.0000
2.3883
0.0000
0.0000
0.0000
0.0000
1.4680
0.0000
1.2422
0.0000
0.0000
0.0000
0.0000
0.0000
0.1365
0.0000
0.0000
0.0000
0.3330
0.0000
0.0000
0.0000
0.0000
0.5569
0.0000
1.3894
0.0000
0.0000
0.0000
0.0000
0.0000
0.0000
1.3590
1.2688
0.0000
0.0000
0.0000
0.6044
0.0000
0.5539
0.0000
0.0000
0.0000
0.9666
0.0000
0.0000
1.1092
1.1636
1.1399
0.7927
0.0000
1.1104
2.4021
0.0000
0.0000
0.0000
3.5945
0.0000
1.0464
0.0000
0.0000
0.0000
0.0000
0.0000
0.0000
0.0000
1.8351
0.0000
1.0031
1.2917
0.0000
0.0000
0.0000
0.0000
0.0000
0.0000
0.0000
2.5068
0.0000
0.0000
1.2260
3.6737
1.7432
0.0000
0.0000
0.0000
0.0000
1.3539
0.0000
0.0000
3.2040
0.0000
0.0000
1.7968
1.8215
0.0000
0.0000
1.8417
0.2942
0.6016
0.0000
0.0000
1.7549
0.0000
0.0000
0.0000
0.0000
0.3491
1.0922
0.0000
0.0000
0.0000
0.0000
1.4690
0.0000
1.0478
0.8657
0.0000
0.0000
0.0000
0.1470
0.0000
0.1243
0.0000
2.0283
0.6385
0.0000
0.0000
0.0000
0.0000
0.0000
1.0801
0.6421
0.0000
0.0000
0.6464
0.3526
3.1269
1.1556
0.1285
0.0000
0.0000
0.0000
0.0000
2.2682
1.3259
0.0000
0.0000
0.3097
0.3276
0.0000
0.0000
0.0000
0.0000
0.0000
0.0000
0.0000
0.0000
0.0000
0.0000
1.3404
2.2578
0.0000
0.4059
0.0000
0.0000
0.0000
0.3347
0.0000
1.7152
0.0000
0.0000
0.5802
1.9429
0.0000
0.0000
2.1847
2.0818
0.0000
0.0000
1.2964
0.0000
0.0000
0.0000
0.0000
0.0000
0.0000
0.0000
4.3990
0.0000
0.7908
0.0000
0.0000
0.0000
0.4517
0.0000
1.5607
0.0000
0.0000
0.0000
0.0000
0.0000
0.0000
0.0000
0.0000
0.0000
0.0000
0.4220
0.0000
1.2916
0.0000
0.0000
0.1036
0.0000
1.4493
0.0000
0.0000
0.0000
0.0000
0.3640
0.0000
0.0000
0.0000
0.0000
0.0000
1.6113
0.0000
1.5172
1.0230
0.1937
0.0000
0.0000
0.0000
0.0000
0.0000
1.2550
0.0000
1.0330
0.0000
1.2065
0.0000
3.0211
0.0000
1.4784
0.0000
0.0000
0.2572
2.2030
0.0000
0.0000
2.7409
0.4726
2.5025
0.0000
0.0000
0.3041
0.2192
0.6544
0.0000
0.0000
0.0000
0.0000
0.0000
0.0000
0.0000
0.0000
0.0000
0.0000
0.0000
0.0000
0.0000
1.4415
0.0000
1.7194
1.5915
0.4901
0.3785
0.0000
0.6617
0.3862
0.0000
0.0000
0.0000
0.7215
3.6338
2.6363
0.0000
0.0000
0.0000
2.1040
0.0000
0.0000
0.0000
0.0000
0.0000
0.0000
0.0000
0.0000
0.0000
0.2638
0.0000
0.0000
2.9626
0.0000
0.0000
0.0000
0.0000
0.0000
0.0000
0.0000
0.0000
0.0000
0.0000
1.7782
0.0000
0.0000
0.7404
1.5540
0.0000
0.0000
0.0000
0.0000
0.0000
0.5110
0.0000
0.0000
0.0000
0.0000
0.0000
0.0000
0.3729
0.3126
0.0000
0.0000
1.4099
0.7598
0.0000
0.0000
0.4207
0.0000
0.0000
0.0000
0.0000
0.0000
0.0000
0.6214
0.0000
1.4558
0.0000
0.0000
0.0000
0.0909
1.0498
0.0000
1.1397
0.0000
0.0000
2.1084
0.0000
0.0000
0.0000
1.4492
0.0000
0.0000
1.8208
0.0000
1.7947
0.0000
0.0000
0.4403
0.0000
0.0000
0.0000
0.0000
0.0021
0.0885
0.0000
0.0000
0.0000
0.0000
0.0000
0.0000
0.0426
0.0000
0.0000
0.0000
0.0000
0.0000
0.0000
0.0000
0.0000
0.0000
0.0000
0.0000
0.0000
0.7608
0.0000
0.0000
0.6491
1.0622
1.9042
1.5137
0.0000
0.4453
0.0000
0.0000
0.0000
0.0000
0.0000
0.0000
0.0000
0.0000
0.0000
0.0000
1.5599
0.0000
0.0000
2.7734
0.0000
0.0000
0.0000
0.0000
0.7472
0.4237
0.0000
0.0000
0.0000
0.0000
0.0000
0.0000
1.2412
0.0000
0.0000
0.0000
2.3034
0.0000
0.0000
0.3085
1.0756
0.0000
0.0000
0.0000
1.0475
0.9802
0.0000
0.0000
0.0000
0.0000
0.7841
3.4806
0.0000
0.0000
0.8088
0.0000
1.9992
0.0000
0.0000
0.0000
0.0000
0.0000
0.0000
0.0000
0.0000
0.0000
0.0000
0.0000
0.0000
0.0449
0.0000
0.0000
0.5123
0.0000
0.0000
1.5865
0.0000
0.0000
1.9430
0.0000
0.0000
0.9119
0.0000
0.5932
1.7553
0.0000
0.0000
0.0000
2.9108
0.0000
1.3309
0.0000
1.1723
0.0000
0.0000
1.3359
0.0000
0.0000
0.0000
0.0000
0.0000
1.3009
0.6512
0.2629
1.2338
0.0000
0.0000
0.0000
0.7097
0.6527
0.0000
0.0000
0.5482
0.0000
0.0000
0.4629
2.7120
0.0000
1.0728
0.0000
0.0000
0.0000
1.1422
0.0000
0.0000
0.2641
0.0000
2.0068
0.0000
0.0000
0.0000
0.0000
0.0000
0.0000
0.0000
1.9663
0.1105
0.6339
3.5488
0.0000
0.0000
0.0000
0.0000
0.0000
0.0000
0.0883
0.0000
0.0000
0.3876
0.3768
0.0000
1.7929
0.0000
0.0000
0.2626
0.0000
0.0000
0.6238
1.7116
0.0000
1.4349
0.0000
0.0000
0.0000
0.0000
0.0000
0.0000
1.8651
0.0000
3.2136
0.1148
0.1967
0.0000
2.8689
1.8591
0.4340
1.1000
1.9849
0.0000
0.0153
0.0000
0.0000
0.0000
3.1047
0.0000
0.0000
2.8652
3.6032
0.0000
0.0000
0.0000
3.1249
0.0000
1.0953
0.0000
0.0000
0.0000
0.0000
0.0000
0.0000
0.3607
0.4422
0.0000
0.0000
0.0000
0.0000
0.0000
0.0000
0.0000
0.0611
2.5111
0.0000
0.0000
0.0000
0.0000
0.8967
0.0000
0.0000
0.0000
0.0000
1.6029
0.0000
0.0000
0.0000
1.5130
0.0000
1.3598
0.0000
0.0000
0.5612
0.0247
1.4979
0.2747
0.1366
0.0000
0.1786
0.0000
0.0000
0.0000
0.0000
0.0000
0.0000
0.0000
0.0000
0.0000
0.0000
0.0000
0.0000
0.7375
0.0000
1.0735
0.0000
0.3139
0.0985
0.0000
0.0000
0.0000
0.0000
0.0000
0.5145
0.0000
0.0000
0.0000
0.0000
0.0000
0.0000
0.0000
0.0000
0.0000
0.0473
0.0000
1.2216
0.0000
0.0000
4.1989
0.0000
0.0000
0.0000
0.0000
1.2987
0.0000
0.0000
0.0000
0.0000
0.0000
0.0610
0.0000
0.1211
2.5915
2.4877
0.0000
0.0000
2.1535
0.0000
1.1280
0.0000
0.0000
1.3826
0.0000
0.0000
0.1205
0.4730
2.6004
0.1035
0.0000
4.6254
0.0000
0.0870
0.0000
0.0000
1.4407
0.0000
3.0396
0.0000
0.0000
0.0000
0.2026
0.0000
0.0000
0.0000
0.0000
2.1133
0.0000
0.0000
0.0000
0.9675
0.8611
0.0000
0.0000
1.6093
0.3329
0.0000
0.0000
1.3185
1.2413
1.6394
0.0000
0.0000
0.0000
0.0000
0.0000
1.4900
2.4839
0.2777
4.3772
0.0000
0.5551
4.9815
0.3168
0.0000
0.0000
0.0000
0.0000
0.0353
1.7447
0.0000
0.0000
1.5006
0.0000
0.0000
0.0000
0.7400
0.1274
0.3440
0.6933
3.1472
0.0000
0.0000
0.0000
0.9630
0.0000
0.7485
1.6115
0.0000
0.0000
0.7583
0.0000
1.9412
0.0000
0.0000
1.7481
0.0000
0.6726
0.0000
0.0000
0.0000
2.7281
0.0000
0.0000
0.0000
0.0000
0.0000
0.6130
0.0000
0.0000
0.0000
2.8766
0.3581
0.0283
0.0000
0.0000
0.0000
0.0000
0.4413
0.0000
0.0000
0.0000
0.0000
0.0000
0.0000
0.0000
0.0000
0.0000
0.0000
0.6112
0.6411
0.0000
0.3383
0.0000
0.0000
0.0000
1.0862
0.0141
1.7904
0.0000
0.5627
0.0000
0.0000
0.0000
0.0000
0.4220
0.0000
0.0000
0.4724
2.2203
0.0000
0.0000
3.6569
0.0000
0.0000
0.9628
0.0000
0.0000
0.0000
0.6447
0.0000
0.0000
0.0000
0.0000
0.7994
2.7260
0.0000
0.0000
0.0000
2.7787
0.0000
2.2187
1.1827
0.0000
0.0000
0.0444
0.0000
0.1402
0.0000
2.9257
0.0000
0.7900
0.1593
0.0000
0.7905
0.0000
1.2740
0.0000
0.0000
0.0000
0.0000
2.3076
0.3490
0.0000
0.0000
0.0000
0.0000
0.0000
0.0000
0.0000
0.0000
0.0000
0.0000
0.0000
0.0000
0.0000
0.3806
0.0000
0.1044
0.0000
0.0000
0.0000
0.0000
0.0000
0.4857
0.3166
0.1527
0.6912
0.0000
1.3752
0.0000
0.0000
1.7041
0.0000
0.0000
1.6845
0.0000
0.0000
0.0000
0.0000
0.7530
0.0000
0.2532
2.8135
0.0000
0.0000
0.8680
0.8841
2.6038
0.0000
0.0000
0.0000
0.0000
0.0000
0.0000
0.0000
0.0000
0.0000
0.0000
0.0000
0.0000
2.2616
1.5283
0.0000
0.0000
1.4334
0.0000
0.0000
0.7604
0.0000
0.0000
0.0000
0.0000
2.8160
2.0533
0.0000
0.0000
1.0318
0.0000
0.3033
0.3387
0.0000
0.0000
0.0000
3.8232
2.6341
0.0000
0.0000
0.0000
0.0000
0.0000
0.0000
0.0000
1.8547
0.0000
0.2423
5.1324
0.0000
2.6527
0.0000
0.0000
0.0000
0.0000
0.3868
0.0000
0.0000
0.0000
0.2985
0.0000
0.0000
0.4613
0.2308
0.7821
0.0000
0.0510
0.0000
0.0000
0.5198
0.0000
0.0000
0.0000
0.0000
2.4583
0.0000
0.0000
0.0000
0.7009
0.0000
1.1203
1.9679
0.0000
0.5182
0.0000
0.0000
0.0000
0.0000
0.0000
1.4077
0.0000
0.0000
0.0000
0.0000
0.0000
0.0000
0.3719
0.0000
0.7624
0.0000
3.2297
0.0000
0.4309
1.4780
0.0000
0.0000
0.0000
0.0000
0.0000
0.0000
0.0000
4.1881
0.0000
0.0000
0.0000
1.8489
0.0000
0.1426
0.0000
0.7188
0.0000
2.5004
0.0000
0.0000
0.1844
0.0000
0.0000
1.3419
0.0000
0.0000
0.0000
0.0000
0.5198
0.0000
0.0000
0.0000
0.0000
0.0000
0.0000
0.0000
0.9966
0.0000
0.8455
0.0000
0.4108
1.4949
0.0000
1.8060
0.5117
0.0000
2.4950
1.4121
0.0000
1.2514
1.5156
0.0000
0.0657
0.7877
0.0000
0.0000
0.0000
0.1271
0.0000
0.0000
0.0000
1.2319
0.0313
2.3578
0.0000
5.2970
0.1684
0.0000
2.4672
0.0000
1.6600
0.0000
0.0000
0.0000
0.0000
0.9399
2.0248
0.0000
0.0000
0.0000
0.0000
1.0770
0.0000
0.0000
1.7924
0.0000
0.0000
1.8683
0.0000
0.9088
0.0000
0.0000
0.0000
0.0000
1.5797
0.0000
0.0000
0.0000
0.0000
0.0000
0.5449
0.0000
0.6324
0.0000
0.0000
0.0000
0.0000
0.0000
0.0000
0.0000
1.0540
0.6542
0.0000
0.0000
0.0000
0.0000
2.5182
0.0000
0.0000
0.0000
0.5002
0.0000
0.1701
0.0000
2.5549
0.0000
0.0000
0.0000
0.0000
0.0000
0.0000
0.5687
3.9969
0.0000
0.0000
1.0654
0.0000
0.0000
1.6443
2.4686
0.0000
0.2000
0.0000
2.2647
0.0000
0.0000
0.0000
0.0000
0.0000
1.8941
0.1510
0.3922
0.0000
0.0000
0.1631
0.0000
0.0000
1.5903
0.6252
0.0000
0.0000
0.0000
0.0000
1.9955
0.0000
0.0000
0.0000
0.0000
0.2944
0.0000
0.0000
0.0000
0.0000
1.2582
0.0000
0.0000
0.0000
0.9548
0.2935
1.5065
0.0000
4.2614
0.0000
0.1817
0.0000
1.7258
0.0000
0.0000
0.0000
0.0000
0.0000
0.0000
0.2743
0.0000
0.0000
0.0000
0.0000
0.0000
0.0000
0.0000
0.3901
0.4434
0.0000
0.0000
0.7650
0.0000
0.0000
0.0000
3.0563
0.0000
0.0256
0.0000
0.1275
0.0000
0.4258
0.0000
0.0000
0.0000
0.0000
0.0000
0.0000
0.2160
0.0000
0.0000
0.0000
0.0000
0.0000
0.0000
0.0000
0.0000
0.5310
0.6940
0.0000
0.0000
0.5256
0.0000
0.4400
0.0000
0.0000
0.0000
0.2019
1.3461
0.0000
0.0000
0.0000
0.0000
0.0000
1.7934
0.0000
1.3248
1.1177
0.0000
0.4524
0.0000
0.0000
1.2516
0.0000
0.0000
0.0000
0.0000
0.0000
2.5199
0.8301
0.9461
0.0000
0.0000
0.0000
2.8517
0.9139
0.0000
1.7660
0.0000
1.0815
0.0000
2.6192
0.9799
2.5204
0.0000
0.0000
0.0000
0.0000
0.0000
0.0000
2.9630
0.0000
0.0000
0.6345
0.0000
0.0000
0.0000
0.0000
0.2268
0.7834
0.0000
0.0000
0.0000
0.0000
0.0000
0.0000
0.0000
1.4532
0.1437
0.0000
1.0937
0.0000
0.0000
1.4652
0.0000
0.0000
0.0000
0.9895
0.0000
2.7153
0.2218
0.4212
0.0000
0.3470
0.0000
0.9447
0.4335
0.0000
0.0000
0.0000
0.0000
1.8496
1.1248
0.0000
0.0000
0.0000
1.7758
1.5400
0.0000
0.0000
0.0000
0.5051
0.0000
0.0000
0.0000
0.0000
0.0000
1.8544
0.0000
0.0000
0.0000
0.0000
0.0000
1.3553
3.0560
0.0000
0.0000
0.0510
0.0000
0.8090
0.0000
0.0000
0.0000
0.0000
0.0000
0.0000
3.0264
0.0000
0.3768
0.0000
0.0000
0.0000
0.0000
0.0971
0.0000
0.0000
0.0000
0.2783
0.0000
0.2879
1.2359
0.0000
0.0000
1.8616
0.6833
0.0000
4.2032
0.0000
0.0000
0.0000
0.0000
0.0000
0.0000
0.0000
1.5357
0.2419
0.0000
1.8219
1.2632
0.3142
0.0000
0.0000
0.6383
0.0000
0.8943
0.7895
0.0000
0.9307
0.3170
0.6842
2.3441
0.0000
0.0000
0.0000
0.0000
0.0000
2.7450
0.0000
0.0000
1.3694
3.2940
1.1143
0.0000
0.0000
0.0000
0.0000
0.0000
0.0000
0.0000
1.1410
0.4081
0.1997
0.0000
0.2610
0.0000
0.0000
0.0000
0.1911
1.4287
2.0493
3.5252
0.0000
0.0000
2.0696
0.3279
0.0000
0.0000
0.0000
0.0000
0.0000
0.0000
0.0000
2.2942
0.0000
0.8745
1.6095
0.6000
0.0000
0.0000
0.0000
0.3007
1.5763
0.0000
0.0000
0.0000
0.0000
0.0000
0.8857
1.9176
0.4739
0.0000
0.0000
0.0000
0.0000
0.8360
1.8635
1.4316
0.0000
1.1430
0.0000
0.0000
0.0000
1.0298
3.1114
0.0000
0.0000
0.0000
0.0000
3.3291
1.6484
0.0000
0.0000
0.0000
0.0000
0.0000
2.1246
0.0000
0.0000
3.6125
0.0000
0.0000
0.0000
0.0000
0.0000
0.4682
0.0000
0.0315
0.0000
0.0000
1.4077
1.8530
0.0000
0.6116
0.0000
0.0000
0.0000
0.0000
2.5574
0.6571
1.1032
0.2556
0.3454
0.4437
0.0000
0.0000
0.0000
0.0000
0.6910
0.6099
3.9762
0.0000
0.0000
0.0000
0.0000
0.0000
0.0000
0.0000
0.6262
1.9517
0.0000
0.0000
0.0000
0.4457
0.0000
0.1169
0.8139
5.3933
0.0000
0.0000
0.0000
0.1328
2.4263
0.0000
0.0000
0.0000
0.0000
0.0000
1.4088
0.0000
0.0000
3.8752
0.0000
0.0000
0.0000
0.0000
0.0000
0.9439
0.6387
0.0000
0.0000
0.0000
0.0000
0.0000
0.0000
0.0000
4.6828
0.0000
0.0000
0.0000
0.0000
0.0000
0.0000
0.0000
0.0000
0.0000
1.3611
1.0049
0.0000
0.0000
0.0000
0.0000
3.4568
0.0000
0.4840
1.3207
1.1527
0.0000
0.0000
0.0000
0.0000
0.0000
0.0000
2.2050
0.0000
0.0000
0.0569
0.0000
0.0000
0.0000
0.0000
0.7802
0.0000
0.0000
1.8344
3.0557
0.0000
0.2791
0.0000
0.0000
0.5571
0.0000
0.0000
0.2714
0.0000
0.0000
0.0000
0.8956
0.0000
0.0000
0.1773
1.6026
0.0000
0.0000
0.2374
0.0000
0.0000
1.1475
0.0000
0.1289
0.0000
0.0000
0.0000
5.6221
0.0000
0.1223
0.0000
0.0000
0.0000
2.0798
0.0000
0.0000
0.0000
0.0000
0.0000
0.0000
0.9892
0.6219
2.7044
0.0000
0.0000
0.0000
0.0000
1.2863
0.0000
2.9843
0.0000
0.0000
0.0000
0.4830
0.0000
0.0000
0.0000
0.0000
0.0000
0.0000
1.3250
0.0000
0.0000
0.0000
0.0000
0.0000
0.8770
0.0000
0.0000
1.4556
0.0000
2.0249
3.2891
3.4836
1.4409
0.1265
0.2893
0.0000
2.1907
0.0000
0.0000
0.0000
0.0000
0.0000
0.3165
2.2011
0.0000
0.0000
3.1025
0.0000
0.0000
0.4866
0.0000
0.0000
0.0000
0.0000
2.5548
0.3646
0.6353
0.3637
0.0000
0.0000
0.0278
3.8711
0.0000
0.0000
0.0868
0.0000
1.1419
0.0000
2.7716
0.0000
0.0000
0.0000
0.4621
2.6582
0.0000
0.0000
0.0000
2.6990
0.0000
1.1750
0.0000
0.0000
0.3628
0.7120
0.1518
0.0000
0.0000
0.0000
2.0904
0.0000
0.0000
0.0000
0.4119
0.0000
0.0000
3.2823
0.0000
0.0000
0.0000
0.0000
0.0000
2.7156
0.0000
0.0000
0.0000
2.0142
0.0000
1.2592
0.0000
0.0000
0.0000
0.0000
0.0000
1.9991
0.0000
0.0000
0.0000
0.0000
0.0000
0.0000
0.8122
0.0000
1.0541
0.0000
0.0000
0.0000
0.0000
0.0000
2.0434
1.7434
0.0000
1.0768
0.0000
0.0000
0.0000
0.0000
0.0000
0.0000
0.0000
0.5444
0.0000
1.5191
0.2676
0.0000
0.0000
1.7170
0.0000
0.0000
0.0000
0.0000
0.0000
0.0000
1.2446
0.0000
0.0000
0.0000
0.0000
0.0000
0.0000
2.0725
0.0000
0.0000
0.0000
0.0000
1.7207
0.0000
0.0000
0.0000
2.4406
0.0000
0.0000
0.0000
0.0000
0.3730
0.0000
0.0000
0.0000
0.3118
0.0000
0.0000
6.0039
0.0000
0.0000
2.5759
0.0000
0.2835
0.0000
0.0000
1.2044
0.0000
0.4733
1.0892
0.0000
0.0000
0.0004
3.8339
0.0000
0.0000
1.4340
0.0000
0.5081
0.0000
0.0000
2.0039
0.0000
0.0000
0.0000
0.0359
4.1788
0.0000
0.0000
0.0000
1.1705
0.0000
0.0000
1.3450
0.0000
0.0000
1.7014
0.0000
0.0000
0.0000
0.0000
0.4547
2.0217
0.0000
0.0000
0.0000
0.0000
0.0000
0.0000
0.0000
0.2999
0.0000
0.0000
0.3918
0.0000
0.2000
0.7061
0.0000
0.7999
0.0000
0.0000
0.0000
0.0000
0.0000
0.0000
0.0000
0.0000
0.0000
0.0000
0.0000
0.0000
0.0000
1.5109
0.0946
0.0000
0.0000
0.0000
1.8247
1.0267
0.0000
0.0000
0.0000
0.3959
2.3027
0.0000
0.6765
0.0000
3.6304
0.0000
0.0000
0.0000
0.0000
0.0000
0.0000
0.5328
0.0000
2.9989
0.0486
0.0000
0.2012
3.7505
0.0000
1.9274
0.0000
0.0000
0.0000
0.0000
3.1041
0.0000
0.0000
0.0000
0.0000
0.6249
0.0000
0.0000
0.0821
1.0075
0.1439
0.0000
0.8654
0.5882
0.0000
0.0000
0.0000
0.2554
0.0000
3.6136
0.0000
1.0966
0.0000
0.0000
1.1878
0.0000
0.5753
0.0000
1.8205
0.0000
1.4138
2.0256
0.0000
0.0000
0.4866
0.4430
0.0000
0.0000
0.9765
0.0000
0.0000
0.0000
0.0000
0.0000
0.0000
2.4955
0.2112
0.0000
0.0000
0.9086
3.2534
0.0000
0.0000
0.0000
0.0000
2.7386
0.0000
0.0000
0.5478
3.1968
0.0000
0.0000
0.1299
0.0000
4.3309
0.1994
0.8890
0.0000
0.1114
0.0000
0.0000
0.0000
0.0000
0.0000
0.0000
0.0000
0.0128
3.2598
2.3078
3.4997
0.8741
0.0000
0.5275
0.0000
0.0000
0.0000
0.0000
0.0000
2.4509
0.0000
0.0000
1.6502
0.0000
0.0000
0.0000
1.7527
0.0000
0.6100
0.0000
0.0000
0.0000
0.0850
0.0000
0.1775
0.0133
0.0000
0.5947
0.1407
1.3713
1.3534
0.0816
0.0000
0.0000
0.0000
0.0000
0.0000
0.4959
0.0000
0.0000
0.0000
0.7820
1.2452
0.9133
0.8059
0.5921
0.0000
0.0000
0.0000
2.2570
1.6070
0.0000
0.0000
0.0000
2.0428
0.0000
1.4726
0.0000
0.0000
0.0000
0.0000
0.9998
0.0000
0.0000
0.0000
0.0000
2.3862
0.0939
0.0000
1.6006
0.0000
0.8642
0.0000
0.6156
0.0000
0.4102
0.0000
0.0000
0.8291
0.3080
0.0000
0.0000
0.0000
0.0000
0.0000
0.5498
0.0000
0.0000
1.1812
0.0000
0.0000
0.0000
0.0000
0.0000
4.5806
2.2131
0.0000
0.0000
0.8236
0.0000
0.0000
0.0000
0.0000
1.2465
0.0000
0.0000
2.1081
0.0000
1.6576
0.3496
0.0000
0.0000
0.0000
0.3840
1.3330
0.0000
0.4248
0.0000
1.1267
0.0000
0.0000
0.0000
0.0000
0.3930
0.0000
0.0000
0.0000
0.0546
0.0000
0.0000
0.0000
1.2783
0.1885
0.0000
0.0000
1.4359
0.0000
2.3578
1.0231
0.7465
2.5019
0.5411
0.0000
1.7538
0.0000
0.0000
0.0000
1.0469
0.2242
0.0000
4.5546
0.0000
0.0000
4.2192
0.7108
1.9150
0.3229
0.0000
0.0735
0.0753
0.0000
0.0000
0.0000
0.4652
0.0000
0.0000
0.0548
1.2011
3.0062
0.0000
0.0000
0.3688
0.0000
0.0000
1.2497
0.0000
0.0000
0.0000
0.0000
0.0000
0.0000
