0.3099
0.0000
1.4823
0.0000
0.6833
0.0000
0.0000
0.0000
0.0000
2.8618
0.0000
0.0000
0.0007
0.3957
0.0000
0.0000
0.0000
0.0000
0.0000
0.0000
0.4688
0.0000
1.2693
0.5678
1.5370
2.1381
0.0000
3.9890
0.0000
0.0000
0.0000
0.0000
2.0513
0.0000
1.8677
0.0000
0.0000
0.8510
2.3027
1.5401
0.0000
0.2480
0.0000
0.0000
0.0000
0.3066
0.0000
0.0000
1.4257
0.1409
0.0000
0.0000
0.0000
0.9634
0.0000
0.0000
2.0334
0.7134
0.0000
0.0000
0.0000
1.0898
0.0000
0.9044
0.0000
0.0000
0.0000
0.0000
0.1571
0.0000
0.0000
2.3705
0.0000
0.0000
0.0000
0.0984
0.0000
0.0000
0.0000
0.9041
0.0000
0.0000
0.0000
0.0499
0.0000
0.0000
0.6195
2.0427
1.9985
0.0000
1.1897
0.0000
0.6451
1.6619
0.0000
0.0000
0.0000
0.0000
1.1835
0.0000
0.0000
0.0000
1.4264
0.0000
0.1485
0.0000
0.0000
0.0000
0.6765
2.0991
0.2885
0.0000
1.5133
0.0000
0.0000
0.0000
0.5964
0.0000
0.0000
0.0000
1.7622
1.7460
1.3445
2.1421
0.2592
0.0000
0.0000
0.0772
1.1502
0.4182
0.0000
0.0000
1.0668
0.0000
2.7304
0.0000
0.8574
1.6600
0.0000
1.9651
1.7300
0.0000
1.5725
2.0651
3.2407
0.0000
0.0686
0.9984
0.0000
0.0000
0.2593
0.0000
0.7533
0.1570
0.0000
0.0000
0.0000
1.0443
0.8662
0.0000
0.6007
0.0000
0.2685
0.0000
0.0000
0.9649
0.0000
0.0000
0.0000
2.5956
0.0000
0.0000
0.0000
0.0000
0.0000
0.0000
0.0000
0.8629
0.0000
4.1082
0.9223
2.8596
0.0000
0.0000
0.0000
0.0000
0.2927
0.0000
1.7742
1.5793
0.6001
0.0000
0.0000
0.0000
0.0371
0.0000
0.0000
1.2603
1.0262
3.3533
0.0000
0.1265
0.6830
0.0000
0.0000
0.0000
0.0000
0.1241
0.0000
0.0000
0.0000
0.0000
0.0000
0.7502
0.0000
0.0000
0.0000
0.0000
0.0283
0.1342
0.0000
0.0000
0.0000
0.0000
0.8203
0.0000
0.0000
0.8799
0.0000
0.4042
0.4866
0.0000
0.0000
0.0000
0.8004
0.0000
2.3519
0.0000
1.0224
0.0000
0.0000
0.0000
0.4161
0.0000
0.0000
1.1526
0.0000
0.0000
0.0000
0.0000
0.0000
0.0000
0.0000
0.2612
0.0000
1.1939
0.0000
0.0000
1.5502
0.0000
0.0000
0.3327
0.0000
0.8513
0.0000
0.0000
0.9239
0.0000
0.0000
0.5658
1.1713
0.0000
0.0000
1.8853
0.0000
0.0000
0.1174
1.7680
0.0000
0.0000
1.6144
0.0000
0.0000
0.0000
0.0000
0.0000
0.0000
0.0000
0.0000
0.0000
0.0000
0.0000
0.0000
0.0000
1.9949
0.2761
0.0000
1.7220
0.0000
2.1651
0.0000
0.0000
0.0000
0.0000
1.0758
0.0000
0.0000
0.0000
0.0000
0.0000
0.0000
0.8493
0.0000
0.9463
0.9114
0.0000
0.0000
0.0000
0.0000
1.9755
0.3880
2.9263
1.1752
0.0000
0.0000
2.2194
0.0000
0.2420
0.0000
1.3434
0.0000
0.0000
0.0000
0.0000
0.0000
1.0240
0.7872
0.0000
0.0000
2.5450
0.0000
0.0000
0.0000
0.0000
0.0000
4.5617
0.0000
0.0000
0.0000
0.0000
0.0000
3.3933
0.1741
0.0000
0.3031
2.2530
1.4489
0.0000
1.0808
0.0000
0.0000
0.0000
0.0000
0.0000
0.0000
0.0000
0.0820
0.7421
0.4738
0.1334
0.0000
0.8333
0.0000
0.0000
0.9043
0.0000
0.0000
1.8921
0.0000
0.0000
2.4567
0.0000
1.1049
0.0000
0.0000
0.0000
0.2226
0.0000
0.0000
0.7544
2.5546
0.0000
0.0000
0.0000
0.0000
1.9453
0.0000
0.0000
0.0000
0.0000
0.0000
0.1325
0.0000
0.0000
0.0000
0.0000
0.0000
0.0000
3.0020
0.0000
0.0000
0.0000
0.0000
2.7870
0.0000
0.2533
0.0000
0.0000
0.5582
0.0000
0.6765
0.0000
0.0000
0.0000
0.0000
0.0000
0.0000
1.8098
0.0000
0.0000
0.0000
0.0000
0.0000
0.5118
0.0000
0.0000
0.3942
0.0000
3.2956
0.0000
1.8370
1.2888
0.2162
0.0000
2.5986
1.3968
0.0000
0.2964
1.2700
1.7961
1.1459
0.0000
0.0000
0.6808
0.0000
1.3603
0.0000
2.2547
0.8934
0.0000
0.0000
0.0367
0.0677
0.0000
0.2736
0.0000
0.0000
0.0000
0.0000
0.0000
0.0000
0.6946
0.0000
0.2223
0.0000
0.1087
1.3656
0.0000
0.0000
0.0000
0.0000
0.0000
0.3451
1.9921
0.0401
0.7624
0.0000
1.4477
0.0000
2.8264
0.0000
0.0000
0.0000
0.0000
1.1552
1.2188
0.0000
0.0000
1.1366
0.0000
0.0000
0.0000
3.5449
0.0000
0.3392
0.0000
0.0000
0.0000
1.5584
0.9241
1.3912
0.5421
0.0000
1.3604
0.2268
0.4802
0.3498
0.8337
4.1758
0.0000
1.8106
3.0820
0.0000
0.6637
0.8189
0.0000
2.0241
0.0000
0.0000
0.0000
1.8598
0.0313
0.6178
0.0000
0.0000
3.1726
0.0000
0.9195
1.6592
0.0000
0.0000
0.6600
0.0000
0.0000
0.0328
0.0000
0.0000
0.0000
0.0000
0.0000
0.0000
2.7039
0.0000
0.0000
0.0000
0.0000
0.0000
0.0000
0.2532
0.0000
1.0756
0.2362
0.0000
0.0000
0.0000
2.3926
0.0000
0.0000
0.4415
0.0000
0.0000
0.0000
0.0000
0.0000
0.0000
0.0000
0.0000
1.0938
0.0000
0.0000
0.0000
0.0000
0.0000
0.0000
0.0000
0.0000
0.0000
1.7842
1.0342
0.0000
0.9820
0.5475
0.0000
0.0000
0.0000
0.0000
0.0000
0.0000
2.1930
0.0000
0.0000
2.5845
0.0000
0.0000
0.3970
1.5115
3.2465
0.0000
0.2304
0.5033
0.0000
0.2873
0.0000
3.0479
0.0000
1.5349
1.4418
0.4108
0.2686
0.0000
0.3397
0.0000
0.3197
0.0000
0.0000
0.9112
0.0000
0.3310
0.0000
0.0000
0.0000
0.0000
0.0000
0.0000
1.3778
1.2193
0.0000
0.7265
0.0000
0.0000
0.0000
0.0000
0.0000
0.0000
0.0000
0.0000
0.0000
0.0000
2.2359
0.0000
0.0000
0.0000
1.8274
0.0000
0.0000
0.0000
0.0000
0.0000
0.0000
0.0000
0.0000
0.2678
0.8262
0.0000
0.0000
0.0000
0.2835
0.0000
0.0000
0.0000
0.7423
0.0000
0.0000
0.0000
0.0000
0.9478
0.8490
0.0000
0.0000
0.0000
0.0000
0.7577
0.0000
0.0000
0.0000
0.0210
0.0000
0.7013
0.0000
2.2965
1.0597
0.0000
1.7977
0.0000
0.0000
0.0000
0.0000
0.0000
0.4060
0.0000
2.9328
0.0000
1.3494
0.0000
0.0000
0.2457
0.0000
0.4420
0.0000
1.8672
0.0000
1.8470
0.0000
0.0000
0.0000
0.0000
0.0000
0.5390
0.0000
0.0000
0.0000
0.0000
1.8800
1.3200
0.0000
0.0000
0.3928
0.0000
0.0000
1.7610
0.0000
0.0000
0.0000
0.0000
0.0000
0.0000
0.0000
0.8983
0.2504
3.1756
1.0757
0.3533
0.0000
1.7263
0.0000
0.0000
0.0000
1.1324
1.2670
0.0000
0.0000
0.0000
0.0000
0.0000
0.3643
0.0000
0.0000
0.0000
0.0000
0.0000
0.4492
0.0000
0.7356
0.0000
0.0000
1.3662
0.0000
0.7371
0.0000
0.0000
1.7513
0.4325
0.0000
0.0000
0.0000
0.3112
0.0000
0.0000
0.0000
0.4689
0.0000
0.0000
0.0000
0.0000
0.0000
0.0000
0.8342
0.0000
0.0000
0.0000
0.5203
0.0000
1.2715
0.0000
0.0000
0.0000
0.0000
0.0000
0.0000
0.1835
0.0000
0.0000
3.0456
0.0000
0.0000
0.0000
0.0000
0.0000
0.0000
0.0000
0.1893
1.1106
0.0000
0.8649
0.0000
0.0098
0.0000
0.0000
0.5893
0.3732
1.0958
0.0000
0.9933
0.0000
0.0000
0.0000
0.0000
0.0000
0.0000
0.9212
0.6934
1.0042
0.0000
0.0000
0.0000
0.0000
0.1858
0.0000
0.0000
0.0000
0.0000
0.0000
0.0000
0.3861
0.0000
0.0000
0.0000
0.0000
1.4836
0.0000
0.0000
0.7539
0.0000
0.0000
0.0000
0.0000
0.0000
0.0000
1.0878
0.0026
0.2748
0.0000
0.0000
2.9845
0.1342
0.0000
0.1763
0.0779
0.0000
0.0000
0.4059
0.0000
1.9234
0.0000
0.0000
0.6241
0.0000
1.7189
0.0000
1.1500
0.0000
0.0000
0.0000
0.0000
0.0000
0.0000
1.0234
0.0000
0.0000
0.0000
0.0000
0.0000
0.3089
0.0000
0.3970
0.0000
0.0000
1.2507
0.4898
0.0000
0.0000
0.0000
0.0000
0.0000
0.0000
0.0000
0.0000
0.0000
0.0000
0.1039
0.0000
0.0000
2.5762
0.0000
0.0000
1.2531
0.0000
0.0000
0.0000
0.0000
0.0000
0.0000
1.0365
0.0000
0.0000
1.5177
0.4309
0.0000
0.0000
0.0000
0.0000
0.0000
0.0000
0.2731
0.1879
0.4735
0.0000
0.0000
0.0000
0.3597
0.0000
0.0000
0.0000
0.0000
0.2235
1.1025
0.0000
0.0000
0.0000
3.6873
0.0000
0.6760
0.0000
0.0000
0.0000
0.0000
1.5545
0.0000
0.0000
1.2734
0.0000
0.0000
0.0000
0.4587
0.2137
0.0000
0.0000
1.8961
0.0000
0.0000
0.0000
0.0000
0.0000
0.0000
0.0000
0.0000
0.8902
0.0000
0.4989
0.0000
0.0000
0.4520
0.0000
0.9455
1.8311
2.3055
1.3599
0.0000
0.0000
0.0000
1.0785
0.0000
0.0000
0.0000
0.0000
0.0000
0.0000
0.0000
0.4965
2.5184
0.0296
0.0000
0.0000
0.0000
0.0000
1.6810
0.0000
0.0000
0.0000
2.9248
0.0000
0.3397
0.0000
2.3694
0.0000
0.0000
1.3298
1.5014
0.0000
1.7627
0.0000
0.8471
0.0000
0.0000
0.0000
0.9182
0.1384
0.0000
0.0000
1.7524
0.2830
0.0000
1.1870
1.4172
0.8702
0.0000
0.0250
0.0000
0.4557
0.0000
0.0000
1.3214
0.0000
0.0000
0.0000
0.0000
0.0000
0.0000
0.0000
0.0000
1.6372
0.0000
0.0000
0.0000
0.0000
0.0000
0.0000
0.0000
0.0000
0.0000
4.4718
0.0000
1.5261
0.0000
0.8700
2.1838
2.5913
0.0000
0.0000
0.9120
0.0000
0.0000
0.0000
0.0000
0.0000
0.8259
0.2771
0.0000
0.0000
1.1026
0.0000
0.0000
0.0000
0.0000
0.0000
0.7683
0.0000
1.0322
0.0000
0.0000
0.3476
0.3180
0.0000
0.0000
3.2959
0.0000
0.0000
0.0000
0.0000
0.2126
0.0000
1.4331
0.0000
0.8158
0.1734
0.0000
0.0000
0.0000
0.0000
0.0000
0.0000
0.0000
1.3558
0.0000
0.4365
0.0000
1.0641
0.0000
0.0000
1.2183
0.6628
0.0000
0.0000
0.0000
0.7016
0.0000
0.6356
0.0000
0.0000
0.0000
0.0000
0.3558
0.0000
0.0000
0.0000
0.0000
0.0000
0.0000
0.0000
0.3076
2.5170
0.0000
0.0000
0.0000
0.0000
0.1257
2.7815
0.0000
0.0000
0.0000
0.0000
1.8447
0.6067
0.9265
0.0000
0.0941
1.2895
0.0000
0.0000
0.0017
0.0000
0.0000
0.0000
0.0000
0.0000
0.0000
2.4472
1.1109
1.1964
1.1445
3.0813
0.7226
0.0000
2.2666
1.5781
0.3243
0.0000
0.7898
0.0000
0.0000
0.0000
1.8800
0.2660
0.0000
0.0000
0.0000
0.0000
0.0000
1.3981
0.0000
2.2070
0.0000
0.0000
0.0000
0.9161
0.0000
0.0000
0.0000
0.0000
0.0000
1.9816
0.2341
0.0000
0.0000
0.0000
0.0000
1.3992
0.3302
0.0000
0.0000
2.9733
0.0000
1.2127
0.0000
0.0000
0.0000
0.0000
0.0000
0.0000
0.0000
0.0000
0.0000
0.0000
4.3429
0.0000
0.0000
0.0000
0.3614
0.0000
0.0000
0.0000
0.0000
0.0614
0.0000
0.0000
0.0000
1.1660
0.0000
0.8971
0.0000
0.0000
0.0000
0.0000
0.0000
0.3891
0.0000
0.0000
0.0000
2.3200
0.0000
0.0000
0.2114
1.7289
0.0000
0.0000
0.0000
0.0000
1.5804
0.4417
0.0000
0.0000
0.0000
0.0000
0.5360
0.0000
0.0000
0.0000
0.0000
0.0000
0.0000
0.0000
2.1038
3.3577
0.0000
0.7774
0.7040
0.9962
0.0000
0.7202
0.5345
0.0000
0.0000
0.1646
0.0000
0.0000
1.0901
0.6046
0.0000
0.0000
0.0000
0.0000
0.0000
0.9814
0.0000
0.0000
0.2324
0.0263
0.0000
0.0000
0.0000
0.0000
0.0000
2.5112
0.0000
0.0000
0.1288
0.0000
0.0000
0.0000
0.0000
0.0000
0.0000
0.0000
0.0000
1.8433
1.5672
0.1098
0.0000
0.0000
0.4748
0.0000
0.3084
0.0000
0.0000
1.0407
0.4139
0.0000
0.1374
0.0000
0.0000
0.0000
0.0000
0.0000
0.8354
0.2689
0.4082
0.0000
0.0074
0.0000
0.0000
0.0000
0.0000
0.0000
0.0000
0.0000
0.0000
0.0000
0.0000
0.0000
0.0000
0.0000
0.0000
0.0000
0.0000
0.7815
0.0000
0.0000
0.0000
0.0000
0.1655
0.0000
0.0000
1.3225
0.0000
0.7242
0.0000
0.0952
0.0000
0.8113
1.8028
0.0000
0.0000
0.0000
0.0000
0.0000
0.0000
0.0000
0.0000
0.8287
0.0000
0.0000
0.0000
1.6876
0.5231
0.7961
0.9604
0.0000
1.1680
0.0000
0.0000
3.1220
0.0000
3.0736
0.0517
0.1258
1.0425
0.0000
2.1408
1.2571
3.3609
0.0000
0.2533
0.0000
0.0000
0.0000
0.3150
0.0000
1.1061
0.0000
0.0000
0.0000
0.0000
1.3081
0.7542
0.0000
0.0000
0.0000
2.5540
0.9266
0.5353
0.0000
0.0000
0.0000
0.0000
0.3116
0.8233
0.0000
2.5528
0.0000
0.0849
0.7364
1.3009
0.0000
1.4591
0.0000
0.9046
0.0000
0.2253
0.4922
0.0000
0.0000
0.0000
0.0000
0.0000
1.1970
0.0000
0.1914
1.4489
0.0000
2.0476
0.0000
0.0000
0.0000
0.0000
0.0000
0.5793
0.0000
0.9674
0.0000
0.0000
0.0000
0.0000
2.2690
0.6828
0.0000
0.0000
0.0000
1.0092
0.0000
0.0000
0.0000
0.0000
0.0000
0.0000
0.1513
0.0000
1.0317
0.0000
0.3942
0.0000
0.0000
0.0000
0.0000
0.0000
0.0000
1.4363
4.3419
2.5506
0.0000
1.5990
0.0000
0.0000
0.0000
0.1031
0.0000
1.0818
0.0000
0.0000
0.0000
0.0000
0.0000
0.0000
1.0034
0.2195
0.0000
0.2962
0.0000
0.0000
0.0000
0.1771
0.0000
0.0000
3.1494
0.0000
0.4529
0.0000
0.0000
0.0000
0.0000
2.4333
0.0000
1.4510
1.2546
0.0000
0.0000
0.2653
0.0000
0.0000
0.0000
0.0000
0.0000
1.2334
0.0000
0.0000
0.0000
0.0000
0.0000
0.3731
0.7289
1.6014
0.0000
0.0000
0.0000
0.0000
0.0000
0.0000
0.0000
0.0000
0.0000
0.0000
0.0000
1.7065
0.7191
0.0000
0.0000
0.0000
0.0000
0.5267
0.0000
0.0000
0.2722
1.2737
0.0000
1.5483
0.0000
0.0000
0.0000
0.3993
0.0000
1.5583
0.0000
0.0000
0.0000
0.0000
0.0000
2.8514
0.9063
0.2934
0.1639
0.0000
0.0000
0.0000
0.0000
0.0000
0.0000
0.0000
0.9764
0.0000
0.0000
0.7588
0.5482
0.5906
0.6364
0.0000
2.0781
0.0000
0.0000
0.0737
0.0000
0.1133
0.0000
0.0000
0.6154
2.1712
0.0000
2.9677
0.0000
0.0000
0.3017
0.0000
0.0000
0.0000
0.0000
0.0000
0.0000
2.1010
0.0000
0.0240
1.7874
2.4560
0.8031
0.5716
1.8102
0.0000
0.0000
0.0000
0.0000
1.1568
0.0000
0.0000
0.0000
1.3759
1.5681
0.0000
0.0000
1.0086
0.0000
0.0000
0.3896
0.2421
0.0000
0.0000
0.0000
0.0000
0.0000
0.0000
1.1048
0.0000
0.0991
0.0000
2.5147
0.0000
0.0000
0.6624
0.0000
0.0000
0.5465
0.0000
2.2371
2.1791
1.0240
0.0000
0.0000
0.0000
0.0000
0.3157
0.8056
0.0000
0.0000
0.0000
0.0000
0.0000
0.3689
0.0000
1.9447
0.0000
2.2856
1.5639
0.0000
0.0000
0.0000
0.5474
0.0000
0.0000
0.0000
0.0000
0.0000
0.0000
0.4291
0.0000
0.0000
0.0000
0.0000
0.0000
0.0000
0.0000
0.0000
0.0000
0.3420
0.5036
0.0000
0.0000
0.0000
1.9632
0.2575
0.5558
0.0000
0.0000
0.0000
2.7347
0.0000
0.0000
0.0000
0.0000
0.0000
1.9450
0.8310
1.2757
0.0000
1.2268
0.0000
1.8758
0.0000
0.5630
0.2018
1.2736
1.4112
0.0000
0.0000
0.0000
0.0000
0.1384
0.0000
0.0000
0.8073
1.9379
0.5905
1.1857
0.0000
0.5662
0.0000
0.0000
0.0000
0.0000
0.0000
0.0000
0.0000
1.9575
2.5637
0.0000
0.0000
0.0000
1.9340
0.0000
0.9882
1.0485
0.9485
0.0000
0.3036
0.0000
0.7701
3.1674
0.1484
2.2052
0.0000
0.9785
0.9462
0.0000
0.0000
0.2810
0.0000
0.0000
0.6306
0.7829
2.5613
0.0000
0.0000
2.2543
0.0000
2.0505
0.0000
0.0000
0.0000
0.2427
0.0000
0.0000
0.0932
1.3522
0.2255
0.0000
2.5043
0.0000
1.1566
0.0000
0.2297
0.8759
0.0000
0.0000
0.0000
0.0000
2.5804
1.0643
0.0000
0.8597
1.0222
0.0000
0.0000
3.8759
0.0000
0.0000
0.0000
0.0000
2.1287
0.0000
0.0000
0.2833
0.0000
0.0000
0.0000
0.6730
0.0000
2.6239
0.0000
0.0000
0.0000
0.0000
3.1500
0.0000
3.1189
0.6927
1.3669
0.0000
0.0000
0.0000
0.0000
0.0000
0.0000
2.7210
0.0000
0.5296
0.0000
0.0000
0.0000
0.0000
0.2705
0.0000
1.5800
0.0000
0.0000
0.0000
0.0000
0.8443
0.3568
0.2376
0.0000
1.1639
0.0000
0.0000
0.0000
0.8825
0.0000
0.0000
0.0000
0.0000
0.0000
0.8118
0.0000
0.8132
0.0000
0.0000
0.0000
0.8043
0.0000
1.4911
0.0000
0.0000
0.1856
0.0000
0.4007
0.0000
1.9010
0.0000
0.9930
0.0000
0.0000
0.0000
0.0000
1.5846
0.0000
0.0000
0.9395
1.1696
0.0000
0.0000
0.0000
0.0000
0.0000
2.2417
0.0000
0.0000
0.0000
0.0000
0.0000
0.0000
1.0543
1.8119
0.0000
0.0000
0.0000
1.8529
0.0000
0.0000
0.0000
0.1197
0.0000
1.5451
0.0000
0.0000
0.4643
0.0000
1.2616
0.1591
0.0000
1.4528
1.4614
0.0000
0.0000
0.0000
3.8835
0.0000
0.0000
0.5999
0.0000
0.0000
0.0000
0.0000
1.0994
0.0000
1.2108
0.0000
0.0000
2.1326
0.0000
0.0000
0.0000
0.0000
0.0000
0.0000
0.0000
1.7540
0.0000
0.0000
1.1002
2.9729
1.0214
0.2601
0.0551
0.0000
0.0000
0.0000
0.0000
0.0000
2.7336
0.0000
0.0000
2.6192
1.8674
0.0000
0.0000
0.0000
0.9359
0.9880
0.0000
0.0000
1.0183
0.0000
0.0000
0.0000
0.0000
1.3171
0.1645
0.0000
0.0000
0.0000
0.0000
1.3849
0.0000
1.0794
0.0000
0.0000
0.0000
0.0000
0.0048
0.0000
0.0000
0.0000
2.1246
1.3696
0.0000
0.0581
0.2254
0.0000
0.0000
2.3668
1.3982
0.0000
0.0000
0.0000
0.0000
1.8657
1.4137
0.8714
0.0000
0.0000
0.0000
0.0000
3.4088
0.7427
0.0000
0.0000
0.5872
1.0452
0.0000
0.0000
0.0000
0.0000
0.0000
0.0000
0.0000
0.0000
0.0000
0.0000
1.1153
2.0066
0.0000
1.1160
0.0000
0.0000
0.0000
0.0000
0.0000
1.5663
0.0000
0.0000
0.2698
0.9542
0.0000
0.0000
2.0282
0.5406
0.0000
0.0000
0.5800
0.0000
0.0000
0.0000
0.0000
0.0000
0.2073
0.0000
3.5733
0.0000
0.4980
0.0000
0.0000
0.0000
0.1639
0.0000
2.4748
0.0000
0.0000
0.0000
0.0000
0.0000
0.0000
0.0000
0.0000
0.0000
0.0000
1.9140
0.0000
0.5685
0.0000
0.0000
0.0000
0.0000
1.7875
0.0000
0.0000
0.0000
0.0000
1.3783
0.0000
0.0699
0.0000
0.0000
0.0000
1.7720
0.0000
1.6782
0.9575
0.1551
0.0000
0.0000
0.0000
0.0000
0.0000
1.2382
0.0000
0.1794
0.0000
1.1819
0.0000
3.2935
0.0000
0.4348
0.0000
0.0000
0.0000
1.0258
0.0000
0.0000
2.9774
0.0000
1.4900
0.0000
0.5741
0.0000
0.2146
0.8279
0.0000
0.0000
0.0000
0.0000
0.0000
0.0000
0.0000
0.0000
0.0000
0.0000
0.0000
0.0000
0.0000
0.2364
1.4291
1.5524
2.2528
0.2071
1.2608
0.0000
0.0000
0.0000
0.0000
0.0000
0.0000
1.8476
2.5225
2.2739
0.0000
0.0000
0.0000
1.3811
0.0000
0.0000
0.0000
0.0000
0.0000
0.0000
0.0000
0.6020
0.0000
0.0000
0.0000
0.0000
0.7563
1.3448
0.0000
0.1191
0.0000
0.0000
0.0000
0.0000
0.0000
0.0000
0.1041
0.2380
0.0000
0.0000
1.4293
0.8219
0.0000
0.0000
0.0000
0.0000
0.1262
0.9324
0.8209
0.0000
0.0000
0.0000
0.0000
0.0000
0.6606
0.4486
0.0000
0.0000
1.1635
1.2709
0.4147
0.0000
0.0000
0.0000
0.8343
0.0000
0.0000
0.0000
1.4109
0.0000
0.0000
2.4217
0.0000
0.0000
0.0000
0.7600
0.9248
0.0000
1.3995
0.0000
0.0000
2.8558
0.0000
0.0000
0.0000
1.1033
0.0000
0.4914
0.3606
0.0000
0.9298
0.0000
0.0000
0.5303
0.0000
0.0000
0.0000
0.0000
0.3328
0.0000
0.6886
0.0000
0.0000
0.0000
0.0000
0.0000
0.6054
0.0000
0.1114
0.0000
0.0000
0.0000
0.0000
0.0000
0.0000
0.0000
0.1109
0.0000
0.5472
0.2750
0.0000
0.0000
2.0282
0.1839
1.8897
0.0921
0.0000
0.0000
0.0000
0.0000
0.1218
0.0000
0.0000
0.0000
0.0000
0.0000
0.0000
0.0000
1.2925
0.0000
0.0000
2.9339
0.0000
0.0000
0.0000
0.0000
0.0000
0.1862
0.0000
0.3141
0.0000
0.0000
0.0000
0.0000
2.5170
0.0000
0.0000
0.6234
1.9118
0.0000
0.0000
0.0000
0.0000
0.0000
0.0000
0.0000
1.3352
2.7439
0.3871
0.0000
2.4439
0.0000
1.5401
4.4759
0.0000
0.0000
0.8948
0.0000
1.0243
0.0000
0.0000
0.0000
0.0000
0.0000
0.0000
0.0000
0.0000
0.0000
0.0000
0.0000
0.0000
0.0000
0.0000
0.0000
1.4806
0.0000
0.0000
0.2290
0.0000
0.0000
2.8480
0.0000
0.0000
1.1994
0.0000
0.5339
1.5899
0.0000
0.3528
0.0000
2.0734
0.0000
0.0397
0.0000
1.6474
0.0000
0.0000
2.0258
0.0000
0.0000
0.0000
0.0000
0.0000
2.4740
0.0000
0.0000
0.6120
0.2591
0.4513
0.0000
0.0881
0.0000
0.0000
0.0000
0.4687
0.2495
0.0000
0.0000
3.3407
0.4773
1.3881
0.2359
0.0000
0.1686
0.5270
0.0000
0.0000
0.4793
0.0000
1.5917
0.0000
0.0000
0.0000
0.0000
0.0000
0.0000
0.0000
1.8565
0.0000
0.0000
1.9839
0.0000
0.0000
0.0000
0.0000
0.0000
0.0000
1.3644
0.0000
0.0000
0.0000
0.0000
0.0000
1.1267
0.0000
0.0000
0.0000
0.0000
0.0000
0.2137
0.9240
0.0000
0.7103
0.0000
0.0000
0.0000
0.0000
0.0000
0.0000
2.3545
0.0000
2.6856
0.1684
0.0000
0.0000
1.8024
0.8925
0.1691
0.0931
1.5313
1.0638
0.0000
0.0000
0.0000
0.0000
1.4601
0.0000
0.0000
2.8879
0.9009
0.0000
0.0000
0.0000
3.9292
0.3728
0.5706
0.0000
0.0000
0.0000
0.0000
0.0000
0.0000
0.0928
0.0000
0.0000
0.0000
0.0000
0.0000
0.0000
0.0000
0.0000
1.9467
1.6233
0.0000
0.0000
0.0699
0.0000
0.0754
0.0000
0.0000
1.3611
0.0000
1.2149
0.3563
0.0000
0.0000
0.1160
0.0000
0.8041
0.0000
0.0000
1.3801
0.0000
0.2124
0.9231
0.8044
0.0000
0.9707
0.0000
0.0000
0.0000
0.0000
0.0000
0.0000
0.0000
0.0099
0.5821
0.0000
0.0000
0.0000
0.0109
0.0000
0.6216
0.0000
0.0000
0.4649
0.4275
0.0000
0.0000
0.0000
0.0000
1.3171
0.0000
0.2953
0.0000
0.0000
0.0000
0.0000
0.8914
0.0000
0.4424
0.0000
0.0000
1.9344
0.0000
0.0000
2.0095
0.0000
0.4648
0.0000
0.0000
0.9596
0.0000
0.0000
0.0000
0.0000
0.0000
0.0000
0.1969
0.6514
0.0000
1.0054
0.0000
0.0000
1.5363
0.0000
1.6389
0.6735
0.0000
0.0000
0.0000
0.0000
0.0000
0.3000
2.4364
0.0000
0.0000
3.5403
0.5836
0.0000
0.0000
0.0000
2.1615
0.0000
2.4084
0.0000
0.0000
0.0000
0.0837
0.0000
0.2720
0.0000
0.0000
3.8911
0.0000
0.0000
0.0000
1.6897
0.0000
0.0000
0.0000
1.6912
0.1248
0.0000
0.0000
1.2014
1.4333
0.6974
0.0000
0.0000
0.8159
0.0000
0.0000
0.0000
1.5615
2.7881
3.1570
0.0000
0.5075
2.9428
0.0000
0.0000
0.0000
0.0000
0.0000
0.0945
1.0412
0.0000
0.0000
1.7669
0.0000
0.0000
0.0000
1.0663
0.0000
1.0666
0.0000
1.1537
0.0000
0.0000
0.0000
1.1707
0.0000
2.0133
1.0835
0.0000
0.0000
1.9325
0.0000
2.7646
0.0000
0.0000
1.6948
0.4197
0.0000
0.0000
0.6501
0.3798
2.8721
0.0000
0.0000
0.0000
0.0000
0.0000
0.7042
0.0000
0.0000
0.0000
1.7030
0.0000
0.0000
0.0000
0.0000
0.0000
0.0000
0.6283
0.0000
0.0000
0.0000
0.5434
0.0000
0.0000
0.2293
0.0000
0.0000
0.0000
0.6744
0.6671
0.0000
1.4538
0.0000
0.0000
0.0000
1.7506
0.8124
1.8127
0.0000
0.0000
0.0000
0.8968
0.0000
0.0000
1.9571
0.0000
0.6593
0.0000
2.1576
0.0000
0.0000
4.8652
0.0000
0.1120
1.8236
0.0499
0.0000
0.0000
0.6767
0.0000
0.0000
0.0000
0.0000
0.7603
2.0272
0.1797
0.0000
0.0000
2.4970
0.0000
1.4725
3.3847
0.0000
0.0000
0.1312
0.0000
0.0000
0.0000
2.6525
0.0000
0.1468
0.9158
0.0000
0.5225
0.0000
0.3486
0.0000
0.0000
0.0000
0.0000
2.9780
1.1962
0.0000
0.4965
0.7769
0.0000
0.0000
0.0000
0.0000
0.0000
0.0000
0.0000
0.0000
0.0000
0.3250
0.0000
0.0000
0.1867
0.0000
0.0000
0.0000
0.0000
0.1531
0.0000
0.0836
0.0000
1.2164
1.2360
0.0000
0.0000
0.0000
0.0000
0.0000
0.1640
0.3185
0.0000
0.0000
0.2187
0.0000
0.8579
0.0000
0.7927
2.2697
0.0000
0.0000
0.0000
1.1069
3.3596
0.0000
0.0000
0.2132
0.0000
0.0000
0.0000
0.0000
0.2004
0.0000
0.0000
0.0000
0.2718
2.4811
1.7213
0.0000
0.0000
1.4463
0.0000
0.0000
0.5342
0.0000
0.0000
0.0000
0.0000
3.8778
2.0218
0.0000
0.0000
2.3615
0.0000
0.0000
1.0102
1.9103
0.0000
0.0000
3.0407
2.2717
0.0000
0.0000
0.0000
0.0000
0.0000
0.0000
0.1082
1.2499
0.0000
0.0000
4.0609
1.1369
2.4780
0.0000
0.0000
0.0000
0.0000
0.0000
0.0000
0.0000
0.0000
1.3996
0.0000
0.0000
0.0000
0.2939
0.2227
0.0000
0.0000
0.0000
0.0000
0.0000
0.0000
0.0000
0.0000
1.1702
3.1845
0.0000
0.8540
0.0000
0.0000
0.0000
2.1498
2.1601
0.0000
0.0000
0.0000
0.0000
0.0000
0.0000
0.0000
0.7596
0.0000
0.0000
0.0000
0.0000
0.0000
0.0000
0.0000
0.0000
2.3045
0.0000
2.3195
0.0000
0.0000
0.3681
0.0000
1.3687
0.0000
0.0000
0.0000
0.0000
0.2244
2.6374
0.0000
0.0000
0.0000
1.7578
0.0366
0.0778
0.0000
0.1522
0.0000
2.0606
0.0000
0.0000
0.0000
0.0000
0.0000
0.5904
0.0000
0.0000
0.0000
0.0000
0.5351
0.0000
0.0000
0.0000
0.0000
0.6403
0.0000
0.0000
0.5763
0.4505
0.4571
0.0000
1.3266
0.4679
0.0000
3.2869
0.0000
0.2203
3.0601
1.7665
0.0000
1.2906
0.8448
0.0000
0.3085
0.0000
0.0000
0.0000
0.4860
0.0000
0.0000
0.0000
0.0000
1.0320
0.0000
1.0086
0.0000
3.1544
0.0000
0.0000
1.2582
1.4869
3.8072
0.0000
0.0000
0.0000
0.0000
2.4968
2.5279
0.0000
0.0000
0.0000
0.0000
1.9398
0.0000
0.0000
2.8094
0.0000
0.0000
2.9688
0.0000
1.0615
0.0000
0.0000
0.0000
0.0000
1.6407
0.0000
0.0000
0.0000
0.0000
0.0000
0.0000
0.0000
0.5375
0.1758
0.4462
0.0000
0.0000
0.0000
0.0000
0.0000
0.8728
0.2896
0.0000
0.0000
0.0000
0.0000
2.5804
0.0000
0.0000
0.0000
0.0000
0.0000
0.5126
0.3104
1.3636
0.0000
0.0000
0.0000
0.0000
0.0000
0.0000
0.6647
2.7822
0.0972
0.0000
1.2584
0.0000
0.0000
1.1744
1.0372
0.0000
0.0000
0.0000
1.8713
0.0000
0.0000
1.1851
0.0000
0.0640
0.5809
0.0000
0.0000
0.0000
1.4985
0.0000
0.0000
0.0000
0.0000
0.2822
0.5763
0.0000
0.0000
0.0000
0.3621
0.0000
0.0000
0.0942
0.0000
0.0000
0.0000
0.0138
0.0000
0.2516
0.0000
0.3940
0.0000
0.0000
0.7381
1.5063
2.3193
0.0000
3.7193
0.6818
1.8073
0.0893
1.1093
0.0000
0.0000
0.0000
0.0000
0.1108
0.0000
0.0000
0.0000
0.0000
0.0000
0.0000
0.0000
0.0000
0.0000
0.5115
0.0000
0.2297
0.0000
0.7143
0.0000
0.0000
0.0000
1.1777
0.0000
0.0000
0.0000
1.3039
0.0000
0.2583
0.0000
0.3713
0.0000
0.0000
0.0000
0.0000
0.0000
0.0000
0.0000
0.0000
0.0000
0.0000
0.0000
0.0000
0.0000
0.0414
0.0000
0.0000
0.0000
1.0146
0.0000
0.1922
0.0000
0.8707
0.0000
0.7252
0.1825
0.0000
0.0000
0.2279
0.0000
0.0000
0.0136
0.0000
1.3751
0.0000
0.0000
0.9331
1.3887
0.0000
0.1032
0.0000
0.0000
0.0000
0.0000
0.0000
3.1003
1.6427
0.2987
0.0000
0.0000
0.0000
0.5487
1.1776
0.0000
0.0000
0.0455
2.6177
0.0000
1.7365
1.0060
1.1394
0.0000
0.0000
0.0000
0.0000
0.0000
0.0000
3.2025
1.0146
0.0000
0.0000
0.0000
0.1729
0.0000
0.0000
0.0607
0.5486
0.0000
0.0000
0.0000
0.0000
0.0000
0.0000
0.0000
0.5139
0.0000
0.0000
0.6111
0.9982
0.0000
2.1921
0.0000
0.0000
0.0357
1.0117
0.0000
2.4655
0.0000
0.0000
0.0000
0.2159
0.0000
0.8456
0.6729
0.0000
0.0000
0.0000
0.0000
1.5621
0.1047
0.0000
0.0000
0.0000
2.3406
0.6809
0.0000
0.0000
0.0000
0.0000
0.0000
0.0000
0.0000
0.0000
0.0000
1.8944
0.0000
0.4960
0.5422
0.6211
0.0000
1.3039
1.5886
0.0000
0.5593
0.0000
0.0000
0.2114
0.0000
0.0000
0.0000
0.0000
0.0000
0.0000
2.3113
0.0000
0.4198
0.0000
0.0000
0.0338
0.0000
0.0000
0.0000
0.0000
0.0000
0.0000
0.0000
0.0000
0.0000
0.0000
0.0000
0.4307
0.7754
0.0000
3.5644
0.0000
0.0000
0.0000
0.0000
0.0000
0.0000
0.0000
0.3280
0.0000
0.0000
0.3322
0.0000
0.0000
0.0000
0.0000
0.3829
0.0000
1.6904
0.0000
0.0000
0.4870
0.0536
0.2220
1.7753
0.0356
0.0000
0.0000
0.0000
1.2882
2.0679
0.0000
0.0000
0.5664
2.9797
2.2149
0.0000
0.0000
0.5497
0.0000
0.8973
0.0000
0.0000
0.6922
0.0000
1.6240
0.0000
0.4480
0.0000
0.0000
0.0000
1.0201
0.0000
1.4273
0.6464
0.0000
0.0000
1.8948
0.0000
0.0000
0.0437
0.0000
0.0000
0.0000
0.0000
0.0000
1.3185
0.0000
0.1915
2.9907
0.0496
0.0000
0.0000
0.5005
1.8769
1.4703
0.0000
0.0000
0.0000
0.0000
0.0000
0.0000
3.8124
0.0000
0.0000
0.0000
0.0000
0.0000
0.0000
2.7407
0.2782
1.4030
0.0000
0.0000
0.0000
0.0000
1.0523
2.6503
0.0000
0.0273
0.0000
0.0000
3.1355
1.1800
0.0000
0.0000
0.0000
0.0000
0.0000
2.1882
0.0000
0.0000
1.6136
0.0000
0.0000
0.0000
0.0000
1.3630
1.0716
0.0000
0.2445
0.0000
0.0000
1.2205
1.3987
0.0000
1.2883
0.0000
0.0000
0.0000
0.0000
2.6036
0.0000
2.0778
0.0000
1.0124
1.4904
0.0000
0.0000
0.0000
0.0000
0.0000
0.0000
3.7226
0.0000
0.0000
0.0000
0.0000
0.0000
0.0000
0.0000
0.0000
0.0000
0.0000
0.0000
0.0000
0.0000
0.0000
0.5097
2.3748
5.3529
0.0000
0.0000
0.0000
0.0000
1.0246
0.0000
0.0000
0.1757
0.0000
0.0000
1.5535
0.0000
0.0000
2.4470
0.0000
0.0515
0.7203
0.0000
0.0000
0.0000
0.0000
0.0000
0.2237
0.0000
0.0000
0.0000
0.0000
0.0000
5.4252
0.0000
0.0000
0.0000
0.0000
0.0000
0.0000
0.0000
0.0000
0.0000
0.2126
0.0911
0.1533
0.0000
0.0000
0.0000
0.3549
0.0000
1.7947
1.4670
1.6616
0.0000
0.0000
0.0000
0.0000
0.0000
0.0000
2.2863
0.0000
0.1030
0.0000
0.0000
0.2951
0.0000
0.0000
0.0000
0.0000
0.0000
1.1830
3.0578
0.2396
0.4624
0.0000
0.0000
1.9686
0.0000
0.0000
0.6526
0.0000
0.2809
0.0000
1.7894
0.0000
0.0000
0.3058
0.7713
0.0000
0.0000
0.0543
0.0000
0.0000
0.0000
0.0000
0.0000
0.0000
0.0000
0.0000
4.1247
0.0000
0.0000
0.0000
0.0000
0.7200
2.3286
0.0000
0.0000
0.0000
0.0000
0.0000
0.0000
1.0762
0.0000
1.9907
0.0000
0.0000
0.0000
0.0000
0.9679
0.0000
2.9453
0.0000
0.0000
0.0000
1.9283
0.0000
0.0000
0.0000
0.0000
0.0000
0.2025
1.8460
0.0000
0.0000
0.0000
0.0000
0.6361
0.0000
0.0000
0.0000
3.0716
0.0000
0.1827
2.3143
3.8759
0.0000
0.0000
0.0000
0.7788
1.0335
0.0000
0.0000
0.0000
0.0000
0.0000
0.9582
1.4055
0.0000
0.0000
3.2727
0.0000
1.6818
0.7099
0.5285
0.0000
0.0000
0.0000
3.0501
0.9137
0.4400
0.0000
0.0000
0.0000
0.0000
3.6108
0.0000
0.4139
0.3070
0.9546
1.9597
0.0000
0.9957
0.0000
0.0000
0.0000
0.5448
2.5434
0.0000
0.0000
0.0000
0.3459
0.0000
1.4831
0.0000
0.0000
0.0000
0.0000
0.0000
0.0000
0.0000
0.0000
1.7595
0.0000
0.0000
0.0000
0.4602
0.9795
0.0000
0.7450
0.0000
0.0000
0.0000
0.0000
0.6713
0.8563
0.0000
0.0000
0.0465
2.0045
0.0000
1.8513
0.0697
0.0000
0.0000
0.0000
0.0000
0.8761
0.1648
0.0000
0.0000
0.0000
0.0000
0.0000
0.5493
0.0000
0.0152
0.0000
0.0000
0.0000
0.0000
0.0000
1.2606
1.8073
0.0000
1.6047
0.0000
0.0000
0.0000
0.0000
0.0000
1.2838
0.6895
0.0000
0.0000
2.1379
0.0000
0.0000
0.0000
1.3055
0.0000
0.0000
0.1727
0.0868
0.0000
0.0000
2.2030
0.0000
0.0000
0.0000
0.0000
0.0000
1.1062
0.3075
0.0000
0.0000
0.0000
0.0000
2.0216
0.0000
0.0000
0.0000
2.2513
0.0000
0.0000
0.0000
0.0000
0.0000
0.9316
0.0000
0.0000
0.2705
0.0000
0.0000
4.1581
0.0000
0.0000
2.4302
0.3752
0.0000
0.1006
0.0000
0.8279
0.0000
0.0000
0.5886
0.0000
0.0000
1.8738
3.6535
0.0000
0.3559
2.4536
0.0000
0.2794
0.0000
0.3494
1.1955
0.0000
0.0000
0.0000
0.1361
3.4139
0.0000
0.0000
0.0000
0.7552
0.3812
0.0000
0.6695
0.0000
0.5857
1.0541
0.0000
0.0000
0.0000
0.0000
0.0000
1.3916
0.0000
0.0000
0.0000
0.0000
0.0000
0.0000
0.0000
0.0000
0.0000
0.0000
0.1174
0.0000
0.3809
0.0000
0.0000
0.0793
0.5491
0.0000
0.0000
0.0000
0.0000
0.0000
0.0000
0.2880
0.0000
0.0000
0.0000
0.0000
0.0000
1.5083
1.1568
0.0000
0.0000
0.0000
1.1013
1.4142
0.2586
0.0000
0.0000
0.0000
0.7038
0.0000
0.0000
0.0000
3.5294
0.0000
0.0000
0.0000
0.0000
0.0000
0.0000
0.5282
0.0000
1.2938
0.2513
0.0000
0.0400
2.4045
0.0000
0.7075
0.0000
0.0000
0.0000
0.0000
2.2814
0.0000
0.0000
0.0000
0.0000
1.3888
0.2226
0.0000
0.0000
0.0000
0.0000
0.0000
0.0412
0.6843
0.0000
0.0000
0.0000
0.0000
0.0000
2.5574
0.0000
1.6144
0.0837
0.0000
1.6123
0.0000
0.8315
0.0000
2.2941
0.0000
0.0790
1.0273
0.0000
0.1550
0.6773
0.8012
0.0000
0.0000
0.2317
0.0000
0.0000
0.0000
0.0000
0.0000
0.0000
2.0032
0.0000
0.0000
0.0000
0.7445
2.8468
0.0000
0.0000
0.0000
0.0000
0.8861
0.0000
0.0000
0.8058
1.5005
0.0000
0.0000
0.4485
0.0893
5.0710
0.7000
0.6809
0.0000
2.4149
0.0000
0.0000
0.0000
0.0000
0.0000
0.0000
0.0000
0.0000
1.8933
1.9198
2.5043
0.7435
0.0000
0.5477
0.0000
0.0000
0.0000
0.0000
0.0000
2.2583
0.0000
0.0000
1.4744
0.0000
0.0000
0.0000
0.8577
0.0000
1.3356
0.4457
0.0000
0.0000
0.1587
0.0000
0.0000
0.0000
0.0000
0.1444
0.1973
1.7921
2.1994
0.0000
0.0000
0.0000
0.0000
0.0000
0.8987
0.0000
0.0000
0.0000
0.0000
0.1442
0.0000
0.8072
0.3033
0.0000
0.0000
0.0000
0.0000
2.3462
1.9967
0.0000
0.0000
0.1212
1.4948
0.0000
0.9954
0.0000
0.0000
0.0000
0.0000
1.4481
0.0000
0.0000
0.0000
0.0000
4.1625
0.5688
0.3566
1.4649
0.0000
0.9440
0.0000
1.9895
0.0000
0.0000
0.4321
1.3282
1.7527
1.2344
0.0000
0.0000
0.0000
0.0000
0.0000
0.0000
0.0000
0.0000
0.3591
0.0938
0.0000
0.0000
0.0000
0.0000
4.5660
0.1567
2.2097
0.0000
0.0000
0.0000
0.0000
0.0000
0.0000
0.7458
0.0000
1.6796
2.2788
0.0000
3.5193
0.9750
0.0000
0.0000
1.1643
1.4989
0.0000
0.0000
0.0000
0.0000
0.0000
0.0646
0.0000
0.0000
0.0000
0.5485
0.0000
0.0000
0.0000
0.0000
0.0000
0.0000
0.0000
1.5920
0.0000
0.0576
0.0000
1.4781
0.0000
0.2080
1.1273
1.4661
0.6609
0.0644
0.0000
2.0520
0.0000
0.0000
0.0000
0.0000
0.0000
0.0000
4.4274
0.0000
0.0000
3.6917
0.1225
1.4079
1.0971
0.0000
1.6014
0.1685
0.0000
0.0000
0.0000
0.0000
0.0000
0.0000
0.5483
1.4437
1.1132
0.0000
0.0000
0.3450
0.0000
0.0000
0.6400
0.0000
0.3748
0.0000
0.0000
0.4530
0.0000
