0.0000
0.0000
0.3347
0.0000
0.0000
0.0000
0.0000
0.0000
0.0000
2.1370
0.0000
0.0000
1.5230
0.0000
0.0000
0.0000
0.0000
0.0000
0.0000
0.0000
0.0000
0.0000
2.5746
0.4035
2.4882
1.6656
0.0000
0.0000
0.0000
0.0000
0.0000
0.0000
1.3244
0.0000
2.8165
0.0000
0.0000
0.0000
1.3753
0.0000
0.0000
0.0000
0.0000
0.0000
0.0000
0.0000
0.0000
0.0000
0.0000
1.2655
0.0000
0.0000
0.0000
0.1248
0.0000
0.0000
0.0000
0.0000
0.0000
0.0000
0.0000
3.2930
0.0000
0.8817
0.0000
0.0000
0.0000
0.0000
0.0000
0.0000
1.0272
3.4079
0.0000
0.0000
0.0000
0.2270
0.0000
0.0000
0.0000
0.0000
0.0000
0.0000
0.0000
0.0949
0.0000
1.9983
0.1675
2.1242
0.3021
0.0000
0.0000
0.0000
0.8618
1.0226
0.2602
0.0000
0.0000
0.0000
3.6683
0.0000
0.0000
0.0000
0.0302
0.0000
0.5022
0.0000
0.0000
0.0000
0.6642
3.8604
0.0000
0.0000
1.2630
0.1385
0.0000
0.0000
0.0593
0.0000
0.0000
0.0000
2.9193
0.9481
2.1115
0.4912
0.0000
0.0000
0.1402
0.9429
0.0000
0.0000
0.0000
0.0000
0.0000
0.0000
1.8751
0.0000
0.3398
1.1519
0.0000
3.1205
2.9356
0.0000
1.0238
2.1784
0.4205
0.0000
0.0000
0.2776
0.4416
0.0000
0.0000
1.6199
0.0000
0.0000
0.0000
0.0000
0.0000
0.7654
0.0000
0.0000
2.1350
0.0000
1.1983
0.0000
0.0000
0.5422
0.0000
0.0000
0.0000
1.2858
0.0000
0.0000
0.0000
0.0000
0.0000
0.0000
0.0000
0.0000
0.0000
4.5089
1.0089
2.7831
0.0000
0.0000
0.0000
0.0000
0.0343
0.0000
2.7888
1.4167
0.0000
0.0000
0.0000
0.2724
0.8336
0.0000
0.0000
1.6647
3.6907
2.2845
0.0000
0.0000
0.0000
0.0000
0.0000
0.0000
0.0000
0.0000
0.0000
0.0000
0.0000
0.0000
0.0000
0.0000
0.0000
0.0000
0.0000
0.0000
0.0000
0.0000
0.0000
0.0000
0.0000
0.0000
1.5720
0.0000
0.0000
1.2494
0.0000
0.0000
0.0000
1.4304
0.0000
0.0000
2.5713
0.0000
1.9548
0.0000
1.3897
0.0000
0.0000
0.0000
0.8260
0.0000
0.0000
0.0000
0.0000
0.0000
0.7208
0.0000
0.0000
0.0000
0.0000
0.2712
0.0000
0.8592
0.0000
0.0000
0.6880
0.0000
0.0000
1.0092
0.0000
1.2630
0.0000
0.0000
0.0000
0.0000
0.0000
0.9188
3.1797
0.0000
0.0000
1.4581
0.0000
0.0000
0.3439
1.6946
0.0000
0.0000
0.4820
0.0000
0.0000
0.0000
0.0000
1.2744
0.0000
0.0000
0.0000
0.0000
0.0000
0.0000
0.0000
0.0000
2.9640
0.0000
0.0000
0.4354
0.0000
1.5293
0.0000
0.0000
0.0000
0.0000
0.2991
0.0000
0.0000
0.0000
0.0000
0.0000
0.0000
0.0000
0.0000
1.0938
2.0431
0.0000
0.0000
0.0000
0.6565
0.2892
0.0000
1.8431
0.0000
0.0000
0.0000
1.0247
0.5487
1.7206
0.0000
1.6939
0.0000
0.0000
0.0000
0.0000
0.0000
0.3420
0.4882
0.0000
0.0000
1.9037
0.0000
0.0000
0.0000
0.0000
0.0000
4.2741
0.0000
0.0000
0.0000
0.0000
0.0000
1.5560
0.0000
0.0000
0.6204
1.0084
0.0000
0.0000
2.0802
0.0000
0.0000
0.0000
0.0000
0.0000
0.0000
1.4728
0.0000
0.0000
0.0000
0.0000
0.0000
1.8479
0.0000
0.0000
0.8446
0.0000
0.0000
0.9716
0.0000
0.0000
3.1981
0.0000
0.2056
0.0000
0.0000
0.0000
1.2826
0.0000
0.0000
0.0000
2.0355
0.0000
0.0000
0.0000
0.0000
2.2235
0.0000
0.0000
0.0000
0.0941
0.0000
0.8591
0.0000
0.0000
0.0000
0.0000
0.0000
0.0000
1.7819
0.0000
0.0000
0.0000
0.0000
1.0958
0.8702
0.0000
0.0000
0.0000
0.0000
0.0000
0.0000
0.0000
2.3046
0.0000
0.0000
0.0000
0.0000
0.5870
0.0000
0.0000
0.0000
0.0000
0.0000
0.0000
0.0000
0.0000
0.0000
0.0000
2.0651
0.0000
3.2790
1.6701
0.1556
0.0000
2.2960
0.7475
0.1924
0.0000
2.8691
2.1334
0.4755
0.0000
0.0000
1.1619
0.0000
0.0000
0.0000
0.2377
0.0000
0.0000
0.9140
0.0000
0.3782
0.0000
0.0000
0.0000
0.0000
0.0000
0.0000
0.0000
0.0000
1.9651
0.0000
0.0000
0.0000
1.2427
0.8576
0.0000
0.0000
0.0000
0.0000
0.0000
0.0000
1.1424
0.0000
0.2195
0.0000
0.9242
0.0000
1.0574
0.0000
0.0000
0.0000
0.0000
0.3037
0.5272
0.0000
0.0000
0.0000
0.0000
0.0000
0.0000
1.2770
0.0000
0.0000
0.2660
0.1551
0.0000
0.0000
1.5583
0.0000
0.0388
0.0000
0.9924
0.0000
0.0000
0.0000
0.0240
3.9686
0.0000
2.9526
2.0651
0.0000
1.4971
0.1596
0.0000
0.0464
0.0184
0.0000
0.0000
0.0523
0.0000
0.9117
0.0000
0.0000
3.0091
0.0000
0.0000
1.0449
0.0000
0.0000
0.0000
0.0000
0.0000
0.0000
0.0000
0.0000
0.0000
0.0000
0.0000
0.0000
0.4572
0.0000
0.0000
0.0000
0.0000
0.0000
0.0000
0.0000
0.0000
0.0000
1.3522
0.0000
0.0000
0.0586
1.8411
0.0000
0.0000
0.0000
0.0000
0.0000
0.0000
0.0000
0.0000
0.0000
0.0000
0.9912
0.3300
0.0000
0.0000
0.1179
0.0000
0.0000
0.0000
0.0000
0.0000
0.0000
1.0352
3.1484
0.0000
0.1011
0.0000
0.0000
0.0000
0.0000
0.0000
0.0000
0.0000
1.9607
0.4400
0.0000
2.8602
0.0000
0.0000
0.0000
1.2310
1.6749
0.0000
0.0000
0.2430
0.0000
0.0000
0.0000
2.7880
0.0000
0.9478
0.5610
0.0000
1.4280
0.0000
0.9288
0.0000
1.2912
0.0000
0.0000
1.7704
0.0000
0.0000
0.0000
0.0000
0.0000
0.0000
0.0000
0.6590
2.0701
2.0387
0.0000
0.8880
0.0000
0.0000
1.2295
0.0000
0.0000
0.0000
0.0000
0.0000
0.0000
0.1342
0.0141
0.0000
0.0000
0.4018
3.8357
0.0000
0.0000
0.0000
0.0000
0.0000
0.0000
0.0000
0.0000
1.1724
0.0000
0.0000
0.0000
0.0000
0.0000
0.0000
0.0000
0.0000
0.5255
0.0000
0.0000
0.0000
0.0000
0.4863
0.0000
0.0000
0.0000
0.0000
0.0000
0.3467
0.0000
0.0000
0.0000
0.5800
0.0000
0.5411
0.0000
2.3254
1.0125
0.0000
4.5732
0.0000
0.0000
0.0000
0.0000
0.0000
0.0000
0.0000
2.1628
0.0000
0.1148
0.5360
0.0000
0.9044
0.0000
0.0000
1.1339
0.6178
0.0000
4.3671
0.2094
0.0000
0.0000
0.0000
0.0000
0.0000
0.0000
0.0000
0.0000
0.0000
1.3980
0.6537
0.0000
0.0000
0.1292
0.0000
0.9456
0.8610
0.0000
0.0000
0.2233
0.7945
0.0000
0.0000
0.0000
0.0954
0.0000
1.2878
0.7248
0.0000
0.0000
1.9470
0.0000
0.0000
0.2123
0.0000
1.0186
0.0000
0.0000
0.3202
0.0000
0.0000
0.6338
0.0000
0.0000
0.0000
0.0000
0.0000
0.0560
0.0000
1.8289
0.0000
0.0000
0.0000
0.0000
0.2410
0.0000
0.0000
0.8257
0.0000
0.0000
0.0000
0.0000
0.0000
0.0000
0.0000
0.5468
1.9646
0.0935
0.2280
0.0000
0.0000
0.0000
0.0000
0.2449
0.1833
0.0000
0.0000
0.0000
0.0000
1.6113
0.5843
0.0000
0.0000
0.0000
0.0000
0.0000
0.0000
0.0000
0.0000
3.3044
0.0000
0.0000
0.0000
0.0000
0.0000
0.0000
0.0000
0.0710
0.0000
0.0000
1.2351
0.0000
0.0000
0.7517
0.0000
0.0000
1.5164
2.8117
0.0000
0.1803
0.0000
0.0000
0.0000
0.0000
0.0000
0.0000
0.0000
1.3380
0.0000
0.0000
0.0000
0.0000
0.0000
0.1013
0.4773
0.0000
0.0000
0.0000
0.0000
0.0000
0.0000
0.0000
0.0000
0.0000
0.0000
0.0000
0.0000
0.0000
0.0000
0.0000
0.0000
0.0000
0.0000
0.0000
0.0000
0.0000
0.0000
0.0925
0.0000
0.0000
1.2794
0.0000
0.0000
0.4403
0.0000
0.0000
0.0000
0.2798
0.0000
1.3803
0.0000
0.0000
0.0000
0.0000
1.6562
0.0000
0.0000
0.0000
0.0000
0.0000
0.0000
0.0000
0.0000
0.0000
0.0000
0.0000
0.0000
0.0066
0.0000
0.9458
0.0000
0.0000
0.0000
0.0000
1.1482
0.1188
0.0000
0.0000
0.0000
0.0000
0.0000
0.0000
0.0000
0.0000
0.0000
0.0000
1.9285
0.0000
0.0000
1.6312
0.0000
0.0000
0.0000
0.0000
1.0552
0.0000
0.0000
0.0000
0.0000
1.6677
0.0000
0.0000
1.7555
2.3581
0.1774
0.0000
0.0000
0.0000
0.0000
0.0000
0.0000
0.0000
0.0000
0.0000
0.1216
0.0000
1.0348
0.0000
0.0000
0.0000
0.0000
1.0391
1.1299
0.0000
0.0000
0.0000
4.8682
0.4428
1.0002
0.0000
0.0000
0.0000
0.0000
2.5057
0.0000
0.0000
1.4503
0.0000
0.0000
0.0000
0.8909
0.7266
0.0000
0.0000
2.1809
0.6716
0.0000
0.0000
0.0000
0.0000
0.0000
0.0000
0.0000
1.4427
0.0000
0.1162
0.0000
0.0000
1.7324
0.0000
0.0000
0.6852
1.9000
0.0000
0.0000
0.0000
0.0000
1.1858
0.0000
0.0000
0.0000
0.0000
0.0000
0.0000
0.0000
0.0000
4.2895
1.5382
0.0000
0.0000
1.1448
0.0000
1.5189
0.0000
0.0000
0.0000
3.0104
0.0000
0.8561
0.0000
3.1464
0.0000
0.0000
0.3591
2.6790
0.4357
0.5938
0.0000
1.7667
1.3422
0.0000
0.0000
1.4021
1.7584
0.0000
0.0000
1.0050
1.1381
0.0000
0.3030
0.0000
0.9117
0.0000
0.0000
0.0000
0.8726
0.0000
0.0000
0.4595
0.0000
0.0000
0.0000
0.0000
1.3258
0.0000
0.3872
0.0000
0.3232
0.0000
0.0000
0.0000
0.0000
0.0000
0.0000
0.0000
0.0000
0.0000
2.3596
0.0000
1.8007
0.0000
0.8983
1.2989
0.0000
0.0000
0.0000
0.0000
1.3325
0.0000
0.0000
0.0000
0.0000
0.0000
0.0114
0.0000
0.0000
0.1527
0.0000
0.0000
0.0000
0.0000
0.0000
0.2703
0.0000
1.6488
0.0000
0.0000
0.0000
0.6917
0.0000
0.0000
1.0261
0.0000
0.0000
1.1677
0.0000
0.9786
0.0000
0.4140
0.0000
0.0000
1.1917
0.0000
0.0000
0.0000
0.0000
1.3487
0.0000
0.0000
1.8068
0.0000
0.3303
0.0000
1.1263
0.0000
0.0000
0.1085
0.0000
0.0000
0.0000
0.0000
1.6061
0.0000
0.1002
0.0000
0.0000
0.0000
0.0000
0.0000
0.0000
0.0000
0.0000
0.0000
0.0000
0.0000
0.0000
0.0000
1.1198
0.0000
0.0000
0.0000
0.0000
0.6587
4.8441
0.0000
0.0000
0.0000
0.1690
1.4330
0.1344
0.0000
0.0000
0.0000
0.0000
0.0000
0.0000
0.4364
0.0000
0.0000
0.0000
0.0000
0.0000
0.0000
1.3026
0.0000
0.0000
0.0000
2.9388
0.0000
0.0000
0.0000
3.4792
1.1177
0.0000
0.0000
0.0000
0.0000
0.0000
0.2153
0.0000
0.0000
0.0000
0.0000
0.0000
0.0000
1.2474
0.0000
1.6483
0.0000
0.0000
0.0000
2.2856
0.0000
0.0000
0.0000
0.0000
0.0000
2.2881
2.0895
0.0000
0.0000
0.0000
0.0000
1.2755
0.0000
0.0000
0.0000
1.4917
0.0000
1.2074
0.0000
0.8524
0.0000
0.0000
0.0000
0.0000
0.0000
0.0000
0.0000
0.6806
4.3118
0.0000
0.0000
0.0000
0.0000
0.0000
0.0000
0.0000
0.0000
0.0000
0.0000
0.0000
0.0000
0.0000
0.0000
0.0000
0.0670
0.0000
0.0000
0.0000
0.0000
0.4689
2.3475
0.0000
0.0000
3.2538
0.0000
0.0000
0.0000
2.5970
0.0000
0.0000
0.0000
0.0000
2.5685
0.0000
0.0000
0.0000
0.0000
0.0000
0.0000
0.0000
0.0000
0.0000
0.0000
0.0000
0.0000
0.0000
0.9403
2.8429
0.0000
0.0000
0.2060
0.3484
0.0000
1.3911
0.9317
0.0000
0.0000
0.3836
0.0000
0.0000
0.0000
1.1247
0.0000
0.0000
0.0000
0.0000
1.2893
0.0000
0.0000
0.0000
0.7519
1.4867
0.0000
0.0000
0.0000
0.0000
0.0000
0.8327
0.0000
0.0000
1.6658
0.0000
0.0000
0.0000
0.0000
0.0000
0.0000
0.0000
0.0000
0.1212
0.2793
0.0000
0.0000
0.0000
0.0000
0.0000
0.6272
0.0000
0.0000
1.9492
0.5727
0.0000
0.0000
0.0000
0.0000
0.0000
0.0000
0.0000
1.9255
1.6944
0.9259
0.0000
0.7148
0.0000
0.0000
0.0000
0.0000
0.0000
0.0000
0.0000
0.0000
0.0000
0.0000
0.0000
0.0000
0.0000
0.0000
0.0000
0.0000
0.0000
0.0000
0.0000
1.1622
0.0000
0.7245
0.0000
0.0000
0.8942
1.9980
0.0000
0.0000
0.0000
0.0000
2.3173
2.6076
0.0000
1.5053
0.0000
0.0000
0.0000
0.0000
0.0000
0.5748
0.7443
0.0000
0.0000
0.0000
0.8497
1.0258
0.5585
0.0000
0.0000
0.7041
0.0000
0.0000
0.0000
0.0000
1.8434
0.0000
0.0000
1.0480
0.9278
1.8908
2.3854
3.1325
0.0000
0.0000
0.0000
0.0000
0.0000
0.9422
0.7187
1.1833
0.0000
0.0000
0.0000
0.0000
1.2092
0.0000
0.0000
0.0000
0.0000
1.7351
0.3756
0.0000
0.0000
0.0000
0.0000
0.0000
1.0316
1.3309
0.0000
3.7817
0.0000
0.0000
1.0794
1.2572
0.0000
0.0000
0.0000
0.1498
0.0000
0.0000
0.2108
0.0000
0.0000
0.0000
0.0000
0.0000
0.6528
0.0000
0.0000
1.4561
0.0000
3.2621
0.0000
0.0000
0.0000
0.0000
0.0000
0.0000
0.0000
0.6951
0.0000
0.0000
0.0000
0.0000
1.3162
2.0245
0.0000
0.0000
0.0000
0.0000
0.0000
0.0000
0.0000
0.0000
0.0000
0.0000
0.5574
0.0000
1.9780
0.0000
3.0708
0.0000
0.0000
0.0000
0.0000
0.0000
0.0000
0.0000
4.0246
2.6594
0.0000
1.2600
0.0000
0.0000
0.0000
0.3285
0.0000
1.2947
0.0000
0.0000
0.0000
0.0000
0.0000
0.0000
0.0000
0.1140
0.0000
0.6894
0.0000
0.0000
0.0000
0.0395
0.0000
0.0000
2.3483
0.6571
0.8699
0.0000
0.0000
0.0000
0.0000
3.4219
1.2290
1.1062
0.0000
0.0000
0.0000
0.1160
0.0000
0.0000
0.6382
1.6572
0.0000
2.1672
0.0000
0.0000
0.0000
0.0000
0.0000
0.4137
0.4783
0.2628
0.0000
0.0000
0.0000
0.0000
0.0000
0.0000
0.0000
0.9203
0.0000
0.0000
0.0000
2.1116
0.0000
0.0000
0.0000
0.0000
0.5189
0.0000
0.0000
0.0000
0.0579
2.5898
0.0000
1.7166
0.0000
0.0000
0.0000
0.0111
1.1737
0.2777
0.0000
0.0000
0.0000
0.0000
0.0000
2.9749
0.0606
0.0000
0.0000
0.0000
0.0000
0.0000
0.0000
0.0000
0.0000
0.0000
0.0000
0.1456
0.0000
0.0000
0.2422
0.4354
0.4430
0.0000
3.0728
0.0000
0.0000
0.0000
0.0000
3.8241
1.2261
0.0000
0.6770
1.5839
0.0000
2.0921
0.0000
0.0000
0.0000
0.0000
0.0000
0.0000
0.0000
0.0000
0.0000
0.7663
0.0000
0.0000
0.8281
0.5298
1.0171
0.0000
2.9824
0.0000
0.0000
0.0000
0.0000
0.2437
0.0000
0.0000
0.0000
1.3091
0.4175
0.0000
0.6182
0.0000
0.0000
0.0000
0.0000
0.0000
0.0000
0.0000
0.1475
0.0000
0.0000
0.0000
0.0000
0.0000
0.0000
0.4426
0.5749
0.0000
0.0000
0.0000
0.0000
0.0000
0.0000
1.7365
1.3529
1.0861
1.1601
0.0000
0.0000
0.0000
2.0512
1.6266
2.2990
0.0000
0.0000
0.0000
0.0000
0.0000
0.9864
0.0000
0.9355
0.0000
1.1494
0.5237
0.0000
0.0000
0.0000
0.2605
0.0000
0.0000
0.0000
0.0000
0.0000
0.0000
1.0127
0.0000
0.0000
0.0000
0.0000
0.0000
0.0000
0.0000
0.0000
0.0000
0.2806
0.0000
0.0000
0.0000
0.0000
0.8921
0.0000
0.1088
0.0000
0.0000
0.5353
1.8719
0.0000
0.0000
0.0000
0.0000
0.0000
1.1436
1.1298
2.2073
0.0000
0.6101
0.0000
1.2670
0.0000
0.1427
0.0000
0.0000
0.4408
0.0000
0.0000
0.0000
0.0000
0.0000
0.0000
0.0000
0.0000
1.7564
0.0000
3.0653
0.0000
1.3773
0.0000
0.0000
0.0000
0.0000
0.0000
2.2115
2.5357
0.2076
3.9514
0.0000
0.0000
0.0000
1.2289
0.0000
0.0863
1.1056
1.4381
0.0000
0.0000
0.2310
1.2641
0.0681
0.0000
0.0000
0.1986
0.5450
0.0000
0.0000
0.0000
0.0000
0.0000
0.0000
0.7183
0.0000
4.1686
0.0000
0.0000
1.9306
0.0000
1.7978
0.0000
0.0000
0.0000
0.5928
0.0000
0.0000
0.1845
0.0000
0.0000
0.0000
2.0681
0.0000
1.3644
0.0000
0.0000
0.0000
0.0000
0.0000
0.0000
0.0000
0.9953
2.2165
0.0000
1.5250
1.7717
0.0000
0.5130
3.0491
0.0000
0.0000
0.0000
0.0000
0.6096
0.0000
0.0000
0.0000
0.0000
0.0000
0.0000
0.0000
0.0000
2.2925
0.0000
0.0000
0.0000
0.0000
2.9334
0.0000
4.5611
0.1192
0.0000
0.0000
0.0000
0.0000
0.0000
0.0000
0.0000
0.0000
0.0000
1.1950
0.0000
0.0000
0.0000
0.0000
0.0000
0.0000
0.0000
0.0000
0.0000
0.0000
0.1026
0.1937
0.0000
1.0445
0.0000
0.6739
0.0000
0.0000
0.0000
0.0000
0.5667
0.0587
0.4563
0.0000
0.0000
0.4802
0.0000
0.9375
0.0000
0.0000
0.0000
0.5799
0.0000
0.0000
0.0000
0.0000
0.2954
0.0000
1.8573
0.0000
0.7060
0.0000
0.2950
0.0000
0.0000
0.0000
0.0000
0.0000
0.0000
0.0000
0.0000
0.0000
0.6808
0.1191
0.0000
0.0000
0.0000
2.8556
0.0000
0.0000
0.0000
0.0000
0.4036
0.0000
1.6855
1.1288
0.0000
0.0000
0.0000
1.7694
0.0000
0.0036
0.0000
0.0000
0.0000
1.7980
0.0000
0.0000
0.0000
0.5823
1.2671
2.0769
0.0000
2.8137
0.1126
0.0000
0.2627
0.0000
4.1608
0.0000
0.1251
0.0000
0.0000
0.0000
0.0000
0.0000
0.1018
0.0000
1.0634
0.0000
0.5496
0.0000
0.0000
0.0000
0.0000
0.0000
0.0000
0.0000
0.0000
2.6360
0.0000
0.0000
1.1279
2.3504
0.9985
0.0000
0.0000
0.0000
0.0000
0.0000
0.0000
0.0000
3.9640
0.0000
0.0000
0.7958
1.9321
0.0000
0.0000
2.2306
0.1714
0.7055
0.0000
1.2383
2.8028
0.0000
0.0000
0.0000
0.0000
0.0000
0.0000
0.0000
0.0000
0.0000
0.0000
0.5316
0.0000
2.0324
0.0000
0.0000
0.0000
0.0000
0.0000
0.0000
0.0000
0.0000
0.9468
1.0991
0.0000
0.0000
0.0000
0.0000
0.0000
0.0000
1.4087
0.0000
0.0000
0.8949
0.0000
4.4919
1.2228
0.0000
0.0000
0.0000
0.0000
0.0000
1.7091
0.3443
0.0000
0.0000
0.0000
0.0000
0.0000
0.0000
0.0000
0.0000
0.0000
0.0000
0.0000
1.1194
0.0000
0.0000
0.0000
0.9251
0.0000
1.5843
0.0000
0.0000
0.0000
0.4087
0.3271
1.4592
0.0000
0.0000
0.0000
1.2928
0.0000
0.0000
0.5788
0.4352
0.0000
0.0000
0.8959
0.0000
0.0000
0.0000
0.0000
0.0000
0.0000
0.0000
3.2906
0.0000
1.3197
0.0000
0.0000
0.0000
0.0000
0.0000
1.3482
0.0000
0.0000
0.0000
0.0000
0.0000
0.0000
0.0000
0.0000
0.0000
0.0000
0.0423
0.0000
0.9911
0.0000
0.0000
0.0000
0.0000
1.8709
0.0000
0.0000
0.0000
0.0000
0.5022
0.0000
0.0000
0.0000
0.0000
0.0000
1.2817
0.0000
0.0951
0.0000
0.0781
0.0000
0.0000
0.0000
0.0000
0.0000
1.3985
0.0000
0.4989
0.0000
2.0606
0.0000
3.0390
0.0000
0.2690
0.0768
0.0000
0.0000
0.6736
0.0000
0.0410
0.5972
0.0000
1.9635
0.0000
0.0000
0.0000
0.0963
1.8453
0.0000
0.0000
0.0000
0.0000
0.0000
0.0000
0.0000
0.0000
0.0000
0.0000
0.0000
0.0000
0.0000
0.0000
0.5732
1.4404
2.1222
0.0000
0.6643
0.0456
1.1374
0.0000
0.0000
0.0000
0.0000
2.6269
1.8139
0.4677
0.0000
0.0000
0.0000
1.8340
0.0000
0.0000
0.0000
0.0000
0.0000
0.0000
0.0000
0.0000
0.0000
0.0000
0.0000
0.0000
2.7250
0.0000
0.0000
0.0000
0.0000
0.0000
0.1459
0.0000
0.0000
0.0000
0.6206
0.2712
0.0000
0.1905
0.8418
1.2663
0.0000
0.0000
0.0000
0.0000
0.0000
0.0000
0.0000
0.0000
0.0894
0.0448
0.0000
0.0000
0.0000
0.0000
0.0000
0.0000
0.7522
0.0000
0.0000
0.0000
0.0000
0.0000
2.4242
0.0000
0.0000
0.0000
0.0000
0.0000
0.0000
1.6931
0.0000
0.0000
0.0000
1.0851
1.0327
0.0000
0.4749
0.0000
0.0000
2.6081
0.0000
0.5893
0.0000
0.0000
0.0000
0.0000
0.6527
0.0000
0.7789
0.0000
0.0000
0.0000
0.0000
0.0000
0.0000
0.0000
0.0209
0.0000
0.0000
0.0000
0.0000
0.0747
0.0000
0.0000
0.0000
0.0000
0.0000
0.0000
0.0000
0.0000
0.0000
0.0000
0.0000
0.0000
0.2368
0.0000
0.0000
0.9629
0.0000
0.0000
1.2489
0.0000
2.9364
0.0000
0.0000
0.0000
0.0000
0.0000
0.0000
0.0000
0.0000
0.0000
0.0822
0.0413
0.0000
0.0000
0.0000
0.0000
0.0000
2.6313
0.0000
0.0000
0.0000
0.0000
0.4234
0.3048
0.0000
0.0000
0.0000
0.0000
0.0000
0.0000
1.0495
0.0000
0.0000
0.0000
0.8817
0.0000
0.0000
1.1068
1.8524
0.0000
0.0000
0.0000
0.8299
0.8222
0.6740
0.0000
0.0000
0.0000
1.9206
4.5614
0.0000
0.0000
0.8804
0.0000
0.0000
0.0000
0.0000
0.0000
0.0000
0.0000
0.0000
0.0000
0.0000
0.0000
0.0000
0.0000
0.0000
0.0000
0.0000
0.0000
0.6892
0.8411
0.0000
0.9064
0.0000
0.0000
0.5774
0.0000
0.0000
0.8994
0.0000
0.0788
2.2936
0.0000
0.0000
0.0000
3.6558
0.0000
0.5171
0.0000
1.6893
0.0000
0.0000
0.4807
0.0000
0.0000
0.0000
0.0000
0.0000
1.3114
0.2709
0.0000
2.6338
0.0000
0.0000
0.0000
0.0000
1.3517
0.0000
0.0000
0.0000
0.0000
0.0000
0.0000
0.2585
0.3480
0.9095
0.0812
0.0000
0.8156
1.0318
0.0000
0.0000
0.0000
0.0000
1.9564
0.0000
0.0000
0.0000
0.0000
0.4444
0.0000
0.0000
3.1277
0.0000
0.7132
2.9793
0.0000
0.0000
0.0000
0.0000
0.0159
0.0000
1.4119
0.0000
0.0000
0.1296
0.0000
0.0000
0.9879
0.2878
0.0000
0.0000
0.0000
0.0000
0.0000
0.1306
0.0000
0.8858
0.0000
0.0000
0.0000
0.0000
0.0000
0.0000
2.0162
0.0000
1.4831
0.0000
0.0000
0.0000
2.9418
2.9255
0.0000
0.0000
0.6546
0.0913
0.0000
0.0000
0.0000
0.0000
0.3834
0.0000
0.0000
2.3811
1.9945
0.0000
0.0000
0.0000
2.8216
0.0000
0.0000
0.0000
0.8758
0.0000
0.0000
0.0000
0.0000
0.0000
0.3452
0.0000
0.4883
0.0000
0.8471
0.0000
0.0000
0.0000
0.6718
1.9503
0.0000
0.0000
0.0000
0.0000
0.0000
0.0000
0.0000
0.4387
0.0000
1.4805
0.0000
0.0000
0.0000
1.7149
0.0000
1.8031
0.0000
0.0000
0.7933
0.0000
0.2375
1.7436
1.0482
0.0000
0.0000
0.0000
0.0000
0.0000
0.0000
0.0000
0.0000
0.0000
0.5515
0.0000
0.0000
0.0000
0.4385
0.3639
0.0000
0.0000
0.0000
0.6510
0.0000
0.0000
0.0000
0.0000
0.0000
0.0000
0.1772
0.0000
0.4653
0.0000
0.0000
0.0000
0.0000
0.0000
0.0000
0.3790
0.0000
0.0000
1.7705
0.0000
0.0000
1.8016
0.0000
0.0000
0.0000
0.0000
1.5865
0.0000
0.0000
0.0000
0.0000
0.0000
0.0000
0.0000
0.0000
0.3671
3.3243
0.0000
0.0000
2.0008
0.0000
0.9571
0.0000
0.0000
2.1052
0.0000
0.0000
0.3799
0.3377
1.2995
0.7414
0.0000
5.7406
0.1974
0.0000
0.0000
0.0000
1.8979
0.0000
3.0934
0.0000
0.0000
0.0000
0.0000
0.0000
1.6220
0.0000
0.0000
0.2873
0.0000
0.0000
0.0000
1.6425
0.7755
0.0000
0.0000
1.1421
0.0000
0.0000
0.1151
0.0000
0.0000
2.1041
0.0000
0.0000
0.0000
0.0000
0.0000
0.2760
2.9511
1.6472
4.8229
0.0000
1.8130
3.9271
0.7922
0.0000
0.0000
0.0000
0.0000
0.1729
1.0869
0.0000
0.0000
2.4743
0.0000
0.0000
0.0000
0.0000
0.0368
0.2016
0.0000
1.9983
0.0000
0.0000
0.0000
1.6944
0.0000
0.0000
0.0498
0.0000
0.0000
0.0000
0.0000
1.0798
0.0000
0.0000
2.6984
0.0000
0.3632
0.0000
0.0000
0.0000
4.4244
0.0000
0.0000
0.0000
0.0000
0.0000
0.1101
0.0000
0.0000
0.0000
2.9470
0.8693
0.0000
0.0000
0.0000
0.0000
0.0000
2.2850
0.0000
0.0000
0.0000
0.0000
0.0000
0.0000
0.0000
0.0000
0.0000
0.0000
2.3640
0.0000
0.0000
0.0000
0.0000
0.0000
0.0000
0.0703
1.2982
0.3880
0.0000
0.0000
0.0000
1.0135
0.0000
0.0000
0.0000
0.0000
0.2843
0.0000
1.9657
0.0000
0.0000
3.6438
0.0000
0.0000
1.2487
0.0000
0.0000
0.0000
0.0000
0.0000
0.0000
0.0000
0.0000
0.0000
1.5173
0.0000
0.0000
0.0000
2.7929
0.0000
2.4481
1.5107
0.0000
0.0000
0.0000
0.0000
0.0000
0.0000
1.0665
0.0000
0.0000
0.0000
0.0000
0.5767
0.0000
0.0000
0.0000
0.0000
0.0000
0.0000
1.1014
0.6200
0.0000
0.0000
1.2857
0.0000
0.0000
0.0000
0.0000
0.0000
0.0000
0.0000
0.0000
0.0000
0.6092
0.4554
0.0000
0.0000
0.0000
0.0000
0.0000
0.0000
0.1291
1.2792
0.0000
0.0000
2.4545
0.0000
1.4180
0.0000
0.0000
0.0000
0.0000
0.2579
2.1007
0.0000
0.0000
0.0000
0.0000
0.2036
0.0000
0.8745
3.1825
0.0000
0.0000
0.0167
0.0000
3.2030
0.0000
0.0000
0.0000
0.0000
0.0000
0.0000
0.0000
0.0000
0.0000
0.0000
0.0000
0.0000
0.4194
2.2149
0.0000
0.0000
0.1435
0.0000
0.0000
0.5297
0.0000
0.0000
0.0000
0.0000
3.5967
1.5873
0.0000
0.0000
0.5053
0.0000
0.0000
0.8160
1.0017
0.0000
0.0000
1.5075
2.0853
0.0000
0.0000
0.0000
0.0000
0.0000
0.0000
0.0000
0.1437
0.0000
0.0000
8.1458
0.0000
0.2697
0.0000
1.1898
0.0000
0.0000
0.0000
0.0000
0.0000
0.0000
0.0000
0.0000
0.0000
0.0000
0.2594
0.7940
0.0000
0.0000
0.0000
0.0000
0.0000
0.0000
0.0000
0.0000
0.0000
0.1547
0.0000
0.0000
0.0000
0.2591
0.0000
0.6231
2.8607
0.0000
0.0000
0.0000
0.0000
0.0000
0.0000
0.0000
0.4227
0.0000
0.0000
0.0000
0.0000
0.0000
0.0000
0.0000
0.0000
1.0383
0.0000
2.1625
0.0000
0.0000
1.7045
0.0000
0.0000
0.0000
0.0000
0.0000
0.0000
0.4373
1.4933
0.4828
0.0000
0.0000
2.3989
0.0000
0.2213
0.0000
0.0000
0.0000
2.2395
0.0000
0.0000
0.0000
0.0000
0.0000
0.0000
0.0000
0.0000
0.0000
0.0000
1.4381
0.0000
1.2411
0.0000
0.0000
0.0000
0.0000
0.0000
0.5038
0.0000
0.5559
0.0000
1.1467
2.2165
0.0000
2.1671
0.0000
0.0000
1.6037
1.0038
0.0000
0.0000
1.3396
0.0000
0.2784
0.0000
0.0000
0.0000
0.0000
0.0000
0.0000
0.0000
0.0000
0.2571
0.0000
3.8363
0.0000
4.3837
0.0000
0.0000
1.0313
0.0687
1.5511
0.0000
0.0000
0.0000
0.0000
0.0000
0.0000
0.0000
2.0471
0.0000
0.0000
0.8915
0.0000
0.0000
2.4104
0.0000
0.0000
2.6253
0.0000
0.9536
0.0000
1.6161
0.0000
0.0000
3.1803
0.0000
0.0000
0.0000
0.0000
0.0000
0.5799
0.0000
0.0000
0.0768
0.0000
0.0000
0.0000
0.0000
0.0000
0.0000
1.0618
0.0000
0.0000
0.0000
0.0000
0.0000
0.8251
0.2273
0.0000
0.0000
0.0000
0.0000
0.5419
0.3718
0.8391
0.0000
0.0000
0.0000
0.0000
0.0000
0.0000
0.0000
3.4612
0.0000
0.0000
1.9924
0.0000
0.0000
0.0903
1.2683
0.0000
0.0000
0.0000
0.3367
0.0000
0.0000
0.8055
0.0000
0.0000
0.3372
1.6169
0.0000
0.0000
0.0000
0.5201
0.0000
0.0000
1.3603
0.1878
0.0225
0.0000
0.0000
0.0000
0.8383
0.0000
0.0000
0.0000
0.0000
0.0574
0.0000
0.0000
0.0000
0.0000
0.3461
0.0000
0.0000
0.0000
2.4244
0.0000
0.2251
0.0000
4.6250
0.0000
0.0941
0.0074
2.2331
0.0000
0.0000
0.0000
0.0000
0.0000
0.0000
0.1794
0.0000
0.0000
0.0000
0.0000
0.0000
0.0000
0.0000
0.0000
0.0000
0.0000
0.0000
0.2932
0.0000
0.0000
0.0000
1.9963
0.0000
0.0000
0.0000
1.7611
0.0000
0.0000
0.0000
1.2038
0.0000
0.0000
0.0000
0.0000
0.0000
0.0000
0.0000
0.0000
0.0000
0.3749
0.0000
0.0000
0.0000
0.0000
0.0000
0.0000
0.0000
0.7358
0.0000
0.6592
0.0000
0.0000
0.0000
0.2025
2.3559
0.0000
0.0000
0.0000
0.0000
0.0000
0.8199
0.0000
0.7415
0.0000
0.0000
3.2443
0.0000
0.0000
0.0000
0.0000
0.0000
0.0000
0.0000
0.0000
1.4162
0.0000
0.0000
0.0000
0.0000
0.0000
1.0081
1.8360
0.0000
1.3525
0.0000
0.0000
0.0000
2.0449
1.2940
1.3661
0.0000
0.0000
0.0000
0.0000
0.0000
0.0000
2.5595
0.0000
0.2709
0.2809
0.0000
0.0000
0.0000
0.0000
0.0000
0.0000
0.0000
0.0000
0.0000
0.0000
0.0000
0.0000
0.0000
0.8742
0.0546
0.0000
0.7557
0.0000
0.0000
1.0205
0.0000
0.0000
0.0000
1.9377
0.0000
1.2636
0.0000
1.3339
0.0000
0.3335
0.0000
0.0000
1.8101
0.0000
0.0000
0.0000
0.0000
1.7269
0.0000
0.0000
0.0000
0.0000
0.8061
0.0000
0.0000
0.0000
0.0000
0.0000
0.0000
0.0000
0.0000
0.0000
0.0000
2.2059
0.0000
0.0000
0.0000
0.0000
0.0000
0.7288
2.1141
0.0000
0.0000
0.0000
1.2345
0.0000
0.0000
0.1223
0.0000
0.0000
0.0000
0.0000
1.0210
0.0000
0.0000
0.0000
0.0000
0.0000
0.0000
0.0000
0.0000
0.0000
0.0000
0.0000
0.0000
0.5155
0.0000
0.0000
0.0000
0.0000
2.2404
0.0000
3.9343
0.0000
0.0000
0.0000
0.0000
0.0000
0.0000
0.0000
0.1954
0.0000
0.0000
0.0913
0.0000
0.0000
0.0000
0.0000
0.0000
0.0000
1.6076
0.2032
0.0000
0.4808
0.0000
0.2662
1.9655
0.0000
0.0000
0.0000
0.0000
1.9008
0.3896
0.0000
0.0000
1.1563
1.4677
2.1712
0.0000
0.0000
0.0000
0.0953
0.0000
0.0000
0.0000
1.7771
0.0000
2.3353
0.0000
0.0000
0.0000
0.2543
0.0000
0.4087
0.0000
2.0736
1.7995
0.0000
0.0000
2.1402
0.0000
0.0000
0.0000
0.6608
0.0000
0.0000
0.0000
0.0000
1.6295
0.0000
1.9299
1.6081
1.5547
0.0000
0.0000
0.0000
1.1765
0.4411
0.0000
0.0000
0.0000
0.0000
0.0000
0.0000
3.8603
1.0934
0.0000
0.0000
0.0000
0.0000
0.3694
0.5875
0.0000
0.3196
0.0000
0.0000
0.0000
0.0000
0.5277
3.3988
0.0000
0.0000
0.0000
0.0000
4.0489
0.8456
0.0000
0.0000
0.0000
0.0000
0.0000
1.3284
0.0000
0.0000
3.6006
0.0000
0.0000
0.0000
0.0000
0.5119
1.1115
0.4506
0.0000
0.0000
0.0000
0.2925
2.7283
0.0000
0.0036
0.0000
0.0000
0.0000
0.0000
3.5226
0.0000
1.4918
0.0000
0.0000
0.7469
0.0000
0.0000
0.0000
0.0000
1.5818
0.0000
3.5999
0.0000
0.0000
0.0000
0.0000
0.0000
0.0000
0.0000
1.2412
1.3362
0.0000
0.0000
0.0000
0.0000
0.0000
0.7404
1.6841
4.8718
0.0000
0.0000
0.0000
0.0000
0.5245
0.0000
0.0000
0.0000
0.0000
0.0000
0.6008
0.0000
0.2210
0.6271
0.0000
0.0000
0.0000
0.0000
0.0000
0.0000
1.1944
0.0000
0.0000
0.0000
0.0000
0.0000
0.5969
0.0000
3.9676
0.0000
0.0000
0.0000
0.0000
0.0000
0.0000
0.0000
0.0000
0.0000
1.7182
1.9704
0.0000
0.0000
0.0000
0.0000
3.6464
0.0000
0.7552
1.4923
0.0118
0.0000
0.0000
0.0000
0.0000
0.0000
0.0000
3.8412
0.0000
0.0000
0.0000
0.0000
0.0000
0.0000
0.0000
0.0481
0.0000
0.0000
1.3590
2.5886
0.0000
2.2843
2.5514
0.0000
0.7288
0.0000
0.0000
1.1452
0.0000
0.0000
0.0000
0.0000
0.0000
0.0000
0.8636
0.0000
0.0000
0.0000
0.3481
0.0000
0.0000
0.4947
0.0000
0.0000
0.0000
0.0000
0.0000
3.1280
0.0000
0.0000
0.0000
0.0000
0.0000
0.6749
0.0000
0.0000
0.0000
0.0000
0.0000
0.0000
2.0607
0.0000
3.6089
0.0000
0.0000
0.0000
0.0002
1.3043
0.0000
1.5385
0.0000
0.0000
0.0000
0.7292
0.6652
0.0000
0.0000
0.0000
0.0000
0.0000
1.5464
0.0000
0.0000
0.0000
0.0000
0.0000
0.0000
0.0000
0.1161
1.6169
0.0000
1.0290
2.2010
2.8650
0.7897
0.0000
0.0000
0.0000
1.2683
0.0000
0.0000
0.0000
0.0000
0.0000
0.6730
0.5885
0.0000
0.0000
1.8895
0.0361
0.7499
0.0000
0.0000
0.0000
0.0000
0.0000
2.8805
0.0000
0.0000
0.0000
0.0000
0.0000
0.0000
2.9246
0.0000
0.0000
0.0000
0.7406
1.2445
0.1708
2.6526
0.0000
0.0000
0.0000
0.2044
3.4310
0.0000
0.0000
0.0000
1.4275
0.0000
1.5300
0.0000
0.0000
0.0000
0.0000
0.0000
0.0000
0.0000
0.0000
0.7208
0.0000
0.0000
0.0000
0.7015
0.9072
0.0000
3.0851
0.0000
0.0000
0.0000
0.0000
0.0000
1.3201
0.0000
0.0000
0.0000
0.2748
0.0000
1.4460
0.0000
0.0000
0.0000
0.0000
0.0000
1.6685
0.0000
0.0000
0.0000
0.0000
0.0000
0.0000
0.0000
0.0000
1.0941
0.0000
0.0000
0.0000
0.0000
0.0000
0.0000
1.1855
0.0000
0.3513
0.0000
0.0000
0.0000
0.0000
0.0000
0.0000
0.0000
0.1723
0.0000
0.0000
0.2173
0.0000
0.0000
2.2461
0.0000
0.0000
0.0000
0.0000
0.0000
0.0000
2.2258
0.0000
0.0000
0.0000
0.0000
0.0000
0.0000
0.1016
0.0000
0.0000
0.0261
0.0000
1.8957
0.0000
0.0000
0.0000
1.3898
0.2556
0.0000
0.0000
0.0000
0.0000
1.6977
0.0000
0.0000
0.0000
0.0000
0.0000
3.8840
0.0000
0.0000
2.0708
0.0000
0.0000
0.0000
0.0000
0.4370
0.0000
0.0000
0.1582
0.0000
0.0000
0.2142
4.8563
0.4891
0.0000
1.6126
0.0000
2.0461
0.0000
0.0000
1.2538
0.0000
0.0000
0.0000
0.0000
2.1544
0.0000
0.0000
0.0000
0.0000
0.0000
0.0000
0.0000
0.0000
0.0000
0.9739
0.0000
0.0000
0.0000
0.0000
1.3720
0.8789
0.0000
0.0000
0.0000
0.0000
0.0000
0.0000
0.0000
0.0894
0.0000
0.0000
0.0000
0.0000
0.0000
0.0258
0.0000
0.0000
0.0000
0.0000
0.0000
0.0000
0.0000
0.0000
0.0000
0.0000
0.0000
0.0000
0.0000
0.0000
0.0000
1.0966
0.3282
0.0000
0.0000
0.0000
1.2393
0.1595
0.0000
0.0000
0.0000
1.2514
1.6839
0.0000
0.0000
0.0000
3.3345
0.2099
0.1172
0.0000
0.0000
0.0000
0.0000
0.1269
0.0000
2.1715
0.0877
0.0000
0.0000
3.3054
0.0000
0.4049
0.0000
0.0000
0.0000
0.0000
1.9855
0.0000
0.0000
0.0000
0.0000
0.7120
0.0000
0.0000
0.0000
0.0973
0.0000
0.0000
0.6731
0.0000
0.0000
0.0000
0.0000
0.0000
0.0000
3.9720
0.0000
1.5358
0.0000
0.0000
1.5947
0.0000
0.0000
0.0000
2.4701
0.0000
0.0000
2.5563
0.0000
0.0000
0.0000
0.0000
0.0000
0.0000
0.0000
0.0000
0.0000
0.0000
0.9487
0.0000
0.0000
2.5104
0.0000
0.0000
0.0000
0.7757
0.9815
0.0000
0.0000
0.0000
0.0000
3.0148
0.0000
0.0000
0.6726
3.0883
0.0000
0.0000
0.8664
0.0000
4.5454
0.0000
2.1481
0.0000
0.2734
0.0000
0.0000
0.0000
0.0000
0.0000
0.0000
0.0000
0.3347
1.2532
1.3212
3.3427
0.0775
0.0000
0.5295
0.0000
0.0000
0.0000
0.0000
0.0000
2.8799
0.0000
0.0000
1.6404
0.0000
0.0000
0.0000
1.2332
0.6118
0.0565
0.0000
0.0000
0.0000
1.0230
0.0000
2.8638
0.3938
0.0000
0.0000
0.7329
0.3100
1.7970
0.1075
0.0000
0.0000
0.0000
0.0000
0.0000
0.7790
0.0000
0.0000
0.0000
0.0000
0.9872
0.2925
0.0000
0.0000
0.0000
0.0000
0.0334
1.1017
2.1016
0.0000
0.0000
0.0368
2.3674
0.0000
0.7840
0.0000
0.0000
0.0000
0.0000
0.8989
0.0000
0.0000
1.0475
0.0000
3.0867
1.3559
0.0000
0.8730
0.3093
0.0000
0.1284
1.3679
0.1786
0.1346
0.0000
0.0000
1.0742
0.7495
0.0000
0.0000
0.0000
0.0000
0.0000
0.1160
0.0000
0.0313
1.4821
0.0000
0.0000
0.0000
0.0000
0.0000
3.7178
0.0000
0.0000
0.0000
1.1834
0.0000
0.0000
0.0000
0.0000
0.8692
0.0000
0.0000
1.2400
0.0000
2.1593
0.8901
0.0000
0.0000
0.0000
2.7665
0.0000
0.0000
0.0000
0.0000
0.0000
0.0000
0.0000
0.0000
0.0000
0.2855
0.0000
0.0000
0.0000
0.0000
0.0000
0.0000
0.0000
0.0000
0.2953
0.0000
0.0000
1.4830
0.0000
0.5330
0.6212
0.0000
1.7020
0.0000
0.0000
2.3538
0.0000
0.0000
0.0000
1.7834
0.4582
0.0000
4.9995
1.3536
0.0000
4.1156
0.0000
1.3476
0.0000
0.0000
0.2332
1.1985
0.0000
0.0000
0.0000
0.0000
0.0000
0.0000
0.0000
2.7340
0.3165
0.0000
0.0000
0.5849
0.0000
0.0000
0.4232
0.0000
0.0000
0.0000
0.0000
0.0000
0.0000
